|||;26726,26726,26726,26726,0,0,0,0,1.192815823534
|||;26726,26726,26726,26726,0,0,0,0,6.192815823534
|||;26726,26726,26726,26726,0,0,0,0,11.192815823534
|||;26726,26726,26726,26726,0,0,0,0,16.192815823534
|||;26726,26726,26726,26726,0,0,0,0,21.192815823534
|||;26726,26726,26726,26726,0,0,0,0,26.192815823534
|||;26726,26726,26726,26726,0,0,0,0,31.192815823534
|||;26726,26726,26726,26726,0,0,0,0,36.192815823534
|||;26726,26726,26726,26726,0,0,0,0,41.192815823534
|||;26726,26726,26726,26726,0,0,0,0,46.192815823534
|||;26726,26726,26726,26726,0,0,0,0,51.192815823534
|||;26726,26726,26726,26726,0,0,0,0,56.192815823534
|||;26726,26726,26726,26726,0,0,0,0,61.192815823534
|||;26726,26726,26726,26726,0,0,0,0,66.192815823534
|||;26726,26726,26726,26726,0,0,0,0,71.192815823534
|||;26726,26726,26726,26726,0,0,0,0,76.192815823534
|||;26726,26726,26726,26726,0,0,0,0,81.192815823534
|||;26726,26726,26726,26726,0,0,0,0,86.192815823534
|||;26726,26726,26726,26726,0,0,0,0,91.192815823534
|||;26726,26726,26726,26726,0,0,0,0,96.192815823534
|||;26726,26726,26726,26726,0,0,0,0,101.192815823534
|||;26726,26726,26726,26726,0,0,0,0,106.192815823534
|||;26726,26726,26726,26726,0,0,0,0,111.192815823534
|||;26726,26726,26726,26726,0,0,0,0,116.192815823534
|||;26726,26726,26726,26726,0,0,0,0,121.192815823534
|||;26726,26726,26726,26726,0,0,0,0,126.192815823534
|||;26726,26726,26726,26726,0,0,0,0,131.192815823534
|||;26726,26726,26726,26726,0,0,0,0,136.192815823534
|||;26726,26726,26726,26726,0,0,0,0,141.192815823534
|||;26726,26726,26726,26726,0,0,0,0,146.192815823534
|||;26726,26726,26726,26726,0,0,0,0,151.192815823534
|||;26726,26726,26726,26726,0,0,0,0,156.192815823534
|||;26726,26726,26726,26726,0,0,0,0,161.192815823534
|||;26726,26726,26726,26726,0,0,0,0,166.192815823534
|||;26726,26726,26726,26726,0,0,0,0,171.192815823534
|||;26726,26726,26726,26726,0,0,0,0,176.192815823534
|||;26726,26726,26726,26726,0,0,0,0,181.192815823534
|||;26726,26726,26726,26726,0,0,0,0,186.192815823534
|||;26726,26726,26726,26726,0,0,0,0,191.192815823534
|||;26726,26726,26726,26726,0,0,0,0,196.192815823534
|||;26726,26726,26726,26726,0,0,0,0,201.192815823534
|||;26726,26726,26726,26726,0,0,0,0,206.192815823534
|||;26726,26726,26726,26726,0,0,0,0,211.192815823534
|||;26726,26726,26726,26726,0,0,0,0,216.192815823534
|||;26726,26726,26726,26726,0,0,0,0,221.192815823534
|||;26726,26726,26726,26726,0,0,0,0,226.192815823534
|||;26726,26726,26726,26726,0,0,0,0,231.192815823534
|||;26726,26726,26726,26726,0,0,0,0,236.192815823534
|||;26726,26726,26726,26726,0,0,0,0,241.192815823534
|||;26726,26726,26726,26726,0,0,0,0,246.192815823534
|||;26726,26726,26726,26726,0,0,0,0,251.192815823534
|||;26726,26726,26726,26726,0,0,0,0,256.192815823534
|||;26726,26726,26726,26726,0,0,0,0,261.192815823534
|||;26726,26726,26726,26726,0,0,0,0,266.192815823534
|||;26726,26726,26726,26726,0,0,0,0,271.192815823534
|||;26726,26726,26726,26726,0,0,0,0,276.192815823534
|208mpzls(2),||;26726,25819.8,26726,26726,0,2.65418150447,0,0,281.192815823534
|||;26726,26726,26726,26726,0,0,0,0,286.192815823534
|||;26726,26726,26726,26726,0,0,0,0,291.192815823534
|||;26726,26726,26726,26726,0,0,0,0,296.192815823534
|||;26726,26726,26726,26726,0,0,0,0,301.192815823534
|||;26726,26726,26726,26726,0,0,0,0,306.192815823534
|||;26726,26726,26726,26726,0,0,0,0,311.192815823534
|||;26726,26726,26726,26726,0,0,0,0,316.192815823534
|||;26726,26726,26726,26726,0,0,0,0,321.192815823534
|||;26726,26726,26726,26726,0,0,0,0,326.192815823534
|||;26726,26726,26726,26726,0,0,0,0,331.192815823534
|||;26726,26726,26726,26726,0,0,0,0,336.192815823534
|||;26726,26726,26726,26726,0,0,0,0,341.192815823534
|||;26726,26726,26726,26726,0,0,0,0,346.192815823534
|||;26726,26726,26726,26726,0,0,0,0,351.192815823534
|||;26726,26726,26726,26726,0,0,0,0,356.192815823534
|||;26726,26726,26726,26726,0,0,0,0,361.192815823534
|||;26726,26726,26726,26726,0,0,0,0,366.192815823534
|||;26726,26726,26726,26726,0,0,0,0,371.192815823534
|||;26726,26726,26726,26726,0,0,0,0,376.192815823534
|||;26726,26726,26726,26726,0,0,0,0,381.192815823534
|||;26726,26726,26726,26726,0,0,0,0,386.192815823534
|||;26726,26726,26726,26726,0,0,0,0,391.192815823534
|||;26726,26726,26726,26726,0,0,0,0,396.192815823534
|||;26726,26726,26726,26726,0,0,0,0,401.192815823534
|||;26726,26726,26726,26726,0,0,0,0,406.192815823534
|||;26726,26726,26726,26726,0,0,0,0,411.192815823534
|||;26726,26726,26726,26726,0,0,0,0,416.192815823534
|||;26726,26726,26726,26726,0,0,0,0,421.192815823534
|||;26726,26726,26726,26726,0,0,0,0,426.192815823534
|||;26726,26726,26726,26726,0,0,0,0,431.192815823534
|||;26726,26726,26726,26726,0,0,0,0,436.192815823534
|||;26726,26726,26726,26726,0,0,0,0,441.192815823534
|||;26726,26726,26726,26726,0,0,0,0,446.192815823534
|||;26726,26726,26726,26726,0,0,0,0,451.192815823534
|||;26726,26726,26726,26726,0,0,0,0,456.192815823534
|||;26726,26726,26726,26726,0,0,0,0,461.192815823534
|||;26726,26726,26726,26726,0,0,0,0,466.192815823534
|||;26726,26726,26726,26726,0,0,0,0,471.192815823534
|||;26726,26726,26726,26726,0,0,0,0,476.192815823534
|||;26726,26726,26726,26726,0,0,0,0,481.192815823534
|||;26726,26726,26726,26726,0,0,0,0,486.192815823534
|||;26726,26726,26726,26726,0,0,0,0,491.192815823534
|||;26726,26726,26726,26726,0,0,0,0,496.192815823534
|||;26726,26726,26726,26726,0,0,0,0,501.192815823534
|||;26726,26726,26726,26726,0,0,0,0,506.192815823534
|||;26726,26726,26726,26726,0,0,0,0,511.192815823534
|||;26726,26726,26726,26726,0,0,0,0,516.192815823534
|||;26726,26726,26726,26726,0,0,0,0,521.192815823534
|||;26726,26726,26726,26726,0,0,0,0,526.192815823534
|||;26726,26726,26726,26726,0,0,0,0,531.192815823534
|||;26726,26726,26726,26726,0,0,0,0,536.192815823534
707qkjiw(2),|707qkjiw(2),|707qkjiw(2),|707qkjiw(2),;25051.8,25609.8,25051.8,25609.8,3.520489625046,0.963153740988,3.520489625046,0.963153740988,541.192815823534
|||;26726,26726,26726,26726,0,0,0,0,546.192815823534
|||;26726,26726,26726,26726,0,0,0,0,551.192815823534
|||;26726,26726,26726,26726,0,0,0,0,556.192815823534
|||;26726,26726,26726,26726,0,0,0,0,561.192815823534
|||;26726,26726,26726,26726,0,0,0,0,566.192815823534
|||;26726,26726,26726,26726,0,0,0,0,571.192815823534
|||;26726,26726,26726,26726,0,0,0,0,576.192815823534
|||;26726,26726,26726,26726,0,0,0,0,581.192815823534
|||;26726,26726,26726,26726,0,0,0,0,586.192815823534
|||;26726,26726,26726,26726,0,0,0,0,591.192815823534
|||;26726,26726,26726,26726,0,0,0,0,596.192815823534
|||;26726,26726,26726,26726,0,0,0,0,601.192815823534
|||;26726,26726,26726,26726,0,0,0,0,606.192815823534
|||;26726,26726,26726,26726,0,0,0,0,611.192815823534
|||;26726,26726,26726,26726,0,0,0,0,616.192815823534
155icmdy(2),|||;26111.6,26726,26726,26726,2.039821428153,0,0,0,621.192815823534
|||;26726,26726,26726,26726,0,0,0,0,626.192815823534
|||;26726,26726,26726,26726,0,0,0,0,631.192815823534
|||;26726,26726,26726,26726,0,0,0,0,636.192815823534
|||;26726,26726,26726,26726,0,0,0,0,641.192815823534
|||;26726,26726,26726,26726,0,0,0,0,646.192815823534
|||;26726,26726,26726,26726,0,0,0,0,651.192815823534
832gatok(2),|||;23782,26726,26726,26726,12.134782487263,0,0,0,656.192815823534
832gatok(2),|||;23782,26726,26726,26726,7.134782487263,0,0,0,661.192815823534
832gatok(2),|||;23782,26726,26726,26726,2.134782487263,0,0,0,666.192815823534
832gatok(3),|||;23782,26726,26726,26726,0,0,0,0,671.192815823534
832gatok(3),|||;23782,26726,26726,26726,0,0,0,0,676.192815823534
832gatok(3),|||;23782,26726,26726,26726,0,0,0,0,681.192815823534
832gatok(3),|||;23782,26726,26726,26726,0,0,0,0,686.192815823534
832gatok(3),|||;23782,26726,26726,26726,0,0,0,0,691.192815823534
832gatok(3),|||;23782,26726,26726,26726,0,0,0,0,696.192815823534
832gatok(3),|||;23782,26726,26726,26726,0,0,0,0,701.192815823534
832gatok(3),|||;23782,26726,26726,26726,0,0,0,0,706.192815823534
832gatok(3),|||;23782,26726,26726,26726,0,0,0,0,711.192815823534
832gatok(3),|||;23782,26726,26726,26726,0,0,0,0,716.192815823534
832gatok(3),|||;23782,26726,26726,26726,0,0,0,0,721.192815823534
832gatok(3),|||;23782,26726,26726,26726,0,0,0,0,726.192815823534
832gatok(3),|||;23782,26726,26726,26726,0,0,0,0,731.192815823534
832gatok(3),|||;23782,26726,26726,26726,0,0,0,0,736.192815823534
832gatok(3),|||;23782,26726,26726,26726,0,0,0,0,741.192815823534
832gatok(3),|||;23782,26726,26726,26726,0,0,0,0,746.192815823534
832gatok(3),|||;23782,26726,26726,26726,0,0,0,0,751.192815823534
832gatok(3),|||;23782,26726,26726,26726,0,0,0,0,756.192815823534
832gatok(3),|||;23782,26726,26726,26726,0,0,0,0,761.192815823534
832gatok(3),|||;23782,26726,26726,26726,0,0,0,0,766.192815823534
832gatok(3),|||;23782,26726,26726,26726,0,0,0,0,771.192815823534
832gatok(3),|||;23782,26726,26726,26726,0,0,0,0,776.192815823534
832gatok(3),|||;23782,26726,26726,26726,0,0,0,0,781.192815823534
832gatok(3),|||;23782,26726,26726,26726,0,0,0,0,786.192815823534
832gatok(3),|||;23782,26726,26726,26726,0,0,0,0,791.192815823534
832gatok(3),|||;23782,26726,26726,26726,0,0,0,0,796.192815823534
832gatok(3),|||;23782,26726,26726,26726,0,0,0,0,801.192815823534
832gatok(3),|||;23782,26726,26726,26726,0,0,0,0,806.192815823534
832gatok(3),|||;23782,26726,26726,26726,0,0,0,0,811.192815823534
832gatok(3),|||;23782,26726,26726,26726,0,0,0,0,816.192815823534
832gatok(3),|||;23782,26726,26726,26726,0,0,0,0,821.192815823534
832gatok(3),|||;23782,26726,26726,26726,0,0,0,0,826.192815823534
832gatok(3),|||;23782,26726,26726,26726,0,0,0,0,831.192815823534
832gatok(3),|||;23782,26726,26726,26726,0,0,0,0,836.192815823534
832gatok(3),|||;23782,26726,26726,26726,0,0,0,0,841.192815823534
832gatok(3),|||;23782,26726,26726,26726,0,0,0,0,846.192815823534
832gatok(3),|||;23782,26726,26726,26726,0,0,0,0,851.192815823534
832gatok(3),|||;23782,26726,26726,26726,0,0,0,0,856.192815823534
832gatok(3),|||;23782,26726,26726,26726,0,0,0,0,861.192815823534
832gatok(3),|||;23782,26726,26726,26726,0,0,0,0,866.192815823534
832gatok(3),|||;23782,26726,26726,26726,0,0,0,0,871.192815823534
832gatok(3),|||;23782,26726,26726,26726,0,0,0,0,876.192815823534
832gatok(3),|||;23782,26726,26726,26726,0,0,0,0,881.192815823534
832gatok(3),|||;23782,26726,26726,26726,0,0,0,0,886.192815823534
832gatok(3),|||;23782,26726,26726,26726,0,0,0,0,891.192815823534
832gatok(3),|||;23782,26726,26726,26726,0,0,0,0,896.192815823534
832gatok(3),|||;23782,26726,26726,26726,0,0,0,0,901.192815823534
832gatok(3),|||;23782,26726,26726,26726,0,0,0,0,906.192815823534
832gatok(3),|||;23782,26726,26726,26726,0,0,0,0,911.192815823534
832gatok(3),|||;23782,26726,26726,26726,0,0,0,0,916.192815823534
832gatok(3),|||;23782,26726,26726,26726,0,0,0,0,921.192815823534
832gatok(3),|||;23782,26726,26726,26726,0,0,0,0,926.192815823534
832gatok(3),|||;23782,26726,26726,26726,0,0,0,0,931.192815823534
832gatok(3),|||;23782,26726,26726,26726,0,0,0,0,936.192815823534
832gatok(3),|||;23782,26726,26726,26726,0,0,0,0,941.192815823534
832gatok(3),|||;23782,26726,26726,26726,0,0,0,0,946.192815823534
832gatok(3),|||;23782,26726,26726,26726,0,0,0,0,951.192815823534
832gatok(3),|||;23782,26726,26726,26726,0,0,0,0,956.192815823534
832gatok(3),|||;23782,26726,26726,26726,0,0,0,0,961.192815823534
832gatok(3),|||;23782,26726,26726,26726,0,0,0,0,966.192815823534
832gatok(3),|||;23782,26726,26726,26726,0,0,0,0,971.192815823534
832gatok(3),|||;23782,26726,26726,26726,0,0,0,0,976.192815823534
832gatok(3),|||;23782,26726,26726,26726,0,0,0,0,981.192815823534
|||;26726,26726,26726,26726,0,0,0,0,986.192815823534
|||;26726,26726,26726,26726,0,0,0,0,991.192815823534
|||;26726,26726,26726,26726,0,0,0,0,996.192815823534
|||;26726,26726,26726,26726,0,0,0,0,1001.192815823534
|||;26726,26726,26726,26726,0,0,0,0,1006.192815823534
|||;26726,26726,26726,26726,0,0,0,0,1011.192815823534
|||;26726,26726,26726,26726,0,0,0,0,1016.192815823534
|||;26726,26726,26726,26726,0,0,0,0,1021.192815823534
|||;26726,26726,26726,26726,0,0,0,0,1026.192815823534
|||;26726,26726,26726,26726,0,0,0,0,1031.192815823534
|||;26726,26726,26726,26726,0,0,0,0,1036.192815823534
|||;26726,26726,26726,26726,0,0,0,0,1041.192815823534
|||;26726,26726,26726,26726,0,0,0,0,1046.192815823534
|||;26726,26726,26726,26726,0,0,0,0,1051.192815823534
|||;26726,26726,26726,26726,0,0,0,0,1056.192815823534
|||;26726,26726,26726,26726,0,0,0,0,1061.192815823534
|||;26726,26726,26726,26726,0,0,0,0,1066.192815823534
|||;26726,26726,26726,26726,0,0,0,0,1071.192815823534
|||;26726,26726,26726,26726,0,0,0,0,1076.192815823534
|||;26726,26726,26726,26726,0,0,0,0,1081.192815823534
|||;26726,26726,26726,26726,0,0,0,0,1086.192815823534
|||;26726,26726,26726,26726,0,0,0,0,1091.192815823534
|||;26726,26726,26726,26726,0,0,0,0,1096.192815823534
|||;26726,26726,26726,26726,0,0,0,0,1101.192815823534
|||;26726,26726,26726,26726,0,0,0,0,1106.192815823534
|||;26726,26726,26726,26726,0,0,0,0,1111.192815823534
|||;26726,26726,26726,26726,0,0,0,0,1116.192815823534
|||;26726,26726,26726,26726,0,0,0,0,1121.192815823534
|||;26726,26726,26726,26726,0,0,0,0,1126.192815823534
|||;26726,26726,26726,26726,0,0,0,0,1131.192815823534
|||;26726,26726,26726,26726,0,0,0,0,1136.192815823534
|||;26726,26726,26726,26726,0,0,0,0,1141.192815823534
|||;26726,26726,26726,26726,0,0,0,0,1146.192815823534
|||;26726,26726,26726,26726,0,0,0,0,1151.192815823534
|||;26726,26726,26726,26726,0,0,0,0,1156.192815823534
|||;26726,26726,26726,26726,0,0,0,0,1161.192815823534
|||;26726,26726,26726,26726,0,0,0,0,1166.192815823534
|||;26726,26726,26726,26726,0,0,0,0,1171.192815823534
|||;26726,26726,26726,26726,0,0,0,0,1176.192815823534
|||;26726,26726,26726,26726,0,0,0,0,1181.192815823534
|||;26726,26726,26726,26726,0,0,0,0,1186.192815823534
|||;26726,26726,26726,26726,0,0,0,0,1191.192815823534
|||;26726,26726,26726,26726,0,0,0,0,1196.192815823534
|||;26726,26726,26726,26726,0,0,0,0,1201.192815823534
|||;26726,26726,26726,26726,0,0,0,0,1206.192815823534
|||;26726,26726,26726,26726,0,0,0,0,1211.192815823534
|||;26726,26726,26726,26726,0,0,0,0,1216.192815823534
|||;26726,26726,26726,26726,0,0,0,0,1221.192815823534
|||;26726,26726,26726,26726,0,0,0,0,1226.192815823534
|||;26726,26726,26726,26726,0,0,0,0,1231.192815823534
|||;26726,26726,26726,26726,0,0,0,0,1236.192815823534
|||;26726,26726,26726,26726,0,0,0,0,1241.192815823534
|||;26726,26726,26726,26726,0,0,0,0,1246.192815823534
|||;26726,26726,26726,26726,0,0,0,0,1251.192815823534
|||;26726,26726,26726,26726,0,0,0,0,1256.192815823534
|||;26726,26726,26726,26726,0,0,0,0,1261.192815823534
|||;26726,26726,26726,26726,0,0,0,0,1266.192815823534
|||;26726,26726,26726,26726,0,0,0,0,1271.192815823534
|||;26726,26726,26726,26726,0,0,0,0,1276.192815823534
|||;26726,26726,26726,26726,0,0,0,0,1281.192815823534
|||;26726,26726,26726,26726,0,0,0,0,1286.192815823534
|||;26726,26726,26726,26726,0,0,0,0,1291.192815823534
|||;26726,26726,26726,26726,0,0,0,0,1296.192815823534
|||;26726,26726,26726,26726,0,0,0,0,1301.192815823534
|||;26726,26726,26726,26726,0,0,0,0,1306.192815823534
|||;26726,26726,26726,26726,0,0,0,0,1311.192815823534
|||;26726,26726,26726,26726,0,0,0,0,1316.192815823534
|||;26726,26726,26726,26726,0,0,0,0,1321.192815823534
|||;26726,26726,26726,26726,0,0,0,0,1326.192815823534
|||;26726,26726,26726,26726,0,0,0,0,1331.192815823534
|||;26726,26726,26726,26726,0,0,0,0,1336.192815823534
|||;26726,26726,26726,26726,0,0,0,0,1341.192815823534
|||;26726,26726,26726,26726,0,0,0,0,1346.192815823534
|||;26726,26726,26726,26726,0,0,0,0,1351.192815823534
|||;26726,26726,26726,26726,0,0,0,0,1356.192815823534
|||;26726,26726,26726,26726,0,0,0,0,1361.192815823534
|||;26726,26726,26726,26726,0,0,0,0,1366.192815823534
|||;26726,26726,26726,26726,0,0,0,0,1371.192815823534
|||;26726,26726,26726,26726,0,0,0,0,1376.192815823534
|||;26726,26726,26726,26726,0,0,0,0,1381.192815823534
|||;26726,26726,26726,26726,0,0,0,0,1386.192815823534
|||;26726,26726,26726,26726,0,0,0,0,1391.192815823534
|||;26726,26726,26726,26726,0,0,0,0,1396.192815823534
|||;26726,26726,26726,26726,0,0,0,0,1401.192815823534
|||;26726,26726,26726,26726,0,0,0,0,1406.192815823534
|||;26726,26726,26726,26726,0,0,0,0,1411.192815823534
|||;26726,26726,26726,26726,0,0,0,0,1416.192815823534
|||;26726,26726,26726,26726,0,0,0,0,1421.192815823534
|||;26726,26726,26726,26726,0,0,0,0,1426.192815823534
|||;26726,26726,26726,26726,0,0,0,0,1431.192815823534
|||;26726,26726,26726,26726,0,0,0,0,1436.192815823534
|||;26726,26726,26726,26726,0,0,0,0,1441.192815823534
|||;26726,26726,26726,26726,0,0,0,0,1446.192815823534
|||;26726,26726,26726,26726,0,0,0,0,1451.192815823534
|||;26726,26726,26726,26726,0,0,0,0,1456.192815823534
|||;26726,26726,26726,26726,0,0,0,0,1461.192815823534
|||;26726,26726,26726,26726,0,0,0,0,1466.192815823534
|||;26726,26726,26726,26726,0,0,0,0,1471.192815823534
|||;26726,26726,26726,26726,0,0,0,0,1476.192815823534
|||;26726,26726,26726,26726,0,0,0,0,1481.192815823534
|||;26726,26726,26726,26726,0,0,0,0,1486.192815823534
|||;26726,26726,26726,26726,0,0,0,0,1491.192815823534
|||;26726,26726,26726,26726,0,0,0,0,1496.192815823534
|||;26726,26726,26726,26726,0,0,0,0,1501.192815823534
|||;26726,26726,26726,26726,0,0,0,0,1506.192815823534
|||;26726,26726,26726,26726,0,0,0,0,1511.192815823534
|||;26726,26726,26726,26726,0,0,0,0,1516.192815823534
|||;26726,26726,26726,26726,0,0,0,0,1521.192815823534
|||;26726,26726,26726,26726,0,0,0,0,1526.192815823534
|||;26726,26726,26726,26726,0,0,0,0,1531.192815823534
|||;26726,26726,26726,26726,0,0,0,0,1536.192815823534
|||;26726,26726,26726,26726,0,0,0,0,1541.192815823534
|||;26726,26726,26726,26726,0,0,0,0,1546.192815823534
|||;26726,26726,26726,26726,0,0,0,0,1551.192815823534
|||;26726,26726,26726,26726,0,0,0,0,1556.192815823534
|||;26726,26726,26726,26726,0,0,0,0,1561.192815823534
|||;26726,26726,26726,26726,0,0,0,0,1566.192815823534
|||;26726,26726,26726,26726,0,0,0,0,1571.192815823534
|||;26726,26726,26726,26726,0,0,0,0,1576.192815823534
|||;26726,26726,26726,26726,0,0,0,0,1581.192815823534
|||;26726,26726,26726,26726,0,0,0,0,1586.192815823534
|||;26726,26726,26726,26726,0,0,0,0,1591.192815823534
|||;26726,26726,26726,26726,0,0,0,0,1596.192815823534
|||;26726,26726,26726,26726,0,0,0,0,1601.192815823534
|||;26726,26726,26726,26726,0,0,0,0,1606.192815823534
401dnyjk(2),|401dnyjk(2),|401dnyjk(2),|401dnyjk(2),;24191.6,25036.4,25036.4,24191.6,10.831631572318,6.850435050578,6.850435050578,10.831631572318,1611.192815823534
401dnyjk(2),|401dnyjk(2),|401dnyjk(2),|401dnyjk(2),;24191.6,25036.4,25036.4,24191.6,5.831631572318,1.850435050578,1.850435050578,5.831631572318,1616.192815823534
401dnyjk(2),|401dnyjk(3),|401dnyjk(3),|401dnyjk(2),;24191.6,25036.4,25036.4,24191.6,0.831631572318,0,0,0.831631572318,1621.192815823534
401dnyjk(3),|401dnyjk(3),|401dnyjk(3),|401dnyjk(3),;24191.6,25036.4,25036.4,24191.6,0,0,0,0,1626.192815823534
401dnyjk(3),|401dnyjk(3),|401dnyjk(3),|401dnyjk(3),;24191.6,25036.4,25036.4,24191.6,0,0,0,0,1631.192815823534
401dnyjk(3),|401dnyjk(3),|401dnyjk(3),|401dnyjk(3),;24191.6,25036.4,25036.4,24191.6,0,0,0,0,1636.192815823534
401dnyjk(3),|401dnyjk(3),|401dnyjk(3),|401dnyjk(3),;24191.6,25036.4,25036.4,24191.6,0,0,0,0,1641.192815823534
401dnyjk(3),|401dnyjk(3),|401dnyjk(3),|401dnyjk(3),;24191.6,25036.4,25036.4,24191.6,0,0,0,0,1646.192815823534
401dnyjk(3),|401dnyjk(3),|401dnyjk(3),|401dnyjk(3),;24191.6,25036.4,25036.4,24191.6,0,0,0,0,1651.192815823534
401dnyjk(3),|401dnyjk(3),|401dnyjk(3),|401dnyjk(3),;24191.6,25036.4,25036.4,24191.6,0,0,0,0,1656.192815823534
401dnyjk(3),|401dnyjk(3),|401dnyjk(3),|401dnyjk(3),;24191.6,25036.4,25036.4,24191.6,0,0,0,0,1661.192815823534
401dnyjk(3),|401dnyjk(3),|401dnyjk(3),|401dnyjk(3),;24191.6,25036.4,25036.4,24191.6,0,0,0,0,1666.192815823534
401dnyjk(3),|401dnyjk(3),|401dnyjk(3),|401dnyjk(3),;24191.6,25036.4,25036.4,24191.6,0,0,0,0,1671.192815823534
401dnyjk(3),|401dnyjk(3),|401dnyjk(3),|401dnyjk(3),;24191.6,25036.4,25036.4,24191.6,0,0,0,0,1676.192815823534
401dnyjk(3),|401dnyjk(3),|401dnyjk(3),|401dnyjk(3),;24191.6,25036.4,25036.4,24191.6,0,0,0,0,1681.192815823534
401dnyjk(3),|401dnyjk(3),|401dnyjk(3),|401dnyjk(3),;24191.6,25036.4,25036.4,24191.6,0,0,0,0,1686.192815823534
401dnyjk(3),|401dnyjk(3),|401dnyjk(3),|401dnyjk(3),;24191.6,25036.4,25036.4,24191.6,0,0,0,0,1691.192815823534
401dnyjk(3),|401dnyjk(3),|401dnyjk(3),|401dnyjk(3),;24191.6,25036.4,25036.4,24191.6,0,0,0,0,1696.192815823534
401dnyjk(3),|401dnyjk(3),|401dnyjk(3),|401dnyjk(3),;24191.6,25036.4,25036.4,24191.6,0,0,0,0,1701.192815823534
401dnyjk(3),|401dnyjk(3),|401dnyjk(3),|401dnyjk(3),;24191.6,25036.4,25036.4,24191.6,0,0,0,0,1706.192815823534
401dnyjk(3),|401dnyjk(3),|401dnyjk(3),|401dnyjk(3),;24191.6,25036.4,25036.4,24191.6,0,0,0,0,1711.192815823534
401dnyjk(3),|401dnyjk(3),|401dnyjk(3),|401dnyjk(3),;24191.6,25036.4,25036.4,24191.6,0,0,0,0,1716.192815823534
401dnyjk(3),|401dnyjk(3),|401dnyjk(3),|401dnyjk(3),;24191.6,25036.4,25036.4,24191.6,0,0,0,0,1721.192815823534
401dnyjk(3),|401dnyjk(3),|401dnyjk(3),|401dnyjk(3),;24191.6,25036.4,25036.4,24191.6,0,0,0,0,1726.192815823534
401dnyjk(3),|401dnyjk(3),|401dnyjk(3),|401dnyjk(3),;24191.6,25036.4,25036.4,24191.6,0,0,0,0,1731.192815823534
401dnyjk(3),|401dnyjk(3),|401dnyjk(3),|401dnyjk(3),;24191.6,25036.4,25036.4,24191.6,0,0,0,0,1736.192815823534
401dnyjk(3),|401dnyjk(3),|401dnyjk(3),|401dnyjk(3),;24191.6,25036.4,25036.4,24191.6,0,0,0,0,1741.192815823534
401dnyjk(3),|401dnyjk(3),|401dnyjk(3),|401dnyjk(3),;24191.6,25036.4,25036.4,24191.6,0,0,0,0,1746.192815823534
401dnyjk(3),|401dnyjk(3),|401dnyjk(3),|401dnyjk(3),;24191.6,25036.4,25036.4,24191.6,0,0,0,0,1751.192815823534
401dnyjk(3),|401dnyjk(3),|401dnyjk(3),|401dnyjk(3),;24191.6,25036.4,25036.4,24191.6,0,0,0,0,1756.192815823534
401dnyjk(3),|401dnyjk(3),|401dnyjk(3),|401dnyjk(3),;24191.6,25036.4,25036.4,24191.6,0,0,0,0,1761.192815823534
401dnyjk(3),|401dnyjk(3),|401dnyjk(3),|401dnyjk(3),;24191.6,25036.4,25036.4,24191.6,0,0,0,0,1766.192815823534
401dnyjk(3),|401dnyjk(3),|401dnyjk(3),|401dnyjk(3),;24191.6,25036.4,25036.4,24191.6,0,0,0,0,1771.192815823534
401dnyjk(3),|401dnyjk(3),|401dnyjk(3),|401dnyjk(3),;24191.6,25036.4,25036.4,24191.6,0,0,0,0,1776.192815823534
401dnyjk(3),|401dnyjk(3),|401dnyjk(3),|401dnyjk(3),;24191.6,25036.4,25036.4,24191.6,0,0,0,0,1781.192815823534
401dnyjk(3),|401dnyjk(3),|401dnyjk(3),|401dnyjk(3),;24191.6,25036.4,25036.4,24191.6,0,0,0,0,1786.192815823534
401dnyjk(3),|401dnyjk(3),|401dnyjk(3),|401dnyjk(3),;24191.6,25036.4,25036.4,24191.6,0,0,0,0,1791.192815823534
401dnyjk(3),|401dnyjk(3),|401dnyjk(3),|401dnyjk(3),;24191.6,25036.4,25036.4,24191.6,0,0,0,0,1796.192815823534
401dnyjk(3),|401dnyjk(3),|401dnyjk(3),|401dnyjk(3),;24191.6,25036.4,25036.4,24191.6,0,0,0,0,1801.192815823534
401dnyjk(3),|401dnyjk(3),|401dnyjk(3),|401dnyjk(3),;24191.6,25036.4,25036.4,24191.6,0,0,0,0,1806.192815823534
401dnyjk(3),|401dnyjk(3),|401dnyjk(3),|401dnyjk(3),;24191.6,25036.4,25036.4,24191.6,0,0,0,0,1811.192815823534
401dnyjk(3),|401dnyjk(3),|401dnyjk(3),|401dnyjk(3),;24191.6,25036.4,25036.4,24191.6,0,0,0,0,1816.192815823534
401dnyjk(3),|401dnyjk(3),|401dnyjk(3),|401dnyjk(3),;24191.6,25036.4,25036.4,24191.6,0,0,0,0,1821.192815823534
401dnyjk(3),|401dnyjk(3),|401dnyjk(3),|401dnyjk(3),;24191.6,25036.4,25036.4,24191.6,0,0,0,0,1826.192815823534
401dnyjk(3),|401dnyjk(3),|401dnyjk(3),|401dnyjk(3),;24191.6,25036.4,25036.4,24191.6,0,0,0,0,1831.192815823534
401dnyjk(3),|401dnyjk(3),|401dnyjk(3),|401dnyjk(3),;24191.6,25036.4,25036.4,24191.6,0,0,0,0,1836.192815823534
401dnyjk(3),|401dnyjk(3),|401dnyjk(3),|401dnyjk(3),;24191.6,25036.4,25036.4,24191.6,0,0,0,0,1841.192815823534
401dnyjk(3),|401dnyjk(3),|401dnyjk(3),|401dnyjk(3),;24191.6,25036.4,25036.4,24191.6,0,0,0,0,1846.192815823534
401dnyjk(3),|401dnyjk(3),|401dnyjk(3),|401dnyjk(3),;24191.6,25036.4,25036.4,24191.6,0,0,0,0,1851.192815823534
401dnyjk(3),|401dnyjk(3),|401dnyjk(3),|401dnyjk(3),;24191.6,25036.4,25036.4,24191.6,0,0,0,0,1856.192815823534
401dnyjk(3),|401dnyjk(3),|401dnyjk(3),|401dnyjk(3),;24191.6,25036.4,25036.4,24191.6,0,0,0,0,1861.192815823534
401dnyjk(3),|401dnyjk(3),|401dnyjk(3),|401dnyjk(3),;24191.6,25036.4,25036.4,24191.6,0,0,0,0,1866.192815823534
401dnyjk(3),|401dnyjk(3),|401dnyjk(3),|401dnyjk(3),;24191.6,25036.4,25036.4,24191.6,0,0,0,0,1871.192815823534
401dnyjk(3),|401dnyjk(3),|401dnyjk(3),|401dnyjk(3),;24191.6,25036.4,25036.4,24191.6,0,0,0,0,1876.192815823534
401dnyjk(3),|401dnyjk(3),|401dnyjk(3),|401dnyjk(3),;24191.6,25036.4,25036.4,24191.6,0,0,0,0,1881.192815823534
401dnyjk(3),|401dnyjk(3),|401dnyjk(3),|401dnyjk(3),;24191.6,25036.4,25036.4,24191.6,0,0,0,0,1886.192815823534
401dnyjk(3),|401dnyjk(3),|401dnyjk(3),|401dnyjk(3),;24191.6,25036.4,25036.4,24191.6,0,0,0,0,1891.192815823534
401dnyjk(3),|401dnyjk(3),|401dnyjk(3),|401dnyjk(3),;24191.6,25036.4,25036.4,24191.6,0,0,0,0,1896.192815823534
401dnyjk(3),|401dnyjk(3),|401dnyjk(3),|401dnyjk(3),;24191.6,25036.4,25036.4,24191.6,0,0,0,0,1901.192815823534
401dnyjk(3),|401dnyjk(3),|401dnyjk(3),|401dnyjk(3),;24191.6,25036.4,25036.4,24191.6,0,0,0,0,1906.192815823534
401dnyjk(3),|401dnyjk(3),|401dnyjk(3),|401dnyjk(3),;24191.6,25036.4,25036.4,24191.6,0,0,0,0,1911.192815823534
401dnyjk(3),|401dnyjk(3),|401dnyjk(3),|401dnyjk(3),;24191.6,25036.4,25036.4,24191.6,0,0,0,0,1916.192815823534
401dnyjk(3),|401dnyjk(3),|401dnyjk(3),|401dnyjk(3),;24191.6,25036.4,25036.4,24191.6,0,0,0,0,1921.192815823534
401dnyjk(3),|401dnyjk(3),|401dnyjk(3),|401dnyjk(3),;24191.6,25036.4,25036.4,24191.6,0,0,0,0,1926.192815823534
401dnyjk(3),|401dnyjk(3),|401dnyjk(3),|401dnyjk(3),;24191.6,25036.4,25036.4,24191.6,0,0,0,0,1931.192815823534
401dnyjk(3),|401dnyjk(3),|401dnyjk(3),|401dnyjk(3),;24191.6,25036.4,25036.4,24191.6,0,0,0,0,1936.192815823534
401dnyjk(3),214hmyzs(2),|401dnyjk(3),214hmyzs(2),|401dnyjk(3),214hmyzs(2),|401dnyjk(3),214hmyzs(2),;23147.1,23469.7,23991.9,22624.9,4.259089622545,6.788192926892,4.259089622545,6.788192926892,1941.192815823534
401dnyjk(3),214hmyzs(3),|401dnyjk(3),214hmyzs(2),|401dnyjk(3),214hmyzs(3),|401dnyjk(3),214hmyzs(2),;23147.1,23469.7,23991.9,22624.9,0,1.788192926892,0,1.788192926892,1946.192815823534
401dnyjk(3),214hmyzs(3),|401dnyjk(3),214hmyzs(3),|401dnyjk(3),214hmyzs(3),|401dnyjk(3),214hmyzs(3),;23147.1,23469.7,23991.9,22624.9,0,0,0,0,1951.192815823534
401dnyjk(3),214hmyzs(3),|401dnyjk(3),214hmyzs(3),|401dnyjk(3),214hmyzs(3),|401dnyjk(3),214hmyzs(3),;23147.1,23469.7,23991.9,22624.9,0,0,0,0,1956.192815823534
401dnyjk(3),214hmyzs(3),|401dnyjk(3),214hmyzs(3),|401dnyjk(3),214hmyzs(3),|401dnyjk(3),214hmyzs(3),;23147.1,23469.7,23991.9,22624.9,0,0,0,0,1961.192815823534
401dnyjk(3),214hmyzs(3),|401dnyjk(3),214hmyzs(3),|401dnyjk(3),214hmyzs(3),|401dnyjk(3),214hmyzs(3),;23147.1,23469.7,23991.9,22624.9,0,0,0,0,1966.192815823534
401dnyjk(3),214hmyzs(3),|401dnyjk(3),214hmyzs(3),|401dnyjk(3),214hmyzs(3),|401dnyjk(3),214hmyzs(3),;23147.1,23469.7,23991.9,22624.9,0,0,0,0,1971.192815823534
401dnyjk(3),214hmyzs(3),|401dnyjk(3),214hmyzs(3),|401dnyjk(3),214hmyzs(3),|401dnyjk(3),214hmyzs(3),;23147.1,23469.7,23991.9,22624.9,0,0,0,0,1976.192815823534
401dnyjk(3),214hmyzs(3),|401dnyjk(3),214hmyzs(3),|401dnyjk(3),214hmyzs(3),|401dnyjk(3),214hmyzs(3),;23147.1,23469.7,23991.9,22624.9,0,0,0,0,1981.192815823534
401dnyjk(3),214hmyzs(3),|401dnyjk(3),214hmyzs(3),|401dnyjk(3),214hmyzs(3),|401dnyjk(3),214hmyzs(3),;23147.1,23469.7,23991.9,22624.9,0,0,0,0,1986.192815823534
401dnyjk(3),214hmyzs(3),|401dnyjk(3),214hmyzs(3),|401dnyjk(3),214hmyzs(3),|401dnyjk(3),214hmyzs(3),;23147.1,23469.7,23991.9,22624.9,0,0,0,0,1991.192815823534
401dnyjk(3),214hmyzs(3),|401dnyjk(3),214hmyzs(3),|401dnyjk(3),214hmyzs(3),|401dnyjk(3),214hmyzs(3),;23147.1,23469.7,23991.9,22624.9,0,0,0,0,1996.192815823534
