|||;31846,31846,31846,31846,0,0,0,0,1.142901062721
|||;31846,31846,31846,31846,0,0,0,0,6.142901062721
|||;31846,31846,31846,31846,0,0,0,0,11.142901062721
|||;31846,31846,31846,31846,0,0,0,0,16.142901062721
|||;31846,31846,31846,31846,0,0,0,0,21.142901062721
|||;31846,31846,31846,31846,0,0,0,0,26.142901062721
|||;31846,31846,31846,31846,0,0,0,0,31.142901062721
|||;31846,31846,31846,31846,0,0,0,0,36.142901062721
|||;31846,31846,31846,31846,0,0,0,0,41.142901062721
|||;31846,31846,31846,31846,0,0,0,0,46.142901062721
|||;31846,31846,31846,31846,0,0,0,0,51.142901062721
|||;31846,31846,31846,31846,0,0,0,0,56.142901062721
|||;31846,31846,31846,31846,0,0,0,0,61.142901062721
|||;31846,31846,31846,31846,0,0,0,0,66.142901062721
|||;31846,31846,31846,31846,0,0,0,0,71.142901062721
|||;31846,31846,31846,31846,0,0,0,0,76.142901062721
|||;31846,31846,31846,31846,0,0,0,0,81.142901062721
|||;31846,31846,31846,31846,0,0,0,0,86.142901062721
|||;31846,31846,31846,31846,0,0,0,0,91.142901062721
|||;31846,31846,31846,31846,0,0,0,0,96.142901062721
|||;31846,31846,31846,31846,0,0,0,0,101.142901062721
|||;31846,31846,31846,31846,0,0,0,0,106.142901062721
|||;31846,31846,31846,31846,0,0,0,0,111.142901062721
|||;31846,31846,31846,31846,0,0,0,0,116.142901062721
|||;31846,31846,31846,31846,0,0,0,0,121.142901062721
|||;31846,31846,31846,31846,0,0,0,0,126.142901062721
|||;31846,31846,31846,31846,0,0,0,0,131.142901062721
|||;31846,31846,31846,31846,0,0,0,0,136.142901062721
|||;31846,31846,31846,31846,0,0,0,0,141.142901062721
|||;31846,31846,31846,31846,0,0,0,0,146.142901062721
|||;31846,31846,31846,31846,0,0,0,0,151.142901062721
|||;31846,31846,31846,31846,0,0,0,0,156.142901062721
|||;31846,31846,31846,31846,0,0,0,0,161.142901062721
|||;31846,31846,31846,31846,0,0,0,0,166.142901062721
|||;31846,31846,31846,31846,0,0,0,0,171.142901062721
|||;31846,31846,31846,31846,0,0,0,0,176.142901062721
|||;31846,31846,31846,31846,0,0,0,0,181.142901062721
|||;31846,31846,31846,31846,0,0,0,0,186.142901062721
|||;31846,31846,31846,31846,0,0,0,0,191.142901062721
|||;31846,31846,31846,31846,0,0,0,0,196.142901062721
|||;31846,31846,31846,31846,0,0,0,0,201.142901062721
|||;31846,31846,31846,31846,0,0,0,0,206.142901062721
|||;31846,31846,31846,31846,0,0,0,0,211.142901062721
|||;31846,31846,31846,31846,0,0,0,0,216.142901062721
|||;31846,31846,31846,31846,0,0,0,0,221.142901062721
|||;31846,31846,31846,31846,0,0,0,0,226.142901062721
|||;31846,31846,31846,31846,0,0,0,0,231.142901062721
|||;31846,31846,31846,31846,0,0,0,0,236.142901062721
|||;31846,31846,31846,31846,0,0,0,0,241.142901062721
|||;31846,31846,31846,31846,0,0,0,0,246.142901062721
|||;31846,31846,31846,31846,0,0,0,0,251.142901062721
|||;31846,31846,31846,31846,0,0,0,0,256.142901062721
|||;31846,31846,31846,31846,0,0,0,0,261.142901062721
|||54codhg(2),;31846,31846,31846,31313.5,0,0,0,0.876494155273,266.142901062721
|||;31846,31846,31846,31846,0,0,0,0,271.142901062721
|||;31846,31846,31846,31846,0,0,0,0,276.142901062721
||34ykzft(2),|;31846,31846,30873.2,31846,0,0,4.368792241338,0,281.142901062721
|||;31846,31846,31846,31846,0,0,0,0,286.142901062721
|||;31846,31846,31846,31846,0,0,0,0,291.142901062721
|||;31846,31846,31846,31846,0,0,0,0,296.142901062721
|||;31846,31846,31846,31846,0,0,0,0,301.142901062721
|||;31846,31846,31846,31846,0,0,0,0,306.142901062721
|||;31846,31846,31846,31846,0,0,0,0,311.142901062721
|||;31846,31846,31846,31846,0,0,0,0,316.142901062721
|||;31846,31846,31846,31846,0,0,0,0,321.142901062721
|||;31846,31846,31846,31846,0,0,0,0,326.142901062721
2ypuil(2),|2ypuil(2),|2ypuil(2),|2ypuil(2),;29265.5,30985.8,29265.5,29265.5,9.669980871379,1.428541432783,9.669980871379,9.669980871379,331.142901062721
2ypuil(2),||2ypuil(2),|2ypuil(2),;29265.5,31846,29265.5,29265.5,4.669980871379,0,4.669980871379,4.669980871379,336.142901062721
|||;31846,31846,31846,31846,0,0,0,0,341.142901062721
|||;31846,31846,31846,31846,0,0,0,0,346.142901062721
|||;31846,31846,31846,31846,0,0,0,0,351.142901062721
|||;31846,31846,31846,31846,0,0,0,0,356.142901062721
|||;31846,31846,31846,31846,0,0,0,0,361.142901062721
731kzawp(2),|||;29803.1,31846,31846,31846,6.188526019549,0,0,0,366.142901062721
731kzawp(2),|||;29803.1,31846,31846,31846,1.188526019549,0,0,0,371.142901062721
731kzawp(3),||482jklah(2),|;29803.1,31846,31252.1,31846,0,0,0.393271132651,0,376.142901062721
731kzawp(3),|||;29803.1,31846,31846,31846,0,0,0,0,381.142901062721
731kzawp(3),|||;29803.1,31846,31846,31846,0,0,0,0,386.142901062721
731kzawp(3),|||;29803.1,31846,31846,31846,0,0,0,0,391.142901062721
731kzawp(3),|||;29803.1,31846,31846,31846,0,0,0,0,396.142901062721
731kzawp(3),|||;29803.1,31846,31846,31846,0,0,0,0,401.142901062721
731kzawp(3),|||;29803.1,31846,31846,31846,0,0,0,0,406.142901062721
731kzawp(3),|||;29803.1,31846,31846,31846,0,0,0,0,411.142901062721
731kzawp(3),|||;29803.1,31846,31846,31846,0,0,0,0,416.142901062721
731kzawp(3),|||;29803.1,31846,31846,31846,0,0,0,0,421.142901062721
731kzawp(3),|||;29803.1,31846,31846,31846,0,0,0,0,426.142901062721
731kzawp(3),|||;29803.1,31846,31846,31846,0,0,0,0,431.142901062721
731kzawp(3),|||;29803.1,31846,31846,31846,0,0,0,0,436.142901062721
731kzawp(3),|||;29803.1,31846,31846,31846,0,0,0,0,441.142901062721
731kzawp(3),|||;29803.1,31846,31846,31846,0,0,0,0,446.142901062721
731kzawp(3),|||;29803.1,31846,31846,31846,0,0,0,0,451.142901062721
|||;31846,31846,31846,31846,0,0,0,0,456.142901062721
|||;31846,31846,31846,31846,0,0,0,0,461.142901062721
|||;31846,31846,31846,31846,0,0,0,0,466.142901062721
|||;31846,31846,31846,31846,0,0,0,0,471.142901062721
|||;31846,31846,31846,31846,0,0,0,0,476.142901062721
|||;31846,31846,31846,31846,0,0,0,0,481.142901062721
|||;31846,31846,31846,31846,0,0,0,0,486.142901062721
|||;31846,31846,31846,31846,0,0,0,0,491.142901062721
|||;31846,31846,31846,31846,0,0,0,0,496.142901062721
|235iqase(2),||;31846,25256.6,31846,31846,0,28.830896973859,0,0,501.142901062721
|235iqase(2),||;31846,25256.6,31846,31846,0,23.830896973859,0,0,506.142901062721
|235iqase(2),||;31846,25256.6,31846,31846,0,18.830896973859,0,0,511.142901062721
|235iqase(2),||;31846,25256.6,31846,31846,0,13.830896973859,0,0,516.142901062721
|235iqase(2),||;31846,25256.6,31846,31846,0,8.830896973859,0,0,521.142901062721
|235iqase(2),||;31846,25256.6,31846,31846,0,3.830896973859,0,0,526.142901062721
|235iqase(3),||;31846,25256.6,31846,31846,0,0,0,0,531.142901062721
|235iqase(3),||;31846,25256.6,31846,31846,0,0,0,0,536.142901062721
|235iqase(3),||;31846,25256.6,31846,31846,0,0,0,0,541.142901062721
|235iqase(3),||;31846,25256.6,31846,31846,0,0,0,0,546.142901062721
|235iqase(3),||;31846,25256.6,31846,31846,0,0,0,0,551.142901062721
|235iqase(3),||;31846,25256.6,31846,31846,0,0,0,0,556.142901062721
|235iqase(3),||;31846,25256.6,31846,31846,0,0,0,0,561.142901062721
|235iqase(3),||;31846,25256.6,31846,31846,0,0,0,0,566.142901062721
|235iqase(3),||;31846,25256.6,31846,31846,0,0,0,0,571.142901062721
|235iqase(3),||;31846,25256.6,31846,31846,0,0,0,0,576.142901062721
|235iqase(3),||;31846,25256.6,31846,31846,0,0,0,0,581.142901062721
|235iqase(3),||;31846,25256.6,31846,31846,0,0,0,0,586.142901062721
|235iqase(3),||;31846,25256.6,31846,31846,0,0,0,0,591.142901062721
|235iqase(3),||;31846,25256.6,31846,31846,0,0,0,0,596.142901062721
|235iqase(3),||;31846,25256.6,31846,31846,0,0,0,0,601.142901062721
|235iqase(3),||;31846,25256.6,31846,31846,0,0,0,0,606.142901062721
|235iqase(3),||;31846,25256.6,31846,31846,0,0,0,0,611.142901062721
|235iqase(3),||;31846,25256.6,31846,31846,0,0,0,0,616.142901062721
|235iqase(3),||;31846,25256.6,31846,31846,0,0,0,0,621.142901062721
|235iqase(3),||;31846,25256.6,31846,31846,0,0,0,0,626.142901062721
|235iqase(3),||;31846,25256.6,31846,31846,0,0,0,0,631.142901062721
|235iqase(3),||;31846,25256.6,31846,31846,0,0,0,0,636.142901062721
|235iqase(3),||;31846,25256.6,31846,31846,0,0,0,0,641.142901062721
|235iqase(3),||;31846,25256.6,31846,31846,0,0,0,0,646.142901062721
|||;31846,31846,31846,31846,0,0,0,0,651.142901062721
|||;31846,31846,31846,31846,0,0,0,0,656.142901062721
|||;31846,31846,31846,31846,0,0,0,0,661.142901062721
|||;31846,31846,31846,31846,0,0,0,0,666.142901062721
|||;31846,31846,31846,31846,0,0,0,0,671.142901062721
241tsxfw(2),|241tsxfw(2),|241tsxfw(2),|241tsxfw(2),;30156.4,30719.6,30156.4,30719.6,5.663125525583,2.891701899852,5.663125525583,2.891701899852,676.142901062721
241tsxfw(2),92jgvoq(0),|92jgvoq(0),|241tsxfw(2),92jgvoq(0),|92jgvoq(0),;29449.8,30432.9,28036.7,29019.8,8.322574153361,8.93602743991,15.092327977922,15.705781264472,681.142901062721
92jgvoq(3),|92jgvoq(2),|92jgvoq(2),|92jgvoq(2),;31139.4,30432.9,29726.3,29019.8,3.322574153361,3.93602743991,10.092327977922,10.705781264472,686.142901062721
92jgvoq(3),|92jgvoq(3),|92jgvoq(2),|92jgvoq(2),;31139.4,30432.9,29726.3,29019.8,0,0,5.092327977922,5.705781264472,691.142901062721
92jgvoq(3),|92jgvoq(3),|92jgvoq(3),|92jgvoq(3),;31139.4,30432.9,29726.3,29019.8,0,0,0.092327977922,0.705781264472,696.142901062721
92jgvoq(3),|92jgvoq(3),|92jgvoq(3),|92jgvoq(3),;31139.4,30432.9,29726.3,29019.8,0,0,0,0,701.142901062721
92jgvoq(3),|92jgvoq(3),|92jgvoq(3),|92jgvoq(3),;31139.4,30432.9,29726.3,29019.8,0,0,0,0,706.142901062721
92jgvoq(3),|92jgvoq(3),|92jgvoq(3),|92jgvoq(3),;31139.4,30432.9,29726.3,29019.8,0,0,0,0,711.142901062721
92jgvoq(3),|92jgvoq(3),|92jgvoq(3),|92jgvoq(3),;31139.4,30432.9,29726.3,29019.8,0,0,0,0,716.142901062721
92jgvoq(3),|92jgvoq(3),|92jgvoq(3),|92jgvoq(3),;31139.4,30432.9,29726.3,29019.8,0,0,0,0,721.142901062721
92jgvoq(3),|92jgvoq(3),|92jgvoq(3),|92jgvoq(3),;31139.4,30432.9,29726.3,29019.8,0,0,0,0,726.142901062721
92jgvoq(3),|92jgvoq(3),|92jgvoq(3),|92jgvoq(3),;31139.4,30432.9,29726.3,29019.8,0,0,0,0,731.142901062721
92jgvoq(3),|92jgvoq(3),|92jgvoq(3),|92jgvoq(3),;31139.4,30432.9,29726.3,29019.8,0,0,0,0,736.142901062721
92jgvoq(3),|92jgvoq(3),|92jgvoq(3),|92jgvoq(3),;31139.4,30432.9,29726.3,29019.8,0,0,0,0,741.142901062721
92jgvoq(3),|92jgvoq(3),|92jgvoq(3),|92jgvoq(3),;31139.4,30432.9,29726.3,29019.8,0,0,0,0,746.142901062721
92jgvoq(3),|92jgvoq(3),|92jgvoq(3),|92jgvoq(3),;31139.4,30432.9,29726.3,29019.8,0,0,0,0,751.142901062721
92jgvoq(3),|92jgvoq(3),|92jgvoq(3),|92jgvoq(3),;31139.4,30432.9,29726.3,29019.8,0,0,0,0,756.142901062721
|||;31846,31846,31846,31846,0,0,0,0,761.142901062721
|||;31846,31846,31846,31846,0,0,0,0,766.142901062721
|||;31846,31846,31846,31846,0,0,0,0,771.142901062721
|||;31846,31846,31846,31846,0,0,0,0,776.142901062721
|||;31846,31846,31846,31846,0,0,0,0,781.142901062721
|||;31846,31846,31846,31846,0,0,0,0,786.142901062721
|||;31846,31846,31846,31846,0,0,0,0,791.142901062721
|||;31846,31846,31846,31846,0,0,0,0,796.142901062721
|||;31846,31846,31846,31846,0,0,0,0,801.142901062721
|||;31846,31846,31846,31846,0,0,0,0,806.142901062721
487ewaor(0),|487ewaor(0),|487ewaor(0),|;29419.1,29419.1,28610.2,31846,12.401342805073,12.401342805073,16.276781588698,0,811.142901062721
487ewaor(2),|487ewaor(2),|487ewaor(2),|;29419.1,29419.1,28610.2,31846,7.401342805073,7.401342805073,11.276781588698,0,816.142901062721
487ewaor(2),|487ewaor(2),|487ewaor(2),|;29419.1,29419.1,28610.2,31846,2.401342805073,2.401342805073,6.276781588698,0,821.142901062721
487ewaor(3),|487ewaor(3),|487ewaor(2),|;29419.1,29419.1,28610.2,31846,0,0,1.276781588698,0,826.142901062721
487ewaor(3),|487ewaor(3),|487ewaor(3),|;29419.1,29419.1,28610.2,31846,0,0,0,0,831.142901062721
487ewaor(3),|487ewaor(3),|487ewaor(3),|;29419.1,29419.1,28610.2,31846,0,0,0,0,836.142901062721
487ewaor(3),|487ewaor(3),|487ewaor(3),|;29419.1,29419.1,28610.2,31846,0,0,0,0,841.142901062721
487ewaor(3),|487ewaor(3),|487ewaor(3),|;29419.1,29419.1,28610.2,31846,0,0,0,0,846.142901062721
487ewaor(3),218rqtpv(0),|487ewaor(3),218rqtpv(0),|487ewaor(3),|218rqtpv(0),;24934,27924.1,28610.2,30351,23.270198633786,8.556458657178,0,8.556458657178,851.142901062721
487ewaor(3),218rqtpv(2),|487ewaor(3),218rqtpv(2),|487ewaor(3),|218rqtpv(2),;24934,27924.1,28610.2,30351,18.270198633786,3.556458657178,0,3.556458657178,856.142901062721
487ewaor(3),218rqtpv(2),235nvwxe(1),|487ewaor(3),218rqtpv(3),235nvwxe(2),|487ewaor(3),235nvwxe(2),|218rqtpv(3),235nvwxe(2),;24345.2,26746.5,26255,28584.6,19.122793703073,7.229784486699,10.339854287268,10.050515246933,861.142901062721
487ewaor(3),218rqtpv(2),235nvwxe(1),|487ewaor(3),218rqtpv(3),|487ewaor(3),235nvwxe(2),|218rqtpv(3),235nvwxe(2),;24345.2,27924.1,26255,28584.6,14.122793703073,2.229784486699,5.339854287268,5.050515246933,866.142901062721
487ewaor(3),218rqtpv(2),235nvwxe(1),|487ewaor(3),218rqtpv(3),|487ewaor(3),235nvwxe(2),|218rqtpv(3),;24345.2,27924.1,26255,30351,9.122793703073,0,0.339854287268,0.050515246933,871.142901062721
487ewaor(3),218rqtpv(3),235nvwxe(2),|487ewaor(3),218rqtpv(3),|487ewaor(3),|218rqtpv(3),;24345.2,27924.1,28610.2,30351,4.122793703073,0,0,0,876.142901062721
487ewaor(3),218rqtpv(3),|487ewaor(3),218rqtpv(3),|487ewaor(3),|218rqtpv(3),;24934,27924.1,28610.2,30351,0,0,0,0,881.142901062721
487ewaor(3),218rqtpv(3),|487ewaor(3),218rqtpv(3),|487ewaor(3),|218rqtpv(3),;24934,27924.1,28610.2,30351,0,0,0,0,886.142901062721
487ewaor(3),218rqtpv(3),|487ewaor(3),218rqtpv(3),|487ewaor(3),|218rqtpv(3),;24934,27924.1,28610.2,30351,0,0,0,0,891.142901062721
487ewaor(3),218rqtpv(3),|487ewaor(3),218rqtpv(3),|487ewaor(3),|218rqtpv(3),;24934,27924.1,28610.2,30351,0,0,0,0,896.142901062721
487ewaor(3),218rqtpv(3),|487ewaor(3),218rqtpv(3),|487ewaor(3),|218rqtpv(3),;24934,27924.1,28610.2,30351,0,0,0,0,901.142901062721
487ewaor(3),218rqtpv(3),|487ewaor(3),218rqtpv(3),|487ewaor(3),|218rqtpv(3),;24934,27924.1,28610.2,30351,0,0,0,0,906.142901062721
218rqtpv(3),|218rqtpv(3),||218rqtpv(3),;27360.9,30351,31846,30351,0,0,0,0,911.142901062721
218rqtpv(3),|218rqtpv(3),||218rqtpv(3),;27360.9,30351,31846,30351,0,0,0,0,916.142901062721
218rqtpv(3),|218rqtpv(3),||218rqtpv(3),;27360.9,30351,31846,30351,0,0,0,0,921.142901062721
218rqtpv(3),|218rqtpv(3),||218rqtpv(3),;27360.9,30351,31846,30351,0,0,0,0,926.142901062721
218rqtpv(3),|218rqtpv(3),||218rqtpv(3),;27360.9,30351,31846,30351,0,0,0,0,931.142901062721
218rqtpv(3),|||;27360.9,31846,31846,31846,0,0,0,0,936.142901062721
218rqtpv(3),|||;27360.9,31846,31846,31846,0,0,0,0,941.142901062721
218rqtpv(3),|||;27360.9,31846,31846,31846,0,0,0,0,946.142901062721
218rqtpv(3),|||;27360.9,31846,31846,31846,0,0,0,0,951.142901062721
218rqtpv(3),|||;27360.9,31846,31846,31846,0,0,0,0,956.142901062721
218rqtpv(3),|||;27360.9,31846,31846,31846,0,0,0,0,961.142901062721
218rqtpv(3),|||;27360.9,31846,31846,31846,0,0,0,0,966.142901062721
218rqtpv(3),|||;27360.9,31846,31846,31846,0,0,0,0,971.142901062721
218rqtpv(3),|||;27360.9,31846,31846,31846,0,0,0,0,976.142901062721
218rqtpv(3),|||;27360.9,31846,31846,31846,0,0,0,0,981.142901062721
218rqtpv(3),|||;27360.9,31846,31846,31846,0,0,0,0,986.142901062721
218rqtpv(3),|||;27360.9,31846,31846,31846,0,0,0,0,991.142901062721
218rqtpv(3),|||;27360.9,31846,31846,31846,0,0,0,0,996.142901062721
218rqtpv(3),|||;27360.9,31846,31846,31846,0,0,0,0,1001.142901062721
|||;31846,31846,31846,31846,0,0,0,0,1006.142901062721
|||;31846,31846,31846,31846,0,0,0,0,1011.142901062721
|||;31846,31846,31846,31846,0,0,0,0,1016.142901062721
|||;31846,31846,31846,31846,0,0,0,0,1021.142901062721
|||;31846,31846,31846,31846,0,0,0,0,1026.142901062721
|||;31846,31846,31846,31846,0,0,0,0,1031.142901062721
|||;31846,31846,31846,31846,0,0,0,0,1036.142901062721
21womue(2),|||;30842.5,31846,31846,31846,4.802978296635,0,0,0,1041.142901062721
21womue(3),|||;30842.5,31846,31846,31846,0,0,0,0,1046.142901062721
21womue(3),|||;30842.5,31846,31846,31846,0,0,0,0,1051.142901062721
21womue(3),|||;30842.5,31846,31846,31846,0,0,0,0,1056.142901062721
21womue(3),|||;30842.5,31846,31846,31846,0,0,0,0,1061.142901062721
21womue(3),|||;30842.5,31846,31846,31846,0,0,0,0,1066.142901062721
21womue(3),|||;30842.5,31846,31846,31846,0,0,0,0,1071.142901062721
21womue(3),|||;30842.5,31846,31846,31846,0,0,0,0,1076.142901062721
21womue(3),|||;30842.5,31846,31846,31846,0,0,0,0,1081.142901062721
21womue(3),|||;30842.5,31846,31846,31846,0,0,0,0,1086.142901062721
21womue(3),|||;30842.5,31846,31846,31846,0,0,0,0,1091.142901062721
21womue(3),|||;30842.5,31846,31846,31846,0,0,0,0,1096.142901062721
21womue(3),|||;30842.5,31846,31846,31846,0,0,0,0,1101.142901062721
21womue(3),|||;30842.5,31846,31846,31846,0,0,0,0,1106.142901062721
21womue(3),|||;30842.5,31846,31846,31846,0,0,0,0,1111.142901062721
21womue(3),|||;30842.5,31846,31846,31846,0,0,0,0,1116.142901062721
21womue(3),|||;30842.5,31846,31846,31846,0,0,0,0,1121.142901062721
21womue(3),|||;30842.5,31846,31846,31846,0,0,0,0,1126.142901062721
21womue(3),|||;30842.5,31846,31846,31846,0,0,0,0,1131.142901062721
21womue(3),|||;30842.5,31846,31846,31846,0,0,0,0,1136.142901062721
21womue(3),|||;30842.5,31846,31846,31846,0,0,0,0,1141.142901062721
21womue(3),|||;30842.5,31846,31846,31846,0,0,0,0,1146.142901062721
21womue(3),|||;30842.5,31846,31846,31846,0,0,0,0,1151.142901062721
21womue(3),|||;30842.5,31846,31846,31846,0,0,0,0,1156.142901062721
21womue(3),|||;30842.5,31846,31846,31846,0,0,0,0,1161.142901062721
21womue(3),|||;30842.5,31846,31846,31846,0,0,0,0,1166.142901062721
21womue(3),|||;30842.5,31846,31846,31846,0,0,0,0,1171.142901062721
21womue(3),|||;30842.5,31846,31846,31846,0,0,0,0,1176.142901062721
21womue(3),|||;30842.5,31846,31846,31846,0,0,0,0,1181.142901062721
21womue(3),|||;30842.5,31846,31846,31846,0,0,0,0,1186.142901062721
21womue(3),|||;30842.5,31846,31846,31846,0,0,0,0,1191.142901062721
21womue(3),|||;30842.5,31846,31846,31846,0,0,0,0,1196.142901062721
21womue(3),|||;30842.5,31846,31846,31846,0,0,0,0,1201.142901062721
21womue(3),|||;30842.5,31846,31846,31846,0,0,0,0,1206.142901062721
21womue(3),|||;30842.5,31846,31846,31846,0,0,0,0,1211.142901062721
21womue(3),|||;30842.5,31846,31846,31846,0,0,0,0,1216.142901062721
21womue(3),|||;30842.5,31846,31846,31846,0,0,0,0,1221.142901062721
21womue(3),126kmfxu(0),|||126kmfxu(0),;30054,31846,31846,31057.5,4.3996210311,0,0,4.3996210311,1226.142901062721
21womue(3),|||;30842.5,31846,31846,31846,0,0,0,0,1231.142901062721
21womue(3),|||;30842.5,31846,31846,31846,0,0,0,0,1236.142901062721
21womue(3),|||;30842.5,31846,31846,31846,0,0,0,0,1241.142901062721
21womue(3),|||;30842.5,31846,31846,31846,0,0,0,0,1246.142901062721
21womue(3),|||;30842.5,31846,31846,31846,0,0,0,0,1251.142901062721
21womue(3),|||;30842.5,31846,31846,31846,0,0,0,0,1256.142901062721
21womue(3),|||;30842.5,31846,31846,31846,0,0,0,0,1261.142901062721
21womue(3),|||;30842.5,31846,31846,31846,0,0,0,0,1266.142901062721
21womue(3),|||;30842.5,31846,31846,31846,0,0,0,0,1271.142901062721
21womue(3),|||;30842.5,31846,31846,31846,0,0,0,0,1276.142901062721
21womue(3),|||;30842.5,31846,31846,31846,0,0,0,0,1281.142901062721
21womue(3),|||;30842.5,31846,31846,31846,0,0,0,0,1286.142901062721
21womue(3),214sigho(0),|214sigho(0),|214sigho(0),|214sigho(0),;28861.1,30525,29864.6,30525,10.285704808599,7.035580738424,10.285704808599,7.035580738424,1291.142901062721
21womue(3),214sigho(2),|214sigho(2),|214sigho(2),|214sigho(2),;28861.1,30525,29864.6,30525,5.285704808599,2.035580738424,5.285704808599,2.035580738424,1296.142901062721
21womue(3),214sigho(3),854qruca(0),|214sigho(3),|214sigho(3),854qruca(0),|214sigho(3),854qruca(0),;27232.9,30525,28236.4,28354.1,11.322264141904,0,11.322264141904,10.672117989858,1301.142901062721
21womue(3),214sigho(3),854qruca(2),|214sigho(3),|214sigho(3),854qruca(2),|214sigho(3),854qruca(2),;27232.9,30525,28236.4,28354.1,6.322264141904,0,6.322264141904,5.672117989858,1306.142901062721
21womue(3),214sigho(3),854qruca(3),|214sigho(3),|214sigho(3),854qruca(3),|214sigho(3),854qruca(2),;27232.9,30525,28236.4,28354.1,1.322264141904,0,1.322264141904,0.672117989858,1311.142901062721
21womue(3),214sigho(3),854qruca(3),|214sigho(3),|214sigho(3),854qruca(3),|214sigho(3),854qruca(3),;27232.9,30525,28236.4,28354.1,0,0,0,0,1316.142901062721
21womue(3),214sigho(3),854qruca(3),|214sigho(3),|214sigho(3),854qruca(3),|214sigho(3),854qruca(3),;27232.9,30525,28236.4,28354.1,0,0,0,0,1321.142901062721
21womue(3),214sigho(3),854qruca(3),|214sigho(3),|214sigho(3),854qruca(3),|214sigho(3),854qruca(3),;27232.9,30525,28236.4,28354.1,0,0,0,0,1326.142901062721
21womue(3),214sigho(3),854qruca(3),|214sigho(3),|214sigho(3),854qruca(3),|214sigho(3),854qruca(3),;27232.9,30525,28236.4,28354.1,0,0,0,0,1331.142901062721
21womue(3),214sigho(3),854qruca(3),|214sigho(3),|214sigho(3),854qruca(3),|214sigho(3),854qruca(3),;27232.9,30525,28236.4,28354.1,0,0,0,0,1336.142901062721
21womue(3),214sigho(3),854qruca(3),|214sigho(3),|214sigho(3),854qruca(3),|214sigho(3),854qruca(3),;27232.9,30525,28236.4,28354.1,0,0,0,0,1341.142901062721
21womue(3),214sigho(3),854qruca(3),|214sigho(3),|214sigho(3),854qruca(3),|214sigho(3),854qruca(3),;27232.9,30525,28236.4,28354.1,0,0,0,0,1346.142901062721
21womue(3),214sigho(3),854qruca(3),|214sigho(3),|214sigho(3),854qruca(3),|214sigho(3),854qruca(3),;27232.9,30525,28236.4,28354.1,0,0,0,0,1351.142901062721
21womue(3),214sigho(3),854qruca(3),|214sigho(3),|214sigho(3),854qruca(3),|214sigho(3),854qruca(3),;27232.9,30525,28236.4,28354.1,0,0,0,0,1356.142901062721
21womue(3),214sigho(3),854qruca(3),|214sigho(3),|214sigho(3),854qruca(3),|214sigho(3),854qruca(3),;27232.9,30525,28236.4,28354.1,0,0,0,0,1361.142901062721
21womue(3),214sigho(3),854qruca(3),|214sigho(3),|214sigho(3),854qruca(3),|214sigho(3),854qruca(3),;27232.9,30525,28236.4,28354.1,0,0,0,0,1366.142901062721
21womue(3),214sigho(3),854qruca(3),|214sigho(3),|214sigho(3),854qruca(3),|214sigho(3),854qruca(3),;27232.9,30525,28236.4,28354.1,0,0,0,0,1371.142901062721
21womue(3),214sigho(3),854qruca(3),|214sigho(3),|214sigho(3),854qruca(3),|214sigho(3),854qruca(3),;27232.9,30525,28236.4,28354.1,0,0,0,0,1376.142901062721
21womue(3),214sigho(3),854qruca(3),|214sigho(3),|214sigho(3),854qruca(3),|214sigho(3),854qruca(3),;27232.9,30525,28236.4,28354.1,0,0,0,0,1381.142901062721
21womue(3),214sigho(3),854qruca(3),|214sigho(3),|214sigho(3),854qruca(3),|214sigho(3),854qruca(3),;27232.9,30525,28236.4,28354.1,0,0,0,0,1386.142901062721
21womue(3),214sigho(3),854qruca(3),|214sigho(3),|214sigho(3),854qruca(3),|214sigho(3),854qruca(3),;27232.9,30525,28236.4,28354.1,0,0,0,0,1391.142901062721
21womue(3),214sigho(3),854qruca(3),|214sigho(3),|214sigho(3),854qruca(3),|214sigho(3),854qruca(3),;27232.9,30525,28236.4,28354.1,0,0,0,0,1396.142901062721
21womue(3),214sigho(3),854qruca(3),|214sigho(3),|214sigho(3),854qruca(3),|214sigho(3),854qruca(3),;27232.9,30525,28236.4,28354.1,0,0,0,0,1401.142901062721
21womue(3),214sigho(3),854qruca(3),|214sigho(3),|214sigho(3),854qruca(3),|214sigho(3),854qruca(3),;27232.9,30525,28236.4,28354.1,0,0,0,0,1406.142901062721
21womue(3),214sigho(3),854qruca(3),|214sigho(3),|214sigho(3),854qruca(3),|214sigho(3),854qruca(3),;27232.9,30525,28236.4,28354.1,0,0,0,0,1411.142901062721
21womue(3),214sigho(3),854qruca(3),|214sigho(3),|214sigho(3),854qruca(3),|214sigho(3),854qruca(3),268kvfwp(0),;27232.9,30525,28236.4,25671.2,0,0,0,14.003346173742,1416.142901062721
21womue(3),214sigho(3),854qruca(3),|214sigho(3),|214sigho(3),854qruca(3),|214sigho(3),854qruca(3),268kvfwp(2),;27232.9,30525,28236.4,25671.2,0,0,0,9.003346173742,1421.142901062721
21womue(3),214sigho(3),854qruca(3),|214sigho(3),|214sigho(3),854qruca(3),|214sigho(3),854qruca(3),268kvfwp(2),;27232.9,30525,28236.4,25671.2,0,0,0,4.003346173742,1426.142901062721
21womue(3),214sigho(3),854qruca(3),|214sigho(3),|214sigho(3),854qruca(3),|214sigho(3),854qruca(3),268kvfwp(3),;27232.9,30525,28236.4,25671.2,0,0,0,0,1431.142901062721
21womue(3),214sigho(3),854qruca(3),|214sigho(3),|214sigho(3),854qruca(3),|214sigho(3),854qruca(3),268kvfwp(3),;27232.9,30525,28236.4,25671.2,0,0,0,0,1436.142901062721
21womue(3),214sigho(3),854qruca(3),|214sigho(3),|214sigho(3),854qruca(3),|214sigho(3),854qruca(3),268kvfwp(3),;27232.9,30525,28236.4,25671.2,0,0,0,0,1441.142901062721
21womue(3),214sigho(3),854qruca(3),|214sigho(3),|214sigho(3),854qruca(3),|214sigho(3),854qruca(3),268kvfwp(3),;27232.9,30525,28236.4,25671.2,0,0,0,0,1446.142901062721
21womue(3),214sigho(3),|214sigho(3),|214sigho(3),|214sigho(3),268kvfwp(3),;28861.1,30525,29864.6,27842.1,0,0,0,0,1451.142901062721
21womue(3),214sigho(3),|214sigho(3),|214sigho(3),|214sigho(3),268kvfwp(3),;28861.1,30525,29864.6,27842.1,0,0,0,0,1456.142901062721
214sigho(3),|214sigho(3),|214sigho(3),|214sigho(3),268kvfwp(3),;29864.6,30525,29864.6,27842.1,0,0,0,0,1461.142901062721
214sigho(3),|214sigho(3),|214sigho(3),|214sigho(3),268kvfwp(3),;29864.6,30525,29864.6,27842.1,0,0,0,0,1466.142901062721
214sigho(3),|214sigho(3),|214sigho(3),|214sigho(3),268kvfwp(3),;29864.6,30525,29864.6,27842.1,0,0,0,0,1471.142901062721
214sigho(3),|214sigho(3),|214sigho(3),|214sigho(3),268kvfwp(3),;29864.6,30525,29864.6,27842.1,0,0,0,0,1476.142901062721
214sigho(3),|214sigho(3),|214sigho(3),|214sigho(3),268kvfwp(3),;29864.6,30525,29864.6,27842.1,0,0,0,0,1481.142901062721
214sigho(3),|214sigho(3),|214sigho(3),|214sigho(3),268kvfwp(3),;29864.6,30525,29864.6,27842.1,0,0,0,0,1486.142901062721
214sigho(3),59wjcvq(0),|214sigho(3),59wjcvq(0),|214sigho(3),59wjcvq(0),|214sigho(3),268kvfwp(3),59wjcvq(0),;28881.6,26592.8,25932.4,26859.1,7.513961348274,21.642143243011,21.642143243011,7.513961348274,1491.142901062721
214sigho(3),59wjcvq(2),|214sigho(3),59wjcvq(2),|214sigho(3),59wjcvq(2),|214sigho(3),268kvfwp(3),59wjcvq(2),;28881.6,26592.8,25932.4,26859.1,2.513961348274,16.642143243011,16.642143243011,2.513961348274,1496.142901062721
214sigho(3),|214sigho(3),59wjcvq(2),|214sigho(3),59wjcvq(2),|214sigho(3),268kvfwp(3),;29864.6,26592.8,25932.4,27842.1,0,11.642143243011,11.642143243011,0,1501.142901062721
214sigho(3),|214sigho(3),59wjcvq(2),|214sigho(3),59wjcvq(2),|214sigho(3),268kvfwp(3),;29864.6,26592.8,25932.4,27842.1,0,6.642143243011,6.642143243011,0,1506.142901062721
214sigho(3),|214sigho(3),59wjcvq(2),|214sigho(3),59wjcvq(2),|214sigho(3),268kvfwp(3),;29864.6,26592.8,25932.4,27842.1,0,1.642143243011,1.642143243011,0,1511.142901062721
214sigho(3),|214sigho(3),59wjcvq(3),|214sigho(3),59wjcvq(3),|214sigho(3),268kvfwp(3),;29864.6,26592.8,25932.4,27842.1,0,0,0,0,1516.142901062721
214sigho(3),|214sigho(3),59wjcvq(3),|214sigho(3),59wjcvq(3),|214sigho(3),268kvfwp(3),;29864.6,26592.8,25932.4,27842.1,0,0,0,0,1521.142901062721
214sigho(3),|214sigho(3),59wjcvq(3),|214sigho(3),59wjcvq(3),|214sigho(3),268kvfwp(3),;29864.6,26592.8,25932.4,27842.1,0,0,0,0,1526.142901062721
214sigho(3),|214sigho(3),59wjcvq(3),|214sigho(3),59wjcvq(3),|214sigho(3),268kvfwp(3),126lpuey(0),;29864.6,26592.8,25932.4,26966.6,0,0,0,6.597646220275,1531.142901062721
214sigho(3),|214sigho(3),59wjcvq(3),|214sigho(3),59wjcvq(3),|214sigho(3),268kvfwp(3),126lpuey(2),;29864.6,26592.8,25932.4,26966.6,0,0,0,1.597646220275,1536.142901062721
214sigho(3),|214sigho(3),59wjcvq(3),|214sigho(3),59wjcvq(3),|214sigho(3),268kvfwp(3),;29864.6,26592.8,25932.4,27842.1,0,0,0,0,1541.142901062721
214sigho(3),|214sigho(3),59wjcvq(3),|214sigho(3),59wjcvq(3),|214sigho(3),268kvfwp(3),;29864.6,26592.8,25932.4,27842.1,0,0,0,0,1546.142901062721
214sigho(3),|214sigho(3),59wjcvq(3),|214sigho(3),59wjcvq(3),|214sigho(3),268kvfwp(3),;29864.6,26592.8,25932.4,27842.1,0,0,0,0,1551.142901062721
214sigho(3),|214sigho(3),59wjcvq(3),|214sigho(3),59wjcvq(3),|214sigho(3),268kvfwp(3),;29864.6,26592.8,25932.4,27842.1,0,0,0,0,1556.142901062721
214sigho(3),|214sigho(3),59wjcvq(3),|214sigho(3),59wjcvq(3),|214sigho(3),268kvfwp(3),;29864.6,26592.8,25932.4,27842.1,0,0,0,0,1561.142901062721
214sigho(3),|214sigho(3),59wjcvq(3),|214sigho(3),59wjcvq(3),|214sigho(3),268kvfwp(3),;29864.6,26592.8,25932.4,27842.1,0,0,0,0,1566.142901062721
214sigho(3),|214sigho(3),59wjcvq(3),|214sigho(3),59wjcvq(3),|214sigho(3),268kvfwp(3),;29864.6,26592.8,25932.4,27842.1,0,0,0,0,1571.142901062721
214sigho(3),|214sigho(3),59wjcvq(3),|214sigho(3),59wjcvq(3),|214sigho(3),268kvfwp(3),;29864.6,26592.8,25932.4,27842.1,0,0,0,0,1576.142901062721
214sigho(3),|214sigho(3),59wjcvq(3),|214sigho(3),59wjcvq(3),|214sigho(3),268kvfwp(3),;29864.6,26592.8,25932.4,27842.1,0,0,0,0,1581.142901062721
214sigho(3),|214sigho(3),59wjcvq(3),|214sigho(3),59wjcvq(3),|214sigho(3),268kvfwp(3),;29864.6,26592.8,25932.4,27842.1,0,0,0,0,1586.142901062721
214sigho(3),|214sigho(3),59wjcvq(3),|214sigho(3),59wjcvq(3),|214sigho(3),268kvfwp(3),;29864.6,26592.8,25932.4,27842.1,0,0,0,0,1591.142901062721
214sigho(3),854mwkju(2),|214sigho(3),59wjcvq(3),854mwkju(2),|214sigho(3),59wjcvq(3),854mwkju(2),|214sigho(3),268kvfwp(3),;29301.4,26029.6,25369.2,27842.1,0.322678475805,0.322678475805,0.322678475805,0,1596.142901062721
214sigho(3),|214sigho(3),59wjcvq(3),|214sigho(3),59wjcvq(3),|214sigho(3),268kvfwp(3),;29864.6,26592.8,25932.4,27842.1,0,0,0,0,1601.142901062721
214sigho(3),|214sigho(3),59wjcvq(3),|214sigho(3),59wjcvq(3),|214sigho(3),268kvfwp(3),;29864.6,26592.8,25932.4,27842.1,0,0,0,0,1606.142901062721
214sigho(3),|214sigho(3),59wjcvq(3),|214sigho(3),59wjcvq(3),|214sigho(3),268kvfwp(3),;29864.6,26592.8,25932.4,27842.1,0,0,0,0,1611.142901062721
214sigho(3),|214sigho(3),|214sigho(3),|214sigho(3),268kvfwp(3),;29864.6,30525,29864.6,27842.1,0,0,0,0,1616.142901062721
214sigho(3),|214sigho(3),|214sigho(3),|214sigho(3),268kvfwp(3),;29864.6,30525,29864.6,27842.1,0,0,0,0,1621.142901062721
214sigho(3),|214sigho(3),|214sigho(3),|214sigho(3),268kvfwp(3),;29864.6,30525,29864.6,27842.1,0,0,0,0,1626.142901062721
214sigho(3),|214sigho(3),|214sigho(3),|214sigho(3),268kvfwp(3),;29864.6,30525,29864.6,27842.1,0,0,0,0,1631.142901062721
214sigho(3),|214sigho(3),|214sigho(3),|214sigho(3),268kvfwp(3),;29864.6,30525,29864.6,27842.1,0,0,0,0,1636.142901062721
214sigho(3),|214sigho(3),|214sigho(3),|214sigho(3),268kvfwp(3),;29864.6,30525,29864.6,27842.1,0,0,0,0,1641.142901062721
214sigho(3),|214sigho(3),|214sigho(3),|214sigho(3),268kvfwp(3),;29864.6,30525,29864.6,27842.1,0,0,0,0,1646.142901062721
214sigho(3),|214sigho(3),|214sigho(3),|214sigho(3),268kvfwp(3),;29864.6,30525,29864.6,27842.1,0,0,0,0,1651.142901062721
214sigho(3),|214sigho(3),21gmbry(2),|214sigho(3),|214sigho(3),268kvfwp(3),21gmbry(2),;29864.6,27289.2,29864.6,23797.3,0,16.045074213854,0,20.025846330813,1656.142901062721
214sigho(3),|214sigho(3),21gmbry(2),|214sigho(3),|214sigho(3),21gmbry(2),;29864.6,27289.2,29864.6,26480.2,0,11.045074213854,0,15.025846330813,1661.142901062721
214sigho(3),|214sigho(3),21gmbry(2),|214sigho(3),|214sigho(3),21gmbry(2),;29864.6,27289.2,29864.6,26480.2,0,6.045074213854,0,10.025846330813,1666.142901062721
214sigho(3),|214sigho(3),21gmbry(2),|214sigho(3),|214sigho(3),21gmbry(2),;29864.6,27289.2,29864.6,26480.2,0,1.045074213854,0,5.025846330813,1671.142901062721
214sigho(3),|214sigho(3),21gmbry(3),|214sigho(3),|214sigho(3),21gmbry(3),;29864.6,27289.2,29864.6,26480.2,0,0,0,0.025846330813,1676.142901062721
214sigho(3),|214sigho(3),21gmbry(3),|214sigho(3),|214sigho(3),21gmbry(3),;29864.6,27289.2,29864.6,26480.2,0,0,0,0,1681.142901062721
214sigho(3),|214sigho(3),21gmbry(3),|214sigho(3),|214sigho(3),21gmbry(3),;29864.6,27289.2,29864.6,26480.2,0,0,0,0,1686.142901062721
214sigho(3),|214sigho(3),21gmbry(3),|214sigho(3),|214sigho(3),21gmbry(3),;29864.6,27289.2,29864.6,26480.2,0,0,0,0,1691.142901062721
214sigho(3),|214sigho(3),21gmbry(3),|214sigho(3),|214sigho(3),21gmbry(3),;29864.6,27289.2,29864.6,26480.2,0,0,0,0,1696.142901062721
214sigho(3),|214sigho(3),21gmbry(3),|214sigho(3),|214sigho(3),21gmbry(3),;29864.6,27289.2,29864.6,26480.2,0,0,0,0,1701.142901062721
214sigho(3),|214sigho(3),21gmbry(3),|214sigho(3),|214sigho(3),21gmbry(3),;29864.6,27289.2,29864.6,26480.2,0,0,0,0,1706.142901062721
214sigho(3),|214sigho(3),21gmbry(3),|214sigho(3),|214sigho(3),21gmbry(3),;29864.6,27289.2,29864.6,26480.2,0,0,0,0,1711.142901062721
214sigho(3),|214sigho(3),21gmbry(3),|214sigho(3),|214sigho(3),21gmbry(3),;29864.6,27289.2,29864.6,26480.2,0,0,0,0,1716.142901062721
214sigho(3),|214sigho(3),21gmbry(3),|214sigho(3),|214sigho(3),21gmbry(3),;29864.6,27289.2,29864.6,26480.2,0,0,0,0,1721.142901062721
214sigho(3),|214sigho(3),21gmbry(3),|214sigho(3),|214sigho(3),21gmbry(3),;29864.6,27289.2,29864.6,26480.2,0,0,0,0,1726.142901062721
214sigho(3),|214sigho(3),21gmbry(3),|214sigho(3),|214sigho(3),21gmbry(3),;29864.6,27289.2,29864.6,26480.2,0,0,0,0,1731.142901062721
214sigho(3),|214sigho(3),21gmbry(3),|214sigho(3),|214sigho(3),21gmbry(3),;29864.6,27289.2,29864.6,26480.2,0,0,0,0,1736.142901062721
214sigho(3),|214sigho(3),21gmbry(3),|214sigho(3),|214sigho(3),21gmbry(3),;29864.6,27289.2,29864.6,26480.2,0,0,0,0,1741.142901062721
214sigho(3),|214sigho(3),21gmbry(3),|214sigho(3),|214sigho(3),21gmbry(3),;29864.6,27289.2,29864.6,26480.2,0,0,0,0,1746.142901062721
214sigho(3),|214sigho(3),21gmbry(3),|214sigho(3),|214sigho(3),21gmbry(3),;29864.6,27289.2,29864.6,26480.2,0,0,0,0,1751.142901062721
214sigho(3),|214sigho(3),21gmbry(3),|214sigho(3),|214sigho(3),21gmbry(3),;29864.6,27289.2,29864.6,26480.2,0,0,0,0,1756.142901062721
214sigho(3),|214sigho(3),21gmbry(3),|214sigho(3),|214sigho(3),21gmbry(3),;29864.6,27289.2,29864.6,26480.2,0,0,0,0,1761.142901062721
214sigho(3),|214sigho(3),21gmbry(3),|214sigho(3),|214sigho(3),21gmbry(3),;29864.6,27289.2,29864.6,26480.2,0,0,0,0,1766.142901062721
214sigho(3),|214sigho(3),21gmbry(3),|214sigho(3),|214sigho(3),21gmbry(3),;29864.6,27289.2,29864.6,26480.2,0,0,0,0,1771.142901062721
214sigho(3),|214sigho(3),21gmbry(3),|214sigho(3),|214sigho(3),21gmbry(3),;29864.6,27289.2,29864.6,26480.2,0,0,0,0,1776.142901062721
214sigho(3),|214sigho(3),21gmbry(3),|214sigho(3),|214sigho(3),21gmbry(3),;29864.6,27289.2,29864.6,26480.2,0,0,0,0,1781.142901062721
214sigho(3),|214sigho(3),|214sigho(3),|214sigho(3),;29864.6,30525,29864.6,30525,0,0,0,0,1786.142901062721
214sigho(3),|214sigho(3),|214sigho(3),|214sigho(3),;29864.6,30525,29864.6,30525,0,0,0,0,1791.142901062721
214sigho(3),|214sigho(3),|214sigho(3),|214sigho(3),;29864.6,30525,29864.6,30525,0,0,0,0,1796.142901062721
214sigho(3),|214sigho(3),|214sigho(3),|214sigho(3),;29864.6,30525,29864.6,30525,0,0,0,0,1801.142901062721
214sigho(3),|214sigho(3),|214sigho(3),|214sigho(3),;29864.6,30525,29864.6,30525,0,0,0,0,1806.142901062721
214sigho(3),|214sigho(3),|214sigho(3),|214sigho(3),;29864.6,30525,29864.6,30525,0,0,0,0,1811.142901062721
214sigho(3),|214sigho(3),|214sigho(3),|214sigho(3),;29864.6,30525,29864.6,30525,0,0,0,0,1816.142901062721
214sigho(3),|214sigho(3),|214sigho(3),|214sigho(3),;29864.6,30525,29864.6,30525,0,0,0,0,1821.142901062721
214sigho(3),|214sigho(3),|214sigho(3),|214sigho(3),;29864.6,30525,29864.6,30525,0,0,0,0,1826.142901062721
214sigho(3),|214sigho(3),|214sigho(3),|214sigho(3),;29864.6,30525,29864.6,30525,0,0,0,0,1831.142901062721
214sigho(3),|214sigho(3),|214sigho(3),|214sigho(3),;29864.6,30525,29864.6,30525,0,0,0,0,1836.142901062721
214sigho(3),|214sigho(3),|214sigho(3),|214sigho(3),;29864.6,30525,29864.6,30525,0,0,0,0,1841.142901062721
214sigho(3),|214sigho(3),|214sigho(3),|214sigho(3),;29864.6,30525,29864.6,30525,0,0,0,0,1846.142901062721
214sigho(3),|214sigho(3),|214sigho(3),|214sigho(3),;29864.6,30525,29864.6,30525,0,0,0,0,1851.142901062721
214sigho(3),|214sigho(3),|214sigho(3),|214sigho(3),;29864.6,30525,29864.6,30525,0,0,0,0,1856.142901062721
214sigho(3),|214sigho(3),|214sigho(3),|214sigho(3),;29864.6,30525,29864.6,30525,0,0,0,0,1861.142901062721
214sigho(3),|214sigho(3),|214sigho(3),|214sigho(3),;29864.6,30525,29864.6,30525,0,0,0,0,1866.142901062721
|||;31846,31846,31846,31846,0,0,0,0,1871.142901062721
|||;31846,31846,31846,31846,0,0,0,0,1876.142901062721
|||;31846,31846,31846,31846,0,0,0,0,1881.142901062721
|||;31846,31846,31846,31846,0,0,0,0,1886.142901062721
|||;31846,31846,31846,31846,0,0,0,0,1891.142901062721
|||;31846,31846,31846,31846,0,0,0,0,1896.142901062721
|||;31846,31846,31846,31846,0,0,0,0,1901.142901062721
|||;31846,31846,31846,31846,0,0,0,0,1906.142901062721
|||;31846,31846,31846,31846,0,0,0,0,1911.142901062721
|||;31846,31846,31846,31846,0,0,0,0,1916.142901062721
|||;31846,31846,31846,31846,0,0,0,0,1921.142901062721
|||;31846,31846,31846,31846,0,0,0,0,1926.142901062721
|||;31846,31846,31846,31846,0,0,0,0,1931.142901062721
|||;31846,31846,31846,31846,0,0,0,0,1936.142901062721
|||;31846,31846,31846,31846,0,0,0,0,1941.142901062721
|||;31846,31846,31846,31846,0,0,0,0,1946.142901062721
|||;31846,31846,31846,31846,0,0,0,0,1951.142901062721
|||;31846,31846,31846,31846,0,0,0,0,1956.142901062721
|||;31846,31846,31846,31846,0,0,0,0,1961.142901062721
|||;31846,31846,31846,31846,0,0,0,0,1966.142901062721
|||;31846,31846,31846,31846,0,0,0,0,1971.142901062721
|||;31846,31846,31846,31846,0,0,0,0,1976.142901062721
|434mwisu(2),|434mwisu(2),|;31846,28057.2,28057.2,31846,0,15.675375343639,15.675375343639,0,1981.142901062721
|434mwisu(2),|434mwisu(2),|;31846,28057.2,28057.2,31846,0,10.675375343639,10.675375343639,0,1986.142901062721
|434mwisu(2),|434mwisu(2),|;31846,28057.2,28057.2,31846,0,5.675375343639,5.675375343639,0,1991.142901062721
|434mwisu(2),|434mwisu(2),|;31846,28057.2,28057.2,31846,0,0.675375343639,0.675375343639,0,1996.142901062721
