|||;25702,25702,25702,25702,0,0,0,0,1.105251632784
|||;25702,25702,25702,25702,0,0,0,0,6.105251632784
|||;25702,25702,25702,25702,0,0,0,0,11.105251632784
|||;25702,25702,25702,25702,0,0,0,0,16.105251632784
||247ejtkx(2),|;25702,25702,24903.3,25702,0,0,4.425592946785,0,21.105251632784
||247ejtkx(3),|;25702,25702,24903.3,25702,0,0,0,0,26.105251632784
||247ejtkx(3),|;25702,25702,24903.3,25702,0,0,0,0,31.105251632784
||247ejtkx(3),|;25702,25702,24903.3,25702,0,0,0,0,36.105251632784
||247ejtkx(3),|;25702,25702,24903.3,25702,0,0,0,0,41.105251632784
||247ejtkx(3),|;25702,25702,24903.3,25702,0,0,0,0,46.105251632784
||247ejtkx(3),|;25702,25702,24903.3,25702,0,0,0,0,51.105251632784
||247ejtkx(3),|;25702,25702,24903.3,25702,0,0,0,0,56.105251632784
||247ejtkx(3),|;25702,25702,24903.3,25702,0,0,0,0,61.105251632784
||247ejtkx(3),|;25702,25702,24903.3,25702,0,0,0,0,66.105251632784
||247ejtkx(3),|;25702,25702,24903.3,25702,0,0,0,0,71.105251632784
||247ejtkx(3),|;25702,25702,24903.3,25702,0,0,0,0,76.105251632784
||247ejtkx(3),|;25702,25702,24903.3,25702,0,0,0,0,81.105251632784
||247ejtkx(3),|;25702,25702,24903.3,25702,0,0,0,0,86.105251632784
||247ejtkx(3),|;25702,25702,24903.3,25702,0,0,0,0,91.105251632784
||247ejtkx(3),|;25702,25702,24903.3,25702,0,0,0,0,96.105251632784
||247ejtkx(3),|;25702,25702,24903.3,25702,0,0,0,0,101.105251632784
||247ejtkx(3),|;25702,25702,24903.3,25702,0,0,0,0,106.105251632784
||247ejtkx(3),|;25702,25702,24903.3,25702,0,0,0,0,111.105251632784
||247ejtkx(3),|;25702,25702,24903.3,25702,0,0,0,0,116.105251632784
||247ejtkx(3),|;25702,25702,24903.3,25702,0,0,0,0,121.105251632784
|682ngvem(0),|247ejtkx(3),682ngvem(0),|;25702,23142,22343.3,25702,0,15.747810479799,15.747810479799,0,126.105251632784
|682ngvem(2),|247ejtkx(3),682ngvem(2),|;25702,23142,22343.3,25702,0,10.747810479799,10.747810479799,0,131.105251632784
|682ngvem(2),|247ejtkx(3),682ngvem(2),|;25702,23142,22343.3,25702,0,5.747810479799,5.747810479799,0,136.105251632784
|682ngvem(2),|247ejtkx(3),682ngvem(2),|;25702,23142,22343.3,25702,0,0.747810479799,0.747810479799,0,141.105251632784
|682ngvem(3),|247ejtkx(3),682ngvem(3),|;25702,23142,22343.3,25702,0,0,0,0,146.105251632784
|682ngvem(3),|247ejtkx(3),682ngvem(3),|;25702,23142,22343.3,25702,0,0,0,0,151.105251632784
|682ngvem(3),|247ejtkx(3),682ngvem(3),|;25702,23142,22343.3,25702,0,0,0,0,156.105251632784
|682ngvem(3),|247ejtkx(3),682ngvem(3),|;25702,23142,22343.3,25702,0,0,0,0,161.105251632784
|682ngvem(3),|247ejtkx(3),682ngvem(3),|;25702,23142,22343.3,25702,0,0,0,0,166.105251632784
|682ngvem(3),|247ejtkx(3),682ngvem(3),|;25702,23142,22343.3,25702,0,0,0,0,171.105251632784
|682ngvem(3),|247ejtkx(3),682ngvem(3),|;25702,23142,22343.3,25702,0,0,0,0,176.105251632784
369zqhoa(0),|682ngvem(3),369zqhoa(0),|247ejtkx(3),682ngvem(3),369zqhoa(0),|369zqhoa(0),;25159.3,21513.8,21257.9,24073.8,4.116637607076,10.560061143308,7.338349375192,10.560061143308,181.105251632784
|682ngvem(3),369zqhoa(2),|247ejtkx(3),682ngvem(3),369zqhoa(2),|369zqhoa(2),;25702,21513.8,21257.9,24073.8,0,5.560061143308,2.338349375192,5.560061143308,186.105251632784
185uwyfd(0),|682ngvem(3),369zqhoa(2),185uwyfd(0),|247ejtkx(3),682ngvem(3),185uwyfd(0),|369zqhoa(2),185uwyfd(0),;23536.2,19348,20899.5,22630,14.507835572929,17.071552349021,10.22235105119,12.786067827282,191.105251632784
185uwyfd(2),|682ngvem(3),185uwyfd(2),|247ejtkx(3),682ngvem(3),185uwyfd(2),|185uwyfd(2),;23536.2,20976.2,20899.5,24258.2,9.507835572929,12.071552349021,5.22235105119,7.786067827282,196.105251632784
185uwyfd(2),|682ngvem(3),185uwyfd(2),|247ejtkx(3),682ngvem(3),185uwyfd(2),|185uwyfd(2),;23536.2,20976.2,20899.5,24258.2,4.507835572929,7.071552349021,0.22235105119,2.786067827282,201.105251632784
|682ngvem(3),185uwyfd(3),|247ejtkx(3),682ngvem(3),|;25702,20976.2,22343.3,25702,0,2.071552349021,0,0,206.105251632784
|682ngvem(3),185uwyfd(3),|247ejtkx(3),682ngvem(3),|;25702,20976.2,22343.3,25702,0,0,0,0,211.105251632784
|682ngvem(3),185uwyfd(3),|247ejtkx(3),682ngvem(3),|;25702,20976.2,22343.3,25702,0,0,0,0,216.105251632784
|682ngvem(3),185uwyfd(3),|247ejtkx(3),682ngvem(3),|;25702,20976.2,22343.3,25702,0,0,0,0,221.105251632784
|682ngvem(3),185uwyfd(3),|247ejtkx(3),682ngvem(3),|;25702,20976.2,22343.3,25702,0,0,0,0,226.105251632784
|682ngvem(3),185uwyfd(3),|247ejtkx(3),682ngvem(3),|;25702,20976.2,22343.3,25702,0,0,0,0,231.105251632784
|682ngvem(3),185uwyfd(3),|247ejtkx(3),682ngvem(3),|;25702,20976.2,22343.3,25702,0,0,0,0,236.105251632784
|682ngvem(3),185uwyfd(3),|247ejtkx(3),682ngvem(3),|;25702,20976.2,22343.3,25702,0,0,0,0,241.105251632784
|682ngvem(3),185uwyfd(3),|247ejtkx(3),682ngvem(3),|;25702,20976.2,22343.3,25702,0,0,0,0,246.105251632784
|682ngvem(3),185uwyfd(3),|247ejtkx(3),682ngvem(3),|;25702,20976.2,22343.3,25702,0,0,0,0,251.105251632784
|682ngvem(3),185uwyfd(3),|247ejtkx(3),682ngvem(3),|;25702,20976.2,22343.3,25702,0,0,0,0,256.105251632784
|682ngvem(3),185uwyfd(3),|247ejtkx(3),682ngvem(3),|;25702,20976.2,22343.3,25702,0,0,0,0,261.105251632784
|682ngvem(3),185uwyfd(3),|247ejtkx(3),682ngvem(3),|;25702,20976.2,22343.3,25702,0,0,0,0,266.105251632784
|682ngvem(3),185uwyfd(3),|247ejtkx(3),682ngvem(3),|;25702,20976.2,22343.3,25702,0,0,0,0,271.105251632784
|682ngvem(3),185uwyfd(3),|247ejtkx(3),682ngvem(3),|;25702,20976.2,22343.3,25702,0,0,0,0,276.105251632784
|682ngvem(3),185uwyfd(3),|247ejtkx(3),682ngvem(3),|;25702,20976.2,22343.3,25702,0,0,0,0,281.105251632784
|682ngvem(3),185uwyfd(3),|247ejtkx(3),682ngvem(3),|;25702,20976.2,22343.3,25702,0,0,0,0,286.105251632784
|682ngvem(3),185uwyfd(3),|682ngvem(3),|;25702,20976.2,23142,25702,0,0,0,0,291.105251632784
|682ngvem(3),185uwyfd(3),772icznl(0),|682ngvem(3),772icznl(0),|;25702,20003.4,22169.2,25702,0,10.263117993581,10.263117993581,0,296.105251632784
|682ngvem(3),185uwyfd(3),772icznl(2),|682ngvem(3),772icznl(2),|;25702,20003.4,22169.2,25702,0,5.263117993581,5.263117993581,0,301.105251632784
|682ngvem(3),185uwyfd(3),772icznl(3),|682ngvem(3),772icznl(3),|;25702,20003.4,22169.2,25702,0,0.263117993581,0.263117993581,0,306.105251632784
|682ngvem(3),185uwyfd(3),772icznl(3),|682ngvem(3),772icznl(3),|;25702,20003.4,22169.2,25702,0,0,0,0,311.105251632784
|682ngvem(3),185uwyfd(3),772icznl(3),|682ngvem(3),772icznl(3),|;25702,20003.4,22169.2,25702,0,0,0,0,316.105251632784
|682ngvem(3),185uwyfd(3),772icznl(3),|682ngvem(3),772icznl(3),|;25702,20003.4,22169.2,25702,0,0,0,0,321.105251632784
|682ngvem(3),185uwyfd(3),772icznl(3),|682ngvem(3),772icznl(3),|;25702,20003.4,22169.2,25702,0,0,0,0,326.105251632784
|682ngvem(3),185uwyfd(3),772icznl(3),|682ngvem(3),772icznl(3),|;25702,20003.4,22169.2,25702,0,0,0,0,331.105251632784
|682ngvem(3),185uwyfd(3),772icznl(3),|682ngvem(3),772icznl(3),|;25702,20003.4,22169.2,25702,0,0,0,0,336.105251632784
|682ngvem(3),185uwyfd(3),772icznl(3),|682ngvem(3),772icznl(3),|;25702,20003.4,22169.2,25702,0,0,0,0,341.105251632784
|682ngvem(3),185uwyfd(3),772icznl(3),|682ngvem(3),772icznl(3),|;25702,20003.4,22169.2,25702,0,0,0,0,346.105251632784
|682ngvem(3),185uwyfd(3),772icznl(3),|682ngvem(3),772icznl(3),|;25702,20003.4,22169.2,25702,0,0,0,0,351.105251632784
|682ngvem(3),185uwyfd(3),772icznl(3),772hlimz(0),|682ngvem(3),772icznl(3),|;25702,19163.7,22169.2,25702,0,6.785605879796,0,0,356.105251632784
|682ngvem(3),185uwyfd(3),772hlimz(2),|682ngvem(3),|;25702,20136.5,23142,25702,0,1.785605879796,0,0,361.105251632784
|185uwyfd(3),||;25702,23536.2,25702,25702,0,0,0,0,366.105251632784
|185uwyfd(3),||;25702,23536.2,25702,25702,0,0,0,0,371.105251632784
|185uwyfd(3),||;25702,23536.2,25702,25702,0,0,0,0,376.105251632784
|185uwyfd(3),||;25702,23536.2,25702,25702,0,0,0,0,381.105251632784
|185uwyfd(3),||;25702,23536.2,25702,25702,0,0,0,0,386.105251632784
|||;25702,25702,25702,25702,0,0,0,0,391.105251632784
|||;25702,25702,25702,25702,0,0,0,0,396.105251632784
|||;25702,25702,25702,25702,0,0,0,0,401.105251632784
|||;25702,25702,25702,25702,0,0,0,0,406.105251632784
|||;25702,25702,25702,25702,0,0,0,0,411.105251632784
|||;25702,25702,25702,25702,0,0,0,0,416.105251632784
|||;25702,25702,25702,25702,0,0,0,0,421.105251632784
|||;25702,25702,25702,25702,0,0,0,0,426.105251632784
35vpuhk(0),|436xorim(2),35vpuhk(0),|35vpuhk(0),|35vpuhk(0),;23817.8,22911.6,22875.8,22875.8,16.498475114224,21.762222955112,21.117352337658,21.117352337658,431.105251632784
35vpuhk(2),|436xorim(2),35vpuhk(1),|35vpuhk(2),|35vpuhk(2),;23817.8,22911.6,22875.8,22875.8,11.498475114224,16.762222955112,16.117352337658,16.117352337658,436.105251632784
35vpuhk(2),|436xorim(3),35vpuhk(2),|35vpuhk(2),|35vpuhk(2),;23817.8,22911.6,22875.8,22875.8,6.498475114224,11.762222955112,11.117352337658,11.117352337658,441.105251632784
35vpuhk(2),|436xorim(3),35vpuhk(2),|35vpuhk(2),|35vpuhk(2),;23817.8,22911.6,22875.8,22875.8,1.498475114224,6.762222955112,6.117352337658,6.117352337658,446.105251632784
|436xorim(3),|35vpuhk(2),|35vpuhk(2),;25702,24795.8,22875.8,22875.8,0,1.762222955112,1.117352337658,1.117352337658,451.105251632784
163rygmt(2),|436xorim(3),||;24806,24795.8,25702,25702,4.038526791361,0,0,0,456.105251632784
163rygmt(3),|436xorim(3),||;24806,24795.8,25702,25702,0,0,0,0,461.105251632784
163rygmt(3),|436xorim(3),||;24806,24795.8,25702,25702,0,0,0,0,466.105251632784
163rygmt(3),|436xorim(3),||;24806,24795.8,25702,25702,0,0,0,0,471.105251632784
163rygmt(3),|436xorim(3),247sodux(2),|247sodux(2),|247sodux(2),;24806,22942.4,24775.3,24775.3,0,10.95865887608,5.336767397819,5.336767397819,476.105251632784
163rygmt(3),|436xorim(3),247sodux(2),|247sodux(2),|247sodux(2),;24806,22942.4,24775.3,24775.3,0,5.95865887608,0.336767397819,0.336767397819,481.105251632784
163rygmt(3),|436xorim(3),247sodux(2),|247sodux(3),|247sodux(3),;24806,22942.4,24775.3,24775.3,0,0.95865887608,0,0,486.105251632784
163rygmt(3),|436xorim(3),247sodux(3),|247sodux(3),|247sodux(3),;24806,22942.4,24775.3,24775.3,0,0,0,0,491.105251632784
163rygmt(3),|436xorim(3),247sodux(3),|247sodux(3),|247sodux(3),;24806,22942.4,24775.3,24775.3,0,0,0,0,496.105251632784
163rygmt(3),|436xorim(3),247sodux(3),|247sodux(3),|247sodux(3),;24806,22942.4,24775.3,24775.3,0,0,0,0,501.105251632784
163rygmt(3),|247sodux(3),|247sodux(3),|247sodux(3),;24806,23848.6,24775.3,24775.3,0,0,0,0,506.105251632784
163rygmt(3),|247sodux(3),|247sodux(3),|247sodux(3),;24806,23848.6,24775.3,24775.3,0,0,0,0,511.105251632784
163rygmt(3),|247sodux(3),|247sodux(3),|247sodux(3),;24806,23848.6,24775.3,24775.3,0,0,0,0,516.105251632784
163rygmt(3),|247sodux(3),|247sodux(3),|247sodux(3),;24806,23848.6,24775.3,24775.3,0,0,0,0,521.105251632784
|247sodux(3),|247sodux(3),|247sodux(3),;25702,23848.6,24775.3,24775.3,0,0,0,0,526.105251632784
|247sodux(3),|247sodux(3),|247sodux(3),;25702,23848.6,24775.3,24775.3,0,0,0,0,531.105251632784
|247sodux(3),|247sodux(3),|247sodux(3),;25702,23848.6,24775.3,24775.3,0,0,0,0,536.105251632784
|247sodux(3),|247sodux(3),|247sodux(3),;25702,23848.6,24775.3,24775.3,0,0,0,0,541.105251632784
|247sodux(3),|247sodux(3),|247sodux(3),;25702,23848.6,24775.3,24775.3,0,0,0,0,546.105251632784
|247sodux(3),|247sodux(3),|247sodux(3),;25702,23848.6,24775.3,24775.3,0,0,0,0,551.105251632784
247ntrfu(0),|247sodux(3),|247sodux(3),|247sodux(3),;24959.6,23848.6,24775.3,24775.3,7.489767849824,0,0,0,556.105251632784
247ntrfu(2),|||;24959.6,25702,25702,25702,2.489767849824,0,0,0,561.105251632784
|||;25702,25702,25702,25702,0,0,0,0,566.105251632784
|||;25702,25702,25702,25702,0,0,0,0,571.105251632784
|||;25702,25702,25702,25702,0,0,0,0,576.105251632784
|||;25702,25702,25702,25702,0,0,0,0,581.105251632784
|||;25702,25702,25702,25702,0,0,0,0,586.105251632784
||608snkyg(2),|;25702,25702,24759.9,25702,0,0,1.537283376188,0,591.105251632784
35gftha(0),|35gftha(0),|608snkyg(3),35gftha(0),|35gftha(0),;24043.1,23490.2,23654,25149,10.92657553675,14.209074319359,7.644076754141,4.361577971533,596.105251632784
35gftha(2),|35gftha(2),|608snkyg(3),35gftha(2),|;24043.1,23490.2,23654,25702,5.92657553675,9.209074319359,2.644076754141,0,601.105251632784
35gftha(2),|35gftha(2),|608snkyg(3),|;24043.1,23490.2,24759.9,25702,0.92657553675,4.209074319359,0,0,606.105251632784
||608snkyg(3),|;25702,25702,24759.9,25702,0,0,0,0,611.105251632784
||608snkyg(3),|;25702,25702,24759.9,25702,0,0,0,0,616.105251632784
||608snkyg(3),|;25702,25702,24759.9,25702,0,0,0,0,621.105251632784
||608snkyg(3),|;25702,25702,24759.9,25702,0,0,0,0,626.105251632784
||608snkyg(3),|;25702,25702,24759.9,25702,0,0,0,0,631.105251632784
||608snkyg(3),|;25702,25702,24759.9,25702,0,0,0,0,636.105251632784
||608snkyg(3),|;25702,25702,24759.9,25702,0,0,0,0,641.105251632784
|608epcvy(0),|608snkyg(3),|;25702,24872.6,24759.9,25702,0,5.476841344639,0,0,646.105251632784
|608epcvy(2),||;25702,24872.6,25702,25702,0,0.476841344639,0,0,651.105251632784
|||;25702,25702,25702,25702,0,0,0,0,656.105251632784
|||;25702,25702,25702,25702,0,0,0,0,661.105251632784
|||;25702,25702,25702,25702,0,0,0,0,666.105251632784
|||;25702,25702,25702,25702,0,0,0,0,671.105251632784
|||;25702,25702,25702,25702,0,0,0,0,676.105251632784
|||;25702,25702,25702,25702,0,0,0,0,681.105251632784
|||;25702,25702,25702,25702,0,0,0,0,686.105251632784
|||;25702,25702,25702,25702,0,0,0,0,691.105251632784
|||;25702,25702,25702,25702,0,0,0,0,696.105251632784
||368buefr(2),|;25702,25702,24995.4,25702,0,0,3.344603837657,0,701.105251632784
||368buefr(3),|;25702,25702,24995.4,25702,0,0,0,0,706.105251632784
||368buefr(3),|;25702,25702,24995.4,25702,0,0,0,0,711.105251632784
||368buefr(3),|;25702,25702,24995.4,25702,0,0,0,0,716.105251632784
||368buefr(3),|;25702,25702,24995.4,25702,0,0,0,0,721.105251632784
||368buefr(3),|;25702,25702,24995.4,25702,0,0,0,0,726.105251632784
||368buefr(3),|;25702,25702,24995.4,25702,0,0,0,0,731.105251632784
|662glnit(2),|368buefr(3),662glnit(2),|;25702,25005.7,24299.1,25702,0,1.806025619663,1.806025619663,0,736.105251632784
||368buefr(3),|;25702,25702,24995.4,25702,0,0,0,0,741.105251632784
||368buefr(3),|;25702,25702,24995.4,25702,0,0,0,0,746.105251632784
||368buefr(3),|;25702,25702,24995.4,25702,0,0,0,0,751.105251632784
||368buefr(3),|;25702,25702,24995.4,25702,0,0,0,0,756.105251632784
||368buefr(3),|;25702,25702,24995.4,25702,0,0,0,0,761.105251632784
||368buefr(3),|;25702,25702,24995.4,25702,0,0,0,0,766.105251632784
||368buefr(3),|;25702,25702,24995.4,25702,0,0,0,0,771.105251632784
||368buefr(3),|;25702,25702,24995.4,25702,0,0,0,0,776.105251632784
||368buefr(3),|;25702,25702,24995.4,25702,0,0,0,0,781.105251632784
287yvbep(2),||368buefr(3),|;25179.8,25702,24995.4,25702,1.145404183065,0,0,0,786.105251632784
||368buefr(3),|;25702,25702,24995.4,25702,0,0,0,0,791.105251632784
||368buefr(3),|;25702,25702,24995.4,25702,0,0,0,0,796.105251632784
||368buefr(3),|;25702,25702,24995.4,25702,0,0,0,0,801.105251632784
||368buefr(3),|;25702,25702,24995.4,25702,0,0,0,0,806.105251632784
||368buefr(3),|;25702,25702,24995.4,25702,0,0,0,0,811.105251632784
||368buefr(3),|;25702,25702,24995.4,25702,0,0,0,0,816.105251632784
||368buefr(3),|;25702,25702,24995.4,25702,0,0,0,0,821.105251632784
|662boxri(2),|368buefr(3),|;25702,24754.8,24995.4,25702,0,4.432291521039,0,0,826.105251632784
132gbwlz(2),|662boxri(3),132gbwlz(2),|368buefr(3),132gbwlz(2),|132gbwlz(2),;24073.8,24212.1,23367.2,24073.8,6.48311310635,5.554123723941,6.48311310635,6.48311310635,831.105251632784
132gbwlz(2),|662boxri(3),132gbwlz(3),|368buefr(3),132gbwlz(2),|132gbwlz(2),;24073.8,24212.1,23367.2,24073.8,1.48311310635,0.554123723941,1.48311310635,1.48311310635,836.105251632784
132gbwlz(3),|662boxri(3),132gbwlz(3),|368buefr(3),132gbwlz(3),|132gbwlz(3),;24073.8,24212.1,23367.2,24073.8,0,0,0,0,841.105251632784
132gbwlz(3),|662boxri(3),132gbwlz(3),|368buefr(3),132gbwlz(3),|132gbwlz(3),;24073.8,24212.1,23367.2,24073.8,0,0,0,0,846.105251632784
132gbwlz(3),|662boxri(3),132gbwlz(3),|368buefr(3),132gbwlz(3),|132gbwlz(3),;24073.8,24212.1,23367.2,24073.8,0,0,0,0,851.105251632784
132gbwlz(3),|662boxri(3),132gbwlz(3),|368buefr(3),132gbwlz(3),|132gbwlz(3),;24073.8,24212.1,23367.2,24073.8,0,0,0,0,856.105251632784
132gbwlz(3),|662boxri(3),132gbwlz(3),|368buefr(3),132gbwlz(3),|132gbwlz(3),;24073.8,24212.1,23367.2,24073.8,0,0,0,0,861.105251632784
132gbwlz(3),|662boxri(3),132gbwlz(3),|368buefr(3),132gbwlz(3),|132gbwlz(3),;24073.8,24212.1,23367.2,24073.8,0,0,0,0,866.105251632784
132gbwlz(3),|662boxri(3),132gbwlz(3),|368buefr(3),132gbwlz(3),|132gbwlz(3),;24073.8,24212.1,23367.2,24073.8,0,0,0,0,871.105251632784
132gbwlz(3),|662boxri(3),132gbwlz(3),|368buefr(3),132gbwlz(3),|132gbwlz(3),;24073.8,24212.1,23367.2,24073.8,0,0,0,0,876.105251632784
132gbwlz(3),|662boxri(3),132gbwlz(3),317qfcer(0),|368buefr(3),132gbwlz(3),|132gbwlz(3),;24073.8,23403.1,23367.2,24073.8,0,6.455510542589,0,0,881.105251632784
132gbwlz(3),|662boxri(3),132gbwlz(3),317qfcer(2),|368buefr(3),132gbwlz(3),9xjtlb(2),|132gbwlz(3),;24073.8,23403.1,22798.9,24073.8,0,1.455510542589,2.440416221324,0,886.105251632784
132gbwlz(3),|662boxri(3),132gbwlz(3),317qfcer(3),|368buefr(3),132gbwlz(3),9xjtlb(3),|132gbwlz(3),;24073.8,23403.1,22798.9,24073.8,0,0,0,0,891.105251632784
|662boxri(3),317qfcer(3),|368buefr(3),9xjtlb(3),|;25702,23945.8,24427.1,25702,0,0,0,0,896.105251632784
|662boxri(3),317qfcer(3),|368buefr(3),9xjtlb(3),|;25702,23945.8,24427.1,25702,0,0,0,0,901.105251632784
|662boxri(3),317qfcer(3),|368buefr(3),9xjtlb(3),|;25702,23945.8,24427.1,25702,0,0,0,0,906.105251632784
|317qfcer(3),|368buefr(3),9xjtlb(3),|;25702,24893,24427.1,25702,0,0,0,0,911.105251632784
|317qfcer(3),|368buefr(3),9xjtlb(3),|;25702,24893,24427.1,25702,0,0,0,0,916.105251632784
|317qfcer(3),|368buefr(3),9xjtlb(3),|;25702,24893,24427.1,25702,0,0,0,0,921.105251632784
|317qfcer(3),|368buefr(3),9xjtlb(3),|;25702,24893,24427.1,25702,0,0,0,0,926.105251632784
|317qfcer(3),|368buefr(3),9xjtlb(3),|;25702,24893,24427.1,25702,0,0,0,0,931.105251632784
|317qfcer(3),|368buefr(3),9xjtlb(3),|;25702,24893,24427.1,25702,0,0,0,0,936.105251632784
|317qfcer(3),|368buefr(3),9xjtlb(3),|;25702,24893,24427.1,25702,0,0,0,0,941.105251632784
|317qfcer(3),|368buefr(3),|;25702,24893,24995.4,25702,0,0,0,0,946.105251632784
|317qfcer(3),|368buefr(3),|;25702,24893,24995.4,25702,0,0,0,0,951.105251632784
|317qfcer(3),|368buefr(3),|;25702,24893,24995.4,25702,0,0,0,0,956.105251632784
|317qfcer(3),|368buefr(3),|;25702,24893,24995.4,25702,0,0,0,0,961.105251632784
|317qfcer(3),|368buefr(3),|;25702,24893,24995.4,25702,0,0,0,0,966.105251632784
|317qfcer(3),|368buefr(3),|;25702,24893,24995.4,25702,0,0,0,0,971.105251632784
|317qfcer(3),|368buefr(3),|;25702,24893,24995.4,25702,0,0,0,0,976.105251632784
|317qfcer(3),|368buefr(3),|;25702,24893,24995.4,25702,0,0,0,0,981.105251632784
|317qfcer(3),|368buefr(3),|;25702,24893,24995.4,25702,0,0,0,0,986.105251632784
|317qfcer(3),|368buefr(3),|;25702,24893,24995.4,25702,0,0,0,0,991.105251632784
|317qfcer(3),|368buefr(3),|;25702,24893,24995.4,25702,0,0,0,0,996.105251632784
|317qfcer(3),|368buefr(3),|;25702,24893,24995.4,25702,0,0,0,0,1001.105251632784
|317qfcer(3),|368buefr(3),|;25702,24893,24995.4,25702,0,0,0,0,1006.105251632784
|317qfcer(3),|368buefr(3),|;25702,24893,24995.4,25702,0,0,0,0,1011.105251632784
|317qfcer(3),|368buefr(3),|;25702,24893,24995.4,25702,0,0,0,0,1016.105251632784
|317qfcer(3),|368buefr(3),|;25702,24893,24995.4,25702,0,0,0,0,1021.105251632784
|317qfcer(3),|368buefr(3),|;25702,24893,24995.4,25702,0,0,0,0,1026.105251632784
|317qfcer(3),|368buefr(3),|;25702,24893,24995.4,25702,0,0,0,0,1031.105251632784
|317qfcer(3),|368buefr(3),|;25702,24893,24995.4,25702,0,0,0,0,1036.105251632784
|317qfcer(3),|368buefr(3),|;25702,24893,24995.4,25702,0,0,0,0,1041.105251632784
|317qfcer(3),|368buefr(3),|;25702,24893,24995.4,25702,0,0,0,0,1046.105251632784
|317qfcer(3),|368buefr(3),|;25702,24893,24995.4,25702,0,0,0,0,1051.105251632784
|317qfcer(3),|368buefr(3),|;25702,24893,24995.4,25702,0,0,0,0,1056.105251632784
|317qfcer(3),|368buefr(3),|;25702,24893,24995.4,25702,0,0,0,0,1061.105251632784
|317qfcer(3),|368buefr(3),|;25702,24893,24995.4,25702,0,0,0,0,1066.105251632784
|317qfcer(3),|368buefr(3),|;25702,24893,24995.4,25702,0,0,0,0,1071.105251632784
|317qfcer(3),|368buefr(3),|;25702,24893,24995.4,25702,0,0,0,0,1076.105251632784
|317qfcer(3),|368buefr(3),|;25702,24893,24995.4,25702,0,0,0,0,1081.105251632784
|317qfcer(3),|368buefr(3),|;25702,24893,24995.4,25702,0,0,0,0,1086.105251632784
|317qfcer(3),|368buefr(3),|;25702,24893,24995.4,25702,0,0,0,0,1091.105251632784
|317qfcer(3),|368buefr(3),|;25702,24893,24995.4,25702,0,0,0,0,1096.105251632784
|317qfcer(3),|368buefr(3),|;25702,24893,24995.4,25702,0,0,0,0,1101.105251632784
|317qfcer(3),|368buefr(3),|;25702,24893,24995.4,25702,0,0,0,0,1106.105251632784
|317qfcer(3),|368buefr(3),|;25702,24893,24995.4,25702,0,0,0,0,1111.105251632784
|317qfcer(3),9vcfwo(2),|368buefr(3),|;25702,24375.9,24995.4,25702,0,0.917592290626,0,0,1116.105251632784
|317qfcer(3),|368buefr(3),|;25702,24893,24995.4,25702,0,0,0,0,1121.105251632784
|317qfcer(3),|368buefr(3),|;25702,24893,24995.4,25702,0,0,0,0,1126.105251632784
|317qfcer(3),|368buefr(3),|;25702,24893,24995.4,25702,0,0,0,0,1131.105251632784
213azeyf(2),|317qfcer(3),213azeyf(2),|368buefr(3),213azeyf(2),|213azeyf(2),;23275.1,23275.1,22568.5,24084.1,13.228284803127,8.320777324867,13.228284803127,8.320777324867,1136.105251632784
213azeyf(2),|317qfcer(3),213azeyf(2),|368buefr(3),213azeyf(2),|213azeyf(2),;23275.1,23275.1,22568.5,24084.1,8.228284803127,3.320777324867,8.228284803127,3.320777324867,1141.105251632784
213azeyf(2),|317qfcer(3),213azeyf(3),|368buefr(3),213azeyf(2),|213azeyf(3),;23275.1,23275.1,22568.5,24084.1,3.228284803127,0,3.228284803127,0,1146.105251632784
213azeyf(3),|317qfcer(3),213azeyf(3),|368buefr(3),213azeyf(3),|213azeyf(3),;23275.1,23275.1,22568.5,24084.1,0,0,0,0,1151.105251632784
213azeyf(3),|317qfcer(3),213azeyf(3),|213azeyf(3),|213azeyf(3),;23275.1,23275.1,23275.1,24084.1,0,0,0,0,1156.105251632784
213azeyf(3),|317qfcer(3),213azeyf(3),|213azeyf(3),|213azeyf(3),;23275.1,23275.1,23275.1,24084.1,0,0,0,0,1161.105251632784
213azeyf(3),|317qfcer(3),213azeyf(3),|213azeyf(3),|213azeyf(3),;23275.1,23275.1,23275.1,24084.1,0,0,0,0,1166.105251632784
213azeyf(3),|317qfcer(3),213azeyf(3),|213azeyf(3),|213azeyf(3),;23275.1,23275.1,23275.1,24084.1,0,0,0,0,1171.105251632784
213azeyf(3),|317qfcer(3),213azeyf(3),|213azeyf(3),|213azeyf(3),;23275.1,23275.1,23275.1,24084.1,0,0,0,0,1176.105251632784
213azeyf(3),|317qfcer(3),213azeyf(3),|213azeyf(3),|213azeyf(3),;23275.1,23275.1,23275.1,24084.1,0,0,0,0,1181.105251632784
213azeyf(3),|317qfcer(3),213azeyf(3),|213azeyf(3),|213azeyf(3),;23275.1,23275.1,23275.1,24084.1,0,0,0,0,1186.105251632784
213azeyf(3),|317qfcer(3),213azeyf(3),|213azeyf(3),|213azeyf(3),;23275.1,23275.1,23275.1,24084.1,0,0,0,0,1191.105251632784
213azeyf(3),|317qfcer(3),213azeyf(3),|213azeyf(3),|213azeyf(3),;23275.1,23275.1,23275.1,24084.1,0,0,0,0,1196.105251632784
213azeyf(3),|317qfcer(3),213azeyf(3),|213azeyf(3),|213azeyf(3),;23275.1,23275.1,23275.1,24084.1,0,0,0,0,1201.105251632784
213azeyf(3),|317qfcer(3),213azeyf(3),|213azeyf(3),|213azeyf(3),;23275.1,23275.1,23275.1,24084.1,0,0,0,0,1206.105251632784
213azeyf(3),|317qfcer(3),213azeyf(3),|213azeyf(3),|213azeyf(3),;23275.1,23275.1,23275.1,24084.1,0,0,0,0,1211.105251632784
213azeyf(3),|317qfcer(3),213azeyf(3),|213azeyf(3),|213azeyf(3),;23275.1,23275.1,23275.1,24084.1,0,0,0,0,1216.105251632784
213azeyf(3),|317qfcer(3),213azeyf(3),|213azeyf(3),|213azeyf(3),;23275.1,23275.1,23275.1,24084.1,0,0,0,0,1221.105251632784
213azeyf(3),|317qfcer(3),213azeyf(3),|213azeyf(3),|213azeyf(3),;23275.1,23275.1,23275.1,24084.1,0,0,0,0,1226.105251632784
213azeyf(3),|317qfcer(3),213azeyf(3),|213azeyf(3),|213azeyf(3),;23275.1,23275.1,23275.1,24084.1,0,0,0,0,1231.105251632784
213azeyf(3),|317qfcer(3),213azeyf(3),|213azeyf(3),|213azeyf(3),;23275.1,23275.1,23275.1,24084.1,0,0,0,0,1236.105251632784
213azeyf(3),|317qfcer(3),213azeyf(3),|213azeyf(3),|213azeyf(3),;23275.1,23275.1,23275.1,24084.1,0,0,0,0,1241.105251632784
213azeyf(3),|317qfcer(3),213azeyf(3),|213azeyf(3),|213azeyf(3),;23275.1,23275.1,23275.1,24084.1,0,0,0,0,1246.105251632784
213azeyf(3),|317qfcer(3),213azeyf(3),|213azeyf(3),|213azeyf(3),;23275.1,23275.1,23275.1,24084.1,0,0,0,0,1251.105251632784
213azeyf(3),|317qfcer(3),213azeyf(3),|213azeyf(3),|213azeyf(3),;23275.1,23275.1,23275.1,24084.1,0,0,0,0,1256.105251632784
213azeyf(3),|317qfcer(3),213azeyf(3),|213azeyf(3),|213azeyf(3),;23275.1,23275.1,23275.1,24084.1,0,0,0,0,1261.105251632784
213azeyf(3),|317qfcer(3),213azeyf(3),|213azeyf(3),|213azeyf(3),;23275.1,23275.1,23275.1,24084.1,0,0,0,0,1266.105251632784
213azeyf(3),|317qfcer(3),213azeyf(3),|213azeyf(3),|213azeyf(3),;23275.1,23275.1,23275.1,24084.1,0,0,0,0,1271.105251632784
213azeyf(3),|317qfcer(3),213azeyf(3),|213azeyf(3),|213azeyf(3),;23275.1,23275.1,23275.1,24084.1,0,0,0,0,1276.105251632784
213azeyf(3),|317qfcer(3),213azeyf(3),|213azeyf(3),|213azeyf(3),;23275.1,23275.1,23275.1,24084.1,0,0,0,0,1281.105251632784
213azeyf(3),|317qfcer(3),213azeyf(3),|213azeyf(3),|213azeyf(3),;23275.1,23275.1,23275.1,24084.1,0,0,0,0,1286.105251632784
213azeyf(3),|317qfcer(3),213azeyf(3),|213azeyf(3),|213azeyf(3),;23275.1,23275.1,23275.1,24084.1,0,0,0,0,1291.105251632784
213azeyf(3),|317qfcer(3),213azeyf(3),|213azeyf(3),|213azeyf(3),;23275.1,23275.1,23275.1,24084.1,0,0,0,0,1296.105251632784
213azeyf(3),|317qfcer(3),213azeyf(3),|213azeyf(3),|213azeyf(3),;23275.1,23275.1,23275.1,24084.1,0,0,0,0,1301.105251632784
213azeyf(3),371msdzt(0),|317qfcer(3),213azeyf(3),371msdzt(0),|213azeyf(3),371msdzt(0),|213azeyf(3),371msdzt(0),;22107.7,22107.7,21524.1,22333.1,7.925129898491,7.925129898491,11.465989724578,11.465989724578,1306.105251632784
213azeyf(3),371msdzt(2),|317qfcer(3),213azeyf(3),371msdzt(2),|213azeyf(3),371msdzt(2),|213azeyf(3),371msdzt(2),;22107.7,22107.7,21524.1,22333.1,2.925129898491,2.925129898491,6.465989724578,6.465989724578,1311.105251632784
213azeyf(3),371msdzt(3),|317qfcer(3),213azeyf(3),371msdzt(3),|213azeyf(3),371msdzt(2),|213azeyf(3),371msdzt(2),;22107.7,22107.7,21524.1,22333.1,0,0,1.465989724578,1.465989724578,1316.105251632784
213azeyf(3),371msdzt(3),|317qfcer(3),213azeyf(3),371msdzt(3),|213azeyf(3),371msdzt(3),|213azeyf(3),371msdzt(3),;22107.7,22107.7,21524.1,22333.1,0,0,0,0,1321.105251632784
213azeyf(3),371msdzt(3),|317qfcer(3),213azeyf(3),371msdzt(3),|213azeyf(3),371msdzt(3),|213azeyf(3),371msdzt(3),;22107.7,22107.7,21524.1,22333.1,0,0,0,0,1326.105251632784
213azeyf(3),371msdzt(3),|317qfcer(3),213azeyf(3),371msdzt(3),|213azeyf(3),371msdzt(3),|213azeyf(3),371msdzt(3),;22107.7,22107.7,21524.1,22333.1,0,0,0,0,1331.105251632784
213azeyf(3),371msdzt(3),|317qfcer(3),213azeyf(3),371msdzt(3),|213azeyf(3),371msdzt(3),|213azeyf(3),371msdzt(3),;22107.7,22107.7,21524.1,22333.1,0,0,0,0,1336.105251632784
213azeyf(3),371msdzt(3),|317qfcer(3),213azeyf(3),371msdzt(3),|213azeyf(3),371msdzt(3),|213azeyf(3),371msdzt(3),;22107.7,22107.7,21524.1,22333.1,0,0,0,0,1341.105251632784
213azeyf(3),371msdzt(3),|317qfcer(3),213azeyf(3),371msdzt(3),|213azeyf(3),371msdzt(3),|213azeyf(3),371msdzt(3),;22107.7,22107.7,21524.1,22333.1,0,0,0,0,1346.105251632784
213azeyf(3),371msdzt(3),|317qfcer(3),213azeyf(3),371msdzt(3),|213azeyf(3),371msdzt(3),|213azeyf(3),371msdzt(3),;22107.7,22107.7,21524.1,22333.1,0,0,0,0,1351.105251632784
213azeyf(3),371msdzt(3),|317qfcer(3),213azeyf(3),371msdzt(3),|213azeyf(3),371msdzt(3),|213azeyf(3),371msdzt(3),;22107.7,22107.7,21524.1,22333.1,0,0,0,0,1356.105251632784
213azeyf(3),371msdzt(3),|317qfcer(3),213azeyf(3),371msdzt(3),|213azeyf(3),371msdzt(3),|213azeyf(3),371msdzt(3),;22107.7,22107.7,21524.1,22333.1,0,0,0,0,1361.105251632784
213azeyf(3),371msdzt(3),|317qfcer(3),213azeyf(3),371msdzt(3),|213azeyf(3),371msdzt(3),|213azeyf(3),371msdzt(3),;22107.7,22107.7,21524.1,22333.1,0,0,0,0,1366.105251632784
213azeyf(3),371msdzt(3),|317qfcer(3),213azeyf(3),371msdzt(3),|213azeyf(3),371msdzt(3),|213azeyf(3),371msdzt(3),;22107.7,22107.7,21524.1,22333.1,0,0,0,0,1371.105251632784
213azeyf(3),371msdzt(3),|317qfcer(3),213azeyf(3),371msdzt(3),|213azeyf(3),371msdzt(3),|213azeyf(3),371msdzt(3),;22107.7,22107.7,21524.1,22333.1,0,0,0,0,1376.105251632784
213azeyf(3),371msdzt(3),|317qfcer(3),213azeyf(3),371msdzt(3),90scqow(2),|213azeyf(3),371msdzt(3),|213azeyf(3),371msdzt(3),;22107.7,21442.1,21524.1,22333.1,0,3.958761976566,0,0,1381.105251632784
213azeyf(3),371msdzt(3),|317qfcer(3),213azeyf(3),371msdzt(3),90scqow(3),|213azeyf(3),371msdzt(3),|213azeyf(3),371msdzt(3),;22107.7,21442.1,21524.1,22333.1,0,0,0,0,1386.105251632784
213azeyf(3),371msdzt(3),|317qfcer(3),213azeyf(3),371msdzt(3),90scqow(3),|213azeyf(3),371msdzt(3),|213azeyf(3),371msdzt(3),;22107.7,21442.1,21524.1,22333.1,0,0,0,0,1391.105251632784
213azeyf(3),371msdzt(3),|317qfcer(3),213azeyf(3),371msdzt(3),90scqow(3),|213azeyf(3),371msdzt(3),|213azeyf(3),371msdzt(3),;22107.7,21442.1,21524.1,22333.1,0,0,0,0,1396.105251632784
213azeyf(3),371msdzt(3),|317qfcer(3),213azeyf(3),371msdzt(3),90scqow(3),|213azeyf(3),371msdzt(3),|213azeyf(3),371msdzt(3),;22107.7,21442.1,21524.1,22333.1,0,0,0,0,1401.105251632784
213azeyf(3),371msdzt(3),|317qfcer(3),213azeyf(3),371msdzt(3),90scqow(3),|213azeyf(3),371msdzt(3),|213azeyf(3),371msdzt(3),;22107.7,21442.1,21524.1,22333.1,0,0,0,0,1406.105251632784
213azeyf(3),371msdzt(3),|317qfcer(3),213azeyf(3),371msdzt(3),90scqow(3),|213azeyf(3),371msdzt(3),|213azeyf(3),371msdzt(3),;22107.7,21442.1,21524.1,22333.1,0,0,0,0,1411.105251632784
213azeyf(3),371msdzt(3),|317qfcer(3),213azeyf(3),371msdzt(3),90scqow(3),|213azeyf(3),371msdzt(3),|213azeyf(3),371msdzt(3),;22107.7,21442.1,21524.1,22333.1,0,0,0,0,1416.105251632784
213azeyf(3),371msdzt(3),|317qfcer(3),213azeyf(3),371msdzt(3),90scqow(3),|213azeyf(3),371msdzt(3),|213azeyf(3),371msdzt(3),;22107.7,21442.1,21524.1,22333.1,0,0,0,0,1421.105251632784
213azeyf(3),371msdzt(3),|317qfcer(3),213azeyf(3),371msdzt(3),90scqow(3),|213azeyf(3),371msdzt(3),|213azeyf(3),371msdzt(3),;22107.7,21442.1,21524.1,22333.1,0,0,0,0,1426.105251632784
213azeyf(3),371msdzt(3),|317qfcer(3),213azeyf(3),371msdzt(3),90scqow(3),|213azeyf(3),371msdzt(3),|213azeyf(3),371msdzt(3),;22107.7,21442.1,21524.1,22333.1,0,0,0,0,1431.105251632784
213azeyf(3),371msdzt(3),|317qfcer(3),213azeyf(3),371msdzt(3),90scqow(3),|213azeyf(3),371msdzt(3),|213azeyf(3),371msdzt(3),;22107.7,21442.1,21524.1,22333.1,0,0,0,0,1436.105251632784
213azeyf(3),371msdzt(3),|317qfcer(3),213azeyf(3),371msdzt(3),90scqow(3),|213azeyf(3),371msdzt(3),|213azeyf(3),371msdzt(3),;22107.7,21442.1,21524.1,22333.1,0,0,0,0,1441.105251632784
213azeyf(3),371msdzt(3),|317qfcer(3),213azeyf(3),371msdzt(3),90scqow(3),|213azeyf(3),371msdzt(3),|213azeyf(3),371msdzt(3),;22107.7,21442.1,21524.1,22333.1,0,0,0,0,1446.105251632784
213azeyf(3),371msdzt(3),|317qfcer(3),213azeyf(3),371msdzt(3),90scqow(3),|213azeyf(3),371msdzt(3),|213azeyf(3),371msdzt(3),;22107.7,21442.1,21524.1,22333.1,0,0,0,0,1451.105251632784
213azeyf(3),371msdzt(3),|317qfcer(3),213azeyf(3),371msdzt(3),90scqow(3),|213azeyf(3),371msdzt(3),|213azeyf(3),371msdzt(3),;22107.7,21442.1,21524.1,22333.1,0,0,0,0,1456.105251632784
213azeyf(3),371msdzt(3),|317qfcer(3),213azeyf(3),371msdzt(3),90scqow(3),|213azeyf(3),371msdzt(3),|213azeyf(3),371msdzt(3),;22107.7,21442.1,21524.1,22333.1,0,0,0,0,1461.105251632784
213azeyf(3),371msdzt(3),|317qfcer(3),213azeyf(3),371msdzt(3),90scqow(3),|213azeyf(3),371msdzt(3),|213azeyf(3),371msdzt(3),;22107.7,21442.1,21524.1,22333.1,0,0,0,0,1466.105251632784
213azeyf(3),371msdzt(3),|317qfcer(3),213azeyf(3),371msdzt(3),90scqow(3),|213azeyf(3),371msdzt(3),|213azeyf(3),371msdzt(3),;22107.7,21442.1,21524.1,22333.1,0,0,0,0,1471.105251632784
213azeyf(3),371msdzt(3),|317qfcer(3),213azeyf(3),371msdzt(3),90scqow(3),|213azeyf(3),371msdzt(3),|213azeyf(3),371msdzt(3),;22107.7,21442.1,21524.1,22333.1,0,0,0,0,1476.105251632784
213azeyf(3),371msdzt(3),|317qfcer(3),213azeyf(3),371msdzt(3),90scqow(3),|213azeyf(3),371msdzt(3),|213azeyf(3),371msdzt(3),;22107.7,21442.1,21524.1,22333.1,0,0,0,0,1481.105251632784
213azeyf(3),371msdzt(3),|317qfcer(3),213azeyf(3),371msdzt(3),90scqow(3),|213azeyf(3),371msdzt(3),|213azeyf(3),371msdzt(3),;22107.7,21442.1,21524.1,22333.1,0,0,0,0,1486.105251632784
213azeyf(3),371msdzt(3),|317qfcer(3),213azeyf(3),371msdzt(3),90scqow(3),|213azeyf(3),371msdzt(3),|213azeyf(3),371msdzt(3),;22107.7,21442.1,21524.1,22333.1,0,0,0,0,1491.105251632784
213azeyf(3),371msdzt(3),|317qfcer(3),213azeyf(3),371msdzt(3),90scqow(3),|213azeyf(3),371msdzt(3),|213azeyf(3),371msdzt(3),;22107.7,21442.1,21524.1,22333.1,0,0,0,0,1496.105251632784
371msdzt(3),|317qfcer(3),371msdzt(3),90scqow(3),|371msdzt(3),|371msdzt(3),;24534.6,23060,23951,23951,0,0,0,0,1501.105251632784
371msdzt(3),|317qfcer(3),371msdzt(3),90scqow(3),|371msdzt(3),|371msdzt(3),;24534.6,23060,23951,23951,0,0,0,0,1506.105251632784
371msdzt(3),|317qfcer(3),371msdzt(3),90scqow(3),|371msdzt(3),|371msdzt(3),;24534.6,23060,23951,23951,0,0,0,0,1511.105251632784
371msdzt(3),|317qfcer(3),371msdzt(3),90scqow(3),|371msdzt(3),|371msdzt(3),;24534.6,23060,23951,23951,0,0,0,0,1516.105251632784
371msdzt(3),|317qfcer(3),371msdzt(3),90scqow(3),|371msdzt(3),|371msdzt(3),;24534.6,23060,23951,23951,0,0,0,0,1521.105251632784
371msdzt(3),|317qfcer(3),371msdzt(3),90scqow(3),|371msdzt(3),|371msdzt(3),;24534.6,23060,23951,23951,0,0,0,0,1526.105251632784
371msdzt(3),|317qfcer(3),371msdzt(3),90scqow(3),|371msdzt(3),|371msdzt(3),;24534.6,23060,23951,23951,0,0,0,0,1531.105251632784
371msdzt(3),|317qfcer(3),371msdzt(3),90scqow(3),|371msdzt(3),|371msdzt(3),;24534.6,23060,23951,23951,0,0,0,0,1536.105251632784
371msdzt(3),|317qfcer(3),371msdzt(3),90scqow(3),|371msdzt(3),|371msdzt(3),;24534.6,23060,23951,23951,0,0,0,0,1541.105251632784
371msdzt(3),|317qfcer(3),371msdzt(3),90scqow(3),|371msdzt(3),|371msdzt(3),;24534.6,23060,23951,23951,0,0,0,0,1546.105251632784
371msdzt(3),|317qfcer(3),371msdzt(3),90scqow(3),903kbtoj(0),|371msdzt(3),|371msdzt(3),;24534.6,22532.6,23951,23951,0,3.956312336656,0,0,1551.105251632784
371msdzt(3),|317qfcer(3),371msdzt(3),90scqow(3),|371msdzt(3),|371msdzt(3),;24534.6,23060,23951,23951,0,0,0,0,1556.105251632784
371msdzt(3),|317qfcer(3),371msdzt(3),90scqow(3),|371msdzt(3),|371msdzt(3),;24534.6,23060,23951,23951,0,0,0,0,1561.105251632784
371msdzt(3),|317qfcer(3),371msdzt(3),90scqow(3),|371msdzt(3),|371msdzt(3),;24534.6,23060,23951,23951,0,0,0,0,1566.105251632784
371msdzt(3),|317qfcer(3),371msdzt(3),90scqow(3),|371msdzt(3),|371msdzt(3),;24534.6,23060,23951,23951,0,0,0,0,1571.105251632784
371msdzt(3),|317qfcer(3),371msdzt(3),90scqow(3),|371msdzt(3),|371msdzt(3),;24534.6,23060,23951,23951,0,0,0,0,1576.105251632784
371msdzt(3),|317qfcer(3),371msdzt(3),90scqow(3),|371msdzt(3),|371msdzt(3),;24534.6,23060,23951,23951,0,0,0,0,1581.105251632784
371msdzt(3),|317qfcer(3),371msdzt(3),90scqow(3),|371msdzt(3),|371msdzt(3),;24534.6,23060,23951,23951,0,0,0,0,1586.105251632784
371msdzt(3),|317qfcer(3),371msdzt(3),90scqow(3),|371msdzt(3),|371msdzt(3),;24534.6,23060,23951,23951,0,0,0,0,1591.105251632784
371msdzt(3),|317qfcer(3),371msdzt(3),90scqow(3),|371msdzt(3),|371msdzt(3),;24534.6,23060,23951,23951,0,0,0,0,1596.105251632784
371msdzt(3),|317qfcer(3),371msdzt(3),90scqow(3),|371msdzt(3),|371msdzt(3),;24534.6,23060,23951,23951,0,0,0,0,1601.105251632784
371msdzt(3),|317qfcer(3),371msdzt(3),90scqow(3),|371msdzt(3),|371msdzt(3),;24534.6,23060,23951,23951,0,0,0,0,1606.105251632784
371msdzt(3),|317qfcer(3),371msdzt(3),90scqow(3),|371msdzt(3),|371msdzt(3),;24534.6,23060,23951,23951,0,0,0,0,1611.105251632784
371msdzt(3),|317qfcer(3),371msdzt(3),90scqow(3),|371msdzt(3),|371msdzt(3),;24534.6,23060,23951,23951,0,0,0,0,1616.105251632784
371msdzt(3),|317qfcer(3),371msdzt(3),90scqow(3),|371msdzt(3),|371msdzt(3),;24534.6,23060,23951,23951,0,0,0,0,1621.105251632784
371msdzt(3),|317qfcer(3),371msdzt(3),90scqow(3),|371msdzt(3),|371msdzt(3),;24534.6,23060,23951,23951,0,0,0,0,1626.105251632784
371msdzt(3),|317qfcer(3),371msdzt(3),90scqow(3),|371msdzt(3),|371msdzt(3),;24534.6,23060,23951,23951,0,0,0,0,1631.105251632784
371msdzt(3),|317qfcer(3),371msdzt(3),90scqow(3),|371msdzt(3),|371msdzt(3),;24534.6,23060,23951,23951,0,0,0,0,1636.105251632784
371msdzt(3),|317qfcer(3),371msdzt(3),90scqow(3),|371msdzt(3),|371msdzt(3),;24534.6,23060,23951,23951,0,0,0,0,1641.105251632784
371msdzt(3),|317qfcer(3),371msdzt(3),90scqow(3),|371msdzt(3),|371msdzt(3),;24534.6,23060,23951,23951,0,0,0,0,1646.105251632784
371msdzt(3),|317qfcer(3),371msdzt(3),90scqow(3),|371msdzt(3),|371msdzt(3),;24534.6,23060,23951,23951,0,0,0,0,1651.105251632784
371msdzt(3),|317qfcer(3),371msdzt(3),90scqow(3),|371msdzt(3),|371msdzt(3),;24534.6,23060,23951,23951,0,0,0,0,1656.105251632784
371msdzt(3),|317qfcer(3),371msdzt(3),90scqow(3),|371msdzt(3),|371msdzt(3),;24534.6,23060,23951,23951,0,0,0,0,1661.105251632784
371msdzt(3),|317qfcer(3),371msdzt(3),90scqow(3),|371msdzt(3),|371msdzt(3),;24534.6,23060,23951,23951,0,0,0,0,1666.105251632784
371msdzt(3),|317qfcer(3),371msdzt(3),90scqow(3),|371msdzt(3),|371msdzt(3),;24534.6,23060,23951,23951,0,0,0,0,1671.105251632784
371msdzt(3),|317qfcer(3),371msdzt(3),90scqow(3),|371msdzt(3),|371msdzt(3),;24534.6,23060,23951,23951,0,0,0,0,1676.105251632784
|317qfcer(3),90scqow(3),||;25702,24227.4,25702,25702,0,0,0,0,1681.105251632784
|317qfcer(3),90scqow(3),||;25702,24227.4,25702,25702,0,0,0,0,1686.105251632784
|317qfcer(3),90scqow(3),||;25702,24227.4,25702,25702,0,0,0,0,1691.105251632784
|317qfcer(3),90scqow(3),||;25702,24227.4,25702,25702,0,0,0,0,1696.105251632784
|317qfcer(3),90scqow(3),||;25702,24227.4,25702,25702,0,0,0,0,1701.105251632784
|317qfcer(3),90scqow(3),||;25702,24227.4,25702,25702,0,0,0,0,1706.105251632784
|317qfcer(3),90scqow(3),||;25702,24227.4,25702,25702,0,0,0,0,1711.105251632784
|317qfcer(3),90scqow(3),||;25702,24227.4,25702,25702,0,0,0,0,1716.105251632784
|317qfcer(3),90scqow(3),||;25702,24227.4,25702,25702,0,0,0,0,1721.105251632784
|317qfcer(3),90scqow(3),||;25702,24227.4,25702,25702,0,0,0,0,1726.105251632784
|317qfcer(3),90scqow(3),||;25702,24227.4,25702,25702,0,0,0,0,1731.105251632784
|317qfcer(3),90scqow(3),||;25702,24227.4,25702,25702,0,0,0,0,1736.105251632784
|317qfcer(3),90scqow(3),||;25702,24227.4,25702,25702,0,0,0,0,1741.105251632784
|317qfcer(3),90scqow(3),||;25702,24227.4,25702,25702,0,0,0,0,1746.105251632784
|317qfcer(3),90scqow(3),||;25702,24227.4,25702,25702,0,0,0,0,1751.105251632784
|317qfcer(3),90scqow(3),||;25702,24227.4,25702,25702,0,0,0,0,1756.105251632784
|317qfcer(3),90scqow(3),||;25702,24227.4,25702,25702,0,0,0,0,1761.105251632784
|317qfcer(3),90scqow(3),||;25702,24227.4,25702,25702,0,0,0,0,1766.105251632784
|317qfcer(3),90scqow(3),||;25702,24227.4,25702,25702,0,0,0,0,1771.105251632784
|317qfcer(3),90scqow(3),||;25702,24227.4,25702,25702,0,0,0,0,1776.105251632784
|317qfcer(3),90scqow(3),||;25702,24227.4,25702,25702,0,0,0,0,1781.105251632784
|317qfcer(3),90scqow(3),||;25702,24227.4,25702,25702,0,0,0,0,1786.105251632784
|317qfcer(3),90scqow(3),||;25702,24227.4,25702,25702,0,0,0,0,1791.105251632784
|317qfcer(3),90scqow(3),||;25702,24227.4,25702,25702,0,0,0,0,1796.105251632784
|317qfcer(3),90scqow(3),||;25702,24227.4,25702,25702,0,0,0,0,1801.105251632784
|317qfcer(3),90scqow(3),||;25702,24227.4,25702,25702,0,0,0,0,1806.105251632784
|317qfcer(3),90scqow(3),||;25702,24227.4,25702,25702,0,0,0,0,1811.105251632784
|317qfcer(3),90scqow(3),||;25702,24227.4,25702,25702,0,0,0,0,1816.105251632784
|317qfcer(3),90scqow(3),||;25702,24227.4,25702,25702,0,0,0,0,1821.105251632784
|317qfcer(3),90scqow(3),||;25702,24227.4,25702,25702,0,0,0,0,1826.105251632784
|90scqow(3),||;25702,25036.4,25702,25702,0,0,0,0,1831.105251632784
|90scqow(3),||;25702,25036.4,25702,25702,0,0,0,0,1836.105251632784
|90scqow(3),||;25702,25036.4,25702,25702,0,0,0,0,1841.105251632784
|90scqow(3),||;25702,25036.4,25702,25702,0,0,0,0,1846.105251632784
|90scqow(3),||;25702,25036.4,25702,25702,0,0,0,0,1851.105251632784
|90scqow(3),||;25702,25036.4,25702,25702,0,0,0,0,1856.105251632784
|90scqow(3),||;25702,25036.4,25702,25702,0,0,0,0,1861.105251632784
|90scqow(3),||;25702,25036.4,25702,25702,0,0,0,0,1866.105251632784
|90scqow(3),||;25702,25036.4,25702,25702,0,0,0,0,1871.105251632784
|||;25702,25702,25702,25702,0,0,0,0,1876.105251632784
|||;25702,25702,25702,25702,0,0,0,0,1881.105251632784
|||;25702,25702,25702,25702,0,0,0,0,1886.105251632784
|||;25702,25702,25702,25702,0,0,0,0,1891.105251632784
|||;25702,25702,25702,25702,0,0,0,0,1896.105251632784
|||;25702,25702,25702,25702,0,0,0,0,1901.105251632784
|||;25702,25702,25702,25702,0,0,0,0,1906.105251632784
|||;25702,25702,25702,25702,0,0,0,0,1911.105251632784
|||;25702,25702,25702,25702,0,0,0,0,1916.105251632784
|||;25702,25702,25702,25702,0,0,0,0,1921.105251632784
34xkays(2),|34xkays(2),|34xkays(2),|34xkays(2),;23582.3,23582.3,24288.9,24288.9,11.450772809086,11.450772809086,7.256468809086,7.256468809086,1926.105251632784
34xkays(2),|34xkays(2),|34xkays(2),|34xkays(2),;23582.3,23582.3,24288.9,24288.9,6.450772809086,6.450772809086,2.256468809086,2.256468809086,1931.105251632784
34xkays(2),|34xkays(2),||;23582.3,23582.3,25702,25702,1.450772809086,1.450772809086,0,0,1936.105251632784
|||;25702,25702,25702,25702,0,0,0,0,1941.105251632784
|||;25702,25702,25702,25702,0,0,0,0,1946.105251632784
|||;25702,25702,25702,25702,0,0,0,0,1951.105251632784
|||;25702,25702,25702,25702,0,0,0,0,1956.105251632784
|||;25702,25702,25702,25702,0,0,0,0,1961.105251632784
|||;25702,25702,25702,25702,0,0,0,0,1966.105251632784
|||;25702,25702,25702,25702,0,0,0,0,1971.105251632784
|||;25702,25702,25702,25702,0,0,0,0,1976.105251632784
|||;25702,25702,25702,25702,0,0,0,0,1981.105251632784
|||;25702,25702,25702,25702,0,0,0,0,1986.105251632784
|||;25702,25702,25702,25702,0,0,0,0,1991.105251632784
|||;25702,25702,25702,25702,0,0,0,0,1996.105251632784
