|||;28979,28979,28979,28979,0,0,0,0,1.135432972291
|||;28979,28979,28979,28979,0,0,0,0,6.135432972291
|||;28979,28979,28979,28979,0,0,0,0,11.135432972291
|||;28979,28979,28979,28979,0,0,0,0,16.135432972291
|||;28979,28979,28979,28979,0,0,0,0,21.135432972291
|||;28979,28979,28979,28979,0,0,0,0,26.135432972291
|||;28979,28979,28979,28979,0,0,0,0,31.135432972291
|||;28979,28979,28979,28979,0,0,0,0,36.135432972291
|||;28979,28979,28979,28979,0,0,0,0,41.135432972291
|||;28979,28979,28979,28979,0,0,0,0,46.135432972291
|||;28979,28979,28979,28979,0,0,0,0,51.135432972291
|||;28979,28979,28979,28979,0,0,0,0,56.135432972291
|||;28979,28979,28979,28979,0,0,0,0,61.135432972291
|||;28979,28979,28979,28979,0,0,0,0,66.135432972291
|||;28979,28979,28979,28979,0,0,0,0,71.135432972291
|||;28979,28979,28979,28979,0,0,0,0,76.135432972291
|||;28979,28979,28979,28979,0,0,0,0,81.135432972291
|||;28979,28979,28979,28979,0,0,0,0,86.135432972291
|||;28979,28979,28979,28979,0,0,0,0,91.135432972291
|||;28979,28979,28979,28979,0,0,0,0,96.135432972291
|||;28979,28979,28979,28979,0,0,0,0,101.135432972291
|||;28979,28979,28979,28979,0,0,0,0,106.135432972291
|||;28979,28979,28979,28979,0,0,0,0,111.135432972291
663drvlw(2),|663drvlw(2),|663drvlw(2),|663drvlw(2),;27780.9,27780.9,27181.9,27181.9,5.530340014829,5.530340014829,8.986210212012,8.986210212012,116.135432972291
663drvlw(2),|663drvlw(2),|663drvlw(2),|663drvlw(2),;27780.9,27780.9,27181.9,27181.9,0.530340014829,0.530340014829,3.986210212012,3.986210212012,121.135432972291
|||;28979,28979,28979,28979,0,0,0,0,126.135432972291
|||;28979,28979,28979,28979,0,0,0,0,131.135432972291
|||;28979,28979,28979,28979,0,0,0,0,136.135432972291
|||;28979,28979,28979,28979,0,0,0,0,141.135432972291
|||;28979,28979,28979,28979,0,0,0,0,146.135432972291
|||;28979,28979,28979,28979,0,0,0,0,151.135432972291
|||;28979,28979,28979,28979,0,0,0,0,156.135432972291
|||772nuoiy(2),;28979,28979,28979,26844,0,0,0,7.882840659694,161.135432972291
|||772nuoiy(2),;28979,28979,28979,26844,0,0,0,2.882840659694,166.135432972291
|||772nuoiy(3),;28979,28979,28979,26844,0,0,0,0,171.135432972291
|||772nuoiy(3),;28979,28979,28979,26844,0,0,0,0,176.135432972291
|||772nuoiy(3),;28979,28979,28979,26844,0,0,0,0,181.135432972291
|||772nuoiy(3),;28979,28979,28979,26844,0,0,0,0,186.135432972291
|||772nuoiy(3),;28979,28979,28979,26844,0,0,0,0,191.135432972291
|||772nuoiy(3),;28979,28979,28979,26844,0,0,0,0,196.135432972291
|||772nuoiy(3),;28979,28979,28979,26844,0,0,0,0,201.135432972291
|||772nuoiy(3),;28979,28979,28979,26844,0,0,0,0,206.135432972291
|||772nuoiy(3),;28979,28979,28979,26844,0,0,0,0,211.135432972291
|||772nuoiy(3),;28979,28979,28979,26844,0,0,0,0,216.135432972291
|||;28979,28979,28979,28979,0,0,0,0,221.135432972291
|||;28979,28979,28979,28979,0,0,0,0,226.135432972291
|||;28979,28979,28979,28979,0,0,0,0,231.135432972291
|||;28979,28979,28979,28979,0,0,0,0,236.135432972291
|||;28979,28979,28979,28979,0,0,0,0,241.135432972291
|||;28979,28979,28979,28979,0,0,0,0,246.135432972291
|||;28979,28979,28979,28979,0,0,0,0,251.135432972291
|||;28979,28979,28979,28979,0,0,0,0,256.135432972291
|||;28979,28979,28979,28979,0,0,0,0,261.135432972291
|||;28979,28979,28979,28979,0,0,0,0,266.135432972291
|||;28979,28979,28979,28979,0,0,0,0,271.135432972291
|||;28979,28979,28979,28979,0,0,0,0,276.135432972291
|||;28979,28979,28979,28979,0,0,0,0,281.135432972291
|||;28979,28979,28979,28979,0,0,0,0,286.135432972291
|||;28979,28979,28979,28979,0,0,0,0,291.135432972291
|||;28979,28979,28979,28979,0,0,0,0,296.135432972291
772icznl(2),||772icznl(2),|;25087.8,28979,25087.8,28979,21.77989121623,0,21.77989121623,0,301.135432972291
772icznl(2),||772icznl(2),|;25087.8,28979,25087.8,28979,16.77989121623,0,16.77989121623,0,306.135432972291
772icznl(2),||772icznl(2),|;25087.8,28979,25087.8,28979,11.77989121623,0,11.77989121623,0,311.135432972291
772icznl(2),||772icznl(2),|;25087.8,28979,25087.8,28979,6.77989121623,0,6.77989121623,0,316.135432972291
772icznl(2),||772icznl(2),|;25087.8,28979,25087.8,28979,1.77989121623,0,1.77989121623,0,321.135432972291
772icznl(3),||772icznl(3),|;25087.8,28979,25087.8,28979,0,0,0,0,326.135432972291
772icznl(3),||772icznl(3),|;25087.8,28979,25087.8,28979,0,0,0,0,331.135432972291
772icznl(3),||772icznl(3),|;25087.8,28979,25087.8,28979,0,0,0,0,336.135432972291
772icznl(3),||772icznl(3),|;25087.8,28979,25087.8,28979,0,0,0,0,341.135432972291
772icznl(3),||772icznl(3),|;25087.8,28979,25087.8,28979,0,0,0,0,346.135432972291
772icznl(3),||772icznl(3),|;25087.8,28979,25087.8,28979,0,0,0,0,351.135432972291
772icznl(3),772hlimz(0),||772icznl(3),772hlimz(0),|772hlimz(0),;24248.1,28979,23408.4,24780.6,6.724348431695,0,11.677807511507,26.538184750944,356.135432972291
772icznl(3),772hlimz(2),||772icznl(3),772hlimz(2),|772hlimz(2),;24248.1,28979,23408.4,24780.6,1.724348431695,0,6.677807511507,21.538184750944,361.135432972291
772icznl(3),772hlimz(3),||772icznl(3),772hlimz(2),|772hlimz(2),;24248.1,28979,23408.4,24780.6,0,0,1.677807511507,16.538184750944,366.135432972291
772icznl(3),772hlimz(3),||772icznl(3),772hlimz(3),|772hlimz(2),;24248.1,28979,23408.4,24780.6,0,0,0,11.538184750944,371.135432972291
772icznl(3),772hlimz(3),||772icznl(3),772hlimz(3),|772hlimz(2),;24248.1,28979,23408.4,24780.6,0,0,0,6.538184750944,376.135432972291
772icznl(3),772hlimz(3),||772icznl(3),772hlimz(3),|772hlimz(2),;24248.1,28979,23408.4,24780.6,0,0,0,1.538184750944,381.135432972291
772icznl(3),772hlimz(3),||772icznl(3),772hlimz(3),975rjswk(2),|772hlimz(3),975rjswk(2),;24248.1,28979,22855.4,23121.7,0,0,3.158551780337,9.682619836675,386.135432972291
772icznl(3),772hlimz(3),||772icznl(3),772hlimz(3),|772hlimz(3),975rjswk(2),;24248.1,28979,23408.4,23121.7,0,0,0,4.682619836675,391.135432972291
772icznl(3),772hlimz(3),||772icznl(3),772hlimz(3),|772hlimz(3),975rjswk(3),;24248.1,28979,23408.4,23121.7,0,0,0,0,396.135432972291
772icznl(3),772hlimz(3),||772icznl(3),772hlimz(3),|772hlimz(3),975rjswk(3),;24248.1,28979,23408.4,23121.7,0,0,0,0,401.135432972291
772icznl(3),772hlimz(3),||772icznl(3),772hlimz(3),|772hlimz(3),975rjswk(3),;24248.1,28979,23408.4,23121.7,0,0,0,0,406.135432972291
772icznl(3),772hlimz(3),||772icznl(3),772hlimz(3),|772hlimz(3),975rjswk(3),;24248.1,28979,23408.4,23121.7,0,0,0,0,411.135432972291
772icznl(3),772hlimz(3),||772icznl(3),772hlimz(3),|772hlimz(3),975rjswk(3),;24248.1,28979,23408.4,23121.7,0,0,0,0,416.135432972291
772icznl(3),772hlimz(3),||772icznl(3),772hlimz(3),|772hlimz(3),975rjswk(3),;24248.1,28979,23408.4,23121.7,0,0,0,0,421.135432972291
772icznl(3),772hlimz(3),|772khxus(0),|772icznl(3),772hlimz(3),|772hlimz(3),975rjswk(3),772khxus(0),;24248.1,25343.8,23408.4,20213.5,0,21.552530441957,0,17.358226441957,426.135432972291
|772khxus(2),||772hlimz(3),975rjswk(3),772khxus(2),;28979,25343.8,28979,20213.5,0,16.552530441957,0,12.358226441957,431.135432972291
|772khxus(2),||772hlimz(3),772khxus(2),;28979,25343.8,28979,21872.4,0,11.552530441957,0,7.358226441957,436.135432972291
|772khxus(2),||772hlimz(3),772khxus(2),;28979,25343.8,28979,21872.4,0,6.552530441957,0,2.358226441957,441.135432972291
|772khxus(2),||772hlimz(3),772khxus(3),;28979,25343.8,28979,21872.4,0,1.552530441957,0,0,446.135432972291
163rygmt(0),|772khxus(3),163rygmt(0),|163rygmt(0),|772hlimz(3),772khxus(3),163rygmt(0),;28083,22655.8,27187,19184.4,8.74185163679,19.079924876226,13.910888256508,19.079924876226,451.135432972291
163rygmt(2),|772khxus(3),163rygmt(2),|163rygmt(2),|772hlimz(3),772khxus(3),163rygmt(2),;28083,22655.8,27187,19184.4,3.74185163679,14.079924876226,8.910888256508,14.079924876226,456.135432972291
163rygmt(3),|772khxus(3),163rygmt(2),|163rygmt(2),|772hlimz(3),772khxus(3),163rygmt(2),;28083,22655.8,27187,19184.4,0,9.079924876226,3.910888256508,9.079924876226,461.135432972291
163rygmt(3),|772khxus(3),163rygmt(2),|163rygmt(3),|772hlimz(3),772khxus(3),163rygmt(2),;28083,22655.8,27187,19184.4,0,4.079924876226,0,4.079924876226,466.135432972291
163rygmt(3),|772khxus(3),163rygmt(3),|163rygmt(3),|772hlimz(3),772khxus(3),163rygmt(3),;28083,22655.8,27187,19184.4,0,0,0,0,471.135432972291
163rygmt(3),|772khxus(3),163rygmt(3),|163rygmt(3),|772hlimz(3),772khxus(3),163rygmt(3),;28083,22655.8,27187,19184.4,0,0,0,0,476.135432972291
163rygmt(3),|772khxus(3),163rygmt(3),|163rygmt(3),|772hlimz(3),772khxus(3),163rygmt(3),;28083,22655.8,27187,19184.4,0,0,0,0,481.135432972291
163rygmt(3),|772khxus(3),163rygmt(3),|163rygmt(3),|772hlimz(3),772khxus(3),163rygmt(3),;28083,22655.8,27187,19184.4,0,0,0,0,486.135432972291
163rygmt(3),|163rygmt(3),|163rygmt(3),|163rygmt(3),;28083,26291,27187,26291,0,0,0,0,491.135432972291
163rygmt(3),|163rygmt(3),|163rygmt(3),|163rygmt(3),;28083,26291,27187,26291,0,0,0,0,496.135432972291
163rygmt(3),|163rygmt(3),|163rygmt(3),|163rygmt(3),;28083,26291,27187,26291,0,0,0,0,501.135432972291
163rygmt(3),|163rygmt(3),|163rygmt(3),|163rygmt(3),;28083,26291,27187,26291,0,0,0,0,506.135432972291
163rygmt(3),|163rygmt(3),|163rygmt(3),|163rygmt(3),;28083,26291,27187,26291,0,0,0,0,511.135432972291
163rygmt(3),|163rygmt(3),|163rygmt(3),|163rygmt(3),;28083,26291,27187,26291,0,0,0,0,516.135432972291
163rygmt(3),||163rygmt(3),|;28083,28979,27187,28979,0,0,0,0,521.135432972291
|||;28979,28979,28979,28979,0,0,0,0,526.135432972291
|||;28979,28979,28979,28979,0,0,0,0,531.135432972291
|||;28979,28979,28979,28979,0,0,0,0,536.135432972291
|||;28979,28979,28979,28979,0,0,0,0,541.135432972291
|||;28979,28979,28979,28979,0,0,0,0,546.135432972291
|||;28979,28979,28979,28979,0,0,0,0,551.135432972291
772lwmxy(2),|772lwmxy(2),|772lwmxy(2),|772lwmxy(2),;27504.4,26767.2,27504.4,26767.2,4.347407264638,8.600785968864,4.347407264638,8.600785968864,556.135432972291
|772lwmxy(2),247ntrfu(1),||772lwmxy(2),;28979,23055.2,28979,26767.2,0,30.64594151577,0,3.600785968864,561.135432972291
|772lwmxy(3),247ntrfu(2),||772lwmxy(3),;28979,23055.2,28979,26767.2,0,25.64594151577,0,0,566.135432972291
431wlyiu(0),|772lwmxy(3),247ntrfu(2),||772lwmxy(3),;27960.1,23055.2,28979,26767.2,8.631409068106,20.64594151577,0,0,571.135432972291
431wlyiu(2),|772lwmxy(3),247ntrfu(2),||772lwmxy(3),;27960.1,23055.2,28979,26767.2,3.631409068106,15.64594151577,0,0,576.135432972291
431wlyiu(3),|772lwmxy(3),247ntrfu(2),||772lwmxy(3),;27960.1,23055.2,28979,26767.2,0,10.64594151577,0,0,581.135432972291
431wlyiu(3),|772lwmxy(3),247ntrfu(2),608snkyg(0),||772lwmxy(3),608snkyg(0),;27960.1,21171,28979,24883,0,21.378505102207,0,11.661775614146,586.135432972291
431wlyiu(3),|772lwmxy(3),247ntrfu(3),608snkyg(2),||772lwmxy(3),608snkyg(2),;27960.1,21171,28979,24883,0,16.378505102207,0,6.661775614146,591.135432972291
431wlyiu(3),|772lwmxy(3),247ntrfu(3),608snkyg(2),||772lwmxy(3),608snkyg(2),;27960.1,21171,28979,24883,0,11.378505102207,0,1.661775614146,596.135432972291
431wlyiu(3),|772lwmxy(3),247ntrfu(3),608snkyg(3),||772lwmxy(3),608snkyg(3),;27960.1,21171,28979,24883,0,6.378505102207,0,0,601.135432972291
431wlyiu(3),975ajryd(0),|772lwmxy(3),247ntrfu(3),608snkyg(3),975ajryd(0),||772lwmxy(3),608snkyg(3),975ajryd(0),;25707.3,20044.6,28979,22630.2,13.848089836965,10.691059446674,0,13.848089836965,606.135432972291
431wlyiu(3),975ajryd(2),|772lwmxy(3),247ntrfu(3),608snkyg(3),975ajryd(2),||772lwmxy(3),608snkyg(3),975ajryd(2),;25707.3,20044.6,28979,22630.2,8.848089836965,5.691059446674,0,8.848089836965,611.135432972291
431wlyiu(3),975ajryd(2),|772lwmxy(3),247ntrfu(3),608snkyg(3),975ajryd(3),||772lwmxy(3),608snkyg(3),975ajryd(2),;25707.3,20044.6,28979,22630.2,3.848089836965,0.691059446674,0,3.848089836965,616.135432972291
431wlyiu(3),975ajryd(3),|772lwmxy(3),247ntrfu(3),608snkyg(3),975ajryd(3),||772lwmxy(3),608snkyg(3),975ajryd(3),;25707.3,20044.6,28979,22630.2,0,0,0,0,621.135432972291
431wlyiu(3),975ajryd(3),|247ntrfu(3),608snkyg(3),975ajryd(3),||608snkyg(3),975ajryd(3),;25707.3,22256.4,28979,24842,0,0,0,0,626.135432972291
431wlyiu(3),975ajryd(3),|247ntrfu(3),608snkyg(3),975ajryd(3),||608snkyg(3),975ajryd(3),;25707.3,22256.4,28979,24842,0,0,0,0,631.135432972291
431wlyiu(3),975ajryd(3),|247ntrfu(3),608snkyg(3),975ajryd(3),||608snkyg(3),975ajryd(3),;25707.3,22256.4,28979,24842,0,0,0,0,636.135432972291
431wlyiu(3),975ajryd(3),|247ntrfu(3),608snkyg(3),975ajryd(3),||608snkyg(3),975ajryd(3),;25707.3,22256.4,28979,24842,0,0,0,0,641.135432972291
431wlyiu(3),975ajryd(3),|247ntrfu(3),608snkyg(3),975ajryd(3),608epcvy(0),||608snkyg(3),975ajryd(3),;25707.3,20597.5,28979,24842,0,9.985013915726,0,0,646.135432972291
431wlyiu(3),975ajryd(3),|247ntrfu(3),608snkyg(3),975ajryd(3),608epcvy(2),||975ajryd(3),;25707.3,20597.5,28979,26726.2,0,4.985013915726,0,0,651.135432972291
431wlyiu(3),975ajryd(3),|247ntrfu(3),608snkyg(3),975ajryd(3),608epcvy(3),||975ajryd(3),;25707.3,20597.5,28979,26726.2,0,0,0,0,656.135432972291
431wlyiu(3),975ajryd(3),975uwxeo(0),|247ntrfu(3),608snkyg(3),975ajryd(3),608epcvy(3),975uwxeo(0),|975uwxeo(0),|975ajryd(3),975uwxeo(0),;23956.3,18846.5,25476.9,24975.2,11.318564699301,11.318564699301,21.420339121836,11.318564699301,661.135432972291
431wlyiu(3),975uwxeo(2),|247ntrfu(3),608snkyg(3),608epcvy(3),975uwxeo(2),|975uwxeo(2),|975uwxeo(2),;26209.1,19972.9,25476.9,27228,6.318564699301,6.318564699301,16.420339121836,6.318564699301,666.135432972291
431wlyiu(3),975uwxeo(2),|247ntrfu(3),608snkyg(3),608epcvy(3),975uwxeo(2),|975uwxeo(2),|975uwxeo(2),;26209.1,19972.9,25476.9,27228,1.318564699301,1.318564699301,11.420339121836,1.318564699301,671.135432972291
431wlyiu(3),|247ntrfu(3),608snkyg(3),608epcvy(3),|975uwxeo(2),|;27960.1,21723.9,25476.9,28979,0,0,6.420339121836,0,676.135432972291
431wlyiu(3),|247ntrfu(3),608snkyg(3),608epcvy(3),|975uwxeo(2),|;27960.1,21723.9,25476.9,28979,0,0,1.420339121836,0,681.135432972291
431wlyiu(3),|247ntrfu(3),608snkyg(3),608epcvy(3),|975uwxeo(3),|;27960.1,21723.9,25476.9,28979,0,0,0,0,686.135432972291
431wlyiu(3),|247ntrfu(3),|975uwxeo(3),|;27960.1,25267,25476.9,28979,0,0,0,0,691.135432972291
431wlyiu(3),||975uwxeo(3),|;27960.1,28979,25476.9,28979,0,0,0,0,696.135432972291
431wlyiu(3),||975uwxeo(3),|;27960.1,28979,25476.9,28979,0,0,0,0,701.135432972291
431wlyiu(3),||975uwxeo(3),|;27960.1,28979,25476.9,28979,0,0,0,0,706.135432972291
431wlyiu(3),|||;27960.1,28979,28979,28979,0,0,0,0,711.135432972291
431wlyiu(3),|||;27960.1,28979,28979,28979,0,0,0,0,716.135432972291
431wlyiu(3),|||;27960.1,28979,28979,28979,0,0,0,0,721.135432972291
431wlyiu(3),|||;27960.1,28979,28979,28979,0,0,0,0,726.135432972291
431wlyiu(3),|||;27960.1,28979,28979,28979,0,0,0,0,731.135432972291
431wlyiu(3),|||;27960.1,28979,28979,28979,0,0,0,0,736.135432972291
431wlyiu(3),|592kfuyc(2),||;27960.1,28374.8,28979,28979,0,3.176569781323,0,0,741.135432972291
431wlyiu(3),|||;27960.1,28979,28979,28979,0,0,0,0,746.135432972291
431wlyiu(3),|||;27960.1,28979,28979,28979,0,0,0,0,751.135432972291
|||;28979,28979,28979,28979,0,0,0,0,756.135432972291
|||;28979,28979,28979,28979,0,0,0,0,761.135432972291
|||;28979,28979,28979,28979,0,0,0,0,766.135432972291
|||;28979,28979,28979,28979,0,0,0,0,771.135432972291
|||;28979,28979,28979,28979,0,0,0,0,776.135432972291
|||;28979,28979,28979,28979,0,0,0,0,781.135432972291
|||;28979,28979,28979,28979,0,0,0,0,786.135432972291
|||;28979,28979,28979,28979,0,0,0,0,791.135432972291
|||;28979,28979,28979,28979,0,0,0,0,796.135432972291
|||;28979,28979,28979,28979,0,0,0,0,801.135432972291
|||;28979,28979,28979,28979,0,0,0,0,806.135432972291
|||;28979,28979,28979,28979,0,0,0,0,811.135432972291
|||;28979,28979,28979,28979,0,0,0,0,816.135432972291
|||;28979,28979,28979,28979,0,0,0,0,821.135432972291
662boxri(2),||662boxri(2),|;24243,28979,25190.2,28979,27.211362045177,0,21.500285237666,0,826.135432972291
662boxri(2),||662boxri(2),|;24243,28979,25190.2,28979,22.211362045177,0,16.500285237666,0,831.135432972291
662boxri(2),||662boxri(2),|;24243,28979,25190.2,28979,17.211362045177,0,11.500285237666,0,836.135432972291
662boxri(2),||662boxri(2),|;24243,28979,25190.2,28979,12.211362045177,0,6.500285237666,0,841.135432972291
662boxri(2),||662boxri(2),|;24243,28979,25190.2,28979,7.211362045177,0,1.500285237666,0,846.135432972291
662boxri(2),||662boxri(3),|;24243,28979,25190.2,28979,2.211362045177,0,0,0,851.135432972291
662boxri(3),||662boxri(3),|;24243,28979,25190.2,28979,0,0,0,0,856.135432972291
662boxri(3),||662boxri(3),|;24243,28979,25190.2,28979,0,0,0,0,861.135432972291
662boxri(3),||662boxri(3),|;24243,28979,25190.2,28979,0,0,0,0,866.135432972291
662boxri(3),||662boxri(3),|;24243,28979,25190.2,28979,0,0,0,0,871.135432972291
662boxri(3),||662boxri(3),|;24243,28979,25190.2,28979,0,0,0,0,876.135432972291
662boxri(3),||662boxri(3),|;24243,28979,25190.2,28979,0,0,0,0,881.135432972291
662boxri(3),||662boxri(3),|;24243,28979,25190.2,28979,0,0,0,0,886.135432972291
662boxri(3),||662boxri(3),|;24243,28979,25190.2,28979,0,0,0,0,891.135432972291
662boxri(3),||662boxri(3),|;24243,28979,25190.2,28979,0,0,0,0,896.135432972291
662boxri(3),||662boxri(3),|;24243,28979,25190.2,28979,0,0,0,0,901.135432972291
662boxri(3),||662boxri(3),|;24243,28979,25190.2,28979,0,0,0,0,906.135432972291
662boxri(3),||662boxri(3),|;24243,28979,25190.2,28979,0,0,0,0,911.135432972291
662boxri(3),||662boxri(3),|;24243,28979,25190.2,28979,0,0,0,0,916.135432972291
662boxri(3),||662boxri(3),|;24243,28979,25190.2,28979,0,0,0,0,921.135432972291
662boxri(3),||662boxri(3),|;24243,28979,25190.2,28979,0,0,0,0,926.135432972291
662boxri(3),||662boxri(3),|;24243,28979,25190.2,28979,0,0,0,0,931.135432972291
662boxri(3),||662boxri(3),|;24243,28979,25190.2,28979,0,0,0,0,936.135432972291
662boxri(3),||662boxri(3),|;24243,28979,25190.2,28979,0,0,0,0,941.135432972291
662boxri(3),||662boxri(3),|;24243,28979,25190.2,28979,0,0,0,0,946.135432972291
662boxri(3),||662boxri(3),|;24243,28979,25190.2,28979,0,0,0,0,951.135432972291
662boxri(3),||662boxri(3),|;24243,28979,25190.2,28979,0,0,0,0,956.135432972291
662boxri(3),||662boxri(3),|;24243,28979,25190.2,28979,0,0,0,0,961.135432972291
662boxri(3),||662boxri(3),|;24243,28979,25190.2,28979,0,0,0,0,966.135432972291
662boxri(3),||662boxri(3),|;24243,28979,25190.2,28979,0,0,0,0,971.135432972291
662boxri(3),||662boxri(3),|;24243,28979,25190.2,28979,0,0,0,0,976.135432972291
662boxri(3),||662boxri(3),|;24243,28979,25190.2,28979,0,0,0,0,981.135432972291
662boxri(3),||662boxri(3),|;24243,28979,25190.2,28979,0,0,0,0,986.135432972291
662boxri(3),||662boxri(3),|;24243,28979,25190.2,28979,0,0,0,0,991.135432972291
662boxri(3),||662boxri(3),|;24243,28979,25190.2,28979,0,0,0,0,996.135432972291
662boxri(3),||662boxri(3),|;24243,28979,25190.2,28979,0,0,0,0,1001.135432972291
662boxri(3),71xjaly(0),|71xjaly(0),|662boxri(3),|71xjaly(0),;21601.1,26337.1,25190.2,25456.4,19.772536058375,19.772536058375,0,24.967627288422,1006.135432972291
662boxri(3),71xjaly(2),|71xjaly(2),|662boxri(3),|71xjaly(2),;21601.1,26337.1,25190.2,25456.4,14.772536058375,14.772536058375,0,19.967627288422,1011.135432972291
662boxri(3),71xjaly(2),|71xjaly(2),|662boxri(3),|71xjaly(2),;21601.1,26337.1,25190.2,25456.4,9.772536058375,9.772536058375,0,14.967627288422,1016.135432972291
662boxri(3),71xjaly(2),|71xjaly(2),|662boxri(3),|71xjaly(2),;21601.1,26337.1,25190.2,25456.4,4.772536058375,4.772536058375,0,9.967627288422,1021.135432972291
71xjaly(3),|71xjaly(3),||71xjaly(2),;26337.1,26337.1,28979,25456.4,0,0,0,4.967627288422,1026.135432972291
71xjaly(3),|71xjaly(3),||71xjaly(3),;26337.1,26337.1,28979,25456.4,0,0,0,0,1031.135432972291
71xjaly(3),|71xjaly(3),||71xjaly(3),;26337.1,26337.1,28979,25456.4,0,0,0,0,1036.135432972291
71xjaly(3),|71xjaly(3),||71xjaly(3),;26337.1,26337.1,28979,25456.4,0,0,0,0,1041.135432972291
71xjaly(3),|71xjaly(3),||71xjaly(3),;26337.1,26337.1,28979,25456.4,0,0,0,0,1046.135432972291
71xjaly(3),|71xjaly(3),||71xjaly(3),;26337.1,26337.1,28979,25456.4,0,0,0,0,1051.135432972291
71xjaly(3),|71xjaly(3),||71xjaly(3),;26337.1,26337.1,28979,25456.4,0,0,0,0,1056.135432972291
71xjaly(3),|71xjaly(3),||71xjaly(3),;26337.1,26337.1,28979,25456.4,0,0,0,0,1061.135432972291
71xjaly(3),|71xjaly(3),||71xjaly(3),;26337.1,26337.1,28979,25456.4,0,0,0,0,1066.135432972291
71xjaly(3),|71xjaly(3),||71xjaly(3),;26337.1,26337.1,28979,25456.4,0,0,0,0,1071.135432972291
71xjaly(3),|71xjaly(3),||71xjaly(3),;26337.1,26337.1,28979,25456.4,0,0,0,0,1076.135432972291
71xjaly(3),886zumvf(0),|71xjaly(3),||71xjaly(3),;24319.8,26337.1,28979,25456.4,15.092797137902,0,0,0,1081.135432972291
71xjaly(3),886zumvf(2),|71xjaly(3),||71xjaly(3),;24319.8,26337.1,28979,25456.4,10.092797137902,0,0,0,1086.135432972291
71xjaly(3),886zumvf(2),|71xjaly(3),||71xjaly(3),;24319.8,26337.1,28979,25456.4,5.092797137902,0,0,0,1091.135432972291
71xjaly(3),886zumvf(3),|71xjaly(3),||71xjaly(3),;24319.8,26337.1,28979,25456.4,0.092797137902,0,0,0,1096.135432972291
71xjaly(3),886zumvf(3),|71xjaly(3),||71xjaly(3),;24319.8,26337.1,28979,25456.4,0,0,0,0,1101.135432972291
71xjaly(3),886zumvf(3),|71xjaly(3),||71xjaly(3),;24319.8,26337.1,28979,25456.4,0,0,0,0,1106.135432972291
71xjaly(3),886zumvf(3),|71xjaly(3),||71xjaly(3),;24319.8,26337.1,28979,25456.4,0,0,0,0,1111.135432972291
71xjaly(3),886zumvf(3),|71xjaly(3),||71xjaly(3),;24319.8,26337.1,28979,25456.4,0,0,0,0,1116.135432972291
71xjaly(3),886zumvf(3),|71xjaly(3),||71xjaly(3),;24319.8,26337.1,28979,25456.4,0,0,0,0,1121.135432972291
71xjaly(3),886zumvf(3),|71xjaly(3),||71xjaly(3),;24319.8,26337.1,28979,25456.4,0,0,0,0,1126.135432972291
71xjaly(3),886zumvf(3),|71xjaly(3),||71xjaly(3),;24319.8,26337.1,28979,25456.4,0,0,0,0,1131.135432972291
71xjaly(3),886zumvf(3),|71xjaly(3),||71xjaly(3),;24319.8,26337.1,28979,25456.4,0,0,0,0,1136.135432972291
71xjaly(3),886zumvf(3),|71xjaly(3),||71xjaly(3),;24319.8,26337.1,28979,25456.4,0,0,0,0,1141.135432972291
71xjaly(3),886zumvf(3),|71xjaly(3),||71xjaly(3),;24319.8,26337.1,28979,25456.4,0,0,0,0,1146.135432972291
71xjaly(3),886zumvf(3),|71xjaly(3),||71xjaly(3),;24319.8,26337.1,28979,25456.4,0,0,0,0,1151.135432972291
71xjaly(3),886zumvf(3),|71xjaly(3),||71xjaly(3),;24319.8,26337.1,28979,25456.4,0,0,0,0,1156.135432972291
71xjaly(3),886zumvf(3),|71xjaly(3),||71xjaly(3),;24319.8,26337.1,28979,25456.4,0,0,0,0,1161.135432972291
71xjaly(3),886zumvf(3),|71xjaly(3),||71xjaly(3),;24319.8,26337.1,28979,25456.4,0,0,0,0,1166.135432972291
71xjaly(3),886zumvf(3),|71xjaly(3),||71xjaly(3),;24319.8,26337.1,28979,25456.4,0,0,0,0,1171.135432972291
71xjaly(3),886zumvf(3),|71xjaly(3),||71xjaly(3),;24319.8,26337.1,28979,25456.4,0,0,0,0,1176.135432972291
71xjaly(3),886zumvf(3),|71xjaly(3),||71xjaly(3),;24319.8,26337.1,28979,25456.4,0,0,0,0,1181.135432972291
71xjaly(3),886zumvf(3),|71xjaly(3),||71xjaly(3),;24319.8,26337.1,28979,25456.4,0,0,0,0,1186.135432972291
71xjaly(3),886zumvf(3),608pxuoi(2),|71xjaly(3),|608pxuoi(2),|71xjaly(3),608pxuoi(2),;22338.4,26337.1,26997.6,22814.5,9.340828198409,0,9.340828198409,13.151146620944,1191.135432972291
71xjaly(3),886zumvf(3),608pxuoi(2),|71xjaly(3),|608pxuoi(2),|71xjaly(3),608pxuoi(2),;22338.4,26337.1,26997.6,22814.5,4.340828198409,0,4.340828198409,8.151146620944,1196.135432972291
71xjaly(3),886zumvf(3),608pxuoi(3),|71xjaly(3),|608pxuoi(3),|71xjaly(3),608pxuoi(2),;22338.4,26337.1,26997.6,22814.5,0,0,0,3.151146620944,1201.135432972291
71xjaly(3),886zumvf(3),608pxuoi(3),|71xjaly(3),|608pxuoi(3),|71xjaly(3),608pxuoi(3),;22338.4,26337.1,26997.6,22814.5,0,0,0,0,1206.135432972291
71xjaly(3),886zumvf(3),608pxuoi(3),|71xjaly(3),|608pxuoi(3),|71xjaly(3),608pxuoi(3),;22338.4,26337.1,26997.6,22814.5,0,0,0,0,1211.135432972291
71xjaly(3),886zumvf(3),608pxuoi(3),|71xjaly(3),|608pxuoi(3),|71xjaly(3),608pxuoi(3),;22338.4,26337.1,26997.6,22814.5,0,0,0,0,1216.135432972291
71xjaly(3),886zumvf(3),608pxuoi(3),|71xjaly(3),|608pxuoi(3),|71xjaly(3),608pxuoi(3),534zekcu(0),;22338.4,26337.1,26997.6,22067,0,0,0,6.112120324079,1221.135432972291
71xjaly(3),886zumvf(3),608pxuoi(3),|71xjaly(3),|608pxuoi(3),|71xjaly(3),608pxuoi(3),534zekcu(2),;22338.4,26337.1,26997.6,22067,0,0,0,1.112120324079,1226.135432972291
71xjaly(3),886zumvf(3),608pxuoi(3),|71xjaly(3),|608pxuoi(3),|71xjaly(3),608pxuoi(3),;22338.4,26337.1,26997.6,22814.5,0,0,0,0,1231.135432972291
71xjaly(3),886zumvf(3),608pxuoi(3),|71xjaly(3),|608pxuoi(3),|71xjaly(3),608pxuoi(3),;22338.4,26337.1,26997.6,22814.5,0,0,0,0,1236.135432972291
71xjaly(3),886zumvf(3),608pxuoi(3),|71xjaly(3),|608pxuoi(3),|71xjaly(3),608pxuoi(3),;22338.4,26337.1,26997.6,22814.5,0,0,0,0,1241.135432972291
71xjaly(3),886zumvf(3),608pxuoi(3),|71xjaly(3),|608pxuoi(3),|71xjaly(3),608pxuoi(3),;22338.4,26337.1,26997.6,22814.5,0,0,0,0,1246.135432972291
71xjaly(3),886zumvf(3),608pxuoi(3),|71xjaly(3),|608pxuoi(3),|71xjaly(3),608pxuoi(3),;22338.4,26337.1,26997.6,22814.5,0,0,0,0,1251.135432972291
71xjaly(3),886zumvf(3),608pxuoi(3),|71xjaly(3),|608pxuoi(3),|71xjaly(3),608pxuoi(3),;22338.4,26337.1,26997.6,22814.5,0,0,0,0,1256.135432972291
71xjaly(3),886zumvf(3),608pxuoi(3),|71xjaly(3),|608pxuoi(3),|71xjaly(3),608pxuoi(3),;22338.4,26337.1,26997.6,22814.5,0,0,0,0,1261.135432972291
71xjaly(3),886zumvf(3),|71xjaly(3),||71xjaly(3),;24319.8,26337.1,28979,25456.4,0,0,0,0,1266.135432972291
71xjaly(3),886zumvf(3),|71xjaly(3),||71xjaly(3),;24319.8,26337.1,28979,25456.4,0,0,0,0,1271.135432972291
71xjaly(3),886zumvf(3),|71xjaly(3),||71xjaly(3),;24319.8,26337.1,28979,25456.4,0,0,0,0,1276.135432972291
71xjaly(3),886zumvf(3),|71xjaly(3),||71xjaly(3),;24319.8,26337.1,28979,25456.4,0,0,0,0,1281.135432972291
71xjaly(3),886zumvf(3),|71xjaly(3),710cbvyg(0),||71xjaly(3),;24319.8,25620.3,28979,25456.4,0,7.732004121215,0,0,1286.135432972291
71xjaly(3),886zumvf(3),|71xjaly(3),710cbvyg(2),||71xjaly(3),;24319.8,25620.3,28979,25456.4,0,2.732004121215,0,0,1291.135432972291
71xjaly(3),886zumvf(3),|71xjaly(3),||71xjaly(3),;24319.8,26337.1,28979,25456.4,0,0,0,0,1296.135432972291
71xjaly(3),886zumvf(3),|71xjaly(3),||71xjaly(3),;24319.8,26337.1,28979,25456.4,0,0,0,0,1301.135432972291
71xjaly(3),886zumvf(3),|71xjaly(3),||71xjaly(3),;24319.8,26337.1,28979,25456.4,0,0,0,0,1306.135432972291
71xjaly(3),886zumvf(3),|71xjaly(3),||71xjaly(3),;24319.8,26337.1,28979,25456.4,0,0,0,0,1311.135432972291
71xjaly(3),886zumvf(3),368waqmk(2),|71xjaly(3),368waqmk(2),|368waqmk(2),|71xjaly(3),368waqmk(2),;22138.7,24883,26797.9,24002.3,11.893129058841,7.698825058841,11.893129058841,7.698825058841,1316.135432972291
71xjaly(3),886zumvf(3),368waqmk(2),|71xjaly(3),368waqmk(2),|368waqmk(2),|71xjaly(3),368waqmk(2),;22138.7,24883,26797.9,24002.3,6.893129058841,2.698825058841,6.893129058841,2.698825058841,1321.135432972291
71xjaly(3),886zumvf(3),368waqmk(2),|71xjaly(3),368waqmk(3),|368waqmk(2),|71xjaly(3),368waqmk(3),;22138.7,24883,26797.9,24002.3,1.893129058841,0,1.893129058841,0,1326.135432972291
71xjaly(3),886zumvf(3),368waqmk(3),|71xjaly(3),368waqmk(3),|368waqmk(3),|71xjaly(3),368waqmk(3),;22138.7,24883,26797.9,24002.3,0,0,0,0,1331.135432972291
71xjaly(3),886zumvf(3),368waqmk(3),|71xjaly(3),368waqmk(3),|368waqmk(3),|71xjaly(3),368waqmk(3),;22138.7,24883,26797.9,24002.3,0,0,0,0,1336.135432972291
71xjaly(3),886zumvf(3),368waqmk(3),|71xjaly(3),368waqmk(3),|368waqmk(3),|71xjaly(3),368waqmk(3),;22138.7,24883,26797.9,24002.3,0,0,0,0,1341.135432972291
71xjaly(3),886zumvf(3),368waqmk(3),|71xjaly(3),368waqmk(3),|368waqmk(3),|71xjaly(3),368waqmk(3),;22138.7,24883,26797.9,24002.3,0,0,0,0,1346.135432972291
71xjaly(3),886zumvf(3),368waqmk(3),|71xjaly(3),368waqmk(3),|368waqmk(3),|71xjaly(3),368waqmk(3),;22138.7,24883,26797.9,24002.3,0,0,0,0,1351.135432972291
886zumvf(3),368waqmk(3),|368waqmk(3),|368waqmk(3),|368waqmk(3),;24780.6,27524.9,26797.9,27524.9,0,0,0,0,1356.135432972291
886zumvf(3),368waqmk(3),|368waqmk(3),|368waqmk(3),|368waqmk(3),;24780.6,27524.9,26797.9,27524.9,0,0,0,0,1361.135432972291
886zumvf(3),368waqmk(3),|368waqmk(3),|368waqmk(3),|368waqmk(3),;24780.6,27524.9,26797.9,27524.9,0,0,0,0,1366.135432972291
886zumvf(3),368waqmk(3),|368waqmk(3),|368waqmk(3),|368waqmk(3),;24780.6,27524.9,26797.9,27524.9,0,0,0,0,1371.135432972291
886zumvf(3),368waqmk(3),|368waqmk(3),|368waqmk(3),|368waqmk(3),;24780.6,27524.9,26797.9,27524.9,0,0,0,0,1376.135432972291
886zumvf(3),368waqmk(3),|368waqmk(3),|368waqmk(3),|368waqmk(3),;24780.6,27524.9,26797.9,27524.9,0,0,0,0,1381.135432972291
886zumvf(3),368waqmk(3),|368waqmk(3),|368waqmk(3),|368waqmk(3),;24780.6,27524.9,26797.9,27524.9,0,0,0,0,1386.135432972291
886zumvf(3),368waqmk(3),|368waqmk(3),|368waqmk(3),|368waqmk(3),;24780.6,27524.9,26797.9,27524.9,0,0,0,0,1391.135432972291
886zumvf(3),368waqmk(3),|368waqmk(3),|368waqmk(3),|368waqmk(3),;24780.6,27524.9,26797.9,27524.9,0,0,0,0,1396.135432972291
886zumvf(3),368waqmk(3),195ogdkz(0),|368waqmk(3),195ogdkz(0),|368waqmk(3),195ogdkz(0),|368waqmk(3),195ogdkz(0),;23428.9,26173.2,25446.2,26849.1,9.814192744295,9.814192744295,9.814192744295,5.915262265421,1401.135432972291
886zumvf(3),368waqmk(3),195ogdkz(2),|368waqmk(3),195ogdkz(2),|368waqmk(3),195ogdkz(2),|368waqmk(3),195ogdkz(2),;23428.9,26173.2,25446.2,26849.1,4.814192744295,4.814192744295,4.814192744295,0.915262265421,1406.135432972291
886zumvf(3),368waqmk(3),195ogdkz(3),662nkube(0),|368waqmk(3),195ogdkz(3),662nkube(0),|368waqmk(3),195ogdkz(3),662nkube(0),|368waqmk(3),195ogdkz(3),662nkube(0),;22333.2,24529.7,24350.5,25205.6,9.071165910554,12.302995919943,9.071165910554,11.508192203357,1411.135432972291
886zumvf(3),368waqmk(3),195ogdkz(3),662nkube(2),|368waqmk(3),195ogdkz(3),662nkube(2),|368waqmk(3),195ogdkz(3),662nkube(2),|368waqmk(3),195ogdkz(3),662nkube(2),;22333.2,24529.7,24350.5,25205.6,4.071165910554,7.302995919943,4.071165910554,6.508192203357,1416.135432972291
886zumvf(3),368waqmk(3),195ogdkz(3),662nkube(3),|368waqmk(3),195ogdkz(3),662nkube(2),|368waqmk(3),195ogdkz(3),662nkube(3),|368waqmk(3),195ogdkz(3),662nkube(2),;22333.2,24529.7,24350.5,25205.6,0,2.302995919943,0,1.508192203357,1421.135432972291
886zumvf(3),368waqmk(3),195ogdkz(3),662nkube(3),|368waqmk(3),195ogdkz(3),662nkube(3),|368waqmk(3),195ogdkz(3),662nkube(3),|368waqmk(3),195ogdkz(3),662nkube(3),;22333.2,24529.7,24350.5,25205.6,0,0,0,0,1426.135432972291
886zumvf(3),368waqmk(3),195ogdkz(3),662nkube(3),|368waqmk(3),195ogdkz(3),662nkube(3),|368waqmk(3),195ogdkz(3),662nkube(3),|368waqmk(3),195ogdkz(3),662nkube(3),;22333.2,24529.7,24350.5,25205.6,0,0,0,0,1431.135432972291
886zumvf(3),368waqmk(3),195ogdkz(3),662nkube(3),|368waqmk(3),195ogdkz(3),662nkube(3),|368waqmk(3),195ogdkz(3),662nkube(3),|368waqmk(3),195ogdkz(3),662nkube(3),;22333.2,24529.7,24350.5,25205.6,0,0,0,0,1436.135432972291
886zumvf(3),368waqmk(3),195ogdkz(3),662nkube(3),|368waqmk(3),195ogdkz(3),662nkube(3),|368waqmk(3),195ogdkz(3),662nkube(3),|368waqmk(3),195ogdkz(3),662nkube(3),;22333.2,24529.7,24350.5,25205.6,0,0,0,0,1441.135432972291
886zumvf(3),368waqmk(3),195ogdkz(3),662nkube(3),|368waqmk(3),195ogdkz(3),662nkube(3),|368waqmk(3),195ogdkz(3),662nkube(3),|368waqmk(3),195ogdkz(3),662nkube(3),;22333.2,24529.7,24350.5,25205.6,0,0,0,0,1446.135432972291
886zumvf(3),368waqmk(3),195ogdkz(3),662nkube(3),|368waqmk(3),195ogdkz(3),662nkube(3),|368waqmk(3),195ogdkz(3),662nkube(3),|368waqmk(3),195ogdkz(3),662nkube(3),;22333.2,24529.7,24350.5,25205.6,0,0,0,0,1451.135432972291
886zumvf(3),368waqmk(3),195ogdkz(3),662nkube(3),|368waqmk(3),195ogdkz(3),662nkube(3),|368waqmk(3),195ogdkz(3),662nkube(3),|368waqmk(3),195ogdkz(3),662nkube(3),;22333.2,24529.7,24350.5,25205.6,0,0,0,0,1456.135432972291
886zumvf(3),368waqmk(3),195ogdkz(3),662nkube(3),|368waqmk(3),195ogdkz(3),662nkube(3),|368waqmk(3),195ogdkz(3),662nkube(3),|368waqmk(3),195ogdkz(3),662nkube(3),;22333.2,24529.7,24350.5,25205.6,0,0,0,0,1461.135432972291
886zumvf(3),368waqmk(3),195ogdkz(3),662nkube(3),|368waqmk(3),195ogdkz(3),662nkube(3),|368waqmk(3),195ogdkz(3),662nkube(3),|368waqmk(3),195ogdkz(3),662nkube(3),;22333.2,24529.7,24350.5,25205.6,0,0,0,0,1466.135432972291
886zumvf(3),368waqmk(3),195ogdkz(3),662nkube(3),|368waqmk(3),195ogdkz(3),662nkube(3),|368waqmk(3),195ogdkz(3),662nkube(3),|368waqmk(3),195ogdkz(3),662nkube(3),;22333.2,24529.7,24350.5,25205.6,0,0,0,0,1471.135432972291
886zumvf(3),368waqmk(3),195ogdkz(3),662nkube(3),|368waqmk(3),195ogdkz(3),662nkube(3),|368waqmk(3),195ogdkz(3),662nkube(3),195mfshb(0),|368waqmk(3),195ogdkz(3),662nkube(3),195mfshb(0),;22333.2,24529.7,23418.7,17750.9,0,0,8.372826397096,46.003412988645,1476.135432972291
886zumvf(3),662nkube(3),|662nkube(3),|662nkube(3),195mfshb(2),|662nkube(3),195mfshb(2),;25866,27335.5,26951.5,19880.8,0,0,3.372826397096,41.003412988645,1481.135432972291
886zumvf(3),662nkube(3),|662nkube(3),|662nkube(3),|662nkube(3),195mfshb(2),;25866,27335.5,27883.3,19880.8,0,0,0,36.003412988645,1486.135432972291
886zumvf(3),662nkube(3),|662nkube(3),|662nkube(3),|662nkube(3),195mfshb(2),;25866,27335.5,27883.3,19880.8,0,0,0,31.003412988645,1491.135432972291
886zumvf(3),662nkube(3),|662nkube(3),|662nkube(3),|662nkube(3),195mfshb(2),;25866,27335.5,27883.3,19880.8,0,0,0,26.003412988645,1496.135432972291
662nkube(3),|662nkube(3),|662nkube(3),|662nkube(3),195mfshb(2),;27883.3,27335.5,27883.3,19880.8,0,0,0,21.003412988645,1501.135432972291
662nkube(3),|662nkube(3),|662nkube(3),|662nkube(3),195mfshb(2),;27883.3,27335.5,27883.3,19880.8,0,0,0,16.003412988645,1506.135432972291
662nkube(3),|662nkube(3),|662nkube(3),|662nkube(3),195mfshb(2),;27883.3,27335.5,27883.3,19880.8,0,0,0,11.003412988645,1511.135432972291
662nkube(3),|662nkube(3),|662nkube(3),|662nkube(3),195mfshb(2),;27883.3,27335.5,27883.3,19880.8,0,0,0,6.003412988645,1516.135432972291
662nkube(3),|662nkube(3),|662nkube(3),|662nkube(3),195mfshb(2),;27883.3,27335.5,27883.3,19880.8,0,0,0,1.003412988645,1521.135432972291
662nkube(3),|662nkube(3),|662nkube(3),|662nkube(3),195mfshb(3),;27883.3,27335.5,27883.3,19880.8,0,0,0,0,1526.135432972291
662nkube(3),|662nkube(3),|662nkube(3),|662nkube(3),195mfshb(3),;27883.3,27335.5,27883.3,19880.8,0,0,0,0,1531.135432972291
662nkube(3),|662nkube(3),|662nkube(3),|662nkube(3),195mfshb(3),;27883.3,27335.5,27883.3,19880.8,0,0,0,0,1536.135432972291
662nkube(3),651zwqdn(2),|662nkube(3),651zwqdn(2),|662nkube(3),651zwqdn(2),|662nkube(3),195mfshb(3),;26521.4,24611.7,25159.5,19880.8,7.18876424068,15.223033235986,15.223033235986,0,1541.135432972291
662nkube(3),651zwqdn(2),|662nkube(3),651zwqdn(2),|662nkube(3),651zwqdn(2),|662nkube(3),195mfshb(3),;26521.4,24611.7,25159.5,19880.8,2.18876424068,10.223033235986,10.223033235986,0,1546.135432972291
662nkube(3),651zwqdn(3),|662nkube(3),651zwqdn(2),|662nkube(3),651zwqdn(2),|662nkube(3),195mfshb(3),;26521.4,24611.7,25159.5,19880.8,0,5.223033235986,5.223033235986,0,1551.135432972291
662nkube(3),651zwqdn(3),|662nkube(3),651zwqdn(3),|662nkube(3),651zwqdn(3),|662nkube(3),195mfshb(3),;26521.4,24611.7,25159.5,19880.8,0,0.223033235986,0.223033235986,0,1556.135432972291
662nkube(3),651zwqdn(3),|662nkube(3),651zwqdn(3),|662nkube(3),651zwqdn(3),|662nkube(3),195mfshb(3),;26521.4,24611.7,25159.5,19880.8,0,0,0,0,1561.135432972291
662nkube(3),651zwqdn(3),|662nkube(3),651zwqdn(3),|662nkube(3),651zwqdn(3),|662nkube(3),195mfshb(3),;26521.4,24611.7,25159.5,19880.8,0,0,0,0,1566.135432972291
662nkube(3),651zwqdn(3),|662nkube(3),651zwqdn(3),|662nkube(3),651zwqdn(3),|662nkube(3),195mfshb(3),;26521.4,24611.7,25159.5,19880.8,0,0,0,0,1571.135432972291
662nkube(3),651zwqdn(3),|662nkube(3),651zwqdn(3),|662nkube(3),651zwqdn(3),|662nkube(3),;26521.4,24611.7,25159.5,27335.5,0,0,0,0,1576.135432972291
662nkube(3),651zwqdn(3),|662nkube(3),651zwqdn(3),|662nkube(3),651zwqdn(3),|662nkube(3),;26521.4,24611.7,25159.5,27335.5,0,0,0,0,1581.135432972291
662nkube(3),651zwqdn(3),|662nkube(3),651zwqdn(3),|662nkube(3),651zwqdn(3),|662nkube(3),;26521.4,24611.7,25159.5,27335.5,0,0,0,0,1586.135432972291
662nkube(3),651zwqdn(3),|662nkube(3),651zwqdn(3),|662nkube(3),651zwqdn(3),|662nkube(3),;26521.4,24611.7,25159.5,27335.5,0,0,0,0,1591.135432972291
662nkube(3),651zwqdn(3),|662nkube(3),651zwqdn(3),|662nkube(3),651zwqdn(3),|662nkube(3),;26521.4,24611.7,25159.5,27335.5,0,0,0,0,1596.135432972291
651zwqdn(3),|651zwqdn(3),|651zwqdn(3),|;27617.1,26255.2,26255.2,28979,0,0,0,0,1601.135432972291
651zwqdn(3),|651zwqdn(3),|651zwqdn(3),|;27617.1,26255.2,26255.2,28979,0,0,0,0,1606.135432972291
651zwqdn(3),|651zwqdn(3),|651zwqdn(3),|;27617.1,26255.2,26255.2,28979,0,0,0,0,1611.135432972291
651zwqdn(3),|651zwqdn(3),|651zwqdn(3),|;27617.1,26255.2,26255.2,28979,0,0,0,0,1616.135432972291
651zwqdn(3),|651zwqdn(3),|651zwqdn(3),84tacry(0),|;27617.1,26255.2,25369.4,28979,0,0,6.652836566317,0,1621.135432972291
||84tacry(2),|;28979,28979,28093.2,28979,0,0,1.652836566317,0,1626.135432972291
|||;28979,28979,28979,28979,0,0,0,0,1631.135432972291
|||;28979,28979,28979,28979,0,0,0,0,1636.135432972291
|||;28979,28979,28979,28979,0,0,0,0,1641.135432972291
|||;28979,28979,28979,28979,0,0,0,0,1646.135432972291
|||;28979,28979,28979,28979,0,0,0,0,1651.135432972291
|||;28979,28979,28979,28979,0,0,0,0,1656.135432972291
|||;28979,28979,28979,28979,0,0,0,0,1661.135432972291
|||;28979,28979,28979,28979,0,0,0,0,1666.135432972291
|||;28979,28979,28979,28979,0,0,0,0,1671.135432972291
|||;28979,28979,28979,28979,0,0,0,0,1676.135432972291
|||;28979,28979,28979,28979,0,0,0,0,1681.135432972291
|||;28979,28979,28979,28979,0,0,0,0,1686.135432972291
|||;28979,28979,28979,28979,0,0,0,0,1691.135432972291
|||;28979,28979,28979,28979,0,0,0,0,1696.135432972291
|||;28979,28979,28979,28979,0,0,0,0,1701.135432972291
|||;28979,28979,28979,28979,0,0,0,0,1706.135432972291
|||;28979,28979,28979,28979,0,0,0,0,1711.135432972291
|||;28979,28979,28979,28979,0,0,0,0,1716.135432972291
|||;28979,28979,28979,28979,0,0,0,0,1721.135432972291
|||;28979,28979,28979,28979,0,0,0,0,1726.135432972291
|||;28979,28979,28979,28979,0,0,0,0,1731.135432972291
|||;28979,28979,28979,28979,0,0,0,0,1736.135432972291
|||;28979,28979,28979,28979,0,0,0,0,1741.135432972291
|||;28979,28979,28979,28979,0,0,0,0,1746.135432972291
|||;28979,28979,28979,28979,0,0,0,0,1751.135432972291
|||;28979,28979,28979,28979,0,0,0,0,1756.135432972291
|||;28979,28979,28979,28979,0,0,0,0,1761.135432972291
|||;28979,28979,28979,28979,0,0,0,0,1766.135432972291
|||;28979,28979,28979,28979,0,0,0,0,1771.135432972291
|||;28979,28979,28979,28979,0,0,0,0,1776.135432972291
|||;28979,28979,28979,28979,0,0,0,0,1781.135432972291
|||;28979,28979,28979,28979,0,0,0,0,1786.135432972291
|||;28979,28979,28979,28979,0,0,0,0,1791.135432972291
|||;28979,28979,28979,28979,0,0,0,0,1796.135432972291
|||;28979,28979,28979,28979,0,0,0,0,1801.135432972291
|||;28979,28979,28979,28979,0,0,0,0,1806.135432972291
|||;28979,28979,28979,28979,0,0,0,0,1811.135432972291
||978jtxcz(2),|;28979,28979,28344.1,28979,0,0,0.298787456507,0,1816.135432972291
||978jtxcz(3),|;28979,28979,28344.1,28979,0,0,0,0,1821.135432972291
||978jtxcz(3),|;28979,28979,28344.1,28979,0,0,0,0,1826.135432972291
||978jtxcz(3),|;28979,28979,28344.1,28979,0,0,0,0,1831.135432972291
66zfsew(2),|66zfsew(2),|978jtxcz(3),66zfsew(2),|66zfsew(2),;26152.8,27094.8,26459.9,26152.8,15.442570416251,10.007697627519,10.007697627519,15.442570416251,1836.135432972291
66zfsew(2),|66zfsew(2),|978jtxcz(3),66zfsew(2),|66zfsew(2),;26152.8,27094.8,26459.9,26152.8,10.442570416251,5.007697627519,5.007697627519,10.442570416251,1841.135432972291
66zfsew(2),|66zfsew(3),|66zfsew(3),|66zfsew(2),;26152.8,27094.8,27094.8,26152.8,5.442570416251,0.007697627519,0.007697627519,5.442570416251,1846.135432972291
66zfsew(2),|66zfsew(3),|66zfsew(3),|66zfsew(2),;26152.8,27094.8,27094.8,26152.8,0.442570416251,0,0,0.442570416251,1851.135432972291
66zfsew(3),|66zfsew(3),|66zfsew(3),|66zfsew(3),;26152.8,27094.8,27094.8,26152.8,0,0,0,0,1856.135432972291
66zfsew(3),|66zfsew(3),|66zfsew(3),|66zfsew(3),;26152.8,27094.8,27094.8,26152.8,0,0,0,0,1861.135432972291
66zfsew(3),|66zfsew(3),|66zfsew(3),|66zfsew(3),;26152.8,27094.8,27094.8,26152.8,0,0,0,0,1866.135432972291
66zfsew(3),|66zfsew(3),|66zfsew(3),|66zfsew(3),;26152.8,27094.8,27094.8,26152.8,0,0,0,0,1871.135432972291
66zfsew(3),|66zfsew(3),|66zfsew(3),|66zfsew(3),;26152.8,27094.8,27094.8,26152.8,0,0,0,0,1876.135432972291
66zfsew(3),|66zfsew(3),|66zfsew(3),|66zfsew(3),;26152.8,27094.8,27094.8,26152.8,0,0,0,0,1881.135432972291
66zfsew(3),|66zfsew(3),|66zfsew(3),|66zfsew(3),;26152.8,27094.8,27094.8,26152.8,0,0,0,0,1886.135432972291
66zfsew(3),|66zfsew(3),|66zfsew(3),|66zfsew(3),;26152.8,27094.8,27094.8,26152.8,0,0,0,0,1891.135432972291
66zfsew(3),|66zfsew(3),|66zfsew(3),|66zfsew(3),;26152.8,27094.8,27094.8,26152.8,0,0,0,0,1896.135432972291
66zfsew(3),|66zfsew(3),|66zfsew(3),|66zfsew(3),;26152.8,27094.8,27094.8,26152.8,0,0,0,0,1901.135432972291
66zfsew(3),|66zfsew(3),|66zfsew(3),|66zfsew(3),;26152.8,27094.8,27094.8,26152.8,0,0,0,0,1906.135432972291
66zfsew(3),|66zfsew(3),|66zfsew(3),|66zfsew(3),;26152.8,27094.8,27094.8,26152.8,0,0,0,0,1911.135432972291
66zfsew(3),|66zfsew(3),|66zfsew(3),|66zfsew(3),;26152.8,27094.8,27094.8,26152.8,0,0,0,0,1916.135432972291
66zfsew(3),|66zfsew(3),|66zfsew(3),|66zfsew(3),;26152.8,27094.8,27094.8,26152.8,0,0,0,0,1921.135432972291
66zfsew(3),|66zfsew(3),|66zfsew(3),|66zfsew(3),;26152.8,27094.8,27094.8,26152.8,0,0,0,0,1926.135432972291
66zfsew(3),|66zfsew(3),|66zfsew(3),|66zfsew(3),;26152.8,27094.8,27094.8,26152.8,0,0,0,0,1931.135432972291
66zfsew(3),|66zfsew(3),|66zfsew(3),|66zfsew(3),;26152.8,27094.8,27094.8,26152.8,0,0,0,0,1936.135432972291
66zfsew(3),|66zfsew(3),|66zfsew(3),|66zfsew(3),;26152.8,27094.8,27094.8,26152.8,0,0,0,0,1941.135432972291
66zfsew(3),|66zfsew(3),|66zfsew(3),|66zfsew(3),;26152.8,27094.8,27094.8,26152.8,0,0,0,0,1946.135432972291
66zfsew(3),|66zfsew(3),|66zfsew(3),|66zfsew(3),;26152.8,27094.8,27094.8,26152.8,0,0,0,0,1951.135432972291
66zfsew(3),|66zfsew(3),|66zfsew(3),|66zfsew(3),;26152.8,27094.8,27094.8,26152.8,0,0,0,0,1956.135432972291
66zfsew(3),|66zfsew(3),|66zfsew(3),|66zfsew(3),;26152.8,27094.8,27094.8,26152.8,0,0,0,0,1961.135432972291
66zfsew(3),|66zfsew(3),|66zfsew(3),|66zfsew(3),;26152.8,27094.8,27094.8,26152.8,0,0,0,0,1966.135432972291
66zfsew(3),|66zfsew(3),|66zfsew(3),|66zfsew(3),;26152.8,27094.8,27094.8,26152.8,0,0,0,0,1971.135432972291
66zfsew(3),|66zfsew(3),|66zfsew(3),|66zfsew(3),;26152.8,27094.8,27094.8,26152.8,0,0,0,0,1976.135432972291
66zfsew(3),|66zfsew(3),|66zfsew(3),|66zfsew(3),;26152.8,27094.8,27094.8,26152.8,0,0,0,0,1981.135432972291
66zfsew(3),|66zfsew(3),|66zfsew(3),|66zfsew(3),;26152.8,27094.8,27094.8,26152.8,0,0,0,0,1986.135432972291
66zfsew(3),|66zfsew(3),|66zfsew(3),|66zfsew(3),;26152.8,27094.8,27094.8,26152.8,0,0,0,0,1991.135432972291
66zfsew(3),|66zfsew(3),|66zfsew(3),|66zfsew(3),;26152.8,27094.8,27094.8,26152.8,0,0,0,0,1996.135432972291
