|||;26316,26316,26316,26316,0,0,0,0,1.010892141596
|||;26316,26316,26316,26316,0,0,0,0,6.010892141596
|||;26316,26316,26316,26316,0,0,0,0,11.010892141596
|||;26316,26316,26316,26316,0,0,0,0,16.010892141596
|||;26316,26316,26316,26316,0,0,0,0,21.010892141596
|||;26316,26316,26316,26316,0,0,0,0,26.010892141596
|||;26316,26316,26316,26316,0,0,0,0,31.010892141596
|||;26316,26316,26316,26316,0,0,0,0,36.010892141596
|||;26316,26316,26316,26316,0,0,0,0,41.010892141596
|||;26316,26316,26316,26316,0,0,0,0,46.010892141596
|||;26316,26316,26316,26316,0,0,0,0,51.010892141596
|||;26316,26316,26316,26316,0,0,0,0,56.010892141596
|||;26316,26316,26316,26316,0,0,0,0,61.010892141596
|||;26316,26316,26316,26316,0,0,0,0,66.010892141596
|||;26316,26316,26316,26316,0,0,0,0,71.010892141596
|||;26316,26316,26316,26316,0,0,0,0,76.010892141596
|||;26316,26316,26316,26316,0,0,0,0,81.010892141596
|||;26316,26316,26316,26316,0,0,0,0,86.010892141596
|||;26316,26316,26316,26316,0,0,0,0,91.010892141596
|||;26316,26316,26316,26316,0,0,0,0,96.010892141596
|||;26316,26316,26316,26316,0,0,0,0,101.010892141596
|||;26316,26316,26316,26316,0,0,0,0,106.010892141596
|||;26316,26316,26316,26316,0,0,0,0,111.010892141596
23lqdzc(2),|23lqdzc(2),|23lqdzc(2),|23lqdzc(2),;24984.8,24319.2,24984.8,24319.2,6.173700172877,10.273395811975,6.173700172877,10.273395811975,116.010892141596
23lqdzc(2),|23lqdzc(2),|23lqdzc(2),|23lqdzc(2),;24984.8,24319.2,24984.8,24319.2,1.173700172877,5.273395811975,1.173700172877,5.273395811975,121.010892141596
|23lqdzc(2),||23lqdzc(2),;26316,24319.2,26316,24319.2,0,0.273395811975,0,0.273395811975,126.010892141596
|||;26316,26316,26316,26316,0,0,0,0,131.010892141596
|||;26316,26316,26316,26316,0,0,0,0,136.010892141596
|||;26316,26316,26316,26316,0,0,0,0,141.010892141596
|||;26316,26316,26316,26316,0,0,0,0,146.010892141596
|||;26316,26316,26316,26316,0,0,0,0,151.010892141596
|||;26316,26316,26316,26316,0,0,0,0,156.010892141596
|||;26316,26316,26316,26316,0,0,0,0,161.010892141596
|||;26316,26316,26316,26316,0,0,0,0,166.010892141596
|||;26316,26316,26316,26316,0,0,0,0,171.010892141596
|||;26316,26316,26316,26316,0,0,0,0,176.010892141596
|||;26316,26316,26316,26316,0,0,0,0,181.010892141596
|||;26316,26316,26316,26316,0,0,0,0,186.010892141596
|||;26316,26316,26316,26316,0,0,0,0,191.010892141596
|||;26316,26316,26316,26316,0,0,0,0,196.010892141596
|||;26316,26316,26316,26316,0,0,0,0,201.010892141596
|||;26316,26316,26316,26316,0,0,0,0,206.010892141596
|||;26316,26316,26316,26316,0,0,0,0,211.010892141596
|||;26316,26316,26316,26316,0,0,0,0,216.010892141596
|||;26316,26316,26316,26316,0,0,0,0,221.010892141596
23xceao(2),|23xceao(2),|23xceao(2),|23xceao(2),;23080.2,23889.1,25507,24698.1,19.813239362497,14.830532354979,4.865118339941,9.84782534746,226.010892141596
23xceao(2),|23xceao(2),||23xceao(2),;23080.2,23889.1,26316,24698.1,14.813239362497,9.830532354979,0,4.84782534746,231.010892141596
23xceao(2),|23xceao(2),||;23080.2,23889.1,26316,26316,9.813239362497,4.830532354979,0,0,236.010892141596
23xceao(2),|23xceao(3),||;23080.2,23889.1,26316,26316,4.813239362497,0,0,0,241.010892141596
23xceao(3),|23xceao(3),||;23080.2,23889.1,26316,26316,0,0,0,0,246.010892141596
23xceao(3),|23xceao(3),||;23080.2,23889.1,26316,26316,0,0,0,0,251.010892141596
23xceao(3),46ichga(0),|23xceao(3),46ichga(0),|46ichga(0),|46ichga(0),;21421.3,20571.3,24657.1,24657.1,12.227481409421,22.445184386865,12.227481409421,12.227481409421,256.010892141596
23xceao(3),46ichga(2),|23xceao(3),46ichga(2),|46ichga(2),|46ichga(2),;21421.3,20571.3,24657.1,24657.1,7.227481409421,17.445184386865,7.227481409421,7.227481409421,261.010892141596
23xceao(3),46ichga(2),|23xceao(3),46ichga(2),|46ichga(2),|46ichga(2),;21421.3,20571.3,24657.1,24657.1,2.227481409421,12.445184386865,2.227481409421,2.227481409421,266.010892141596
23xceao(3),|23xceao(3),46ichga(2),||;23080.2,20571.3,26316,26316,0,7.445184386865,0,0,271.010892141596
23xceao(3),|23xceao(3),46ichga(2),||;23080.2,20571.3,26316,26316,0,2.445184386865,0,0,276.010892141596
23xceao(3),|23xceao(3),46ichga(3),||;23080.2,20571.3,26316,26316,0,0,0,0,281.010892141596
23xceao(3),|23xceao(3),46ichga(3),||;23080.2,20571.3,26316,26316,0,0,0,0,286.010892141596
23xceao(3),|23xceao(3),46ichga(3),||;23080.2,20571.3,26316,26316,0,0,0,0,291.010892141596
23xceao(3),|23xceao(3),46ichga(3),||;23080.2,20571.3,26316,26316,0,0,0,0,296.010892141596
23xceao(3),|23xceao(3),46ichga(3),||;23080.2,20571.3,26316,26316,0,0,0,0,301.010892141596
23xceao(3),|23xceao(3),46ichga(3),||;23080.2,20571.3,26316,26316,0,0,0,0,306.010892141596
23xceao(3),|23xceao(3),46ichga(3),||;23080.2,20571.3,26316,26316,0,0,0,0,311.010892141596
23xceao(3),|23xceao(3),46ichga(3),||;23080.2,20571.3,26316,26316,0,0,0,0,316.010892141596
23xceao(3),|23xceao(3),46ichga(3),||;23080.2,20571.3,26316,26316,0,0,0,0,321.010892141596
23xceao(3),|23xceao(3),46ichga(3),||;23080.2,20571.3,26316,26316,0,0,0,0,326.010892141596
23xceao(3),|23xceao(3),46ichga(3),||;23080.2,20571.3,26316,26316,0,0,0,0,331.010892141596
23xceao(3),|23xceao(3),46ichga(3),||;23080.2,20571.3,26316,26316,0,0,0,0,336.010892141596
|46ichga(3),||;26316,22998.2,26316,26316,0,0,0,0,341.010892141596
|46ichga(3),||;26316,22998.2,26316,26316,0,0,0,0,346.010892141596
|46ichga(3),||;26316,22998.2,26316,26316,0,0,0,0,351.010892141596
|46ichga(3),||;26316,22998.2,26316,26316,0,0,0,0,356.010892141596
79huwdf(2),|46ichga(3),79huwdf(2),|79huwdf(2),|79huwdf(2),;24892.6,20863.2,24181,24892.6,7.212300924638,11.595821646443,11.595821646443,7.212300924638,361.010892141596
79huwdf(2),|46ichga(3),79huwdf(2),|79huwdf(2),|79huwdf(2),;24892.6,20863.2,24181,24892.6,2.212300924638,6.595821646443,6.595821646443,2.212300924638,366.010892141596
|46ichga(3),79huwdf(2),|79huwdf(2),|;26316,20863.2,24181,26316,0,1.595821646443,1.595821646443,0,371.010892141596
|46ichga(3),||;26316,22998.2,26316,26316,0,0,0,0,376.010892141596
|||;26316,26316,26316,26316,0,0,0,0,381.010892141596
|||;26316,26316,26316,26316,0,0,0,0,386.010892141596
|||;26316,26316,26316,26316,0,0,0,0,391.010892141596
|||;26316,26316,26316,26316,0,0,0,0,396.010892141596
|||;26316,26316,26316,26316,0,0,0,0,401.010892141596
|||;26316,26316,26316,26316,0,0,0,0,406.010892141596
|||;26316,26316,26316,26316,0,0,0,0,411.010892141596
|||;26316,26316,26316,26316,0,0,0,0,416.010892141596
|||;26316,26316,26316,26316,0,0,0,0,421.010892141596
|||;26316,26316,26316,26316,0,0,0,0,426.010892141596
|||;26316,26316,26316,26316,0,0,0,0,431.010892141596
|||;26316,26316,26316,26316,0,0,0,0,436.010892141596
|||;26316,26316,26316,26316,0,0,0,0,441.010892141596
|||;26316,26316,26316,26316,0,0,0,0,446.010892141596
|||;26316,26316,26316,26316,0,0,0,0,451.010892141596
|||;26316,26316,26316,26316,0,0,0,0,456.010892141596
|||;26316,26316,26316,26316,0,0,0,0,461.010892141596
|||;26316,26316,26316,26316,0,0,0,0,466.010892141596
|||;26316,26316,26316,26316,0,0,0,0,471.010892141596
|||;26316,26316,26316,26316,0,0,0,0,476.010892141596
|||;26316,26316,26316,26316,0,0,0,0,481.010892141596
|||;26316,26316,26316,26316,0,0,0,0,486.010892141596
|||;26316,26316,26316,26316,0,0,0,0,491.010892141596
|||;26316,26316,26316,26316,0,0,0,0,496.010892141596
|||;26316,26316,26316,26316,0,0,0,0,501.010892141596
|||;26316,26316,26316,26316,0,0,0,0,506.010892141596
|||;26316,26316,26316,26316,0,0,0,0,511.010892141596
|||;26316,26316,26316,26316,0,0,0,0,516.010892141596
|||;26316,26316,26316,26316,0,0,0,0,521.010892141596
|||;26316,26316,26316,26316,0,0,0,0,526.010892141596
|||;26316,26316,26316,26316,0,0,0,0,531.010892141596
|||;26316,26316,26316,26316,0,0,0,0,536.010892141596
|||;26316,26316,26316,26316,0,0,0,0,541.010892141596
|||;26316,26316,26316,26316,0,0,0,0,546.010892141596
|||;26316,26316,26316,26316,0,0,0,0,551.010892141596
|||;26316,26316,26316,26316,0,0,0,0,556.010892141596
|||;26316,26316,26316,26316,0,0,0,0,561.010892141596
|||;26316,26316,26316,26316,0,0,0,0,566.010892141596
|||;26316,26316,26316,26316,0,0,0,0,571.010892141596
|||;26316,26316,26316,26316,0,0,0,0,576.010892141596
|||;26316,26316,26316,26316,0,0,0,0,581.010892141596
|||;26316,26316,26316,26316,0,0,0,0,586.010892141596
|||;26316,26316,26316,26316,0,0,0,0,591.010892141596
|||;26316,26316,26316,26316,0,0,0,0,596.010892141596
|||;26316,26316,26316,26316,0,0,0,0,601.010892141596
|||;26316,26316,26316,26316,0,0,0,0,606.010892141596
|||;26316,26316,26316,26316,0,0,0,0,611.010892141596
|||;26316,26316,26316,26316,0,0,0,0,616.010892141596
|||;26316,26316,26316,26316,0,0,0,0,621.010892141596
|||;26316,26316,26316,26316,0,0,0,0,626.010892141596
|||;26316,26316,26316,26316,0,0,0,0,631.010892141596
|||;26316,26316,26316,26316,0,0,0,0,636.010892141596
|||;26316,26316,26316,26316,0,0,0,0,641.010892141596
|||;26316,26316,26316,26316,0,0,0,0,646.010892141596
|||;26316,26316,26316,26316,0,0,0,0,651.010892141596
|||;26316,26316,26316,26316,0,0,0,0,656.010892141596
|||;26316,26316,26316,26316,0,0,0,0,661.010892141596
|||;26316,26316,26316,26316,0,0,0,0,666.010892141596
|||;26316,26316,26316,26316,0,0,0,0,671.010892141596
978ijmqa(2),||978ijmqa(2),|978ijmqa(2),;25292,26316,24780,25292,5.266289030557,0,8.419901060633,5.266289030557,676.010892141596
978ijmqa(2),||978ijmqa(2),|978ijmqa(2),;25292,26316,24780,25292,0.266289030557,0,3.419901060633,0.266289030557,681.010892141596
|||;26316,26316,26316,26316,0,0,0,0,686.010892141596
|||;26316,26316,26316,26316,0,0,0,0,691.010892141596
|||;26316,26316,26316,26316,0,0,0,0,696.010892141596
|||;26316,26316,26316,26316,0,0,0,0,701.010892141596
|||;26316,26316,26316,26316,0,0,0,0,706.010892141596
|||;26316,26316,26316,26316,0,0,0,0,711.010892141596
|||;26316,26316,26316,26316,0,0,0,0,716.010892141596
|||;26316,26316,26316,26316,0,0,0,0,721.010892141596
|||;26316,26316,26316,26316,0,0,0,0,726.010892141596
|||;26316,26316,26316,26316,0,0,0,0,731.010892141596
|||;26316,26316,26316,26316,0,0,0,0,736.010892141596
|||;26316,26316,26316,26316,0,0,0,0,741.010892141596
|||;26316,26316,26316,26316,0,0,0,0,746.010892141596
|||;26316,26316,26316,26316,0,0,0,0,751.010892141596
|||;26316,26316,26316,26316,0,0,0,0,756.010892141596
|||;26316,26316,26316,26316,0,0,0,0,761.010892141596
|||;26316,26316,26316,26316,0,0,0,0,766.010892141596
|||;26316,26316,26316,26316,0,0,0,0,771.010892141596
|||;26316,26316,26316,26316,0,0,0,0,776.010892141596
|||;26316,26316,26316,26316,0,0,0,0,781.010892141596
|||;26316,26316,26316,26316,0,0,0,0,786.010892141596
|||;26316,26316,26316,26316,0,0,0,0,791.010892141596
|||;26316,26316,26316,26316,0,0,0,0,796.010892141596
|||;26316,26316,26316,26316,0,0,0,0,801.010892141596
|||;26316,26316,26316,26316,0,0,0,0,806.010892141596
|||;26316,26316,26316,26316,0,0,0,0,811.010892141596
|||;26316,26316,26316,26316,0,0,0,0,816.010892141596
|||;26316,26316,26316,26316,0,0,0,0,821.010892141596
|||;26316,26316,26316,26316,0,0,0,0,826.010892141596
|||;26316,26316,26316,26316,0,0,0,0,831.010892141596
|||;26316,26316,26316,26316,0,0,0,0,836.010892141596
|||;26316,26316,26316,26316,0,0,0,0,841.010892141596
|||;26316,26316,26316,26316,0,0,0,0,846.010892141596
|||;26316,26316,26316,26316,0,0,0,0,851.010892141596
|||;26316,26316,26316,26316,0,0,0,0,856.010892141596
|||;26316,26316,26316,26316,0,0,0,0,861.010892141596
|||;26316,26316,26316,26316,0,0,0,0,866.010892141596
|||;26316,26316,26316,26316,0,0,0,0,871.010892141596
|||;26316,26316,26316,26316,0,0,0,0,876.010892141596
|||;26316,26316,26316,26316,0,0,0,0,881.010892141596
|||;26316,26316,26316,26316,0,0,0,0,886.010892141596
|||;26316,26316,26316,26316,0,0,0,0,891.010892141596
|||;26316,26316,26316,26316,0,0,0,0,896.010892141596
|||;26316,26316,26316,26316,0,0,0,0,901.010892141596
|||;26316,26316,26316,26316,0,0,0,0,906.010892141596
|||;26316,26316,26316,26316,0,0,0,0,911.010892141596
|||;26316,26316,26316,26316,0,0,0,0,916.010892141596
|||;26316,26316,26316,26316,0,0,0,0,921.010892141596
|||;26316,26316,26316,26316,0,0,0,0,926.010892141596
|||;26316,26316,26316,26316,0,0,0,0,931.010892141596
|||;26316,26316,26316,26316,0,0,0,0,936.010892141596
|||;26316,26316,26316,26316,0,0,0,0,941.010892141596
|||;26316,26316,26316,26316,0,0,0,0,946.010892141596
|||;26316,26316,26316,26316,0,0,0,0,951.010892141596
|||;26316,26316,26316,26316,0,0,0,0,956.010892141596
|||;26316,26316,26316,26316,0,0,0,0,961.010892141596
|||;26316,26316,26316,26316,0,0,0,0,966.010892141596
|||;26316,26316,26316,26316,0,0,0,0,971.010892141596
|||;26316,26316,26316,26316,0,0,0,0,976.010892141596
|||;26316,26316,26316,26316,0,0,0,0,981.010892141596
|||;26316,26316,26316,26316,0,0,0,0,986.010892141596
|||;26316,26316,26316,26316,0,0,0,0,991.010892141596
|||;26316,26316,26316,26316,0,0,0,0,996.010892141596
|||;26316,26316,26316,26316,0,0,0,0,1001.010892141596
|||;26316,26316,26316,26316,0,0,0,0,1006.010892141596
|||;26316,26316,26316,26316,0,0,0,0,1011.010892141596
|||;26316,26316,26316,26316,0,0,0,0,1016.010892141596
|||;26316,26316,26316,26316,0,0,0,0,1021.010892141596
|||;26316,26316,26316,26316,0,0,0,0,1026.010892141596
|||;26316,26316,26316,26316,0,0,0,0,1031.010892141596
|||;26316,26316,26316,26316,0,0,0,0,1036.010892141596
|||;26316,26316,26316,26316,0,0,0,0,1041.010892141596
|||;26316,26316,26316,26316,0,0,0,0,1046.010892141596
|||;26316,26316,26316,26316,0,0,0,0,1051.010892141596
|||;26316,26316,26316,26316,0,0,0,0,1056.010892141596
|||;26316,26316,26316,26316,0,0,0,0,1061.010892141596
|||;26316,26316,26316,26316,0,0,0,0,1066.010892141596
|||;26316,26316,26316,26316,0,0,0,0,1071.010892141596
|||;26316,26316,26316,26316,0,0,0,0,1076.010892141596
|||;26316,26316,26316,26316,0,0,0,0,1081.010892141596
|||;26316,26316,26316,26316,0,0,0,0,1086.010892141596
|||;26316,26316,26316,26316,0,0,0,0,1091.010892141596
|||;26316,26316,26316,26316,0,0,0,0,1096.010892141596
|||;26316,26316,26316,26316,0,0,0,0,1101.010892141596
|||;26316,26316,26316,26316,0,0,0,0,1106.010892141596
|||;26316,26316,26316,26316,0,0,0,0,1111.010892141596
|||;26316,26316,26316,26316,0,0,0,0,1116.010892141596
|||;26316,26316,26316,26316,0,0,0,0,1121.010892141596
|||;26316,26316,26316,26316,0,0,0,0,1126.010892141596
|||;26316,26316,26316,26316,0,0,0,0,1131.010892141596
|||;26316,26316,26316,26316,0,0,0,0,1136.010892141596
|||;26316,26316,26316,26316,0,0,0,0,1141.010892141596
|||;26316,26316,26316,26316,0,0,0,0,1146.010892141596
|||;26316,26316,26316,26316,0,0,0,0,1151.010892141596
|||;26316,26316,26316,26316,0,0,0,0,1156.010892141596
|||;26316,26316,26316,26316,0,0,0,0,1161.010892141596
|||;26316,26316,26316,26316,0,0,0,0,1166.010892141596
|||;26316,26316,26316,26316,0,0,0,0,1171.010892141596
|||;26316,26316,26316,26316,0,0,0,0,1176.010892141596
|||;26316,26316,26316,26316,0,0,0,0,1181.010892141596
|||;26316,26316,26316,26316,0,0,0,0,1186.010892141596
|||;26316,26316,26316,26316,0,0,0,0,1191.010892141596
|||;26316,26316,26316,26316,0,0,0,0,1196.010892141596
|||;26316,26316,26316,26316,0,0,0,0,1201.010892141596
|||;26316,26316,26316,26316,0,0,0,0,1206.010892141596
|||;26316,26316,26316,26316,0,0,0,0,1211.010892141596
|||;26316,26316,26316,26316,0,0,0,0,1216.010892141596
12pliwh(2),|12pliwh(2),|12pliwh(2),|12pliwh(2),;24565,25148.6,25148.6,24565,7.252664242763,3.505546528477,3.505546528477,7.252664242763,1221.010892141596
12pliwh(2),|12pliwh(3),|12pliwh(3),|12pliwh(2),;24565,25148.6,25148.6,24565,2.252664242763,0,0,2.252664242763,1226.010892141596
12pliwh(3),|12pliwh(3),|12pliwh(3),|12pliwh(3),;24565,25148.6,25148.6,24565,0,0,0,0,1231.010892141596
12pliwh(3),|12pliwh(3),|12pliwh(3),|12pliwh(3),;24565,25148.6,25148.6,24565,0,0,0,0,1236.010892141596
12pliwh(3),|12pliwh(3),|12pliwh(3),|12pliwh(3),;24565,25148.6,25148.6,24565,0,0,0,0,1241.010892141596
12pliwh(3),|12pliwh(3),|12pliwh(3),|12pliwh(3),;24565,25148.6,25148.6,24565,0,0,0,0,1246.010892141596
12pliwh(3),|12pliwh(3),|12pliwh(3),|12pliwh(3),;24565,25148.6,25148.6,24565,0,0,0,0,1251.010892141596
12pliwh(3),|12pliwh(3),|12pliwh(3),|12pliwh(3),;24565,25148.6,25148.6,24565,0,0,0,0,1256.010892141596
12pliwh(3),|12pliwh(3),|12pliwh(3),|12pliwh(3),;24565,25148.6,25148.6,24565,0,0,0,0,1261.010892141596
12pliwh(3),|12pliwh(3),|12pliwh(3),|12pliwh(3),;24565,25148.6,25148.6,24565,0,0,0,0,1266.010892141596
12pliwh(3),|12pliwh(3),|12pliwh(3),|12pliwh(3),;24565,25148.6,25148.6,24565,0,0,0,0,1271.010892141596
12pliwh(3),|12pliwh(3),|12pliwh(3),|12pliwh(3),;24565,25148.6,25148.6,24565,0,0,0,0,1276.010892141596
12pliwh(3),|12pliwh(3),|12pliwh(3),|12pliwh(3),;24565,25148.6,25148.6,24565,0,0,0,0,1281.010892141596
12pliwh(3),|12pliwh(3),|12pliwh(3),|12pliwh(3),;24565,25148.6,25148.6,24565,0,0,0,0,1286.010892141596
12pliwh(3),|12pliwh(3),|12pliwh(3),|12pliwh(3),;24565,25148.6,25148.6,24565,0,0,0,0,1291.010892141596
12pliwh(3),|12pliwh(3),|12pliwh(3),|12pliwh(3),;24565,25148.6,25148.6,24565,0,0,0,0,1296.010892141596
12pliwh(3),|12pliwh(3),|12pliwh(3),|12pliwh(3),;24565,25148.6,25148.6,24565,0,0,0,0,1301.010892141596
12pliwh(3),|12pliwh(3),|12pliwh(3),|12pliwh(3),;24565,25148.6,25148.6,24565,0,0,0,0,1306.010892141596
12pliwh(3),|12pliwh(3),|12pliwh(3),|12pliwh(3),;24565,25148.6,25148.6,24565,0,0,0,0,1311.010892141596
12pliwh(3),12hqlzd(2),|12pliwh(3),12hqlzd(2),|12pliwh(3),12hqlzd(2),|12pliwh(3),12hqlzd(2),;22936.8,22706.4,23520.4,22122.8,9.100295682153,14.326538809972,9.100295682153,14.326538809972,1316.010892141596
12pliwh(3),12hqlzd(2),|12pliwh(3),12hqlzd(2),|12pliwh(3),12hqlzd(2),|12pliwh(3),12hqlzd(2),;22936.8,22706.4,23520.4,22122.8,4.100295682153,9.326538809972,4.100295682153,9.326538809972,1321.010892141596
12pliwh(3),12hqlzd(3),|12pliwh(3),12hqlzd(2),|12pliwh(3),12hqlzd(3),|12pliwh(3),12hqlzd(2),;22936.8,22706.4,23520.4,22122.8,0,4.326538809972,0,4.326538809972,1326.010892141596
12pliwh(3),12hqlzd(3),|12pliwh(3),12hqlzd(3),|12pliwh(3),12hqlzd(3),|12pliwh(3),12hqlzd(3),;22936.8,22706.4,23520.4,22122.8,0,0,0,0,1331.010892141596
12pliwh(3),12hqlzd(3),|12pliwh(3),12hqlzd(3),|12pliwh(3),12hqlzd(3),|12pliwh(3),12hqlzd(3),;22936.8,22706.4,23520.4,22122.8,0,0,0,0,1336.010892141596
12pliwh(3),12hqlzd(3),|12pliwh(3),12hqlzd(3),|12pliwh(3),12hqlzd(3),|12pliwh(3),12hqlzd(3),;22936.8,22706.4,23520.4,22122.8,0,0,0,0,1341.010892141596
12pliwh(3),12hqlzd(3),|12pliwh(3),12hqlzd(3),|12pliwh(3),12hqlzd(3),|12pliwh(3),12hqlzd(3),;22936.8,22706.4,23520.4,22122.8,0,0,0,0,1346.010892141596
12pliwh(3),12hqlzd(3),|12pliwh(3),12hqlzd(3),|12pliwh(3),12hqlzd(3),|12pliwh(3),12hqlzd(3),;22936.8,22706.4,23520.4,22122.8,0,0,0,0,1351.010892141596
12pliwh(3),12hqlzd(3),|12pliwh(3),12hqlzd(3),|12pliwh(3),12hqlzd(3),|12pliwh(3),12hqlzd(3),;22936.8,22706.4,23520.4,22122.8,0,0,0,0,1356.010892141596
12pliwh(3),12hqlzd(3),|12pliwh(3),12hqlzd(3),|12pliwh(3),12hqlzd(3),|12pliwh(3),12hqlzd(3),;22936.8,22706.4,23520.4,22122.8,0,0,0,0,1361.010892141596
12pliwh(3),12hqlzd(3),|12pliwh(3),12hqlzd(3),|12pliwh(3),12hqlzd(3),|12pliwh(3),12hqlzd(3),;22936.8,22706.4,23520.4,22122.8,0,0,0,0,1366.010892141596
12pliwh(3),12hqlzd(3),|12pliwh(3),12hqlzd(3),|12pliwh(3),12hqlzd(3),|12pliwh(3),12hqlzd(3),;22936.8,22706.4,23520.4,22122.8,0,0,0,0,1371.010892141596
12pliwh(3),12hqlzd(3),|12pliwh(3),12hqlzd(3),|12pliwh(3),12hqlzd(3),|12pliwh(3),12hqlzd(3),;22936.8,22706.4,23520.4,22122.8,0,0,0,0,1376.010892141596
12pliwh(3),12hqlzd(3),|12pliwh(3),12hqlzd(3),|12pliwh(3),12hqlzd(3),|12pliwh(3),12hqlzd(3),;22936.8,22706.4,23520.4,22122.8,0,0,0,0,1381.010892141596
12pliwh(3),12hqlzd(3),|12pliwh(3),12hqlzd(3),|12pliwh(3),12hqlzd(3),|12pliwh(3),12hqlzd(3),;22936.8,22706.4,23520.4,22122.8,0,0,0,0,1386.010892141596
12pliwh(3),12hqlzd(3),|12pliwh(3),12hqlzd(3),|12pliwh(3),12hqlzd(3),|12pliwh(3),12hqlzd(3),;22936.8,22706.4,23520.4,22122.8,0,0,0,0,1391.010892141596
12pliwh(3),12hqlzd(3),|12pliwh(3),12hqlzd(3),|12pliwh(3),12hqlzd(3),|12pliwh(3),12hqlzd(3),;22936.8,22706.4,23520.4,22122.8,0,0,0,0,1396.010892141596
12pliwh(3),12hqlzd(3),|12pliwh(3),12hqlzd(3),|12pliwh(3),12hqlzd(3),|12pliwh(3),12hqlzd(3),;22936.8,22706.4,23520.4,22122.8,0,0,0,0,1401.010892141596
12pliwh(3),12hqlzd(3),|12pliwh(3),12hqlzd(3),|12pliwh(3),12hqlzd(3),|12pliwh(3),12hqlzd(3),;22936.8,22706.4,23520.4,22122.8,0,0,0,0,1406.010892141596
12pliwh(3),12hqlzd(3),|12pliwh(3),12hqlzd(3),|12pliwh(3),12hqlzd(3),|12pliwh(3),12hqlzd(3),;22936.8,22706.4,23520.4,22122.8,0,0,0,0,1411.010892141596
12pliwh(3),12hqlzd(3),|12pliwh(3),12hqlzd(3),|12pliwh(3),12hqlzd(3),|12pliwh(3),12hqlzd(3),;22936.8,22706.4,23520.4,22122.8,0,0,0,0,1416.010892141596
12pliwh(3),12hqlzd(3),|12pliwh(3),12hqlzd(3),|12pliwh(3),12hqlzd(3),|12pliwh(3),12hqlzd(3),;22936.8,22706.4,23520.4,22122.8,0,0,0,0,1421.010892141596
12pliwh(3),12hqlzd(3),|12pliwh(3),12hqlzd(3),|12pliwh(3),12hqlzd(3),|12pliwh(3),12hqlzd(3),;22936.8,22706.4,23520.4,22122.8,0,0,0,0,1426.010892141596
12pliwh(3),12hqlzd(3),|12pliwh(3),12hqlzd(3),|12pliwh(3),12hqlzd(3),|12pliwh(3),12hqlzd(3),;22936.8,22706.4,23520.4,22122.8,0,0,0,0,1431.010892141596
12pliwh(3),12hqlzd(3),|12pliwh(3),12hqlzd(3),|12pliwh(3),12hqlzd(3),|12pliwh(3),12hqlzd(3),;22936.8,22706.4,23520.4,22122.8,0,0,0,0,1436.010892141596
12pliwh(3),12hqlzd(3),|12pliwh(3),12hqlzd(3),|12pliwh(3),12hqlzd(3),|12pliwh(3),12hqlzd(3),;22936.8,22706.4,23520.4,22122.8,0,0,0,0,1441.010892141596
12pliwh(3),12hqlzd(3),12rhkwn(0),|12pliwh(3),12hqlzd(3),12rhkwn(0),|12pliwh(3),12hqlzd(3),12rhkwn(0),|12pliwh(3),12hqlzd(3),12rhkwn(0),;21626.1,20740.3,22209.7,20156.7,9.503450230106,13.625406961936,9.503450230106,13.625406961936,1446.010892141596
12pliwh(3),12hqlzd(3),12rhkwn(2),|12pliwh(3),12hqlzd(3),12rhkwn(2),|12pliwh(3),12hqlzd(3),12rhkwn(2),|12pliwh(3),12hqlzd(3),12rhkwn(2),;21626.1,20740.3,22209.7,20156.7,4.503450230106,8.625406961936,4.503450230106,8.625406961936,1451.010892141596
12pliwh(3),12hqlzd(3),12rhkwn(3),|12pliwh(3),12hqlzd(3),12rhkwn(2),|12pliwh(3),12hqlzd(3),12rhkwn(3),|12pliwh(3),12hqlzd(3),12rhkwn(2),;21626.1,20740.3,22209.7,20156.7,0,3.625406961936,0,3.625406961936,1456.010892141596
12pliwh(3),12hqlzd(3),12rhkwn(3),|12pliwh(3),12hqlzd(3),12rhkwn(3),|12pliwh(3),12hqlzd(3),12rhkwn(3),|12pliwh(3),12hqlzd(3),12rhkwn(3),;21626.1,20740.3,22209.7,20156.7,0,0,0,0,1461.010892141596
12pliwh(3),12hqlzd(3),12rhkwn(3),|12pliwh(3),12hqlzd(3),12rhkwn(3),|12pliwh(3),12hqlzd(3),12rhkwn(3),|12pliwh(3),12hqlzd(3),12rhkwn(3),;21626.1,20740.3,22209.7,20156.7,0,0,0,0,1466.010892141596
12pliwh(3),12hqlzd(3),12rhkwn(3),|12pliwh(3),12hqlzd(3),12rhkwn(3),|12pliwh(3),12hqlzd(3),12rhkwn(3),|12pliwh(3),12hqlzd(3),12rhkwn(3),;21626.1,20740.3,22209.7,20156.7,0,0,0,0,1471.010892141596
12pliwh(3),12hqlzd(3),12rhkwn(3),|12pliwh(3),12hqlzd(3),12rhkwn(3),|12pliwh(3),12hqlzd(3),12rhkwn(3),|12pliwh(3),12hqlzd(3),12rhkwn(3),;21626.1,20740.3,22209.7,20156.7,0,0,0,0,1476.010892141596
12pliwh(3),12hqlzd(3),12rhkwn(3),|12pliwh(3),12hqlzd(3),12rhkwn(3),|12pliwh(3),12hqlzd(3),12rhkwn(3),|12pliwh(3),12hqlzd(3),12rhkwn(3),;21626.1,20740.3,22209.7,20156.7,0,0,0,0,1481.010892141596
12pliwh(3),12hqlzd(3),12rhkwn(3),|12pliwh(3),12hqlzd(3),12rhkwn(3),|12pliwh(3),12hqlzd(3),12rhkwn(3),|12pliwh(3),12hqlzd(3),12rhkwn(3),;21626.1,20740.3,22209.7,20156.7,0,0,0,0,1486.010892141596
12pliwh(3),12hqlzd(3),12rhkwn(3),|12pliwh(3),12hqlzd(3),12rhkwn(3),|12pliwh(3),12hqlzd(3),12rhkwn(3),|12pliwh(3),12hqlzd(3),12rhkwn(3),;21626.1,20740.3,22209.7,20156.7,0,0,0,0,1491.010892141596
12pliwh(3),12hqlzd(3),12rhkwn(3),|12pliwh(3),12hqlzd(3),12rhkwn(3),|12pliwh(3),12hqlzd(3),12rhkwn(3),|12pliwh(3),12hqlzd(3),12rhkwn(3),;21626.1,20740.3,22209.7,20156.7,0,0,0,0,1496.010892141596
12pliwh(3),12hqlzd(3),12rhkwn(3),|12pliwh(3),12hqlzd(3),12rhkwn(3),|12pliwh(3),12hqlzd(3),12rhkwn(3),|12pliwh(3),12hqlzd(3),12rhkwn(3),;21626.1,20740.3,22209.7,20156.7,0,0,0,0,1501.010892141596
12pliwh(3),12hqlzd(3),12rhkwn(3),|12pliwh(3),12hqlzd(3),12rhkwn(3),|12pliwh(3),12hqlzd(3),12rhkwn(3),|12pliwh(3),12hqlzd(3),12rhkwn(3),;21626.1,20740.3,22209.7,20156.7,0,0,0,0,1506.010892141596
12pliwh(3),12hqlzd(3),12rhkwn(3),|12pliwh(3),12hqlzd(3),12rhkwn(3),|12pliwh(3),12hqlzd(3),12rhkwn(3),|12pliwh(3),12hqlzd(3),12rhkwn(3),;21626.1,20740.3,22209.7,20156.7,0,0,0,0,1511.010892141596
12pliwh(3),12hqlzd(3),12rhkwn(3),|12pliwh(3),12hqlzd(3),12rhkwn(3),|12pliwh(3),12hqlzd(3),12rhkwn(3),|12pliwh(3),12hqlzd(3),12rhkwn(3),;21626.1,20740.3,22209.7,20156.7,0,0,0,0,1516.010892141596
12pliwh(3),12hqlzd(3),12rhkwn(3),|12pliwh(3),12hqlzd(3),12rhkwn(3),|12pliwh(3),12hqlzd(3),12rhkwn(3),|12pliwh(3),12hqlzd(3),12rhkwn(3),;21626.1,20740.3,22209.7,20156.7,0,0,0,0,1521.010892141596
12pliwh(3),12hqlzd(3),12rhkwn(3),|12pliwh(3),12hqlzd(3),12rhkwn(3),|12pliwh(3),12hqlzd(3),12rhkwn(3),|12pliwh(3),12hqlzd(3),12rhkwn(3),;21626.1,20740.3,22209.7,20156.7,0,0,0,0,1526.010892141596
12pliwh(3),12hqlzd(3),12rhkwn(3),|12pliwh(3),12hqlzd(3),12rhkwn(3),|12pliwh(3),12hqlzd(3),12rhkwn(3),|12pliwh(3),12hqlzd(3),12rhkwn(3),;21626.1,20740.3,22209.7,20156.7,0,0,0,0,1531.010892141596
12pliwh(3),12hqlzd(3),12rhkwn(3),403nbokc(0),|12pliwh(3),12hqlzd(3),12rhkwn(3),403nbokc(0),|12pliwh(3),12hqlzd(3),12rhkwn(3),403nbokc(0),|12pliwh(3),12hqlzd(3),12rhkwn(3),403nbokc(0),;19864.8,18098.4,20448.4,17514.8,11.271014264296,16.924560289358,11.271014264296,16.924560289358,1536.010892141596
12pliwh(3),12hqlzd(3),12rhkwn(3),403nbokc(2),|12pliwh(3),12hqlzd(3),12rhkwn(3),403nbokc(2),|12pliwh(3),12hqlzd(3),12rhkwn(3),403nbokc(2),|12pliwh(3),12hqlzd(3),12rhkwn(3),403nbokc(2),;19864.8,18098.4,20448.4,17514.8,6.271014264296,11.924560289358,6.271014264296,11.924560289358,1541.010892141596
12pliwh(3),12hqlzd(3),12rhkwn(3),403nbokc(2),|12pliwh(3),12hqlzd(3),12rhkwn(3),403nbokc(2),|12pliwh(3),12hqlzd(3),12rhkwn(3),403nbokc(2),|12pliwh(3),12hqlzd(3),12rhkwn(3),403nbokc(2),;19864.8,18098.4,20448.4,17514.8,1.271014264296,6.924560289358,1.271014264296,6.924560289358,1546.010892141596
12pliwh(3),12hqlzd(3),12rhkwn(3),403nbokc(3),|12pliwh(3),12hqlzd(3),12rhkwn(3),403nbokc(2),|12pliwh(3),12hqlzd(3),12rhkwn(3),403nbokc(3),|12pliwh(3),12hqlzd(3),12rhkwn(3),403nbokc(2),;19864.8,18098.4,20448.4,17514.8,0,1.924560289358,0,1.924560289358,1551.010892141596
12pliwh(3),12hqlzd(3),12rhkwn(3),403nbokc(3),|12pliwh(3),12hqlzd(3),12rhkwn(3),403nbokc(3),|12pliwh(3),12hqlzd(3),12rhkwn(3),403nbokc(3),|12pliwh(3),12hqlzd(3),12rhkwn(3),403nbokc(3),;19864.8,18098.4,20448.4,17514.8,0,0,0,0,1556.010892141596
12pliwh(3),12hqlzd(3),12rhkwn(3),403nbokc(3),|12pliwh(3),12hqlzd(3),12rhkwn(3),403nbokc(3),|12pliwh(3),12hqlzd(3),12rhkwn(3),403nbokc(3),|12pliwh(3),12hqlzd(3),12rhkwn(3),403nbokc(3),;19864.8,18098.4,20448.4,17514.8,0,0,0,0,1561.010892141596
12pliwh(3),12hqlzd(3),12rhkwn(3),403nbokc(3),|12pliwh(3),12hqlzd(3),12rhkwn(3),403nbokc(3),|12pliwh(3),12hqlzd(3),12rhkwn(3),403nbokc(3),|12pliwh(3),12hqlzd(3),12rhkwn(3),403nbokc(3),;19864.8,18098.4,20448.4,17514.8,0,0,0,0,1566.010892141596
12pliwh(3),12hqlzd(3),12rhkwn(3),403nbokc(3),|12pliwh(3),12hqlzd(3),12rhkwn(3),403nbokc(3),|12pliwh(3),12hqlzd(3),12rhkwn(3),403nbokc(3),|12pliwh(3),12hqlzd(3),12rhkwn(3),403nbokc(3),;19864.8,18098.4,20448.4,17514.8,0,0,0,0,1571.010892141596
12pliwh(3),12hqlzd(3),12rhkwn(3),403nbokc(3),|12pliwh(3),12hqlzd(3),12rhkwn(3),403nbokc(3),|12pliwh(3),12hqlzd(3),12rhkwn(3),403nbokc(3),|12pliwh(3),12hqlzd(3),12rhkwn(3),403nbokc(3),;19864.8,18098.4,20448.4,17514.8,0,0,0,0,1576.010892141596
12pliwh(3),12hqlzd(3),12rhkwn(3),403nbokc(3),|12pliwh(3),12hqlzd(3),12rhkwn(3),403nbokc(3),|12pliwh(3),12hqlzd(3),12rhkwn(3),403nbokc(3),|12pliwh(3),12hqlzd(3),12rhkwn(3),403nbokc(3),;19864.8,18098.4,20448.4,17514.8,0,0,0,0,1581.010892141596
12pliwh(3),12hqlzd(3),12rhkwn(3),403nbokc(3),|12pliwh(3),12hqlzd(3),12rhkwn(3),403nbokc(3),|12pliwh(3),12hqlzd(3),12rhkwn(3),403nbokc(3),|12pliwh(3),12hqlzd(3),12rhkwn(3),403nbokc(3),;19864.8,18098.4,20448.4,17514.8,0,0,0,0,1586.010892141596
12pliwh(3),12hqlzd(3),12rhkwn(3),403nbokc(3),|12pliwh(3),12hqlzd(3),12rhkwn(3),403nbokc(3),|12pliwh(3),12hqlzd(3),12rhkwn(3),403nbokc(3),|12pliwh(3),12hqlzd(3),12rhkwn(3),403nbokc(3),;19864.8,18098.4,20448.4,17514.8,0,0,0,0,1591.010892141596
12pliwh(3),12hqlzd(3),12rhkwn(3),403nbokc(3),|12pliwh(3),12hqlzd(3),12rhkwn(3),403nbokc(3),|12pliwh(3),12hqlzd(3),12rhkwn(3),403nbokc(3),|12pliwh(3),12hqlzd(3),12rhkwn(3),403nbokc(3),;19864.8,18098.4,20448.4,17514.8,0,0,0,0,1596.010892141596
12pliwh(3),12hqlzd(3),12rhkwn(3),403nbokc(3),|12pliwh(3),12hqlzd(3),12rhkwn(3),403nbokc(3),|12pliwh(3),12hqlzd(3),12rhkwn(3),403nbokc(3),|12pliwh(3),12hqlzd(3),12rhkwn(3),403nbokc(3),;19864.8,18098.4,20448.4,17514.8,0,0,0,0,1601.010892141596
12pliwh(3),12hqlzd(3),12rhkwn(3),403nbokc(3),|12pliwh(3),12hqlzd(3),12rhkwn(3),403nbokc(3),|12pliwh(3),12hqlzd(3),12rhkwn(3),403nbokc(3),|12pliwh(3),12hqlzd(3),12rhkwn(3),403nbokc(3),;19864.8,18098.4,20448.4,17514.8,0,0,0,0,1606.010892141596
12pliwh(3),12hqlzd(3),12rhkwn(3),403nbokc(3),|12pliwh(3),12hqlzd(3),12rhkwn(3),403nbokc(3),|12pliwh(3),12hqlzd(3),12rhkwn(3),403nbokc(3),|12pliwh(3),12hqlzd(3),12rhkwn(3),403nbokc(3),;19864.8,18098.4,20448.4,17514.8,0,0,0,0,1611.010892141596
12pliwh(3),12hqlzd(3),12rhkwn(3),403nbokc(3),|12pliwh(3),12hqlzd(3),12rhkwn(3),403nbokc(3),|12pliwh(3),12hqlzd(3),12rhkwn(3),403nbokc(3),|12pliwh(3),12hqlzd(3),12rhkwn(3),403nbokc(3),;19864.8,18098.4,20448.4,17514.8,0,0,0,0,1616.010892141596
12pliwh(3),12hqlzd(3),12rhkwn(3),403nbokc(3),|12pliwh(3),12hqlzd(3),12rhkwn(3),403nbokc(3),|12pliwh(3),12hqlzd(3),12rhkwn(3),403nbokc(3),|12pliwh(3),12hqlzd(3),12rhkwn(3),403nbokc(3),;19864.8,18098.4,20448.4,17514.8,0,0,0,0,1621.010892141596
12pliwh(3),12hqlzd(3),12rhkwn(3),403nbokc(3),|12pliwh(3),12hqlzd(3),12rhkwn(3),403nbokc(3),|12pliwh(3),12hqlzd(3),12rhkwn(3),403nbokc(3),|12pliwh(3),12hqlzd(3),12rhkwn(3),403nbokc(3),;19864.8,18098.4,20448.4,17514.8,0,0,0,0,1626.010892141596
12pliwh(3),12hqlzd(3),12rhkwn(3),403nbokc(3),|12pliwh(3),12hqlzd(3),12rhkwn(3),403nbokc(3),|12pliwh(3),12hqlzd(3),12rhkwn(3),403nbokc(3),|12pliwh(3),12hqlzd(3),12rhkwn(3),403nbokc(3),;19864.8,18098.4,20448.4,17514.8,0,0,0,0,1631.010892141596
12pliwh(3),12hqlzd(3),12rhkwn(3),403nbokc(3),|12pliwh(3),12hqlzd(3),12rhkwn(3),403nbokc(3),|12pliwh(3),12hqlzd(3),12rhkwn(3),403nbokc(3),|12pliwh(3),12hqlzd(3),12rhkwn(3),403nbokc(3),;19864.8,18098.4,20448.4,17514.8,0,0,0,0,1636.010892141596
12pliwh(3),12hqlzd(3),12rhkwn(3),403nbokc(3),|12pliwh(3),12hqlzd(3),12rhkwn(3),403nbokc(3),|12pliwh(3),12hqlzd(3),12rhkwn(3),403nbokc(3),|12pliwh(3),12hqlzd(3),12rhkwn(3),403nbokc(3),;19864.8,18098.4,20448.4,17514.8,0,0,0,0,1641.010892141596
12pliwh(3),12hqlzd(3),12rhkwn(3),403nbokc(3),|12pliwh(3),12hqlzd(3),12rhkwn(3),403nbokc(3),|12pliwh(3),12hqlzd(3),12rhkwn(3),403nbokc(3),|12pliwh(3),12hqlzd(3),12rhkwn(3),403nbokc(3),;19864.8,18098.4,20448.4,17514.8,0,0,0,0,1646.010892141596
12pliwh(3),12hqlzd(3),12rhkwn(3),403nbokc(3),|12pliwh(3),12hqlzd(3),12rhkwn(3),403nbokc(3),|12pliwh(3),12hqlzd(3),12rhkwn(3),403nbokc(3),|12pliwh(3),12hqlzd(3),12rhkwn(3),403nbokc(3),;19864.8,18098.4,20448.4,17514.8,0,0,0,0,1651.010892141596
12pliwh(3),12hqlzd(3),12rhkwn(3),403nbokc(3),|12pliwh(3),12hqlzd(3),12rhkwn(3),403nbokc(3),|12pliwh(3),12hqlzd(3),12rhkwn(3),403nbokc(3),|12pliwh(3),12hqlzd(3),12rhkwn(3),403nbokc(3),;19864.8,18098.4,20448.4,17514.8,0,0,0,0,1656.010892141596
12pliwh(3),12hqlzd(3),12rhkwn(3),403nbokc(3),|12pliwh(3),12hqlzd(3),12rhkwn(3),403nbokc(3),|12pliwh(3),12hqlzd(3),12rhkwn(3),403nbokc(3),|12pliwh(3),12hqlzd(3),12rhkwn(3),403nbokc(3),;19864.8,18098.4,20448.4,17514.8,0,0,0,0,1661.010892141596
12pliwh(3),12hqlzd(3),12rhkwn(3),403nbokc(3),|12pliwh(3),12hqlzd(3),12rhkwn(3),403nbokc(3),|12pliwh(3),12hqlzd(3),12rhkwn(3),403nbokc(3),|12pliwh(3),12hqlzd(3),12rhkwn(3),403nbokc(3),;19864.8,18098.4,20448.4,17514.8,0,0,0,0,1666.010892141596
12pliwh(3),12hqlzd(3),12rhkwn(3),403nbokc(3),|12pliwh(3),12hqlzd(3),12rhkwn(3),403nbokc(3),|12pliwh(3),12hqlzd(3),12rhkwn(3),403nbokc(3),|12pliwh(3),12hqlzd(3),12rhkwn(3),403nbokc(3),;19864.8,18098.4,20448.4,17514.8,0,0,0,0,1671.010892141596
12pliwh(3),12hqlzd(3),12rhkwn(3),403nbokc(3),|12pliwh(3),12hqlzd(3),12rhkwn(3),403nbokc(3),|12pliwh(3),12hqlzd(3),12rhkwn(3),403nbokc(3),|12pliwh(3),12hqlzd(3),12rhkwn(3),403nbokc(3),;19864.8,18098.4,20448.4,17514.8,0,0,0,0,1676.010892141596
12pliwh(3),12hqlzd(3),12rhkwn(3),403nbokc(3),|12pliwh(3),12hqlzd(3),12rhkwn(3),403nbokc(3),|12pliwh(3),12hqlzd(3),12rhkwn(3),403nbokc(3),|12pliwh(3),12hqlzd(3),12rhkwn(3),403nbokc(3),;19864.8,18098.4,20448.4,17514.8,0,0,0,0,1681.010892141596
12pliwh(3),12hqlzd(3),12rhkwn(3),403nbokc(3),|12pliwh(3),12hqlzd(3),12rhkwn(3),403nbokc(3),|12pliwh(3),12hqlzd(3),12rhkwn(3),403nbokc(3),|12pliwh(3),12hqlzd(3),12rhkwn(3),403nbokc(3),;19864.8,18098.4,20448.4,17514.8,0,0,0,0,1686.010892141596
12pliwh(3),12hqlzd(3),12rhkwn(3),403nbokc(3),|12pliwh(3),12hqlzd(3),12rhkwn(3),403nbokc(3),|12pliwh(3),12hqlzd(3),12rhkwn(3),403nbokc(3),|12pliwh(3),12hqlzd(3),12rhkwn(3),403nbokc(3),;19864.8,18098.4,20448.4,17514.8,0,0,0,0,1691.010892141596
12pliwh(3),12hqlzd(3),12rhkwn(3),403nbokc(3),|12pliwh(3),12hqlzd(3),12rhkwn(3),403nbokc(3),|12pliwh(3),12hqlzd(3),12rhkwn(3),403nbokc(3),|12pliwh(3),12hqlzd(3),12rhkwn(3),403nbokc(3),;19864.8,18098.4,20448.4,17514.8,0,0,0,0,1696.010892141596
12pliwh(3),12rhkwn(3),403nbokc(3),|12pliwh(3),12rhkwn(3),403nbokc(3),|12pliwh(3),12rhkwn(3),403nbokc(3),|12pliwh(3),12rhkwn(3),403nbokc(3),;21493,20540.6,22076.6,19957,0,0,0,0,1701.010892141596
12pliwh(3),12rhkwn(3),403nbokc(3),|12pliwh(3),12rhkwn(3),403nbokc(3),|12pliwh(3),12rhkwn(3),403nbokc(3),|12pliwh(3),12rhkwn(3),403nbokc(3),;21493,20540.6,22076.6,19957,0,0,0,0,1706.010892141596
12pliwh(3),12rhkwn(3),403nbokc(3),|12pliwh(3),12rhkwn(3),403nbokc(3),|12pliwh(3),12rhkwn(3),403nbokc(3),|12pliwh(3),12rhkwn(3),403nbokc(3),;21493,20540.6,22076.6,19957,0,0,0,0,1711.010892141596
12pliwh(3),12rhkwn(3),403nbokc(3),|12pliwh(3),12rhkwn(3),403nbokc(3),|12pliwh(3),12rhkwn(3),403nbokc(3),|12pliwh(3),12rhkwn(3),403nbokc(3),;21493,20540.6,22076.6,19957,0,0,0,0,1716.010892141596
12pliwh(3),12rhkwn(3),403nbokc(3),|12pliwh(3),12rhkwn(3),403nbokc(3),|12pliwh(3),12rhkwn(3),403nbokc(3),|12pliwh(3),12rhkwn(3),403nbokc(3),;21493,20540.6,22076.6,19957,0,0,0,0,1721.010892141596
12pliwh(3),12rhkwn(3),403nbokc(3),|12pliwh(3),12rhkwn(3),403nbokc(3),|12pliwh(3),12rhkwn(3),403nbokc(3),|12pliwh(3),12rhkwn(3),403nbokc(3),;21493,20540.6,22076.6,19957,0,0,0,0,1726.010892141596
12pliwh(3),12rhkwn(3),403nbokc(3),|12pliwh(3),12rhkwn(3),403nbokc(3),|12pliwh(3),12rhkwn(3),403nbokc(3),|12pliwh(3),12rhkwn(3),403nbokc(3),;21493,20540.6,22076.6,19957,0,0,0,0,1731.010892141596
12pliwh(3),12rhkwn(3),403nbokc(3),|12pliwh(3),12rhkwn(3),403nbokc(3),|12pliwh(3),12rhkwn(3),403nbokc(3),|12pliwh(3),12rhkwn(3),403nbokc(3),;21493,20540.6,22076.6,19957,0,0,0,0,1736.010892141596
12pliwh(3),12rhkwn(3),403nbokc(3),|12pliwh(3),12rhkwn(3),403nbokc(3),|12pliwh(3),12rhkwn(3),403nbokc(3),|12pliwh(3),12rhkwn(3),403nbokc(3),;21493,20540.6,22076.6,19957,0,0,0,0,1741.010892141596
12pliwh(3),12rhkwn(3),403nbokc(3),|12pliwh(3),12rhkwn(3),403nbokc(3),|12pliwh(3),12rhkwn(3),403nbokc(3),|12pliwh(3),12rhkwn(3),403nbokc(3),;21493,20540.6,22076.6,19957,0,0,0,0,1746.010892141596
12pliwh(3),12rhkwn(3),403nbokc(3),|12pliwh(3),12rhkwn(3),403nbokc(3),|12pliwh(3),12rhkwn(3),403nbokc(3),|12pliwh(3),12rhkwn(3),403nbokc(3),;21493,20540.6,22076.6,19957,0,0,0,0,1751.010892141596
12pliwh(3),12rhkwn(3),403nbokc(3),|12pliwh(3),12rhkwn(3),403nbokc(3),|12pliwh(3),12rhkwn(3),403nbokc(3),|12pliwh(3),12rhkwn(3),403nbokc(3),;21493,20540.6,22076.6,19957,0,0,0,0,1756.010892141596
12pliwh(3),12rhkwn(3),403nbokc(3),|12pliwh(3),12rhkwn(3),403nbokc(3),|12pliwh(3),12rhkwn(3),403nbokc(3),|12pliwh(3),12rhkwn(3),403nbokc(3),;21493,20540.6,22076.6,19957,0,0,0,0,1761.010892141596
12pliwh(3),12rhkwn(3),403nbokc(3),|12pliwh(3),12rhkwn(3),403nbokc(3),|12pliwh(3),12rhkwn(3),403nbokc(3),|12pliwh(3),12rhkwn(3),403nbokc(3),;21493,20540.6,22076.6,19957,0,0,0,0,1766.010892141596
12pliwh(3),12rhkwn(3),403nbokc(3),|12pliwh(3),12rhkwn(3),403nbokc(3),|12pliwh(3),12rhkwn(3),403nbokc(3),|12pliwh(3),12rhkwn(3),403nbokc(3),;21493,20540.6,22076.6,19957,0,0,0,0,1771.010892141596
12pliwh(3),12rhkwn(3),403nbokc(3),|12pliwh(3),12rhkwn(3),403nbokc(3),|12pliwh(3),12rhkwn(3),403nbokc(3),|12pliwh(3),12rhkwn(3),403nbokc(3),;21493,20540.6,22076.6,19957,0,0,0,0,1776.010892141596
12pliwh(3),12rhkwn(3),403nbokc(3),|12pliwh(3),12rhkwn(3),403nbokc(3),|12pliwh(3),12rhkwn(3),403nbokc(3),|12pliwh(3),12rhkwn(3),403nbokc(3),;21493,20540.6,22076.6,19957,0,0,0,0,1781.010892141596
12pliwh(3),12rhkwn(3),403nbokc(3),|12pliwh(3),12rhkwn(3),403nbokc(3),|12pliwh(3),12rhkwn(3),403nbokc(3),|12pliwh(3),12rhkwn(3),403nbokc(3),;21493,20540.6,22076.6,19957,0,0,0,0,1786.010892141596
12pliwh(3),12rhkwn(3),403nbokc(3),|12pliwh(3),12rhkwn(3),403nbokc(3),|12pliwh(3),12rhkwn(3),403nbokc(3),|12pliwh(3),12rhkwn(3),403nbokc(3),;21493,20540.6,22076.6,19957,0,0,0,0,1791.010892141596
12pliwh(3),12rhkwn(3),403nbokc(3),|12pliwh(3),12rhkwn(3),403nbokc(3),|12pliwh(3),12rhkwn(3),403nbokc(3),|12pliwh(3),12rhkwn(3),403nbokc(3),;21493,20540.6,22076.6,19957,0,0,0,0,1796.010892141596
12pliwh(3),12rhkwn(3),403nbokc(3),|12pliwh(3),12rhkwn(3),403nbokc(3),|12pliwh(3),12rhkwn(3),403nbokc(3),|12pliwh(3),12rhkwn(3),403nbokc(3),;21493,20540.6,22076.6,19957,0,0,0,0,1801.010892141596
12pliwh(3),12rhkwn(3),403nbokc(3),|12pliwh(3),12rhkwn(3),403nbokc(3),|12pliwh(3),12rhkwn(3),403nbokc(3),|12pliwh(3),12rhkwn(3),403nbokc(3),;21493,20540.6,22076.6,19957,0,0,0,0,1806.010892141596
12pliwh(3),12rhkwn(3),403nbokc(3),|12pliwh(3),12rhkwn(3),403nbokc(3),|12pliwh(3),12rhkwn(3),403nbokc(3),|12pliwh(3),12rhkwn(3),403nbokc(3),;21493,20540.6,22076.6,19957,0,0,0,0,1811.010892141596
12pliwh(3),12rhkwn(3),403nbokc(3),|12pliwh(3),12rhkwn(3),403nbokc(3),|12pliwh(3),12rhkwn(3),403nbokc(3),|12pliwh(3),12rhkwn(3),403nbokc(3),;21493,20540.6,22076.6,19957,0,0,0,0,1816.010892141596
12pliwh(3),12rhkwn(3),403nbokc(3),|12pliwh(3),12rhkwn(3),403nbokc(3),|12pliwh(3),12rhkwn(3),403nbokc(3),|12pliwh(3),12rhkwn(3),403nbokc(3),;21493,20540.6,22076.6,19957,0,0,0,0,1821.010892141596
12pliwh(3),12rhkwn(3),403nbokc(3),|12pliwh(3),12rhkwn(3),403nbokc(3),|12pliwh(3),12rhkwn(3),403nbokc(3),|12pliwh(3),12rhkwn(3),403nbokc(3),;21493,20540.6,22076.6,19957,0,0,0,0,1826.010892141596
12pliwh(3),12rhkwn(3),403nbokc(3),|12pliwh(3),12rhkwn(3),403nbokc(3),|12pliwh(3),12rhkwn(3),403nbokc(3),|12pliwh(3),12rhkwn(3),403nbokc(3),;21493,20540.6,22076.6,19957,0,0,0,0,1831.010892141596
12pliwh(3),12rhkwn(3),403nbokc(3),|12pliwh(3),12rhkwn(3),403nbokc(3),|12pliwh(3),12rhkwn(3),403nbokc(3),|12pliwh(3),12rhkwn(3),403nbokc(3),;21493,20540.6,22076.6,19957,0,0,0,0,1836.010892141596
12pliwh(3),12rhkwn(3),403nbokc(3),|12pliwh(3),12rhkwn(3),403nbokc(3),|12pliwh(3),12rhkwn(3),403nbokc(3),|12pliwh(3),12rhkwn(3),403nbokc(3),;21493,20540.6,22076.6,19957,0,0,0,0,1841.010892141596
12pliwh(3),12rhkwn(3),403nbokc(3),|12pliwh(3),12rhkwn(3),403nbokc(3),|12pliwh(3),12rhkwn(3),403nbokc(3),|12pliwh(3),12rhkwn(3),403nbokc(3),;21493,20540.6,22076.6,19957,0,0,0,0,1846.010892141596
12pliwh(3),12rhkwn(3),403nbokc(3),|12pliwh(3),12rhkwn(3),403nbokc(3),|12pliwh(3),12rhkwn(3),403nbokc(3),|12pliwh(3),12rhkwn(3),403nbokc(3),;21493,20540.6,22076.6,19957,0,0,0,0,1851.010892141596
12pliwh(3),12rhkwn(3),403nbokc(3),|12pliwh(3),12rhkwn(3),403nbokc(3),|12pliwh(3),12rhkwn(3),403nbokc(3),|12pliwh(3),12rhkwn(3),403nbokc(3),;21493,20540.6,22076.6,19957,0,0,0,0,1856.010892141596
12pliwh(3),12rhkwn(3),403nbokc(3),|12pliwh(3),12rhkwn(3),403nbokc(3),|12pliwh(3),12rhkwn(3),403nbokc(3),|12pliwh(3),12rhkwn(3),403nbokc(3),;21493,20540.6,22076.6,19957,0,0,0,0,1861.010892141596
12pliwh(3),12rhkwn(3),403nbokc(3),|12pliwh(3),12rhkwn(3),403nbokc(3),|12pliwh(3),12rhkwn(3),403nbokc(3),|12pliwh(3),12rhkwn(3),403nbokc(3),;21493,20540.6,22076.6,19957,0,0,0,0,1866.010892141596
12pliwh(3),12rhkwn(3),403nbokc(3),|12pliwh(3),12rhkwn(3),403nbokc(3),|12pliwh(3),12rhkwn(3),403nbokc(3),|12pliwh(3),12rhkwn(3),403nbokc(3),;21493,20540.6,22076.6,19957,0,0,0,0,1871.010892141596
12pliwh(3),12rhkwn(3),403nbokc(3),|12pliwh(3),12rhkwn(3),403nbokc(3),|12pliwh(3),12rhkwn(3),403nbokc(3),|12pliwh(3),12rhkwn(3),403nbokc(3),;21493,20540.6,22076.6,19957,0,0,0,0,1876.010892141596
12pliwh(3),12rhkwn(3),403nbokc(3),|12pliwh(3),12rhkwn(3),403nbokc(3),|12pliwh(3),12rhkwn(3),403nbokc(3),|12pliwh(3),12rhkwn(3),403nbokc(3),;21493,20540.6,22076.6,19957,0,0,0,0,1881.010892141596
12pliwh(3),403nbokc(3),|12pliwh(3),403nbokc(3),|12pliwh(3),403nbokc(3),|12pliwh(3),403nbokc(3),;22803.7,22506.7,23387.3,21923.1,0,0,0,0,1886.010892141596
12pliwh(3),403nbokc(3),|12pliwh(3),403nbokc(3),|12pliwh(3),403nbokc(3),|12pliwh(3),403nbokc(3),;22803.7,22506.7,23387.3,21923.1,0,0,0,0,1891.010892141596
12pliwh(3),403nbokc(3),|12pliwh(3),403nbokc(3),|12pliwh(3),403nbokc(3),|12pliwh(3),403nbokc(3),;22803.7,22506.7,23387.3,21923.1,0,0,0,0,1896.010892141596
12pliwh(3),403nbokc(3),|12pliwh(3),403nbokc(3),|12pliwh(3),403nbokc(3),|12pliwh(3),403nbokc(3),;22803.7,22506.7,23387.3,21923.1,0,0,0,0,1901.010892141596
12pliwh(3),403nbokc(3),|12pliwh(3),403nbokc(3),|12pliwh(3),403nbokc(3),|12pliwh(3),403nbokc(3),;22803.7,22506.7,23387.3,21923.1,0,0,0,0,1906.010892141596
12pliwh(3),403nbokc(3),|12pliwh(3),403nbokc(3),|12pliwh(3),403nbokc(3),|12pliwh(3),403nbokc(3),;22803.7,22506.7,23387.3,21923.1,0,0,0,0,1911.010892141596
12pliwh(3),403nbokc(3),|12pliwh(3),403nbokc(3),|12pliwh(3),403nbokc(3),|12pliwh(3),403nbokc(3),;22803.7,22506.7,23387.3,21923.1,0,0,0,0,1916.010892141596
12pliwh(3),403nbokc(3),|12pliwh(3),403nbokc(3),|12pliwh(3),403nbokc(3),|12pliwh(3),403nbokc(3),;22803.7,22506.7,23387.3,21923.1,0,0,0,0,1921.010892141596
12pliwh(3),403nbokc(3),|12pliwh(3),403nbokc(3),|12pliwh(3),403nbokc(3),|12pliwh(3),403nbokc(3),;22803.7,22506.7,23387.3,21923.1,0,0,0,0,1926.010892141596
12pliwh(3),403nbokc(3),|12pliwh(3),403nbokc(3),|12pliwh(3),403nbokc(3),|12pliwh(3),403nbokc(3),;22803.7,22506.7,23387.3,21923.1,0,0,0,0,1931.010892141596
12pliwh(3),403nbokc(3),|12pliwh(3),403nbokc(3),|12pliwh(3),403nbokc(3),|12pliwh(3),403nbokc(3),;22803.7,22506.7,23387.3,21923.1,0,0,0,0,1936.010892141596
12pliwh(3),403nbokc(3),|12pliwh(3),403nbokc(3),|12pliwh(3),403nbokc(3),|12pliwh(3),403nbokc(3),;22803.7,22506.7,23387.3,21923.1,0,0,0,0,1941.010892141596
12pliwh(3),403nbokc(3),|12pliwh(3),403nbokc(3),|12pliwh(3),403nbokc(3),|12pliwh(3),403nbokc(3),;22803.7,22506.7,23387.3,21923.1,0,0,0,0,1946.010892141596
12pliwh(3),403nbokc(3),|12pliwh(3),403nbokc(3),|12pliwh(3),403nbokc(3),|12pliwh(3),403nbokc(3),;22803.7,22506.7,23387.3,21923.1,0,0,0,0,1951.010892141596
12pliwh(3),403nbokc(3),|12pliwh(3),403nbokc(3),|12pliwh(3),403nbokc(3),|12pliwh(3),403nbokc(3),;22803.7,22506.7,23387.3,21923.1,0,0,0,0,1956.010892141596
12pliwh(3),403nbokc(3),|12pliwh(3),403nbokc(3),|12pliwh(3),403nbokc(3),|12pliwh(3),403nbokc(3),;22803.7,22506.7,23387.3,21923.1,0,0,0,0,1961.010892141596
12pliwh(3),403nbokc(3),|12pliwh(3),403nbokc(3),|12pliwh(3),403nbokc(3),|12pliwh(3),403nbokc(3),;22803.7,22506.7,23387.3,21923.1,0,0,0,0,1966.010892141596
12pliwh(3),403nbokc(3),|12pliwh(3),403nbokc(3),|12pliwh(3),403nbokc(3),|12pliwh(3),403nbokc(3),;22803.7,22506.7,23387.3,21923.1,0,0,0,0,1971.010892141596
12pliwh(3),403nbokc(3),|12pliwh(3),403nbokc(3),|12pliwh(3),403nbokc(3),|12pliwh(3),403nbokc(3),;22803.7,22506.7,23387.3,21923.1,0,0,0,0,1976.010892141596
12pliwh(3),403nbokc(3),|12pliwh(3),403nbokc(3),|12pliwh(3),403nbokc(3),|12pliwh(3),403nbokc(3),;22803.7,22506.7,23387.3,21923.1,0,0,0,0,1981.010892141596
12pliwh(3),403nbokc(3),|12pliwh(3),403nbokc(3),|12pliwh(3),403nbokc(3),|12pliwh(3),403nbokc(3),;22803.7,22506.7,23387.3,21923.1,0,0,0,0,1986.010892141596
403nbokc(3),|403nbokc(3),|403nbokc(3),|403nbokc(3),;24554.7,23674.1,24554.7,23674.1,0,0,0,0,1991.010892141596
403nbokc(3),|403nbokc(3),|403nbokc(3),|403nbokc(3),;24554.7,23674.1,24554.7,23674.1,0,0,0,0,1996.010892141596
