|||;19763,19763,19763,19763,0,0,0,0,1.127422931113
|||;19763,19763,19763,19763,0,0,0,0,6.127422931113
|||;19763,19763,19763,19763,0,0,0,0,11.127422931113
|||;19763,19763,19763,19763,0,0,0,0,16.127422931113
|||;19763,19763,19763,19763,0,0,0,0,21.127422931113
|||;19763,19763,19763,19763,0,0,0,0,26.127422931113
|||;19763,19763,19763,19763,0,0,0,0,31.127422931113
|||;19763,19763,19763,19763,0,0,0,0,36.127422931113
|||;19763,19763,19763,19763,0,0,0,0,41.127422931113
|||;19763,19763,19763,19763,0,0,0,0,46.127422931113
|||;19763,19763,19763,19763,0,0,0,0,51.127422931113
|||;19763,19763,19763,19763,0,0,0,0,56.127422931113
|||;19763,19763,19763,19763,0,0,0,0,61.127422931113
|||;19763,19763,19763,19763,0,0,0,0,66.127422931113
|||;19763,19763,19763,19763,0,0,0,0,71.127422931113
|||;19763,19763,19763,19763,0,0,0,0,76.127422931113
|||;19763,19763,19763,19763,0,0,0,0,81.127422931113
|||;19763,19763,19763,19763,0,0,0,0,86.127422931113
|||;19763,19763,19763,19763,0,0,0,0,91.127422931113
|||;19763,19763,19763,19763,0,0,0,0,96.127422931113
|||;19763,19763,19763,19763,0,0,0,0,101.127422931113
|||;19763,19763,19763,19763,0,0,0,0,106.127422931113
|||;19763,19763,19763,19763,0,0,0,0,111.127422931113
|||;19763,19763,19763,19763,0,0,0,0,116.127422931113
||714gsalr(2),|;19763,19763,18964.3,19763,0,0,1.448806895981,0,121.127422931113
|||;19763,19763,19763,19763,0,0,0,0,126.127422931113
|||;19763,19763,19763,19763,0,0,0,0,131.127422931113
|||;19763,19763,19763,19763,0,0,0,0,136.127422931113
|||;19763,19763,19763,19763,0,0,0,0,141.127422931113
|||;19763,19763,19763,19763,0,0,0,0,146.127422931113
|||;19763,19763,19763,19763,0,0,0,0,151.127422931113
|||;19763,19763,19763,19763,0,0,0,0,156.127422931113
|||;19763,19763,19763,19763,0,0,0,0,161.127422931113
|||;19763,19763,19763,19763,0,0,0,0,166.127422931113
|||;19763,19763,19763,19763,0,0,0,0,171.127422931113
328qazmn(2),|328qazmn(2),|328qazmn(2),|328qazmn(2),;18134.8,17320.8,18134.8,17320.8,9.353959780473,14.262398766388,9.353959780473,14.262398766388,176.127422931113
328qazmn(2),|328qazmn(2),|328qazmn(2),|328qazmn(2),;18134.8,17320.8,18134.8,17320.8,4.353959780473,9.262398766388,4.353959780473,9.262398766388,181.127422931113
328qazmn(3),|328qazmn(2),221mucwl(1),|328qazmn(3),|328qazmn(2),;18134.8,16609.1,18134.8,17320.8,0,14.300490631485,0,4.262398766388,186.127422931113
328qazmn(3),|328qazmn(3),221mucwl(2),|328qazmn(3),|328qazmn(3),;18134.8,16609.1,18134.8,17320.8,0,9.300490631485,0,0,191.127422931113
328qazmn(3),|328qazmn(3),221mucwl(3),|328qazmn(3),|328qazmn(3),;18134.8,16609.1,18134.8,17320.8,0,4.300490631485,0,0,196.127422931113
328qazmn(3),|328qazmn(3),221mucwl(3),|328qazmn(3),|328qazmn(3),;18134.8,16609.1,18134.8,17320.8,0,0,0,0,201.127422931113
328qazmn(3),|328qazmn(3),221mucwl(3),|328qazmn(3),|328qazmn(3),;18134.8,16609.1,18134.8,17320.8,0,0,0,0,206.127422931113
328qazmn(3),|328qazmn(3),221mucwl(3),|328qazmn(3),|328qazmn(3),;18134.8,16609.1,18134.8,17320.8,0,0,0,0,211.127422931113
328qazmn(3),|328qazmn(3),221mucwl(3),|328qazmn(3),|328qazmn(3),;18134.8,16609.1,18134.8,17320.8,0,0,0,0,216.127422931113
328qazmn(3),|328qazmn(3),221mucwl(3),|328qazmn(3),|328qazmn(3),;18134.8,16609.1,18134.8,17320.8,0,0,0,0,221.127422931113
328qazmn(3),|328qazmn(3),221mucwl(3),|328qazmn(3),|328qazmn(3),;18134.8,16609.1,18134.8,17320.8,0,0,0,0,226.127422931113
328qazmn(3),|328qazmn(3),221mucwl(3),|328qazmn(3),|328qazmn(3),;18134.8,16609.1,18134.8,17320.8,0,0,0,0,231.127422931113
328qazmn(3),|328qazmn(3),221mucwl(3),|328qazmn(3),|328qazmn(3),;18134.8,16609.1,18134.8,17320.8,0,0,0,0,236.127422931113
328qazmn(3),|328qazmn(3),221mucwl(3),|328qazmn(3),|328qazmn(3),;18134.8,16609.1,18134.8,17320.8,0,0,0,0,241.127422931113
328qazmn(3),|328qazmn(3),221mucwl(3),|328qazmn(3),|328qazmn(3),;18134.8,16609.1,18134.8,17320.8,0,0,0,0,246.127422931113
328qazmn(3),|328qazmn(3),221mucwl(3),|328qazmn(3),|328qazmn(3),;18134.8,16609.1,18134.8,17320.8,0,0,0,0,251.127422931113
328qazmn(3),|328qazmn(3),221mucwl(3),|328qazmn(3),|328qazmn(3),;18134.8,16609.1,18134.8,17320.8,0,0,0,0,256.127422931113
328qazmn(3),|328qazmn(3),221mucwl(3),|328qazmn(3),|328qazmn(3),;18134.8,16609.1,18134.8,17320.8,0,0,0,0,261.127422931113
328qazmn(3),|328qazmn(3),221mucwl(3),|328qazmn(3),|328qazmn(3),;18134.8,16609.1,18134.8,17320.8,0,0,0,0,266.127422931113
328qazmn(3),|328qazmn(3),221mucwl(3),|328qazmn(3),|328qazmn(3),;18134.8,16609.1,18134.8,17320.8,0,0,0,0,271.127422931113
328qazmn(3),|328qazmn(3),221mucwl(3),|328qazmn(3),|328qazmn(3),;18134.8,16609.1,18134.8,17320.8,0,0,0,0,276.127422931113
328qazmn(3),|328qazmn(3),221mucwl(3),|328qazmn(3),|328qazmn(3),;18134.8,16609.1,18134.8,17320.8,0,0,0,0,281.127422931113
328qazmn(3),|328qazmn(3),221mucwl(3),|328qazmn(3),|328qazmn(3),;18134.8,16609.1,18134.8,17320.8,0,0,0,0,286.127422931113
328qazmn(3),|328qazmn(3),|328qazmn(3),|328qazmn(3),;18134.8,17320.8,18134.8,17320.8,0,0,0,0,291.127422931113
328qazmn(3),|328qazmn(3),|328qazmn(3),|328qazmn(3),;18134.8,17320.8,18134.8,17320.8,0,0,0,0,296.127422931113
328qazmn(3),|328qazmn(3),|328qazmn(3),|328qazmn(3),;18134.8,17320.8,18134.8,17320.8,0,0,0,0,301.127422931113
328qazmn(3),123cxbig(2),|328qazmn(3),123cxbig(2),|328qazmn(3),123cxbig(2),|328qazmn(3),123cxbig(2),;16691,15155,16691,15155,7.984717599667,12.243484247554,7.984717599667,12.243484247554,306.127422931113
328qazmn(3),123cxbig(2),|328qazmn(3),123cxbig(2),|328qazmn(3),123cxbig(2),|328qazmn(3),123cxbig(2),;16691,15155,16691,15155,2.984717599667,7.243484247554,2.984717599667,7.243484247554,311.127422931113
328qazmn(3),123cxbig(3),|328qazmn(3),123cxbig(2),|328qazmn(3),123cxbig(3),|328qazmn(3),123cxbig(2),;16691,15155,16691,15155,0,2.243484247554,0,2.243484247554,316.127422931113
328qazmn(3),123cxbig(3),|328qazmn(3),123cxbig(3),|328qazmn(3),123cxbig(3),|328qazmn(3),123cxbig(3),;16691,15155,16691,15155,0,0,0,0,321.127422931113
328qazmn(3),123cxbig(3),|328qazmn(3),123cxbig(3),|328qazmn(3),123cxbig(3),|328qazmn(3),123cxbig(3),;16691,15155,16691,15155,0,0,0,0,326.127422931113
328qazmn(3),123cxbig(3),|328qazmn(3),123cxbig(3),|328qazmn(3),123cxbig(3),|328qazmn(3),123cxbig(3),;16691,15155,16691,15155,0,0,0,0,331.127422931113
328qazmn(3),123cxbig(3),|328qazmn(3),123cxbig(3),|328qazmn(3),123cxbig(3),|328qazmn(3),123cxbig(3),;16691,15155,16691,15155,0,0,0,0,336.127422931113
328qazmn(3),123cxbig(3),|328qazmn(3),123cxbig(3),|328qazmn(3),123cxbig(3),|328qazmn(3),123cxbig(3),;16691,15155,16691,15155,0,0,0,0,341.127422931113
328qazmn(3),123cxbig(3),|328qazmn(3),123cxbig(3),|328qazmn(3),123cxbig(3),|328qazmn(3),123cxbig(3),;16691,15155,16691,15155,0,0,0,0,346.127422931113
328qazmn(3),123cxbig(3),|328qazmn(3),123cxbig(3),|328qazmn(3),123cxbig(3),|328qazmn(3),123cxbig(3),;16691,15155,16691,15155,0,0,0,0,351.127422931113
328qazmn(3),123cxbig(3),|328qazmn(3),123cxbig(3),|328qazmn(3),123cxbig(3),|328qazmn(3),123cxbig(3),;16691,15155,16691,15155,0,0,0,0,356.127422931113
328qazmn(3),123cxbig(3),|328qazmn(3),123cxbig(3),|328qazmn(3),123cxbig(3),|328qazmn(3),123cxbig(3),;16691,15155,16691,15155,0,0,0,0,361.127422931113
328qazmn(3),123cxbig(3),|328qazmn(3),123cxbig(3),|328qazmn(3),123cxbig(3),|328qazmn(3),123cxbig(3),;16691,15155,16691,15155,0,0,0,0,366.127422931113
328qazmn(3),123cxbig(3),|328qazmn(3),123cxbig(3),|328qazmn(3),123cxbig(3),|328qazmn(3),123cxbig(3),;16691,15155,16691,15155,0,0,0,0,371.127422931113
328qazmn(3),123cxbig(3),|328qazmn(3),123cxbig(3),|328qazmn(3),123cxbig(3),|328qazmn(3),123cxbig(3),;16691,15155,16691,15155,0,0,0,0,376.127422931113
328qazmn(3),123cxbig(3),|328qazmn(3),123cxbig(3),|328qazmn(3),123cxbig(3),|328qazmn(3),123cxbig(3),;16691,15155,16691,15155,0,0,0,0,381.127422931113
328qazmn(3),123cxbig(3),|328qazmn(3),123cxbig(3),|328qazmn(3),123cxbig(3),|328qazmn(3),123cxbig(3),;16691,15155,16691,15155,0,0,0,0,386.127422931113
328qazmn(3),123cxbig(3),|328qazmn(3),123cxbig(3),|328qazmn(3),123cxbig(3),221zepqo(0),|328qazmn(3),123cxbig(3),;16691,15155,16158.5,15155,0,0,6.871379426326,0,391.127422931113
123cxbig(3),|123cxbig(3),|123cxbig(3),221zepqo(2),|123cxbig(3),;18319.2,17597.2,17786.7,17597.2,0,0,1.871379426326,0,396.127422931113
123cxbig(3),|123cxbig(3),|123cxbig(3),221zepqo(3),|123cxbig(3),;18319.2,17597.2,17786.7,17597.2,0,0,0,0,401.127422931113
123cxbig(3),|123cxbig(3),|123cxbig(3),221zepqo(3),|123cxbig(3),;18319.2,17597.2,17786.7,17597.2,0,0,0,0,406.127422931113
123cxbig(3),|123cxbig(3),|123cxbig(3),221zepqo(3),|123cxbig(3),;18319.2,17597.2,17786.7,17597.2,0,0,0,0,411.127422931113
123cxbig(3),|123cxbig(3),|123cxbig(3),|123cxbig(3),;18319.2,17597.2,18319.2,17597.2,0,0,0,0,416.127422931113
123cxbig(3),|123cxbig(3),|123cxbig(3),|123cxbig(3),;18319.2,17597.2,18319.2,17597.2,0,0,0,0,421.127422931113
123cxbig(3),|123cxbig(3),|123cxbig(3),|123cxbig(3),;18319.2,17597.2,18319.2,17597.2,0,0,0,0,426.127422931113
123cxbig(3),|123cxbig(3),|123cxbig(3),|123cxbig(3),;18319.2,17597.2,18319.2,17597.2,0,0,0,0,431.127422931113
123cxbig(3),|123cxbig(3),|123cxbig(3),|123cxbig(3),;18319.2,17597.2,18319.2,17597.2,0,0,0,0,436.127422931113
123cxbig(3),100bapgi(2),|123cxbig(3),100bapgi(2),|123cxbig(3),100bapgi(2),|123cxbig(3),100bapgi(2),;16414.6,15692.6,17049.4,16327.4,9.843476780719,9.843476780719,6.180845118747,6.180845118747,441.127422931113
123cxbig(3),100bapgi(2),|123cxbig(3),100bapgi(2),|123cxbig(3),100bapgi(2),|123cxbig(3),100bapgi(2),;16414.6,15692.6,17049.4,16327.4,4.843476780719,4.843476780719,1.180845118747,1.180845118747,446.127422931113
123cxbig(3),|123cxbig(3),|123cxbig(3),|123cxbig(3),;18319.2,17597.2,18319.2,17597.2,0,0,0,0,451.127422931113
123cxbig(3),|123cxbig(3),|123cxbig(3),|123cxbig(3),;18319.2,17597.2,18319.2,17597.2,0,0,0,0,456.127422931113
123cxbig(3),|123cxbig(3),|123cxbig(3),|123cxbig(3),;18319.2,17597.2,18319.2,17597.2,0,0,0,0,461.127422931113
123cxbig(3),|123cxbig(3),|123cxbig(3),|123cxbig(3),;18319.2,17597.2,18319.2,17597.2,0,0,0,0,466.127422931113
123cxbig(3),|123cxbig(3),|123cxbig(3),|123cxbig(3),;18319.2,17597.2,18319.2,17597.2,0,0,0,0,471.127422931113
123cxbig(3),|123cxbig(3),|123cxbig(3),|123cxbig(3),;18319.2,17597.2,18319.2,17597.2,0,0,0,0,476.127422931113
123cxbig(3),|123cxbig(3),|123cxbig(3),|123cxbig(3),;18319.2,17597.2,18319.2,17597.2,0,0,0,0,481.127422931113
123cxbig(3),|123cxbig(3),|123cxbig(3),|123cxbig(3),;18319.2,17597.2,18319.2,17597.2,0,0,0,0,486.127422931113
123cxbig(3),|123cxbig(3),|123cxbig(3),|123cxbig(3),;18319.2,17597.2,18319.2,17597.2,0,0,0,0,491.127422931113
123cxbig(3),|123cxbig(3),|123cxbig(3),|123cxbig(3),;18319.2,17597.2,18319.2,17597.2,0,0,0,0,496.127422931113
123cxbig(3),|123cxbig(3),|123cxbig(3),|123cxbig(3),;18319.2,17597.2,18319.2,17597.2,0,0,0,0,501.127422931113
123cxbig(3),|123cxbig(3),|123cxbig(3),|123cxbig(3),;18319.2,17597.2,18319.2,17597.2,0,0,0,0,506.127422931113
123cxbig(3),|123cxbig(3),|123cxbig(3),|123cxbig(3),;18319.2,17597.2,18319.2,17597.2,0,0,0,0,511.127422931113
123cxbig(3),|123cxbig(3),|123cxbig(3),|123cxbig(3),;18319.2,17597.2,18319.2,17597.2,0,0,0,0,516.127422931113
123cxbig(3),|123cxbig(3),|123cxbig(3),|123cxbig(3),;18319.2,17597.2,18319.2,17597.2,0,0,0,0,521.127422931113
123cxbig(3),|123cxbig(3),|123cxbig(3),|123cxbig(3),;18319.2,17597.2,18319.2,17597.2,0,0,0,0,526.127422931113
123cxbig(3),|123cxbig(3),|123cxbig(3),|123cxbig(3),;18319.2,17597.2,18319.2,17597.2,0,0,0,0,531.127422931113
123cxbig(3),|123cxbig(3),|123cxbig(3),|123cxbig(3),;18319.2,17597.2,18319.2,17597.2,0,0,0,0,536.127422931113
123cxbig(3),|123cxbig(3),|123cxbig(3),|123cxbig(3),;18319.2,17597.2,18319.2,17597.2,0,0,0,0,541.127422931113
123cxbig(3),|123cxbig(3),|123cxbig(3),|123cxbig(3),;18319.2,17597.2,18319.2,17597.2,0,0,0,0,546.127422931113
123cxbig(3),|123cxbig(3),|123cxbig(3),|123cxbig(3),;18319.2,17597.2,18319.2,17597.2,0,0,0,0,551.127422931113
123cxbig(3),|123cxbig(3),|123cxbig(3),|123cxbig(3),;18319.2,17597.2,18319.2,17597.2,0,0,0,0,556.127422931113
123cxbig(3),189hsudv(2),123dxtfr(1),|123cxbig(3),189hsudv(2),123dxtfr(1),|123cxbig(3),189hsudv(2),123dxtfr(1),|123cxbig(3),189hsudv(2),123dxtfr(1),;14044,14038.8,14760.8,14038.8,24.815598905365,20.680369609591,20.680369609591,20.680369609591,561.127422931113
189hsudv(2),123dxtfr(1),|189hsudv(2),123dxtfr(1),|189hsudv(2),123dxtfr(1),|189hsudv(2),123dxtfr(1),;15487.8,16204.6,16204.6,16204.6,19.815598905365,15.680369609591,15.680369609591,15.680369609591,566.127422931113
189hsudv(2),123dxtfr(1),|123dxtfr(2),|123dxtfr(2),|123dxtfr(2),;15487.8,18058,18058,18058,14.815598905365,10.680369609591,10.680369609591,10.680369609591,571.127422931113
189hsudv(2),123dxtfr(1),|123dxtfr(2),|123dxtfr(2),|123dxtfr(2),;15487.8,18058,18058,18058,9.815598905365,5.680369609591,5.680369609591,5.680369609591,576.127422931113
189hsudv(3),123dxtfr(2),|||;15487.8,19763,19763,19763,4.815598905365,0.680369609591,0.680369609591,0.680369609591,581.127422931113
189hsudv(3),|||;16056.1,19763,19763,19763,0,0,0,0,586.127422931113
189hsudv(3),|||;16056.1,19763,19763,19763,0,0,0,0,591.127422931113
189hsudv(3),|||;16056.1,19763,19763,19763,0,0,0,0,596.127422931113
189hsudv(3),|||;16056.1,19763,19763,19763,0,0,0,0,601.127422931113
189hsudv(3),|||;16056.1,19763,19763,19763,0,0,0,0,606.127422931113
189hsudv(3),|||;16056.1,19763,19763,19763,0,0,0,0,611.127422931113
189hsudv(3),|||;16056.1,19763,19763,19763,0,0,0,0,616.127422931113
189hsudv(3),|||;16056.1,19763,19763,19763,0,0,0,0,621.127422931113
189hsudv(3),949jphni(0),|949jphni(0),|949jphni(0),|949jphni(0),;13229.9,16936.8,17878.8,17878.8,22.013019673009,22.013019673009,16.45548021761,16.45548021761,626.127422931113
189hsudv(3),949jphni(0),|949jphni(0),|949jphni(0),|949jphni(0),;13229.9,16936.8,17878.8,17878.8,17.013019673009,17.013019673009,11.45548021761,11.45548021761,631.127422931113
949jphni(2),|949jphni(2),|949jphni(2),|949jphni(2),;16936.8,16936.8,17878.8,17878.8,12.013019673009,12.013019673009,6.45548021761,6.45548021761,636.127422931113
949jphni(2),|949jphni(2),|949jphni(2),|949jphni(2),;16936.8,16936.8,17878.8,17878.8,7.013019673009,7.013019673009,1.45548021761,1.45548021761,641.127422931113
949jphni(2),|949jphni(2),|949jphni(3),|949jphni(3),;16936.8,16936.8,17878.8,17878.8,2.013019673009,2.013019673009,0,0,646.127422931113
949jphni(3),|949jphni(3),|949jphni(3),|949jphni(3),;16936.8,16936.8,17878.8,17878.8,0,0,0,0,651.127422931113
949jphni(3),|949jphni(3),|949jphni(3),|949jphni(3),;16936.8,16936.8,17878.8,17878.8,0,0,0,0,656.127422931113
949jphni(3),|949jphni(3),|949jphni(3),|949jphni(3),;16936.8,16936.8,17878.8,17878.8,0,0,0,0,661.127422931113
949jphni(3),|949jphni(3),|949jphni(3),|949jphni(3),;16936.8,16936.8,17878.8,17878.8,0,0,0,0,666.127422931113
949jphni(3),|949jphni(3),|949jphni(3),|949jphni(3),;16936.8,16936.8,17878.8,17878.8,0,0,0,0,671.127422931113
949jphni(3),|949jphni(3),|949jphni(3),|949jphni(3),;16936.8,16936.8,17878.8,17878.8,0,0,0,0,676.127422931113
949jphni(3),|949jphni(3),|949jphni(3),|949jphni(3),;16936.8,16936.8,17878.8,17878.8,0,0,0,0,681.127422931113
949jphni(3),|949jphni(3),|949jphni(3),|949jphni(3),;16936.8,16936.8,17878.8,17878.8,0,0,0,0,686.127422931113
949jphni(3),|949jphni(3),|949jphni(3),|949jphni(3),;16936.8,16936.8,17878.8,17878.8,0,0,0,0,691.127422931113
949jphni(3),|949jphni(3),|949jphni(3),|949jphni(3),;16936.8,16936.8,17878.8,17878.8,0,0,0,0,696.127422931113
949jphni(3),6dsgel(0),|949jphni(3),6dsgel(0),|949jphni(3),6dsgel(0),|949jphni(3),6dsgel(0),;15441.8,14694.2,16383.8,15636.2,10.416261165542,14.728714573993,10.416261165542,14.728714573993,701.127422931113
949jphni(3),6dsgel(2),|949jphni(3),6dsgel(2),|949jphni(3),6dsgel(2),|949jphni(3),6dsgel(2),;15441.8,14694.2,16383.8,15636.2,5.416261165542,9.728714573993,5.416261165542,9.728714573993,706.127422931113
6dsgel(2),|6dsgel(2),|6dsgel(2),|6dsgel(2),;18268,17520.4,18268,17520.4,0.416261165542,4.728714573993,0.416261165542,4.728714573993,711.127422931113
|||;19763,19763,19763,19763,0,0,0,0,716.127422931113
|||;19763,19763,19763,19763,0,0,0,0,721.127422931113
125qkuoa(2),|125qkuoa(2),|125qkuoa(2),|125qkuoa(2),;16691,18227,18227,18227,13.016359393963,4.155153760161,4.155153760161,4.155153760161,726.127422931113
125qkuoa(2),320uasdt(1),|320uasdt(2),|320uasdt(2),|320uasdt(2),;14888.8,17960.8,17059.6,17059.6,22.174007206588,13.312801572786,18.511375544617,18.511375544617,731.127422931113
125qkuoa(2),320uasdt(1),|320uasdt(2),|320uasdt(2),|320uasdt(2),;14888.8,17960.8,17059.6,17059.6,17.174007206588,8.312801572786,13.511375544617,13.511375544617,736.127422931113
125qkuoa(3),320uasdt(2),|320uasdt(2),|320uasdt(2),|320uasdt(2),;14888.8,17960.8,17059.6,17059.6,12.174007206588,3.312801572786,8.511375544617,8.511375544617,741.127422931113
125qkuoa(3),320uasdt(2),|320uasdt(3),|320uasdt(2),|320uasdt(2),;14888.8,17960.8,17059.6,17059.6,7.174007206588,0,3.511375544617,3.511375544617,746.127422931113
125qkuoa(3),320uasdt(3),|320uasdt(3),|320uasdt(3),|320uasdt(3),;14888.8,17960.8,17059.6,17059.6,2.174007206588,0,0,0,751.127422931113
125qkuoa(3),320uasdt(3),|320uasdt(3),|320uasdt(3),|320uasdt(3),;14888.8,17960.8,17059.6,17059.6,0,0,0,0,756.127422931113
125qkuoa(3),320uasdt(3),|320uasdt(3),|320uasdt(3),|320uasdt(3),;14888.8,17960.8,17059.6,17059.6,0,0,0,0,761.127422931113
125qkuoa(3),320uasdt(3),|320uasdt(3),|320uasdt(3),|320uasdt(3),;14888.8,17960.8,17059.6,17059.6,0,0,0,0,766.127422931113
125qkuoa(3),320uasdt(3),|320uasdt(3),|320uasdt(3),|320uasdt(3),;14888.8,17960.8,17059.6,17059.6,0,0,0,0,771.127422931113
125qkuoa(3),320uasdt(3),|320uasdt(3),|320uasdt(3),|320uasdt(3),;14888.8,17960.8,17059.6,17059.6,0,0,0,0,776.127422931113
125qkuoa(3),320uasdt(3),|320uasdt(3),|320uasdt(3),|320uasdt(3),;14888.8,17960.8,17059.6,17059.6,0,0,0,0,781.127422931113
125qkuoa(3),320uasdt(3),595tfryx(0),|320uasdt(3),595tfryx(0),|320uasdt(3),595tfryx(0),|320uasdt(3),595tfryx(0),;13332.3,17182.6,16281.4,15503.1,12.058013240909,7.568335719782,7.568335719782,12.058013240909,786.127422931113
125qkuoa(3),320uasdt(3),595tfryx(2),|320uasdt(3),595tfryx(2),|320uasdt(3),595tfryx(2),|320uasdt(3),595tfryx(2),;13332.3,17182.6,16281.4,15503.1,7.058013240909,2.568335719782,2.568335719782,7.058013240909,791.127422931113
125qkuoa(3),320uasdt(3),595tfryx(2),|320uasdt(3),|320uasdt(3),|320uasdt(3),595tfryx(2),;13332.3,17960.8,17059.6,15503.1,2.058013240909,0,0,2.058013240909,796.127422931113
125qkuoa(3),320uasdt(3),|320uasdt(3),|320uasdt(3),|320uasdt(3),;14888.8,17960.8,17059.6,17059.6,0,0,0,0,801.127422931113
|||;19763,19763,19763,19763,0,0,0,0,806.127422931113
|||;19763,19763,19763,19763,0,0,0,0,811.127422931113
|||;19763,19763,19763,19763,0,0,0,0,816.127422931113
|||;19763,19763,19763,19763,0,0,0,0,821.127422931113
|||;19763,19763,19763,19763,0,0,0,0,826.127422931113
|||;19763,19763,19763,19763,0,0,0,0,831.127422931113
|||;19763,19763,19763,19763,0,0,0,0,836.127422931113
|||;19763,19763,19763,19763,0,0,0,0,841.127422931113
|||;19763,19763,19763,19763,0,0,0,0,846.127422931113
|||;19763,19763,19763,19763,0,0,0,0,851.127422931113
|||;19763,19763,19763,19763,0,0,0,0,856.127422931113
|||;19763,19763,19763,19763,0,0,0,0,861.127422931113
|||;19763,19763,19763,19763,0,0,0,0,866.127422931113
|||;19763,19763,19763,19763,0,0,0,0,871.127422931113
|||;19763,19763,19763,19763,0,0,0,0,876.127422931113
|||;19763,19763,19763,19763,0,0,0,0,881.127422931113
|||;19763,19763,19763,19763,0,0,0,0,886.127422931113
|||;19763,19763,19763,19763,0,0,0,0,891.127422931113
|||;19763,19763,19763,19763,0,0,0,0,896.127422931113
|||;19763,19763,19763,19763,0,0,0,0,901.127422931113
|||;19763,19763,19763,19763,0,0,0,0,906.127422931113
|||;19763,19763,19763,19763,0,0,0,0,911.127422931113
|||;19763,19763,19763,19763,0,0,0,0,916.127422931113
|||;19763,19763,19763,19763,0,0,0,0,921.127422931113
|||;19763,19763,19763,19763,0,0,0,0,926.127422931113
|||;19763,19763,19763,19763,0,0,0,0,931.127422931113
|||;19763,19763,19763,19763,0,0,0,0,936.127422931113
149kuvhe(2),|149kuvhe(2),|149kuvhe(2),|;17510.2,18073.4,18073.4,19763,10.061231491131,6.66545609207,6.66545609207,0,941.127422931113
149kuvhe(2),|149kuvhe(2),|149kuvhe(2),|;17510.2,18073.4,18073.4,19763,5.061231491131,1.66545609207,1.66545609207,0,946.127422931113
149kuvhe(3),|149kuvhe(3),|149kuvhe(3),|;17510.2,18073.4,18073.4,19763,0.061231491131,0,0,0,951.127422931113
149kuvhe(3),|149kuvhe(3),|149kuvhe(3),|;17510.2,18073.4,18073.4,19763,0,0,0,0,956.127422931113
149kuvhe(3),|149kuvhe(3),|149kuvhe(3),|;17510.2,18073.4,18073.4,19763,0,0,0,0,961.127422931113
149kuvhe(3),|149kuvhe(3),|149kuvhe(3),|;17510.2,18073.4,18073.4,19763,0,0,0,0,966.127422931113
149kuvhe(3),|149kuvhe(3),|149kuvhe(3),|;17510.2,18073.4,18073.4,19763,0,0,0,0,971.127422931113
149kuvhe(3),|149kuvhe(3),|149kuvhe(3),|;17510.2,18073.4,18073.4,19763,0,0,0,0,976.127422931113
149kuvhe(3),|149kuvhe(3),|149kuvhe(3),|;17510.2,18073.4,18073.4,19763,0,0,0,0,981.127422931113
149kuvhe(3),|149kuvhe(3),|149kuvhe(3),|;17510.2,18073.4,18073.4,19763,0,0,0,0,986.127422931113
149kuvhe(3),|149kuvhe(3),|149kuvhe(3),|;17510.2,18073.4,18073.4,19763,0,0,0,0,991.127422931113
149kuvhe(3),334higmo(0),|149kuvhe(3),|149kuvhe(3),|334higmo(0),;13854.5,18073.4,18073.4,17935.2,21.316035386379,0,0,10.771200682154,996.127422931113
149kuvhe(3),334higmo(2),|149kuvhe(3),|149kuvhe(3),|334higmo(2),;13854.5,18073.4,18073.4,17935.2,16.316035386379,0,0,5.771200682154,1001.127422931113
149kuvhe(3),334higmo(2),|149kuvhe(3),|149kuvhe(3),|334higmo(2),;13854.5,18073.4,18073.4,17935.2,11.316035386379,0,0,0.771200682154,1006.127422931113
149kuvhe(3),334higmo(2),|149kuvhe(3),|149kuvhe(3),|334higmo(3),;13854.5,18073.4,18073.4,17935.2,6.316035386379,0,0,0,1011.127422931113
149kuvhe(3),334higmo(2),934ymbfw(0),|149kuvhe(3),934ymbfw(0),|149kuvhe(3),934ymbfw(0),|334higmo(3),934ymbfw(0),;12938,15324,15324,15185.8,13.620755316858,19.099168722371,19.099168722371,19.099168722371,1016.127422931113
149kuvhe(3),334higmo(3),934ymbfw(2),|149kuvhe(3),934ymbfw(2),|149kuvhe(3),934ymbfw(2),|334higmo(3),934ymbfw(2),;12938,15324,15324,15185.8,8.620755316858,14.099168722371,14.099168722371,14.099168722371,1021.127422931113
149kuvhe(3),334higmo(3),934ymbfw(3),143lwoeb(0),|149kuvhe(3),934ymbfw(2),143lwoeb(0),|149kuvhe(3),934ymbfw(2),143lwoeb(0),|334higmo(3),934ymbfw(2),143lwoeb(0),;10065.7,12451.7,13409.1,13270.9,27.762080339255,33.240493744768,27.592342233031,27.592342233031,1026.127422931113
149kuvhe(3),334higmo(3),934ymbfw(3),143lwoeb(2),|149kuvhe(3),934ymbfw(2),143lwoeb(1),|149kuvhe(3),934ymbfw(2),143lwoeb(1),|334higmo(3),934ymbfw(2),143lwoeb(1),;10065.7,12451.7,13409.1,13270.9,22.762080339255,28.240493744768,22.592342233031,22.592342233031,1031.127422931113
149kuvhe(3),334higmo(3),934ymbfw(3),143lwoeb(2),|149kuvhe(3),934ymbfw(3),143lwoeb(2),|149kuvhe(3),934ymbfw(3),143lwoeb(2),|334higmo(3),934ymbfw(3),143lwoeb(2),;10065.7,12451.7,13409.1,13270.9,17.762080339255,23.240493744768,17.592342233031,17.592342233031,1036.127422931113
149kuvhe(3),334higmo(3),934ymbfw(3),143lwoeb(2),|149kuvhe(3),934ymbfw(3),143lwoeb(2),|149kuvhe(3),934ymbfw(3),143lwoeb(2),|334higmo(3),934ymbfw(3),143lwoeb(2),;10065.7,12451.7,13409.1,13270.9,12.762080339255,18.240493744768,12.592342233031,12.592342233031,1041.127422931113
149kuvhe(3),334higmo(3),934ymbfw(3),143lwoeb(3),|149kuvhe(3),934ymbfw(3),143lwoeb(2),|149kuvhe(3),934ymbfw(3),143lwoeb(2),|334higmo(3),934ymbfw(3),143lwoeb(2),;10065.7,12451.7,13409.1,13270.9,7.762080339255,13.240493744768,7.592342233031,7.592342233031,1046.127422931113
149kuvhe(3),334higmo(3),934ymbfw(3),143lwoeb(3),|149kuvhe(3),934ymbfw(3),143lwoeb(2),|149kuvhe(3),934ymbfw(3),143lwoeb(3),|334higmo(3),934ymbfw(3),143lwoeb(3),;10065.7,12451.7,13409.1,13270.9,2.762080339255,8.240493744768,2.592342233031,2.592342233031,1051.127422931113
149kuvhe(3),334higmo(3),934ymbfw(3),143lwoeb(3),|149kuvhe(3),934ymbfw(3),143lwoeb(3),|149kuvhe(3),934ymbfw(3),143lwoeb(3),|334higmo(3),934ymbfw(3),143lwoeb(3),;10065.7,12451.7,13409.1,13270.9,0,3.240493744768,0,0,1056.127422931113
149kuvhe(3),334higmo(3),934ymbfw(3),143lwoeb(3),334zsuyn(2),|149kuvhe(3),934ymbfw(3),143lwoeb(3),334zsuyn(2),|149kuvhe(3),934ymbfw(3),143lwoeb(3),334zsuyn(2),|334higmo(3),934ymbfw(3),143lwoeb(3),334zsuyn(2),;7961.38,11048.8,11304.8,11868,10.955095564682,9.259837001127,10.955095564682,6.908478325246,1061.127422931113
149kuvhe(3),934ymbfw(3),143lwoeb(3),334zsuyn(2),|149kuvhe(3),934ymbfw(3),143lwoeb(3),334zsuyn(2),|149kuvhe(3),934ymbfw(3),143lwoeb(3),334zsuyn(2),|934ymbfw(3),143lwoeb(3),334zsuyn(2),;11617.1,11048.8,11304.8,13695.8,5.955095564682,4.259837001127,5.955095564682,1.908478325246,1066.127422931113
149kuvhe(3),934ymbfw(3),143lwoeb(3),334zsuyn(2),|149kuvhe(3),934ymbfw(3),143lwoeb(3),|149kuvhe(3),934ymbfw(3),143lwoeb(3),334zsuyn(2),|934ymbfw(3),143lwoeb(3),;11617.1,12451.7,11304.8,15098.7,0.955095564682,0,0.955095564682,0,1071.127422931113
149kuvhe(3),143lwoeb(3),|149kuvhe(3),143lwoeb(3),|149kuvhe(3),143lwoeb(3),|143lwoeb(3),;14637.9,15201.1,16158.5,17848.1,0,0,0,0,1076.127422931113
149kuvhe(3),143lwoeb(3),|149kuvhe(3),143lwoeb(3),|149kuvhe(3),143lwoeb(3),|143lwoeb(3),;14637.9,15201.1,16158.5,17848.1,0,0,0,0,1081.127422931113
149kuvhe(3),|149kuvhe(3),|149kuvhe(3),|;17510.2,18073.4,18073.4,19763,0,0,0,0,1086.127422931113
149kuvhe(3),|149kuvhe(3),|149kuvhe(3),|;17510.2,18073.4,18073.4,19763,0,0,0,0,1091.127422931113
149kuvhe(3),|149kuvhe(3),|149kuvhe(3),|;17510.2,18073.4,18073.4,19763,0,0,0,0,1096.127422931113
149kuvhe(3),603zfrdt(0),|149kuvhe(3),|149kuvhe(3),603zfrdt(0),|603zfrdt(0),;14837.6,18073.4,15400.8,16199.5,20.778984526698,0,20.778984526698,26.034483794304,1101.127422931113
149kuvhe(3),603zfrdt(2),|149kuvhe(3),|149kuvhe(3),603zfrdt(2),|603zfrdt(2),;14837.6,18073.4,15400.8,16199.5,15.778984526698,0,15.778984526698,21.034483794304,1106.127422931113
149kuvhe(3),603zfrdt(2),|149kuvhe(3),|149kuvhe(3),603zfrdt(2),|603zfrdt(2),;14837.6,18073.4,15400.8,16199.5,10.778984526698,0,10.778984526698,16.034483794304,1111.127422931113
149kuvhe(3),603zfrdt(2),|149kuvhe(3),|149kuvhe(3),603zfrdt(2),|603zfrdt(2),;14837.6,18073.4,15400.8,16199.5,5.778984526698,0,5.778984526698,11.034483794304,1116.127422931113
149kuvhe(3),603zfrdt(2),|149kuvhe(3),|149kuvhe(3),603zfrdt(2),|603zfrdt(2),;14837.6,18073.4,15400.8,16199.5,0.778984526698,0,0.778984526698,6.034483794304,1121.127422931113
149kuvhe(3),603zfrdt(3),|149kuvhe(3),|149kuvhe(3),603zfrdt(3),|603zfrdt(2),;14837.6,18073.4,15400.8,16199.5,0,0,0,1.034483794304,1126.127422931113
149kuvhe(3),603zfrdt(3),|149kuvhe(3),|149kuvhe(3),603zfrdt(3),|603zfrdt(3),;14837.6,18073.4,15400.8,16199.5,0,0,0,0,1131.127422931113
149kuvhe(3),603zfrdt(3),|149kuvhe(3),|149kuvhe(3),603zfrdt(3),|603zfrdt(3),;14837.6,18073.4,15400.8,16199.5,0,0,0,0,1136.127422931113
149kuvhe(3),603zfrdt(3),|149kuvhe(3),|149kuvhe(3),603zfrdt(3),|603zfrdt(3),;14837.6,18073.4,15400.8,16199.5,0,0,0,0,1141.127422931113
149kuvhe(3),603zfrdt(3),|149kuvhe(3),|149kuvhe(3),603zfrdt(3),|603zfrdt(3),;14837.6,18073.4,15400.8,16199.5,0,0,0,0,1146.127422931113
149kuvhe(3),603zfrdt(3),|149kuvhe(3),|149kuvhe(3),603zfrdt(3),|603zfrdt(3),;14837.6,18073.4,15400.8,16199.5,0,0,0,0,1151.127422931113
149kuvhe(3),603zfrdt(3),|149kuvhe(3),|149kuvhe(3),603zfrdt(3),|603zfrdt(3),;14837.6,18073.4,15400.8,16199.5,0,0,0,0,1156.127422931113
149kuvhe(3),603zfrdt(3),|149kuvhe(3),|149kuvhe(3),603zfrdt(3),|603zfrdt(3),;14837.6,18073.4,15400.8,16199.5,0,0,0,0,1161.127422931113
149kuvhe(3),603zfrdt(3),|149kuvhe(3),158ipflx(0),|149kuvhe(3),603zfrdt(3),|603zfrdt(3),;14837.6,17464.1,15400.8,16199.5,0,3.721620108904,0,0,1166.127422931113
149kuvhe(3),603zfrdt(3),|149kuvhe(3),158ipflx(3),|149kuvhe(3),603zfrdt(3),|603zfrdt(3),;14837.6,17464.1,15400.8,16199.5,0,0,0,0,1171.127422931113
149kuvhe(3),603zfrdt(3),240aqhny(0),|149kuvhe(3),158ipflx(3),240aqhny(0),|149kuvhe(3),603zfrdt(3),|603zfrdt(3),240aqhny(0),;11130.7,16537.4,15400.8,12492.6,22.951571916372,6.912789719189,0,22.951571916372,1176.127422931113
149kuvhe(3),603zfrdt(3),240aqhny(2),|149kuvhe(3),158ipflx(3),240aqhny(2),898cqfpr(0),|149kuvhe(3),603zfrdt(3),898cqfpr(0),|603zfrdt(3),240aqhny(2),;11130.7,13485.9,10823.5,12492.6,17.951571916372,25.930066428841,29.063988374783,17.951571916372,1181.127422931113
149kuvhe(3),240aqhny(2),|149kuvhe(3),158ipflx(3),898cqfpr(2),|149kuvhe(3),898cqfpr(2),|240aqhny(2),;13803.3,14412.6,13496.1,16056.1,12.951571916372,20.930066428841,24.063988374783,12.951571916372,1186.127422931113
149kuvhe(3),240aqhny(2),|149kuvhe(3),158ipflx(3),898cqfpr(2),|149kuvhe(3),898cqfpr(2),|240aqhny(2),;13803.3,14412.6,13496.1,16056.1,7.951571916372,15.930066428841,19.063988374783,7.951571916372,1191.127422931113
240aqhny(2),|158ipflx(3),898cqfpr(2),|898cqfpr(2),|240aqhny(2),;16056.1,16102.2,15185.7,16056.1,2.951571916372,10.930066428841,14.063988374783,2.951571916372,1196.127422931113
240aqhny(3),|158ipflx(3),898cqfpr(3),|898cqfpr(2),|240aqhny(3),;16056.1,16102.2,15185.7,16056.1,0,5.930066428841,9.063988374783,0,1201.127422931113
240aqhny(3),|158ipflx(3),898cqfpr(3),|898cqfpr(2),|240aqhny(3),;16056.1,16102.2,15185.7,16056.1,0,0.930066428841,4.063988374783,0,1206.127422931113
240aqhny(3),|158ipflx(3),898cqfpr(3),|898cqfpr(3),|240aqhny(3),;16056.1,16102.2,15185.7,16056.1,0,0,0,0,1211.127422931113
240aqhny(3),|158ipflx(3),898cqfpr(3),|898cqfpr(3),|240aqhny(3),;16056.1,16102.2,15185.7,16056.1,0,0,0,0,1216.127422931113
240aqhny(3),|158ipflx(3),898cqfpr(3),|898cqfpr(3),|240aqhny(3),;16056.1,16102.2,15185.7,16056.1,0,0,0,0,1221.127422931113
240aqhny(3),|158ipflx(3),898cqfpr(3),|898cqfpr(3),|240aqhny(3),;16056.1,16102.2,15185.7,16056.1,0,0,0,0,1226.127422931113
240aqhny(3),|158ipflx(3),898cqfpr(3),|898cqfpr(3),|240aqhny(3),;16056.1,16102.2,15185.7,16056.1,0,0,0,0,1231.127422931113
240aqhny(3),|158ipflx(3),898cqfpr(3),|898cqfpr(3),|240aqhny(3),;16056.1,16102.2,15185.7,16056.1,0,0,0,0,1236.127422931113
|158ipflx(3),898cqfpr(3),|898cqfpr(3),|;19763,16102.2,15185.7,19763,0,0,0,0,1241.127422931113
|158ipflx(3),898cqfpr(3),|898cqfpr(3),|;19763,16102.2,15185.7,19763,0,0,0,0,1246.127422931113
|158ipflx(3),898cqfpr(3),|898cqfpr(3),|;19763,16102.2,15185.7,19763,0,0,0,0,1251.127422931113
|158ipflx(3),898cqfpr(3),|898cqfpr(3),|;19763,16102.2,15185.7,19763,0,0,0,0,1256.127422931113
144juncv(0),|158ipflx(3),898cqfpr(3),352qpfwb(2),144juncv(0),|898cqfpr(3),352qpfwb(2),144juncv(0),|;18211.6,10173.2,8739.62,19763,10.692287215722,36.832630268334,39.883236165048,0,1261.127422931113
144juncv(2),898mkpcs(0),|158ipflx(3),898cqfpr(3),352qpfwb(2),144juncv(1),898mkpcs(0),|898cqfpr(3),352qpfwb(2),144juncv(1),|898mkpcs(0),;15293.2,9200.4,8739.62,13926.2,25.476683918602,40.392833168397,34.883236165048,35.585244475992,1266.127422931113
144juncv(2),898mkpcs(1),|158ipflx(3),352qpfwb(2),144juncv(1),898mkpcs(1),|352qpfwb(2),144juncv(1),|898mkpcs(2),;15293.2,12251.9,13316.9,13926.2,20.476683918602,35.392833168397,29.883236165048,30.585244475992,1271.127422931113
144juncv(3),898mkpcs(2),|158ipflx(3),352qpfwb(2),144juncv(1),898mkpcs(1),|352qpfwb(2),144juncv(1),|898mkpcs(2),;15293.2,12251.9,13316.9,13926.2,15.476683918602,30.392833168397,24.883236165048,25.585244475992,1276.127422931113
144juncv(3),898mkpcs(2),|158ipflx(3),352qpfwb(2),144juncv(1),898mkpcs(1),|352qpfwb(2),144juncv(1),|898mkpcs(2),;15293.2,12251.9,13316.9,13926.2,10.476683918602,25.392833168397,19.883236165048,20.585244475992,1281.127422931113
144juncv(3),898mkpcs(2),|158ipflx(3),352qpfwb(3),144juncv(2),898mkpcs(1),|352qpfwb(3),144juncv(2),|898mkpcs(2),;15293.2,12251.9,13316.9,13926.2,5.476683918602,20.392833168397,14.883236165048,15.585244475992,1286.127422931113
144juncv(3),|158ipflx(3),352qpfwb(3),144juncv(2),898mkpcs(1),|352qpfwb(3),144juncv(2),|898mkpcs(2),;18211.6,12251.9,13316.9,13926.2,0.476683918602,15.392833168397,9.883236165048,10.585244475992,1291.127422931113
144juncv(3),|158ipflx(3),352qpfwb(3),144juncv(3),898mkpcs(2),|352qpfwb(3),144juncv(2),|898mkpcs(2),;18211.6,12251.9,13316.9,13926.2,0,10.392833168397,4.883236165048,5.585244475992,1296.127422931113
144juncv(3),|158ipflx(3),352qpfwb(3),144juncv(3),|352qpfwb(3),144juncv(3),|898mkpcs(2),;18211.6,13224.7,13316.9,13926.2,0,5.392833168397,0,0.585244475992,1301.127422931113
144juncv(3),|158ipflx(3),352qpfwb(3),144juncv(3),|352qpfwb(3),144juncv(3),|;18211.6,13224.7,13316.9,19763,0,0.392833168397,0,0,1306.127422931113
144juncv(3),|158ipflx(3),352qpfwb(3),144juncv(3),|352qpfwb(3),144juncv(3),|;18211.6,13224.7,13316.9,19763,0,0,0,0,1311.127422931113
144juncv(3),|158ipflx(3),352qpfwb(3),144juncv(3),|352qpfwb(3),144juncv(3),|;18211.6,13224.7,13316.9,19763,0,0,0,0,1316.127422931113
144juncv(3),|158ipflx(3),352qpfwb(3),144juncv(3),|352qpfwb(3),144juncv(3),|;18211.6,13224.7,13316.9,19763,0,0,0,0,1321.127422931113
144juncv(3),|158ipflx(3),352qpfwb(3),144juncv(3),|352qpfwb(3),144juncv(3),|;18211.6,13224.7,13316.9,19763,0,0,0,0,1326.127422931113
144juncv(3),|158ipflx(3),352qpfwb(3),144juncv(3),|352qpfwb(3),144juncv(3),|;18211.6,13224.7,13316.9,19763,0,0,0,0,1331.127422931113
144juncv(3),|158ipflx(3),352qpfwb(3),144juncv(3),|352qpfwb(3),144juncv(3),|;18211.6,13224.7,13316.9,19763,0,0,0,0,1336.127422931113
144juncv(3),|158ipflx(3),352qpfwb(3),144juncv(3),|352qpfwb(3),144juncv(3),|;18211.6,13224.7,13316.9,19763,0,0,0,0,1341.127422931113
144juncv(3),|158ipflx(3),352qpfwb(3),144juncv(3),|352qpfwb(3),144juncv(3),|;18211.6,13224.7,13316.9,19763,0,0,0,0,1346.127422931113
144juncv(3),|158ipflx(3),352qpfwb(3),144juncv(3),|352qpfwb(3),144juncv(3),|;18211.6,13224.7,13316.9,19763,0,0,0,0,1351.127422931113
144juncv(3),|158ipflx(3),352qpfwb(3),144juncv(3),|352qpfwb(3),144juncv(3),|;18211.6,13224.7,13316.9,19763,0,0,0,0,1356.127422931113
144juncv(3),|352qpfwb(3),144juncv(3),|352qpfwb(3),144juncv(3),|;18211.6,13834,13316.9,19763,0,0,0,0,1361.127422931113
144juncv(3),|352qpfwb(3),144juncv(3),|352qpfwb(3),144juncv(3),|;18211.6,13834,13316.9,19763,0,0,0,0,1366.127422931113
144juncv(3),|352qpfwb(3),144juncv(3),|352qpfwb(3),144juncv(3),|;18211.6,13834,13316.9,19763,0,0,0,0,1371.127422931113
144juncv(3),|352qpfwb(3),144juncv(3),|352qpfwb(3),144juncv(3),|;18211.6,13834,13316.9,19763,0,0,0,0,1376.127422931113
144juncv(3),|352qpfwb(3),144juncv(3),|352qpfwb(3),144juncv(3),|;18211.6,13834,13316.9,19763,0,0,0,0,1381.127422931113
144juncv(3),|352qpfwb(3),144juncv(3),|352qpfwb(3),144juncv(3),|;18211.6,13834,13316.9,19763,0,0,0,0,1386.127422931113
144juncv(3),|352qpfwb(3),144juncv(3),|352qpfwb(3),144juncv(3),|;18211.6,13834,13316.9,19763,0,0,0,0,1391.127422931113
144juncv(3),|352qpfwb(3),144juncv(3),|352qpfwb(3),144juncv(3),|;18211.6,13834,13316.9,19763,0,0,0,0,1396.127422931113
144juncv(3),|352qpfwb(3),144juncv(3),|352qpfwb(3),144juncv(3),|;18211.6,13834,13316.9,19763,0,0,0,0,1401.127422931113
144juncv(3),|352qpfwb(3),144juncv(3),|352qpfwb(3),144juncv(3),|;18211.6,13834,13316.9,19763,0,0,0,0,1406.127422931113
144juncv(3),|352qpfwb(3),144juncv(3),|352qpfwb(3),144juncv(3),|;18211.6,13834,13316.9,19763,0,0,0,0,1411.127422931113
144juncv(3),207mhgtu(0),|352qpfwb(3),144juncv(3),207mhgtu(0),|352qpfwb(3),144juncv(3),207mhgtu(0),|207mhgtu(0),;16993,12006.2,12098.3,17935.2,10.407263615765,14.001541850506,10.407263615765,14.001541850506,1416.127422931113
144juncv(3),207mhgtu(2),|352qpfwb(3),144juncv(3),207mhgtu(2),|352qpfwb(3),144juncv(3),207mhgtu(2),|207mhgtu(2),;16993,12006.2,12098.3,17935.2,5.407263615765,9.001541850506,5.407263615765,9.001541850506,1421.127422931113
144juncv(3),207mhgtu(2),|352qpfwb(3),144juncv(3),207mhgtu(2),|352qpfwb(3),144juncv(3),207mhgtu(2),|207mhgtu(2),;16993,12006.2,12098.3,17935.2,0.407263615765,4.001541850506,0.407263615765,4.001541850506,1426.127422931113
144juncv(3),|352qpfwb(3),144juncv(3),|352qpfwb(3),144juncv(3),|;18211.6,13834,13316.9,19763,0,0,0,0,1431.127422931113
144juncv(3),|352qpfwb(3),144juncv(3),|352qpfwb(3),144juncv(3),|;18211.6,13834,13316.9,19763,0,0,0,0,1436.127422931113
144juncv(3),|352qpfwb(3),144juncv(3),|352qpfwb(3),144juncv(3),|;18211.6,13834,13316.9,19763,0,0,0,0,1441.127422931113
144zescj(0),|352qpfwb(3),144juncv(3),144zescj(0),|352qpfwb(3),144juncv(3),144zescj(0),|144zescj(0),;16813.9,10884.9,11350.8,17796.9,20.169591034743,20.169591034743,14.370419429109,14.370419429109,1446.127422931113
144zescj(2),|352qpfwb(3),144juncv(3),144zescj(2),|352qpfwb(3),144juncv(3),144zescj(2),|144zescj(2),;16813.9,10884.9,11350.8,17796.9,15.169591034743,15.169591034743,9.370419429109,9.370419429109,1451.127422931113
144zescj(2),|352qpfwb(3),144juncv(3),144zescj(2),|352qpfwb(3),144juncv(3),144zescj(2),|144zescj(2),;16813.9,10884.9,11350.8,17796.9,10.169591034743,10.169591034743,4.370419429109,4.370419429109,1456.127422931113
144zescj(2),|352qpfwb(3),144juncv(3),144zescj(2),|352qpfwb(3),144juncv(3),144zescj(3),|144zescj(3),;16813.9,10884.9,11350.8,17796.9,5.169591034743,5.169591034743,0,0,1461.127422931113
144zescj(3),|352qpfwb(3),144juncv(3),144zescj(3),|352qpfwb(3),144juncv(3),144zescj(3),|144zescj(3),;16813.9,10884.9,11350.8,17796.9,0.169591034743,0.169591034743,0,0,1466.127422931113
144zescj(3),|352qpfwb(3),144juncv(3),144zescj(3),|352qpfwb(3),144juncv(3),144zescj(3),|144zescj(3),;16813.9,10884.9,11350.8,17796.9,0,0,0,0,1471.127422931113
144zescj(3),|352qpfwb(3),144juncv(3),144zescj(3),|352qpfwb(3),144juncv(3),144zescj(3),|144zescj(3),;16813.9,10884.9,11350.8,17796.9,0,0,0,0,1476.127422931113
144zescj(3),|352qpfwb(3),144juncv(3),144zescj(3),|352qpfwb(3),144juncv(3),144zescj(3),|144zescj(3),;16813.9,10884.9,11350.8,17796.9,0,0,0,0,1481.127422931113
144zescj(3),|352qpfwb(3),144juncv(3),144zescj(3),|352qpfwb(3),144juncv(3),144zescj(3),|144zescj(3),;16813.9,10884.9,11350.8,17796.9,0,0,0,0,1486.127422931113
144zescj(3),|352qpfwb(3),144juncv(3),144zescj(3),|352qpfwb(3),144juncv(3),144zescj(3),|144zescj(3),;16813.9,10884.9,11350.8,17796.9,0,0,0,0,1491.127422931113
144zescj(3),|352qpfwb(3),144juncv(3),144zescj(3),|352qpfwb(3),144juncv(3),144zescj(3),|144zescj(3),;16813.9,10884.9,11350.8,17796.9,0,0,0,0,1496.127422931113
144zescj(3),|352qpfwb(3),144juncv(3),144zescj(3),|352qpfwb(3),144juncv(3),144zescj(3),|144zescj(3),;16813.9,10884.9,11350.8,17796.9,0,0,0,0,1501.127422931113
144zescj(3),|144juncv(3),144zescj(3),|144juncv(3),144zescj(3),|144zescj(3),;16813.9,15262.5,15728.4,17796.9,0,0,0,0,1506.127422931113
|||;19763,19763,19763,19763,0,0,0,0,1511.127422931113
|||;19763,19763,19763,19763,0,0,0,0,1516.127422931113
|||;19763,19763,19763,19763,0,0,0,0,1521.127422931113
|||;19763,19763,19763,19763,0,0,0,0,1526.127422931113
|||;19763,19763,19763,19763,0,0,0,0,1531.127422931113
|||;19763,19763,19763,19763,0,0,0,0,1536.127422931113
|||;19763,19763,19763,19763,0,0,0,0,1541.127422931113
|||;19763,19763,19763,19763,0,0,0,0,1546.127422931113
|||;19763,19763,19763,19763,0,0,0,0,1551.127422931113
|||;19763,19763,19763,19763,0,0,0,0,1556.127422931113
288sucbx(2),|288sucbx(2),||288sucbx(2),;17213.2,17213.2,19763,16363.3,13.159836399478,13.159836399478,0,18.063036850182,1561.127422931113
288sucbx(2),|288sucbx(2),||288sucbx(2),;17213.2,17213.2,19763,16363.3,8.159836399478,8.159836399478,0,13.063036850182,1566.127422931113
288sucbx(2),|288sucbx(2),||288sucbx(2),;17213.2,17213.2,19763,16363.3,3.159836399478,3.159836399478,0,8.063036850182,1571.127422931113
288sucbx(3),|288sucbx(3),||288sucbx(2),;17213.2,17213.2,19763,16363.3,0,0,0,3.063036850182,1576.127422931113
288sucbx(3),|288sucbx(3),||288sucbx(3),;17213.2,17213.2,19763,16363.3,0,0,0,0,1581.127422931113
288sucbx(3),|288sucbx(3),||288sucbx(3),;17213.2,17213.2,19763,16363.3,0,0,0,0,1586.127422931113
288sucbx(3),|288sucbx(3),||288sucbx(3),;17213.2,17213.2,19763,16363.3,0,0,0,0,1591.127422931113
288sucbx(3),|288sucbx(3),||288sucbx(3),;17213.2,17213.2,19763,16363.3,0,0,0,0,1596.127422931113
288sucbx(3),|288sucbx(3),||288sucbx(3),;17213.2,17213.2,19763,16363.3,0,0,0,0,1601.127422931113
288sucbx(3),|288sucbx(3),||288sucbx(3),;17213.2,17213.2,19763,16363.3,0,0,0,0,1606.127422931113
288sucbx(3),|288sucbx(3),||288sucbx(3),;17213.2,17213.2,19763,16363.3,0,0,0,0,1611.127422931113
288sucbx(3),|288sucbx(3),||288sucbx(3),;17213.2,17213.2,19763,16363.3,0,0,0,0,1616.127422931113
288sucbx(3),|288sucbx(3),||288sucbx(3),;17213.2,17213.2,19763,16363.3,0,0,0,0,1621.127422931113
|||;19763,19763,19763,19763,0,0,0,0,1626.127422931113
|||;19763,19763,19763,19763,0,0,0,0,1631.127422931113
|||;19763,19763,19763,19763,0,0,0,0,1636.127422931113
|||;19763,19763,19763,19763,0,0,0,0,1641.127422931113
|||;19763,19763,19763,19763,0,0,0,0,1646.127422931113
|||;19763,19763,19763,19763,0,0,0,0,1651.127422931113
|||;19763,19763,19763,19763,0,0,0,0,1656.127422931113
|||;19763,19763,19763,19763,0,0,0,0,1661.127422931113
|||;19763,19763,19763,19763,0,0,0,0,1666.127422931113
|||;19763,19763,19763,19763,0,0,0,0,1671.127422931113
|||;19763,19763,19763,19763,0,0,0,0,1676.127422931113
|||;19763,19763,19763,19763,0,0,0,0,1681.127422931113
|||;19763,19763,19763,19763,0,0,0,0,1686.127422931113
|||;19763,19763,19763,19763,0,0,0,0,1691.127422931113
|||;19763,19763,19763,19763,0,0,0,0,1696.127422931113
242ebsdm(2),|242ebsdm(2),|242ebsdm(2),|242ebsdm(2),;17013.6,17930,17013.6,17930,15.346390096467,9.939870734965,15.346390096467,9.939870734965,1701.127422931113
242ebsdm(2),|242ebsdm(2),|242ebsdm(2),|242ebsdm(2),;17013.6,17930,17013.6,17930,10.346390096467,4.939870734965,10.346390096467,4.939870734965,1706.127422931113
242ebsdm(2),|242ebsdm(3),|242ebsdm(2),|242ebsdm(3),;17013.6,17930,17013.6,17930,5.346390096467,0,5.346390096467,0,1711.127422931113
242ebsdm(3),|242ebsdm(3),|242ebsdm(3),|242ebsdm(3),;17013.6,17930,17013.6,17930,0.346390096467,0,0.346390096467,0,1716.127422931113
242ebsdm(3),|242ebsdm(3),|242ebsdm(3),|242ebsdm(3),;17013.6,17930,17013.6,17930,0,0,0,0,1721.127422931113
242ebsdm(3),|242ebsdm(3),|242ebsdm(3),|242ebsdm(3),;17013.6,17930,17013.6,17930,0,0,0,0,1726.127422931113
242ebsdm(3),|242ebsdm(3),|242ebsdm(3),|242ebsdm(3),;17013.6,17930,17013.6,17930,0,0,0,0,1731.127422931113
242ebsdm(3),|242ebsdm(3),|242ebsdm(3),|242ebsdm(3),;17013.6,17930,17013.6,17930,0,0,0,0,1736.127422931113
242ebsdm(3),|242ebsdm(3),|242ebsdm(3),|242ebsdm(3),;17013.6,17930,17013.6,17930,0,0,0,0,1741.127422931113
242ebsdm(3),|242ebsdm(3),|242ebsdm(3),|242ebsdm(3),;17013.6,17930,17013.6,17930,0,0,0,0,1746.127422931113
242ebsdm(3),|242ebsdm(3),|242ebsdm(3),|242ebsdm(3),;17013.6,17930,17013.6,17930,0,0,0,0,1751.127422931113
242ebsdm(3),|242ebsdm(3),|242ebsdm(3),|242ebsdm(3),;17013.6,17930,17013.6,17930,0,0,0,0,1756.127422931113
242ebsdm(3),|242ebsdm(3),|242ebsdm(3),|242ebsdm(3),;17013.6,17930,17013.6,17930,0,0,0,0,1761.127422931113
242ebsdm(3),|242ebsdm(3),|242ebsdm(3),|242ebsdm(3),;17013.6,17930,17013.6,17930,0,0,0,0,1766.127422931113
242ebsdm(3),|242ebsdm(3),|242ebsdm(3),|242ebsdm(3),;17013.6,17930,17013.6,17930,0,0,0,0,1771.127422931113
242ebsdm(3),|242ebsdm(3),|242ebsdm(3),|242ebsdm(3),;17013.6,17930,17013.6,17930,0,0,0,0,1776.127422931113
|||;19763,19763,19763,19763,0,0,0,0,1781.127422931113
|||;19763,19763,19763,19763,0,0,0,0,1786.127422931113
|||;19763,19763,19763,19763,0,0,0,0,1791.127422931113
|||;19763,19763,19763,19763,0,0,0,0,1796.127422931113
|||;19763,19763,19763,19763,0,0,0,0,1801.127422931113
|||;19763,19763,19763,19763,0,0,0,0,1806.127422931113
|||;19763,19763,19763,19763,0,0,0,0,1811.127422931113
|||;19763,19763,19763,19763,0,0,0,0,1816.127422931113
|||;19763,19763,19763,19763,0,0,0,0,1821.127422931113
|||;19763,19763,19763,19763,0,0,0,0,1826.127422931113
|||;19763,19763,19763,19763,0,0,0,0,1831.127422931113
|||;19763,19763,19763,19763,0,0,0,0,1836.127422931113
|||;19763,19763,19763,19763,0,0,0,0,1841.127422931113
155nmwcp(2),|155nmwcp(2),|155nmwcp(2),|155nmwcp(2),;18216.8,18216.8,16670.5,18216.8,7.306936607039,7.306936607039,16.227216945067,7.306936607039,1846.127422931113
155nmwcp(2),|155nmwcp(2),|155nmwcp(2),|155nmwcp(2),;18216.8,18216.8,16670.5,18216.8,2.306936607039,2.306936607039,11.227216945067,2.306936607039,1851.127422931113
||155nmwcp(2),|;19763,19763,16670.5,19763,0,0,6.227216945067,0,1856.127422931113
||155nmwcp(2),|;19763,19763,16670.5,19763,0,0,1.227216945067,0,1861.127422931113
||155nmwcp(3),|;19763,19763,16670.5,19763,0,0,0,0,1866.127422931113
||155nmwcp(3),|;19763,19763,16670.5,19763,0,0,0,0,1871.127422931113
||155nmwcp(3),|;19763,19763,16670.5,19763,0,0,0,0,1876.127422931113
||155nmwcp(3),|;19763,19763,16670.5,19763,0,0,0,0,1881.127422931113
||155nmwcp(3),|;19763,19763,16670.5,19763,0,0,0,0,1886.127422931113
||155nmwcp(3),|;19763,19763,16670.5,19763,0,0,0,0,1891.127422931113
||155nmwcp(3),|;19763,19763,16670.5,19763,0,0,0,0,1896.127422931113
||155nmwcp(3),|;19763,19763,16670.5,19763,0,0,0,0,1901.127422931113
||155nmwcp(3),|;19763,19763,16670.5,19763,0,0,0,0,1906.127422931113
||155nmwcp(3),|;19763,19763,16670.5,19763,0,0,0,0,1911.127422931113
|||;19763,19763,19763,19763,0,0,0,0,1916.127422931113
|||;19763,19763,19763,19763,0,0,0,0,1921.127422931113
|||;19763,19763,19763,19763,0,0,0,0,1926.127422931113
|||;19763,19763,19763,19763,0,0,0,0,1931.127422931113
|||;19763,19763,19763,19763,0,0,0,0,1936.127422931113
|||;19763,19763,19763,19763,0,0,0,0,1941.127422931113
|||;19763,19763,19763,19763,0,0,0,0,1946.127422931113
|||;19763,19763,19763,19763,0,0,0,0,1951.127422931113
|||;19763,19763,19763,19763,0,0,0,0,1956.127422931113
172lmedr(2),|172lmedr(2),|172lmedr(2),|172lmedr(2),;17868.6,17868.6,15974.2,17868.6,10.70844883104,10.70844883104,21.637269112731,10.70844883104,1961.127422931113
172lmedr(2),|172lmedr(2),|172lmedr(2),|172lmedr(2),;17868.6,17868.6,15974.2,17868.6,5.70844883104,5.70844883104,16.637269112731,5.70844883104,1966.127422931113
172lmedr(2),|172lmedr(2),|172lmedr(2),|172lmedr(2),;17868.6,17868.6,15974.2,17868.6,0.70844883104,0.70844883104,11.637269112731,0.70844883104,1971.127422931113
||172lmedr(2),|;19763,19763,15974.2,19763,0,0,6.637269112731,0,1976.127422931113
||172lmedr(2),|;19763,19763,15974.2,19763,0,0,1.637269112731,0,1981.127422931113
||172lmedr(3),|;19763,19763,15974.2,19763,0,0,0,0,1986.127422931113
||172lmedr(3),|;19763,19763,15974.2,19763,0,0,0,0,1991.127422931113
||172lmedr(3),|;19763,19763,15974.2,19763,0,0,0,0,1996.127422931113
