|||;38195,38195,38195,38195,0,0,0,0,1.066673642287
|||;38195,38195,38195,38195,0,0,0,0,6.066673642287
|||;38195,38195,38195,38195,0,0,0,0,11.066673642287
|||;38195,38195,38195,38195,0,0,0,0,16.066673642287
|||;38195,38195,38195,38195,0,0,0,0,21.066673642287
|||;38195,38195,38195,38195,0,0,0,0,26.066673642287
|||;38195,38195,38195,38195,0,0,0,0,31.066673642287
|||;38195,38195,38195,38195,0,0,0,0,36.066673642287
|||;38195,38195,38195,38195,0,0,0,0,41.066673642287
|||;38195,38195,38195,38195,0,0,0,0,46.066673642287
|||;38195,38195,38195,38195,0,0,0,0,51.066673642287
|||;38195,38195,38195,38195,0,0,0,0,56.066673642287
|||;38195,38195,38195,38195,0,0,0,0,61.066673642287
|||;38195,38195,38195,38195,0,0,0,0,66.066673642287
|||;38195,38195,38195,38195,0,0,0,0,71.066673642287
|||;38195,38195,38195,38195,0,0,0,0,76.066673642287
|||;38195,38195,38195,38195,0,0,0,0,81.066673642287
|||;38195,38195,38195,38195,0,0,0,0,86.066673642287
|||;38195,38195,38195,38195,0,0,0,0,91.066673642287
|||;38195,38195,38195,38195,0,0,0,0,96.066673642287
|||;38195,38195,38195,38195,0,0,0,0,101.066673642287
|||;38195,38195,38195,38195,0,0,0,0,106.066673642287
|||;38195,38195,38195,38195,0,0,0,0,111.066673642287
|||;38195,38195,38195,38195,0,0,0,0,116.066673642287
|||;38195,38195,38195,38195,0,0,0,0,121.066673642287
|||;38195,38195,38195,38195,0,0,0,0,126.066673642287
|||;38195,38195,38195,38195,0,0,0,0,131.066673642287
|||;38195,38195,38195,38195,0,0,0,0,136.066673642287
|||;38195,38195,38195,38195,0,0,0,0,141.066673642287
|||;38195,38195,38195,38195,0,0,0,0,146.066673642287
|||;38195,38195,38195,38195,0,0,0,0,151.066673642287
|||;38195,38195,38195,38195,0,0,0,0,156.066673642287
|||;38195,38195,38195,38195,0,0,0,0,161.066673642287
|||;38195,38195,38195,38195,0,0,0,0,166.066673642287
|||;38195,38195,38195,38195,0,0,0,0,171.066673642287
|||;38195,38195,38195,38195,0,0,0,0,176.066673642287
886axslj(0),|886axslj(0),|886axslj(0),|886axslj(0),;36525.9,36525.9,36525.9,36525.9,9.464988861452,9.464988861452,9.464988861452,9.464988861452,181.066673642287
886axslj(2),|886axslj(2),|886axslj(2),|886axslj(2),;36525.9,36525.9,36525.9,36525.9,4.464988861452,4.464988861452,4.464988861452,4.464988861452,186.066673642287
|||;38195,38195,38195,38195,0,0,0,0,191.066673642287
|||;38195,38195,38195,38195,0,0,0,0,196.066673642287
|||;38195,38195,38195,38195,0,0,0,0,201.066673642287
|||;38195,38195,38195,38195,0,0,0,0,206.066673642287
|||;38195,38195,38195,38195,0,0,0,0,211.066673642287
|||;38195,38195,38195,38195,0,0,0,0,216.066673642287
|||;38195,38195,38195,38195,0,0,0,0,221.066673642287
|632xoygk(2),||;38195,31994.7,38195,38195,0,23.876260541311,0,0,226.066673642287
|632xoygk(2),||;38195,31994.7,38195,38195,0,18.876260541311,0,0,231.066673642287
|632xoygk(2),||;38195,31994.7,38195,38195,0,13.876260541311,0,0,236.066673642287
|632xoygk(2),||;38195,31994.7,38195,38195,0,8.876260541311,0,0,241.066673642287
|632xoygk(2),||;38195,31994.7,38195,38195,0,3.876260541311,0,0,246.066673642287
|632xoygk(3),||;38195,31994.7,38195,38195,0,0,0,0,251.066673642287
747bgpea(0),|632xoygk(3),747bgpea(0),|747bgpea(0),|747bgpea(0),;36464.4,30264.1,34733.9,36464.4,14.691602883923,14.691602883923,22.749393410626,14.691602883923,256.066673642287
747bgpea(0),|632xoygk(3),747bgpea(0),|747bgpea(0),|747bgpea(0),;36464.4,30264.1,34733.9,36464.4,9.691602883923,9.691602883923,17.749393410626,9.691602883923,261.066673642287
747bgpea(2),177xjrzl(1),|632xoygk(3),747bgpea(2),177xjrzl(1),|747bgpea(2),177xjrzl(1),|747bgpea(2),177xjrzl(1),;34022.2,27007.8,33105.7,35650.3,20.73674950645,24.421248600373,25.11004093923,13.367751318605,266.066673642287
177xjrzl(2),|632xoygk(3),177xjrzl(2),|747bgpea(2),177xjrzl(1),|177xjrzl(2),;35752.8,28738.4,33105.7,37380.9,15.73674950645,19.421248600373,20.11004093923,8.367751318605,271.066673642287
177xjrzl(2),|632xoygk(3),177xjrzl(2),|747bgpea(2),177xjrzl(1),|;35752.8,28738.4,33105.7,38195,10.73674950645,14.421248600373,15.11004093923,3.367751318605,276.066673642287
177xjrzl(2),|632xoygk(3),177xjrzl(2),|177xjrzl(2),|;35752.8,28738.4,36566.8,38195,5.73674950645,9.421248600373,10.11004093923,0,281.066673642287
177xjrzl(3),|632xoygk(3),177xjrzl(3),|177xjrzl(2),|;35752.8,28738.4,36566.8,38195,0.73674950645,4.421248600373,5.11004093923,0,286.066673642287
177xjrzl(3),|632xoygk(3),177xjrzl(3),|177xjrzl(3),|;35752.8,28738.4,36566.8,38195,0,0,0.11004093923,0,291.066673642287
177xjrzl(3),|632xoygk(3),177xjrzl(3),|177xjrzl(3),|;35752.8,28738.4,36566.8,38195,0,0,0,0,296.066673642287
177xjrzl(3),|632xoygk(3),177xjrzl(3),|177xjrzl(3),|;35752.8,28738.4,36566.8,38195,0,0,0,0,301.066673642287
177xjrzl(3),|177xjrzl(3),|177xjrzl(3),|;35752.8,34938.7,36566.8,38195,0,0,0,0,306.066673642287
177xjrzl(3),|177xjrzl(3),|177xjrzl(3),|;35752.8,34938.7,36566.8,38195,0,0,0,0,311.066673642287
177xjrzl(3),81lkunv(0),|177xjrzl(3),81lkunv(0),886ajhcr(0),|177xjrzl(3),81lkunv(0),|81lkunv(0),;34431.8,32435,35245.8,37534.5,8.285698134395,17.084026851688,8.285698134395,5.21038754876,316.066673642287
177xjrzl(3),81lkunv(2),|177xjrzl(3),81lkunv(2),886ajhcr(1),|177xjrzl(3),81lkunv(2),|81lkunv(2),;34431.8,32435,35245.8,37534.5,3.285698134395,12.084026851688,3.285698134395,0.21038754876,321.066673642287
177xjrzl(3),747vhkpx(2),|177xjrzl(3),81lkunv(2),886ajhcr(1),747vhkpx(1),|177xjrzl(3),747vhkpx(2),|747vhkpx(2),;34109.3,31887.2,34923.3,36551.5,8.680878164259,12.520195522436,8.680878164259,6.359808387577,326.066673642287
747vhkpx(2),|747vhkpx(2),|747vhkpx(2),|747vhkpx(2),;36551.5,37647.1,36551.5,36551.5,3.680878164259,7.520195522436,3.680878164259,1.359808387577,331.066673642287
|747vhkpx(3),||;38195,37647.1,38195,38195,0,2.520195522436,0,0,336.066673642287
|747vhkpx(3),||;38195,37647.1,38195,38195,0,0,0,0,341.066673642287
|747vhkpx(3),||;38195,37647.1,38195,38195,0,0,0,0,346.066673642287
|747vhkpx(3),||;38195,37647.1,38195,38195,0,0,0,0,351.066673642287
|747vhkpx(3),||;38195,37647.1,38195,38195,0,0,0,0,356.066673642287
|747vhkpx(3),||;38195,37647.1,38195,38195,0,0,0,0,361.066673642287
|747vhkpx(3),||;38195,37647.1,38195,38195,0,0,0,0,366.066673642287
|747vhkpx(3),||;38195,37647.1,38195,38195,0,0,0,0,371.066673642287
|747vhkpx(3),||;38195,37647.1,38195,38195,0,0,0,0,376.066673642287
|747vhkpx(3),||;38195,37647.1,38195,38195,0,0,0,0,381.066673642287
|747vhkpx(3),663flrxz(0),||;38195,36961,38195,38195,0,3.484006265077,0,0,386.066673642287
|747vhkpx(3),663flrxz(3),||;38195,36961,38195,38195,0,0,0,0,391.066673642287
632vpuaz(0),|747vhkpx(3),663flrxz(3),632vpuaz(0),|632vpuaz(0),|632vpuaz(0),;35722,35312.4,35722,36546.4,17.611130702014,13.772952374206,17.611130702014,13.772952374206,396.066673642287
632vpuaz(0),|747vhkpx(3),663flrxz(3),632vpuaz(0),|632vpuaz(0),|632vpuaz(0),;35722,35312.4,35722,36546.4,12.611130702014,8.772952374206,12.611130702014,8.772952374206,401.066673642287
632vpuaz(2),|747vhkpx(3),663flrxz(3),632vpuaz(2),|632vpuaz(2),|632vpuaz(2),;35722,35312.4,35722,36546.4,7.611130702014,3.772952374206,7.611130702014,3.772952374206,406.066673642287
632vpuaz(2),|747vhkpx(3),663flrxz(3),|632vpuaz(2),|;35722,36961,35722,38195,2.611130702014,0,2.611130702014,0,411.066673642287
|747vhkpx(3),663flrxz(3),||;38195,36961,38195,38195,0,0,0,0,416.066673642287
747msdep(0),|747vhkpx(3),663flrxz(3),747msdep(0),|747msdep(0),|;34201.4,33965.8,37196.6,38195,20.165624246874,15.646898943007,6.609448335272,0,421.066673642287
747msdep(2),|663flrxz(3),747msdep(2),|747msdep(2),|;34201.4,34513.6,37196.6,38195,15.165624246874,10.646898943007,1.609448335272,0,426.066673642287
747msdep(2),|663flrxz(3),747msdep(2),||;34201.4,34513.6,38195,38195,10.165624246874,5.646898943007,0,0,431.066673642287
747msdep(2),|663flrxz(3),747msdep(2),||;34201.4,34513.6,38195,38195,5.165624246874,0.646898943007,0,0,436.066673642287
747msdep(2),|663flrxz(3),747msdep(3),||;34201.4,34513.6,38195,38195,0.165624246874,0,0,0,441.066673642287
|663flrxz(3),||;38195,37508.8,38195,38195,0,0,0,0,446.066673642287
|663flrxz(3),||;38195,37508.8,38195,38195,0,0,0,0,451.066673642287
|663flrxz(3),||;38195,37508.8,38195,38195,0,0,0,0,456.066673642287
|663flrxz(3),||;38195,37508.8,38195,38195,0,0,0,0,461.066673642287
|663flrxz(3),||154kiuah(2),;38195,37508.8,38195,36228.9,0,0,0,7.810257090247,466.066673642287
|663flrxz(3),||154kiuah(2),;38195,37508.8,38195,36228.9,0,0,0,2.810257090247,471.066673642287
|663flrxz(3),||;38195,37508.8,38195,38195,0,0,0,0,476.066673642287
|663flrxz(3),||;38195,37508.8,38195,38195,0,0,0,0,481.066673642287
|663flrxz(3),||;38195,37508.8,38195,38195,0,0,0,0,486.066673642287
|663flrxz(3),||;38195,37508.8,38195,38195,0,0,0,0,491.066673642287
|663flrxz(3),||;38195,37508.8,38195,38195,0,0,0,0,496.066673642287
632dsgwk(0),|663flrxz(3),632dsgwk(0),|632dsgwk(0),|632dsgwk(0),;36269.9,35583.7,35307.3,36269.9,15.130406048128,15.130406048128,19.612254033395,15.130406048128,501.066673642287
632dsgwk(0),|663flrxz(3),632dsgwk(0),|632dsgwk(0),|632dsgwk(0),;36269.9,35583.7,35307.3,36269.9,10.130406048128,10.130406048128,14.612254033395,10.130406048128,506.066673642287
632dsgwk(2),|663flrxz(3),632dsgwk(2),|632dsgwk(2),|632dsgwk(2),;36269.9,35583.7,35307.3,36269.9,5.130406048128,5.130406048128,9.612254033395,5.130406048128,511.066673642287
|663flrxz(3),|632dsgwk(2),|;38195,37508.8,35307.3,38195,0.130406048128,0.130406048128,4.612254033395,0.130406048128,516.066673642287
|663flrxz(3),||;38195,37508.8,38195,38195,0,0,0,0,521.066673642287
|663flrxz(3),||;38195,37508.8,38195,38195,0,0,0,0,526.066673642287
|663flrxz(3),||;38195,37508.8,38195,38195,0,0,0,0,531.066673642287
|663flrxz(3),||;38195,37508.8,38195,38195,0,0,0,0,536.066673642287
|663flrxz(3),||;38195,37508.8,38195,38195,0,0,0,0,541.066673642287
|663flrxz(3),||;38195,37508.8,38195,38195,0,0,0,0,546.066673642287
|663flrxz(3),||;38195,37508.8,38195,38195,0,0,0,0,551.066673642287
|663flrxz(3),||;38195,37508.8,38195,38195,0,0,0,0,556.066673642287
|663flrxz(3),||;38195,37508.8,38195,38195,0,0,0,0,561.066673642287
|663flrxz(3),||;38195,37508.8,38195,38195,0,0,0,0,566.066673642287
|663flrxz(3),||;38195,37508.8,38195,38195,0,0,0,0,571.066673642287
|663flrxz(3),||;38195,37508.8,38195,38195,0,0,0,0,576.066673642287
|663flrxz(3),||;38195,37508.8,38195,38195,0,0,0,0,581.066673642287
|663flrxz(3),||;38195,37508.8,38195,38195,0,0,0,0,586.066673642287
|663flrxz(3),||;38195,37508.8,38195,38195,0,0,0,0,591.066673642287
|663flrxz(3),||;38195,37508.8,38195,38195,0,0,0,0,596.066673642287
|663flrxz(3),||;38195,37508.8,38195,38195,0,0,0,0,601.066673642287
|663flrxz(3),||;38195,37508.8,38195,38195,0,0,0,0,606.066673642287
|663flrxz(3),||;38195,37508.8,38195,38195,0,0,0,0,611.066673642287
|663flrxz(3),||;38195,37508.8,38195,38195,0,0,0,0,616.066673642287
|663flrxz(3),||;38195,37508.8,38195,38195,0,0,0,0,621.066673642287
|663flrxz(3),||;38195,37508.8,38195,38195,0,0,0,0,626.066673642287
|663flrxz(3),||;38195,37508.8,38195,38195,0,0,0,0,631.066673642287
|663flrxz(3),||;38195,37508.8,38195,38195,0,0,0,0,636.066673642287
|663flrxz(3),||;38195,37508.8,38195,38195,0,0,0,0,641.066673642287
154eqjny(0),684bxgez(0),|663flrxz(3),154eqjny(0),|154eqjny(0),|154eqjny(0),;36013.9,36075.2,37478.2,37478.2,15.920441891268,6.825872883075,3.488326511067,3.488326511067,646.066673642287
154eqjny(2),684bxgez(1),|663flrxz(3),154eqjny(2),||;36013.9,36075.2,38195,38195,10.920441891268,1.825872883075,0,0,651.066673642287
684bxgez(2),|663flrxz(3),||;37447.5,37508.8,38195,38195,5.920441891268,0,0,0,656.066673642287
684bxgez(3),|663flrxz(3),||;37447.5,37508.8,38195,38195,0.920441891268,0,0,0,661.066673642287
684bxgez(3),|663flrxz(3),||;37447.5,37508.8,38195,38195,0,0,0,0,666.066673642287
684bxgez(3),|663flrxz(3),||;37447.5,37508.8,38195,38195,0,0,0,0,671.066673642287
684bxgez(3),|663flrxz(3),||;37447.5,37508.8,38195,38195,0,0,0,0,676.066673642287
684bxgez(3),|663flrxz(3),||;37447.5,37508.8,38195,38195,0,0,0,0,681.066673642287
684bxgez(3),|663flrxz(3),||;37447.5,37508.8,38195,38195,0,0,0,0,686.066673642287
684bxgez(3),|663flrxz(3),||;37447.5,37508.8,38195,38195,0,0,0,0,691.066673642287
684bxgez(3),|663flrxz(3),||;37447.5,37508.8,38195,38195,0,0,0,0,696.066673642287
684bxgez(3),|663flrxz(3),||;37447.5,37508.8,38195,38195,0,0,0,0,701.066673642287
684bxgez(3),|663flrxz(3),||;37447.5,37508.8,38195,38195,0,0,0,0,706.066673642287
684bxgez(3),|663flrxz(3),|268trhfm(0),|21crhqi(2),;37447.5,37508.8,37427,37176.1,0,0,8.119216585482,1.687707879693,711.066673642287
684bxgez(3),|663flrxz(3),|268trhfm(2),|;37447.5,37508.8,37427,38195,0,0,3.119216585482,0,716.066673642287
684bxgez(3),|663flrxz(3),|268trhfm(3),|;37447.5,37508.8,37427,38195,0,0,0,0,721.066673642287
684bxgez(3),|663flrxz(3),|268trhfm(3),|;37447.5,37508.8,37427,38195,0,0,0,0,726.066673642287
684bxgez(3),|663flrxz(3),|268trhfm(3),|;37447.5,37508.8,37427,38195,0,0,0,0,731.066673642287
684bxgez(3),|663flrxz(3),|268trhfm(3),|;37447.5,37508.8,37427,38195,0,0,0,0,736.066673642287
684bxgez(3),|663flrxz(3),|268trhfm(3),|;37447.5,37508.8,37427,38195,0,0,0,0,741.066673642287
684bxgez(3),|663flrxz(3),|268trhfm(3),|;37447.5,37508.8,37427,38195,0,0,0,0,746.066673642287
684bxgez(3),|663flrxz(3),|268trhfm(3),|;37447.5,37508.8,37427,38195,0,0,0,0,751.066673642287
684bxgez(3),|663flrxz(3),|268trhfm(3),|;37447.5,37508.8,37427,38195,0,0,0,0,756.066673642287
684bxgez(3),|663flrxz(3),|268trhfm(3),|;37447.5,37508.8,37427,38195,0,0,0,0,761.066673642287
684bxgez(3),|663flrxz(3),|268trhfm(3),|;37447.5,37508.8,37427,38195,0,0,0,0,766.066673642287
684bxgez(3),|663flrxz(3),|268trhfm(3),|;37447.5,37508.8,37427,38195,0,0,0,0,771.066673642287
684bxgez(3),|663flrxz(3),|268trhfm(3),|;37447.5,37508.8,37427,38195,0,0,0,0,776.066673642287
684bxgez(3),|663flrxz(3),|268trhfm(3),|;37447.5,37508.8,37427,38195,0,0,0,0,781.066673642287
684bxgez(3),|663flrxz(3),|268trhfm(3),|;37447.5,37508.8,37427,38195,0,0,0,0,786.066673642287
684bxgez(3),|663flrxz(3),|268trhfm(3),|;37447.5,37508.8,37427,38195,0,0,0,0,791.066673642287
684bxgez(3),|663flrxz(3),|268trhfm(3),|;37447.5,37508.8,37427,38195,0,0,0,0,796.066673642287
684bxgez(3),|663flrxz(3),|268trhfm(3),|;37447.5,37508.8,37427,38195,0,0,0,0,801.066673642287
684bxgez(3),|663flrxz(3),|268trhfm(3),|;37447.5,37508.8,37427,38195,0,0,0,0,806.066673642287
684bxgez(3),|663flrxz(3),|268trhfm(3),|;37447.5,37508.8,37427,38195,0,0,0,0,811.066673642287
684bxgez(3),|663flrxz(3),|268trhfm(3),|;37447.5,37508.8,37427,38195,0,0,0,0,816.066673642287
684bxgez(3),|663flrxz(3),|268trhfm(3),|;37447.5,37508.8,37427,38195,0,0,0,0,821.066673642287
684bxgez(3),|663flrxz(3),|268trhfm(3),|;37447.5,37508.8,37427,38195,0,0,0,0,826.066673642287
684bxgez(3),|663flrxz(3),|268trhfm(3),|;37447.5,37508.8,37427,38195,0,0,0,0,831.066673642287
684bxgez(3),|663flrxz(3),|268trhfm(3),|;37447.5,37508.8,37427,38195,0,0,0,0,836.066673642287
684bxgez(3),|663flrxz(3),|268trhfm(3),|;37447.5,37508.8,37427,38195,0,0,0,0,841.066673642287
684bxgez(3),|663flrxz(3),|268trhfm(3),|;37447.5,37508.8,37427,38195,0,0,0,0,846.066673642287
684bxgez(3),||268trhfm(3),|594qopwd(0),;37447.5,38194.9,37427,37421.9,0,0,0,6.734868978084,851.066673642287
684bxgez(3),||268trhfm(3),|594qopwd(2),;37447.5,38194.9,37427,37421.9,0,0,0,1.734868978084,856.066673642287
684bxgez(3),||268trhfm(3),|594qopwd(3),;37447.5,38194.9,37427,37421.9,0,0,0,0,861.066673642287
684bxgez(3),||268trhfm(3),492krbsx(2),|594qopwd(3),492krbsx(2),;37447.5,38194.9,35542.8,35537.7,0,0,8.482879499555,8.482879499555,866.066673642287
684bxgez(3),||268trhfm(3),492krbsx(2),|594qopwd(3),492krbsx(2),;37447.5,38194.9,35542.8,35537.7,0,0,3.482879499555,3.482879499555,871.066673642287
684bxgez(3),||268trhfm(3),|594qopwd(3),;37447.5,38194.9,37427,37421.9,0,0,0,0,876.066673642287
684bxgez(3),||268trhfm(3),|594qopwd(3),;37447.5,38194.9,37427,37421.9,0,0,0,0,881.066673642287
684bxgez(3),|||594qopwd(3),107xzvrq(2),;37447.5,38194.9,38195,36889.4,0,0,0,0.472212602724,886.066673642287
684bxgez(3),747xqvkn(0),|747xqvkn(0),|747xqvkn(0),|594qopwd(3),747xqvkn(0),;34452.3,35199.7,35199.8,36423.5,17.676809578868,17.676809578868,17.676809578868,8.639358971133,891.066673642287
684bxgez(3),747xqvkn(2),|747xqvkn(2),|747xqvkn(2),|594qopwd(3),747xqvkn(2),;34452.3,35199.7,35199.8,36423.5,12.676809578868,12.676809578868,12.676809578868,3.639358971133,896.066673642287
684bxgez(3),747xqvkn(2),|747xqvkn(2),|747xqvkn(2),|594qopwd(3),;34452.3,35199.7,35199.8,37421.9,7.676809578868,7.676809578868,7.676809578868,0,901.066673642287
684bxgez(3),747xqvkn(2),|747xqvkn(2),|747xqvkn(2),|594qopwd(3),;34452.3,35199.7,35199.8,37421.9,2.676809578868,2.676809578868,2.676809578868,0,906.066673642287
684bxgez(3),747xqvkn(3),|747xqvkn(3),|747xqvkn(3),|594qopwd(3),;34452.3,35199.7,35199.8,37421.9,0,0,0,0,911.066673642287
684bxgez(3),747xqvkn(3),|747xqvkn(3),434grfcw(0),|747xqvkn(3),|594qopwd(3),;34452.3,28978.9,35199.8,37421.9,0,28.343005257572,0,0,916.066673642287
684bxgez(3),747xqvkn(3),|747xqvkn(3),434grfcw(2),|747xqvkn(3),|594qopwd(3),;34452.3,28978.9,35199.8,37421.9,0,23.343005257572,0,0,921.066673642287
684bxgez(3),747xqvkn(3),|747xqvkn(3),434grfcw(2),|747xqvkn(3),|594qopwd(3),;34452.3,28978.9,35199.8,37421.9,0,18.343005257572,0,0,926.066673642287
684bxgez(3),747xqvkn(3),|747xqvkn(3),434grfcw(2),|747xqvkn(3),|594qopwd(3),;34452.3,28978.9,35199.8,37421.9,0,13.343005257572,0,0,931.066673642287
684bxgez(3),747xqvkn(3),|747xqvkn(3),434grfcw(2),|747xqvkn(3),|594qopwd(3),;34452.3,28978.9,35199.8,37421.9,0,8.343005257572,0,0,936.066673642287
684bxgez(3),747xqvkn(3),|747xqvkn(3),434grfcw(2),|747xqvkn(3),|594qopwd(3),;34452.3,28978.9,35199.8,37421.9,0,3.343005257572,0,0,941.066673642287
684bxgez(3),747xqvkn(3),|747xqvkn(3),434grfcw(3),|747xqvkn(3),|594qopwd(3),;34452.3,28978.9,35199.8,37421.9,0,0,0,0,946.066673642287
684bxgez(3),747xqvkn(3),|747xqvkn(3),434grfcw(3),|747xqvkn(3),|594qopwd(3),;34452.3,28978.9,35199.8,37421.9,0,0,0,0,951.066673642287
684bxgez(3),747xqvkn(3),|747xqvkn(3),434grfcw(3),|747xqvkn(3),|594qopwd(3),;34452.3,28978.9,35199.8,37421.9,0,0,0,0,956.066673642287
684bxgez(3),|434grfcw(3),||594qopwd(3),;37447.5,31974.1,38195,37421.9,0,0,0,0,961.066673642287
684bxgez(3),|434grfcw(3),||594qopwd(3),;37447.5,31974.1,38195,37421.9,0,0,0,0,966.066673642287
684bxgez(3),|434grfcw(3),||594qopwd(3),;37447.5,31974.1,38195,37421.9,0,0,0,0,971.066673642287
684bxgez(3),|434grfcw(3),||594qopwd(3),;37447.5,31974.1,38195,37421.9,0,0,0,0,976.066673642287
684bxgez(3),|||594qopwd(3),;37447.5,38194.9,38195,37421.9,0,0,0,0,981.066673642287
684bxgez(3),|||594qopwd(3),;37447.5,38194.9,38195,37421.9,0,0,0,0,986.066673642287
684bxgez(3),|||594qopwd(3),;37447.5,38194.9,38195,37421.9,0,0,0,0,991.066673642287
684bxgez(3),|||594qopwd(3),;37447.5,38194.9,38195,37421.9,0,0,0,0,996.066673642287
684bxgez(3),|||594qopwd(3),;37447.5,38194.9,38195,37421.9,0,0,0,0,1001.066673642287
684bxgez(3),|||594qopwd(3),;37447.5,38194.9,38195,37421.9,0,0,0,0,1006.066673642287
684bxgez(3),|||594qopwd(3),;37447.5,38194.9,38195,37421.9,0,0,0,0,1011.066673642287
684bxgez(3),|||;37447.5,38194.9,38195,38195,0,0,0,0,1016.066673642287
684bxgez(3),|||;37447.5,38194.9,38195,38195,0,0,0,0,1021.066673642287
684bxgez(3),|||;37447.5,38194.9,38195,38195,0,0,0,0,1026.066673642287
684bxgez(3),|||;37447.5,38194.9,38195,38195,0,0,0,0,1031.066673642287
684bxgez(3),|||;37447.5,38194.9,38195,38195,0,0,0,0,1036.066673642287
684bxgez(3),|||;37447.5,38194.9,38195,38195,0,0,0,0,1041.066673642287
684bxgez(3),|||;37447.5,38194.9,38195,38195,0,0,0,0,1046.066673642287
684bxgez(3),|||;37447.5,38194.9,38195,38195,0,0,0,0,1051.066673642287
684bxgez(3),|||;37447.5,38194.9,38195,38195,0,0,0,0,1056.066673642287
684bxgez(3),|||;37447.5,38194.9,38195,38195,0,0,0,0,1061.066673642287
684bxgez(3),|||;37447.5,38194.9,38195,38195,0,0,0,0,1066.066673642287
684bxgez(3),|||;37447.5,38194.9,38195,38195,0,0,0,0,1071.066673642287
684bxgez(3),|||;37447.5,38194.9,38195,38195,0,0,0,0,1076.066673642287
684bxgez(3),|||;37447.5,38194.9,38195,38195,0,0,0,0,1081.066673642287
684bxgez(3),|||;37447.5,38194.9,38195,38195,0,0,0,0,1086.066673642287
684bxgez(3),|||;37447.5,38194.9,38195,38195,0,0,0,0,1091.066673642287
684bxgez(3),|||;37447.5,38194.9,38195,38195,0,0,0,0,1096.066673642287
684bxgez(3),|||;37447.5,38194.9,38195,38195,0,0,0,0,1101.066673642287
684bxgez(3),|||;37447.5,38194.9,38195,38195,0,0,0,0,1106.066673642287
684bxgez(3),|||;37447.5,38194.9,38195,38195,0,0,0,0,1111.066673642287
684bxgez(3),|||;37447.5,38194.9,38195,38195,0,0,0,0,1116.066673642287
684bxgez(3),|||;37447.5,38194.9,38195,38195,0,0,0,0,1121.066673642287
684bxgez(3),|||;37447.5,38194.9,38195,38195,0,0,0,0,1126.066673642287
684bxgez(3),|||;37447.5,38194.9,38195,38195,0,0,0,0,1131.066673642287
684bxgez(3),|||;37447.5,38194.9,38195,38195,0,0,0,0,1136.066673642287
684bxgez(3),|||;37447.5,38194.9,38195,38195,0,0,0,0,1141.066673642287
684bxgez(3),|||;37447.5,38194.9,38195,38195,0,0,0,0,1146.066673642287
684bxgez(3),|||;37447.5,38194.9,38195,38195,0,0,0,0,1151.066673642287
684bxgez(3),|||;37447.5,38194.9,38195,38195,0,0,0,0,1156.066673642287
684bxgez(3),|||;37447.5,38194.9,38195,38195,0,0,0,0,1161.066673642287
684bxgez(3),|||;37447.5,38194.9,38195,38195,0,0,0,0,1166.066673642287
684bxgez(3),|||;37447.5,38194.9,38195,38195,0,0,0,0,1171.066673642287
684bxgez(3),|||;37447.5,38194.9,38195,38195,0,0,0,0,1176.066673642287
684bxgez(3),|||;37447.5,38194.9,38195,38195,0,0,0,0,1181.066673642287
684bxgez(3),|||;37447.5,38194.9,38195,38195,0,0,0,0,1186.066673642287
684bxgez(3),|||;37447.5,38194.9,38195,38195,0,0,0,0,1191.066673642287
684bxgez(3),|||;37447.5,38194.9,38195,38195,0,0,0,0,1196.066673642287
684bxgez(3),|||;37447.5,38194.9,38195,38195,0,0,0,0,1201.066673642287
684bxgez(3),|||;37447.5,38194.9,38195,38195,0,0,0,0,1206.066673642287
684bxgez(3),|||;37447.5,38194.9,38195,38195,0,0,0,0,1211.066673642287
684bxgez(3),|||;37447.5,38194.9,38195,38195,0,0,0,0,1216.066673642287
684bxgez(3),|||;37447.5,38194.9,38195,38195,0,0,0,0,1221.066673642287
684bxgez(3),|||;37447.5,38194.9,38195,38195,0,0,0,0,1226.066673642287
684bxgez(3),|||;37447.5,38194.9,38195,38195,0,0,0,0,1231.066673642287
684bxgez(3),|||;37447.5,38194.9,38195,38195,0,0,0,0,1236.066673642287
684bxgez(3),|||;37447.5,38194.9,38195,38195,0,0,0,0,1241.066673642287
684bxgez(3),|||;37447.5,38194.9,38195,38195,0,0,0,0,1246.066673642287
684bxgez(3),|||;37447.5,38194.9,38195,38195,0,0,0,0,1251.066673642287
684bxgez(3),|||;37447.5,38194.9,38195,38195,0,0,0,0,1256.066673642287
684bxgez(3),|||;37447.5,38194.9,38195,38195,0,0,0,0,1261.066673642287
684bxgez(3),|||;37447.5,38194.9,38195,38195,0,0,0,0,1266.066673642287
684bxgez(3),|||;37447.5,38194.9,38195,38195,0,0,0,0,1271.066673642287
684bxgez(3),|||;37447.5,38194.9,38195,38195,0,0,0,0,1276.066673642287
684bxgez(3),|||;37447.5,38194.9,38195,38195,0,0,0,0,1281.066673642287
684bxgez(3),|||;37447.5,38194.9,38195,38195,0,0,0,0,1286.066673642287
684bxgez(3),|||;37447.5,38194.9,38195,38195,0,0,0,0,1291.066673642287
|||;38195,38194.9,38195,38195,0,0,0,0,1296.066673642287
|||;38195,38194.9,38195,38195,0,0,0,0,1301.066673642287
|||;38195,38194.9,38195,38195,0,0,0,0,1306.066673642287
|||;38195,38194.9,38195,38195,0,0,0,0,1311.066673642287
|||;38195,38194.9,38195,38195,0,0,0,0,1316.066673642287
|||;38195,38194.9,38195,38195,0,0,0,0,1321.066673642287
|||;38195,38194.9,38195,38195,0,0,0,0,1326.066673642287
|||;38195,38194.9,38195,38195,0,0,0,0,1331.066673642287
|||;38195,38194.9,38195,38195,0,0,0,0,1336.066673642287
|||;38195,38194.9,38195,38195,0,0,0,0,1341.066673642287
|||;38195,38194.9,38195,38195,0,0,0,0,1346.066673642287
|||;38195,38194.9,38195,38195,0,0,0,0,1351.066673642287
|||;38195,38194.9,38195,38195,0,0,0,0,1356.066673642287
|||;38195,38194.9,38195,38195,0,0,0,0,1361.066673642287
|||;38195,38194.9,38195,38195,0,0,0,0,1366.066673642287
|||;38195,38194.9,38195,38195,0,0,0,0,1371.066673642287
|||;38195,38194.9,38195,38195,0,0,0,0,1376.066673642287
|||;38195,38194.9,38195,38195,0,0,0,0,1381.066673642287
|||;38195,38194.9,38195,38195,0,0,0,0,1386.066673642287
|||;38195,38194.9,38195,38195,0,0,0,0,1391.066673642287
|||;38195,38194.9,38195,38195,0,0,0,0,1396.066673642287
|||;38195,38194.9,38195,38195,0,0,0,0,1401.066673642287
|||;38195,38194.9,38195,38195,0,0,0,0,1406.066673642287
|||;38195,38194.9,38195,38195,0,0,0,0,1411.066673642287
|||;38195,38194.9,38195,38195,0,0,0,0,1416.066673642287
|||;38195,38194.9,38195,38195,0,0,0,0,1421.066673642287
|||;38195,38194.9,38195,38195,0,0,0,0,1426.066673642287
|||;38195,38194.9,38195,38195,0,0,0,0,1431.066673642287
|||;38195,38194.9,38195,38195,0,0,0,0,1436.066673642287
|||;38195,38194.9,38195,38195,0,0,0,0,1441.066673642287
|||;38195,38194.9,38195,38195,0,0,0,0,1446.066673642287
|||;38195,38194.9,38195,38195,0,0,0,0,1451.066673642287
|||;38195,38194.9,38195,38195,0,0,0,0,1456.066673642287
|||;38195,38194.9,38195,38195,0,0,0,0,1461.066673642287
|||;38195,38194.9,38195,38195,0,0,0,0,1466.066673642287
|||;38195,38194.9,38195,38195,0,0,0,0,1471.066673642287
|||;38195,38194.9,38195,38195,0,0,0,0,1476.066673642287
|||;38195,38194.9,38195,38195,0,0,0,0,1481.066673642287
|||;38195,38194.9,38195,38195,0,0,0,0,1486.066673642287
|||;38195,38194.9,38195,38195,0,0,0,0,1491.066673642287
|||;38195,38194.9,38195,38195,0,0,0,0,1496.066673642287
|||;38195,38194.9,38195,38195,0,0,0,0,1501.066673642287
|||;38195,38194.9,38195,38195,0,0,0,0,1506.066673642287
|||;38195,38194.9,38195,38195,0,0,0,0,1511.066673642287
|||;38195,38194.9,38195,38195,0,0,0,0,1516.066673642287
|||;38195,38194.9,38195,38195,0,0,0,0,1521.066673642287
|||;38195,38194.9,38195,38195,0,0,0,0,1526.066673642287
|||;38195,38194.9,38195,38195,0,0,0,0,1531.066673642287
|||;38195,38194.9,38195,38195,0,0,0,0,1536.066673642287
|||;38195,38194.9,38195,38195,0,0,0,0,1541.066673642287
|||;38195,38194.9,38195,38195,0,0,0,0,1546.066673642287
|||;38195,38194.9,38195,38195,0,0,0,0,1551.066673642287
|||;38195,38194.9,38195,38195,0,0,0,0,1556.066673642287
|||;38195,38194.9,38195,38195,0,0,0,0,1561.066673642287
|||;38195,38194.9,38195,38195,0,0,0,0,1566.066673642287
|||;38195,38194.9,38195,38195,0,0,0,0,1571.066673642287
|||;38195,38194.9,38195,38195,0,0,0,0,1576.066673642287
|||9ixumo(2),;38195,38194.9,38195,37299,0,0,0,2.833308207175,1581.066673642287
|||9ixumo(3),;38195,38194.9,38195,37299,0,0,0,0,1586.066673642287
|||9ixumo(3),;38195,38194.9,38195,37299,0,0,0,0,1591.066673642287
|||9ixumo(3),;38195,38194.9,38195,37299,0,0,0,0,1596.066673642287
|||9ixumo(3),;38195,38194.9,38195,37299,0,0,0,0,1601.066673642287
|||9ixumo(3),;38195,38194.9,38195,37299,0,0,0,0,1606.066673642287
|||9ixumo(3),;38195,38194.9,38195,37299,0,0,0,0,1611.066673642287
|||9ixumo(3),;38195,38194.9,38195,37299,0,0,0,0,1616.066673642287
|||9ixumo(3),;38195,38194.9,38195,37299,0,0,0,0,1621.066673642287
|||9ixumo(3),;38195,38194.9,38195,37299,0,0,0,0,1626.066673642287
|||9ixumo(3),;38195,38194.9,38195,37299,0,0,0,0,1631.066673642287
|||9ixumo(3),;38195,38194.9,38195,37299,0,0,0,0,1636.066673642287
|||9ixumo(3),;38195,38194.9,38195,37299,0,0,0,0,1641.066673642287
|||9ixumo(3),;38195,38194.9,38195,37299,0,0,0,0,1646.066673642287
|||9ixumo(3),;38195,38194.9,38195,37299,0,0,0,0,1651.066673642287
|||9ixumo(3),;38195,38194.9,38195,37299,0,0,0,0,1656.066673642287
|||9ixumo(3),;38195,38194.9,38195,37299,0,0,0,0,1661.066673642287
|||9ixumo(3),;38195,38194.9,38195,37299,0,0,0,0,1666.066673642287
|||9ixumo(3),;38195,38194.9,38195,37299,0,0,0,0,1671.066673642287
|||9ixumo(3),;38195,38194.9,38195,37299,0,0,0,0,1676.066673642287
|||9ixumo(3),;38195,38194.9,38195,37299,0,0,0,0,1681.066673642287
|||9ixumo(3),;38195,38194.9,38195,37299,0,0,0,0,1686.066673642287
|||9ixumo(3),;38195,38194.9,38195,37299,0,0,0,0,1691.066673642287
|||9ixumo(3),;38195,38194.9,38195,37299,0,0,0,0,1696.066673642287
|||9ixumo(3),;38195,38194.9,38195,37299,0,0,0,0,1701.066673642287
|||9ixumo(3),;38195,38194.9,38195,37299,0,0,0,0,1706.066673642287
|||9ixumo(3),;38195,38194.9,38195,37299,0,0,0,0,1711.066673642287
|||9ixumo(3),;38195,38194.9,38195,37299,0,0,0,0,1716.066673642287
|||9ixumo(3),;38195,38194.9,38195,37299,0,0,0,0,1721.066673642287
|||9ixumo(3),;38195,38194.9,38195,37299,0,0,0,0,1726.066673642287
|||9ixumo(3),;38195,38194.9,38195,37299,0,0,0,0,1731.066673642287
|||9ixumo(3),;38195,38194.9,38195,37299,0,0,0,0,1736.066673642287
|||9ixumo(3),;38195,38194.9,38195,37299,0,0,0,0,1741.066673642287
|||9ixumo(3),;38195,38194.9,38195,37299,0,0,0,0,1746.066673642287
|||9ixumo(3),;38195,38194.9,38195,37299,0,0,0,0,1751.066673642287
|||9ixumo(3),;38195,38194.9,38195,37299,0,0,0,0,1756.066673642287
|||9ixumo(3),;38195,38194.9,38195,37299,0,0,0,0,1761.066673642287
|||9ixumo(3),;38195,38194.9,38195,37299,0,0,0,0,1766.066673642287
|||9ixumo(3),;38195,38194.9,38195,37299,0,0,0,0,1771.066673642287
|||9ixumo(3),;38195,38194.9,38195,37299,0,0,0,0,1776.066673642287
|||9ixumo(3),;38195,38194.9,38195,37299,0,0,0,0,1781.066673642287
|||9ixumo(3),;38195,38194.9,38195,37299,0,0,0,0,1786.066673642287
|||9ixumo(3),;38195,38194.9,38195,37299,0,0,0,0,1791.066673642287
|||9ixumo(3),;38195,38194.9,38195,37299,0,0,0,0,1796.066673642287
|||9ixumo(3),;38195,38194.9,38195,37299,0,0,0,0,1801.066673642287
|||9ixumo(3),;38195,38194.9,38195,37299,0,0,0,0,1806.066673642287
|||9ixumo(3),;38195,38194.9,38195,37299,0,0,0,0,1811.066673642287
|||9ixumo(3),;38195,38194.9,38195,37299,0,0,0,0,1816.066673642287
|||9ixumo(3),;38195,38194.9,38195,37299,0,0,0,0,1821.066673642287
|||9ixumo(3),;38195,38194.9,38195,37299,0,0,0,0,1826.066673642287
|||9ixumo(3),;38195,38194.9,38195,37299,0,0,0,0,1831.066673642287
|||9ixumo(3),;38195,38194.9,38195,37299,0,0,0,0,1836.066673642287
|||9ixumo(3),;38195,38194.9,38195,37299,0,0,0,0,1841.066673642287
|||9ixumo(3),;38195,38194.9,38195,37299,0,0,0,0,1846.066673642287
|||9ixumo(3),;38195,38194.9,38195,37299,0,0,0,0,1851.066673642287
|||9ixumo(3),;38195,38194.9,38195,37299,0,0,0,0,1856.066673642287
|||9ixumo(3),;38195,38194.9,38195,37299,0,0,0,0,1861.066673642287
|||9ixumo(3),;38195,38194.9,38195,37299,0,0,0,0,1866.066673642287
|||9ixumo(3),;38195,38194.9,38195,37299,0,0,0,0,1871.066673642287
|||9ixumo(3),;38195,38194.9,38195,37299,0,0,0,0,1876.066673642287
|||9ixumo(3),;38195,38194.9,38195,37299,0,0,0,0,1881.066673642287
|||9ixumo(3),;38195,38194.9,38195,37299,0,0,0,0,1886.066673642287
|||9ixumo(3),;38195,38194.9,38195,37299,0,0,0,0,1891.066673642287
|||9ixumo(3),;38195,38194.9,38195,37299,0,0,0,0,1896.066673642287
|||9ixumo(3),;38195,38194.9,38195,37299,0,0,0,0,1901.066673642287
|||9ixumo(3),;38195,38194.9,38195,37299,0,0,0,0,1906.066673642287
|||9ixumo(3),;38195,38194.9,38195,37299,0,0,0,0,1911.066673642287
|||9ixumo(3),;38195,38194.9,38195,37299,0,0,0,0,1916.066673642287
|||9ixumo(3),;38195,38194.9,38195,37299,0,0,0,0,1921.066673642287
|||9ixumo(3),;38195,38194.9,38195,37299,0,0,0,0,1926.066673642287
|||9ixumo(3),;38195,38194.9,38195,37299,0,0,0,0,1931.066673642287
|||9ixumo(3),;38195,38194.9,38195,37299,0,0,0,0,1936.066673642287
|||9ixumo(3),;38195,38194.9,38195,37299,0,0,0,0,1941.066673642287
|||9ixumo(3),;38195,38194.9,38195,37299,0,0,0,0,1946.066673642287
|||9ixumo(3),;38195,38194.9,38195,37299,0,0,0,0,1951.066673642287
|||9ixumo(3),;38195,38194.9,38195,37299,0,0,0,0,1956.066673642287
|||9ixumo(3),;38195,38194.9,38195,37299,0,0,0,0,1961.066673642287
|||9ixumo(3),;38195,38194.9,38195,37299,0,0,0,0,1966.066673642287
||638pouhl(0),|9ixumo(3),638pouhl(0),;38195,38194.9,34201.4,33305.4,0,0,18.580253135424,18.580253135424,1971.066673642287
||638pouhl(2),|9ixumo(3),638pouhl(2),;38195,38194.9,34201.4,33305.4,0,0,13.580253135424,13.580253135424,1976.066673642287
||638pouhl(2),|9ixumo(3),638pouhl(2),;38195,38194.9,34201.4,33305.4,0,0,8.580253135424,8.580253135424,1981.066673642287
||638pouhl(2),|9ixumo(3),638pouhl(2),;38195,38194.9,34201.4,33305.4,0,0,3.580253135424,3.580253135424,1986.066673642287
||638pouhl(3),|9ixumo(3),638pouhl(3),;38195,38194.9,34201.4,33305.4,0,0,0,0,1991.066673642287
||638pouhl(3),|9ixumo(3),638pouhl(3),;38195,38194.9,34201.4,33305.4,0,0,0,0,1996.066673642287
