|||;30617,30617,30617,30617,0,0,0,0,1.079836755614
|||;30617,30617,30617,30617,0,0,0,0,6.079836755614
|||;30617,30617,30617,30617,0,0,0,0,11.079836755614
|||;30617,30617,30617,30617,0,0,0,0,16.079836755614
|||;30617,30617,30617,30617,0,0,0,0,21.079836755614
|||;30617,30617,30617,30617,0,0,0,0,26.079836755614
|||;30617,30617,30617,30617,0,0,0,0,31.079836755614
|||;30617,30617,30617,30617,0,0,0,0,36.079836755614
|||;30617,30617,30617,30617,0,0,0,0,41.079836755614
|||;30617,30617,30617,30617,0,0,0,0,46.079836755614
|||;30617,30617,30617,30617,0,0,0,0,51.079836755614
|||;30617,30617,30617,30617,0,0,0,0,56.079836755614
|||;30617,30617,30617,30617,0,0,0,0,61.079836755614
|||;30617,30617,30617,30617,0,0,0,0,66.079836755614
|||;30617,30617,30617,30617,0,0,0,0,71.079836755614
|||;30617,30617,30617,30617,0,0,0,0,76.079836755614
|||;30617,30617,30617,30617,0,0,0,0,81.079836755614
|||;30617,30617,30617,30617,0,0,0,0,86.079836755614
|||;30617,30617,30617,30617,0,0,0,0,91.079836755614
|||;30617,30617,30617,30617,0,0,0,0,96.079836755614
|||;30617,30617,30617,30617,0,0,0,0,101.079836755614
|||;30617,30617,30617,30617,0,0,0,0,106.079836755614
|||;30617,30617,30617,30617,0,0,0,0,111.079836755614
|||;30617,30617,30617,30617,0,0,0,0,116.079836755614
|||;30617,30617,30617,30617,0,0,0,0,121.079836755614
|||;30617,30617,30617,30617,0,0,0,0,126.079836755614
|||;30617,30617,30617,30617,0,0,0,0,131.079836755614
368xheuz(2),|368xheuz(2),|368xheuz(2),|368xheuz(2),;29004.2,29541.8,29541.8,29541.8,3.225028413115,0.736881972437,0.736881972437,0.736881972437,136.079836755614
|||;30617,30617,30617,30617,0,0,0,0,141.079836755614
|||;30617,30617,30617,30617,0,0,0,0,146.079836755614
|111arcmv(2),|111arcmv(2),|;30617,29449.6,29449.6,30617,0,1.379663115154,1.379663115154,0,151.079836755614
|||;30617,30617,30617,30617,0,0,0,0,156.079836755614
|||;30617,30617,30617,30617,0,0,0,0,161.079836755614
|||;30617,30617,30617,30617,0,0,0,0,166.079836755614
|||;30617,30617,30617,30617,0,0,0,0,171.079836755614
|||;30617,30617,30617,30617,0,0,0,0,176.079836755614
|||;30617,30617,30617,30617,0,0,0,0,181.079836755614
360rufte(0),|360rufte(0),|360rufte(0),|360rufte(0),;28082.6,28082.6,28927.4,28927.4,13.770059983844,13.770059983844,9.640115577064,9.640115577064,186.079836755614
360rufte(2),438jkcqo(1),|360rufte(2),438jkcqo(1),429kngbe(0),|360rufte(2),438jkcqo(1),|360rufte(2),438jkcqo(1),;26434,25558.4,27278.8,25630.1,22.381510144394,31.778804288009,18.251565737614,25.881881489026,191.079836755614
360rufte(2),438jkcqo(1),|360rufte(2),438jkcqo(1),429kngbe(1),|360rufte(3),438jkcqo(2),|360rufte(3),438jkcqo(2),;26434,25558.4,27278.8,25630.1,17.381510144394,26.778804288009,13.251565737614,20.881881489026,196.079836755614
360rufte(3),438jkcqo(2),|360rufte(3),438jkcqo(2),429kngbe(1),|360rufte(3),438jkcqo(2),|360rufte(3),438jkcqo(2),;26434,25558.4,27278.8,25630.1,12.381510144394,21.778804288009,8.251565737614,15.881881489026,201.079836755614
360rufte(3),438jkcqo(2),180godhj(1),|360rufte(3),438jkcqo(2),429kngbe(1),|360rufte(3),438jkcqo(3),180godhj(2),|360rufte(3),438jkcqo(2),180godhj(1),;24529.4,25558.4,26643.9,24360.3,20.266868169219,16.778804288009,10.094825502552,20.746190383907,206.079836755614
360rufte(3),438jkcqo(3),180godhj(2),|360rufte(3),438jkcqo(3),429kngbe(2),|360rufte(3),438jkcqo(3),180godhj(3),|360rufte(3),438jkcqo(2),180godhj(1),;24529.4,25558.4,26643.9,24360.3,15.266868169219,11.778804288009,5.094825502552,15.746190383907,211.079836755614
360rufte(3),438jkcqo(3),180godhj(2),|360rufte(3),438jkcqo(3),429kngbe(3),|360rufte(3),438jkcqo(3),180godhj(3),|360rufte(3),438jkcqo(3),180godhj(2),;24529.4,25558.4,26643.9,24360.3,10.266868169219,6.778804288009,0.094825502552,10.746190383907,216.079836755614
360rufte(3),438jkcqo(3),180godhj(3),|360rufte(3),438jkcqo(3),429kngbe(3),|360rufte(3),438jkcqo(3),180godhj(3),|360rufte(3),438jkcqo(3),180godhj(3),;24529.4,25558.4,26643.9,24360.3,5.266868169219,1.778804288009,0,5.746190383907,221.079836755614
360rufte(3),438jkcqo(3),180godhj(3),|360rufte(3),438jkcqo(3),429kngbe(3),|360rufte(3),438jkcqo(3),180godhj(3),|360rufte(3),438jkcqo(3),180godhj(3),;24529.4,25558.4,26643.9,24360.3,0.266868169219,0,0,0.746190383907,226.079836755614
360rufte(3),438jkcqo(3),180godhj(3),|360rufte(3),438jkcqo(3),429kngbe(3),|360rufte(3),438jkcqo(3),180godhj(3),|360rufte(3),438jkcqo(3),180godhj(3),;24529.4,25558.4,26643.9,24360.3,0,0,0,0,231.079836755614
360rufte(3),438jkcqo(3),180godhj(3),|360rufte(3),438jkcqo(3),429kngbe(3),|360rufte(3),438jkcqo(3),180godhj(3),|360rufte(3),438jkcqo(3),180godhj(3),;24529.4,25558.4,26643.9,24360.3,0,0,0,0,236.079836755614
360rufte(3),438jkcqo(3),180godhj(3),|360rufte(3),438jkcqo(3),429kngbe(3),|360rufte(3),438jkcqo(3),180godhj(3),|360rufte(3),438jkcqo(3),180godhj(3),;24529.4,25558.4,26643.9,24360.3,0,0,0,0,241.079836755614
360rufte(3),438jkcqo(3),180godhj(3),|360rufte(3),438jkcqo(3),429kngbe(3),|360rufte(3),438jkcqo(3),180godhj(3),|360rufte(3),438jkcqo(3),180godhj(3),;24529.4,25558.4,26643.9,24360.3,0,0,0,0,246.079836755614
360rufte(3),438jkcqo(3),180godhj(3),|360rufte(3),438jkcqo(3),429kngbe(3),|360rufte(3),438jkcqo(3),180godhj(3),|360rufte(3),438jkcqo(3),180godhj(3),;24529.4,25558.4,26643.9,24360.3,0,0,0,0,251.079836755614
360rufte(3),438jkcqo(3),180godhj(3),|360rufte(3),438jkcqo(3),429kngbe(3),|360rufte(3),438jkcqo(3),180godhj(3),|360rufte(3),438jkcqo(3),180godhj(3),;24529.4,25558.4,26643.9,24360.3,0,0,0,0,256.079836755614
360rufte(3),438jkcqo(3),180godhj(3),|360rufte(3),438jkcqo(3),429kngbe(3),|360rufte(3),438jkcqo(3),180godhj(3),|360rufte(3),438jkcqo(3),180godhj(3),431gbqfu(2),;24529.4,25558.4,26643.9,23617.9,0,0,0,2.93332576393,261.079836755614
360rufte(3),438jkcqo(3),180godhj(3),|360rufte(3),438jkcqo(3),429kngbe(3),|360rufte(3),438jkcqo(3),180godhj(3),|360rufte(3),438jkcqo(3),180godhj(3),431gbqfu(3),;24529.4,25558.4,26643.9,23617.9,0,0,0,0,266.079836755614
360rufte(3),438jkcqo(3),180godhj(3),|360rufte(3),438jkcqo(3),429kngbe(3),|360rufte(3),438jkcqo(3),180godhj(3),|360rufte(3),438jkcqo(3),180godhj(3),431gbqfu(3),;24529.4,25558.4,26643.9,23617.9,0,0,0,0,271.079836755614
438jkcqo(3),180godhj(3),|438jkcqo(3),429kngbe(3),|438jkcqo(3),180godhj(3),|438jkcqo(3),180godhj(3),431gbqfu(3),;27063.8,28092.8,28333.5,25307.5,0,0,0,0,276.079836755614
438jkcqo(3),180godhj(3),|438jkcqo(3),429kngbe(3),|438jkcqo(3),180godhj(3),|438jkcqo(3),180godhj(3),431gbqfu(3),;27063.8,28092.8,28333.5,25307.5,0,0,0,0,281.079836755614
438jkcqo(3),180godhj(3),|438jkcqo(3),429kngbe(3),|438jkcqo(3),180godhj(3),|438jkcqo(3),180godhj(3),431gbqfu(3),;27063.8,28092.8,28333.5,25307.5,0,0,0,0,286.079836755614
438jkcqo(3),180godhj(3),|438jkcqo(3),429kngbe(3),|438jkcqo(3),180godhj(3),|438jkcqo(3),180godhj(3),431gbqfu(3),;27063.8,28092.8,28333.5,25307.5,0,0,0,0,291.079836755614
438jkcqo(3),180godhj(3),|438jkcqo(3),429kngbe(3),|438jkcqo(3),180godhj(3),|438jkcqo(3),180godhj(3),431gbqfu(3),;27063.8,28092.8,28333.5,25307.5,0,0,0,0,296.079836755614
438jkcqo(3),180godhj(3),|438jkcqo(3),429kngbe(3),|438jkcqo(3),180godhj(3),|438jkcqo(3),180godhj(3),431gbqfu(3),;27063.8,28092.8,28333.5,25307.5,0,0,0,0,301.079836755614
438jkcqo(3),180godhj(3),|438jkcqo(3),429kngbe(3),|438jkcqo(3),180godhj(3),|438jkcqo(3),180godhj(3),431gbqfu(3),;27063.8,28092.8,28333.5,25307.5,0,0,0,0,306.079836755614
438jkcqo(3),180godhj(3),|438jkcqo(3),429kngbe(3),|438jkcqo(3),180godhj(3),|438jkcqo(3),180godhj(3),431gbqfu(3),;27063.8,28092.8,28333.5,25307.5,0,0,0,0,311.079836755614
438jkcqo(3),180godhj(3),|438jkcqo(3),429kngbe(3),|438jkcqo(3),180godhj(3),|438jkcqo(3),180godhj(3),431gbqfu(3),;27063.8,28092.8,28333.5,25307.5,0,0,0,0,316.079836755614
438jkcqo(3),180godhj(3),|438jkcqo(3),429kngbe(3),|438jkcqo(3),180godhj(3),|438jkcqo(3),180godhj(3),431gbqfu(3),;27063.8,28092.8,28333.5,25307.5,0,0,0,0,321.079836755614
438jkcqo(3),180godhj(3),|438jkcqo(3),429kngbe(3),|438jkcqo(3),180godhj(3),|438jkcqo(3),180godhj(3),431gbqfu(3),;27063.8,28092.8,28333.5,25307.5,0,0,0,0,326.079836755614
438jkcqo(3),180godhj(3),|438jkcqo(3),429kngbe(3),|438jkcqo(3),180godhj(3),|438jkcqo(3),180godhj(3),431gbqfu(3),;27063.8,28092.8,28333.5,25307.5,0,0,0,0,331.079836755614
438jkcqo(3),180godhj(3),|438jkcqo(3),429kngbe(3),|438jkcqo(3),180godhj(3),|438jkcqo(3),180godhj(3),431gbqfu(3),;27063.8,28092.8,28333.5,25307.5,0,0,0,0,336.079836755614
438jkcqo(3),180godhj(3),297qeksi(0),|438jkcqo(3),429kngbe(3),297qeksi(0),|438jkcqo(3),180godhj(3),297qeksi(0),|438jkcqo(3),180godhj(3),431gbqfu(3),297qeksi(0),;25527.8,25788.8,26029.5,23771.5,10.024206608722,13.678701523976,13.678701523976,10.024206608722,341.079836755614
438jkcqo(3),297qeksi(2),|438jkcqo(3),429kngbe(3),297qeksi(2),|438jkcqo(3),297qeksi(2),|438jkcqo(3),297qeksi(2),;27432.4,25788.8,26664.4,25783.7,5.024206608722,8.678701523976,8.678701523976,5.024206608722,346.079836755614
438jkcqo(3),297qeksi(3),|438jkcqo(3),297qeksi(2),|438jkcqo(3),297qeksi(2),|438jkcqo(3),297qeksi(3),;27432.4,26664.3,26664.4,25783.7,0.024206608722,3.678701523976,3.678701523976,0.024206608722,351.079836755614
438jkcqo(3),297qeksi(3),|438jkcqo(3),297qeksi(3),|438jkcqo(3),297qeksi(3),|438jkcqo(3),297qeksi(3),;27432.4,26664.3,26664.4,25783.7,0,0,0,0,356.079836755614
438jkcqo(3),297qeksi(3),|438jkcqo(3),297qeksi(3),|438jkcqo(3),297qeksi(3),|438jkcqo(3),297qeksi(3),;27432.4,26664.3,26664.4,25783.7,0,0,0,0,361.079836755614
438jkcqo(3),297qeksi(3),|438jkcqo(3),297qeksi(3),|438jkcqo(3),297qeksi(3),|438jkcqo(3),297qeksi(3),;27432.4,26664.3,26664.4,25783.7,0,0,0,0,366.079836755614
438jkcqo(3),297qeksi(3),|438jkcqo(3),297qeksi(3),|438jkcqo(3),297qeksi(3),|438jkcqo(3),297qeksi(3),;27432.4,26664.3,26664.4,25783.7,0,0,0,0,371.079836755614
438jkcqo(3),297qeksi(3),|438jkcqo(3),297qeksi(3),|438jkcqo(3),297qeksi(3),|438jkcqo(3),297qeksi(3),;27432.4,26664.3,26664.4,25783.7,0,0,0,0,376.079836755614
438jkcqo(3),297qeksi(3),|438jkcqo(3),297qeksi(3),|438jkcqo(3),297qeksi(3),|438jkcqo(3),297qeksi(3),;27432.4,26664.3,26664.4,25783.7,0,0,0,0,381.079836755614
438jkcqo(3),297qeksi(3),|438jkcqo(3),297qeksi(3),25zbvsa(0),|438jkcqo(3),297qeksi(3),25zbvsa(0),|438jkcqo(3),297qeksi(3),25zbvsa(0),;27432.4,23792,23792.1,22911.4,0,14.029274641938,14.029274641938,14.029274641938,386.079836755614
297qeksi(3),|297qeksi(3),25zbvsa(2),|297qeksi(3),25zbvsa(2),|297qeksi(3),25zbvsa(2),;29081,25440.6,25440.7,26208.7,0,9.029274641938,9.029274641938,9.029274641938,391.079836755614
297qeksi(3),|297qeksi(3),25zbvsa(2),|297qeksi(3),25zbvsa(2),|297qeksi(3),25zbvsa(2),;29081,25440.6,25440.7,26208.7,0,4.029274641938,4.029274641938,4.029274641938,396.079836755614
297qeksi(3),|297qeksi(3),25zbvsa(3),|297qeksi(3),25zbvsa(3),|297qeksi(3),25zbvsa(3),;29081,25440.6,25440.7,26208.7,0,0,0,0,401.079836755614
297qeksi(3),|297qeksi(3),25zbvsa(3),|297qeksi(3),25zbvsa(3),|297qeksi(3),25zbvsa(3),;29081,25440.6,25440.7,26208.7,0,0,0,0,406.079836755614
297qeksi(3),|297qeksi(3),25zbvsa(3),|297qeksi(3),25zbvsa(3),|297qeksi(3),25zbvsa(3),;29081,25440.6,25440.7,26208.7,0,0,0,0,411.079836755614
297qeksi(3),|297qeksi(3),25zbvsa(3),|297qeksi(3),25zbvsa(3),|297qeksi(3),25zbvsa(3),;29081,25440.6,25440.7,26208.7,0,0,0,0,416.079836755614
297qeksi(3),|297qeksi(3),25zbvsa(3),|297qeksi(3),25zbvsa(3),|297qeksi(3),25zbvsa(3),;29081,25440.6,25440.7,26208.7,0,0,0,0,421.079836755614
|25zbvsa(3),|25zbvsa(3),|25zbvsa(3),;30617,27744.6,27744.7,27744.7,0,0,0,0,426.079836755614
|25zbvsa(3),|25zbvsa(3),|25zbvsa(3),;30617,27744.6,27744.7,27744.7,0,0,0,0,431.079836755614
|25zbvsa(3),|25zbvsa(3),|25zbvsa(3),;30617,27744.6,27744.7,27744.7,0,0,0,0,436.079836755614
|25zbvsa(3),|25zbvsa(3),|25zbvsa(3),;30617,27744.6,27744.7,27744.7,0,0,0,0,441.079836755614
|25zbvsa(3),|25zbvsa(3),|25zbvsa(3),;30617,27744.6,27744.7,27744.7,0,0,0,0,446.079836755614
|25zbvsa(3),|25zbvsa(3),|25zbvsa(3),;30617,27744.6,27744.7,27744.7,0,0,0,0,451.079836755614
|25zbvsa(3),|25zbvsa(3),|25zbvsa(3),;30617,27744.6,27744.7,27744.7,0,0,0,0,456.079836755614
|25zbvsa(3),|25zbvsa(3),|25zbvsa(3),;30617,27744.6,27744.7,27744.7,0,0,0,0,461.079836755614
|25zbvsa(3),|25zbvsa(3),|25zbvsa(3),;30617,27744.6,27744.7,27744.7,0,0,0,0,466.079836755614
|||;30617,30616.9,30617,30617,0,0,0,0,471.079836755614
|||;30617,30616.9,30617,30617,0,0,0,0,476.079836755614
|||;30617,30616.9,30617,30617,0,0,0,0,481.079836755614
|||;30617,30616.9,30617,30617,0,0,0,0,486.079836755614
|||;30617,30616.9,30617,30617,0,0,0,0,491.079836755614
|438ubxko(2),||;30617,29976.9,30617,30617,0,2.75595154741,0,0,496.079836755614
|||;30617,30616.9,30617,30617,0,0,0,0,501.079836755614
|||;30617,30616.9,30617,30617,0,0,0,0,506.079836755614
|||;30617,30616.9,30617,30617,0,0,0,0,511.079836755614
|||;30617,30616.9,30617,30617,0,0,0,0,516.079836755614
|||;30617,30616.9,30617,30617,0,0,0,0,521.079836755614
|||;30617,30616.9,30617,30617,0,0,0,0,526.079836755614
|||;30617,30616.9,30617,30617,0,0,0,0,531.079836755614
|||;30617,30616.9,30617,30617,0,0,0,0,536.079836755614
|53geulc(2),||;30617,26341.7,30617,30617,0,17.038023656846,0,0,541.079836755614
|53geulc(2),||;30617,26341.7,30617,30617,0,12.038023656846,0,0,546.079836755614
|53geulc(2),||;30617,26341.7,30617,30617,0,7.038023656846,0,0,551.079836755614
|53geulc(2),||;30617,26341.7,30617,30617,0,2.038023656846,0,0,556.079836755614
|53geulc(3),||;30617,26341.7,30617,30617,0,0,0,0,561.079836755614
|53geulc(3),||;30617,26341.7,30617,30617,0,0,0,0,566.079836755614
|53geulc(3),||;30617,26341.7,30617,30617,0,0,0,0,571.079836755614
|53geulc(3),||;30617,26341.7,30617,30617,0,0,0,0,576.079836755614
|53geulc(3),||;30617,26341.7,30617,30617,0,0,0,0,581.079836755614
|53geulc(3),||;30617,26341.7,30617,30617,0,0,0,0,586.079836755614
|53geulc(3),||;30617,26341.7,30617,30617,0,0,0,0,591.079836755614
|53geulc(3),||;30617,26341.7,30617,30617,0,0,0,0,596.079836755614
666axjph(0),|53geulc(3),|666axjph(0),|666axjph(0),;30018,26341.7,30018,26423.7,3.750549784357,0,3.750549784357,20.853585987747,601.079836755614
|53geulc(3),||666axjph(2),;30617,26341.7,30617,26423.7,0,0,0,15.853585987747,606.079836755614
|53geulc(3),||666axjph(2),;30617,26341.7,30617,26423.7,0,0,0,10.853585987747,611.079836755614
|53geulc(3),||666axjph(2),;30617,26341.7,30617,26423.7,0,0,0,5.853585987747,616.079836755614
|53geulc(3),||666axjph(2),;30617,26341.7,30617,26423.7,0,0,0,0.853585987747,621.079836755614
|53geulc(3),243tcifv(0),|243tcifv(0),|666axjph(3),;30617,23960.9,28236.2,26423.7,0,13.289020994221,13.289020994221,0,626.079836755614
|53geulc(3),243tcifv(2),|243tcifv(2),|666axjph(3),;30617,23960.9,28236.2,26423.7,0,8.289020994221,8.289020994221,0,631.079836755614
|53geulc(3),243tcifv(2),|243tcifv(2),|666axjph(3),;30617,23960.9,28236.2,26423.7,0,3.289020994221,3.289020994221,0,636.079836755614
|53geulc(3),243tcifv(3),|243tcifv(3),|666axjph(3),;30617,23960.9,28236.2,26423.7,0,0,0,0,641.079836755614
|53geulc(3),243tcifv(3),684bxgez(0),|243tcifv(3),684bxgez(0),|666axjph(3),;30617,23213.4,23751.1,26423.7,0,4.927249229762,23.199124483999,0,646.079836755614
|53geulc(3),243tcifv(3),684bxgez(3),|243tcifv(3),684bxgez(2),|666axjph(3),;30617,23213.4,23751.1,26423.7,0,0,18.199124483999,0,651.079836755614
|53geulc(3),243tcifv(3),684bxgez(3),|243tcifv(3),684bxgez(2),|666axjph(3),;30617,23213.4,23751.1,26423.7,0,0,13.199124483999,0,656.079836755614
|53geulc(3),243tcifv(3),684bxgez(3),|243tcifv(3),684bxgez(2),|666axjph(3),;30617,23213.4,23751.1,26423.7,0,0,8.199124483999,0,661.079836755614
|53geulc(3),243tcifv(3),684bxgez(3),|243tcifv(3),684bxgez(2),|666axjph(3),;30617,23213.4,23751.1,26423.7,0,0,3.199124483999,0,666.079836755614
|53geulc(3),243tcifv(3),684bxgez(3),|243tcifv(3),684bxgez(3),|666axjph(3),;30617,23213.4,23751.1,26423.7,0,0,0,0,671.079836755614
|53geulc(3),243tcifv(3),684bxgez(3),|243tcifv(3),684bxgez(3),|666axjph(3),;30617,23213.4,23751.1,26423.7,0,0,0,0,676.079836755614
|53geulc(3),243tcifv(3),684bxgez(3),438lgjto(2),|243tcifv(3),684bxgez(3),|666axjph(3),;30617,22168.9,23751.1,26423.7,0,4.17361406564,0,0,681.079836755614
|53geulc(3),243tcifv(3),684bxgez(3),|243tcifv(3),684bxgez(3),|666axjph(3),;30617,23213.4,23751.1,26423.7,0,0,0,0,686.079836755614
|53geulc(3),243tcifv(3),684bxgez(3),|243tcifv(3),684bxgez(3),|666axjph(3),;30617,23213.4,23751.1,26423.7,0,0,0,0,691.079836755614
|53geulc(3),243tcifv(3),684bxgez(3),|243tcifv(3),684bxgez(3),|666axjph(3),;30617,23213.4,23751.1,26423.7,0,0,0,0,696.079836755614
|53geulc(3),243tcifv(3),684bxgez(3),620wzurl(2),|243tcifv(3),684bxgez(3),|666axjph(3),620wzurl(2),;30617,21109.1,23751.1,24319.4,0,9.759099444489,0,9.759099444489,701.079836755614
|53geulc(3),243tcifv(3),684bxgez(3),620wzurl(2),|243tcifv(3),684bxgez(3),|666axjph(3),620wzurl(2),;30617,21109.1,23751.1,24319.4,0,4.759099444489,0,4.759099444489,706.079836755614
|53geulc(3),243tcifv(3),684bxgez(3),620wzurl(3),|243tcifv(3),684bxgez(3),|666axjph(3),620wzurl(3),;30617,21109.1,23751.1,24319.4,0,0,0,0,711.079836755614
|53geulc(3),243tcifv(3),684bxgez(3),620wzurl(3),|243tcifv(3),684bxgez(3),|666axjph(3),620wzurl(3),;30617,21109.1,23751.1,24319.4,0,0,0,0,716.079836755614
663btawg(0),|53geulc(3),243tcifv(3),684bxgez(3),620wzurl(3),|243tcifv(3),684bxgez(3),|666axjph(3),620wzurl(3),663btawg(0),;29726.1,21109.1,23751.1,22537.6,6.735383361031,0,0,10.974597462726,721.079836755614
663btawg(2),|53geulc(3),243tcifv(3),684bxgez(3),620wzurl(3),|243tcifv(3),684bxgez(3),|666axjph(3),620wzurl(3),663btawg(2),;29726.1,21109.1,23751.1,22537.6,1.735383361031,0,0,5.974597462726,726.079836755614
|53geulc(3),243tcifv(3),684bxgez(3),620wzurl(3),|243tcifv(3),684bxgez(3),|666axjph(3),620wzurl(3),663btawg(2),;30617,21109.1,23751.1,22537.6,0,0,0,0.974597462726,731.079836755614
|53geulc(3),243tcifv(3),684bxgez(3),620wzurl(3),|243tcifv(3),684bxgez(3),|666axjph(3),620wzurl(3),663btawg(3),;30617,21109.1,23751.1,22537.6,0,0,0,0,736.079836755614
|53geulc(3),243tcifv(3),684bxgez(3),620wzurl(3),|243tcifv(3),684bxgez(3),|666axjph(3),620wzurl(3),663btawg(3),;30617,21109.1,23751.1,22537.6,0,0,0,0,741.079836755614
|53geulc(3),243tcifv(3),684bxgez(3),620wzurl(3),|243tcifv(3),684bxgez(3),|666axjph(3),620wzurl(3),663btawg(3),;30617,21109.1,23751.1,22537.6,0,0,0,0,746.079836755614
|53geulc(3),243tcifv(3),684bxgez(3),620wzurl(3),|243tcifv(3),684bxgez(3),|666axjph(3),620wzurl(3),663btawg(3),;30617,21109.1,23751.1,22537.6,0,0,0,0,751.079836755614
|53geulc(3),243tcifv(3),684bxgez(3),620wzurl(3),|243tcifv(3),684bxgez(3),|666axjph(3),620wzurl(3),663btawg(3),;30617,21109.1,23751.1,22537.6,0,0,0,0,756.079836755614
|53geulc(3),243tcifv(3),684bxgez(3),620wzurl(3),|243tcifv(3),684bxgez(3),|666axjph(3),620wzurl(3),663btawg(3),;30617,21109.1,23751.1,22537.6,0,0,0,0,761.079836755614
|53geulc(3),243tcifv(3),684bxgez(3),620wzurl(3),|243tcifv(3),684bxgez(3),|666axjph(3),620wzurl(3),663btawg(3),;30617,21109.1,23751.1,22537.6,0,0,0,0,766.079836755614
|53geulc(3),684bxgez(3),620wzurl(3),|684bxgez(3),|666axjph(3),620wzurl(3),663btawg(3),;30617,23489.9,26131.9,22537.6,0,0,0,0,771.079836755614
|53geulc(3),684bxgez(3),620wzurl(3),|684bxgez(3),|666axjph(3),620wzurl(3),663btawg(3),;30617,23489.9,26131.9,22537.6,0,0,0,0,776.079836755614
|53geulc(3),684bxgez(3),620wzurl(3),|684bxgez(3),|666axjph(3),620wzurl(3),663btawg(3),;30617,23489.9,26131.9,22537.6,0,0,0,0,781.079836755614
|53geulc(3),684bxgez(3),620wzurl(3),|684bxgez(3),|620wzurl(3),663btawg(3),;30617,23489.9,26131.9,26730.9,0,0,0,0,786.079836755614
|53geulc(3),684bxgez(3),620wzurl(3),|684bxgez(3),|620wzurl(3),663btawg(3),;30617,23489.9,26131.9,26730.9,0,0,0,0,791.079836755614
|53geulc(3),684bxgez(3),620wzurl(3),|684bxgez(3),|620wzurl(3),663btawg(3),;30617,23489.9,26131.9,26730.9,0,0,0,0,796.079836755614
|53geulc(3),684bxgez(3),620wzurl(3),|684bxgez(3),|620wzurl(3),663btawg(3),;30617,23489.9,26131.9,26730.9,0,0,0,0,801.079836755614
|53geulc(3),684bxgez(3),620wzurl(3),|684bxgez(3),|620wzurl(3),663btawg(3),;30617,23489.9,26131.9,26730.9,0,0,0,0,806.079836755614
|53geulc(3),684bxgez(3),620wzurl(3),|684bxgez(3),|620wzurl(3),663btawg(3),;30617,23489.9,26131.9,26730.9,0,0,0,0,811.079836755614
|53geulc(3),684bxgez(3),620wzurl(3),|684bxgez(3),|620wzurl(3),663btawg(3),;30617,23489.9,26131.9,26730.9,0,0,0,0,816.079836755614
|53geulc(3),684bxgez(3),620wzurl(3),|684bxgez(3),|620wzurl(3),;30617,23489.9,26131.9,28512.7,0,0,0,0,821.079836755614
|53geulc(3),620wzurl(3),|684bxgez(3),|620wzurl(3),;30617,24237.4,26131.9,28512.7,0,0,0,0,826.079836755614
|53geulc(3),620wzurl(3),|684bxgez(3),|620wzurl(3),;30617,24237.4,26131.9,28512.7,0,0,0,0,831.079836755614
|53geulc(3),620wzurl(3),|684bxgez(3),|620wzurl(3),;30617,24237.4,26131.9,28512.7,0,0,0,0,836.079836755614
|53geulc(3),620wzurl(3),|684bxgez(3),|620wzurl(3),;30617,24237.4,26131.9,28512.7,0,0,0,0,841.079836755614
|53geulc(3),620wzurl(3),|684bxgez(3),|620wzurl(3),;30617,24237.4,26131.9,28512.7,0,0,0,0,846.079836755614
|53geulc(3),|684bxgez(3),|;30617,26341.7,26131.9,30617,0,0,0,0,851.079836755614
594qopwd(2),|53geulc(3),594qopwd(2),|684bxgez(3),|594qopwd(2),;29843.9,25568.6,26131.9,29843.9,1.599448587733,1.599448587733,0,1.599448587733,856.079836755614
|53geulc(3),|684bxgez(3),|;30617,26341.7,26131.9,30617,0,0,0,0,861.079836755614
|53geulc(3),|684bxgez(3),|;30617,26341.7,26131.9,30617,0,0,0,0,866.079836755614
178yugsv(2),|53geulc(3),178yugsv(2),|684bxgez(3),|178yugsv(2),;29275.6,25000.3,26131.9,29275.6,5.727990520346,5.727990520346,0,5.727990520346,871.079836755614
178yugsv(2),|53geulc(3),178yugsv(2),|684bxgez(3),|178yugsv(2),;29275.6,25000.3,26131.9,29275.6,0.727990520346,0.727990520346,0,0.727990520346,876.079836755614
178yugsv(3),317qfcer(0),|53geulc(3),178yugsv(3),|684bxgez(3),|178yugsv(3),;28466.6,25000.3,26131.9,29275.6,5.001485918899,0,0,0,881.079836755614
178yugsv(3),|53geulc(3),178yugsv(3),|684bxgez(3),|178yugsv(3),;29275.6,25000.3,26131.9,29275.6,0.001485918899,0,0,0,886.079836755614
178yugsv(3),|53geulc(3),178yugsv(3),|684bxgez(3),|178yugsv(3),;29275.6,25000.3,26131.9,29275.6,0,0,0,0,891.079836755614
178yugsv(3),|53geulc(3),178yugsv(3),|684bxgez(3),|178yugsv(3),;29275.6,25000.3,26131.9,29275.6,0,0,0,0,896.079836755614
178yugsv(3),|53geulc(3),178yugsv(3),|684bxgez(3),|178yugsv(3),;29275.6,25000.3,26131.9,29275.6,0,0,0,0,901.079836755614
178yugsv(3),|178yugsv(3),|684bxgez(3),|178yugsv(3),;29275.6,29275.5,26131.9,29275.6,0,0,0,0,906.079836755614
178yugsv(3),|178yugsv(3),|684bxgez(3),|178yugsv(3),;29275.6,29275.5,26131.9,29275.6,0,0,0,0,911.079836755614
178yugsv(3),130geajc(0),|178yugsv(3),130geajc(0),|684bxgez(3),130geajc(0),|178yugsv(3),130geajc(0),;26802.6,27626.9,23658.9,27627,12.594043044337,8.671551835297,12.594043044337,8.671551835297,916.079836755614
178yugsv(3),130geajc(2),|178yugsv(3),130geajc(2),|684bxgez(3),130geajc(2),|178yugsv(3),130geajc(2),;26802.6,27626.9,23658.9,27627,7.594043044337,3.671551835297,7.594043044337,3.671551835297,921.079836755614
178yugsv(3),130geajc(2),|178yugsv(3),130geajc(3),|684bxgez(3),130geajc(2),|178yugsv(3),130geajc(3),;26802.6,27626.9,23658.9,27627,2.594043044337,0,2.594043044337,0,926.079836755614
178yugsv(3),130geajc(3),|178yugsv(3),130geajc(3),|684bxgez(3),130geajc(3),|178yugsv(3),130geajc(3),;26802.6,27626.9,23658.9,27627,0,0,0,0,931.079836755614
178yugsv(3),130geajc(3),|178yugsv(3),130geajc(3),|684bxgez(3),130geajc(3),|178yugsv(3),130geajc(3),;26802.6,27626.9,23658.9,27627,0,0,0,0,936.079836755614
178yugsv(3),130geajc(3),|178yugsv(3),130geajc(3),|130geajc(3),|178yugsv(3),130geajc(3),;26802.6,27626.9,28144,27627,0,0,0,0,941.079836755614
178yugsv(3),130geajc(3),|178yugsv(3),130geajc(3),|130geajc(3),|178yugsv(3),130geajc(3),;26802.6,27626.9,28144,27627,0,0,0,0,946.079836755614
178yugsv(3),130geajc(3),|178yugsv(3),130geajc(3),|130geajc(3),|178yugsv(3),130geajc(3),;26802.6,27626.9,28144,27627,0,0,0,0,951.079836755614
178yugsv(3),130geajc(3),|178yugsv(3),130geajc(3),|130geajc(3),|178yugsv(3),130geajc(3),;26802.6,27626.9,28144,27627,0,0,0,0,956.079836755614
178yugsv(3),130geajc(3),|178yugsv(3),130geajc(3),|130geajc(3),|178yugsv(3),130geajc(3),;26802.6,27626.9,28144,27627,0,0,0,0,961.079836755614
178yugsv(3),130geajc(3),|178yugsv(3),130geajc(3),|130geajc(3),|178yugsv(3),130geajc(3),;26802.6,27626.9,28144,27627,0,0,0,0,966.079836755614
178yugsv(3),130geajc(3),|178yugsv(3),130geajc(3),|130geajc(3),|178yugsv(3),130geajc(3),;26802.6,27626.9,28144,27627,0,0,0,0,971.079836755614
178yugsv(3),130geajc(3),|178yugsv(3),130geajc(3),|130geajc(3),|178yugsv(3),130geajc(3),;26802.6,27626.9,28144,27627,0,0,0,0,976.079836755614
178yugsv(3),130geajc(3),|178yugsv(3),130geajc(3),|130geajc(3),|178yugsv(3),130geajc(3),;26802.6,27626.9,28144,27627,0,0,0,0,981.079836755614
178yugsv(3),130geajc(3),|178yugsv(3),130geajc(3),178jgpwq(0),|130geajc(3),178jgpwq(0),|178yugsv(3),130geajc(3),;26802.6,23612.8,24129.9,27627,0,25.138026510161,25.138026510161,0,986.079836755614
130geajc(3),|130geajc(3),178jgpwq(0),|130geajc(3),178jgpwq(0),573bsfog(0),|130geajc(3),;28144,24954.2,23336.3,28968.4,0,20.138026510161,27.66538385187,0,991.079836755614
130geajc(3),|130geajc(3),178jgpwq(2),|130geajc(3),178jgpwq(2),573bsfog(1),|130geajc(3),;28144,24954.2,23336.3,28968.4,0,15.138026510161,22.66538385187,0,996.079836755614
130geajc(3),|130geajc(3),178jgpwq(2),|130geajc(3),178jgpwq(2),573bsfog(1),|130geajc(3),;28144,24954.2,23336.3,28968.4,0,10.138026510161,17.66538385187,0,1001.079836755614
130geajc(3),191mpxls(0),|130geajc(3),178jgpwq(2),191mpxls(0),|130geajc(3),178jgpwq(2),573bsfog(1),|130geajc(3),191mpxls(0),;26377.6,23187.8,23336.3,26613.2,9.325335059995,16.39558532577,12.66538385187,12.050447828357,1006.079836755614
130geajc(3),191mpxls(2),|130geajc(3),178jgpwq(3),191mpxls(1),|130geajc(3),178jgpwq(3),573bsfog(1),|130geajc(3),191mpxls(2),;26377.6,23187.8,23336.3,26613.2,4.325335059995,11.39558532577,7.66538385187,7.050447828357,1011.079836755614
130geajc(3),|130geajc(3),178jgpwq(3),191mpxls(2),|130geajc(3),178jgpwq(3),573bsfog(3),|130geajc(3),191mpxls(2),;28144,23187.8,23336.3,26613.2,0,6.39558532577,2.66538385187,2.050447828357,1016.079836755614
130geajc(3),|130geajc(3),178jgpwq(3),|130geajc(3),178jgpwq(3),573bsfog(3),|130geajc(3),;28144,24954.2,23336.3,28968.4,0,1.39558532577,0,0,1021.079836755614
130geajc(3),|130geajc(3),178jgpwq(3),|130geajc(3),178jgpwq(3),573bsfog(3),|130geajc(3),;28144,24954.2,23336.3,28968.4,0,0,0,0,1026.079836755614
130geajc(3),552nhylv(0),|130geajc(3),178jgpwq(3),552nhylv(0),|130geajc(3),178jgpwq(3),573bsfog(3),552nhylv(0),|130geajc(3),552nhylv(0),;26577.3,23387.5,21769.6,26618.3,8.995123178886,8.995123178886,8.995123178886,12.620707992446,1031.079836755614
130geajc(3),552nhylv(2),|130geajc(3),178jgpwq(3),552nhylv(2),|130geajc(3),178jgpwq(3),573bsfog(3),552nhylv(2),|130geajc(3),552nhylv(2),;26577.3,23387.5,21769.6,26618.3,3.995123178886,3.995123178886,3.995123178886,7.620707992446,1036.079836755614
130geajc(3),|130geajc(3),178jgpwq(3),|130geajc(3),178jgpwq(3),573bsfog(3),|130geajc(3),552nhylv(2),;28144,24954.2,23336.3,26618.3,0,0,0,2.620707992446,1041.079836755614
130geajc(3),|130geajc(3),178jgpwq(3),|130geajc(3),178jgpwq(3),573bsfog(3),|130geajc(3),;28144,24954.2,23336.3,28968.4,0,0,0,0,1046.079836755614
130geajc(3),|130geajc(3),178jgpwq(3),|130geajc(3),178jgpwq(3),573bsfog(3),|130geajc(3),;28144,24954.2,23336.3,28968.4,0,0,0,0,1051.079836755614
130geajc(3),|130geajc(3),178jgpwq(3),|130geajc(3),178jgpwq(3),573bsfog(3),|130geajc(3),;28144,24954.2,23336.3,28968.4,0,0,0,0,1056.079836755614
130geajc(3),|130geajc(3),178jgpwq(3),|130geajc(3),178jgpwq(3),573bsfog(3),|130geajc(3),;28144,24954.2,23336.3,28968.4,0,0,0,0,1061.079836755614
130geajc(3),|130geajc(3),178jgpwq(3),|130geajc(3),178jgpwq(3),573bsfog(3),|130geajc(3),;28144,24954.2,23336.3,28968.4,0,0,0,0,1066.079836755614
130geajc(3),|130geajc(3),178jgpwq(3),|130geajc(3),178jgpwq(3),573bsfog(3),|130geajc(3),;28144,24954.2,23336.3,28968.4,0,0,0,0,1071.079836755614
130geajc(3),|130geajc(3),178jgpwq(3),|130geajc(3),178jgpwq(3),573bsfog(3),|130geajc(3),;28144,24954.2,23336.3,28968.4,0,0,0,0,1076.079836755614
130geajc(3),|130geajc(3),178jgpwq(3),|130geajc(3),178jgpwq(3),573bsfog(3),|130geajc(3),;28144,24954.2,23336.3,28968.4,0,0,0,0,1081.079836755614
130geajc(3),|130geajc(3),178jgpwq(3),|130geajc(3),178jgpwq(3),573bsfog(3),|130geajc(3),;28144,24954.2,23336.3,28968.4,0,0,0,0,1086.079836755614
130geajc(3),|130geajc(3),178jgpwq(3),|130geajc(3),178jgpwq(3),573bsfog(3),|130geajc(3),;28144,24954.2,23336.3,28968.4,0,0,0,0,1091.079836755614
130geajc(3),|130geajc(3),178jgpwq(3),|130geajc(3),178jgpwq(3),573bsfog(3),|130geajc(3),;28144,24954.2,23336.3,28968.4,0,0,0,0,1096.079836755614
130geajc(3),|130geajc(3),178jgpwq(3),|130geajc(3),178jgpwq(3),573bsfog(3),|130geajc(3),;28144,24954.2,23336.3,28968.4,0,0,0,0,1101.079836755614
130geajc(3),53uhzjv(0),|130geajc(3),178jgpwq(3),|130geajc(3),178jgpwq(3),573bsfog(3),|130geajc(3),191pzqxa(0),;27632,24954.2,23336.3,28051.9,3.022199365643,0,0,5.080814776932,1106.079836755614
130geajc(3),|130geajc(3),178jgpwq(3),|130geajc(3),178jgpwq(3),573bsfog(3),|130geajc(3),191pzqxa(3),;28144,24954.2,23336.3,28051.9,0,0,0,0.080814776932,1111.079836755614
573cyorg(2),|178jgpwq(3),573cyorg(2),|178jgpwq(3),573cyorg(2),|191pzqxa(3),573cyorg(2),;28558.7,25230.6,25916.8,29014.4,8.973334206527,5.708652082234,2.44396995794,2.472120490486,1116.079836755614
573cyorg(2),|178jgpwq(3),573cyorg(2),|178jgpwq(3),|191pzqxa(3),;28558.7,25230.6,26602.9,29700.5,3.973334206527,0.708652082234,0,0,1121.079836755614
|178jgpwq(3),|178jgpwq(3),|191pzqxa(3),;30616.9,26602.8,26602.9,29700.5,0,0,0,0,1126.079836755614
|178jgpwq(3),|178jgpwq(3),|191pzqxa(3),;30616.9,26602.8,26602.9,29700.5,0,0,0,0,1131.079836755614
|178jgpwq(3),|178jgpwq(3),|191pzqxa(3),;30616.9,26602.8,26602.9,29700.5,0,0,0,0,1136.079836755614
|178jgpwq(3),|178jgpwq(3),|191pzqxa(3),;30616.9,26602.8,26602.9,29700.5,0,0,0,0,1141.079836755614
|178jgpwq(3),|178jgpwq(3),|191pzqxa(3),;30616.9,26602.8,26602.9,29700.5,0,0,0,0,1146.079836755614
|178jgpwq(3),|178jgpwq(3),|191pzqxa(3),;30616.9,26602.8,26602.9,29700.5,0,0,0,0,1151.079836755614
|178jgpwq(3),|178jgpwq(3),|191pzqxa(3),;30616.9,26602.8,26602.9,29700.5,0,0,0,0,1156.079836755614
|178jgpwq(3),|178jgpwq(3),|191pzqxa(3),;30616.9,26602.8,26602.9,29700.5,0,0,0,0,1161.079836755614
|178jgpwq(3),|178jgpwq(3),|191pzqxa(3),;30616.9,26602.8,26602.9,29700.5,0,0,0,0,1166.079836755614
|178jgpwq(3),|178jgpwq(3),|191pzqxa(3),;30616.9,26602.8,26602.9,29700.5,0,0,0,0,1171.079836755614
|178jgpwq(3),|178jgpwq(3),|191pzqxa(3),;30616.9,26602.8,26602.9,29700.5,0,0,0,0,1176.079836755614
|178jgpwq(3),|178jgpwq(3),|191pzqxa(3),;30616.9,26602.8,26602.9,29700.5,0,0,0,0,1181.079836755614
|178jgpwq(3),|178jgpwq(3),|191pzqxa(3),;30616.9,26602.8,26602.9,29700.5,0,0,0,0,1186.079836755614
|178jgpwq(3),|178jgpwq(3),|191pzqxa(3),;30616.9,26602.8,26602.9,29700.5,0,0,0,0,1191.079836755614
|178jgpwq(3),|178jgpwq(3),|191pzqxa(3),;30616.9,26602.8,26602.9,29700.5,0,0,0,0,1196.079836755614
|178jgpwq(3),|178jgpwq(3),|;30616.9,26602.8,26602.9,30617,0,0,0,0,1201.079836755614
|||;30616.9,30616.9,30617,30617,0,0,0,0,1206.079836755614
|||;30616.9,30616.9,30617,30617,0,0,0,0,1211.079836755614
|||;30616.9,30616.9,30617,30617,0,0,0,0,1216.079836755614
|||;30616.9,30616.9,30617,30617,0,0,0,0,1221.079836755614
|||;30616.9,30616.9,30617,30617,0,0,0,0,1226.079836755614
|446irthc(2),||446irthc(2),;30616.9,29726,30617,29726.1,0,1.735073248651,0,1.735073248651,1231.079836755614
|||;30616.9,30616.9,30617,30617,0,0,0,0,1236.079836755614
|||;30616.9,30616.9,30617,30617,0,0,0,0,1241.079836755614
|||;30616.9,30616.9,30617,30617,0,0,0,0,1246.079836755614
|||;30616.9,30616.9,30617,30617,0,0,0,0,1251.079836755614
|||;30616.9,30616.9,30617,30617,0,0,0,0,1256.079836755614
|||;30616.9,30616.9,30617,30617,0,0,0,0,1261.079836755614
|||;30616.9,30616.9,30617,30617,0,0,0,0,1266.079836755614
|||976nyrzj(2),;30616.9,30616.9,30617,29618.6,0,0,0,1.084511131142,1271.079836755614
|||976nyrzj(3),;30616.9,30616.9,30617,29618.6,0,0,0,0,1276.079836755614
|||976nyrzj(3),;30616.9,30616.9,30617,29618.6,0,0,0,0,1281.079836755614
|||976nyrzj(3),;30616.9,30616.9,30617,29618.6,0,0,0,0,1286.079836755614
|||976nyrzj(3),;30616.9,30616.9,30617,29618.6,0,0,0,0,1291.079836755614
|||976nyrzj(3),;30616.9,30616.9,30617,29618.6,0,0,0,0,1296.079836755614
|||976nyrzj(3),;30616.9,30616.9,30617,29618.6,0,0,0,0,1301.079836755614
|||976nyrzj(3),;30616.9,30616.9,30617,29618.6,0,0,0,0,1306.079836755614
|||976nyrzj(3),;30616.9,30616.9,30617,29618.6,0,0,0,0,1311.079836755614
|||976nyrzj(3),;30616.9,30616.9,30617,29618.6,0,0,0,0,1316.079836755614
|||976nyrzj(3),;30616.9,30616.9,30617,29618.6,0,0,0,0,1321.079836755614
|||976nyrzj(3),;30616.9,30616.9,30617,29618.6,0,0,0,0,1326.079836755614
|||976nyrzj(3),;30616.9,30616.9,30617,29618.6,0,0,0,0,1331.079836755614
|||976nyrzj(3),684rdail(0),;30616.9,30616.9,30617,28691.9,0,0,0,5.893924504474,1336.079836755614
|||976nyrzj(3),684rdail(2),;30616.9,30616.9,30617,28691.9,0,0,0,0.893924504474,1341.079836755614
|||976nyrzj(3),684rdail(3),;30616.9,30616.9,30617,28691.9,0,0,0,0,1346.079836755614
|||976nyrzj(3),684rdail(3),;30616.9,30616.9,30617,28691.9,0,0,0,0,1351.079836755614
|||976nyrzj(3),684rdail(3),;30616.9,30616.9,30617,28691.9,0,0,0,0,1356.079836755614
|||976nyrzj(3),684rdail(3),;30616.9,30616.9,30617,28691.9,0,0,0,0,1361.079836755614
|||976nyrzj(3),684rdail(3),;30616.9,30616.9,30617,28691.9,0,0,0,0,1366.079836755614
|||976nyrzj(3),684rdail(3),;30616.9,30616.9,30617,28691.9,0,0,0,0,1371.079836755614
503hcxjg(2),|503hcxjg(2),|503hcxjg(2),|976nyrzj(3),684rdail(3),503hcxjg(2),;28481.9,29193.5,28482,27268.5,9.649872683443,6.356040728641,9.649872683443,6.356040728641,1376.079836755614
503hcxjg(2),|503hcxjg(2),|503hcxjg(2),|976nyrzj(3),684rdail(3),503hcxjg(2),;28481.9,29193.5,28482,27268.5,4.649872683443,1.356040728641,4.649872683443,1.356040728641,1381.079836755614
|||976nyrzj(3),684rdail(3),;30616.9,30616.9,30617,28691.9,0,0,0,0,1386.079836755614
|||976nyrzj(3),684rdail(3),;30616.9,30616.9,30617,28691.9,0,0,0,0,1391.079836755614
|||976nyrzj(3),684rdail(3),;30616.9,30616.9,30617,28691.9,0,0,0,0,1396.079836755614
|||976nyrzj(3),684rdail(3),;30616.9,30616.9,30617,28691.9,0,0,0,0,1401.079836755614
|||976nyrzj(3),684rdail(3),;30616.9,30616.9,30617,28691.9,0,0,0,0,1406.079836755614
|||976nyrzj(3),684rdail(3),;30616.9,30616.9,30617,28691.9,0,0,0,0,1411.079836755614
|||976nyrzj(3),684rdail(3),;30616.9,30616.9,30617,28691.9,0,0,0,0,1416.079836755614
|||976nyrzj(3),684rdail(3),;30616.9,30616.9,30617,28691.9,0,0,0,0,1421.079836755614
|||976nyrzj(3),;30616.9,30616.9,30617,29618.6,0,0,0,0,1426.079836755614
|||;30616.9,30616.9,30617,30617,0,0,0,0,1431.079836755614
|||;30616.9,30616.9,30617,30617,0,0,0,0,1436.079836755614
|||;30616.9,30616.9,30617,30617,0,0,0,0,1441.079836755614
|||;30616.9,30616.9,30617,30617,0,0,0,0,1446.079836755614
|||;30616.9,30616.9,30617,30617,0,0,0,0,1451.079836755614
|||;30616.9,30616.9,30617,30617,0,0,0,0,1456.079836755614
|||;30616.9,30616.9,30617,30617,0,0,0,0,1461.079836755614
|||;30616.9,30616.9,30617,30617,0,0,0,0,1466.079836755614
|||;30616.9,30616.9,30617,30617,0,0,0,0,1471.079836755614
|||;30616.9,30616.9,30617,30617,0,0,0,0,1476.079836755614
|||;30616.9,30616.9,30617,30617,0,0,0,0,1481.079836755614
|||;30616.9,30616.9,30617,30617,0,0,0,0,1486.079836755614
|||;30616.9,30616.9,30617,30617,0,0,0,0,1491.079836755614
|||;30616.9,30616.9,30617,30617,0,0,0,0,1496.079836755614
|||;30616.9,30616.9,30617,30617,0,0,0,0,1501.079836755614
|||;30616.9,30616.9,30617,30617,0,0,0,0,1506.079836755614
|||;30616.9,30616.9,30617,30617,0,0,0,0,1511.079836755614
|||;30616.9,30616.9,30617,30617,0,0,0,0,1516.079836755614
|||;30616.9,30616.9,30617,30617,0,0,0,0,1521.079836755614
|||;30616.9,30616.9,30617,30617,0,0,0,0,1526.079836755614
|||;30616.9,30616.9,30617,30617,0,0,0,0,1531.079836755614
|||;30616.9,30616.9,30617,30617,0,0,0,0,1536.079836755614
|||;30616.9,30616.9,30617,30617,0,0,0,0,1541.079836755614
|||;30616.9,30616.9,30617,30617,0,0,0,0,1546.079836755614
|||;30616.9,30616.9,30617,30617,0,0,0,0,1551.079836755614
|||;30616.9,30616.9,30617,30617,0,0,0,0,1556.079836755614
|||;30616.9,30616.9,30617,30617,0,0,0,0,1561.079836755614
|||;30616.9,30616.9,30617,30617,0,0,0,0,1566.079836755614
|||;30616.9,30616.9,30617,30617,0,0,0,0,1571.079836755614
|||;30616.9,30616.9,30617,30617,0,0,0,0,1576.079836755614
|||;30616.9,30616.9,30617,30617,0,0,0,0,1581.079836755614
|||;30616.9,30616.9,30617,30617,0,0,0,0,1586.079836755614
|||;30616.9,30616.9,30617,30617,0,0,0,0,1591.079836755614
|||;30616.9,30616.9,30617,30617,0,0,0,0,1596.079836755614
|||;30616.9,30616.9,30617,30617,0,0,0,0,1601.079836755614
|||;30616.9,30616.9,30617,30617,0,0,0,0,1606.079836755614
|||;30616.9,30616.9,30617,30617,0,0,0,0,1611.079836755614
|||;30616.9,30616.9,30617,30617,0,0,0,0,1616.079836755614
|||;30616.9,30616.9,30617,30617,0,0,0,0,1621.079836755614
|||;30616.9,30616.9,30617,30617,0,0,0,0,1626.079836755614
|||;30616.9,30616.9,30617,30617,0,0,0,0,1631.079836755614
|||;30616.9,30616.9,30617,30617,0,0,0,0,1636.079836755614
106ufylh(2),|106ufylh(2),|106ufylh(2),|106ufylh(2),;26705.2,27683.1,28661.2,29639.1,15.152007884504,10.625951025747,6.09989416699,1.573837308233,1641.079836755614
106ufylh(2),|106ufylh(2),|106ufylh(2),|;26705.2,27683.1,28661.2,30617,10.152007884504,5.625951025747,1.09989416699,0,1646.079836755614
106ufylh(2),|106ufylh(2),||;26705.2,27683.1,30617,30617,5.152007884504,0.625951025747,0,0,1651.079836755614
106ufylh(2),|||;26705.2,30616.9,30617,30617,0.152007884504,0,0,0,1656.079836755614
|||;30616.9,30616.9,30617,30617,0,0,0,0,1661.079836755614
|||;30616.9,30616.9,30617,30617,0,0,0,0,1666.079836755614
|||;30616.9,30616.9,30617,30617,0,0,0,0,1671.079836755614
|||;30616.9,30616.9,30617,30617,0,0,0,0,1676.079836755614
|||;30616.9,30616.9,30617,30617,0,0,0,0,1681.079836755614
|||;30616.9,30616.9,30617,30617,0,0,0,0,1686.079836755614
|||;30616.9,30616.9,30617,30617,0,0,0,0,1691.079836755614
|||;30616.9,30616.9,30617,30617,0,0,0,0,1696.079836755614
|||;30616.9,30616.9,30617,30617,0,0,0,0,1701.079836755614
|||;30616.9,30616.9,30617,30617,0,0,0,0,1706.079836755614
|||;30616.9,30616.9,30617,30617,0,0,0,0,1711.079836755614
|||;30616.9,30616.9,30617,30617,0,0,0,0,1716.079836755614
|||;30616.9,30616.9,30617,30617,0,0,0,0,1721.079836755614
|||;30616.9,30616.9,30617,30617,0,0,0,0,1726.079836755614
|||;30616.9,30616.9,30617,30617,0,0,0,0,1731.079836755614
|||;30616.9,30616.9,30617,30617,0,0,0,0,1736.079836755614
|||;30616.9,30616.9,30617,30617,0,0,0,0,1741.079836755614
|||;30616.9,30616.9,30617,30617,0,0,0,0,1746.079836755614
|||;30616.9,30616.9,30617,30617,0,0,0,0,1751.079836755614
|||;30616.9,30616.9,30617,30617,0,0,0,0,1756.079836755614
|||;30616.9,30616.9,30617,30617,0,0,0,0,1761.079836755614
|||;30616.9,30616.9,30617,30617,0,0,0,0,1766.079836755614
|||;30616.9,30616.9,30617,30617,0,0,0,0,1771.079836755614
|||;30616.9,30616.9,30617,30617,0,0,0,0,1776.079836755614
856yomnl(2),|856yomnl(2),|856yomnl(2),|856yomnl(2),;28758.3,29377.9,29378,28758.4,8.422096964463,5.554804399491,5.554804399491,8.422096964463,1781.079836755614
856yomnl(2),|856yomnl(2),|856yomnl(2),|856yomnl(2),;28758.3,29377.9,29378,28758.4,3.422096964463,0.554804399491,0.554804399491,3.422096964463,1786.079836755614
|||;30616.9,30616.9,30617,30617,0,0,0,0,1791.079836755614
|||;30616.9,30616.9,30617,30617,0,0,0,0,1796.079836755614
|||;30616.9,30616.9,30617,30617,0,0,0,0,1801.079836755614
|||;30616.9,30616.9,30617,30617,0,0,0,0,1806.079836755614
|||;30616.9,30616.9,30617,30617,0,0,0,0,1811.079836755614
|||;30616.9,30616.9,30617,30617,0,0,0,0,1816.079836755614
|||;30616.9,30616.9,30617,30617,0,0,0,0,1821.079836755614
|||;30616.9,30616.9,30617,30617,0,0,0,0,1826.079836755614
|||;30616.9,30616.9,30617,30617,0,0,0,0,1831.079836755614
|||;30616.9,30616.9,30617,30617,0,0,0,0,1836.079836755614
|||;30616.9,30616.9,30617,30617,0,0,0,0,1841.079836755614
|||;30616.9,30616.9,30617,30617,0,0,0,0,1846.079836755614
534usgqt(2),|534usgqt(2),|534usgqt(2),|534usgqt(2),;28650.8,26684.7,27667.9,29634,6.343110198216,15.698617181267,11.020863689742,1.665356706691,1851.079836755614
534usgqt(2),|534usgqt(2),|534usgqt(2),|534usgqt(3),;28650.8,26684.7,27667.9,29634,1.343110198216,10.698617181267,6.020863689742,0,1856.079836755614
534usgqt(3),|534usgqt(2),|534usgqt(2),|534usgqt(3),;28650.8,26684.7,27667.9,29634,0,5.698617181267,1.020863689742,0,1861.079836755614
534usgqt(3),|534usgqt(2),663tpezf(0),|534usgqt(3),663tpezf(0),|534usgqt(3),663tpezf(0),;28650.8,25798.9,24124.9,26091,0,11.222414369337,18.860556839236,18.860556839236,1866.079836755614
534usgqt(3),|534usgqt(3),663tpezf(2),|534usgqt(3),663tpezf(2),|534usgqt(3),663tpezf(2),;28650.8,25798.9,24124.9,26091,0,6.222414369337,13.860556839236,13.860556839236,1871.079836755614
534usgqt(3),|534usgqt(3),|534usgqt(3),663tpezf(2),|534usgqt(3),663tpezf(2),;28650.8,26684.7,24124.9,26091,0,1.222414369337,8.860556839236,8.860556839236,1876.079836755614
534usgqt(3),|534usgqt(3),|534usgqt(3),663tpezf(2),|534usgqt(3),663tpezf(2),;28650.8,26684.7,24124.9,26091,0,0,3.860556839236,3.860556839236,1881.079836755614
534usgqt(3),|534usgqt(3),|534usgqt(3),663tpezf(3),|534usgqt(3),663tpezf(3),;28650.8,26684.7,24124.9,26091,0,0,0,0,1886.079836755614
534usgqt(3),|534usgqt(3),|534usgqt(3),663tpezf(3),|534usgqt(3),663tpezf(3),;28650.8,26684.7,24124.9,26091,0,0,0,0,1891.079836755614
534usgqt(3),|534usgqt(3),|534usgqt(3),663tpezf(3),|534usgqt(3),663tpezf(3),;28650.8,26684.7,24124.9,26091,0,0,0,0,1896.079836755614
534usgqt(3),|534usgqt(3),|534usgqt(3),663tpezf(3),|534usgqt(3),663tpezf(3),;28650.8,26684.7,24124.9,26091,0,0,0,0,1901.079836755614
534usgqt(3),|534usgqt(3),|534usgqt(3),663tpezf(3),|534usgqt(3),663tpezf(3),;28650.8,26684.7,24124.9,26091,0,0,0,0,1906.079836755614
534usgqt(3),779yxljf(0),|534usgqt(3),779yxljf(0),|534usgqt(3),663tpezf(3),779yxljf(0),|534usgqt(3),663tpezf(3),779yxljf(0),;28082.5,24411.4,22988.3,24386,2.908993042564,11.021971754428,5.613319279852,8.31764551714,1911.079836755614
534usgqt(3),|534usgqt(3),779yxljf(2),|534usgqt(3),663tpezf(3),779yxljf(2),|534usgqt(3),663tpezf(3),779yxljf(2),;28650.8,24411.4,22988.3,24386,0,6.021971754428,0.613319279852,3.31764551714,1916.079836755614
534usgqt(3),|534usgqt(3),779yxljf(2),|534usgqt(3),663tpezf(3),|534usgqt(3),663tpezf(3),779yxljf(3),;28650.8,24411.4,24124.9,24386,0,1.021971754428,0,0,1921.079836755614
|779yxljf(3),|663tpezf(3),|663tpezf(3),779yxljf(3),;30616.9,28343.6,27074,25369,0,0,0,0,1926.079836755614
|779yxljf(3),|663tpezf(3),|663tpezf(3),779yxljf(3),;30616.9,28343.6,27074,25369,0,0,0,0,1931.079836755614
|779yxljf(3),|663tpezf(3),|663tpezf(3),779yxljf(3),;30616.9,28343.6,27074,25369,0,0,0,0,1936.079836755614
|779yxljf(3),|663tpezf(3),|663tpezf(3),779yxljf(3),;30616.9,28343.6,27074,25369,0,0,0,0,1941.079836755614
|779yxljf(3),4hgmdk(2),|663tpezf(3),|663tpezf(3),779yxljf(3),;30616.9,27719,27074,25369,0,1.009003900507,0,0,1946.079836755614
|779yxljf(3),|663tpezf(3),|663tpezf(3),779yxljf(3),;30616.9,28343.6,27074,25369,0,0,0,0,1951.079836755614
|779yxljf(3),|663tpezf(3),|663tpezf(3),779yxljf(3),;30616.9,28343.6,27074,25369,0,0,0,0,1956.079836755614
|779yxljf(3),|663tpezf(3),|663tpezf(3),779yxljf(3),;30616.9,28343.6,27074,25369,0,0,0,0,1961.079836755614
|779yxljf(3),|663tpezf(3),|663tpezf(3),779yxljf(3),;30616.9,28343.6,27074,25369,0,0,0,0,1966.079836755614
|779yxljf(3),|663tpezf(3),|663tpezf(3),779yxljf(3),;30616.9,28343.6,27074,25369,0,0,0,0,1971.079836755614
|779yxljf(3),|663tpezf(3),|663tpezf(3),779yxljf(3),;30616.9,28343.6,27074,25369,0,0,0,0,1976.079836755614
|779yxljf(3),|663tpezf(3),|663tpezf(3),779yxljf(3),;30616.9,28343.6,27074,25369,0,0,0,0,1981.079836755614
|779yxljf(3),|663tpezf(3),|663tpezf(3),779yxljf(3),;30616.9,28343.6,27074,25369,0,0,0,0,1986.079836755614
|779yxljf(3),|663tpezf(3),|663tpezf(3),779yxljf(3),;30616.9,28343.6,27074,25369,0,0,0,0,1991.079836755614
|779yxljf(3),|663tpezf(3),|663tpezf(3),779yxljf(3),;30616.9,28343.6,27074,25369,0,0,0,0,1996.079836755614
