|||;29593,29593,29593,29593,0,0,0,0,1.143738831256
|||;29593,29593,29593,29593,0,0,0,0,6.143738831256
|||;29593,29593,29593,29593,0,0,0,0,11.143738831256
|||;29593,29593,29593,29593,0,0,0,0,16.143738831256
|||;29593,29593,29593,29593,0,0,0,0,21.143738831256
|||;29593,29593,29593,29593,0,0,0,0,26.143738831256
|||;29593,29593,29593,29593,0,0,0,0,31.143738831256
|||;29593,29593,29593,29593,0,0,0,0,36.143738831256
|||;29593,29593,29593,29593,0,0,0,0,41.143738831256
|||;29593,29593,29593,29593,0,0,0,0,46.143738831256
|||;29593,29593,29593,29593,0,0,0,0,51.143738831256
|||;29593,29593,29593,29593,0,0,0,0,56.143738831256
|||;29593,29593,29593,29593,0,0,0,0,61.143738831256
|||;29593,29593,29593,29593,0,0,0,0,66.143738831256
|||;29593,29593,29593,29593,0,0,0,0,71.143738831256
|||;29593,29593,29593,29593,0,0,0,0,76.143738831256
|||;29593,29593,29593,29593,0,0,0,0,81.143738831256
|||;29593,29593,29593,29593,0,0,0,0,86.143738831256
|||;29593,29593,29593,29593,0,0,0,0,91.143738831256
|||;29593,29593,29593,29593,0,0,0,0,96.143738831256
|||;29593,29593,29593,29593,0,0,0,0,101.143738831256
|419bklsc(2),|419bklsc(2),|419bklsc(2),;29593,26060.2,28886.4,28886.4,0,24.12674400058,2.885865028103,2.885865028103,106.143738831256
|419bklsc(2),||;29593,26060.2,29593,29593,0,19.12674400058,0,0,111.143738831256
|419bklsc(2),||;29593,26060.2,29593,29593,0,14.12674400058,0,0,116.143738831256
803npthw(2),|419bklsc(2),803npthw(1),|803npthw(2),|803npthw(2),;27166.1,25251.2,27166.1,27166.1,16.652275186195,17.632365403353,16.652275186195,16.652275186195,121.143738831256
803npthw(2),|419bklsc(2),803npthw(1),|803npthw(2),|803npthw(2),;27166.1,25251.2,27166.1,27166.1,11.652275186195,12.632365403353,11.652275186195,11.652275186195,126.143738831256
803npthw(2),|419bklsc(3),803npthw(2),|803npthw(2),|803npthw(2),;27166.1,25251.2,27166.1,27166.1,6.652275186195,7.632365403353,6.652275186195,6.652275186195,131.143738831256
803npthw(2),|419bklsc(3),803npthw(2),|803npthw(2),|803npthw(2),;27166.1,25251.2,27166.1,27166.1,1.652275186195,2.632365403353,1.652275186195,1.652275186195,136.143738831256
|419bklsc(3),||;29593,26060.2,29593,29593,0,0,0,0,141.143738831256
207jtrhz(2),|419bklsc(3),207jtrhz(2),|207jtrhz(2),|207jtrhz(2),;26684.8,25333.2,28866,26684.8,21.199069233747,4.806651765857,4.806651765857,21.199069233747,146.143738831256
207jtrhz(2),|419bklsc(3),||207jtrhz(2),;26684.8,26060.2,29593,26684.8,16.199069233747,0,0,16.199069233747,151.143738831256
207jtrhz(2),|419bklsc(3),||207jtrhz(2),;26684.8,26060.2,29593,26684.8,11.199069233747,0,0,11.199069233747,156.143738831256
207jtrhz(2),|419bklsc(3),||207jtrhz(2),;26684.8,26060.2,29593,26684.8,6.199069233747,0,0,6.199069233747,161.143738831256
207jtrhz(2),|419bklsc(3),||207jtrhz(2),;26684.8,26060.2,29593,26684.8,1.199069233747,0,0,1.199069233747,166.143738831256
207jtrhz(3),|419bklsc(3),||207jtrhz(3),;26684.8,26060.2,29593,26684.8,0,0,0,0,171.143738831256
207jtrhz(3),|419bklsc(3),||207jtrhz(3),;26684.8,26060.2,29593,26684.8,0,0,0,0,176.143738831256
207jtrhz(3),|419bklsc(3),||207jtrhz(3),;26684.8,26060.2,29593,26684.8,0,0,0,0,181.143738831256
207jtrhz(3),|419bklsc(3),||207jtrhz(3),;26684.8,26060.2,29593,26684.8,0,0,0,0,186.143738831256
207jtrhz(3),|419bklsc(3),||207jtrhz(3),;26684.8,26060.2,29593,26684.8,0,0,0,0,191.143738831256
207jtrhz(3),|419bklsc(3),||207jtrhz(3),;26684.8,26060.2,29593,26684.8,0,0,0,0,196.143738831256
|419bklsc(3),||;29593,26060.2,29593,29593,0,0,0,0,201.143738831256
254upsgy(2),|419bklsc(3),254upsgy(2),|254upsgy(2),|254upsgy(2),;28625.3,25092.5,28625.3,28625.3,6.834331553842,6.834331553842,6.834331553842,6.834331553842,206.143738831256
254upsgy(2),|419bklsc(3),254upsgy(2),|254upsgy(2),|254upsgy(2),;28625.3,25092.5,28625.3,28625.3,1.834331553842,1.834331553842,1.834331553842,1.834331553842,211.143738831256
254upsgy(3),884bxigt(2),|419bklsc(3),254upsgy(3),884bxigt(2),|254upsgy(3),884bxigt(2),|254upsgy(3),884bxigt(2),;28010.9,23249.3,27396.5,26782.1,4.839879520987,14.07504429163,9.457461906309,14.07504429163,216.143738831256
254upsgy(3),|419bklsc(3),254upsgy(3),884bxigt(2),|254upsgy(3),884bxigt(2),|254upsgy(3),884bxigt(2),;28625.3,23249.3,27396.5,26782.1,0,9.07504429163,4.457461906309,9.07504429163,221.143738831256
254upsgy(3),|419bklsc(3),254upsgy(3),884bxigt(2),|254upsgy(3),|254upsgy(3),884bxigt(2),;28625.3,23249.3,28625.3,26782.1,0,4.07504429163,0,4.07504429163,226.143738831256
254upsgy(3),|419bklsc(3),254upsgy(3),|254upsgy(3),|254upsgy(3),;28625.3,25092.5,28625.3,28625.3,0,0,0,0,231.143738831256
254upsgy(3),|254upsgy(3),|254upsgy(3),|254upsgy(3),;28625.3,28625.3,28625.3,28625.3,0,0,0,0,236.143738831256
254upsgy(3),|254upsgy(3),|254upsgy(3),|254upsgy(3),;28625.3,28625.3,28625.3,28625.3,0,0,0,0,241.143738831256
254upsgy(3),|254upsgy(3),|254upsgy(3),|254upsgy(3),;28625.3,28625.3,28625.3,28625.3,0,0,0,0,246.143738831256
254upsgy(3),|254upsgy(3),|254upsgy(3),|254upsgy(3),;28625.3,28625.3,28625.3,28625.3,0,0,0,0,251.143738831256
254upsgy(3),|254upsgy(3),|254upsgy(3),|254upsgy(3),;28625.3,28625.3,28625.3,28625.3,0,0,0,0,256.143738831256
254upsgy(3),|254upsgy(3),|254upsgy(3),|254upsgy(3),;28625.3,28625.3,28625.3,28625.3,0,0,0,0,261.143738831256
254upsgy(3),|254upsgy(3),|254upsgy(3),|254upsgy(3),;28625.3,28625.3,28625.3,28625.3,0,0,0,0,266.143738831256
254upsgy(3),|254upsgy(3),|254upsgy(3),|254upsgy(3),;28625.3,28625.3,28625.3,28625.3,0,0,0,0,271.143738831256
254upsgy(3),934ipwad(0),|254upsgy(3),934ipwad(0),|254upsgy(3),934ipwad(0),|254upsgy(3),934ipwad(0),;25937.3,27729.3,27729.3,27729.3,20.722199107726,7.254250483873,7.254250483873,7.254250483873,276.143738831256
254upsgy(3),934ipwad(2),655iztwv(1),|254upsgy(3),934ipwad(2),655iztwv(1),|254upsgy(3),934ipwad(2),655iztwv(1),|254upsgy(3),934ipwad(2),655iztwv(1),;24913.3,26193.3,27217.3,25681.3,26.240571299111,16.620607996359,8.924637354158,20.46859331746,281.143738831256
254upsgy(3),934ipwad(2),655iztwv(1),61qerzs(0),|254upsgy(3),655iztwv(2),61qerzs(0),|254upsgy(3),655iztwv(2),61qerzs(0),|254upsgy(3),655iztwv(2),61qerzs(0),;24078.7,24585.6,24775.1,25742.7,32.758539052061,35.683007896098,34.259253327292,26.98656107041,286.143738831256
254upsgy(3),934ipwad(2),655iztwv(1),61qerzs(1),|254upsgy(3),655iztwv(2),61qerzs(1),|254upsgy(3),61qerzs(2),|254upsgy(3),655iztwv(2),61qerzs(1),;24078.7,24585.6,25287.1,25742.7,27.758539052061,30.683007896098,29.259253327292,21.98656107041,291.143738831256
254upsgy(3),934ipwad(2),655iztwv(1),61qerzs(1),|254upsgy(3),61qerzs(1),|254upsgy(3),61qerzs(2),|254upsgy(3),655iztwv(2),61qerzs(1),;24078.7,26121.6,25287.1,25742.7,22.758539052061,25.683007896098,24.259253327292,16.98656107041,296.143738831256
655iztwv(2),61qerzs(1),|61qerzs(2),139pyvdx(0),|61qerzs(2),139pyvdx(0),|61qerzs(2),;27734.4,22148.5,21314,28758.4,17.758539052061,64.099593068458,62.675838499652,11.98656107041,301.143738831256
61qerzs(2),|61qerzs(2),139pyvdx(0),|61qerzs(2),139pyvdx(0),|61qerzs(3),;28758.4,22148.5,21314,28758.4,12.758539052061,59.099593068458,57.675838499652,6.98656107041,306.143738831256
61qerzs(2),|61qerzs(2),139pyvdx(1),|61qerzs(2),139pyvdx(1),|61qerzs(3),;28758.4,22148.5,21314,28758.4,7.758539052061,54.099593068458,52.675838499652,1.98656107041,311.143738831256
61qerzs(3),|61qerzs(3),139pyvdx(2),|61qerzs(3),139pyvdx(2),|61qerzs(3),;28758.4,22148.5,21314,28758.4,2.758539052061,49.099593068458,47.675838499652,0,316.143738831256
61qerzs(3),|61qerzs(3),139pyvdx(2),|61qerzs(3),139pyvdx(2),|61qerzs(3),;28758.4,22148.5,21314,28758.4,0,44.099593068458,42.675838499652,0,321.143738831256
61qerzs(3),|61qerzs(3),139pyvdx(2),|61qerzs(3),139pyvdx(2),|61qerzs(3),;28758.4,22148.5,21314,28758.4,0,39.099593068458,37.675838499652,0,326.143738831256
61qerzs(3),|61qerzs(3),139pyvdx(2),|61qerzs(3),139pyvdx(2),|61qerzs(3),;28758.4,22148.5,21314,28758.4,0,34.099593068458,32.675838499652,0,331.143738831256
61qerzs(3),|61qerzs(3),139pyvdx(2),|61qerzs(3),139pyvdx(2),|61qerzs(3),;28758.4,22148.5,21314,28758.4,0,29.099593068458,27.675838499652,0,336.143738831256
61qerzs(3),|61qerzs(3),139pyvdx(2),555sfrux(0),|61qerzs(3),139pyvdx(2),555sfrux(0),|61qerzs(3),;28758.4,20356.5,20418,28758.4,0,42.977921173245,34.703525625845,0,341.143738831256
61qerzs(3),|61qerzs(3),139pyvdx(2),555sfrux(1),|61qerzs(3),139pyvdx(2),555sfrux(1),|61qerzs(3),;28758.4,20356.5,20418,28758.4,0,37.977921173245,29.703525625845,0,346.143738831256
61qerzs(3),|139pyvdx(2),555sfrux(1),|61qerzs(3),139pyvdx(2),555sfrux(1),|61qerzs(3),;28758.4,22860.2,20418,28758.4,0,32.977921173245,24.703525625845,0,351.143738831256
|139pyvdx(3),555sfrux(2),|139pyvdx(3),555sfrux(2),|;29593,22860.2,23756.2,29593,0,27.977921173245,19.703525625845,0,356.143738831256
|139pyvdx(3),555sfrux(2),|139pyvdx(3),555sfrux(3),|;29593,22860.2,23756.2,29593,0,22.977921173245,14.703525625845,0,361.143738831256
|139pyvdx(3),555sfrux(2),|139pyvdx(3),555sfrux(3),|;29593,22860.2,23756.2,29593,0,17.977921173245,9.703525625845,0,366.143738831256
|139pyvdx(3),555sfrux(3),|139pyvdx(3),555sfrux(3),|;29593,22860.2,23756.2,29593,0,12.977921173245,4.703525625845,0,371.143738831256
|139pyvdx(3),555sfrux(3),|139pyvdx(3),555sfrux(3),|;29593,22860.2,23756.2,29593,0,7.977921173245,0,0,376.143738831256
254zxlaf(0),|139pyvdx(3),555sfrux(3),|139pyvdx(3),555sfrux(3),254zxlaf(0),|254zxlaf(0),;28671.4,22860.2,22834.6,27749.8,8.124530688169,2.977921173245,8.124530688169,15.050904266151,381.143738831256
254zxlaf(2),|139pyvdx(3),555sfrux(3),|139pyvdx(3),555sfrux(3),254zxlaf(2),|254zxlaf(2),;28671.4,22860.2,22834.6,27749.8,3.124530688169,0,3.124530688169,10.050904266151,386.143738831256
|139pyvdx(3),555sfrux(3),|139pyvdx(3),555sfrux(3),|254zxlaf(2),;29593,22860.2,23756.2,27749.8,0,0,0,5.050904266151,391.143738831256
|139pyvdx(3),555sfrux(3),|139pyvdx(3),555sfrux(3),|254zxlaf(3),;29593,22860.2,23756.2,27749.8,0,0,0,0.050904266151,396.143738831256
|139pyvdx(3),555sfrux(3),|139pyvdx(3),555sfrux(3),|254zxlaf(3),;29593,22860.2,23756.2,27749.8,0,0,0,0,401.143738831256
|139pyvdx(3),555sfrux(3),|139pyvdx(3),555sfrux(3),|254zxlaf(3),;29593,22860.2,23756.2,27749.8,0,0,0,0,406.143738831256
|139pyvdx(3),555sfrux(3),|139pyvdx(3),555sfrux(3),|254zxlaf(3),;29593,22860.2,23756.2,27749.8,0,0,0,0,411.143738831256
|139pyvdx(3),555sfrux(3),|139pyvdx(3),555sfrux(3),|254zxlaf(3),;29593,22860.2,23756.2,27749.8,0,0,0,0,416.143738831256
|139pyvdx(3),555sfrux(3),|139pyvdx(3),555sfrux(3),|254zxlaf(3),;29593,22860.2,23756.2,27749.8,0,0,0,0,421.143738831256
|139pyvdx(3),555sfrux(3),|139pyvdx(3),555sfrux(3),|254zxlaf(3),;29593,22860.2,23756.2,27749.8,0,0,0,0,426.143738831256
|139pyvdx(3),555sfrux(3),|139pyvdx(3),555sfrux(3),|254zxlaf(3),;29593,22860.2,23756.2,27749.8,0,0,0,0,431.143738831256
|139pyvdx(3),555sfrux(3),|139pyvdx(3),555sfrux(3),|254zxlaf(3),;29593,22860.2,23756.2,27749.8,0,0,0,0,436.143738831256
|139pyvdx(3),555sfrux(3),|139pyvdx(3),555sfrux(3),|254zxlaf(3),;29593,22860.2,23756.2,27749.8,0,0,0,0,441.143738831256
|139pyvdx(3),555sfrux(3),|139pyvdx(3),555sfrux(3),|254zxlaf(3),;29593,22860.2,23756.2,27749.8,0,0,0,0,446.143738831256
|139pyvdx(3),555sfrux(3),|139pyvdx(3),555sfrux(3),|254zxlaf(3),;29593,22860.2,23756.2,27749.8,0,0,0,0,451.143738831256
|139pyvdx(3),555sfrux(3),|139pyvdx(3),555sfrux(3),|254zxlaf(3),;29593,22860.2,23756.2,27749.8,0,0,0,0,456.143738831256
|139pyvdx(3),555sfrux(3),|139pyvdx(3),555sfrux(3),|254zxlaf(3),;29593,22860.2,23756.2,27749.8,0,0,0,0,461.143738831256
139hbngf(2),|139pyvdx(3),555sfrux(3),139hbngf(2),|139pyvdx(3),555sfrux(3),139hbngf(2),|254zxlaf(3),139hbngf(2),;28302.8,20924.8,22466,25814.4,9.171864409359,14.104325913946,9.171864409359,14.104325913946,466.143738831256
139hbngf(2),|139pyvdx(3),555sfrux(3),139hbngf(2),|139pyvdx(3),555sfrux(3),139hbngf(2),|254zxlaf(3),139hbngf(2),;28302.8,20924.8,22466,25814.4,4.171864409359,9.104325913946,4.171864409359,9.104325913946,471.143738831256
139hbngf(3),|139pyvdx(3),555sfrux(3),139hbngf(2),|139pyvdx(3),555sfrux(3),139hbngf(3),|254zxlaf(3),139hbngf(2),;28302.8,20924.8,22466,25814.4,0,4.104325913946,0,4.104325913946,476.143738831256
139hbngf(3),|139pyvdx(3),555sfrux(3),139hbngf(3),|139pyvdx(3),555sfrux(3),139hbngf(3),|254zxlaf(3),139hbngf(3),;28302.8,20924.8,22466,25814.4,0,0,0,0,481.143738831256
139hbngf(3),|139pyvdx(3),555sfrux(3),139hbngf(3),|139pyvdx(3),555sfrux(3),139hbngf(3),|254zxlaf(3),139hbngf(3),;28302.8,20924.8,22466,25814.4,0,0,0,0,486.143738831256
139hbngf(3),|139pyvdx(3),555sfrux(3),139hbngf(3),|139pyvdx(3),555sfrux(3),139hbngf(3),|254zxlaf(3),139hbngf(3),;28302.8,20924.8,22466,25814.4,0,0,0,0,491.143738831256
139hbngf(3),|139pyvdx(3),555sfrux(3),139hbngf(3),|139pyvdx(3),555sfrux(3),139hbngf(3),|254zxlaf(3),139hbngf(3),;28302.8,20924.8,22466,25814.4,0,0,0,0,496.143738831256
139hbngf(3),|139pyvdx(3),555sfrux(3),139hbngf(3),|139pyvdx(3),555sfrux(3),139hbngf(3),|254zxlaf(3),139hbngf(3),;28302.8,20924.8,22466,25814.4,0,0,0,0,501.143738831256
139hbngf(3),|139pyvdx(3),555sfrux(3),139hbngf(3),|139pyvdx(3),555sfrux(3),139hbngf(3),|254zxlaf(3),139hbngf(3),;28302.8,20924.8,22466,25814.4,0,0,0,0,506.143738831256
139hbngf(3),|139pyvdx(3),555sfrux(3),139hbngf(3),|139pyvdx(3),555sfrux(3),139hbngf(3),|254zxlaf(3),139hbngf(3),;28302.8,20924.8,22466,25814.4,0,0,0,0,511.143738831256
139hbngf(3),|139pyvdx(3),555sfrux(3),139hbngf(3),|139pyvdx(3),555sfrux(3),139hbngf(3),|254zxlaf(3),139hbngf(3),;28302.8,20924.8,22466,25814.4,0,0,0,0,516.143738831256
139hbngf(3),|139pyvdx(3),555sfrux(3),139hbngf(3),|139pyvdx(3),139hbngf(3),|254zxlaf(3),139hbngf(3),;28302.8,20924.8,23362,25814.4,0,0,0,0,521.143738831256
139hbngf(3),|139pyvdx(3),555sfrux(3),139hbngf(3),|139pyvdx(3),139hbngf(3),|254zxlaf(3),139hbngf(3),;28302.8,20924.8,23362,25814.4,0,0,0,0,526.143738831256
139hbngf(3),|139pyvdx(3),555sfrux(3),139hbngf(3),|139pyvdx(3),139hbngf(3),|254zxlaf(3),139hbngf(3),;28302.8,20924.8,23362,25814.4,0,0,0,0,531.143738831256
139hbngf(3),|139pyvdx(3),555sfrux(3),139hbngf(3),|139pyvdx(3),139hbngf(3),|254zxlaf(3),139hbngf(3),;28302.8,20924.8,23362,25814.4,0,0,0,0,536.143738831256
139hbngf(3),|139pyvdx(3),555sfrux(3),139hbngf(3),|139pyvdx(3),139hbngf(3),|254zxlaf(3),139hbngf(3),;28302.8,20924.8,23362,25814.4,0,0,0,0,541.143738831256
139hbngf(3),|139pyvdx(3),555sfrux(3),139hbngf(3),|139pyvdx(3),139hbngf(3),|254zxlaf(3),139hbngf(3),;28302.8,20924.8,23362,25814.4,0,0,0,0,546.143738831256
139hbngf(3),|139pyvdx(3),555sfrux(3),139hbngf(3),|139pyvdx(3),139hbngf(3),|254zxlaf(3),139hbngf(3),;28302.8,20924.8,23362,25814.4,0,0,0,0,551.143738831256
139hbngf(3),|139pyvdx(3),555sfrux(3),139hbngf(3),|139pyvdx(3),139hbngf(3),|139hbngf(3),;28302.8,20924.8,23362,27657.6,0,0,0,0,556.143738831256
139hbngf(3),|139pyvdx(3),555sfrux(3),139hbngf(3),|139pyvdx(3),139hbngf(3),|139hbngf(3),;28302.8,20924.8,23362,27657.6,0,0,0,0,561.143738831256
139hbngf(3),|139pyvdx(3),555sfrux(3),139hbngf(3),|139pyvdx(3),139hbngf(3),|139hbngf(3),;28302.8,20924.8,23362,27657.6,0,0,0,0,566.143738831256
139hbngf(3),|139pyvdx(3),555sfrux(3),139hbngf(3),|139pyvdx(3),139hbngf(3),|139hbngf(3),;28302.8,20924.8,23362,27657.6,0,0,0,0,571.143738831256
139hbngf(3),|139pyvdx(3),555sfrux(3),139hbngf(3),|139pyvdx(3),139hbngf(3),|139hbngf(3),;28302.8,20924.8,23362,27657.6,0,0,0,0,576.143738831256
139hbngf(3),|139pyvdx(3),555sfrux(3),139hbngf(3),|139pyvdx(3),139hbngf(3),|139hbngf(3),;28302.8,20924.8,23362,27657.6,0,0,0,0,581.143738831256
139hbngf(3),|139pyvdx(3),555sfrux(3),139hbngf(3),|139pyvdx(3),139hbngf(3),|139hbngf(3),;28302.8,20924.8,23362,27657.6,0,0,0,0,586.143738831256
139hbngf(3),|139pyvdx(3),555sfrux(3),139hbngf(3),|139pyvdx(3),139hbngf(3),|139hbngf(3),;28302.8,20924.8,23362,27657.6,0,0,0,0,591.143738831256
139hbngf(3),|139pyvdx(3),555sfrux(3),139hbngf(3),|139pyvdx(3),139hbngf(3),|139hbngf(3),;28302.8,20924.8,23362,27657.6,0,0,0,0,596.143738831256
139hbngf(3),|139pyvdx(3),555sfrux(3),139hbngf(3),|139pyvdx(3),139hbngf(3),|139hbngf(3),;28302.8,20924.8,23362,27657.6,0,0,0,0,601.143738831256
139hbngf(3),555mpkgu(0),637sriyb(0),|139pyvdx(3),555sfrux(3),139hbngf(3),555mpkgu(0),|139pyvdx(3),139hbngf(3),10bhqkp(2),637sriyb(0),|139hbngf(3),637sriyb(0),;25804.3,20095.4,21800.4,25988.5,26.956390024293,8.649516837304,17.062226866283,17.334110355733,606.143738831256
139hbngf(3),555mpkgu(2),637sriyb(1),468bchsa(0),|139pyvdx(3),139hbngf(3),555mpkgu(2),|139pyvdx(3),139hbngf(3),637sriyb(1),|139hbngf(3),637sriyb(2),;24990.2,21887.4,22527.4,25988.5,33.103014522138,3.649516837304,12.062226866283,12.334110355733,611.143738831256
139hbngf(3),637sriyb(2),468bchsa(1),|139pyvdx(3),139hbngf(3),|139pyvdx(3),139hbngf(3),637sriyb(2),|139hbngf(3),637sriyb(2),;25819.6,22716.8,22527.4,25988.5,28.103014522138,0,7.062226866283,7.334110355733,616.143738831256
139hbngf(3),637sriyb(2),468bchsa(1),|139pyvdx(3),139hbngf(3),|139pyvdx(3),139hbngf(3),|139hbngf(3),637sriyb(2),;25819.6,22716.8,23362,25988.5,23.103014522138,0,2.062226866283,2.334110355733,621.143738831256
139hbngf(3),637sriyb(2),468bchsa(1),|139pyvdx(3),139hbngf(3),|139pyvdx(3),139hbngf(3),|139hbngf(3),;25819.6,22716.8,23362,27657.6,18.103014522138,0,0,0,626.143738831256
139hbngf(3),468bchsa(2),|139pyvdx(3),139hbngf(3),|139pyvdx(3),139hbngf(3),|139hbngf(3),;27488.7,22716.8,23362,27657.6,13.103014522138,0,0,0,631.143738831256
139hbngf(3),468bchsa(3),|139pyvdx(3),139hbngf(3),|139pyvdx(3),139hbngf(3),|139hbngf(3),;27488.7,22716.8,23362,27657.6,8.103014522138,0,0,0,636.143738831256
139hbngf(3),468bchsa(3),|139pyvdx(3),139hbngf(3),|139pyvdx(3),139hbngf(3),|139hbngf(3),;27488.7,22716.8,23362,27657.6,3.103014522138,0,0,0,641.143738831256
139hbngf(3),468bchsa(3),|139pyvdx(3),139hbngf(3),|139pyvdx(3),139hbngf(3),|139hbngf(3),;27488.7,22716.8,23362,27657.6,0,0,0,0,646.143738831256
139hbngf(3),468bchsa(3),|139pyvdx(3),139hbngf(3),|139pyvdx(3),139hbngf(3),|139hbngf(3),;27488.7,22716.8,23362,27657.6,0,0,0,0,651.143738831256
139hbngf(3),468bchsa(3),|139pyvdx(3),139hbngf(3),|139pyvdx(3),139hbngf(3),|139hbngf(3),;27488.7,22716.8,23362,27657.6,0,0,0,0,656.143738831256
139hbngf(3),468bchsa(3),|139pyvdx(3),139hbngf(3),|139pyvdx(3),139hbngf(3),|139hbngf(3),;27488.7,22716.8,23362,27657.6,0,0,0,0,661.143738831256
139hbngf(3),468bchsa(3),|139pyvdx(3),139hbngf(3),|139pyvdx(3),139hbngf(3),|139hbngf(3),;27488.7,22716.8,23362,27657.6,0,0,0,0,666.143738831256
139hbngf(3),468bchsa(3),|139pyvdx(3),139hbngf(3),|139pyvdx(3),139hbngf(3),|139hbngf(3),;27488.7,22716.8,23362,27657.6,0,0,0,0,671.143738831256
139hbngf(3),468bchsa(3),|139pyvdx(3),139hbngf(3),|139pyvdx(3),139hbngf(3),|139hbngf(3),;27488.7,22716.8,23362,27657.6,0,0,0,0,676.143738831256
139hbngf(3),468bchsa(3),|139pyvdx(3),139hbngf(3),|139pyvdx(3),139hbngf(3),|139hbngf(3),;27488.7,22716.8,23362,27657.6,0,0,0,0,681.143738831256
139hbngf(3),468bchsa(3),|139pyvdx(3),139hbngf(3),|139pyvdx(3),139hbngf(3),|139hbngf(3),;27488.7,22716.8,23362,27657.6,0,0,0,0,686.143738831256
139hbngf(3),468bchsa(3),|139pyvdx(3),139hbngf(3),|139pyvdx(3),139hbngf(3),|139hbngf(3),;27488.7,22716.8,23362,27657.6,0,0,0,0,691.143738831256
139hbngf(3),468bchsa(3),|139pyvdx(3),139hbngf(3),|139pyvdx(3),139hbngf(3),|139hbngf(3),;27488.7,22716.8,23362,27657.6,0,0,0,0,696.143738831256
139hbngf(3),468bchsa(3),146gtqds(0),|139pyvdx(3),139hbngf(3),146gtqds(0),|139pyvdx(3),139hbngf(3),146gtqds(0),|139hbngf(3),146gtqds(0),;23802.3,21795.2,22440.4,24892.8,31.822768241271,10.323647507326,10.323647507326,24.65639466329,701.143738831256
139hbngf(3),468bchsa(3),146gtqds(2),|139pyvdx(3),139hbngf(3),146gtqds(2),|139pyvdx(3),139hbngf(3),146gtqds(2),|139hbngf(3),146gtqds(2),;23802.3,21795.2,22440.4,24892.8,26.822768241271,5.323647507326,5.323647507326,19.65639466329,706.143738831256
139hbngf(3),468bchsa(3),146gtqds(2),|139pyvdx(3),139hbngf(3),146gtqds(2),|139pyvdx(3),139hbngf(3),146gtqds(2),|139hbngf(3),146gtqds(2),;23802.3,21795.2,22440.4,24892.8,21.822768241271,0.323647507326,0.323647507326,14.65639466329,711.143738831256
139hbngf(3),468bchsa(3),146gtqds(2),|139pyvdx(3),139hbngf(3),146gtqds(3),|139pyvdx(3),139hbngf(3),146gtqds(3),|139hbngf(3),146gtqds(2),;23802.3,21795.2,22440.4,24892.8,16.822768241271,0,0,9.65639466329,716.143738831256
139hbngf(3),468bchsa(3),146gtqds(2),|139pyvdx(3),139hbngf(3),146gtqds(3),|139pyvdx(3),139hbngf(3),146gtqds(3),|139hbngf(3),146gtqds(2),;23802.3,21795.2,22440.4,24892.8,11.822768241271,0,0,4.65639466329,721.143738831256
139hbngf(3),468bchsa(3),146gtqds(2),|139pyvdx(3),139hbngf(3),146gtqds(3),|139pyvdx(3),139hbngf(3),146gtqds(3),|139hbngf(3),146gtqds(3),;23802.3,21795.2,22440.4,24892.8,6.822768241271,0,0,0,726.143738831256
139hbngf(3),468bchsa(3),146gtqds(2),|139hbngf(3),146gtqds(3),|139hbngf(3),146gtqds(3),|139hbngf(3),146gtqds(3),;23802.3,26736,27381.2,24892.8,1.822768241271,0,0,0,731.143738831256
139hbngf(3),468bchsa(3),146gtqds(3),|139hbngf(3),146gtqds(3),|139hbngf(3),146gtqds(3),|139hbngf(3),146gtqds(3),;23802.3,26736,27381.2,24892.8,0,0,0,0,736.143738831256
139hbngf(3),468bchsa(3),146gtqds(3),|139hbngf(3),146gtqds(3),|139hbngf(3),146gtqds(3),|139hbngf(3),146gtqds(3),;23802.3,26736,27381.2,24892.8,0,0,0,0,741.143738831256
139hbngf(3),468bchsa(3),146gtqds(3),|139hbngf(3),146gtqds(3),|139hbngf(3),146gtqds(3),|139hbngf(3),146gtqds(3),;23802.3,26736,27381.2,24892.8,0,0,0,0,746.143738831256
139hbngf(3),468bchsa(3),146gtqds(3),|139hbngf(3),146gtqds(3),|139hbngf(3),146gtqds(3),|139hbngf(3),146gtqds(3),;23802.3,26736,27381.2,24892.8,0,0,0,0,751.143738831256
139hbngf(3),468bchsa(3),146gtqds(3),|139hbngf(3),146gtqds(3),|139hbngf(3),146gtqds(3),|139hbngf(3),146gtqds(3),;23802.3,26736,27381.2,24892.8,0,0,0,0,756.143738831256
139hbngf(3),468bchsa(3),146gtqds(3),|139hbngf(3),146gtqds(3),|139hbngf(3),146gtqds(3),|139hbngf(3),146gtqds(3),;23802.3,26736,27381.2,24892.8,0,0,0,0,761.143738831256
468bchsa(3),146gtqds(3),|139hbngf(3),146gtqds(3),|146gtqds(3),|139hbngf(3),146gtqds(3),;25092.5,26736,28671.4,24892.8,0,0,0,0,766.143738831256
468bchsa(3),146gtqds(3),|146gtqds(3),|146gtqds(3),|146gtqds(3),;25092.5,28671.4,28671.4,26828.2,0,0,0,0,771.143738831256
468bchsa(3),146gtqds(3),|146gtqds(3),|146gtqds(3),|146gtqds(3),;25092.5,28671.4,28671.4,26828.2,0,0,0,0,776.143738831256
468bchsa(3),146gtqds(3),|146gtqds(3),|146gtqds(3),|146gtqds(3),;25092.5,28671.4,28671.4,26828.2,0,0,0,0,781.143738831256
468bchsa(3),146gtqds(3),|146gtqds(3),|146gtqds(3),|146gtqds(3),;25092.5,28671.4,28671.4,26828.2,0,0,0,0,786.143738831256
468bchsa(3),146gtqds(3),|146gtqds(3),|146gtqds(3),|146gtqds(3),;25092.5,28671.4,28671.4,26828.2,0,0,0,0,791.143738831256
468bchsa(3),146gtqds(3),|146gtqds(3),|146gtqds(3),|146gtqds(3),;25092.5,28671.4,28671.4,26828.2,0,0,0,0,796.143738831256
468bchsa(3),146gtqds(3),|146gtqds(3),|146gtqds(3),|146gtqds(3),;25092.5,28671.4,28671.4,26828.2,0,0,0,0,801.143738831256
468bchsa(3),146gtqds(3),146qzayp(0),|146gtqds(3),|146gtqds(3),146qzayp(0),|146gtqds(3),;22148.5,28671.4,26905,26828.2,25.19099232968,0,16.033959424481,0,806.143738831256
468bchsa(3),146gtqds(3),146qzayp(2),||146qzayp(2),|146gtqds(3),;22148.5,29593,27826.6,26828.2,20.19099232968,0,11.033959424481,0,811.143738831256
468bchsa(3),146gtqds(3),146qzayp(2),||146qzayp(2),|146gtqds(3),;22148.5,29593,27826.6,26828.2,15.19099232968,0,6.033959424481,0,816.143738831256
468bchsa(3),146gtqds(3),146qzayp(2),||146qzayp(2),|146gtqds(3),;22148.5,29593,27826.6,26828.2,10.19099232968,0,1.033959424481,0,821.143738831256
468bchsa(3),146gtqds(3),146qzayp(2),||146qzayp(3),|146gtqds(3),;22148.5,29593,27826.6,26828.2,5.19099232968,0,0,0,826.143738831256
468bchsa(3),146gtqds(3),146qzayp(3),||146qzayp(3),|146gtqds(3),;22148.5,29593,27826.6,26828.2,0.19099232968,0,0,0,831.143738831256
468bchsa(3),146gtqds(3),146qzayp(3),||146qzayp(3),|146gtqds(3),;22148.5,29593,27826.6,26828.2,0,0,0,0,836.143738831256
468bchsa(3),146gtqds(3),146qzayp(3),||146qzayp(3),|146gtqds(3),;22148.5,29593,27826.6,26828.2,0,0,0,0,841.143738831256
468bchsa(3),146gtqds(3),146qzayp(3),||146qzayp(3),|146gtqds(3),;22148.5,29593,27826.6,26828.2,0,0,0,0,846.143738831256
468bchsa(3),146gtqds(3),146qzayp(3),||146qzayp(3),|146gtqds(3),;22148.5,29593,27826.6,26828.2,0,0,0,0,851.143738831256
468bchsa(3),146gtqds(3),146qzayp(3),||146qzayp(3),|146gtqds(3),;22148.5,29593,27826.6,26828.2,0,0,0,0,856.143738831256
468bchsa(3),146gtqds(3),146qzayp(3),||146qzayp(3),|146gtqds(3),;22148.5,29593,27826.6,26828.2,0,0,0,0,861.143738831256
468bchsa(3),146gtqds(3),146qzayp(3),||146qzayp(3),|146gtqds(3),;22148.5,29593,27826.6,26828.2,0,0,0,0,866.143738831256
468bchsa(3),146gtqds(3),146qzayp(3),||146qzayp(3),|146gtqds(3),;22148.5,29593,27826.6,26828.2,0,0,0,0,871.143738831256
468bchsa(3),146gtqds(3),146qzayp(3),||146qzayp(3),|146gtqds(3),;22148.5,29593,27826.6,26828.2,0,0,0,0,876.143738831256
468bchsa(3),146gtqds(3),146qzayp(3),||146qzayp(3),|146gtqds(3),;22148.5,29593,27826.6,26828.2,0,0,0,0,881.143738831256
468bchsa(3),146gtqds(3),146qzayp(3),||146qzayp(3),|146gtqds(3),;22148.5,29593,27826.6,26828.2,0,0,0,0,886.143738831256
468bchsa(3),146gtqds(3),146qzayp(3),||146qzayp(3),|146gtqds(3),;22148.5,29593,27826.6,26828.2,0,0,0,0,891.143738831256
468bchsa(3),146gtqds(3),146qzayp(3),||146qzayp(3),|146gtqds(3),;22148.5,29593,27826.6,26828.2,0,0,0,0,896.143738831256
468bchsa(3),146gtqds(3),146qzayp(3),||146qzayp(3),|146gtqds(3),;22148.5,29593,27826.6,26828.2,0,0,0,0,901.143738831256
468bchsa(3),146gtqds(3),146qzayp(3),||146qzayp(3),|146gtqds(3),;22148.5,29593,27826.6,26828.2,0,0,0,0,906.143738831256
468bchsa(3),146gtqds(3),146qzayp(3),||146qzayp(3),|146gtqds(3),;22148.5,29593,27826.6,26828.2,0,0,0,0,911.143738831256
468bchsa(3),|||;28778.9,29593,29593,29593,0,0,0,0,916.143738831256
468bchsa(3),142whnre(2),|||;28144,29593,29593,29593,3.986716319861,0,0,0,921.143738831256
468bchsa(3),|||;28778.9,29593,29593,29593,0,0,0,0,926.143738831256
468bchsa(3),|||;28778.9,29593,29593,29593,0,0,0,0,931.143738831256
468bchsa(3),|||;28778.9,29593,29593,29593,0,0,0,0,936.143738831256
468bchsa(3),|||;28778.9,29593,29593,29593,0,0,0,0,941.143738831256
468bchsa(3),|||;28778.9,29593,29593,29593,0,0,0,0,946.143738831256
468bchsa(3),|||;28778.9,29593,29593,29593,0,0,0,0,951.143738831256
|||;29593,29593,29593,29593,0,0,0,0,956.143738831256
|||;29593,29593,29593,29593,0,0,0,0,961.143738831256
|||;29593,29593,29593,29593,0,0,0,0,966.143738831256
|||;29593,29593,29593,29593,0,0,0,0,971.143738831256
|||;29593,29593,29593,29593,0,0,0,0,976.143738831256
|||;29593,29593,29593,29593,0,0,0,0,981.143738831256
|||;29593,29593,29593,29593,0,0,0,0,986.143738831256
|||;29593,29593,29593,29593,0,0,0,0,991.143738831256
|||;29593,29593,29593,29593,0,0,0,0,996.143738831256
|||;29593,29593,29593,29593,0,0,0,0,1001.143738831256
|||;29593,29593,29593,29593,0,0,0,0,1006.143738831256
|||;29593,29593,29593,29593,0,0,0,0,1011.143738831256
|||;29593,29593,29593,29593,0,0,0,0,1016.143738831256
|||;29593,29593,29593,29593,0,0,0,0,1021.143738831256
|||;29593,29593,29593,29593,0,0,0,0,1026.143738831256
|||;29593,29593,29593,29593,0,0,0,0,1031.143738831256
|||;29593,29593,29593,29593,0,0,0,0,1036.143738831256
|||;29593,29593,29593,29593,0,0,0,0,1041.143738831256
309ozuxw(2),|309ozuxw(2),|309ozuxw(2),|309ozuxw(2),;28697,28697,28697,28697,5.388231454655,5.388231454655,5.388231454655,5.388231454655,1046.143738831256
309ozuxw(2),|309ozuxw(2),|309ozuxw(2),|309ozuxw(2),;28697,28697,28697,28697,0.388231454655,0.388231454655,0.388231454655,0.388231454655,1051.143738831256
|||;29593,29593,29593,29593,0,0,0,0,1056.143738831256
|||;29593,29593,29593,29593,0,0,0,0,1061.143738831256
|||;29593,29593,29593,29593,0,0,0,0,1066.143738831256
|||;29593,29593,29593,29593,0,0,0,0,1071.143738831256
|||;29593,29593,29593,29593,0,0,0,0,1076.143738831256
|||;29593,29593,29593,29593,0,0,0,0,1081.143738831256
|||;29593,29593,29593,29593,0,0,0,0,1086.143738831256
|||;29593,29593,29593,29593,0,0,0,0,1091.143738831256
|506sqmob(2),||;29593,28763.6,29593,29593,0,4.417026353191,0,0,1096.143738831256
|506sqmob(3),||;29593,28763.6,29593,29593,0,0,0,0,1101.143738831256
|506sqmob(3),||;29593,28763.6,29593,29593,0,0,0,0,1106.143738831256
|506sqmob(3),||;29593,28763.6,29593,29593,0,0,0,0,1111.143738831256
|506sqmob(3),||;29593,28763.6,29593,29593,0,0,0,0,1116.143738831256
|506sqmob(3),||;29593,28763.6,29593,29593,0,0,0,0,1121.143738831256
|506sqmob(3),||;29593,28763.6,29593,29593,0,0,0,0,1126.143738831256
|506sqmob(3),||;29593,28763.6,29593,29593,0,0,0,0,1131.143738831256
|506sqmob(3),||;29593,28763.6,29593,29593,0,0,0,0,1136.143738831256
|506sqmob(3),||;29593,28763.6,29593,29593,0,0,0,0,1141.143738831256
|506sqmob(3),||;29593,28763.6,29593,29593,0,0,0,0,1146.143738831256
|506sqmob(3),||;29593,28763.6,29593,29593,0,0,0,0,1151.143738831256
|506sqmob(3),||;29593,28763.6,29593,29593,0,0,0,0,1156.143738831256
|506sqmob(3),||;29593,28763.6,29593,29593,0,0,0,0,1161.143738831256
|506sqmob(3),||;29593,28763.6,29593,29593,0,0,0,0,1166.143738831256
|506sqmob(3),||;29593,28763.6,29593,29593,0,0,0,0,1171.143738831256
|506sqmob(3),||;29593,28763.6,29593,29593,0,0,0,0,1176.143738831256
|506sqmob(3),||;29593,28763.6,29593,29593,0,0,0,0,1181.143738831256
|506sqmob(3),||;29593,28763.6,29593,29593,0,0,0,0,1186.143738831256
|506sqmob(3),||;29593,28763.6,29593,29593,0,0,0,0,1191.143738831256
|506sqmob(3),||;29593,28763.6,29593,29593,0,0,0,0,1196.143738831256
|506sqmob(3),||;29593,28763.6,29593,29593,0,0,0,0,1201.143738831256
|506sqmob(3),||;29593,28763.6,29593,29593,0,0,0,0,1206.143738831256
|506sqmob(3),||;29593,28763.6,29593,29593,0,0,0,0,1211.143738831256
|506sqmob(3),||;29593,28763.6,29593,29593,0,0,0,0,1216.143738831256
|506sqmob(3),||;29593,28763.6,29593,29593,0,0,0,0,1221.143738831256
|506sqmob(3),||;29593,28763.6,29593,29593,0,0,0,0,1226.143738831256
|506sqmob(3),||;29593,28763.6,29593,29593,0,0,0,0,1231.143738831256
|506sqmob(3),||;29593,28763.6,29593,29593,0,0,0,0,1236.143738831256
|506sqmob(3),||;29593,28763.6,29593,29593,0,0,0,0,1241.143738831256
|506sqmob(3),||;29593,28763.6,29593,29593,0,0,0,0,1246.143738831256
|506sqmob(3),||;29593,28763.6,29593,29593,0,0,0,0,1251.143738831256
|506sqmob(3),||;29593,28763.6,29593,29593,0,0,0,0,1256.143738831256
|506sqmob(3),||;29593,28763.6,29593,29593,0,0,0,0,1261.143738831256
|506sqmob(3),||;29593,28763.6,29593,29593,0,0,0,0,1266.143738831256
|506sqmob(3),||;29593,28763.6,29593,29593,0,0,0,0,1271.143738831256
|506sqmob(3),||;29593,28763.6,29593,29593,0,0,0,0,1276.143738831256
|506sqmob(3),||;29593,28763.6,29593,29593,0,0,0,0,1281.143738831256
|506sqmob(3),||;29593,28763.6,29593,29593,0,0,0,0,1286.143738831256
|506sqmob(3),||;29593,28763.6,29593,29593,0,0,0,0,1291.143738831256
|506sqmob(3),||;29593,28763.6,29593,29593,0,0,0,0,1296.143738831256
|506sqmob(3),||;29593,28763.6,29593,29593,0,0,0,0,1301.143738831256
|506sqmob(3),||;29593,28763.6,29593,29593,0,0,0,0,1306.143738831256
|506sqmob(3),||;29593,28763.6,29593,29593,0,0,0,0,1311.143738831256
|506sqmob(3),||;29593,28763.6,29593,29593,0,0,0,0,1316.143738831256
|506sqmob(3),||;29593,28763.6,29593,29593,0,0,0,0,1321.143738831256
|506sqmob(3),||;29593,28763.6,29593,29593,0,0,0,0,1326.143738831256
|506sqmob(3),||;29593,28763.6,29593,29593,0,0,0,0,1331.143738831256
|506sqmob(3),||;29593,28763.6,29593,29593,0,0,0,0,1336.143738831256
|506sqmob(3),||;29593,28763.6,29593,29593,0,0,0,0,1341.143738831256
|506sqmob(3),||;29593,28763.6,29593,29593,0,0,0,0,1346.143738831256
|506sqmob(3),||;29593,28763.6,29593,29593,0,0,0,0,1351.143738831256
|506sqmob(3),||;29593,28763.6,29593,29593,0,0,0,0,1356.143738831256
|506sqmob(3),||;29593,28763.6,29593,29593,0,0,0,0,1361.143738831256
|506sqmob(3),||;29593,28763.6,29593,29593,0,0,0,0,1366.143738831256
|506sqmob(3),||;29593,28763.6,29593,29593,0,0,0,0,1371.143738831256
|506sqmob(3),||;29593,28763.6,29593,29593,0,0,0,0,1376.143738831256
|506sqmob(3),||;29593,28763.6,29593,29593,0,0,0,0,1381.143738831256
|506sqmob(3),||;29593,28763.6,29593,29593,0,0,0,0,1386.143738831256
|506sqmob(3),||;29593,28763.6,29593,29593,0,0,0,0,1391.143738831256
|506sqmob(3),||;29593,28763.6,29593,29593,0,0,0,0,1396.143738831256
|506sqmob(3),||;29593,28763.6,29593,29593,0,0,0,0,1401.143738831256
|506sqmob(3),||;29593,28763.6,29593,29593,0,0,0,0,1406.143738831256
|506sqmob(3),||;29593,28763.6,29593,29593,0,0,0,0,1411.143738831256
|506sqmob(3),||;29593,28763.6,29593,29593,0,0,0,0,1416.143738831256
|506sqmob(3),||;29593,28763.6,29593,29593,0,0,0,0,1421.143738831256
|506sqmob(3),||;29593,28763.6,29593,29593,0,0,0,0,1426.143738831256
|506sqmob(3),||;29593,28763.6,29593,29593,0,0,0,0,1431.143738831256
815iuxlo(0),|506sqmob(3),||;28645.8,28763.6,29593,29593,9.362271993368,0,0,0,1436.143738831256
815iuxlo(2),|506sqmob(3),||;28645.8,28763.6,29593,29593,4.362271993368,0,0,0,1441.143738831256
815iuxlo(3),|506sqmob(3),||;28645.8,28763.6,29593,29593,0,0,0,0,1446.143738831256
815iuxlo(3),|506sqmob(3),||;28645.8,28763.6,29593,29593,0,0,0,0,1451.143738831256
815iuxlo(3),|506sqmob(3),||;28645.8,28763.6,29593,29593,0,0,0,0,1456.143738831256
815iuxlo(3),|506sqmob(3),||;28645.8,28763.6,29593,29593,0,0,0,0,1461.143738831256
815iuxlo(3),|506sqmob(3),||;28645.8,28763.6,29593,29593,0,0,0,0,1466.143738831256
815iuxlo(3),|506sqmob(3),||;28645.8,28763.6,29593,29593,0,0,0,0,1471.143738831256
815iuxlo(3),|506sqmob(3),||;28645.8,28763.6,29593,29593,0,0,0,0,1476.143738831256
815iuxlo(3),|506sqmob(3),||;28645.8,28763.6,29593,29593,0,0,0,0,1481.143738831256
815iuxlo(3),|506sqmob(3),||;28645.8,28763.6,29593,29593,0,0,0,0,1486.143738831256
815iuxlo(3),|||;28645.8,29593,29593,29593,0,0,0,0,1491.143738831256
815iuxlo(3),|||;28645.8,29593,29593,29593,0,0,0,0,1496.143738831256
815iuxlo(3),|||;28645.8,29593,29593,29593,0,0,0,0,1501.143738831256
815iuxlo(3),|||;28645.8,29593,29593,29593,0,0,0,0,1506.143738831256
815iuxlo(3),|||;28645.8,29593,29593,29593,0,0,0,0,1511.143738831256
815iuxlo(3),|||;28645.8,29593,29593,29593,0,0,0,0,1516.143738831256
815iuxlo(3),|||;28645.8,29593,29593,29593,0,0,0,0,1521.143738831256
815iuxlo(3),|||;28645.8,29593,29593,29593,0,0,0,0,1526.143738831256
815iuxlo(3),|||;28645.8,29593,29593,29593,0,0,0,0,1531.143738831256
815iuxlo(3),|||;28645.8,29593,29593,29593,0,0,0,0,1536.143738831256
815iuxlo(3),|||;28645.8,29593,29593,29593,0,0,0,0,1541.143738831256
815iuxlo(3),|||;28645.8,29593,29593,29593,0,0,0,0,1546.143738831256
815iuxlo(3),|||;28645.8,29593,29593,29593,0,0,0,0,1551.143738831256
815iuxlo(3),|||;28645.8,29593,29593,29593,0,0,0,0,1556.143738831256
815iuxlo(3),|||;28645.8,29593,29593,29593,0,0,0,0,1561.143738831256
815iuxlo(3),|||;28645.8,29593,29593,29593,0,0,0,0,1566.143738831256
815iuxlo(3),|||;28645.8,29593,29593,29593,0,0,0,0,1571.143738831256
815iuxlo(3),|||;28645.8,29593,29593,29593,0,0,0,0,1576.143738831256
815iuxlo(3),|||;28645.8,29593,29593,29593,0,0,0,0,1581.143738831256
815iuxlo(3),|||;28645.8,29593,29593,29593,0,0,0,0,1586.143738831256
815iuxlo(3),|||;28645.8,29593,29593,29593,0,0,0,0,1591.143738831256
815iuxlo(3),|||;28645.8,29593,29593,29593,0,0,0,0,1596.143738831256
|||;29593,29593,29593,29593,0,0,0,0,1601.143738831256
|||;29593,29593,29593,29593,0,0,0,0,1606.143738831256
|||;29593,29593,29593,29593,0,0,0,0,1611.143738831256
127rfigw(2),|||;28973.5,29593,29593,29593,2.861405237307,0,0,0,1616.143738831256
|||;29593,29593,29593,29593,0,0,0,0,1621.143738831256
|||;29593,29593,29593,29593,0,0,0,0,1626.143738831256
|||;29593,29593,29593,29593,0,0,0,0,1631.143738831256
|||;29593,29593,29593,29593,0,0,0,0,1636.143738831256
|||;29593,29593,29593,29593,0,0,0,0,1641.143738831256
|||;29593,29593,29593,29593,0,0,0,0,1646.143738831256
|||;29593,29593,29593,29593,0,0,0,0,1651.143738831256
|||;29593,29593,29593,29593,0,0,0,0,1656.143738831256
|||;29593,29593,29593,29593,0,0,0,0,1661.143738831256
|||;29593,29593,29593,29593,0,0,0,0,1666.143738831256
|||;29593,29593,29593,29593,0,0,0,0,1671.143738831256
|||;29593,29593,29593,29593,0,0,0,0,1676.143738831256
|||;29593,29593,29593,29593,0,0,0,0,1681.143738831256
|||;29593,29593,29593,29593,0,0,0,0,1686.143738831256
|||;29593,29593,29593,29593,0,0,0,0,1691.143738831256
|||;29593,29593,29593,29593,0,0,0,0,1696.143738831256
|||;29593,29593,29593,29593,0,0,0,0,1701.143738831256
|||;29593,29593,29593,29593,0,0,0,0,1706.143738831256
|||;29593,29593,29593,29593,0,0,0,0,1711.143738831256
|||;29593,29593,29593,29593,0,0,0,0,1716.143738831256
|||;29593,29593,29593,29593,0,0,0,0,1721.143738831256
|||;29593,29593,29593,29593,0,0,0,0,1726.143738831256
|||;29593,29593,29593,29593,0,0,0,0,1731.143738831256
|||;29593,29593,29593,29593,0,0,0,0,1736.143738831256
|||;29593,29593,29593,29593,0,0,0,0,1741.143738831256
|||;29593,29593,29593,29593,0,0,0,0,1746.143738831256
|||;29593,29593,29593,29593,0,0,0,0,1751.143738831256
|||;29593,29593,29593,29593,0,0,0,0,1756.143738831256
|||;29593,29593,29593,29593,0,0,0,0,1761.143738831256
|||;29593,29593,29593,29593,0,0,0,0,1766.143738831256
|||;29593,29593,29593,29593,0,0,0,0,1771.143738831256
|||;29593,29593,29593,29593,0,0,0,0,1776.143738831256
|||;29593,29593,29593,29593,0,0,0,0,1781.143738831256
|||;29593,29593,29593,29593,0,0,0,0,1786.143738831256
|||;29593,29593,29593,29593,0,0,0,0,1791.143738831256
|||;29593,29593,29593,29593,0,0,0,0,1796.143738831256
|||;29593,29593,29593,29593,0,0,0,0,1801.143738831256
|||;29593,29593,29593,29593,0,0,0,0,1806.143738831256
|||;29593,29593,29593,29593,0,0,0,0,1811.143738831256
|||;29593,29593,29593,29593,0,0,0,0,1816.143738831256
|||;29593,29593,29593,29593,0,0,0,0,1821.143738831256
|||;29593,29593,29593,29593,0,0,0,0,1826.143738831256
|||;29593,29593,29593,29593,0,0,0,0,1831.143738831256
|||;29593,29593,29593,29593,0,0,0,0,1836.143738831256
|||;29593,29593,29593,29593,0,0,0,0,1841.143738831256
|||;29593,29593,29593,29593,0,0,0,0,1846.143738831256
|||;29593,29593,29593,29593,0,0,0,0,1851.143738831256
|||;29593,29593,29593,29593,0,0,0,0,1856.143738831256
|||;29593,29593,29593,29593,0,0,0,0,1861.143738831256
|||;29593,29593,29593,29593,0,0,0,0,1866.143738831256
|||;29593,29593,29593,29593,0,0,0,0,1871.143738831256
|||;29593,29593,29593,29593,0,0,0,0,1876.143738831256
|||;29593,29593,29593,29593,0,0,0,0,1881.143738831256
|||;29593,29593,29593,29593,0,0,0,0,1886.143738831256
|||;29593,29593,29593,29593,0,0,0,0,1891.143738831256
|||;29593,29593,29593,29593,0,0,0,0,1896.143738831256
|||;29593,29593,29593,29593,0,0,0,0,1901.143738831256
|||;29593,29593,29593,29593,0,0,0,0,1906.143738831256
|||;29593,29593,29593,29593,0,0,0,0,1911.143738831256
|||;29593,29593,29593,29593,0,0,0,0,1916.143738831256
|||;29593,29593,29593,29593,0,0,0,0,1921.143738831256
|||;29593,29593,29593,29593,0,0,0,0,1926.143738831256
|||;29593,29593,29593,29593,0,0,0,0,1931.143738831256
123jfwve(2),|123jfwve(2),|123jfwve(2),|123jfwve(2),;27903.4,27903.4,27058.6,27058.6,8.836047958217,8.836047958217,15.295223738033,15.295223738033,1936.143738831256
123jfwve(2),|123jfwve(2),|123jfwve(2),|123jfwve(2),;27903.4,27903.4,27058.6,27058.6,3.836047958217,3.836047958217,10.295223738033,10.295223738033,1941.143738831256
123jfwve(3),|123jfwve(3),|123jfwve(2),|123jfwve(2),;27903.4,27903.4,27058.6,27058.6,0,0,5.295223738033,5.295223738033,1946.143738831256
123jfwve(3),|123jfwve(3),|123jfwve(3),|123jfwve(3),;27903.4,27903.4,27058.6,27058.6,0,0,0.295223738033,0.295223738033,1951.143738831256
123jfwve(3),|123jfwve(3),|123jfwve(3),|123jfwve(3),;27903.4,27903.4,27058.6,27058.6,0,0,0,0,1956.143738831256
123jfwve(3),|123jfwve(3),|123jfwve(3),|123jfwve(3),;27903.4,27903.4,27058.6,27058.6,0,0,0,0,1961.143738831256
123jfwve(3),|123jfwve(3),|123jfwve(3),|123jfwve(3),;27903.4,27903.4,27058.6,27058.6,0,0,0,0,1966.143738831256
123jfwve(3),|123jfwve(3),|123jfwve(3),|123jfwve(3),;27903.4,27903.4,27058.6,27058.6,0,0,0,0,1971.143738831256
123jfwve(3),|123jfwve(3),|123jfwve(3),|123jfwve(3),;27903.4,27903.4,27058.6,27058.6,0,0,0,0,1976.143738831256
123jfwve(3),|123jfwve(3),|123jfwve(3),|123jfwve(3),;27903.4,27903.4,27058.6,27058.6,0,0,0,0,1981.143738831256
123jfwve(3),|123jfwve(3),|123jfwve(3),|123jfwve(3),;27903.4,27903.4,27058.6,27058.6,0,0,0,0,1986.143738831256
123jfwve(3),|123jfwve(3),|123jfwve(3),|123jfwve(3),;27903.4,27903.4,27058.6,27058.6,0,0,0,0,1991.143738831256
123jfwve(3),|123jfwve(3),|123jfwve(3),|123jfwve(3),;27903.4,27903.4,27058.6,27058.6,0,0,0,0,1996.143738831256
