|||;21196,21196,21196,21196,0,0,0,0,1.029043108448
|||;21196,21196,21196,21196,0,0,0,0,6.029043108448
|||;21196,21196,21196,21196,0,0,0,0,11.029043108448
|||;21196,21196,21196,21196,0,0,0,0,16.029043108448
|||;21196,21196,21196,21196,0,0,0,0,21.029043108448
|||;21196,21196,21196,21196,0,0,0,0,26.029043108448
|||;21196,21196,21196,21196,0,0,0,0,31.029043108448
|||;21196,21196,21196,21196,0,0,0,0,36.029043108448
|||;21196,21196,21196,21196,0,0,0,0,41.029043108448
|||;21196,21196,21196,21196,0,0,0,0,46.029043108448
|||;21196,21196,21196,21196,0,0,0,0,51.029043108448
|||;21196,21196,21196,21196,0,0,0,0,56.029043108448
|||;21196,21196,21196,21196,0,0,0,0,61.029043108448
|||;21196,21196,21196,21196,0,0,0,0,66.029043108448
|||;21196,21196,21196,21196,0,0,0,0,71.029043108448
|||;21196,21196,21196,21196,0,0,0,0,76.029043108448
|||;21196,21196,21196,21196,0,0,0,0,81.029043108448
|||;21196,21196,21196,21196,0,0,0,0,86.029043108448
555yntue(2),||555yntue(2),|;17632.5,21196,17632.5,21196,18.41521989463,0,18.41521989463,0,91.029043108448
555yntue(2),||555yntue(2),951jbkwy(1),|;17632.5,21196,14294.3,21196,13.41521989463,0,39.88585627428,0,96.029043108448
555yntue(2),||555yntue(2),951jbkwy(1),|;17632.5,21196,14294.3,21196,8.41521989463,0,34.88585627428,0,101.029043108448
555yntue(2),497sbenw(0),|497sbenw(0),|555yntue(2),951jbkwy(1),|497sbenw(0),;15666.4,18246.9,14294.3,18246.9,20.966909452124,22.579920804601,29.88585627428,22.579920804601,106.029043108448
555yntue(3),497sbenw(2),|497sbenw(2),|555yntue(3),951jbkwy(2),|497sbenw(2),;15666.4,18246.9,14294.3,18246.9,15.966909452124,17.579920804601,24.88585627428,17.579920804601,111.029043108448
555yntue(3),497sbenw(2),|497sbenw(2),|555yntue(3),951jbkwy(2),|497sbenw(2),;15666.4,18246.9,14294.3,18246.9,10.966909452124,12.579920804601,19.88585627428,12.579920804601,116.029043108448
555yntue(3),497sbenw(2),|497sbenw(2),|555yntue(3),951jbkwy(2),|497sbenw(2),;15666.4,18246.9,14294.3,18246.9,5.966909452124,7.579920804601,14.88585627428,7.579920804601,121.029043108448
555yntue(3),497sbenw(3),|497sbenw(2),|555yntue(3),951jbkwy(2),|497sbenw(2),;15666.4,18246.9,14294.3,18246.9,0.966909452124,2.579920804601,9.88585627428,2.579920804601,126.029043108448
555yntue(3),497sbenw(3),|497sbenw(3),|555yntue(3),951jbkwy(3),|497sbenw(3),;15666.4,18246.9,14294.3,18246.9,0,0,4.88585627428,0,131.029043108448
555yntue(3),497sbenw(3),|497sbenw(3),|555yntue(3),951jbkwy(3),|497sbenw(3),;15666.4,18246.9,14294.3,18246.9,0,0,0,0,136.029043108448
555yntue(3),497sbenw(3),|497sbenw(3),|555yntue(3),951jbkwy(3),|497sbenw(3),;15666.4,18246.9,14294.3,18246.9,0,0,0,0,141.029043108448
555yntue(3),497sbenw(3),|497sbenw(3),|555yntue(3),|497sbenw(3),;15666.4,18246.9,17632.5,18246.9,0,0,0,0,146.029043108448
555yntue(3),497sbenw(3),|497sbenw(3),|555yntue(3),|497sbenw(3),;15666.4,18246.9,17632.5,18246.9,0,0,0,0,151.029043108448
555yntue(3),497sbenw(3),|497sbenw(3),|555yntue(3),|497sbenw(3),;15666.4,18246.9,17632.5,18246.9,0,0,0,0,156.029043108448
555yntue(3),497sbenw(3),|497sbenw(3),|555yntue(3),|497sbenw(3),;15666.4,18246.9,17632.5,18246.9,0,0,0,0,161.029043108448
555yntue(3),497sbenw(3),|497sbenw(3),|555yntue(3),|497sbenw(3),;15666.4,18246.9,17632.5,18246.9,0,0,0,0,166.029043108448
555yntue(3),497sbenw(3),|497sbenw(3),|555yntue(3),|497sbenw(3),;15666.4,18246.9,17632.5,18246.9,0,0,0,0,171.029043108448
555yntue(3),497sbenw(3),|497sbenw(3),|555yntue(3),|497sbenw(3),;15666.4,18246.9,17632.5,18246.9,0,0,0,0,176.029043108448
555yntue(3),497sbenw(3),|497sbenw(3),|555yntue(3),|497sbenw(3),;15666.4,18246.9,17632.5,18246.9,0,0,0,0,181.029043108448
555yntue(3),497sbenw(3),|497sbenw(3),|555yntue(3),|497sbenw(3),;15666.4,18246.9,17632.5,18246.9,0,0,0,0,186.029043108448
555yntue(3),497sbenw(3),497orcjw(0),|497sbenw(3),497orcjw(0),|555yntue(3),497orcjw(0),|497sbenw(3),497orcjw(0),;14954.7,17535.2,16920.8,17535.2,6.636606404789,6.636606404789,6.636606404789,6.636606404789,191.029043108448
555yntue(3),497orcjw(2),|497orcjw(2),|555yntue(3),497orcjw(2),|497orcjw(2),;16920.8,20484.3,16920.8,20484.3,1.636606404789,1.636606404789,1.636606404789,1.636606404789,196.029043108448
555yntue(3),||555yntue(3),|;17632.5,21196,17632.5,21196,0,0,0,0,201.029043108448
555yntue(3),||555yntue(3),|;17632.5,21196,17632.5,21196,0,0,0,0,206.029043108448
555yntue(3),|884bxigt(0),|555yntue(3),|;17632.5,20581.6,17632.5,21196,0,5.333014695599,0,0,211.029043108448
555yntue(3),|884bxigt(2),|555yntue(3),|;17632.5,20581.6,17632.5,21196,0,0.333014695599,0,0,216.029043108448
555yntue(3),||555yntue(3),|;17632.5,21196,17632.5,21196,0,0,0,0,221.029043108448
555yntue(3),||555yntue(3),|;17632.5,21196,17632.5,21196,0,0,0,0,226.029043108448
555yntue(3),||555yntue(3),|;17632.5,21196,17632.5,21196,0,0,0,0,231.029043108448
555yntue(3),||555yntue(3),|;17632.5,21196,17632.5,21196,0,0,0,0,236.029043108448
555yntue(3),||555yntue(3),|;17632.5,21196,17632.5,21196,0,0,0,0,241.029043108448
555yntue(3),||555yntue(3),|;17632.5,21196,17632.5,21196,0,0,0,0,246.029043108448
|||;21196,21196,21196,21196,0,0,0,0,251.029043108448
|||;21196,21196,21196,21196,0,0,0,0,256.029043108448
|||;21196,21196,21196,21196,0,0,0,0,261.029043108448
|||;21196,21196,21196,21196,0,0,0,0,266.029043108448
|||;21196,21196,21196,21196,0,0,0,0,271.029043108448
|||;21196,21196,21196,21196,0,0,0,0,276.029043108448
497sumgz(2),||497sumgz(2),|;20479.2,21196,20479.2,21196,4.289901435964,0,4.289901435964,0,281.029043108448
|||;21196,21196,21196,21196,0,0,0,0,286.029043108448
|||;21196,21196,21196,21196,0,0,0,0,291.029043108448
|||;21196,21196,21196,21196,0,0,0,0,296.029043108448
|||;21196,21196,21196,21196,0,0,0,0,301.029043108448
|||;21196,21196,21196,21196,0,0,0,0,306.029043108448
|||;21196,21196,21196,21196,0,0,0,0,311.029043108448
|||;21196,21196,21196,21196,0,0,0,0,316.029043108448
|||;21196,21196,21196,21196,0,0,0,0,321.029043108448
|||;21196,21196,21196,21196,0,0,0,0,326.029043108448
|||;21196,21196,21196,21196,0,0,0,0,331.029043108448
|||;21196,21196,21196,21196,0,0,0,0,336.029043108448
|||;21196,21196,21196,21196,0,0,0,0,341.029043108448
555sfrux(2),|555sfrux(2),|555sfrux(2),|555sfrux(2),;19404,20300,19404,20300,6.210627520634,0.773566779893,6.210627520634,0.773566779893,346.029043108448
555sfrux(2),||555sfrux(2),|;19404,21196,19404,21196,1.210627520634,0,1.210627520634,0,351.029043108448
555sfrux(3),||555sfrux(3),|;19404,21196,19404,21196,0,0,0,0,356.029043108448
555sfrux(3),||555sfrux(3),|;19404,21196,19404,21196,0,0,0,0,361.029043108448
555sfrux(3),||555sfrux(3),|;19404,21196,19404,21196,0,0,0,0,366.029043108448
555sfrux(3),||555sfrux(3),|;19404,21196,19404,21196,0,0,0,0,371.029043108448
555sfrux(3),||555sfrux(3),|;19404,21196,19404,21196,0,0,0,0,376.029043108448
555sfrux(3),||555sfrux(3),|;19404,21196,19404,21196,0,0,0,0,381.029043108448
555sfrux(3),||555sfrux(3),|;19404,21196,19404,21196,0,0,0,0,386.029043108448
555sfrux(3),||555sfrux(3),|;19404,21196,19404,21196,0,0,0,0,391.029043108448
555sfrux(3),||555sfrux(3),|;19404,21196,19404,21196,0,0,0,0,396.029043108448
555sfrux(3),||555sfrux(3),|;19404,21196,19404,21196,0,0,0,0,401.029043108448
555sfrux(3),||555sfrux(3),|;19404,21196,19404,21196,0,0,0,0,406.029043108448
555sfrux(3),||555sfrux(3),|;19404,21196,19404,21196,0,0,0,0,411.029043108448
555sfrux(3),36efitn(0),|36efitn(0),|555sfrux(3),36efitn(0),|;17115.4,18907.4,16352.5,21196,14.661925681876,14.661925681876,19.291194541135,0,416.029043108448
555sfrux(3),36efitn(2),|36efitn(2),|555sfrux(3),36efitn(2),|;17115.4,18907.4,16352.5,21196,9.661925681876,9.661925681876,14.291194541135,0,421.029043108448
555sfrux(3),36efitn(2),|36efitn(2),|555sfrux(3),36efitn(2),|;17115.4,18907.4,16352.5,21196,4.661925681876,4.661925681876,9.291194541135,0,426.029043108448
555sfrux(3),36efitn(3),|36efitn(3),|555sfrux(3),36efitn(2),|;17115.4,18907.4,16352.5,21196,0,0,4.291194541135,0,431.029043108448
36efitn(3),|36efitn(3),|36efitn(3),|;18907.4,18907.4,18144.5,21196,0,0,0,0,436.029043108448
36efitn(3),|36efitn(3),|36efitn(3),|;18907.4,18907.4,18144.5,21196,0,0,0,0,441.029043108448
36efitn(3),|36efitn(3),|36efitn(3),|;18907.4,18907.4,18144.5,21196,0,0,0,0,446.029043108448
36efitn(3),|36efitn(3),|36efitn(3),|;18907.4,18907.4,18144.5,21196,0,0,0,0,451.029043108448
36efitn(3),|36efitn(3),|36efitn(3),|;18907.4,18907.4,18144.5,21196,0,0,0,0,456.029043108448
36efitn(3),|36efitn(3),|36efitn(3),|;18907.4,18907.4,18144.5,21196,0,0,0,0,461.029043108448
36efitn(3),|36efitn(3),|36efitn(3),|;18907.4,18907.4,18144.5,21196,0,0,0,0,466.029043108448
36efitn(3),|36efitn(3),|36efitn(3),|;18907.4,18907.4,18144.5,21196,0,0,0,0,471.029043108448
36efitn(3),|36efitn(3),|36efitn(3),|;18907.4,18907.4,18144.5,21196,0,0,0,0,476.029043108448
36efitn(3),|36efitn(3),|36efitn(3),|;18907.4,18907.4,18144.5,21196,0,0,0,0,481.029043108448
36efitn(3),|36efitn(3),|36efitn(3),|;18907.4,18907.4,18144.5,21196,0,0,0,0,486.029043108448
36efitn(3),89rbias(0),|36efitn(3),89rbias(0),|36efitn(3),89rbias(0),|89rbias(0),;18303.2,17094.9,16936.2,18779.4,4.826045917738,12.315644021442,8.57084496959,16.060443073294,491.029043108448
36efitn(3),|36efitn(3),89rbias(2),|36efitn(3),89rbias(2),|89rbias(2),;18907.4,17094.9,16936.2,18779.4,0,7.315644021442,3.57084496959,11.060443073294,496.029043108448
36efitn(3),|36efitn(3),89rbias(2),|36efitn(3),|89rbias(2),;18907.4,17094.9,18144.5,18779.4,0,2.315644021442,0,6.060443073294,501.029043108448
36efitn(3),|36efitn(3),|36efitn(3),|89rbias(2),;18907.4,18907.4,18144.5,18779.4,0,0,0,1.060443073294,506.029043108448
36efitn(3),|36efitn(3),|36efitn(3),|;18907.4,18907.4,18144.5,21196,0,0,0,0,511.029043108448
36efitn(3),|36efitn(3),|36efitn(3),|;18907.4,18907.4,18144.5,21196,0,0,0,0,516.029043108448
36efitn(3),|36efitn(3),|36efitn(3),|;18907.4,18907.4,18144.5,21196,0,0,0,0,521.029043108448
36efitn(3),|36efitn(3),|36efitn(3),|;18907.4,18907.4,18144.5,21196,0,0,0,0,526.029043108448
36efitn(3),|36efitn(3),|36efitn(3),|;18907.4,18907.4,18144.5,21196,0,0,0,0,531.029043108448
36efitn(3),|36efitn(3),|36efitn(3),|;18907.4,18907.4,18144.5,21196,0,0,0,0,536.029043108448
36efitn(3),|36efitn(3),|36efitn(3),|;18907.4,18907.4,18144.5,21196,0,0,0,0,541.029043108448
36efitn(3),|36efitn(3),|36efitn(3),|;18907.4,18907.4,18144.5,21196,0,0,0,0,546.029043108448
36efitn(3),|36efitn(3),|36efitn(3),|;18907.4,18907.4,18144.5,21196,0,0,0,0,551.029043108448
36efitn(3),|36efitn(3),|36efitn(3),|;18907.4,18907.4,18144.5,21196,0,0,0,0,556.029043108448
36efitn(3),|36efitn(3),|36efitn(3),|;18907.4,18907.4,18144.5,21196,0,0,0,0,561.029043108448
36efitn(3),|36efitn(3),|36efitn(3),|;18907.4,18907.4,18144.5,21196,0,0,0,0,566.029043108448
36efitn(3),|36efitn(3),|36efitn(3),|;18907.4,18907.4,18144.5,21196,0,0,0,0,571.029043108448
36efitn(3),|36efitn(3),|36efitn(3),|;18907.4,18907.4,18144.5,21196,0,0,0,0,576.029043108448
36efitn(3),|36efitn(3),|36efitn(3),|;18907.4,18907.4,18144.5,21196,0,0,0,0,581.029043108448
|62eizuw(0),||;21196,20279.5,21196,21196,0,8.511852023782,0,0,586.029043108448
|62eizuw(2),||;21196,20279.5,21196,21196,0,3.511852023782,0,0,591.029043108448
|||;21196,21196,21196,21196,0,0,0,0,596.029043108448
|||;21196,21196,21196,21196,0,0,0,0,601.029043108448
|||;21196,21196,21196,21196,0,0,0,0,606.029043108448
|||;21196,21196,21196,21196,0,0,0,0,611.029043108448
468bchsa(2),|||468bchsa(2),;20381.9,21196,21196,17125.6,2.970630773291,0,0,23.154462951069,616.029043108448
468bchsa(3),|||468bchsa(2),;20381.9,21196,21196,17125.6,0,0,0,18.154462951069,621.029043108448
468bchsa(3),|||468bchsa(2),;20381.9,21196,21196,17125.6,0,0,0,13.154462951069,626.029043108448
468bchsa(3),|||468bchsa(2),;20381.9,21196,21196,17125.6,0,0,0,8.154462951069,631.029043108448
468bchsa(3),|||468bchsa(2),;20381.9,21196,21196,17125.6,0,0,0,3.154462951069,636.029043108448
468bchsa(3),|||468bchsa(3),;20381.9,21196,21196,17125.6,0,0,0,0,641.029043108448
468bchsa(3),|||468bchsa(3),;20381.9,21196,21196,17125.6,0,0,0,0,646.029043108448
468bchsa(3),|||468bchsa(3),;20381.9,21196,21196,17125.6,0,0,0,0,651.029043108448
468bchsa(3),|||468bchsa(3),;20381.9,21196,21196,17125.6,0,0,0,0,656.029043108448
468bchsa(3),|||468bchsa(3),;20381.9,21196,21196,17125.6,0,0,0,0,661.029043108448
468bchsa(3),|||468bchsa(3),;20381.9,21196,21196,17125.6,0,0,0,0,666.029043108448
468bchsa(3),|||468bchsa(3),;20381.9,21196,21196,17125.6,0,0,0,0,671.029043108448
468bchsa(3),|||468bchsa(3),;20381.9,21196,21196,17125.6,0,0,0,0,676.029043108448
468bchsa(3),|||468bchsa(3),;20381.9,21196,21196,17125.6,0,0,0,0,681.029043108448
468bchsa(3),|468eqovt(0),||468bchsa(3),;20381.9,16219.4,21196,17125.6,0,32.513977423404,0,0,686.029043108448
|468eqovt(2),||468bchsa(3),;21196,16219.4,21196,17125.6,0,27.513977423404,0,0,691.029043108448
|468eqovt(2),||468bchsa(3),;21196,16219.4,21196,17125.6,0,22.513977423404,0,0,696.029043108448
|468eqovt(2),||468bchsa(3),;21196,16219.4,21196,17125.6,0,17.513977423404,0,0,701.029043108448
|468eqovt(2),||468bchsa(3),;21196,16219.4,21196,17125.6,0,12.513977423404,0,0,706.029043108448
|468eqovt(2),||468bchsa(3),;21196,16219.4,21196,17125.6,0,7.513977423404,0,0,711.029043108448
|468eqovt(2),||468bchsa(3),;21196,16219.4,21196,17125.6,0,2.513977423404,0,0,716.029043108448
|468eqovt(3),||468bchsa(3),;21196,16219.4,21196,17125.6,0,0,0,0,721.029043108448
|468eqovt(3),||468bchsa(3),;21196,16219.4,21196,17125.6,0,0,0,0,726.029043108448
|468eqovt(3),||468bchsa(3),;21196,16219.4,21196,17125.6,0,0,0,0,731.029043108448
|468eqovt(3),||468bchsa(3),;21196,16219.4,21196,17125.6,0,0,0,0,736.029043108448
|468eqovt(3),||468bchsa(3),;21196,16219.4,21196,17125.6,0,0,0,0,741.029043108448
|468eqovt(3),||468bchsa(3),;21196,16219.4,21196,17125.6,0,0,0,0,746.029043108448
|468eqovt(3),||468bchsa(3),;21196,16219.4,21196,17125.6,0,0,0,0,751.029043108448
|468eqovt(3),||468bchsa(3),;21196,16219.4,21196,17125.6,0,0,0,0,756.029043108448
|468eqovt(3),||468bchsa(3),;21196,16219.4,21196,17125.6,0,0,0,0,761.029043108448
|468eqovt(3),||468bchsa(3),;21196,16219.4,21196,17125.6,0,0,0,0,766.029043108448
|468eqovt(3),||468bchsa(3),;21196,16219.4,21196,17125.6,0,0,0,0,771.029043108448
|468eqovt(3),||468bchsa(3),;21196,16219.4,21196,17125.6,0,0,0,0,776.029043108448
|468eqovt(3),||468bchsa(3),;21196,16219.4,21196,17125.6,0,0,0,0,781.029043108448
|468eqovt(3),||468bchsa(3),;21196,16219.4,21196,17125.6,0,0,0,0,786.029043108448
|468eqovt(3),||468bchsa(3),;21196,16219.4,21196,17125.6,0,0,0,0,791.029043108448
|468eqovt(3),||468bchsa(3),;21196,16219.4,21196,17125.6,0,0,0,0,796.029043108448
866vzjob(0),|468eqovt(3),866vzjob(0),|866vzjob(0),|468bchsa(3),866vzjob(0),;19772.6,14796,19772.6,15702.2,12.049613758096,12.049613758096,12.049613758096,12.049613758096,801.029043108448
866vzjob(2),|468eqovt(3),866vzjob(2),|866vzjob(2),|468bchsa(3),866vzjob(2),;19772.6,14796,19772.6,15702.2,7.049613758096,7.049613758096,7.049613758096,7.049613758096,806.029043108448
866vzjob(2),|468eqovt(3),866vzjob(2),|866vzjob(2),|468bchsa(3),866vzjob(2),;19772.6,14796,19772.6,15702.2,2.049613758096,2.049613758096,2.049613758096,2.049613758096,811.029043108448
|468eqovt(3),||468bchsa(3),;21196,16219.4,21196,17125.6,0,0,0,0,816.029043108448
|468eqovt(3),||468bchsa(3),;21196,16219.4,21196,17125.6,0,0,0,0,821.029043108448
|468eqovt(3),||468bchsa(3),;21196,16219.4,21196,17125.6,0,0,0,0,826.029043108448
|468eqovt(3),||468bchsa(3),;21196,16219.4,21196,17125.6,0,0,0,0,831.029043108448
|468eqovt(3),||468bchsa(3),;21196,16219.4,21196,17125.6,0,0,0,0,836.029043108448
|468eqovt(3),||468bchsa(3),;21196,16219.4,21196,17125.6,0,0,0,0,841.029043108448
|468eqovt(3),||468bchsa(3),;21196,16219.4,21196,17125.6,0,0,0,0,846.029043108448
|468eqovt(3),||468bchsa(3),;21196,16219.4,21196,17125.6,0,0,0,0,851.029043108448
|468eqovt(3),||468bchsa(3),;21196,16219.4,21196,17125.6,0,0,0,0,856.029043108448
|468eqovt(3),||468bchsa(3),;21196,16219.4,21196,17125.6,0,0,0,0,861.029043108448
|468eqovt(3),||468bchsa(3),;21196,16219.4,21196,17125.6,0,0,0,0,866.029043108448
|468eqovt(3),||468bchsa(3),;21196,16219.4,21196,17125.6,0,0,0,0,871.029043108448
|468eqovt(3),||468bchsa(3),;21196,16219.4,21196,17125.6,0,0,0,0,876.029043108448
|468eqovt(3),||468bchsa(3),;21196,16219.4,21196,17125.6,0,0,0,0,881.029043108448
|468eqovt(3),||468bchsa(3),;21196,16219.4,21196,17125.6,0,0,0,0,886.029043108448
|468eqovt(3),||468bchsa(3),;21196,16219.4,21196,17125.6,0,0,0,0,891.029043108448
|468eqovt(3),||468bchsa(3),;21196,16219.4,21196,17125.6,0,0,0,0,896.029043108448
|468eqovt(3),||468bchsa(3),;21196,16219.4,21196,17125.6,0,0,0,0,901.029043108448
|468eqovt(3),||468bchsa(3),;21196,16219.4,21196,17125.6,0,0,0,0,906.029043108448
|468eqovt(3),||468bchsa(3),;21196,16219.4,21196,17125.6,0,0,0,0,911.029043108448
|468eqovt(3),||468bchsa(3),;21196,16219.4,21196,17125.6,0,0,0,0,916.029043108448
|468eqovt(3),||468bchsa(3),;21196,16219.4,21196,17125.6,0,0,0,0,921.029043108448
|468eqovt(3),||468bchsa(3),;21196,16219.4,21196,17125.6,0,0,0,0,926.029043108448
|468eqovt(3),||468bchsa(3),;21196,16219.4,21196,17125.6,0,0,0,0,931.029043108448
|468eqovt(3),||468bchsa(3),;21196,16219.4,21196,17125.6,0,0,0,0,936.029043108448
|468eqovt(3),||468bchsa(3),;21196,16219.4,21196,17125.6,0,0,0,0,941.029043108448
|468eqovt(3),||468bchsa(3),;21196,16219.4,21196,17125.6,0,0,0,0,946.029043108448
|468eqovt(3),||468bchsa(3),;21196,16219.4,21196,17125.6,0,0,0,0,951.029043108448
|468eqovt(3),||468bchsa(3),;21196,16219.4,21196,17125.6,0,0,0,0,956.029043108448
|||;21196,21196,21196,21196,0,0,0,0,961.029043108448
|||;21196,21196,21196,21196,0,0,0,0,966.029043108448
|||;21196,21196,21196,21196,0,0,0,0,971.029043108448
|||;21196,21196,21196,21196,0,0,0,0,976.029043108448
|||;21196,21196,21196,21196,0,0,0,0,981.029043108448
|||;21196,21196,21196,21196,0,0,0,0,986.029043108448
|||;21196,21196,21196,21196,0,0,0,0,991.029043108448
|||;21196,21196,21196,21196,0,0,0,0,996.029043108448
|||;21196,21196,21196,21196,0,0,0,0,1001.029043108448
|||;21196,21196,21196,21196,0,0,0,0,1006.029043108448
|||;21196,21196,21196,21196,0,0,0,0,1011.029043108448
|||;21196,21196,21196,21196,0,0,0,0,1016.029043108448
|||;21196,21196,21196,21196,0,0,0,0,1021.029043108448
|||;21196,21196,21196,21196,0,0,0,0,1026.029043108448
|||;21196,21196,21196,21196,0,0,0,0,1031.029043108448
|||;21196,21196,21196,21196,0,0,0,0,1036.029043108448
|||;21196,21196,21196,21196,0,0,0,0,1041.029043108448
|309ozuxw(2),||309ozuxw(2),;21196,19404,21196,19404,0,9.876407680351,0,9.876407680351,1046.029043108448
|309ozuxw(2),||309ozuxw(2),;21196,19404,21196,19404,0,4.876407680351,0,4.876407680351,1051.029043108448
|309ozuxw(3),||309ozuxw(3),;21196,19404,21196,19404,0,0,0,0,1056.029043108448
|309ozuxw(3),||309ozuxw(3),;21196,19404,21196,19404,0,0,0,0,1061.029043108448
|309ozuxw(3),||309ozuxw(3),;21196,19404,21196,19404,0,0,0,0,1066.029043108448
|309ozuxw(3),||309ozuxw(3),;21196,19404,21196,19404,0,0,0,0,1071.029043108448
|309ozuxw(3),||309ozuxw(3),;21196,19404,21196,19404,0,0,0,0,1076.029043108448
|309ozuxw(3),||309ozuxw(3),;21196,19404,21196,19404,0,0,0,0,1081.029043108448
|309ozuxw(3),||309ozuxw(3),;21196,19404,21196,19404,0,0,0,0,1086.029043108448
|||;21196,21196,21196,21196,0,0,0,0,1091.029043108448
|||;21196,21196,21196,21196,0,0,0,0,1096.029043108448
|||;21196,21196,21196,21196,0,0,0,0,1101.029043108448
|||;21196,21196,21196,21196,0,0,0,0,1106.029043108448
|||;21196,21196,21196,21196,0,0,0,0,1111.029043108448
|||;21196,21196,21196,21196,0,0,0,0,1116.029043108448
|||;21196,21196,21196,21196,0,0,0,0,1121.029043108448
|||;21196,21196,21196,21196,0,0,0,0,1126.029043108448
|||;21196,21196,21196,21196,0,0,0,0,1131.029043108448
|||;21196,21196,21196,21196,0,0,0,0,1136.029043108448
|||;21196,21196,21196,21196,0,0,0,0,1141.029043108448
|||;21196,21196,21196,21196,0,0,0,0,1146.029043108448
|||;21196,21196,21196,21196,0,0,0,0,1151.029043108448
|||;21196,21196,21196,21196,0,0,0,0,1156.029043108448
|||;21196,21196,21196,21196,0,0,0,0,1161.029043108448
|||;21196,21196,21196,21196,0,0,0,0,1166.029043108448
|||;21196,21196,21196,21196,0,0,0,0,1171.029043108448
|||;21196,21196,21196,21196,0,0,0,0,1176.029043108448
|||;21196,21196,21196,21196,0,0,0,0,1181.029043108448
|||;21196,21196,21196,21196,0,0,0,0,1186.029043108448
|||;21196,21196,21196,21196,0,0,0,0,1191.029043108448
|||;21196,21196,21196,21196,0,0,0,0,1196.029043108448
|||;21196,21196,21196,21196,0,0,0,0,1201.029043108448
|||;21196,21196,21196,21196,0,0,0,0,1206.029043108448
|||;21196,21196,21196,21196,0,0,0,0,1211.029043108448
|||;21196,21196,21196,21196,0,0,0,0,1216.029043108448
|||;21196,21196,21196,21196,0,0,0,0,1221.029043108448
|||;21196,21196,21196,21196,0,0,0,0,1226.029043108448
|||;21196,21196,21196,21196,0,0,0,0,1231.029043108448
|||;21196,21196,21196,21196,0,0,0,0,1236.029043108448
|||;21196,21196,21196,21196,0,0,0,0,1241.029043108448
|||;21196,21196,21196,21196,0,0,0,0,1246.029043108448
|||;21196,21196,21196,21196,0,0,0,0,1251.029043108448
|||;21196,21196,21196,21196,0,0,0,0,1256.029043108448
|||;21196,21196,21196,21196,0,0,0,0,1261.029043108448
|||;21196,21196,21196,21196,0,0,0,0,1266.029043108448
|||;21196,21196,21196,21196,0,0,0,0,1271.029043108448
|||;21196,21196,21196,21196,0,0,0,0,1276.029043108448
|||;21196,21196,21196,21196,0,0,0,0,1281.029043108448
|||;21196,21196,21196,21196,0,0,0,0,1286.029043108448
|||;21196,21196,21196,21196,0,0,0,0,1291.029043108448
|||;21196,21196,21196,21196,0,0,0,0,1296.029043108448
|||;21196,21196,21196,21196,0,0,0,0,1301.029043108448
|||;21196,21196,21196,21196,0,0,0,0,1306.029043108448
|||;21196,21196,21196,21196,0,0,0,0,1311.029043108448
|||;21196,21196,21196,21196,0,0,0,0,1316.029043108448
|||;21196,21196,21196,21196,0,0,0,0,1321.029043108448
|||;21196,21196,21196,21196,0,0,0,0,1326.029043108448
|||;21196,21196,21196,21196,0,0,0,0,1331.029043108448
|||;21196,21196,21196,21196,0,0,0,0,1336.029043108448
|||;21196,21196,21196,21196,0,0,0,0,1341.029043108448
|||;21196,21196,21196,21196,0,0,0,0,1346.029043108448
|||;21196,21196,21196,21196,0,0,0,0,1351.029043108448
|||;21196,21196,21196,21196,0,0,0,0,1356.029043108448
|||;21196,21196,21196,21196,0,0,0,0,1361.029043108448
|||;21196,21196,21196,21196,0,0,0,0,1366.029043108448
|||;21196,21196,21196,21196,0,0,0,0,1371.029043108448
|||;21196,21196,21196,21196,0,0,0,0,1376.029043108448
|||;21196,21196,21196,21196,0,0,0,0,1381.029043108448
|||;21196,21196,21196,21196,0,0,0,0,1386.029043108448
|||;21196,21196,21196,21196,0,0,0,0,1391.029043108448
|||;21196,21196,21196,21196,0,0,0,0,1396.029043108448
|||;21196,21196,21196,21196,0,0,0,0,1401.029043108448
|||;21196,21196,21196,21196,0,0,0,0,1406.029043108448
|||;21196,21196,21196,21196,0,0,0,0,1411.029043108448
|||;21196,21196,21196,21196,0,0,0,0,1416.029043108448
|||;21196,21196,21196,21196,0,0,0,0,1421.029043108448
|||;21196,21196,21196,21196,0,0,0,0,1426.029043108448
|||;21196,21196,21196,21196,0,0,0,0,1431.029043108448
|||;21196,21196,21196,21196,0,0,0,0,1436.029043108448
|||;21196,21196,21196,21196,0,0,0,0,1441.029043108448
|||;21196,21196,21196,21196,0,0,0,0,1446.029043108448
|||;21196,21196,21196,21196,0,0,0,0,1451.029043108448
|||;21196,21196,21196,21196,0,0,0,0,1456.029043108448
|||;21196,21196,21196,21196,0,0,0,0,1461.029043108448
|||;21196,21196,21196,21196,0,0,0,0,1466.029043108448
|||;21196,21196,21196,21196,0,0,0,0,1471.029043108448
|||;21196,21196,21196,21196,0,0,0,0,1476.029043108448
|||;21196,21196,21196,21196,0,0,0,0,1481.029043108448
|||;21196,21196,21196,21196,0,0,0,0,1486.029043108448
|||;21196,21196,21196,21196,0,0,0,0,1491.029043108448
|||;21196,21196,21196,21196,0,0,0,0,1496.029043108448
|||;21196,21196,21196,21196,0,0,0,0,1501.029043108448
|||;21196,21196,21196,21196,0,0,0,0,1506.029043108448
|||;21196,21196,21196,21196,0,0,0,0,1511.029043108448
|||;21196,21196,21196,21196,0,0,0,0,1516.029043108448
|||;21196,21196,21196,21196,0,0,0,0,1521.029043108448
|||;21196,21196,21196,21196,0,0,0,0,1526.029043108448
|||;21196,21196,21196,21196,0,0,0,0,1531.029043108448
|||;21196,21196,21196,21196,0,0,0,0,1536.029043108448
|||;21196,21196,21196,21196,0,0,0,0,1541.029043108448
|||;21196,21196,21196,21196,0,0,0,0,1546.029043108448
|||;21196,21196,21196,21196,0,0,0,0,1551.029043108448
|||;21196,21196,21196,21196,0,0,0,0,1556.029043108448
|||;21196,21196,21196,21196,0,0,0,0,1561.029043108448
|||;21196,21196,21196,21196,0,0,0,0,1566.029043108448
|||;21196,21196,21196,21196,0,0,0,0,1571.029043108448
|||;21196,21196,21196,21196,0,0,0,0,1576.029043108448
|||;21196,21196,21196,21196,0,0,0,0,1581.029043108448
|||;21196,21196,21196,21196,0,0,0,0,1586.029043108448
|||;21196,21196,21196,21196,0,0,0,0,1591.029043108448
|||;21196,21196,21196,21196,0,0,0,0,1596.029043108448
|||;21196,21196,21196,21196,0,0,0,0,1601.029043108448
|||;21196,21196,21196,21196,0,0,0,0,1606.029043108448
|||;21196,21196,21196,21196,0,0,0,0,1611.029043108448
|||;21196,21196,21196,21196,0,0,0,0,1616.029043108448
|||;21196,21196,21196,21196,0,0,0,0,1621.029043108448
|||;21196,21196,21196,21196,0,0,0,0,1626.029043108448
|||;21196,21196,21196,21196,0,0,0,0,1631.029043108448
|||;21196,21196,21196,21196,0,0,0,0,1636.029043108448
|||;21196,21196,21196,21196,0,0,0,0,1641.029043108448
|||;21196,21196,21196,21196,0,0,0,0,1646.029043108448
|||;21196,21196,21196,21196,0,0,0,0,1651.029043108448
|||;21196,21196,21196,21196,0,0,0,0,1656.029043108448
|||;21196,21196,21196,21196,0,0,0,0,1661.029043108448
|||;21196,21196,21196,21196,0,0,0,0,1666.029043108448
|||;21196,21196,21196,21196,0,0,0,0,1671.029043108448
|||;21196,21196,21196,21196,0,0,0,0,1676.029043108448
|||;21196,21196,21196,21196,0,0,0,0,1681.029043108448
|||;21196,21196,21196,21196,0,0,0,0,1686.029043108448
|||;21196,21196,21196,21196,0,0,0,0,1691.029043108448
|||;21196,21196,21196,21196,0,0,0,0,1696.029043108448
|||;21196,21196,21196,21196,0,0,0,0,1701.029043108448
|||;21196,21196,21196,21196,0,0,0,0,1706.029043108448
|||;21196,21196,21196,21196,0,0,0,0,1711.029043108448
|||;21196,21196,21196,21196,0,0,0,0,1716.029043108448
|||;21196,21196,21196,21196,0,0,0,0,1721.029043108448
|||;21196,21196,21196,21196,0,0,0,0,1726.029043108448
|||;21196,21196,21196,21196,0,0,0,0,1731.029043108448
|||;21196,21196,21196,21196,0,0,0,0,1736.029043108448
|||;21196,21196,21196,21196,0,0,0,0,1741.029043108448
|||;21196,21196,21196,21196,0,0,0,0,1746.029043108448
|||;21196,21196,21196,21196,0,0,0,0,1751.029043108448
|||;21196,21196,21196,21196,0,0,0,0,1756.029043108448
|||;21196,21196,21196,21196,0,0,0,0,1761.029043108448
|||;21196,21196,21196,21196,0,0,0,0,1766.029043108448
|||;21196,21196,21196,21196,0,0,0,0,1771.029043108448
|||;21196,21196,21196,21196,0,0,0,0,1776.029043108448
|||;21196,21196,21196,21196,0,0,0,0,1781.029043108448
|||;21196,21196,21196,21196,0,0,0,0,1786.029043108448
|||;21196,21196,21196,21196,0,0,0,0,1791.029043108448
|||;21196,21196,21196,21196,0,0,0,0,1796.029043108448
|||;21196,21196,21196,21196,0,0,0,0,1801.029043108448
|||;21196,21196,21196,21196,0,0,0,0,1806.029043108448
|||;21196,21196,21196,21196,0,0,0,0,1811.029043108448
|||;21196,21196,21196,21196,0,0,0,0,1816.029043108448
|||;21196,21196,21196,21196,0,0,0,0,1821.029043108448
|||;21196,21196,21196,21196,0,0,0,0,1826.029043108448
|||;21196,21196,21196,21196,0,0,0,0,1831.029043108448
|||;21196,21196,21196,21196,0,0,0,0,1836.029043108448
|||;21196,21196,21196,21196,0,0,0,0,1841.029043108448
|||;21196,21196,21196,21196,0,0,0,0,1846.029043108448
|||;21196,21196,21196,21196,0,0,0,0,1851.029043108448
|||;21196,21196,21196,21196,0,0,0,0,1856.029043108448
|||;21196,21196,21196,21196,0,0,0,0,1861.029043108448
|||;21196,21196,21196,21196,0,0,0,0,1866.029043108448
|||;21196,21196,21196,21196,0,0,0,0,1871.029043108448
|||;21196,21196,21196,21196,0,0,0,0,1876.029043108448
|||;21196,21196,21196,21196,0,0,0,0,1881.029043108448
|||;21196,21196,21196,21196,0,0,0,0,1886.029043108448
|||;21196,21196,21196,21196,0,0,0,0,1891.029043108448
|||;21196,21196,21196,21196,0,0,0,0,1896.029043108448
|||;21196,21196,21196,21196,0,0,0,0,1901.029043108448
|||;21196,21196,21196,21196,0,0,0,0,1906.029043108448
|||;21196,21196,21196,21196,0,0,0,0,1911.029043108448
|||;21196,21196,21196,21196,0,0,0,0,1916.029043108448
|||;21196,21196,21196,21196,0,0,0,0,1921.029043108448
|||;21196,21196,21196,21196,0,0,0,0,1926.029043108448
|||;21196,21196,21196,21196,0,0,0,0,1931.029043108448
|||;21196,21196,21196,21196,0,0,0,0,1936.029043108448
|||;21196,21196,21196,21196,0,0,0,0,1941.029043108448
|||;21196,21196,21196,21196,0,0,0,0,1946.029043108448
|||;21196,21196,21196,21196,0,0,0,0,1951.029043108448
|||;21196,21196,21196,21196,0,0,0,0,1956.029043108448
|||;21196,21196,21196,21196,0,0,0,0,1961.029043108448
|||;21196,21196,21196,21196,0,0,0,0,1966.029043108448
|||;21196,21196,21196,21196,0,0,0,0,1971.029043108448
|||;21196,21196,21196,21196,0,0,0,0,1976.029043108448
|||;21196,21196,21196,21196,0,0,0,0,1981.029043108448
|||;21196,21196,21196,21196,0,0,0,0,1986.029043108448
|||;21196,21196,21196,21196,0,0,0,0,1991.029043108448
|||;21196,21196,21196,21196,0,0,0,0,1996.029043108448
