|||;26112,26112,26112,26112,0,0,0,0,1.145705846692
|||;26112,26112,26112,26112,0,0,0,0,6.145705846692
|||;26112,26112,26112,26112,0,0,0,0,11.145705846692
|||;26112,26112,26112,26112,0,0,0,0,16.145705846692
|||;26112,26112,26112,26112,0,0,0,0,21.145705846692
|||;26112,26112,26112,26112,0,0,0,0,26.145705846692
|||;26112,26112,26112,26112,0,0,0,0,31.145705846692
|||;26112,26112,26112,26112,0,0,0,0,36.145705846692
|||;26112,26112,26112,26112,0,0,0,0,41.145705846692
|||;26112,26112,26112,26112,0,0,0,0,46.145705846692
|||;26112,26112,26112,26112,0,0,0,0,51.145705846692
|||;26112,26112,26112,26112,0,0,0,0,56.145705846692
|||;26112,26112,26112,26112,0,0,0,0,61.145705846692
|||;26112,26112,26112,26112,0,0,0,0,66.145705846692
276epvbw(2),||276epvbw(2),|276epvbw(2),;25385,26112,22476.8,24657.9,3.105743026013,0,22.392065819663,7.927323724425,71.145705846692
||276epvbw(2),|276epvbw(2),;26112,26112,22476.8,24657.9,0,0,17.392065819663,2.927323724425,76.145705846692
||276epvbw(2),|;26112,26112,22476.8,26112,0,0,12.392065819663,0,81.145705846692
||276epvbw(2),|;26112,26112,22476.8,26112,0,0,7.392065819663,0,86.145705846692
||276epvbw(2),|;26112,26112,22476.8,26112,0,0,2.392065819663,0,91.145705846692
||276epvbw(3),|;26112,26112,22476.8,26112,0,0,0,0,96.145705846692
||276epvbw(3),|;26112,26112,22476.8,26112,0,0,0,0,101.145705846692
||276epvbw(3),|;26112,26112,22476.8,26112,0,0,0,0,106.145705846692
||276epvbw(3),|;26112,26112,22476.8,26112,0,0,0,0,111.145705846692
||276epvbw(3),|;26112,26112,22476.8,26112,0,0,0,0,116.145705846692
||276epvbw(3),|;26112,26112,22476.8,26112,0,0,0,0,121.145705846692
||276epvbw(3),|;26112,26112,22476.8,26112,0,0,0,0,126.145705846692
66vnhbe(0),|66vnhbe(0),|276epvbw(3),66vnhbe(0),|66vnhbe(0),;22057,24084.5,20449.3,24084.5,29.802883644631,16.356785358916,16.356785358916,16.356785358916,131.145705846692
66vnhbe(2),|66vnhbe(2),|276epvbw(3),66vnhbe(2),|66vnhbe(2),;22057,24084.5,20449.3,24084.5,24.802883644631,11.356785358916,11.356785358916,11.356785358916,136.145705846692
66vnhbe(2),|66vnhbe(2),|276epvbw(3),66vnhbe(2),|66vnhbe(2),;22057,24084.5,20449.3,24084.5,19.802883644631,6.356785358916,6.356785358916,6.356785358916,141.145705846692
66vnhbe(2),|66vnhbe(2),|66vnhbe(2),|66vnhbe(2),;22057,24084.5,24084.5,24084.5,14.802883644631,1.356785358916,1.356785358916,1.356785358916,146.145705846692
66vnhbe(2),|66vnhbe(3),|66vnhbe(3),|66vnhbe(3),;22057,24084.5,24084.5,24084.5,9.802883644631,0,0,0,151.145705846692
66vnhbe(2),|66vnhbe(3),|66vnhbe(3),|66vnhbe(3),;22057,24084.5,24084.5,24084.5,4.802883644631,0,0,0,156.145705846692
66vnhbe(3),|66vnhbe(3),|66vnhbe(3),|66vnhbe(3),;22057,24084.5,24084.5,24084.5,0,0,0,0,161.145705846692
66vnhbe(3),|66vnhbe(3),|66vnhbe(3),|66vnhbe(3),;22057,24084.5,24084.5,24084.5,0,0,0,0,166.145705846692
66vnhbe(3),|66vnhbe(3),|66vnhbe(3),|66vnhbe(3),;22057,24084.5,24084.5,24084.5,0,0,0,0,171.145705846692
66vnhbe(3),|66vnhbe(3),|66vnhbe(3),|66vnhbe(3),;22057,24084.5,24084.5,24084.5,0,0,0,0,176.145705846692
66vnhbe(3),|66vnhbe(3),|66vnhbe(3),|66vnhbe(3),26mbiux(0),;22057,24084.5,24084.5,23337,0,0,0,6.694673314734,181.145705846692
66vnhbe(3),|66vnhbe(3),|66vnhbe(3),|66vnhbe(3),26mbiux(2),;22057,24084.5,24084.5,23337,0,0,0,1.694673314734,186.145705846692
66vnhbe(3),1bciko(0),|66vnhbe(3),1bciko(0),|66vnhbe(3),1bciko(0),|66vnhbe(3),1bciko(0),;21202,22374.4,19809.3,22374.4,6.78723286377,12.457683403453,29.4690350225,14.127635564879,191.145705846692
66vnhbe(3),1bciko(2),|66vnhbe(3),1bciko(2),|66vnhbe(3),1bciko(2),|66vnhbe(3),1bciko(2),;21202,22374.4,19809.3,22374.4,1.78723286377,7.457683403453,24.4690350225,9.127635564879,196.145705846692
66vnhbe(3),|66vnhbe(3),1bciko(2),|66vnhbe(3),1bciko(2),|66vnhbe(3),1bciko(2),;22057,22374.4,19809.3,22374.4,0,2.457683403453,19.4690350225,4.127635564879,201.145705846692
66vnhbe(3),|66vnhbe(3),1bciko(3),|66vnhbe(3),1bciko(2),|66vnhbe(3),1bciko(3),;22057,22374.4,19809.3,22374.4,0,0,14.4690350225,0,206.145705846692
66vnhbe(3),|66vnhbe(3),1bciko(3),|66vnhbe(3),1bciko(2),|66vnhbe(3),1bciko(3),;22057,22374.4,19809.3,22374.4,0,0,9.4690350225,0,211.145705846692
66vnhbe(3),|66vnhbe(3),1bciko(3),|66vnhbe(3),1bciko(2),|66vnhbe(3),1bciko(3),;22057,22374.4,19809.3,22374.4,0,0,4.4690350225,0,216.145705846692
66vnhbe(3),|66vnhbe(3),1bciko(3),|66vnhbe(3),1bciko(3),|66vnhbe(3),1bciko(3),;22057,22374.4,19809.3,22374.4,0,0,0,0,221.145705846692
66vnhbe(3),|66vnhbe(3),1bciko(3),|66vnhbe(3),1bciko(3),|66vnhbe(3),1bciko(3),;22057,22374.4,19809.3,22374.4,0,0,0,0,226.145705846692
66vnhbe(3),|66vnhbe(3),1bciko(3),|66vnhbe(3),1bciko(3),|66vnhbe(3),1bciko(3),;22057,22374.4,19809.3,22374.4,0,0,0,0,231.145705846692
66vnhbe(3),|66vnhbe(3),1bciko(3),|66vnhbe(3),1bciko(3),|66vnhbe(3),1bciko(3),;22057,22374.4,19809.3,22374.4,0,0,0,0,236.145705846692
66vnhbe(3),|66vnhbe(3),1bciko(3),|66vnhbe(3),1bciko(3),|66vnhbe(3),1bciko(3),;22057,22374.4,19809.3,22374.4,0,0,0,0,241.145705846692
|1bciko(3),|1bciko(3),|1bciko(3),;26112,24401.9,21836.8,24401.9,0,0,0,0,246.145705846692
|1bciko(3),|1bciko(3),|1bciko(3),;26112,24401.9,21836.8,24401.9,0,0,0,0,251.145705846692
|1bciko(3),|1bciko(3),|1bciko(3),;26112,24401.9,21836.8,24401.9,0,0,0,0,256.145705846692
|1bciko(3),|1bciko(3),|1bciko(3),;26112,24401.9,21836.8,24401.9,0,0,0,0,261.145705846692
|1bciko(3),|1bciko(3),|1bciko(3),;26112,24401.9,21836.8,24401.9,0,0,0,0,266.145705846692
|1bciko(3),|1bciko(3),|1bciko(3),;26112,24401.9,21836.8,24401.9,0,0,0,0,271.145705846692
|1bciko(3),|1bciko(3),|1bciko(3),;26112,24401.9,21836.8,24401.9,0,0,0,0,276.145705846692
|1bciko(3),|1bciko(3),|1bciko(3),;26112,24401.9,21836.8,24401.9,0,0,0,0,281.145705846692
|1bciko(3),|1bciko(3),|1bciko(3),;26112,24401.9,21836.8,24401.9,0,0,0,0,286.145705846692
|1bciko(3),|1bciko(3),|1bciko(3),;26112,24401.9,21836.8,24401.9,0,0,0,0,291.145705846692
|1bciko(3),|1bciko(3),|1bciko(3),;26112,24401.9,21836.8,24401.9,0,0,0,0,296.145705846692
|1bciko(3),|1bciko(3),|1bciko(3),;26112,24401.9,21836.8,24401.9,0,0,0,0,301.145705846692
|1bciko(3),|1bciko(3),|1bciko(3),;26112,24401.9,21836.8,24401.9,0,0,0,0,306.145705846692
|1bciko(3),|1bciko(3),|1bciko(3),;26112,24401.9,21836.8,24401.9,0,0,0,0,311.145705846692
|1bciko(3),|1bciko(3),|1bciko(3),;26112,24401.9,21836.8,24401.9,0,0,0,0,316.145705846692
|1bciko(3),|1bciko(3),|1bciko(3),;26112,24401.9,21836.8,24401.9,0,0,0,0,321.145705846692
|1bciko(3),|1bciko(3),|1bciko(3),;26112,24401.9,21836.8,24401.9,0,0,0,0,326.145705846692
|1bciko(3),|1bciko(3),|1bciko(3),;26112,24401.9,21836.8,24401.9,0,0,0,0,331.145705846692
|1bciko(3),|1bciko(3),|1bciko(3),;26112,24401.9,21836.8,24401.9,0,0,0,0,336.145705846692
|||;26112,26112,26112,26112,0,0,0,0,341.145705846692
|||;26112,26112,26112,26112,0,0,0,0,346.145705846692
|||;26112,26112,26112,26112,0,0,0,0,351.145705846692
|||;26112,26112,26112,26112,0,0,0,0,356.145705846692
|||;26112,26112,26112,26112,0,0,0,0,361.145705846692
|||;26112,26112,26112,26112,0,0,0,0,366.145705846692
|||;26112,26112,26112,26112,0,0,0,0,371.145705846692
|||;26112,26112,26112,26112,0,0,0,0,376.145705846692
|||;26112,26112,26112,26112,0,0,0,0,381.145705846692
|||;26112,26112,26112,26112,0,0,0,0,386.145705846692
243nsbru(2),|243nsbru(2),|243nsbru(2),|243nsbru(2),;24524.8,23731.2,24524.8,24524.8,5.865376157262,11.128369173135,5.865376157262,5.865376157262,391.145705846692
243nsbru(2),|243nsbru(2),|243nsbru(2),|243nsbru(2),;24524.8,23731.2,24524.8,24524.8,0.865376157262,6.128369173135,0.865376157262,0.865376157262,396.145705846692
243nsbru(3),|243nsbru(2),|243nsbru(3),|243nsbru(3),;24524.8,23731.2,24524.8,24524.8,0,1.128369173135,0,0,401.145705846692
243nsbru(3),|243nsbru(3),|243nsbru(3),|243nsbru(3),;24524.8,23731.2,24524.8,24524.8,0,0,0,0,406.145705846692
243nsbru(3),|243nsbru(3),|243nsbru(3),|243nsbru(3),;24524.8,23731.2,24524.8,24524.8,0,0,0,0,411.145705846692
243nsbru(3),|243nsbru(3),|243nsbru(3),|243nsbru(3),;24524.8,23731.2,24524.8,24524.8,0,0,0,0,416.145705846692
243nsbru(3),|243nsbru(3),|243nsbru(3),|243nsbru(3),;24524.8,23731.2,24524.8,24524.8,0,0,0,0,421.145705846692
243nsbru(3),|243nsbru(3),|243nsbru(3),|243nsbru(3),;24524.8,23731.2,24524.8,24524.8,0,0,0,0,426.145705846692
243nsbru(3),|243nsbru(3),|243nsbru(3),|243nsbru(3),;24524.8,23731.2,24524.8,24524.8,0,0,0,0,431.145705846692
243nsbru(3),|243nsbru(3),|243nsbru(3),|243nsbru(3),;24524.8,23731.2,24524.8,24524.8,0,0,0,0,436.145705846692
243nsbru(3),729rgmhe(0),|243nsbru(3),|243nsbru(3),|243nsbru(3),729rgmhe(0),;19788.8,23731.2,24524.8,19788.8,32.425997718599,0,0,32.425997718599,441.145705846692
243nsbru(3),729rgmhe(2),|243nsbru(3),|243nsbru(3),|243nsbru(3),729rgmhe(2),;19788.8,23731.2,24524.8,19788.8,27.425997718599,0,0,27.425997718599,446.145705846692
243nsbru(3),729rgmhe(2),53nroej(0),|243nsbru(3),53nroej(0),|243nsbru(3),53nroej(0),|243nsbru(3),729rgmhe(2),53nroej(0),;19061.8,20823,21616.6,19061.8,32.639535334341,19.840379864288,19.840379864288,32.639535334341,451.145705846692
243nsbru(3),729rgmhe(2),53nroej(1),|243nsbru(3),53nroej(2),|243nsbru(3),53nroej(2),|243nsbru(3),729rgmhe(2),53nroej(1),;19061.8,20823,21616.6,19061.8,27.639535334341,14.840379864288,14.840379864288,27.639535334341,456.145705846692
729rgmhe(2),53nroej(1),|53nroej(2),|53nroej(2),|729rgmhe(2),53nroej(1),;20649,23203.8,23203.8,20649,22.639535334341,9.840379864288,9.840379864288,22.639535334341,461.145705846692
729rgmhe(2),53nroej(1),|53nroej(2),|53nroej(2),|729rgmhe(2),53nroej(1),;20649,23203.8,23203.8,20649,17.639535334341,4.840379864288,4.840379864288,17.639535334341,466.145705846692
729rgmhe(2),53nroej(1),|53nroej(3),|53nroej(3),|729rgmhe(2),53nroej(1),;20649,23203.8,23203.8,20649,12.639535334341,0,0,12.639535334341,471.145705846692
729rgmhe(3),53nroej(2),|53nroej(3),|53nroej(3),|729rgmhe(3),53nroej(2),;20649,23203.8,23203.8,20649,7.639535334341,0,0,7.639535334341,476.145705846692
729rgmhe(3),53nroej(3),|53nroej(3),|53nroej(3),|729rgmhe(3),53nroej(3),;20649,23203.8,23203.8,20649,2.639535334341,0,0,2.639535334341,481.145705846692
729rgmhe(3),53nroej(3),|53nroej(3),|53nroej(3),|729rgmhe(3),53nroej(3),;20649,23203.8,23203.8,20649,0,0,0,0,486.145705846692
729rgmhe(3),53nroej(3),|53nroej(3),|53nroej(3),|729rgmhe(3),53nroej(3),;20649,23203.8,23203.8,20649,0,0,0,0,491.145705846692
729rgmhe(3),53nroej(3),|53nroej(3),|53nroej(3),|729rgmhe(3),53nroej(3),;20649,23203.8,23203.8,20649,0,0,0,0,496.145705846692
729rgmhe(3),53nroej(3),|53nroej(3),|53nroej(3),|729rgmhe(3),53nroej(3),;20649,23203.8,23203.8,20649,0,0,0,0,501.145705846692
729rgmhe(3),53nroej(3),|53nroej(3),|53nroej(3),|729rgmhe(3),53nroej(3),;20649,23203.8,23203.8,20649,0,0,0,0,506.145705846692
729rgmhe(3),53nroej(3),594ijxhz(0),|53nroej(3),594ijxhz(0),|53nroej(3),594ijxhz(0),|729rgmhe(3),53nroej(3),594ijxhz(0),;19532.8,21529.6,22087.6,19532.8,9.273995862373,12.975068370309,9.273995862373,9.273995862373,511.145705846692
729rgmhe(3),53nroej(3),594ijxhz(2),|53nroej(3),594ijxhz(2),|53nroej(3),594ijxhz(2),|729rgmhe(3),53nroej(3),594ijxhz(2),;19532.8,21529.6,22087.6,19532.8,4.273995862373,7.975068370309,4.273995862373,4.273995862373,516.145705846692
729rgmhe(3),53nroej(3),|53nroej(3),594ijxhz(2),|53nroej(3),|729rgmhe(3),53nroej(3),;20649,21529.6,23203.8,20649,0,2.975068370309,0,0,521.145705846692
729rgmhe(3),53nroej(3),|53nroej(3),|53nroej(3),|729rgmhe(3),53nroej(3),;20649,23203.8,23203.8,20649,0,0,0,0,526.145705846692
729rgmhe(3),53nroej(3),|53nroej(3),|53nroej(3),|729rgmhe(3),53nroej(3),;20649,23203.8,23203.8,20649,0,0,0,0,531.145705846692
729rgmhe(3),53nroej(3),53geulc(0),|53nroej(3),53geulc(0),|53nroej(3),|729rgmhe(3),53nroej(3),53geulc(0),;19794,21493.7,23203.8,19794,7.187916743868,12.747033950218,0,7.187916743868,536.145705846692
729rgmhe(3),53nroej(3),53geulc(2),|53geulc(2),||729rgmhe(3),53nroej(3),53geulc(2),;19794,24401.9,26112,19794,2.187916743868,7.747033950218,0,2.187916743868,541.145705846692
729rgmhe(3),53nroej(3),684qgrwn(0),|53geulc(2),684qgrwn(0),|684qgrwn(0),|729rgmhe(3),53nroej(3),;17536.1,22067.2,23777.3,20649,23.613201749757,24.11252365452,18.35335085761,0,546.145705846692
729rgmhe(3),53nroej(3),684qgrwn(2),|53geulc(3),684qgrwn(2),|684qgrwn(2),|729rgmhe(3),53nroej(3),;17536.1,22067.2,23777.3,20649,18.613201749757,19.11252365452,13.35335085761,0,551.145705846692
729rgmhe(3),53nroej(3),684qgrwn(2),25ebypt(0),|53geulc(3),684qgrwn(2),25ebypt(0),|684qgrwn(2),25ebypt(0),|729rgmhe(3),53nroej(3),25ebypt(0),;15785.1,19440.6,20275.2,19773.5,31.789410724116,38.209002343164,38.37009926054,11.122294413381,556.145705846692
729rgmhe(3),53nroej(3),684qgrwn(2),25ebypt(0),|53geulc(3),684qgrwn(2),25ebypt(0),|684qgrwn(2),25ebypt(0),|729rgmhe(3),53nroej(3),25ebypt(0),;15785.1,19440.6,20275.2,19773.5,26.789410724116,33.209002343164,33.37009926054,6.122294413381,561.145705846692
729rgmhe(3),53nroej(3),684qgrwn(2),25ebypt(1),|53geulc(3),684qgrwn(3),25ebypt(2),|684qgrwn(3),25ebypt(2),|729rgmhe(3),53nroej(3),25ebypt(2),;15785.1,19440.6,20275.2,19773.5,21.789410724116,28.209002343164,28.37009926054,1.122294413381,566.145705846692
729rgmhe(3),53nroej(3),684qgrwn(3),25ebypt(2),|53geulc(3),684qgrwn(3),25ebypt(2),|684qgrwn(3),25ebypt(2),|729rgmhe(3),53nroej(3),25ebypt(3),;15785.1,19440.6,20275.2,19773.5,16.789410724116,23.209002343164,23.37009926054,0,571.145705846692
729rgmhe(3),53nroej(3),684qgrwn(3),25ebypt(2),|53geulc(3),684qgrwn(3),25ebypt(2),|684qgrwn(3),25ebypt(2),|729rgmhe(3),53nroej(3),25ebypt(3),;15785.1,19440.6,20275.2,19773.5,11.789410724116,18.209002343164,18.37009926054,0,576.145705846692
729rgmhe(3),53nroej(3),684qgrwn(3),25ebypt(3),|53geulc(3),684qgrwn(3),25ebypt(2),|684qgrwn(3),25ebypt(2),|729rgmhe(3),53nroej(3),25ebypt(3),;15785.1,19440.6,20275.2,19773.5,6.789410724116,13.209002343164,13.37009926054,0,581.145705846692
729rgmhe(3),53nroej(3),684qgrwn(3),25ebypt(3),|53geulc(3),684qgrwn(3),25ebypt(3),|684qgrwn(3),25ebypt(2),|729rgmhe(3),53nroej(3),25ebypt(3),;15785.1,19440.6,20275.2,19773.5,1.789410724116,8.209002343164,8.37009926054,0,586.145705846692
729rgmhe(3),53nroej(3),684qgrwn(3),25ebypt(3),|53geulc(3),684qgrwn(3),25ebypt(3),|684qgrwn(3),25ebypt(3),|729rgmhe(3),53nroej(3),25ebypt(3),;15785.1,19440.6,20275.2,19773.5,0,3.209002343164,3.37009926054,0,591.145705846692
729rgmhe(3),53nroej(3),684qgrwn(3),25ebypt(3),|53geulc(3),684qgrwn(3),25ebypt(3),|684qgrwn(3),25ebypt(3),|729rgmhe(3),53nroej(3),25ebypt(3),;15785.1,19440.6,20275.2,19773.5,0,0,0,0,596.145705846692
729rgmhe(3),53nroej(3),684qgrwn(3),25ebypt(3),|53geulc(3),684qgrwn(3),25ebypt(3),|684qgrwn(3),25ebypt(3),|729rgmhe(3),53nroej(3),25ebypt(3),;15785.1,19440.6,20275.2,19773.5,0,0,0,0,601.145705846692
729rgmhe(3),53nroej(3),684qgrwn(3),25ebypt(3),|53geulc(3),684qgrwn(3),25ebypt(3),|684qgrwn(3),25ebypt(3),|729rgmhe(3),53nroej(3),25ebypt(3),;15785.1,19440.6,20275.2,19773.5,0,0,0,0,606.145705846692
729rgmhe(3),53nroej(3),684qgrwn(3),25ebypt(3),|53geulc(3),684qgrwn(3),25ebypt(3),|684qgrwn(3),25ebypt(3),|729rgmhe(3),53nroej(3),25ebypt(3),;15785.1,19440.6,20275.2,19773.5,0,0,0,0,611.145705846692
729rgmhe(3),53nroej(3),684qgrwn(3),25ebypt(3),|53geulc(3),684qgrwn(3),25ebypt(3),|684qgrwn(3),25ebypt(3),|729rgmhe(3),53nroej(3),25ebypt(3),;15785.1,19440.6,20275.2,19773.5,0,0,0,0,616.145705846692
729rgmhe(3),53nroej(3),684qgrwn(3),25ebypt(3),|53geulc(3),684qgrwn(3),25ebypt(3),|684qgrwn(3),25ebypt(3),|729rgmhe(3),53nroej(3),25ebypt(3),;15785.1,19440.6,20275.2,19773.5,0,0,0,0,621.145705846692
729rgmhe(3),53nroej(3),684qgrwn(3),25ebypt(3),243tcifv(0),|53geulc(3),684qgrwn(3),25ebypt(3),243tcifv(0),|684qgrwn(3),25ebypt(3),|729rgmhe(3),53nroej(3),25ebypt(3),;14991.5,18647,20275.2,19773.5,6.847210681728,6.847210681728,0,0,626.145705846692
729rgmhe(3),53nroej(3),684qgrwn(3),25ebypt(3),243tcifv(2),|53geulc(3),684qgrwn(3),25ebypt(3),243tcifv(2),|684qgrwn(3),25ebypt(3),|729rgmhe(3),53nroej(3),25ebypt(3),;14991.5,18647,20275.2,19773.5,1.847210681728,1.847210681728,0,0,631.145705846692
729rgmhe(3),53nroej(3),684qgrwn(3),25ebypt(3),|53geulc(3),684qgrwn(3),25ebypt(3),|684qgrwn(3),25ebypt(3),|729rgmhe(3),53nroej(3),25ebypt(3),;15785.1,19440.6,20275.2,19773.5,0,0,0,0,636.145705846692
729rgmhe(3),53nroej(3),684qgrwn(3),25ebypt(3),|53geulc(3),684qgrwn(3),25ebypt(3),|684qgrwn(3),25ebypt(3),|729rgmhe(3),53nroej(3),25ebypt(3),;15785.1,19440.6,20275.2,19773.5,0,0,0,0,641.145705846692
729rgmhe(3),53nroej(3),684qgrwn(3),25ebypt(3),|53geulc(3),684qgrwn(3),25ebypt(3),684bxgez(0),|684qgrwn(3),25ebypt(3),684bxgez(0),|729rgmhe(3),53nroej(3),25ebypt(3),;15785.1,18693.1,19527.7,19773.5,0,6.164404960852,6.164404960852,0,646.145705846692
729rgmhe(3),53nroej(3),25ebypt(3),729hbptm(0),|53geulc(3),25ebypt(3),684bxgez(2),|25ebypt(3),684bxgez(2),729hbptm(0),|729rgmhe(3),53nroej(3),25ebypt(3),729hbptm(0),;16041.1,21027.8,19005.4,15964.2,20.699683843386,1.164404960852,25.84220565093,26.891275462434,651.145705846692
53nroej(3),25ebypt(3),729hbptm(2),|53geulc(3),25ebypt(3),684bxgez(3),|25ebypt(3),684bxgez(3),729hbptm(2),|53nroej(3),25ebypt(3),729hbptm(2),;20777.1,21027.8,19005.4,20700.2,15.699683843386,0,20.84220565093,21.891275462434,656.145705846692
53nroej(3),25ebypt(3),729hbptm(2),|53geulc(3),25ebypt(3),684bxgez(3),|25ebypt(3),684bxgez(3),729hbptm(2),|53nroej(3),25ebypt(3),729hbptm(2),;20777.1,21027.8,19005.4,20700.2,10.699683843386,0,15.84220565093,16.891275462434,661.145705846692
53nroej(3),25ebypt(3),729hbptm(2),|53geulc(3),25ebypt(3),684bxgez(3),|25ebypt(3),684bxgez(3),729hbptm(2),|53nroej(3),25ebypt(3),729hbptm(2),;20777.1,21027.8,19005.4,20700.2,5.699683843386,0,10.84220565093,11.891275462434,666.145705846692
53nroej(3),25ebypt(3),729hbptm(2),|53geulc(3),25ebypt(3),684bxgez(3),|25ebypt(3),684bxgez(3),729hbptm(2),|53nroej(3),25ebypt(3),729hbptm(2),;20777.1,21027.8,19005.4,20700.2,0.699683843386,0,5.84220565093,6.891275462434,671.145705846692
53nroej(3),25ebypt(3),|53geulc(3),25ebypt(3),684bxgez(3),|25ebypt(3),684bxgez(3),729hbptm(3),|53nroej(3),25ebypt(3),729hbptm(2),;23634.1,21027.8,19005.4,20700.2,0,0,0.84220565093,1.891275462434,676.145705846692
53nroej(3),25ebypt(3),|53geulc(3),25ebypt(3),684bxgez(3),|25ebypt(3),684bxgez(3),729hbptm(3),|53nroej(3),25ebypt(3),729hbptm(3),;23634.1,21027.8,19005.4,20700.2,0,0,0,0,681.145705846692
53nroej(3),25ebypt(3),|53geulc(3),25ebypt(3),684bxgez(3),|25ebypt(3),684bxgez(3),729hbptm(3),|53nroej(3),25ebypt(3),729hbptm(3),;23634.1,21027.8,19005.4,20700.2,0,0,0,0,686.145705846692
53nroej(3),25ebypt(3),|53geulc(3),25ebypt(3),684bxgez(3),|25ebypt(3),684bxgez(3),729hbptm(3),|53nroej(3),25ebypt(3),729hbptm(3),;23634.1,21027.8,19005.4,20700.2,0,0,0,0,691.145705846692
53nroej(3),25ebypt(3),|53geulc(3),25ebypt(3),684bxgez(3),|25ebypt(3),684bxgez(3),729hbptm(3),|53nroej(3),25ebypt(3),729hbptm(3),;23634.1,21027.8,19005.4,20700.2,0,0,0,0,696.145705846692
53nroej(3),25ebypt(3),|53geulc(3),25ebypt(3),684bxgez(3),620wzurl(2),|25ebypt(3),684bxgez(3),729hbptm(3),|53nroej(3),25ebypt(3),729hbptm(3),620wzurl(2),;23634.1,20326.4,19005.4,19998.8,0,4.24038768244,0,4.24038768244,701.145705846692
53nroej(3),25ebypt(3),|53geulc(3),25ebypt(3),684bxgez(3),|25ebypt(3),684bxgez(3),729hbptm(3),|53nroej(3),25ebypt(3),729hbptm(3),;23634.1,21027.8,19005.4,20700.2,0,0,0,0,706.145705846692
53nroej(3),25ebypt(3),|53geulc(3),25ebypt(3),684bxgez(3),|25ebypt(3),684bxgez(3),729hbptm(3),|53nroej(3),25ebypt(3),729hbptm(3),;23634.1,21027.8,19005.4,20700.2,0,0,0,0,711.145705846692
53nroej(3),25ebypt(3),|53geulc(3),25ebypt(3),684bxgez(3),|25ebypt(3),684bxgez(3),729hbptm(3),|53nroej(3),25ebypt(3),729hbptm(3),;23634.1,21027.8,19005.4,20700.2,0,0,0,0,716.145705846692
53nroej(3),25ebypt(3),|53geulc(3),25ebypt(3),684bxgez(3),|25ebypt(3),684bxgez(3),729hbptm(3),|53nroej(3),25ebypt(3),729hbptm(3),;23634.1,21027.8,19005.4,20700.2,0,0,0,0,721.145705846692
53nroej(3),25ebypt(3),|53geulc(3),25ebypt(3),684bxgez(3),|25ebypt(3),684bxgez(3),729hbptm(3),|53nroej(3),729hbptm(3),;23634.1,21027.8,19005.4,21575.7,0,0,0,0,726.145705846692
53nroej(3),25ebypt(3),|53geulc(3),25ebypt(3),684bxgez(3),|25ebypt(3),684bxgez(3),729hbptm(3),|53nroej(3),729hbptm(3),;23634.1,21027.8,19005.4,21575.7,0,0,0,0,731.145705846692
25ebypt(3),|25ebypt(3),684bxgez(3),|25ebypt(3),684bxgez(3),729hbptm(3),|729hbptm(3),;24361.1,22737.9,19005.4,22302.7,0,0,0,0,736.145705846692
25ebypt(3),|25ebypt(3),684bxgez(3),|25ebypt(3),684bxgez(3),729hbptm(3),|729hbptm(3),;24361.1,22737.9,19005.4,22302.7,0,0,0,0,741.145705846692
25ebypt(3),202uxbwq(0),|25ebypt(3),684bxgez(3),|25ebypt(3),684bxgez(3),729hbptm(3),|729hbptm(3),;20961.4,22737.9,19005.4,22302.7,23.869392824406,0,0,0,746.145705846692
25ebypt(3),202uxbwq(2),|25ebypt(3),684bxgez(3),|25ebypt(3),684bxgez(3),729hbptm(3),|729hbptm(3),;20961.4,22737.9,19005.4,22302.7,18.869392824406,0,0,0,751.145705846692
25ebypt(3),202uxbwq(2),|25ebypt(3),684bxgez(3),|25ebypt(3),684bxgez(3),729hbptm(3),|729hbptm(3),;20961.4,22737.9,19005.4,22302.7,13.869392824406,0,0,0,756.145705846692
25ebypt(3),202uxbwq(2),|25ebypt(3),684bxgez(3),|25ebypt(3),684bxgez(3),729hbptm(3),|729hbptm(3),;20961.4,22737.9,19005.4,22302.7,8.869392824406,0,0,0,761.145705846692
25ebypt(3),202uxbwq(2),|25ebypt(3),684bxgez(3),|25ebypt(3),684bxgez(3),729hbptm(3),|729hbptm(3),;20961.4,22737.9,19005.4,22302.7,3.869392824406,0,0,0,766.145705846692
25ebypt(3),202uxbwq(3),|25ebypt(3),684bxgez(3),|25ebypt(3),684bxgez(3),729hbptm(3),|729hbptm(3),;20961.4,22737.9,19005.4,22302.7,0,0,0,0,771.145705846692
25ebypt(3),202uxbwq(3),|25ebypt(3),684bxgez(3),|25ebypt(3),684bxgez(3),729hbptm(3),|729hbptm(3),;20961.4,22737.9,19005.4,22302.7,0,0,0,0,776.145705846692
25ebypt(3),202uxbwq(3),|25ebypt(3),684bxgez(3),|25ebypt(3),684bxgez(3),729hbptm(3),|729hbptm(3),;20961.4,22737.9,19005.4,22302.7,0,0,0,0,781.145705846692
25ebypt(3),202uxbwq(3),|25ebypt(3),684bxgez(3),|25ebypt(3),684bxgez(3),729hbptm(3),|729hbptm(3),;20961.4,22737.9,19005.4,22302.7,0,0,0,0,786.145705846692
25ebypt(3),202uxbwq(3),|25ebypt(3),684bxgez(3),|25ebypt(3),684bxgez(3),729hbptm(3),|729hbptm(3),;20961.4,22737.9,19005.4,22302.7,0,0,0,0,791.145705846692
25ebypt(3),|25ebypt(3),684bxgez(3),|25ebypt(3),684bxgez(3),729hbptm(3),|729hbptm(3),;24361.1,22737.9,19005.4,22302.7,0,0,0,0,796.145705846692
25ebypt(3),|25ebypt(3),684bxgez(3),|25ebypt(3),684bxgez(3),729hbptm(3),|729hbptm(3),;24361.1,22737.9,19005.4,22302.7,0,0,0,0,801.145705846692
25ebypt(3),|25ebypt(3),|25ebypt(3),729hbptm(3),|729hbptm(3),;24361.1,23485.4,19752.9,22302.7,0,0,0,0,806.145705846692
25ebypt(3),|25ebypt(3),|25ebypt(3),729hbptm(3),|729hbptm(3),;24361.1,23485.4,19752.9,22302.7,0,0,0,0,811.145705846692
25ebypt(3),|25ebypt(3),|25ebypt(3),729hbptm(3),|729hbptm(3),;24361.1,23485.4,19752.9,22302.7,0,0,0,0,816.145705846692
25ebypt(3),|25ebypt(3),|25ebypt(3),729hbptm(3),|729hbptm(3),;24361.1,23485.4,19752.9,22302.7,0,0,0,0,821.145705846692
25ebypt(3),|25ebypt(3),|25ebypt(3),|;24361.1,23485.4,22609.9,26112,0,0,0,0,826.145705846692
25ebypt(3),|25ebypt(3),|25ebypt(3),|;24361.1,23485.4,22609.9,26112,0,0,0,0,831.145705846692
25ebypt(3),|25ebypt(3),|25ebypt(3),|;24361.1,23485.4,22609.9,26112,0,0,0,0,836.145705846692
25ebypt(3),|25ebypt(3),|25ebypt(3),|;24361.1,23485.4,22609.9,26112,0,0,0,0,841.145705846692
25ebypt(3),|25ebypt(3),|25ebypt(3),|;24361.1,23485.4,22609.9,26112,0,0,0,0,846.145705846692
25ebypt(3),|25ebypt(3),|25ebypt(3),|;24361.1,23485.4,22609.9,26112,0,0,0,0,851.145705846692
25ebypt(3),|25ebypt(3),|25ebypt(3),|;24361.1,23485.4,22609.9,26112,0,0,0,0,856.145705846692
25ebypt(3),|25ebypt(3),|25ebypt(3),|;24361.1,23485.4,22609.9,26112,0,0,0,0,861.145705846692
|||;26112.1,26112,26112,26112,0,0,0,0,866.145705846692
|||;26112.1,26112,26112,26112,0,0,0,0,871.145705846692
|||;26112.1,26112,26112,26112,0,0,0,0,876.145705846692
|||;26112.1,26112,26112,26112,0,0,0,0,881.145705846692
|||;26112.1,26112,26112,26112,0,0,0,0,886.145705846692
|||;26112.1,26112,26112,26112,0,0,0,0,891.145705846692
|||;26112.1,26112,26112,26112,0,0,0,0,896.145705846692
|||;26112.1,26112,26112,26112,0,0,0,0,901.145705846692
|||;26112.1,26112,26112,26112,0,0,0,0,906.145705846692
|||;26112.1,26112,26112,26112,0,0,0,0,911.145705846692
|||;26112.1,26112,26112,26112,0,0,0,0,916.145705846692
|||;26112.1,26112,26112,26112,0,0,0,0,921.145705846692
|||;26112.1,26112,26112,26112,0,0,0,0,926.145705846692
|||;26112.1,26112,26112,26112,0,0,0,0,931.145705846692
|||;26112.1,26112,26112,26112,0,0,0,0,936.145705846692
297rbaes(2),|297rbaes(2),|297rbaes(2),|297rbaes(2),;24315,24314.9,24314.9,25513,8.782311858957,8.782311858957,8.782311858957,0.992890144671,941.145705846692
297rbaes(2),|297rbaes(2),|297rbaes(2),|;24315,24314.9,24314.9,26112,3.782311858957,3.782311858957,3.782311858957,0,946.145705846692
|||;26112.1,26112,26112,26112,0,0,0,0,951.145705846692
|||;26112.1,26112,26112,26112,0,0,0,0,956.145705846692
|||;26112.1,26112,26112,26112,0,0,0,0,961.145705846692
|||;26112.1,26112,26112,26112,0,0,0,0,966.145705846692
|||;26112.1,26112,26112,26112,0,0,0,0,971.145705846692
|||;26112.1,26112,26112,26112,0,0,0,0,976.145705846692
|||;26112.1,26112,26112,26112,0,0,0,0,981.145705846692
|||;26112.1,26112,26112,26112,0,0,0,0,986.145705846692
|||;26112.1,26112,26112,26112,0,0,0,0,991.145705846692
|||;26112.1,26112,26112,26112,0,0,0,0,996.145705846692
|||;26112.1,26112,26112,26112,0,0,0,0,1001.145705846692
|||;26112.1,26112,26112,26112,0,0,0,0,1006.145705846692
|||;26112.1,26112,26112,26112,0,0,0,0,1011.145705846692
|||;26112.1,26112,26112,26112,0,0,0,0,1016.145705846692
|||;26112.1,26112,26112,26112,0,0,0,0,1021.145705846692
|||;26112.1,26112,26112,26112,0,0,0,0,1026.145705846692
|||;26112.1,26112,26112,26112,0,0,0,0,1031.145705846692
|||;26112.1,26112,26112,26112,0,0,0,0,1036.145705846692
|||;26112.1,26112,26112,26112,0,0,0,0,1041.145705846692
|||;26112.1,26112,26112,26112,0,0,0,0,1046.145705846692
|||;26112.1,26112,26112,26112,0,0,0,0,1051.145705846692
|||;26112.1,26112,26112,26112,0,0,0,0,1056.145705846692
|||;26112.1,26112,26112,26112,0,0,0,0,1061.145705846692
|||;26112.1,26112,26112,26112,0,0,0,0,1066.145705846692
|||;26112.1,26112,26112,26112,0,0,0,0,1071.145705846692
|||;26112.1,26112,26112,26112,0,0,0,0,1076.145705846692
|||;26112.1,26112,26112,26112,0,0,0,0,1081.145705846692
|||;26112.1,26112,26112,26112,0,0,0,0,1086.145705846692
|||;26112.1,26112,26112,26112,0,0,0,0,1091.145705846692
|||;26112.1,26112,26112,26112,0,0,0,0,1096.145705846692
|||;26112.1,26112,26112,26112,0,0,0,0,1101.145705846692
|||;26112.1,26112,26112,26112,0,0,0,0,1106.145705846692
|||;26112.1,26112,26112,26112,0,0,0,0,1111.145705846692
|||;26112.1,26112,26112,26112,0,0,0,0,1116.145705846692
|||;26112.1,26112,26112,26112,0,0,0,0,1121.145705846692
|||;26112.1,26112,26112,26112,0,0,0,0,1126.145705846692
|||;26112.1,26112,26112,26112,0,0,0,0,1131.145705846692
|||;26112.1,26112,26112,26112,0,0,0,0,1136.145705846692
|||;26112.1,26112,26112,26112,0,0,0,0,1141.145705846692
|||;26112.1,26112,26112,26112,0,0,0,0,1146.145705846692
|||;26112.1,26112,26112,26112,0,0,0,0,1151.145705846692
|||;26112.1,26112,26112,26112,0,0,0,0,1156.145705846692
|||;26112.1,26112,26112,26112,0,0,0,0,1161.145705846692
|||;26112.1,26112,26112,26112,0,0,0,0,1166.145705846692
|||;26112.1,26112,26112,26112,0,0,0,0,1171.145705846692
|||;26112.1,26112,26112,26112,0,0,0,0,1176.145705846692
|||;26112.1,26112,26112,26112,0,0,0,0,1181.145705846692
|||;26112.1,26112,26112,26112,0,0,0,0,1186.145705846692
|||;26112.1,26112,26112,26112,0,0,0,0,1191.145705846692
|||;26112.1,26112,26112,26112,0,0,0,0,1196.145705846692
|||;26112.1,26112,26112,26112,0,0,0,0,1201.145705846692
|||;26112.1,26112,26112,26112,0,0,0,0,1206.145705846692
|||;26112.1,26112,26112,26112,0,0,0,0,1211.145705846692
|||;26112.1,26112,26112,26112,0,0,0,0,1216.145705846692
|||;26112.1,26112,26112,26112,0,0,0,0,1221.145705846692
|||;26112.1,26112,26112,26112,0,0,0,0,1226.145705846692
|||;26112.1,26112,26112,26112,0,0,0,0,1231.145705846692
|||;26112.1,26112,26112,26112,0,0,0,0,1236.145705846692
|||;26112.1,26112,26112,26112,0,0,0,0,1241.145705846692
|||;26112.1,26112,26112,26112,0,0,0,0,1246.145705846692
|||;26112.1,26112,26112,26112,0,0,0,0,1251.145705846692
|||;26112.1,26112,26112,26112,0,0,0,0,1256.145705846692
|||;26112.1,26112,26112,26112,0,0,0,0,1261.145705846692
|||;26112.1,26112,26112,26112,0,0,0,0,1266.145705846692
|||;26112.1,26112,26112,26112,0,0,0,0,1271.145705846692
|||;26112.1,26112,26112,26112,0,0,0,0,1276.145705846692
|||;26112.1,26112,26112,26112,0,0,0,0,1281.145705846692
|||;26112.1,26112,26112,26112,0,0,0,0,1286.145705846692
|||;26112.1,26112,26112,26112,0,0,0,0,1291.145705846692
|||;26112.1,26112,26112,26112,0,0,0,0,1296.145705846692
|||;26112.1,26112,26112,26112,0,0,0,0,1301.145705846692
|||;26112.1,26112,26112,26112,0,0,0,0,1306.145705846692
|||;26112.1,26112,26112,26112,0,0,0,0,1311.145705846692
|||;26112.1,26112,26112,26112,0,0,0,0,1316.145705846692
|||;26112.1,26112,26112,26112,0,0,0,0,1321.145705846692
|||;26112.1,26112,26112,26112,0,0,0,0,1326.145705846692
|||;26112.1,26112,26112,26112,0,0,0,0,1331.145705846692
|||;26112.1,26112,26112,26112,0,0,0,0,1336.145705846692
|||;26112.1,26112,26112,26112,0,0,0,0,1341.145705846692
|||;26112.1,26112,26112,26112,0,0,0,0,1346.145705846692
|||;26112.1,26112,26112,26112,0,0,0,0,1351.145705846692
|||;26112.1,26112,26112,26112,0,0,0,0,1356.145705846692
|||;26112.1,26112,26112,26112,0,0,0,0,1361.145705846692
|||;26112.1,26112,26112,26112,0,0,0,0,1366.145705846692
|||;26112.1,26112,26112,26112,0,0,0,0,1371.145705846692
|||;26112.1,26112,26112,26112,0,0,0,0,1376.145705846692
|||;26112.1,26112,26112,26112,0,0,0,0,1381.145705846692
|||;26112.1,26112,26112,26112,0,0,0,0,1386.145705846692
|||;26112.1,26112,26112,26112,0,0,0,0,1391.145705846692
|||;26112.1,26112,26112,26112,0,0,0,0,1396.145705846692
|||;26112.1,26112,26112,26112,0,0,0,0,1401.145705846692
|||;26112.1,26112,26112,26112,0,0,0,0,1406.145705846692
|||;26112.1,26112,26112,26112,0,0,0,0,1411.145705846692
|||;26112.1,26112,26112,26112,0,0,0,0,1416.145705846692
|||;26112.1,26112,26112,26112,0,0,0,0,1421.145705846692
|||;26112.1,26112,26112,26112,0,0,0,0,1426.145705846692
|||;26112.1,26112,26112,26112,0,0,0,0,1431.145705846692
|||;26112.1,26112,26112,26112,0,0,0,0,1436.145705846692
|||;26112.1,26112,26112,26112,0,0,0,0,1441.145705846692
|||;26112.1,26112,26112,26112,0,0,0,0,1446.145705846692
|||;26112.1,26112,26112,26112,0,0,0,0,1451.145705846692
|||;26112.1,26112,26112,26112,0,0,0,0,1456.145705846692
|||;26112.1,26112,26112,26112,0,0,0,0,1461.145705846692
|||;26112.1,26112,26112,26112,0,0,0,0,1466.145705846692
|||;26112.1,26112,26112,26112,0,0,0,0,1471.145705846692
|||;26112.1,26112,26112,26112,0,0,0,0,1476.145705846692
|||;26112.1,26112,26112,26112,0,0,0,0,1481.145705846692
|||;26112.1,26112,26112,26112,0,0,0,0,1486.145705846692
|||;26112.1,26112,26112,26112,0,0,0,0,1491.145705846692
|||;26112.1,26112,26112,26112,0,0,0,0,1496.145705846692
|||;26112.1,26112,26112,26112,0,0,0,0,1501.145705846692
|||;26112.1,26112,26112,26112,0,0,0,0,1506.145705846692
|||;26112.1,26112,26112,26112,0,0,0,0,1511.145705846692
|||;26112.1,26112,26112,26112,0,0,0,0,1516.145705846692
|||;26112.1,26112,26112,26112,0,0,0,0,1521.145705846692
|||;26112.1,26112,26112,26112,0,0,0,0,1526.145705846692
|||;26112.1,26112,26112,26112,0,0,0,0,1531.145705846692
|||;26112.1,26112,26112,26112,0,0,0,0,1536.145705846692
|||;26112.1,26112,26112,26112,0,0,0,0,1541.145705846692
|||;26112.1,26112,26112,26112,0,0,0,0,1546.145705846692
|||;26112.1,26112,26112,26112,0,0,0,0,1551.145705846692
|||;26112.1,26112,26112,26112,0,0,0,0,1556.145705846692
|||;26112.1,26112,26112,26112,0,0,0,0,1561.145705846692
|||;26112.1,26112,26112,26112,0,0,0,0,1566.145705846692
|||;26112.1,26112,26112,26112,0,0,0,0,1571.145705846692
|||;26112.1,26112,26112,26112,0,0,0,0,1576.145705846692
|||;26112.1,26112,26112,26112,0,0,0,0,1581.145705846692
|||;26112.1,26112,26112,26112,0,0,0,0,1586.145705846692
|||;26112.1,26112,26112,26112,0,0,0,0,1591.145705846692
|||;26112.1,26112,26112,26112,0,0,0,0,1596.145705846692
503tzagj(2),|503tzagj(2),|503tzagj(2),|503tzagj(2),;22999.1,24555.5,24555.5,24555.5,17.453957517305,7.131700247464,7.131700247464,7.131700247464,1601.145705846692
503tzagj(2),|503tzagj(2),|503tzagj(2),|503tzagj(2),;22999.1,24555.5,24555.5,24555.5,12.453957517305,2.131700247464,2.131700247464,2.131700247464,1606.145705846692
503tzagj(2),|||;22999.1,26112,26112,26112,7.453957517305,0,0,0,1611.145705846692
503tzagj(2),|||;22999.1,26112,26112,26112,2.453957517305,0,0,0,1616.145705846692
|||;26112.1,26112,26112,26112,0,0,0,0,1621.145705846692
|||;26112.1,26112,26112,26112,0,0,0,0,1626.145705846692
|||;26112.1,26112,26112,26112,0,0,0,0,1631.145705846692
|||;26112.1,26112,26112,26112,0,0,0,0,1636.145705846692
|||;26112.1,26112,26112,26112,0,0,0,0,1641.145705846692
|||;26112.1,26112,26112,26112,0,0,0,0,1646.145705846692
|||;26112.1,26112,26112,26112,0,0,0,0,1651.145705846692
|||;26112.1,26112,26112,26112,0,0,0,0,1656.145705846692
|||;26112.1,26112,26112,26112,0,0,0,0,1661.145705846692
|||;26112.1,26112,26112,26112,0,0,0,0,1666.145705846692
|||;26112.1,26112,26112,26112,0,0,0,0,1671.145705846692
|||;26112.1,26112,26112,26112,0,0,0,0,1676.145705846692
|||;26112.1,26112,26112,26112,0,0,0,0,1681.145705846692
|||;26112.1,26112,26112,26112,0,0,0,0,1686.145705846692
|||;26112.1,26112,26112,26112,0,0,0,0,1691.145705846692
|||;26112.1,26112,26112,26112,0,0,0,0,1696.145705846692
|||;26112.1,26112,26112,26112,0,0,0,0,1701.145705846692
|||;26112.1,26112,26112,26112,0,0,0,0,1706.145705846692
|||;26112.1,26112,26112,26112,0,0,0,0,1711.145705846692
|||;26112.1,26112,26112,26112,0,0,0,0,1716.145705846692
2jdiey(2),|2jdiey(2),|2jdiey(2),|2jdiey(2),;25379.9,23915.5,25379.8,23183.4,2.909934392718,13.002338710178,2.909934392718,18.048540868908,1721.145705846692
2jdiey(3),|2jdiey(2),|2jdiey(3),|2jdiey(2),;25379.9,23915.5,25379.8,23183.4,0,8.002338710178,0,13.048540868908,1726.145705846692
2jdiey(3),|2jdiey(2),|2jdiey(3),|2jdiey(2),;25379.9,23915.5,25379.8,23183.4,0,3.002338710178,0,8.048540868908,1731.145705846692
2jdiey(3),|2jdiey(3),|2jdiey(3),|2jdiey(2),;25379.9,23915.5,25379.8,23183.4,0,0,0,3.048540868908,1736.145705846692
2jdiey(3),|2jdiey(3),|2jdiey(3),|2jdiey(3),;25379.9,23915.5,25379.8,23183.4,0,0,0,0,1741.145705846692
2jdiey(3),|2jdiey(3),|2jdiey(3),|2jdiey(3),;25379.9,23915.5,25379.8,23183.4,0,0,0,0,1746.145705846692
2jdiey(3),|2jdiey(3),|2jdiey(3),|2jdiey(3),;25379.9,23915.5,25379.8,23183.4,0,0,0,0,1751.145705846692
2jdiey(3),|2jdiey(3),|2jdiey(3),|2jdiey(3),;25379.9,23915.5,25379.8,23183.4,0,0,0,0,1756.145705846692
2jdiey(3),|2jdiey(3),|2jdiey(3),|2jdiey(3),;25379.9,23915.5,25379.8,23183.4,0,0,0,0,1761.145705846692
2jdiey(3),|2jdiey(3),|2jdiey(3),|2jdiey(3),;25379.9,23915.5,25379.8,23183.4,0,0,0,0,1766.145705846692
2jdiey(3),|2jdiey(3),|2jdiey(3),|2jdiey(3),;25379.9,23915.5,25379.8,23183.4,0,0,0,0,1771.145705846692
2jdiey(3),|2jdiey(3),|2jdiey(3),|2jdiey(3),;25379.9,23915.5,25379.8,23183.4,0,0,0,0,1776.145705846692
2jdiey(3),|2jdiey(3),|2jdiey(3),|2jdiey(3),;25379.9,23915.5,25379.8,23183.4,0,0,0,0,1781.145705846692
2jdiey(3),|2jdiey(3),|2jdiey(3),|2jdiey(3),;25379.9,23915.5,25379.8,23183.4,0,0,0,0,1786.145705846692
2jdiey(3),|2jdiey(3),|2jdiey(3),|2jdiey(3),;25379.9,23915.5,25379.8,23183.4,0,0,0,0,1791.145705846692
2jdiey(3),|2jdiey(3),|2jdiey(3),|2jdiey(3),;25379.9,23915.5,25379.8,23183.4,0,0,0,0,1796.145705846692
2jdiey(3),|2jdiey(3),|2jdiey(3),|2jdiey(3),;25379.9,23915.5,25379.8,23183.4,0,0,0,0,1801.145705846692
2jdiey(3),316xmvob(0),|2jdiey(3),316xmvob(0),|2jdiey(3),316xmvob(0),|2jdiey(3),316xmvob(0),;23383.1,21918.7,22384.6,20188.2,15.327534609986,15.327534609986,21.818719371891,21.818719371891,1806.145705846692
2jdiey(3),316xmvob(2),|2jdiey(3),316xmvob(2),|2jdiey(3),316xmvob(2),|2jdiey(3),316xmvob(2),;23383.1,21918.7,22384.6,20188.2,10.327534609986,10.327534609986,16.818719371891,16.818719371891,1811.145705846692
2jdiey(3),316xmvob(2),|2jdiey(3),316xmvob(2),|2jdiey(3),316xmvob(2),|2jdiey(3),316xmvob(2),;23383.1,21918.7,22384.6,20188.2,5.327534609986,5.327534609986,11.818719371891,11.818719371891,1816.145705846692
2jdiey(3),316xmvob(2),|2jdiey(3),316xmvob(2),|2jdiey(3),316xmvob(2),|2jdiey(3),316xmvob(2),;23383.1,21918.7,22384.6,20188.2,0.327534609986,0.327534609986,6.818719371891,6.818719371891,1821.145705846692
2jdiey(3),|2jdiey(3),|2jdiey(3),316xmvob(2),|2jdiey(3),316xmvob(2),;25379.9,23915.5,22384.6,20188.2,0,0,1.818719371891,1.818719371891,1826.145705846692
2jdiey(3),|2jdiey(3),|2jdiey(3),|2jdiey(3),;25379.9,23915.5,25379.8,23183.4,0,0,0,0,1831.145705846692
2jdiey(3),|2jdiey(3),|2jdiey(3),|2jdiey(3),;25379.9,23915.5,25379.8,23183.4,0,0,0,0,1836.145705846692
2jdiey(3),|2jdiey(3),|2jdiey(3),|2jdiey(3),;25379.9,23915.5,25379.8,23183.4,0,0,0,0,1841.145705846692
2jdiey(3),|2jdiey(3),|2jdiey(3),|2jdiey(3),;25379.9,23915.5,25379.8,23183.4,0,0,0,0,1846.145705846692
2jdiey(3),|2jdiey(3),|2jdiey(3),|2jdiey(3),;25379.9,23915.5,25379.8,23183.4,0,0,0,0,1851.145705846692
2jdiey(3),2rthum(0),|2jdiey(3),2rthum(0),|2jdiey(3),2rthum(0),|2jdiey(3),2rthum(0),;24678.5,22512.6,22574,21780.5,8.808406742938,13.642880139764,23.311826933415,13.642880139764,1856.145705846692
2jdiey(3),2rthum(2),|2jdiey(3),2rthum(2),|2jdiey(3),2rthum(2),|2jdiey(3),2rthum(2),;24678.5,22512.6,22574,21780.5,3.808406742938,8.642880139764,18.311826933415,8.642880139764,1861.145705846692
2jdiey(3),2rthum(3),|2jdiey(3),2rthum(2),|2jdiey(3),2rthum(2),|2jdiey(3),2rthum(2),;24678.5,22512.6,22574,21780.5,0,3.642880139764,13.311826933415,3.642880139764,1866.145705846692
2jdiey(3),2rthum(3),|2jdiey(3),2rthum(3),|2jdiey(3),2rthum(2),|2jdiey(3),2rthum(3),;24678.5,22512.6,22574,21780.5,0,0,8.311826933415,0,1871.145705846692
2jdiey(3),2rthum(3),|2jdiey(3),2rthum(3),|2jdiey(3),2rthum(2),|2jdiey(3),2rthum(3),;24678.5,22512.6,22574,21780.5,0,0,3.311826933415,0,1876.145705846692
2jdiey(3),2rthum(3),|2jdiey(3),2rthum(3),|2jdiey(3),2rthum(3),|2jdiey(3),2rthum(3),;24678.5,22512.6,22574,21780.5,0,0,0,0,1881.145705846692
2jdiey(3),2rthum(3),|2jdiey(3),2rthum(3),|2jdiey(3),2rthum(3),|2jdiey(3),2rthum(3),;24678.5,22512.6,22574,21780.5,0,0,0,0,1886.145705846692
2jdiey(3),2rthum(3),|2jdiey(3),2rthum(3),|2jdiey(3),2rthum(3),|2jdiey(3),2rthum(3),;24678.5,22512.6,22574,21780.5,0,0,0,0,1891.145705846692
2jdiey(3),2rthum(3),|2jdiey(3),2rthum(3),|2jdiey(3),2rthum(3),|2jdiey(3),2rthum(3),;24678.5,22512.6,22574,21780.5,0,0,0,0,1896.145705846692
2jdiey(3),2rthum(3),|2jdiey(3),2rthum(3),|2jdiey(3),2rthum(3),|2jdiey(3),2rthum(3),;24678.5,22512.6,22574,21780.5,0,0,0,0,1901.145705846692
2jdiey(3),2rthum(3),|2jdiey(3),2rthum(3),|2jdiey(3),2rthum(3),|2jdiey(3),2rthum(3),;24678.5,22512.6,22574,21780.5,0,0,0,0,1906.145705846692
2jdiey(3),2rthum(3),|2jdiey(3),2rthum(3),|2jdiey(3),2rthum(3),|2jdiey(3),2rthum(3),;24678.5,22512.6,22574,21780.5,0,0,0,0,1911.145705846692
2jdiey(3),2rthum(3),287xupka(0),|2jdiey(3),2rthum(3),287xupka(0),|2jdiey(3),2rthum(3),287xupka(0),|2jdiey(3),2rthum(3),287xupka(0),;22825.1,19732.4,19793.8,19927.1,18.237875958569,24.50436027603,24.50436027603,18.237875958569,1916.145705846692
2jdiey(3),2rthum(3),287xupka(0),|2jdiey(3),2rthum(3),287xupka(0),|2jdiey(3),2rthum(3),287xupka(0),|2jdiey(3),2rthum(3),287xupka(0),;22825.1,19732.4,19793.8,19927.1,13.237875958569,19.50436027603,19.50436027603,13.237875958569,1921.145705846692
2jdiey(3),2rthum(3),287xupka(2),106ejiwd(0),|2jdiey(3),2rthum(3),287xupka(2),106ejiwd(0),|2jdiey(3),2rthum(3),287xupka(2),106ejiwd(0),|2jdiey(3),2rthum(3),287xupka(2),106ejiwd(0),;21104.8,19159,19220.4,18206.8,23.100207643232,21.910151516249,21.910151516249,23.100207643232,1926.145705846692
2jdiey(3),2rthum(3),287xupka(2),106ejiwd(1),|2jdiey(3),2rthum(3),287xupka(2),106ejiwd(1),|2jdiey(3),2rthum(3),287xupka(2),106ejiwd(1),|2jdiey(3),2rthum(3),287xupka(2),106ejiwd(1),;21104.8,19159,19220.4,18206.8,18.100207643232,16.910151516249,16.910151516249,18.100207643232,1931.145705846692
2jdiey(3),2rthum(3),287xupka(3),106ejiwd(2),|2jdiey(3),2rthum(3),287xupka(2),106ejiwd(1),|2jdiey(3),2rthum(3),287xupka(2),106ejiwd(1),|2jdiey(3),2rthum(3),287xupka(3),106ejiwd(2),;21104.8,19159,19220.4,18206.8,13.100207643232,11.910151516249,11.910151516249,13.100207643232,1936.145705846692
2jdiey(3),2rthum(3),287xupka(3),106ejiwd(2),|2jdiey(3),2rthum(3),287xupka(3),106ejiwd(2),|2jdiey(3),2rthum(3),287xupka(3),106ejiwd(2),|2jdiey(3),2rthum(3),287xupka(3),106ejiwd(2),;21104.8,19159,19220.4,18206.8,8.100207643232,6.910151516249,6.910151516249,8.100207643232,1941.145705846692
2jdiey(3),2rthum(3),287xupka(3),106ejiwd(3),|2jdiey(3),2rthum(3),287xupka(3),106ejiwd(3),|2jdiey(3),2rthum(3),287xupka(3),106ejiwd(3),|2jdiey(3),2rthum(3),287xupka(3),106ejiwd(3),;21104.8,19159,19220.4,18206.8,3.100207643232,1.910151516249,1.910151516249,3.100207643232,1946.145705846692
2jdiey(3),2rthum(3),287xupka(3),106ejiwd(3),|2jdiey(3),2rthum(3),287xupka(3),106ejiwd(3),|2jdiey(3),2rthum(3),287xupka(3),106ejiwd(3),|2jdiey(3),2rthum(3),287xupka(3),106ejiwd(3),;21104.8,19159,19220.4,18206.8,0,0,0,0,1951.145705846692
2jdiey(3),2rthum(3),287xupka(3),106ejiwd(3),|2jdiey(3),2rthum(3),287xupka(3),106ejiwd(3),|2jdiey(3),2rthum(3),287xupka(3),106ejiwd(3),|2jdiey(3),2rthum(3),287xupka(3),106ejiwd(3),;21104.8,19159,19220.4,18206.8,0,0,0,0,1956.145705846692
2jdiey(3),2rthum(3),287xupka(3),106ejiwd(3),|2jdiey(3),2rthum(3),287xupka(3),106ejiwd(3),|2jdiey(3),2rthum(3),287xupka(3),106ejiwd(3),|2jdiey(3),2rthum(3),287xupka(3),106ejiwd(3),;21104.8,19159,19220.4,18206.8,0,0,0,0,1961.145705846692
2jdiey(3),2rthum(3),287xupka(3),106ejiwd(3),|2jdiey(3),2rthum(3),287xupka(3),106ejiwd(3),|2jdiey(3),2rthum(3),287xupka(3),106ejiwd(3),|2jdiey(3),2rthum(3),287xupka(3),106ejiwd(3),;21104.8,19159,19220.4,18206.8,0,0,0,0,1966.145705846692
2jdiey(3),2rthum(3),287xupka(3),106ejiwd(3),|2jdiey(3),2rthum(3),287xupka(3),106ejiwd(3),|2jdiey(3),2rthum(3),287xupka(3),106ejiwd(3),|2jdiey(3),2rthum(3),287xupka(3),106ejiwd(3),;21104.8,19159,19220.4,18206.8,0,0,0,0,1971.145705846692
2jdiey(3),2rthum(3),287xupka(3),106ejiwd(3),|2jdiey(3),2rthum(3),287xupka(3),106ejiwd(3),|2jdiey(3),2rthum(3),287xupka(3),106ejiwd(3),|2jdiey(3),2rthum(3),287xupka(3),106ejiwd(3),;21104.8,19159,19220.4,18206.8,0,0,0,0,1976.145705846692
2jdiey(3),2rthum(3),287xupka(3),106ejiwd(3),|2jdiey(3),2rthum(3),287xupka(3),106ejiwd(3),|2jdiey(3),2rthum(3),287xupka(3),106ejiwd(3),|2jdiey(3),2rthum(3),287xupka(3),106ejiwd(3),;21104.8,19159,19220.4,18206.8,0,0,0,0,1981.145705846692
2jdiey(3),2rthum(3),287xupka(3),106ejiwd(3),|2jdiey(3),2rthum(3),287xupka(3),106ejiwd(3),|2jdiey(3),2rthum(3),287xupka(3),106ejiwd(3),|2jdiey(3),2rthum(3),287xupka(3),106ejiwd(3),;21104.8,19159,19220.4,18206.8,0,0,0,0,1986.145705846692
2jdiey(3),2rthum(3),287xupka(3),106ejiwd(3),|2jdiey(3),2rthum(3),287xupka(3),106ejiwd(3),|2jdiey(3),2rthum(3),287xupka(3),106ejiwd(3),|2jdiey(3),2rthum(3),287xupka(3),106ejiwd(3),;21104.8,19159,19220.4,18206.8,0,0,0,0,1991.145705846692
2jdiey(3),2rthum(3),287xupka(3),106ejiwd(3),|2jdiey(3),2rthum(3),287xupka(3),106ejiwd(3),|2jdiey(3),2rthum(3),287xupka(3),106ejiwd(3),|2jdiey(3),2rthum(3),287xupka(3),106ejiwd(3),;21104.8,19159,19220.4,18206.8,0,0,0,0,1996.145705846692
