|||;36147,36147,36147,36147,0,0,0,0,1.184701696467
|||;36147,36147,36147,36147,0,0,0,0,6.184701696467
|||;36147,36147,36147,36147,0,0,0,0,11.184701696467
|||;36147,36147,36147,36147,0,0,0,0,16.184701696467
|||;36147,36147,36147,36147,0,0,0,0,21.184701696467
|||;36147,36147,36147,36147,0,0,0,0,26.184701696467
|||;36147,36147,36147,36147,0,0,0,0,31.184701696467
|||;36147,36147,36147,36147,0,0,0,0,36.184701696467
|||;36147,36147,36147,36147,0,0,0,0,41.184701696467
|||;36147,36147,36147,36147,0,0,0,0,46.184701696467
|||;36147,36147,36147,36147,0,0,0,0,51.184701696467
|||;36147,36147,36147,36147,0,0,0,0,56.184701696467
|||;36147,36147,36147,36147,0,0,0,0,61.184701696467
|||;36147,36147,36147,36147,0,0,0,0,66.184701696467
|276epvbw(2),||;36147,34692.9,36147,36147,0,5.464453362673,0,0,71.184701696467
|276epvbw(2),||;36147,34692.9,36147,36147,0,0.464453362673,0,0,76.184701696467
|||;36147,36147,36147,36147,0,0,0,0,81.184701696467
|||;36147,36147,36147,36147,0,0,0,0,86.184701696467
555yntue(2),|||;35256.1,36147,36147,36147,0.594678235904,0,0,0,91.184701696467
555yntue(3),951jbkwy(2),|951jbkwy(2),317lykpd(0),|317lykpd(0),|951jbkwy(2),317lykpd(0),;34421.5,32819,35594,34206.5,5.191177026328,17.240177319252,3.026539674283,10.242684082889,96.184701696467
555yntue(3),|951jbkwy(2),317lykpd(1),||317lykpd(2),;35256.1,32819,36147,35041.1,0.191177026328,12.240177319252,0,5.242684082889,101.184701696467
555yntue(3),|317lykpd(2),||;35256.1,34488.1,36147,36147,0,7.240177319252,0,0.242684082889,106.184701696467
555yntue(3),|317lykpd(3),||;35256.1,34488.1,36147,36147,0,2.240177319252,0,0,111.184701696467
555yntue(3),|317lykpd(3),||;35256.1,34488.1,36147,36147,0,0,0,0,116.184701696467
555yntue(3),31lfmie(0),353njgms(0),|317lykpd(3),31lfmie(0),353njgms(0),|31lfmie(0),353njgms(0),|353njgms(0),;32573.2,32245.6,32655.2,32102.2,19.088699622828,16.739910871313,23.105063453131,22.537492886068,121.184701696467
555yntue(3),31lfmie(2),353njgms(1),|317lykpd(3),353njgms(2),|31lfmie(2),353njgms(1),|353njgms(2),;32573.2,32870.2,32655.2,32102.2,14.088699622828,11.739910871313,18.105063453131,17.537492886068,126.184701696467
555yntue(3),31lfmie(2),353njgms(1),|317lykpd(3),353njgms(2),|31lfmie(2),353njgms(1),|353njgms(2),;32573.2,32870.2,32655.2,32102.2,9.088699622828,6.739910871313,13.105063453131,12.537492886068,131.184701696467
555yntue(3),|317lykpd(3),|353njgms(2),|353njgms(2),;35256.1,34488.1,34529.1,32102.2,4.088699622828,1.739910871313,8.105063453131,7.537492886068,136.184701696467
555yntue(3),|317lykpd(3),||353njgms(2),;35256.1,34488.1,36147,32102.2,0,0,3.105063453131,2.537492886068,141.184701696467
555yntue(3),|317lykpd(3),||;35256.1,34488.1,36147,36147,0,0,0,0,146.184701696467
555yntue(3),|317lykpd(3),||;35256.1,34488.1,36147,36147,0,0,0,0,151.184701696467
555yntue(3),434cvkzo(0),|317lykpd(3),434cvkzo(0),|434cvkzo(0),|434cvkzo(0),;33566.5,32798.5,34457.4,33612.6,9.629135693835,9.629135693835,9.629135693835,13.823439693835,156.184701696467
555yntue(3),434cvkzo(2),|317lykpd(3),434cvkzo(2),|434cvkzo(2),|434cvkzo(2),;33566.5,32798.5,34457.4,33612.6,4.629135693835,4.629135693835,4.629135693835,8.823439693835,161.184701696467
|317lykpd(3),||434cvkzo(2),;36147,34488.1,36147,33612.6,0,0,0,3.823439693835,166.184701696467
|317lykpd(3),||;36147,34488.1,36147,36147,0,0,0,0,171.184701696467
|317lykpd(3),||;36147,34488.1,36147,36147,0,0,0,0,176.184701696467
|317lykpd(3),26mbiux(0),|26mbiux(0),|26mbiux(0),;36147,32993.1,35399.5,33156.9,0,9.412924670731,5.604267798003,17.030238416185,181.184701696467
146tbxao(2),|317lykpd(3),26mbiux(2),146tbxao(1),|26mbiux(2),146tbxao(1),|26mbiux(2),146tbxao(1),;34073.4,31610.7,34017.1,32465.7,8.092285852827,15.198939947298,11.39028307457,19.384550420024,186.184701696467
146tbxao(2),|317lykpd(3),146tbxao(2),497orcjw(0),|146tbxao(2),|26mbiux(2),146tbxao(1),497orcjw(0),;34073.4,32394,34764.6,30330.7,3.092285852827,17.974655822825,6.39028307457,29.412366368278,191.184701696467
|146tbxao(2),497orcjw(1),||26mbiux(2),146tbxao(1),497orcjw(1),;36147,34052.9,36147,30330.7,0,12.974655822825,1.39028307457,24.412366368278,196.184701696467
|146tbxao(3),497orcjw(2),|53tkvaz(2),|146tbxao(2),497orcjw(1),;36147,34052.9,35558.2,33320.8,0,7.974655822825,3.030620790356,19.412366368278,201.184701696467
|146tbxao(3),497orcjw(3),||146tbxao(3),497orcjw(2),;36147,34052.9,36147,33320.8,0,2.974655822825,0,14.412366368278,206.184701696467
|146tbxao(3),497orcjw(3),||146tbxao(3),497orcjw(2),;36147,34052.9,36147,33320.8,0,0,0,9.412366368278,211.184701696467
|146tbxao(3),497orcjw(3),||146tbxao(3),497orcjw(3),;36147,34052.9,36147,33320.8,0,0,0,4.412366368278,216.184701696467
|146tbxao(3),497orcjw(3),||146tbxao(3),497orcjw(3),;36147,34052.9,36147,33320.8,0,0,0,0,221.184701696467
|146tbxao(3),497orcjw(3),||146tbxao(3),497orcjw(3),;36147,34052.9,36147,33320.8,0,0,0,0,226.184701696467
|146tbxao(3),497orcjw(3),||146tbxao(3),497orcjw(3),;36147,34052.9,36147,33320.8,0,0,0,0,231.184701696467
|146tbxao(3),497orcjw(3),||146tbxao(3),497orcjw(3),;36147,34052.9,36147,33320.8,0,0,0,0,236.184701696467
|146tbxao(3),497orcjw(3),||146tbxao(3),497orcjw(3),900rsbej(2),;36147,34052.9,36147,28769.1,0,0,0,22.4204655666,241.184701696467
849yvzwa(0),|146tbxao(3),497orcjw(3),||146tbxao(3),497orcjw(3),900rsbej(2),849yvzwa(0),;29020,34052.9,36147,26987.3,36.784580449271,0,0,31.093508403248,246.184701696467
849yvzwa(2),|146tbxao(3),497orcjw(3),||146tbxao(3),497orcjw(3),900rsbej(2),849yvzwa(1),;29020,34052.9,36147,26987.3,31.784580449271,0,0,26.093508403248,251.184701696467
849yvzwa(2),|146tbxao(3),497orcjw(3),||146tbxao(3),497orcjw(3),900rsbej(2),849yvzwa(1),;29020,34052.9,36147,26987.3,26.784580449271,0,0,21.093508403248,256.184701696467
849yvzwa(2),918qwgem(0),|146tbxao(3),497orcjw(3),918qwgem(0),|918qwgem(0),|146tbxao(3),497orcjw(3),900rsbej(2),849yvzwa(1),918qwgem(0),;28456.8,31800.1,35020.6,25297.7,29.035017943778,13.76279979804,8.02372779804,29.083017897755,261.184701696467
849yvzwa(2),918qwgem(1),|146tbxao(3),497orcjw(3),918qwgem(2),|918qwgem(2),|146tbxao(3),497orcjw(3),900rsbej(3),849yvzwa(2),918qwgem(1),;28456.8,31800.1,35020.6,25297.7,24.035017943778,8.76279979804,3.02372779804,24.083017897755,266.184701696467
849yvzwa(2),918qwgem(1),|146tbxao(3),497orcjw(3),918qwgem(2),||146tbxao(3),497orcjw(3),900rsbej(3),849yvzwa(2),918qwgem(1),;28456.8,31800.1,36147,25297.7,19.035017943778,3.76279979804,0,19.083017897755,271.184701696467
849yvzwa(2),918qwgem(1),497sumgz(0),|146tbxao(3),497orcjw(3),||146tbxao(3),497orcjw(3),900rsbej(3),849yvzwa(3),918qwgem(2),497sumgz(0),;26306.4,34052.9,36147,22430.5,30.715335410749,0,0,34.415472091999,276.184701696467
849yvzwa(2),918qwgem(1),497sumgz(1),|146tbxao(3),||146tbxao(3),497orcjw(3),900rsbej(3),849yvzwa(3),918qwgem(2),497sumgz(1),;26306.4,34764.6,36147,22430.5,25.715335410749,0,0,29.415472091999,281.184701696467
849yvzwa(3),918qwgem(3),497sumgz(2),|||497orcjw(3),900rsbej(3),849yvzwa(3),918qwgem(3),497sumgz(2),;26306.4,36147,36147,23121.7,20.715335410749,0,0,24.415472091999,286.184701696467
849yvzwa(3),918qwgem(3),497sumgz(2),|||497orcjw(3),900rsbej(3),849yvzwa(3),918qwgem(3),497sumgz(2),;26306.4,36147,36147,23121.7,15.715335410749,0,0,19.415472091999,291.184701696467
849yvzwa(3),918qwgem(3),497sumgz(2),|||497orcjw(3),900rsbej(3),849yvzwa(3),918qwgem(3),497sumgz(2),;26306.4,36147,36147,23121.7,10.715335410749,0,0,14.415472091999,296.184701696467
849yvzwa(3),497sumgz(3),|||497orcjw(3),900rsbej(3),849yvzwa(3),497sumgz(3),;26869.6,36147,36147,24811.3,5.715335410749,0,0,9.415472091999,301.184701696467
849yvzwa(3),497sumgz(3),107zmniv(0),|107zmniv(0),|107zmniv(0),|497orcjw(3),900rsbej(3),849yvzwa(3),497sumgz(3),107zmniv(0),;24944.5,33259.3,32296.8,23848.7,16.819963920862,14.992172704556,19.896470595465,15.615802711203,306.184701696467
849yvzwa(3),497sumgz(3),107zmniv(2),|107zmniv(2),|107zmniv(2),|497orcjw(3),900rsbej(3),849yvzwa(3),497sumgz(3),107zmniv(3),;24944.5,33259.3,32296.8,23848.7,11.819963920862,9.992172704556,14.896470595465,10.615802711203,311.184701696467
849yvzwa(3),497sumgz(3),107zmniv(3),|107zmniv(2),|107zmniv(2),|497orcjw(3),900rsbej(3),849yvzwa(3),497sumgz(3),107zmniv(3),;24944.5,33259.3,32296.8,23848.7,6.819963920862,4.992172704556,9.896470595465,5.615802711203,316.184701696467
849yvzwa(3),497sumgz(3),107zmniv(3),455ktqys(2),|107zmniv(3),455ktqys(2),|107zmniv(2),455ktqys(1),726dnryj(1),|497orcjw(3),900rsbej(3),849yvzwa(3),497sumgz(3),107zmniv(3),455ktqys(2),;23408.5,31723.3,26767.2,22312.7,13.690047311527,11.862256095221,40.927685844091,12.485886101868,321.184701696467
849yvzwa(3),497sumgz(3),107zmniv(3),455ktqys(2),89ujkhy(1),|107zmniv(3),455ktqys(2),89ujkhy(1),|107zmniv(3),455ktqys(2),726dnryj(1),|497orcjw(3),900rsbej(3),849yvzwa(3),497sumgz(3),107zmniv(3),455ktqys(2),89ujkhy(1),;21790.6,30105.4,26767.2,20694.8,21.535257663998,19.707466447692,35.927685844091,20.331096454339,326.184701696467
849yvzwa(3),497sumgz(3),107zmniv(3),89ujkhy(2),|107zmniv(3),89ujkhy(2),|107zmniv(3),726dnryj(2),|497orcjw(3),849yvzwa(3),497sumgz(3),107zmniv(3),89ujkhy(2),;23326.6,31641.4,27279.2,26782.5,16.535257663998,14.707466447692,30.927685844091,15.331096454339,331.184701696467
849yvzwa(3),497sumgz(3),107zmniv(3),|107zmniv(3),89ujkhy(2),|107zmniv(3),726dnryj(2),|497orcjw(3),849yvzwa(3),497sumgz(3),107zmniv(3),;24944.5,31641.4,27279.2,28400.4,11.535257663998,9.707466447692,25.927685844091,10.331096454339,336.184701696467
849yvzwa(3),497sumgz(3),107zmniv(3),|107zmniv(3),|107zmniv(3),726dnryj(2),|497orcjw(3),849yvzwa(3),497sumgz(3),107zmniv(3),;24944.5,33259.3,27279.2,28400.4,6.535257663998,4.707466447692,20.927685844091,5.331096454339,341.184701696467
849yvzwa(3),497sumgz(3),107zmniv(3),|107zmniv(3),|107zmniv(3),726dnryj(2),|497orcjw(3),849yvzwa(3),497sumgz(3),107zmniv(3),;24944.5,33259.3,27279.2,28400.4,1.535257663998,0,15.927685844091,0.331096454339,346.184701696467
849yvzwa(3),497sumgz(3),107zmniv(3),|107zmniv(3),|107zmniv(3),726dnryj(2),|497orcjw(3),849yvzwa(3),497sumgz(3),107zmniv(3),;24944.5,33259.3,27279.2,28400.4,0,0,10.927685844091,0,351.184701696467
849yvzwa(3),497sumgz(3),107zmniv(3),|107zmniv(3),|107zmniv(3),726dnryj(3),|497orcjw(3),849yvzwa(3),497sumgz(3),107zmniv(3),;24944.5,33259.3,27279.2,28400.4,0,0,5.927685844091,0,356.184701696467
849yvzwa(3),497sumgz(3),107zmniv(3),|107zmniv(3),|107zmniv(3),726dnryj(3),|849yvzwa(3),497sumgz(3),107zmniv(3),;24944.5,33259.3,27279.2,30535.4,0,0,0.927685844091,0,361.184701696467
849yvzwa(3),497sumgz(3),107zmniv(3),|107zmniv(3),|107zmniv(3),726dnryj(3),|849yvzwa(3),497sumgz(3),107zmniv(3),;24944.5,33259.3,27279.2,30535.4,0,0,0,0,366.184701696467
849yvzwa(3),497sumgz(3),107zmniv(3),|107zmniv(3),|107zmniv(3),726dnryj(3),|849yvzwa(3),497sumgz(3),107zmniv(3),;24944.5,33259.3,27279.2,30535.4,0,0,0,0,371.184701696467
849yvzwa(3),497sumgz(3),107zmniv(3),|107zmniv(3),|107zmniv(3),726dnryj(3),|849yvzwa(3),497sumgz(3),107zmniv(3),;24944.5,33259.3,27279.2,30535.4,0,0,0,0,376.184701696467
849yvzwa(3),497sumgz(3),107zmniv(3),|107zmniv(3),|107zmniv(3),726dnryj(3),|849yvzwa(3),497sumgz(3),107zmniv(3),;24944.5,33259.3,27279.2,30535.4,0,0,0,0,381.184701696467
849yvzwa(3),497sumgz(3),|243nsbru(0),|726dnryj(3),|849yvzwa(3),497sumgz(3),;26869.6,35353.4,31129.4,31498,0,4.240498033317,0,0,386.184701696467
849yvzwa(3),497sumgz(3),||726dnryj(3),|849yvzwa(3),497sumgz(3),;26869.6,36147,31129.4,31498,0,0,0,0,391.184701696467
849yvzwa(3),497sumgz(3),||726dnryj(3),917zrnvu(0),|849yvzwa(3),497sumgz(3),;26869.6,36147,30392.1,31498,0,0,3.896499692269,0,396.184701696467
849yvzwa(3),497sumgz(3),||726dnryj(3),|849yvzwa(3),497sumgz(3),;26869.6,36147,31129.4,31498,0,0,0,0,401.184701696467
849yvzwa(3),497sumgz(3),||726dnryj(3),|849yvzwa(3),497sumgz(3),;26869.6,36147,31129.4,31498,0,0,0,0,406.184701696467
849yvzwa(3),497sumgz(3),||726dnryj(3),|849yvzwa(3),497sumgz(3),;26869.6,36147,31129.4,31498,0,0,0,0,411.184701696467
849yvzwa(3),497sumgz(3),||726dnryj(3),|849yvzwa(3),497sumgz(3),;26869.6,36147,31129.4,31498,0,0,0,0,416.184701696467
849yvzwa(3),497sumgz(3),866mwxoy(0),|866mwxoy(0),|726dnryj(3),866mwxoy(0),|849yvzwa(3),497sumgz(3),866mwxoy(0),;24872.8,34150.2,29798.2,30166.8,10.706956783008,10.706956783008,7.402353631493,7.402353631493,421.184701696467
849yvzwa(3),866mwxoy(2),|866mwxoy(2),|726dnryj(3),866mwxoy(2),|849yvzwa(3),866mwxoy(2),;27023.2,34150.2,29798.2,33034,5.706956783008,5.706956783008,2.402353631493,2.402353631493,426.184701696467
849yvzwa(3),866mwxoy(2),|866mwxoy(2),|726dnryj(3),|849yvzwa(3),;27023.2,34150.2,31129.4,34365.2,0.706956783008,0.706956783008,0,0,431.184701696467
849yvzwa(3),||726dnryj(3),|849yvzwa(3),;29020,36147,31129.4,34365.2,0,0,0,0,436.184701696467
849yvzwa(3),||726dnryj(3),|849yvzwa(3),;29020,36147,31129.4,34365.2,0,0,0,0,441.184701696467
849yvzwa(3),||726dnryj(3),|849yvzwa(3),;29020,36147,31129.4,34365.2,0,0,0,0,446.184701696467
849yvzwa(3),||726dnryj(3),|849yvzwa(3),;29020,36147,31129.4,34365.2,0,0,0,0,451.184701696467
849yvzwa(3),468pircy(0),|468pircy(0),|726dnryj(3),468pircy(0),|849yvzwa(3),468pircy(0),;27862.9,34989.9,28236.6,33786.6,7.887433650368,7.887433650368,16.73082186855,4.939637577641,456.184701696467
849yvzwa(3),468pircy(2),|468pircy(2),|726dnryj(3),468pircy(2),|849yvzwa(3),;27862.9,34989.9,28236.6,34365.2,2.887433650368,2.887433650368,11.73082186855,0,461.184701696467
849yvzwa(3),||726dnryj(3),468pircy(2),|849yvzwa(3),;29020,36147,28236.6,34365.2,0,0,6.73082186855,0,466.184701696467
849yvzwa(3),||726dnryj(3),468pircy(2),|849yvzwa(3),;29020,36147,28236.6,34365.2,0,0,1.73082186855,0,471.184701696467
849yvzwa(3),||726dnryj(3),468pircy(3),|849yvzwa(3),;29020,36147,28236.6,34365.2,0,0,0,0,476.184701696467
849yvzwa(3),||726dnryj(3),468pircy(3),|849yvzwa(3),;29020,36147,28236.6,34365.2,0,0,0,0,481.184701696467
849yvzwa(3),||726dnryj(3),468pircy(3),|849yvzwa(3),;29020,36147,28236.6,34365.2,0,0,0,0,486.184701696467
849yvzwa(3),||726dnryj(3),468pircy(3),|849yvzwa(3),;29020,36147,28236.6,34365.2,0,0,0,0,491.184701696467
||726dnryj(3),468pircy(3),|;36147,36147,28236.6,36147,0,0,0,0,496.184701696467
497uteoh(0),|497uteoh(0),|726dnryj(3),468pircy(3),497uteoh(0),|497uteoh(0),;35512.1,35512.1,26332,34877.2,3.51095711142,3.51095711142,9.980456456874,6.745706784147,501.184701696467
||726dnryj(3),468pircy(3),497uteoh(2),|497uteoh(2),;36147,36147,26332,34877.2,0,0,4.980456456874,1.745706784147,506.184701696467
||726dnryj(3),468pircy(3),497uteoh(3),|497uteoh(3),;36147,36147,26332,34877.2,0,0,0,0,511.184701696467
||726dnryj(3),468pircy(3),497uteoh(3),|497uteoh(3),;36147,36147,26332,34877.2,0,0,0,0,516.184701696467
|455zeric(0),|726dnryj(3),468pircy(3),497uteoh(3),|497uteoh(3),;36147,35133.2,26332,34877.2,0,10.662478377129,0,0,521.184701696467
|455zeric(0),|726dnryj(3),468pircy(3),497uteoh(3),|497uteoh(3),;36147,35133.2,26332,34877.2,0,5.662478377129,0,0,526.184701696467
|455zeric(2),|726dnryj(3),468pircy(3),497uteoh(3),|497uteoh(3),;36147,35133.2,26332,34877.2,0,0.662478377129,0,0,531.184701696467
||726dnryj(3),497uteoh(3),|497uteoh(3),;36147,36147,29224.8,34877.2,0,0,0,0,536.184701696467
||726dnryj(3),497uteoh(3),|497uteoh(3),;36147,36147,29224.8,34877.2,0,0,0,0,541.184701696467
||726dnryj(3),497uteoh(3),|497uteoh(3),;36147,36147,29224.8,34877.2,0,0,0,0,546.184701696467
||726dnryj(3),497uteoh(3),|497uteoh(3),;36147,36147,29224.8,34877.2,0,0,0,0,551.184701696467
355fqxsl(0),||726dnryj(3),497uteoh(3),355fqxsl(0),|497uteoh(3),355fqxsl(0),;34150.2,36147,26562.4,32880.4,11.865325648849,0,15.169928800364,11.865325648849,556.184701696467
355fqxsl(2),||726dnryj(3),497uteoh(3),355fqxsl(2),|497uteoh(3),355fqxsl(2),;34150.2,36147,26562.4,32880.4,6.865325648849,0,10.169928800364,6.865325648849,561.184701696467
355fqxsl(2),||726dnryj(3),497uteoh(3),355fqxsl(2),|497uteoh(3),355fqxsl(2),;34150.2,36147,26562.4,32880.4,1.865325648849,0,5.169928800364,1.865325648849,566.184701696467
355fqxsl(3),||726dnryj(3),355fqxsl(2),|355fqxsl(3),;34150.2,36147,28467,34150.2,0,0,0.169928800364,0,571.184701696467
355fqxsl(3),||726dnryj(3),355fqxsl(3),|355fqxsl(3),;34150.2,36147,28467,34150.2,0,0,0,0,576.184701696467
355fqxsl(3),||726dnryj(3),355fqxsl(3),|355fqxsl(3),;34150.2,36147,28467,34150.2,0,0,0,0,581.184701696467
355fqxsl(3),62eizuw(0),|62eizuw(0),|726dnryj(3),355fqxsl(3),62eizuw(0),|355fqxsl(3),62eizuw(0),;33233.7,33397.6,24801.1,33233.7,7.464374693675,17.042076705796,21.830927711857,7.464374693675,586.184701696467
355fqxsl(3),62eizuw(2),|62eizuw(2),|355fqxsl(3),62eizuw(2),|355fqxsl(3),62eizuw(2),;33233.7,33397.6,29818.7,33233.7,2.464374693675,12.042076705796,16.830927711857,2.464374693675,591.184701696467
355fqxsl(3),62eizuw(3),|62eizuw(2),|355fqxsl(3),62eizuw(2),|355fqxsl(3),62eizuw(3),;33233.7,33397.6,29818.7,33233.7,0,7.042076705796,11.830927711857,0,596.184701696467
355fqxsl(3),62eizuw(3),660eytkb(0),|62eizuw(2),660eytkb(0),|355fqxsl(3),62eizuw(2),660eytkb(0),|355fqxsl(3),62eizuw(3),660eytkb(0),;29895.5,32563,28984.1,29895.5,17.202910815302,10.808329363019,15.59718036908,17.202910815302,601.184701696467
355fqxsl(3),62eizuw(3),660eytkb(2),|62eizuw(3),660eytkb(2),|355fqxsl(3),62eizuw(2),660eytkb(1),|355fqxsl(3),62eizuw(3),660eytkb(2),;29895.5,32563,28984.1,29895.5,12.202910815302,5.808329363019,10.59718036908,12.202910815302,606.184701696467
355fqxsl(3),62eizuw(3),660eytkb(2),|62eizuw(3),|355fqxsl(3),62eizuw(3),660eytkb(2),|355fqxsl(3),62eizuw(3),660eytkb(2),;29895.5,33397.6,28984.1,29895.5,7.202910815302,0.808329363019,5.59718036908,7.202910815302,611.184701696467
355fqxsl(3),62eizuw(3),660eytkb(2),|62eizuw(3),|355fqxsl(3),62eizuw(3),|355fqxsl(3),62eizuw(3),660eytkb(2),;29895.5,33397.6,29818.7,29895.5,2.202910815302,0,0.59718036908,2.202910815302,616.184701696467
355fqxsl(3),62eizuw(3),|62eizuw(3),|355fqxsl(3),62eizuw(3),|355fqxsl(3),62eizuw(3),;33233.7,33397.6,29818.7,33233.7,0,0,0,0,621.184701696467
355fqxsl(3),62eizuw(3),|62eizuw(3),|355fqxsl(3),62eizuw(3),|355fqxsl(3),62eizuw(3),;33233.7,33397.6,29818.7,33233.7,0,0,0,0,626.184701696467
355fqxsl(3),62eizuw(3),|62eizuw(3),|355fqxsl(3),62eizuw(3),|355fqxsl(3),62eizuw(3),;33233.7,33397.6,29818.7,33233.7,0,0,0,0,631.184701696467
355fqxsl(3),62eizuw(3),|62eizuw(3),|355fqxsl(3),62eizuw(3),|355fqxsl(3),62eizuw(3),;33233.7,33397.6,29818.7,33233.7,0,0,0,0,636.184701696467
355fqxsl(3),62eizuw(3),|62eizuw(3),|355fqxsl(3),62eizuw(3),|355fqxsl(3),62eizuw(3),;33233.7,33397.6,29818.7,33233.7,0,0,0,0,641.184701696467
355fqxsl(3),62eizuw(3),|62eizuw(3),|355fqxsl(3),62eizuw(3),|355fqxsl(3),62eizuw(3),;33233.7,33397.6,29818.7,33233.7,0,0,0,0,646.184701696467
355fqxsl(3),62eizuw(3),|62eizuw(3),|355fqxsl(3),62eizuw(3),|355fqxsl(3),62eizuw(3),;33233.7,33397.6,29818.7,33233.7,0,0,0,0,651.184701696467
355fqxsl(3),62eizuw(3),|62eizuw(3),|355fqxsl(3),62eizuw(3),|355fqxsl(3),62eizuw(3),;33233.7,33397.6,29818.7,33233.7,0,0,0,0,656.184701696467
355fqxsl(3),62eizuw(3),|62eizuw(3),|355fqxsl(3),62eizuw(3),|355fqxsl(3),62eizuw(3),;33233.7,33397.6,29818.7,33233.7,0,0,0,0,661.184701696467
355fqxsl(3),62eizuw(3),|62eizuw(3),|355fqxsl(3),62eizuw(3),|355fqxsl(3),62eizuw(3),;33233.7,33397.6,29818.7,33233.7,0,0,0,0,666.184701696467
355fqxsl(3),62eizuw(3),|62eizuw(3),|355fqxsl(3),62eizuw(3),|355fqxsl(3),62eizuw(3),;33233.7,33397.6,29818.7,33233.7,0,0,0,0,671.184701696467
355fqxsl(3),||355fqxsl(3),|355fqxsl(3),;34150.2,36147,33484.6,34150.2,0,0,0,0,676.184701696467
355fqxsl(3),||355fqxsl(3),|355fqxsl(3),;34150.2,36147,33484.6,34150.2,0,0,0,0,681.184701696467
355fqxsl(3),||355fqxsl(3),|355fqxsl(3),;34150.2,36147,33484.6,34150.2,0,0,0,0,686.184701696467
355fqxsl(3),||355fqxsl(3),|355fqxsl(3),;34150.2,36147,33484.6,34150.2,0,0,0,0,691.184701696467
355fqxsl(3),||355fqxsl(3),|355fqxsl(3),;34150.2,36147,33484.6,34150.2,0,0,0,0,696.184701696467
355fqxsl(3),||355fqxsl(3),|355fqxsl(3),;34150.2,36147,33484.6,34150.2,0,0,0,0,701.184701696467
355fqxsl(3),||355fqxsl(3),|355fqxsl(3),;34150.2,36147,33484.6,34150.2,0,0,0,0,706.184701696467
355fqxsl(3),||355fqxsl(3),|355fqxsl(3),;34150.2,36147,33484.6,34150.2,0,0,0,0,711.184701696467
355fqxsl(3),||355fqxsl(3),|355fqxsl(3),;34150.2,36147,33484.6,34150.2,0,0,0,0,716.184701696467
|||;36147,36147,36147,36147,0,0,0,0,721.184701696467
|||;36147,36147,36147,36147,0,0,0,0,726.184701696467
|||;36147,36147,36147,36147,0,0,0,0,731.184701696467
|||;36147,36147,36147,36147,0,0,0,0,736.184701696467
|||;36147,36147,36147,36147,0,0,0,0,741.184701696467
|||;36147,36147,36147,36147,0,0,0,0,746.184701696467
202uxbwq(2),|202uxbwq(2),|202uxbwq(2),|202uxbwq(2),;35297.1,35297.1,34447.2,35297.1,1.05747134808,1.05747134808,5.387862038989,1.05747134808,751.184701696467
62qzhvb(2),|62qzhvb(2),|202uxbwq(2),62qzhvb(1),|62qzhvb(2),;34948.9,34349.9,33249.1,34349.9,5.53775621651,8.511899052873,9.868146907419,8.511899052873,756.184701696467
|62qzhvb(2),|62qzhvb(2),|62qzhvb(2),;36147,34349.9,34948.9,34349.9,0.53775621651,3.511899052873,4.868146907419,3.511899052873,761.184701696467
|||;36147,36147,36147,36147,0,0,0,0,766.184701696467
|||;36147,36147,36147,36147,0,0,0,0,771.184701696467
|||;36147,36147,36147,36147,0,0,0,0,776.184701696467
|||;36147,36147,36147,36147,0,0,0,0,781.184701696467
|||;36147,36147,36147,36147,0,0,0,0,786.184701696467
|||;36147,36147,36147,36147,0,0,0,0,791.184701696467
|||;36147,36147,36147,36147,0,0,0,0,796.184701696467
|||;36147,36147,36147,36147,0,0,0,0,801.184701696467
|||;36147,36147,36147,36147,0,0,0,0,806.184701696467
773cfxdm(2),|773cfxdm(2),||773cfxdm(2),;32993.1,33781.6,36147,33781.6,13.915808548843,10.001124815509,0,10.001124815509,811.184701696467
773cfxdm(2),|773cfxdm(2),||773cfxdm(2),;32993.1,33781.6,36147,33781.6,8.915808548843,5.001124815509,0,5.001124815509,816.184701696467
773cfxdm(2),|773cfxdm(3),||773cfxdm(3),;32993.1,33781.6,36147,33781.6,3.915808548843,0.001124815509,0,0.001124815509,821.184701696467
773cfxdm(3),|773cfxdm(3),||773cfxdm(3),;32993.1,33781.6,36147,33781.6,0,0,0,0,826.184701696467
773cfxdm(3),|773cfxdm(3),||773cfxdm(3),;32993.1,33781.6,36147,33781.6,0,0,0,0,831.184701696467
773cfxdm(3),660aglhn(0),|773cfxdm(3),660aglhn(0),|660aglhn(0),|773cfxdm(3),660aglhn(0),;31887.2,32675.7,34488.1,32122.7,6.168988967103,6.168988967103,8.914351585285,8.914351585285,836.184701696467
773cfxdm(3),660aglhn(2),|773cfxdm(3),660aglhn(2),|660aglhn(2),|773cfxdm(3),660aglhn(2),;31887.2,32675.7,34488.1,32122.7,1.168988967103,1.168988967103,3.914351585285,3.914351585285,841.184701696467
773cfxdm(3),|773cfxdm(3),||773cfxdm(3),;32993.1,33781.6,36147,33781.6,0,0,0,0,846.184701696467
773cfxdm(3),|773cfxdm(3),||773cfxdm(3),;32993.1,33781.6,36147,33781.6,0,0,0,0,851.184701696467
773cfxdm(3),|773cfxdm(3),||773cfxdm(3),;32993.1,33781.6,36147,33781.6,0,0,0,0,856.184701696467
773cfxdm(3),|773cfxdm(3),||773cfxdm(3),;32993.1,33781.6,36147,33781.6,0,0,0,0,861.184701696467
773cfxdm(3),|773cfxdm(3),||773cfxdm(3),;32993.1,33781.6,36147,33781.6,0,0,0,0,866.184701696467
773cfxdm(3),773gquek(0),|773cfxdm(3),773gquek(0),|773gquek(0),|773cfxdm(3),773gquek(0),;30136.1,31877,34242.4,30924.6,17.190234705246,12.338110196155,12.338110196155,17.190234705246,871.184701696467
773cfxdm(3),773gquek(2),|773cfxdm(3),773gquek(2),|773gquek(2),|773cfxdm(3),773gquek(2),;30136.1,31877,34242.4,30924.6,12.190234705246,7.338110196155,7.338110196155,12.190234705246,876.184701696467
773cfxdm(3),773gquek(2),|773cfxdm(3),773gquek(2),|773gquek(2),|773cfxdm(3),773gquek(2),;30136.1,31877,34242.4,30924.6,7.190234705246,2.338110196155,2.338110196155,7.190234705246,881.184701696467
773cfxdm(3),773gquek(2),465tqazn(0),|773cfxdm(3),773gquek(3),|773gquek(3),|773cfxdm(3),773gquek(2),465tqazn(0),;27110.2,31877,34242.4,23864.1,23.676302610088,0,0,44.232615046451,886.184701696467
773cfxdm(3),773gquek(3),465tqazn(0),|773cfxdm(3),773gquek(3),|773gquek(3),|773cfxdm(3),773gquek(3),465tqazn(0),;27110.2,31877,34242.4,23864.1,18.676302610088,0,0,39.232615046451,891.184701696467
773cfxdm(3),773gquek(3),465tqazn(2),|773cfxdm(3),773gquek(3),|773gquek(3),|773cfxdm(3),773gquek(3),465tqazn(2),;27110.2,31877,34242.4,23864.1,13.676302610088,0,0,34.232615046451,896.184701696467
773cfxdm(3),773gquek(3),465tqazn(2),|773cfxdm(3),773gquek(3),|773gquek(3),|773cfxdm(3),773gquek(3),465tqazn(2),;27110.2,31877,34242.4,23864.1,8.676302610088,0,0,29.232615046451,901.184701696467
773cfxdm(3),773gquek(3),465tqazn(2),|773cfxdm(3),773gquek(3),|773gquek(3),|773cfxdm(3),773gquek(3),465tqazn(2),;27110.2,31877,34242.4,23864.1,3.676302610088,0,0,24.232615046451,906.184701696467
773cfxdm(3),773gquek(3),465tqazn(3),|773cfxdm(3),773gquek(3),|773gquek(3),|773cfxdm(3),773gquek(3),465tqazn(2),;27110.2,31877,34242.4,23864.1,0,0,0,19.232615046451,911.184701696467
773cfxdm(3),773gquek(3),465tqazn(3),|773cfxdm(3),773gquek(3),|773gquek(3),|773cfxdm(3),773gquek(3),465tqazn(2),;27110.2,31877,34242.4,23864.1,0,0,0,14.232615046451,916.184701696467
773cfxdm(3),773gquek(3),465tqazn(3),|773cfxdm(3),773gquek(3),|773gquek(3),|773cfxdm(3),773gquek(3),465tqazn(2),;27110.2,31877,34242.4,23864.1,0,0,0,9.232615046451,921.184701696467
773cfxdm(3),773gquek(3),465tqazn(3),|773cfxdm(3),773gquek(3),|773gquek(3),|773cfxdm(3),773gquek(3),465tqazn(2),;27110.2,31877,34242.4,23864.1,0,0,0,4.232615046451,926.184701696467
773cfxdm(3),773gquek(3),465tqazn(3),|773cfxdm(3),773gquek(3),|773gquek(3),|773cfxdm(3),773gquek(3),465tqazn(3),;27110.2,31877,34242.4,23864.1,0,0,0,0,931.184701696467
773cfxdm(3),773gquek(3),465tqazn(3),|773cfxdm(3),773gquek(3),|773gquek(3),|773cfxdm(3),773gquek(3),465tqazn(3),;27110.2,31877,34242.4,23864.1,0,0,0,0,936.184701696467
773cfxdm(3),773gquek(3),465tqazn(3),|773cfxdm(3),773gquek(3),|773gquek(3),|773cfxdm(3),773gquek(3),465tqazn(3),;27110.2,31877,34242.4,23864.1,0,0,0,0,941.184701696467
773cfxdm(3),773gquek(3),465tqazn(3),|773cfxdm(3),773gquek(3),|773gquek(3),|773cfxdm(3),773gquek(3),465tqazn(3),;27110.2,31877,34242.4,23864.1,0,0,0,0,946.184701696467
773cfxdm(3),773gquek(3),465tqazn(3),|773cfxdm(3),773gquek(3),|773gquek(3),|773cfxdm(3),773gquek(3),465tqazn(3),;27110.2,31877,34242.4,23864.1,0,0,0,0,951.184701696467
773cfxdm(3),773gquek(3),465tqazn(3),|773cfxdm(3),773gquek(3),|773gquek(3),|773cfxdm(3),773gquek(3),465tqazn(3),;27110.2,31877,34242.4,23864.1,0,0,0,0,956.184701696467
773cfxdm(3),773gquek(3),465tqazn(3),|773cfxdm(3),773gquek(3),|773gquek(3),|773cfxdm(3),773gquek(3),465tqazn(3),;27110.2,31877,34242.4,23864.1,0,0,0,0,961.184701696467
773cfxdm(3),773gquek(3),465tqazn(3),81snigm(0),|773cfxdm(3),773gquek(3),81snigm(0),|773gquek(3),81snigm(0),|773cfxdm(3),773gquek(3),465tqazn(3),81snigm(0),;26393.4,31160.2,33525.6,18846.5,5.523799617209,5.523799617209,5.523799617209,26.876619980846,966.184701696467
773cfxdm(3),773gquek(3),465tqazn(3),81snigm(2),|773cfxdm(3),773gquek(3),81snigm(2),|773gquek(3),81snigm(2),|773cfxdm(3),773gquek(3),465tqazn(3),81snigm(2),;26393.4,31160.2,33525.6,18846.5,0.523799617209,0.523799617209,0.523799617209,21.876619980846,971.184701696467
773cfxdm(3),773gquek(3),465tqazn(3),|773cfxdm(3),773gquek(3),|773gquek(3),|773cfxdm(3),773gquek(3),465tqazn(3),81snigm(2),;27110.2,31877,34242.4,18846.5,0,0,0,16.876619980846,976.184701696467
773cfxdm(3),773gquek(3),465tqazn(3),|773cfxdm(3),773gquek(3),|773gquek(3),|773cfxdm(3),773gquek(3),465tqazn(3),81snigm(2),;27110.2,31877,34242.4,18846.5,0,0,0,11.876619980846,981.184701696467
773cfxdm(3),773gquek(3),465tqazn(3),|773cfxdm(3),773gquek(3),|773gquek(3),|773cfxdm(3),773gquek(3),465tqazn(3),81snigm(2),;27110.2,31877,34242.4,18846.5,0,0,0,6.876619980846,986.184701696467
773cfxdm(3),773gquek(3),465tqazn(3),|773cfxdm(3),773gquek(3),|773gquek(3),|773cfxdm(3),773gquek(3),465tqazn(3),81snigm(2),;27110.2,31877,34242.4,18846.5,0,0,0,1.876619980846,991.184701696467
773cfxdm(3),773gquek(3),465tqazn(3),|773cfxdm(3),773gquek(3),|773gquek(3),|773cfxdm(3),773gquek(3),465tqazn(3),81snigm(3),;27110.2,31877,34242.4,18846.5,0,0,0,0,996.184701696467
773cfxdm(3),773gquek(3),465tqazn(3),|773cfxdm(3),773gquek(3),|773gquek(3),|773cfxdm(3),773gquek(3),465tqazn(3),81snigm(3),;27110.2,31877,34242.4,18846.5,0,0,0,0,1001.184701696467
773cfxdm(3),773gquek(3),465tqazn(3),|773cfxdm(3),773gquek(3),|773gquek(3),|773cfxdm(3),773gquek(3),465tqazn(3),81snigm(3),;27110.2,31877,34242.4,18846.5,0,0,0,0,1006.184701696467
773cfxdm(3),773gquek(3),465tqazn(3),|773cfxdm(3),773gquek(3),|773gquek(3),|773cfxdm(3),773gquek(3),465tqazn(3),81snigm(3),;27110.2,31877,34242.4,18846.5,0,0,0,0,1011.184701696467
773cfxdm(3),773gquek(3),465tqazn(3),|773cfxdm(3),773gquek(3),|773gquek(3),|773cfxdm(3),773gquek(3),465tqazn(3),81snigm(3),;27110.2,31877,34242.4,18846.5,0,0,0,0,1016.184701696467
773cfxdm(3),773gquek(3),465tqazn(3),|773cfxdm(3),773gquek(3),|773gquek(3),|773cfxdm(3),773gquek(3),465tqazn(3),81snigm(3),;27110.2,31877,34242.4,18846.5,0,0,0,0,1021.184701696467
773cfxdm(3),773gquek(3),465tqazn(3),|773cfxdm(3),773gquek(3),|773gquek(3),|773cfxdm(3),773gquek(3),465tqazn(3),81snigm(3),;27110.2,31877,34242.4,18846.5,0,0,0,0,1026.184701696467
773cfxdm(3),773gquek(3),465tqazn(3),|773cfxdm(3),773gquek(3),|773gquek(3),|773cfxdm(3),773gquek(3),465tqazn(3),81snigm(3),;27110.2,31877,34242.4,18846.5,0,0,0,0,1031.184701696467
773cfxdm(3),773gquek(3),465tqazn(3),|773cfxdm(3),773gquek(3),|773gquek(3),|773cfxdm(3),773gquek(3),465tqazn(3),81snigm(3),;27110.2,31877,34242.4,18846.5,0,0,0,0,1036.184701696467
773cfxdm(3),773gquek(3),465tqazn(3),|773cfxdm(3),773gquek(3),|773gquek(3),|773cfxdm(3),773gquek(3),465tqazn(3),81snigm(3),;27110.2,31877,34242.4,18846.5,0,0,0,0,1041.184701696467
773cfxdm(3),773gquek(3),465tqazn(3),|773cfxdm(3),773gquek(3),|773gquek(3),|773cfxdm(3),773gquek(3),465tqazn(3),81snigm(3),;27110.2,31877,34242.4,18846.5,0,0,0,0,1046.184701696467
773cfxdm(3),773gquek(3),465tqazn(3),|773cfxdm(3),773gquek(3),|773gquek(3),|773cfxdm(3),773gquek(3),465tqazn(3),81snigm(3),;27110.2,31877,34242.4,18846.5,0,0,0,0,1051.184701696467
773cfxdm(3),773gquek(3),465tqazn(3),|773cfxdm(3),773gquek(3),|773gquek(3),|773cfxdm(3),773gquek(3),465tqazn(3),81snigm(3),;27110.2,31877,34242.4,18846.5,0,0,0,0,1056.184701696467
773cfxdm(3),773gquek(3),465tqazn(3),|773cfxdm(3),773gquek(3),|773gquek(3),|773cfxdm(3),773gquek(3),465tqazn(3),81snigm(3),;27110.2,31877,34242.4,18846.5,0,0,0,0,1061.184701696467
773cfxdm(3),773gquek(3),465tqazn(3),|773cfxdm(3),773gquek(3),|773gquek(3),|773cfxdm(3),773gquek(3),465tqazn(3),81snigm(3),;27110.2,31877,34242.4,18846.5,0,0,0,0,1066.184701696467
773cfxdm(3),773gquek(3),465tqazn(3),|773cfxdm(3),773gquek(3),|773gquek(3),|773cfxdm(3),773gquek(3),465tqazn(3),81snigm(3),;27110.2,31877,34242.4,18846.5,0,0,0,0,1071.184701696467
773cfxdm(3),773gquek(3),465tqazn(3),|773cfxdm(3),773gquek(3),|773gquek(3),|773cfxdm(3),773gquek(3),465tqazn(3),81snigm(3),;27110.2,31877,34242.4,18846.5,0,0,0,0,1076.184701696467
773cfxdm(3),773gquek(3),465tqazn(3),|773cfxdm(3),773gquek(3),|773gquek(3),|773cfxdm(3),773gquek(3),465tqazn(3),81snigm(3),;27110.2,31877,34242.4,18846.5,0,0,0,0,1081.184701696467
773cfxdm(3),773gquek(3),465tqazn(3),|773cfxdm(3),773gquek(3),|773gquek(3),|773cfxdm(3),773gquek(3),465tqazn(3),81snigm(3),;27110.2,31877,34242.4,18846.5,0,0,0,0,1086.184701696467
773cfxdm(3),773gquek(3),465tqazn(3),|773cfxdm(3),773gquek(3),|773gquek(3),|773cfxdm(3),773gquek(3),465tqazn(3),81snigm(3),;27110.2,31877,34242.4,18846.5,0,0,0,0,1091.184701696467
773cfxdm(3),773gquek(3),|773cfxdm(3),773gquek(3),|773gquek(3),|773cfxdm(3),773gquek(3),465tqazn(3),81snigm(3),;30136.1,31877,34242.4,18846.5,0,0,0,0,1096.184701696467
773cfxdm(3),773gquek(3),|773cfxdm(3),773gquek(3),|773gquek(3),|773cfxdm(3),773gquek(3),465tqazn(3),81snigm(3),;30136.1,31877,34242.4,18846.5,0,0,0,0,1101.184701696467
773cfxdm(3),773gquek(3),|773cfxdm(3),773gquek(3),|773gquek(3),|773cfxdm(3),773gquek(3),465tqazn(3),81snigm(3),;30136.1,31877,34242.4,18846.5,0,0,0,0,1106.184701696467
773cfxdm(3),773gquek(3),|773cfxdm(3),773gquek(3),|773gquek(3),|773cfxdm(3),773gquek(3),465tqazn(3),81snigm(3),;30136.1,31877,34242.4,18846.5,0,0,0,0,1111.184701696467
773cfxdm(3),773gquek(3),|773cfxdm(3),773gquek(3),|773gquek(3),|773cfxdm(3),773gquek(3),465tqazn(3),81snigm(3),;30136.1,31877,34242.4,18846.5,0,0,0,0,1116.184701696467
773cfxdm(3),773gquek(3),|773cfxdm(3),773gquek(3),|773gquek(3),|773cfxdm(3),773gquek(3),465tqazn(3),81snigm(3),;30136.1,31877,34242.4,18846.5,0,0,0,0,1121.184701696467
773cfxdm(3),773gquek(3),|773cfxdm(3),773gquek(3),|773gquek(3),|773cfxdm(3),773gquek(3),465tqazn(3),81snigm(3),;30136.1,31877,34242.4,18846.5,0,0,0,0,1126.184701696467
773cfxdm(3),773gquek(3),|773cfxdm(3),773gquek(3),|773gquek(3),|773cfxdm(3),773gquek(3),465tqazn(3),81snigm(3),;30136.1,31877,34242.4,18846.5,0,0,0,0,1131.184701696467
773cfxdm(3),773gquek(3),|773cfxdm(3),773gquek(3),|773gquek(3),|773cfxdm(3),773gquek(3),465tqazn(3),81snigm(3),;30136.1,31877,34242.4,18846.5,0,0,0,0,1136.184701696467
773cfxdm(3),773gquek(3),|773cfxdm(3),773gquek(3),|773gquek(3),|773cfxdm(3),773gquek(3),465tqazn(3),;30136.1,31877,34242.4,23864.1,0,0,0,0,1141.184701696467
773cfxdm(3),773gquek(3),|773cfxdm(3),773gquek(3),|773gquek(3),|773cfxdm(3),773gquek(3),;30136.1,31877,34242.4,30924.6,0,0,0,0,1146.184701696467
773cfxdm(3),773gquek(3),|773cfxdm(3),773gquek(3),|773gquek(3),|773cfxdm(3),773gquek(3),;30136.1,31877,34242.4,30924.6,0,0,0,0,1151.184701696467
773cfxdm(3),773gquek(3),|773cfxdm(3),773gquek(3),|773gquek(3),|773cfxdm(3),773gquek(3),;30136.1,31877,34242.4,30924.6,0,0,0,0,1156.184701696467
773cfxdm(3),773gquek(3),|773cfxdm(3),773gquek(3),|773gquek(3),|773cfxdm(3),773gquek(3),;30136.1,31877,34242.4,30924.6,0,0,0,0,1161.184701696467
773cfxdm(3),773gquek(3),|773cfxdm(3),773gquek(3),|773gquek(3),|773cfxdm(3),773gquek(3),;30136.1,31877,34242.4,30924.6,0,0,0,0,1166.184701696467
773cfxdm(3),773gquek(3),|773cfxdm(3),773gquek(3),|773gquek(3),|773cfxdm(3),773gquek(3),;30136.1,31877,34242.4,30924.6,0,0,0,0,1171.184701696467
773cfxdm(3),773gquek(3),|773cfxdm(3),773gquek(3),|773gquek(3),|773cfxdm(3),773gquek(3),;30136.1,31877,34242.4,30924.6,0,0,0,0,1176.184701696467
|||;36147,36147,36147,36147,0,0,0,0,1181.184701696467
|||;36147,36147,36147,36147,0,0,0,0,1186.184701696467
|||;36147,36147,36147,36147,0,0,0,0,1191.184701696467
|||;36147,36147,36147,36147,0,0,0,0,1196.184701696467
|||;36147,36147,36147,36147,0,0,0,0,1201.184701696467
|||;36147,36147,36147,36147,0,0,0,0,1206.184701696467
|||;36147,36147,36147,36147,0,0,0,0,1211.184701696467
|||;36147,36147,36147,36147,0,0,0,0,1216.184701696467
|||;36147,36147,36147,36147,0,0,0,0,1221.184701696467
|||;36147,36147,36147,36147,0,0,0,0,1226.184701696467
|||;36147,36147,36147,36147,0,0,0,0,1231.184701696467
|||;36147,36147,36147,36147,0,0,0,0,1236.184701696467
|||;36147,36147,36147,36147,0,0,0,0,1241.184701696467
|||;36147,36147,36147,36147,0,0,0,0,1246.184701696467
|||;36147,36147,36147,36147,0,0,0,0,1251.184701696467
182qnhzm(2),|182qnhzm(2),|182qnhzm(2),|182qnhzm(2),;34426.7,33566.5,34426.7,33566.5,6.000921328662,10.383485401389,6.000921328662,10.383485401389,1256.184701696467
182qnhzm(2),|182qnhzm(2),|182qnhzm(2),|182qnhzm(2),;34426.7,33566.5,34426.7,33566.5,1.000921328662,5.383485401389,1.000921328662,5.383485401389,1261.184701696467
182qnhzm(3),|182qnhzm(3),|182qnhzm(3),|182qnhzm(3),;34426.7,33566.5,34426.7,33566.5,0,0.383485401389,0,0.383485401389,1266.184701696467
182qnhzm(3),|182qnhzm(3),|182qnhzm(3),|182qnhzm(3),;34426.7,33566.5,34426.7,33566.5,0,0,0,0,1271.184701696467
182qnhzm(3),|182qnhzm(3),|182qnhzm(3),|182qnhzm(3),;34426.7,33566.5,34426.7,33566.5,0,0,0,0,1276.184701696467
182qnhzm(3),|182qnhzm(3),|182qnhzm(3),|182qnhzm(3),;34426.7,33566.5,34426.7,33566.5,0,0,0,0,1281.184701696467
182qnhzm(3),|182qnhzm(3),|182qnhzm(3),|182qnhzm(3),;34426.7,33566.5,34426.7,33566.5,0,0,0,0,1286.184701696467
182qnhzm(3),|182qnhzm(3),|182qnhzm(3),|182qnhzm(3),;34426.7,33566.5,34426.7,33566.5,0,0,0,0,1291.184701696467
182qnhzm(3),|182qnhzm(3),|182qnhzm(3),|182qnhzm(3),;34426.7,33566.5,34426.7,33566.5,0,0,0,0,1296.184701696467
182qnhzm(3),|182qnhzm(3),|182qnhzm(3),|182qnhzm(3),;34426.7,33566.5,34426.7,33566.5,0,0,0,0,1301.184701696467
182qnhzm(3),|182qnhzm(3),|182qnhzm(3),|182qnhzm(3),;34426.7,33566.5,34426.7,33566.5,0,0,0,0,1306.184701696467
182qnhzm(3),|182qnhzm(3),|182qnhzm(3),|182qnhzm(3),;34426.7,33566.5,34426.7,33566.5,0,0,0,0,1311.184701696467
182qnhzm(3),|182qnhzm(3),|182qnhzm(3),|182qnhzm(3),;34426.7,33566.5,34426.7,33566.5,0,0,0,0,1316.184701696467
182qnhzm(3),|182qnhzm(3),|182qnhzm(3),|182qnhzm(3),;34426.7,33566.5,34426.7,33566.5,0,0,0,0,1321.184701696467
182qnhzm(3),|182qnhzm(3),|182qnhzm(3),|182qnhzm(3),;34426.7,33566.5,34426.7,33566.5,0,0,0,0,1326.184701696467
182qnhzm(3),|182qnhzm(3),|182qnhzm(3),|182qnhzm(3),;34426.7,33566.5,34426.7,33566.5,0,0,0,0,1331.184701696467
182qnhzm(3),|182qnhzm(3),|182qnhzm(3),|182qnhzm(3),;34426.7,33566.5,34426.7,33566.5,0,0,0,0,1336.184701696467
182qnhzm(3),|182qnhzm(3),|182qnhzm(3),|182qnhzm(3),;34426.7,33566.5,34426.7,33566.5,0,0,0,0,1341.184701696467
182qnhzm(3),|182qnhzm(3),|182qnhzm(3),|182qnhzm(3),;34426.7,33566.5,34426.7,33566.5,0,0,0,0,1346.184701696467
182qnhzm(3),|182qnhzm(3),|182qnhzm(3),|182qnhzm(3),;34426.7,33566.5,34426.7,33566.5,0,0,0,0,1351.184701696467
182qnhzm(3),|182qnhzm(3),|182qnhzm(3),|182qnhzm(3),;34426.7,33566.5,34426.7,33566.5,0,0,0,0,1356.184701696467
182qnhzm(3),|182qnhzm(3),|182qnhzm(3),|182qnhzm(3),;34426.7,33566.5,34426.7,33566.5,0,0,0,0,1361.184701696467
182qnhzm(3),|182qnhzm(3),|182qnhzm(3),|182qnhzm(3),;34426.7,33566.5,34426.7,33566.5,0,0,0,0,1366.184701696467
182qnhzm(3),|182qnhzm(3),|182qnhzm(3),|182qnhzm(3),;34426.7,33566.5,34426.7,33566.5,0,0,0,0,1371.184701696467
182qnhzm(3),|182qnhzm(3),|182qnhzm(3),|182qnhzm(3),;34426.7,33566.5,34426.7,33566.5,0,0,0,0,1376.184701696467
182qnhzm(3),|182qnhzm(3),|182qnhzm(3),|182qnhzm(3),;34426.7,33566.5,34426.7,33566.5,0,0,0,0,1381.184701696467
182qnhzm(3),|182qnhzm(3),|182qnhzm(3),|182qnhzm(3),;34426.7,33566.5,34426.7,33566.5,0,0,0,0,1386.184701696467
182qnhzm(3),|182qnhzm(3),|182qnhzm(3),|182qnhzm(3),;34426.7,33566.5,34426.7,33566.5,0,0,0,0,1391.184701696467
182qnhzm(3),|182qnhzm(3),|182qnhzm(3),|182qnhzm(3),;34426.7,33566.5,34426.7,33566.5,0,0,0,0,1396.184701696467
182qnhzm(3),|182qnhzm(3),|182qnhzm(3),|182qnhzm(3),;34426.7,33566.5,34426.7,33566.5,0,0,0,0,1401.184701696467
182qnhzm(3),|182qnhzm(3),|182qnhzm(3),|182qnhzm(3),;34426.7,33566.5,34426.7,33566.5,0,0,0,0,1406.184701696467
182qnhzm(3),|182qnhzm(3),|182qnhzm(3),|182qnhzm(3),;34426.7,33566.5,34426.7,33566.5,0,0,0,0,1411.184701696467
182qnhzm(3),|182qnhzm(3),|182qnhzm(3),|182qnhzm(3),;34426.7,33566.5,34426.7,33566.5,0,0,0,0,1416.184701696467
182qnhzm(3),|182qnhzm(3),|182qnhzm(3),|182qnhzm(3),;34426.7,33566.5,34426.7,33566.5,0,0,0,0,1421.184701696467
182qnhzm(3),|182qnhzm(3),|182qnhzm(3),|182qnhzm(3),;34426.7,33566.5,34426.7,33566.5,0,0,0,0,1426.184701696467
182qnhzm(3),|182qnhzm(3),|182qnhzm(3),|182qnhzm(3),;34426.7,33566.5,34426.7,33566.5,0,0,0,0,1431.184701696467
182qnhzm(3),|182qnhzm(3),|182qnhzm(3),|182qnhzm(3),;34426.7,33566.5,34426.7,33566.5,0,0,0,0,1436.184701696467
182qnhzm(3),|182qnhzm(3),|182qnhzm(3),|182qnhzm(3),;34426.7,33566.5,34426.7,33566.5,0,0,0,0,1441.184701696467
182qnhzm(3),|182qnhzm(3),|182qnhzm(3),|182qnhzm(3),;34426.7,33566.5,34426.7,33566.5,0,0,0,0,1446.184701696467
182qnhzm(3),|182qnhzm(3),|182qnhzm(3),|182qnhzm(3),;34426.7,33566.5,34426.7,33566.5,0,0,0,0,1451.184701696467
182qnhzm(3),|182qnhzm(3),|182qnhzm(3),|182qnhzm(3),;34426.7,33566.5,34426.7,33566.5,0,0,0,0,1456.184701696467
182qnhzm(3),663chgvj(0),|182qnhzm(3),663chgvj(0),|182qnhzm(3),663chgvj(0),|182qnhzm(3),663chgvj(0),;31492.9,30632.7,33448.8,30632.7,20.478526240273,20.478526240273,10.768076979667,20.478526240273,1461.184701696467
182qnhzm(3),663chgvj(0),|182qnhzm(3),663chgvj(0),|182qnhzm(3),663chgvj(0),|182qnhzm(3),663chgvj(0),;31492.9,30632.7,33448.8,30632.7,15.478526240273,15.478526240273,5.768076979667,15.478526240273,1466.184701696467
182qnhzm(3),663chgvj(2),|182qnhzm(3),663chgvj(2),|182qnhzm(3),663chgvj(2),|182qnhzm(3),663chgvj(2),;31492.9,30632.7,33448.8,30632.7,10.478526240273,10.478526240273,0.768076979667,10.478526240273,1471.184701696467
182qnhzm(3),663chgvj(2),|182qnhzm(3),663chgvj(2),|182qnhzm(3),|182qnhzm(3),663chgvj(2),;31492.9,30632.7,34426.7,30632.7,5.478526240273,5.478526240273,0,5.478526240273,1476.184701696467
182qnhzm(3),663chgvj(2),|182qnhzm(3),663chgvj(2),|182qnhzm(3),|182qnhzm(3),663chgvj(2),;31492.9,30632.7,34426.7,30632.7,0.478526240273,0.478526240273,0,0.478526240273,1481.184701696467
182qnhzm(3),663chgvj(3),|182qnhzm(3),663chgvj(3),|182qnhzm(3),|182qnhzm(3),663chgvj(3),;31492.9,30632.7,34426.7,30632.7,0,0,0,0,1486.184701696467
182qnhzm(3),663chgvj(3),|182qnhzm(3),663chgvj(3),|182qnhzm(3),|182qnhzm(3),663chgvj(3),;31492.9,30632.7,34426.7,30632.7,0,0,0,0,1491.184701696467
182qnhzm(3),663chgvj(3),|182qnhzm(3),663chgvj(3),|182qnhzm(3),|182qnhzm(3),663chgvj(3),;31492.9,30632.7,34426.7,30632.7,0,0,0,0,1496.184701696467
182qnhzm(3),663chgvj(3),|182qnhzm(3),663chgvj(3),|182qnhzm(3),|182qnhzm(3),663chgvj(3),;31492.9,30632.7,34426.7,30632.7,0,0,0,0,1501.184701696467
182qnhzm(3),663chgvj(3),|182qnhzm(3),663chgvj(3),|182qnhzm(3),|182qnhzm(3),663chgvj(3),;31492.9,30632.7,34426.7,30632.7,0,0,0,0,1506.184701696467
182qnhzm(3),663chgvj(3),|182qnhzm(3),663chgvj(3),|182qnhzm(3),|182qnhzm(3),663chgvj(3),;31492.9,30632.7,34426.7,30632.7,0,0,0,0,1511.184701696467
182qnhzm(3),663chgvj(3),|182qnhzm(3),663chgvj(3),|182qnhzm(3),|182qnhzm(3),663chgvj(3),;31492.9,30632.7,34426.7,30632.7,0,0,0,0,1516.184701696467
182qnhzm(3),663chgvj(3),|182qnhzm(3),663chgvj(3),|182qnhzm(3),|182qnhzm(3),663chgvj(3),;31492.9,30632.7,34426.7,30632.7,0,0,0,0,1521.184701696467
182qnhzm(3),663chgvj(3),|182qnhzm(3),663chgvj(3),|182qnhzm(3),|182qnhzm(3),663chgvj(3),;31492.9,30632.7,34426.7,30632.7,0,0,0,0,1526.184701696467
182qnhzm(3),663chgvj(3),|182qnhzm(3),663chgvj(3),|182qnhzm(3),|182qnhzm(3),663chgvj(3),;31492.9,30632.7,34426.7,30632.7,0,0,0,0,1531.184701696467
182qnhzm(3),663chgvj(3),|182qnhzm(3),663chgvj(3),|182qnhzm(3),|182qnhzm(3),663chgvj(3),;31492.9,30632.7,34426.7,30632.7,0,0,0,0,1536.184701696467
182qnhzm(3),663chgvj(3),|182qnhzm(3),663chgvj(3),|182qnhzm(3),|182qnhzm(3),663chgvj(3),;31492.9,30632.7,34426.7,30632.7,0,0,0,0,1541.184701696467
182qnhzm(3),663chgvj(3),|182qnhzm(3),663chgvj(3),|182qnhzm(3),|182qnhzm(3),663chgvj(3),;31492.9,30632.7,34426.7,30632.7,0,0,0,0,1546.184701696467
182qnhzm(3),663chgvj(3),|182qnhzm(3),663chgvj(3),|182qnhzm(3),|182qnhzm(3),663chgvj(3),;31492.9,30632.7,34426.7,30632.7,0,0,0,0,1551.184701696467
182qnhzm(3),663chgvj(3),|182qnhzm(3),663chgvj(3),|182qnhzm(3),|182qnhzm(3),663chgvj(3),;31492.9,30632.7,34426.7,30632.7,0,0,0,0,1556.184701696467
182qnhzm(3),663chgvj(3),|182qnhzm(3),663chgvj(3),|182qnhzm(3),|182qnhzm(3),663chgvj(3),;31492.9,30632.7,34426.7,30632.7,0,0,0,0,1561.184701696467
182qnhzm(3),663chgvj(3),|182qnhzm(3),663chgvj(3),|182qnhzm(3),|182qnhzm(3),663chgvj(3),;31492.9,30632.7,34426.7,30632.7,0,0,0,0,1566.184701696467
182qnhzm(3),663chgvj(3),|182qnhzm(3),663chgvj(3),|182qnhzm(3),|182qnhzm(3),663chgvj(3),;31492.9,30632.7,34426.7,30632.7,0,0,0,0,1571.184701696467
182qnhzm(3),663chgvj(3),|182qnhzm(3),663chgvj(3),|182qnhzm(3),|182qnhzm(3),663chgvj(3),;31492.9,30632.7,34426.7,30632.7,0,0,0,0,1576.184701696467
182qnhzm(3),663chgvj(3),|182qnhzm(3),663chgvj(3),|182qnhzm(3),|182qnhzm(3),663chgvj(3),;31492.9,30632.7,34426.7,30632.7,0,0,0,0,1581.184701696467
182qnhzm(3),663chgvj(3),|182qnhzm(3),663chgvj(3),|182qnhzm(3),|182qnhzm(3),663chgvj(3),;31492.9,30632.7,34426.7,30632.7,0,0,0,0,1586.184701696467
182qnhzm(3),663chgvj(3),|182qnhzm(3),663chgvj(3),|182qnhzm(3),|182qnhzm(3),663chgvj(3),;31492.9,30632.7,34426.7,30632.7,0,0,0,0,1591.184701696467
182qnhzm(3),663chgvj(3),|182qnhzm(3),663chgvj(3),|182qnhzm(3),|182qnhzm(3),663chgvj(3),;31492.9,30632.7,34426.7,30632.7,0,0,0,0,1596.184701696467
182qnhzm(3),663chgvj(3),|182qnhzm(3),663chgvj(3),|182qnhzm(3),|182qnhzm(3),663chgvj(3),;31492.9,30632.7,34426.7,30632.7,0,0,0,0,1601.184701696467
182qnhzm(3),663chgvj(3),|182qnhzm(3),663chgvj(3),|182qnhzm(3),|182qnhzm(3),663chgvj(3),;31492.9,30632.7,34426.7,30632.7,0,0,0,0,1606.184701696467
182qnhzm(3),|182qnhzm(3),|182qnhzm(3),|182qnhzm(3),;34426.7,33566.5,34426.7,33566.5,0,0,0,0,1611.184701696467
182qnhzm(3),|182qnhzm(3),|182qnhzm(3),|182qnhzm(3),;34426.7,33566.5,34426.7,33566.5,0,0,0,0,1616.184701696467
182qnhzm(3),|182qnhzm(3),|182qnhzm(3),|182qnhzm(3),;34426.7,33566.5,34426.7,33566.5,0,0,0,0,1621.184701696467
182qnhzm(3),|182qnhzm(3),|182qnhzm(3),|182qnhzm(3),;34426.7,33566.5,34426.7,33566.5,0,0,0,0,1626.184701696467
182qnhzm(3),|182qnhzm(3),|182qnhzm(3),|182qnhzm(3),;34426.7,33566.5,34426.7,33566.5,0,0,0,0,1631.184701696467
182qnhzm(3),|182qnhzm(3),|182qnhzm(3),|182qnhzm(3),;34426.7,33566.5,34426.7,33566.5,0,0,0,0,1636.184701696467
182qnhzm(3),|182qnhzm(3),|182qnhzm(3),|182qnhzm(3),;34426.7,33566.5,34426.7,33566.5,0,0,0,0,1641.184701696467
182qnhzm(3),|182qnhzm(3),|182qnhzm(3),|182qnhzm(3),;34426.7,33566.5,34426.7,33566.5,0,0,0,0,1646.184701696467
182qnhzm(3),|182qnhzm(3),|182qnhzm(3),|182qnhzm(3),;34426.7,33566.5,34426.7,33566.5,0,0,0,0,1651.184701696467
182qnhzm(3),||182qnhzm(3),|;34426.7,36147,34426.7,36147,0,0,0,0,1656.184701696467
|||;36147,36147,36147,36147,0,0,0,0,1661.184701696467
|||;36147,36147,36147,36147,0,0,0,0,1666.184701696467
|||;36147,36147,36147,36147,0,0,0,0,1671.184701696467
|||;36147,36147,36147,36147,0,0,0,0,1676.184701696467
|||;36147,36147,36147,36147,0,0,0,0,1681.184701696467
|||;36147,36147,36147,36147,0,0,0,0,1686.184701696467
|||;36147,36147,36147,36147,0,0,0,0,1691.184701696467
|||;36147,36147,36147,36147,0,0,0,0,1696.184701696467
|||;36147,36147,36147,36147,0,0,0,0,1701.184701696467
|||;36147,36147,36147,36147,0,0,0,0,1706.184701696467
|||;36147,36147,36147,36147,0,0,0,0,1711.184701696467
|||;36147,36147,36147,36147,0,0,0,0,1716.184701696467
|2jdiey(2),||;36147,35414.8,36147,36147,0,1.841133184213,0,0,1721.184701696467
|2jdiey(3),||;36147,35414.8,36147,36147,0,0,0,0,1726.184701696467
|2jdiey(3),||;36147,35414.8,36147,36147,0,0,0,0,1731.184701696467
|2jdiey(3),||;36147,35414.8,36147,36147,0,0,0,0,1736.184701696467
|2jdiey(3),||;36147,35414.8,36147,36147,0,0,0,0,1741.184701696467
|2jdiey(3),||;36147,35414.8,36147,36147,0,0,0,0,1746.184701696467
|2jdiey(3),||;36147,35414.8,36147,36147,0,0,0,0,1751.184701696467
|2jdiey(3),||;36147,35414.8,36147,36147,0,0,0,0,1756.184701696467
|2jdiey(3),||;36147,35414.8,36147,36147,0,0,0,0,1761.184701696467
|2jdiey(3),||;36147,35414.8,36147,36147,0,0,0,0,1766.184701696467
|2jdiey(3),||;36147,35414.8,36147,36147,0,0,0,0,1771.184701696467
|2jdiey(3),||;36147,35414.8,36147,36147,0,0,0,0,1776.184701696467
|2jdiey(3),||;36147,35414.8,36147,36147,0,0,0,0,1781.184701696467
|2jdiey(3),||;36147,35414.8,36147,36147,0,0,0,0,1786.184701696467
|2jdiey(3),||;36147,35414.8,36147,36147,0,0,0,0,1791.184701696467
|2jdiey(3),||;36147,35414.8,36147,36147,0,0,0,0,1796.184701696467
|2jdiey(3),||;36147,35414.8,36147,36147,0,0,0,0,1801.184701696467
|2jdiey(3),||;36147,35414.8,36147,36147,0,0,0,0,1806.184701696467
|2jdiey(3),||;36147,35414.8,36147,36147,0,0,0,0,1811.184701696467
|2jdiey(3),||;36147,35414.8,36147,36147,0,0,0,0,1816.184701696467
|2jdiey(3),||;36147,35414.8,36147,36147,0,0,0,0,1821.184701696467
|2jdiey(3),||;36147,35414.8,36147,36147,0,0,0,0,1826.184701696467
|2jdiey(3),||;36147,35414.8,36147,36147,0,0,0,0,1831.184701696467
|2jdiey(3),||;36147,35414.8,36147,36147,0,0,0,0,1836.184701696467
|2jdiey(3),||;36147,35414.8,36147,36147,0,0,0,0,1841.184701696467
|2jdiey(3),||;36147,35414.8,36147,36147,0,0,0,0,1846.184701696467
|2jdiey(3),||;36147,35414.8,36147,36147,0,0,0,0,1851.184701696467
|2jdiey(3),||;36147,35414.8,36147,36147,0,0,0,0,1856.184701696467
|2jdiey(3),||2rthum(2),;36147,35414.8,36147,35445.6,0,0,0,2.782814150883,1861.184701696467
|2jdiey(3),||2rthum(3),;36147,35414.8,36147,35445.6,0,0,0,0,1866.184701696467
|2jdiey(3),||2rthum(3),;36147,35414.8,36147,35445.6,0,0,0,0,1871.184701696467
|2jdiey(3),||2rthum(3),;36147,35414.8,36147,35445.6,0,0,0,0,1876.184701696467
|2jdiey(3),||2rthum(3),;36147,35414.8,36147,35445.6,0,0,0,0,1881.184701696467
|2jdiey(3),||2rthum(3),;36147,35414.8,36147,35445.6,0,0,0,0,1886.184701696467
|2jdiey(3),||2rthum(3),;36147,35414.8,36147,35445.6,0,0,0,0,1891.184701696467
|2jdiey(3),||2rthum(3),;36147,35414.8,36147,35445.6,0,0,0,0,1896.184701696467
|2jdiey(3),||2rthum(3),;36147,35414.8,36147,35445.6,0,0,0,0,1901.184701696467
|2jdiey(3),||2rthum(3),;36147,35414.8,36147,35445.6,0,0,0,0,1906.184701696467
|2jdiey(3),||2rthum(3),;36147,35414.8,36147,35445.6,0,0,0,0,1911.184701696467
|2jdiey(3),||2rthum(3),;36147,35414.8,36147,35445.6,0,0,0,0,1916.184701696467
|2jdiey(3),||2rthum(3),;36147,35414.8,36147,35445.6,0,0,0,0,1921.184701696467
|2jdiey(3),||2rthum(3),;36147,35414.8,36147,35445.6,0,0,0,0,1926.184701696467
|2jdiey(3),||2rthum(3),;36147,35414.8,36147,35445.6,0,0,0,0,1931.184701696467
|2jdiey(3),||2rthum(3),;36147,35414.8,36147,35445.6,0,0,0,0,1936.184701696467
|2jdiey(3),||2rthum(3),;36147,35414.8,36147,35445.6,0,0,0,0,1941.184701696467
|2jdiey(3),||2rthum(3),;36147,35414.8,36147,35445.6,0,0,0,0,1946.184701696467
|2jdiey(3),||2rthum(3),;36147,35414.8,36147,35445.6,0,0,0,0,1951.184701696467
|2jdiey(3),||2rthum(3),;36147,35414.8,36147,35445.6,0,0,0,0,1956.184701696467
|2jdiey(3),||2rthum(3),;36147,35414.8,36147,35445.6,0,0,0,0,1961.184701696467
519eouzx(0),|2jdiey(3),519eouzx(0),|519eouzx(0),|2rthum(3),519eouzx(0),;34641.7,33156.9,33889.1,33940.3,9.152876523153,13.08562008679,13.08562008679,9.152876523153,1966.184701696467
519eouzx(2),|2jdiey(3),519eouzx(2),|519eouzx(2),|2rthum(3),519eouzx(2),;34641.7,33156.9,33889.1,33940.3,4.152876523153,8.08562008679,8.08562008679,4.152876523153,1971.184701696467
519eouzx(3),|2jdiey(3),519eouzx(2),|519eouzx(2),|2rthum(3),519eouzx(3),;34641.7,33156.9,33889.1,33940.3,0,3.08562008679,3.08562008679,0,1976.184701696467
519eouzx(3),|2jdiey(3),519eouzx(3),|519eouzx(3),|2rthum(3),519eouzx(3),;34641.7,33156.9,33889.1,33940.3,0,0,0,0,1981.184701696467
519eouzx(3),|2jdiey(3),519eouzx(3),|519eouzx(3),|2rthum(3),519eouzx(3),;34641.7,33156.9,33889.1,33940.3,0,0,0,0,1986.184701696467
519eouzx(3),|2jdiey(3),519eouzx(3),|519eouzx(3),|2rthum(3),519eouzx(3),;34641.7,33156.9,33889.1,33940.3,0,0,0,0,1991.184701696467
519eouzx(3),|2jdiey(3),519eouzx(3),|519eouzx(3),|2rthum(3),519eouzx(3),;34641.7,33156.9,33889.1,33940.3,0,0,0,0,1996.184701696467
