4fmohg,0.3,(1500,4500,3),209.142901137931,-570
4mpqbg,0.3,(1500,4500,3),367.951352722624,-569
52mqvcr,0.2,(1500,4500,3),380.424201551724,-569
647snkuj,0.1,(1500,4500,3),412.000919583242,570
84ksoyu,0.2,(1500,4500,3),610.221975905321,-569
70antou,0.3,(1500,4500,3),656.348608793103,569
15fxbpg,0.3,(1500,4500,3),852.501110931034,-569
46afxsl,0.3,(1500,4500,3),852.836026758621,-569
46yiumw,0.2,(1500,4500,3),867.281952724138,-569
978fnsjk,0.2,(1500,4500,3),1062.812297724138,-569
246atwhj,0.3,(1500,4500,3),1202.265445931034,570
241mlarq,0.3,(1500,4500,3),1388.003352689655,570
403hcnwx,0.1,(1500,4500,3),1463.839787,-53
