4fmohg,0.1,(1500,4500,3),200.53767937931,-570
4mpqbg,0.3,(1500,4500,3),367.951352722624,-569
52mqvcr,0.2,(1500,4500,3),380.424560551724,-569
647snkuj,0.2,(1500,4500,3),416.990695031518,570
84ksoyu,0.1,(1500,4500,3),606.244618663941,-569
70antou,0.3,(1500,4500,3),656.348781793103,569
15fxbpg,0.3,(1500,4500,3),852.501430931034,-569
46afxsl,0.3,(1500,4500,3),852.836372758621,-569
46yiumw,0.3,(1500,4500,3),873.248321586207,-569
978fnsjk,0.3,(1500,4500,3),1067.730090586207,-569
246atwhj,0.2,(1500,4500,3),1198.64998662069,570
530pcdtb,0.5,(1500,4500,3),1278.597505689655,569
501kzmpb,0.3,(1500,4500,3),1302.489502517241,569
241mlarq,0.3,(1500,4500,3),1388.003698689655,570
