783stkep,0.4,(2500,4500,3),151.96961150907,51
280pbely,0.1,(2500,4500,3),157.630895888889,-303
805otqwf,0.2,(2500,4500,3),207.278707713371,-457
731iotce,0.1,(2500,4500,3),240.773263483997,-410
40xyvbg,0.3,(2500,4500,3),292.617161666667,52
742vdrlk,0.3,(2500,4500,3),416.173855666667,122
60zeiny,0.2,(2500,4500,3),437.581571856956,121
687yjema,0.1,(2500,4500,3),674.912847185568,-52
246wfluh,0.3,(2500,4500,3),816.779522680924,-54
2ylqzd,0.1,(2500,4500,3),934.268019319401,54
966kgpsr,0.2,(2500,4500,3),1151.717714444444,56
15dtpjf,0.1,(2500,4500,3),1186.947328618342,54
978gryhk,0.1,(2500,4500,3),1379.900672929998,54
403krauo,0.4,(2500,4500,3),1408.925707458583,-54
977pmake,0.3,(2500,4500,3),1669.173031051406,-52
