338pecaf,0.2,(2500,6500,3),80.891923966544,62
50zrfup,0.3,(2500,6500,3),142.95793956691,62
478ewukz,0.4,(2500,6500,3),323.396626044163,-604
338hzmwg,0.2,(2500,6500,3),353.517552857143,64
662vkfjp,0.3,(2500,6500,3),398.24727374026,63
670iwmlq,0.2,(2500,6500,3),423.848957545455,-61
956ulmaj,0.4,(2500,6500,3),763.190829578572,63
213jowdl,0.3,(2500,6500,3),777.922903064935,-336
49pryuq,0.2,(2500,6500,3),821.13352238863,-605
478hqnfu,0.2,(2500,6500,3),828.506850610232,-368
213asfgl,0.3,(2500,6500,3),829.023058714286,-335
211ucvip,0.3,(2500,6500,3),923.508814636364,-336
91rvfyt,0.1,(2500,6500,3),1004.268075025974,-61
163gtrns,0.2,(2500,6500,3),1246.970650298701,-62
956pgqfl,0.2,(2500,6500,3),1278.683008935065,485
956alouy,0.2,(2500,6500,3),1721.963599935065,-455
