338pecaf,0.2,(2500,6500,3),80.891923966544,62
50zrfup,0.3,(2500,6500,3),142.95793956691,62
478ewukz,0.2,(2500,6500,3),261.770618771435,-605
338hzmwg,0.3,(2500,6500,3),356.513631285714,64
662vkfjp,0.2,(2500,6500,3),395.442139493506,63
670iwmlq,0.3,(2500,6500,3),421.280807818182,-61
50htfgy,0.5,(2500,6500,3),583.090285416226,455
213jowdl,0.2,(2500,6500,3),778.857202376623,-336
49pryuq,0.3,(2500,6500,3),823.927012674344,-605
213asfgl,0.2,(2500,6500,3),826.630529142857,-335
211ucvip,0.4,(2500,6500,3),922.275255181818,-336
91rvfyt,0.2,(2500,6500,3),1009.088974051948,-61
163gtrns,0.3,(2500,6500,3),1247.048435948052,-62
956pgqfl,0.2,(2500,6500,3),1278.683181935065,485
956alouy,0.3,(2500,6500,3),1724.850748402597,-455
