352aeiwo,0.1,(2500,1500,3),158.043374234043,-197
215lhtum,0.1,(2500,1500,3),236.863360851064,-371
385lxero,0.1,(2500,1500,3),319.86896187234,-196
289lxwer,0.3,(2500,1500,3),334.132111914894,194
144hyvie,0.4,(2500,1500,3),478.028355340426,194
144jalou,0.1,(2500,1500,3),481.200300450707,194
121rzmuq,0.1,(2500,1500,3),497.756232617021,193
968akytj,0.2,(2500,1500,3),526.528379638298,193
488dxave,0.3,(2500,1500,3),601.475318085106,194
155wiubn,0.3,(2500,1500,3),632.970348408751,193
242xiduq,0.2,(2500,1500,3),746.240111894021,194
302lxkmq,0.2,(2500,1500,3),811.979111297872,194
302bhwgj,0.2,(2500,1500,3),813.012439638298,194
11mhcbp,0.3,(2500,1500,3),890.338460170213,193
120cpslt,0.2,(2500,1500,3),929.219986732364,-194
707kezwf,0.3,(2500,1500,3),1114.290253957447,194
151fxzla,0.3,(2500,1500,3),1298.042435659574,-194
60lfsmh,0.9,(2500,1500,3),1311.836212021277,-324
99ygcwt,0.1,(2500,1500,3),1336.790989404255,195
524qhvnm,0.2,(2500,1500,3),1549.076445425532,-194
