352aeiwo,0.1,(2500,1500,3),158.043214234043,-197
215lhtum,0.1,(2500,1500,3),236.863066851064,-371
385lxero,0.3,(2500,1500,3),326.115477617021,-196
289lxwer,0.2,(2500,1500,3),334.825937276596,194
144hyvie,0.2,(2500,1500,3),476.405896170213,194
144jalou,0.2,(2500,1500,3),484.613749982622,194
488dxave,0.3,(2500,1500,3),601.474998085106,194
155wiubn,0.1,(2500,1500,3),625.608006281092,193
121rzmuq,0.5,(2500,1500,3),631.265394085106,194
242xiduq,0.5,(2500,1500,3),756.212738957851,194
488zelra,0.1,(2500,1500,3),771.658854166944,195
302lxkmq,0.3,(2500,1500,3),811.325284446809,194
302bhwgj,0.4,(2500,1500,3),812.366511276596,194
11mhcbp,0.2,(2500,1500,3),886.366924446809,193
120cpslt,0.2,(2500,1500,3),929.219986732364,-194
707kezwf,0.4,(2500,1500,3),1118.015686276596,194
151fxzla,0.3,(2500,1500,3),1298.042115659574,-194
524qhvnm,0.2,(2500,1500,3),1549.076099425532,-194
51vmexb,0.1,(2500,1500,3),1837.63999106383,-195
