338pecaf,0.3,(2500,6500,3),85.767121473038,62
50zrfup,0.2,(2500,6500,3),139.281114631845,62
478ewukz,0.2,(2500,6500,3),261.770618771435,-605
338hzmwg,0.2,(2500,6500,3),353.518071857143,64
662vkfjp,0.3,(2500,6500,3),398.24774074026,63
670iwmlq,0.2,(2500,6500,3),423.849437545455,-61
50htfgy,0.5,(2500,6500,3),583.090285416226,455
956ulmaj,0.6,(2500,6500,3),763.396509786365,63
213jowdl,0.3,(2500,6500,3),777.923370064935,-336
49pryuq,0.2,(2500,6500,3),821.13352238863,-605
478hqnfu,0.6,(2500,6500,3),827.817405207635,-368
213asfgl,0.3,(2500,6500,3),829.023512714286,-335
91rvfyt,0.1,(2500,6500,3),1004.268594025974,-61
163gtrns,0.3,(2500,6500,3),1247.048794948052,-62
956pgqfl,0.3,(2500,6500,3),1277.667642402597,485
956alouy,0.3,(2500,6500,3),1724.851094402597,-455
