314qvblr,0.2,(3500,6500,3),148.060571040609,327
91svczj,0.3,(3500,6500,3),204.14837366146,-601
247utjsf,0.6,(3500,6500,3),288.909670335025,369
28fmtpb,0.2,(3500,6500,3),306.702762412179,-454
74vruqh,0.4,(3500,6500,3),668.010932949239,328
478hqnfu,0.1,(3500,6500,3),802.757541807107,-456
74adjxz,0.2,(3500,6500,3),812.29458057676,330
211jtfmy,0.3,(3500,6500,3),1382.55150080203,-329
211iglna,0.2,(3500,6500,3),1643.403311536283,-600
71yqxac,0.2,(3500,6500,3),1697.172694035533,-369
71jznaw,0.3,(3500,6500,3),1699.035662299492,-369
