169cwgem,0.3,(3500,5500,3),105.346809419102,-183
185cjztb,0.2,(3500,5500,3),193.284136885057,543
185iwkse,0.2,(3500,5500,3),198.794430413945,543
608yrsdz,0.4,(3500,5500,3),267.353102022989,-246
608zwoxy,0.3,(3500,5500,3),277.295081160399,-246
185zghed,0.2,(3500,5500,3),392.07142151868,-181
35dcliu,0.6,(3500,5500,3),432.29246721345,-183
976ahrkd,0.3,(3500,5500,3),518.863123165788,182
976xjgbe,0.1,(3500,5500,3),590.355766638446,206
35impdb,0.3,(3500,5500,3),599.085309793103,206
534mftwq,0.1,(3500,5500,3),823.599871597701,-87
213ktdpe,0.3,(3500,5500,3),1497.392792275862,-550
517rsaqu,0.1,(3500,5500,3),1557.390064758621,-283
886gmxsk,0.5,(3500,5500,3),1571.74507662069,452
