870srpkt,0.1,(3500,3500,3),130.550158623377,599
741yzfxq,0.8,(3500,3500,3),456.949871922078,-242
607wsvmc,0.3,(3500,3500,3),477.800207064935,-494
977vjafu,0.1,(3500,3500,3),729.154975417653,-242
177bwvsc,0.1,(3500,3500,3),767.209122805195,-244
384yvtgq,0.2,(3500,3500,3),840.810268446769,298
40aijcu,0.2,(3500,3500,3),941.285499966721,-437
90rouhi,0.1,(3500,3500,3),1113.45561616596,-298
519dojaw,0.2,(3500,3500,3),1438.292576773679,242
544hxigo,0.3,(3500,3500,3),1593.542162469072,-437
280phidn,0.2,(3500,3500,3),1733.954803142857,242
900ecita,0.2,(3500,3500,3),1982.558457673708,494
