573xwtfq,0.3,(3500,4500,3),104.543391764804,-86
713olzwh,0.2,(3500,4500,3),168.174568864605,-87
904vuajs,0.2,(3500,4500,3),207.450263593713,-87
738vuzrd,0.1,(3500,4500,3),323.005219488189,-148
901ashwq,0.9,(3500,4500,3),458.052414716535,-180
132uagwn,0.6,(3500,4500,3),522.335139781216,147
901jcsxg,1,(3500,4500,3),617.314318637795,147
901xrjat,0.5,(3500,4500,3),617.665587125187,147
12wlhob,0.8,(3500,4500,3),737.201328811024,87
185zghed,0.6,(3500,4500,3),798.216037543307,-147
733ektwo,0.2,(3500,4500,3),799.687823330194,-187
649agerf,0.2,(3500,4500,3),925.934205165354,-87
796mhlcg,0.5,(3500,4500,3),938.331243327263,-87
177bwvsc,0.1,(3500,4500,3),968.333057740157,-242
429cbvrf,0.1,(3500,4500,3),1162.517413820645,87
46kglme,0.1,(3500,4500,3),1236.602917070866,55
83pyheb,0.3,(3500,4500,3),1307.941455897638,87
771squdf,0.2,(3500,4500,3),1377.947515527559,626
431femrh,0.2,(3500,4500,3),1378.010699500722,87
46rhwzc,0.5,(3500,4500,3),1446.788352417323,-87
34ifoqs,0.2,(3500,4500,3),1645.048771409449,-86
438kflhc,0.3,(3500,4500,3),1743.787625362205,87
34crnuy,0.4,(3500,4500,3),1773.724008944882,88
