91svczj,0.1,(3500,6500,3),198.61274401679,-601
314qvblr,0.7,(3500,6500,3),203.454244142132,328
28fmtpb,0.2,(3500,6500,3),306.702762412179,-454
314ekxqf,1,(3500,6500,3),332.655274068315,330
28xrdnw,0.1,(3500,6500,3),434.542679280818,-289
247utjsf,0.2,(3500,6500,3),474.008392111675,-454
74vruqh,0.6,(3500,6500,3),668.398050923858,328
74adjxz,0.2,(3500,6500,3),812.29458057676,330
213thnsb,0.9,(3500,6500,3),1186.735276878173,-329
211jtfmy,0.2,(3500,6500,3),1381.52705686802,-329
211iglna,0.3,(3500,6500,3),1642.787890460141,-600
71yqxac,0.2,(3500,6500,3),1697.172222035533,-369
71jznaw,0.2,(3500,6500,3),1697.665605532995,-369
