169cwgem,0.2,(3500,5500,3),102.430080775424,-183
185cjztb,0.3,(3500,5500,3),191.731486827586,543
185iwkse,0.3,(3500,5500,3),201.976316207048,543
556emqau,0.4,(3500,5500,3),262.855872091954,-246
608zwoxy,0.2,(3500,5500,3),273.486460286835,-246
28fmtpb,0.1,(3500,5500,3),303.543533413793,-454
35dcliu,0.2,(3500,5500,3),334.49333967322,-247
976ahrkd,0.2,(3500,5500,3),516.428498430155,182
185yizcj,0.1,(3500,5500,3),526.24690515936,206
28jzays,0.1,(3500,5500,3),555.461094790112,284
976xjgbe,0.1,(3500,5500,3),590.355766638446,206
35impdb,0.3,(3500,5500,3),599.085603793103,206
534mftwq,0.1,(3500,5500,3),823.600230597701,-87
213ktdpe,0.2,(3500,5500,3),1497.296668850575,-550
886gmxsk,0.2,(3500,5500,3),1572.820847448276,452
438kflhc,0.1,(3500,5500,3),1742.163996586207,87
34crnuy,0.1,(3500,5500,3),1758.483436747126,88
