573xwtfq,0.3,(3500,4500,3),104.543391764804,-86
713olzwh,0.2,(3500,4500,3),168.174568864605,-87
904vuajs,0.2,(3500,4500,3),207.450263593713,-87
132uagwn,0.2,(3500,4500,3),372.690027844208,-180
246lvkrc,0.5,(3500,4500,3),437.457640417323,87
132mxnav,0.5,(3500,4500,3),523.073228888039,147
185yizcj,0.9,(3500,4500,3),692.947631677165,86
733ektwo,0.3,(3500,4500,3),803.849101314446,-187
796mhlcg,0.5,(3500,4500,3),938.331243327263,-87
83xzatk,0.1,(3500,4500,3),1009.811256330709,-19
458asuhj,0.2,(3500,4500,3),1056.521561582222,-159
429bfckn,0.5,(3500,4500,3),1158.571519338583,87
429cbvrf,0.1,(3500,4500,3),1162.517413820645,87
2ylqzd,0.3,(3500,4500,3),1187.159776031496,-87
771rbpxe,0.8,(3500,4500,3),1301.750342771654,624
83pyheb,0.2,(3500,4500,3),1306.119830598425,87
46kglme,0.1,(3500,4500,3),1347.603077070866,159
431hyrsd,0.5,(3500,4500,3),1377.58900703937,87
431femrh,0.2,(3500,4500,3),1378.010699500722,87
771squdf,0.3,(3500,4500,3),1378.721265291339,626
398wfkbi,0.2,(3500,4500,3),1403.894684637795,87
90vmktj,0.5,(3500,4500,3),1462.374769976378,-148
886gmxsk,0.1,(3500,4500,3),1572.392298314961,452
34ifoqs,0.3,(3500,4500,3),1649.672599614173,-86
438kflhc,0.2,(3500,4500,3),1743.824189574803,87
34crnuy,0.3,(3500,4500,3),1769.034487708661,88
