870srpkt,0.3,(3500,3500,3),139.64673587013,599
738vuzrd,0.1,(3500,3500,3),242.090258754686,-179
640cqrek,0.1,(3500,3500,3),361.274634514785,-646
607wsvmc,0.2,(3500,3500,3),478.734212376623,-494
117ilzaf,0.1,(3500,3500,3),566.813282570177,-646
977vjafu,0.3,(3500,3500,3),735.909439002068,-242
384yvtgq,0.2,(3500,3500,3),840.810268446769,298
40aijcu,0.2,(3500,3500,3),941.285499966721,-437
90rouhi,0.8,(3500,3500,3),1168.963299075051,300
268rwuij,0.1,(3500,3500,3),1227.1379764669,-243
519dojaw,0.2,(3500,3500,3),1438.292576773679,242
544hxigo,0.2,(3500,3500,3),1591.803143663878,-437
280phidn,0.3,(3500,3500,3),1731.347293714286,242
900ecita,0.2,(3500,3500,3),1982.558457673708,494
