182qiywj,0.2,(4500,5500,3),53.889461263983,112
663evqun,0.2,(4500,5500,3),123.874314216721,110
324oerva,0.2,(4500,5500,3),344.253521314597,111
324akdis,0.2,(4500,5500,3),416.643086155608,113
216zednb,0.7,(4500,5500,3),471.544159568762,287
772omfnv,0.4,(4500,5500,3),486.158038453779,286
28jzays,0.8,(4500,5500,3),643.572405387755,285
608irgfa,0.1,(4500,5500,3),649.52404788527,288
608vmwht,0.1,(4500,5500,3),689.819961847622,-453
402yolkm,0.1,(4500,5500,3),766.422653425221,-20
975xicrv,0.3,(4500,5500,3),797.752592696467,111
975hxngk,0.4,(4500,5500,3),842.921783673469,112
662hbtdn,0.5,(4500,5500,3),1022.916816367347,286
976ngkxi,0.1,(4500,5500,3),1024.028905197279,20
662kpolz,0.3,(4500,5500,3),1033.376836571429,286
71uakci,0.2,(4500,5500,3),1287.868325622143,-286
368drjla,0.2,(4500,5500,3),1477.512511312925,-285
