741sykqx,0.3,(4500,3500,3),185.961718464341,-244
640bvrto,0.2,(4500,3500,3),351.356430010877,-646
977pgfhn,0.2,(4500,3500,3),398.066713927374,-245
64cnjmi,0.2,(4500,3500,3),435.457737758062,245
640cqrek,0.2,(4500,3500,3),478.788637,-204
295ehdxo,0.5,(4500,3500,3),567.043680779838,-244
117ilzaf,0.1,(4500,3500,3),567.235515620112,-646
179excus,0.1,(4500,3500,3),627.304461703911,37
177tvajy,0.8,(4500,3500,3),717.82207498324,-244
21qugxf,0.1,(4500,3500,3),722.010355240223,90
771acoux,0.2,(4500,3500,3),726.292079173184,204
179nourt,0.2,(4500,3500,3),748.520287053894,208
59tkgjp,0.1,(4500,3500,3),767.786412061453,-325
148peuqs,0.3,(4500,3500,3),843.605435139221,-646
268rotev,0.3,(4500,3500,3),889.930649134078,-325
771ycpxt,0.3,(4500,3500,3),906.384573268758,-164
103zhvqp,0.2,(4500,3500,3),1171.36940401676,164
268rwuij,0.2,(4500,3500,3),1229.356542698324,-243
40vrzmb,0.3,(4500,3500,3),1323.483018912789,244
747kmosc,0.2,(4500,3500,3),1380.716979613008,-244
216lfwax,0.3,(4500,3500,3),1522.628465089385,326
658sjeuo,0.3,(4500,3500,3),1526.65817522905,326
407pneky,0.2,(4500,3500,3),1608.774788905028,-164
280phidn,0.1,(4500,3500,3),1672.941575452514,-437
216zfpri,0.2,(4500,3500,3),1733.307310603352,209
649ydjqx,0.1,(4500,3500,3),1764.049847972067,-401
280topmn,0.3,(4500,3500,3),1972.668144845689,244
