563qugbm,0.3,(4500,500,3),126.449221874206,-5
16xekpj,0.1,(4500,500,3),179.372485228893,-176
221skrvu,0.3,(4500,500,3),194.498862,214
189nhwil,0.4,(4500,500,3),213.774513250441,684
7sgunf,0.2,(4500,500,3),218.796046853939,684
217wfvdk,0.3,(4500,500,3),262.418887375254,177
6wxfcv,0.1,(4500,500,3),278.172604358974,684
417nzrgx,0.5,(4500,500,3),339.308970515372,684
949dmuny,0.3,(4500,500,3),398.61037423171,684
196puvea,0.1,(4500,500,3),488.038688692308,-464
127deofw,0.1,(4500,500,3),508.415643378958,685
151czaiw,0.2,(4500,500,3),568.211052589744,5
601czalt,0.2,(4500,500,3),626.439910153846,227
969oubta,0.3,(4500,500,3),689.260213262726,-684
546ghvli,0.3,(4500,500,3),708.009836370063,-685
601fwmdv,0.2,(4500,500,3),742.07755519145,212
358ednjf,0.2,(4500,500,3),798.623891205128,425
524pkgfs,0.3,(4500,500,3),809.245949624971,425
603kyfvj,0.3,(4500,500,3),851.861156528611,684
100grlac,0.3,(4500,500,3),946.738317461538,5
524rhimt,0.4,(4500,500,3),958.741715794872,177
100odtfw,0.3,(4500,500,3),1028.186943,426
144jigox,0.3,(4500,500,3),1223.640896692308,685
595tyknx,0.3,(4500,500,3),1297.769495019381,176
488uqblh,0.3,(4500,500,3),1308.335607,176
759lkzop,0.3,(4500,500,3),1403.290227841685,684
488eiand,0.3,(4500,500,3),1428.118118462577,212
158cgatj,0.3,(4500,500,3),1632.942388307692,426
637qhvju,0.4,(4500,500,3),1653.992497205128,-6
8hcalr,0.3,(4500,500,3),1668.287709923077,5
510hvgex,0.2,(4500,500,3),1698.105252615385,-6
124uqopt,0.2,(4500,500,3),1698.761673358974,5
10nearl,0.1,(4500,500,3),1713.418420461538,177
617xoqkl,0.2,(4500,500,3),1716.660777420254,-684
117csqmu,0.3,(4500,500,3),1732.905932230769,212
885xhvef,0.4,(4500,500,3),1738.232349641026,-176
738ftqds,0.3,(4500,500,3),1902.463778846154,176
18qvhaf,0.4,(4500,500,3),1918.363962551984,-685
148rdkmp,0.3,(4500,500,3),1961.381017315059,-558
