149bcdxl,0.3,(4500,2500,3),158.523348297107,36
870ilbsz,0.3,(4500,2500,3),473.82770268,117
179cofvd,0.3,(4500,2500,3),493.40039124,-36
868uqdro,0.5,(4500,2500,3),582.036608066667,-36
179excus,0.1,(4500,2500,3),627.80227444,37
90pqmfw,0.2,(4500,2500,3),639.497979320876,39
868mkodi,0.3,(4500,2500,3),742.541581293524,39
147qdhbt,0.1,(4500,2500,3),747.494038893333,-117
93ypsat,0.1,(4500,2500,3),885.219849773333,-117
64plvrs,0.2,(4500,2500,3),903.118288073455,36
946dvkxp,0.1,(4500,2500,3),922.882415666667,39
93kmjwb,0.2,(4500,2500,3),992.249849810033,119
738kbazw,0.2,(4500,2500,3),1066.395333866667,-119
482fnipv,0.1,(4500,2500,3),1261.196204653333,-118
588atdiu,0.2,(4500,2500,3),1408.445304533333,-117
208lxnyq,0.2,(4500,2500,3),1817.080270684684,42
540aisef,0.2,(4500,2500,3),1927.311640386667,-42
