741sykqx,0.2,(4500,3500,3),182.868712162665,-244
640bvrto,0.3,(4500,3500,3),352.035232960598,-646
977pgfhn,0.2,(4500,3500,3),398.066341927374,-245
64cnjmi,0.3,(4500,3500,3),438.011811143537,245
640cqrek,0.3,(4500,3500,3),476.982634,-204
117ilzaf,0.4,(4500,3500,3),671.920299480447,-204
771acoux,0.3,(4500,3500,3),730.907836759777,204
179nourt,0.2,(4500,3500,3),748.520287053894,208
652yewmg,0.4,(4500,3500,3),776.654900798883,245
148peuqs,0.2,(4500,3500,3),841.074793619668,-646
59tkgjp,0.3,(4500,3500,3),857.502733184358,-245
268rotev,0.2,(4500,3500,3),887.141924089385,-325
103zhvqp,0.3,(4500,3500,3),1171.25116452514,164
268rwuij,0.3,(4500,3500,3),1232.004023547486,-243
658gorut,0.3,(4500,3500,3),1283.413078122905,-401
40vrzmb,0.4,(4500,3500,3),1323.997798801058,244
747kmosc,0.2,(4500,3500,3),1380.716979613008,-244
216lfwax,0.2,(4500,3500,3),1522.371102726257,326
658sjeuo,0.3,(4500,3500,3),1526.65782022905,326
407pneky,0.3,(4500,3500,3),1607.413978357542,-164
216zfpri,0.3,(4500,3500,3),1733.399996905028,209
649ydjqx,0.1,(4500,3500,3),1764.049700972067,-401
