563qugbm,0.3,(4500,500,3),126.449221874206,-5
221skrvu,0.4,(4500,500,3),198.343493666667,214
7sgunf,0.4,(4500,500,3),227.184654853939,684
217wfvdk,0.3,(4500,500,3),262.418887375254,177
6wxfcv,0.4,(4500,500,3),286.803018435897,684
147xhzlc,0.1,(4500,500,3),293.008262435859,464
949dmuny,0.3,(4500,500,3),398.61037423171,684
151czaiw,0.2,(4500,500,3),568.210879589744,5
969oubta,0.2,(4500,500,3),685.603640544777,-684
546ghvli,0.2,(4500,500,3),708.380150216217,-685
714mfzca,0.9,(4500,500,3),721.095744769231,-684
601fwmdv,0.3,(4500,500,3),742.22328319145,212
358ednjf,0.2,(4500,500,3),798.623705205128,425
524pkgfs,0.3,(4500,500,3),809.245949624971,425
603kyfvj,0.3,(4500,500,3),851.861156528611,684
100grlac,0.2,(4500,500,3),946.108484307692,5
524rhimt,0.1,(4500,500,3),957.268046948718,177
100odtfw,0.1,(4500,500,3),1026.73934,426
144jigox,0.2,(4500,500,3),1223.747621461538,685
595tyknx,0.2,(4500,500,3),1298.472841891176,176
488uqblh,0.3,(4500,500,3),1308.335434,176
558xflnz,0.1,(4500,500,3),1327.413826579714,-211
759lkzop,0.2,(4500,500,3),1400.359592354506,684
488eiand,0.2,(4500,500,3),1428.133709847192,212
158cgatj,0.3,(4500,500,3),1632.942215307692,426
637qhvju,0.3,(4500,500,3),1651.812330153846,-6
8hcalr,0.3,(4500,500,3),1668.287549923077,5
124uqopt,0.3,(4500,500,3),1696.922064538462,5
510hvgex,0.3,(4500,500,3),1697.395279923077,-6
117csqmu,0.3,(4500,500,3),1732.905785230769,212
885xhvef,0.3,(4500,500,3),1736.494957230769,-176
18qvhaf,0.1,(4500,500,3),1900.522579167369,-684
738ftqds,0.2,(4500,500,3),1902.129697897436,176
148rdkmp,0.2,(4500,500,3),1961.208402750956,-558
