741sykqx,0.2,(4500,3500,3),182.868712162665,-244
640bvrto,0.3,(4500,3500,3),352.035232960598,-646
640cqrek,0.1,(4500,3500,3),360.59384,-646
64cnjmi,0.3,(4500,3500,3),438.011811143537,245
192evsjw,0.4,(4500,3500,3),492.411108581006,-127
295ehdxo,0.5,(4500,3500,3),566.043680779838,-244
117ilzaf,0.2,(4500,3500,3),568.796839240223,-646
177tvajy,0.1,(4500,3500,3),661.165304122905,-245
771acoux,0.3,(4500,3500,3),730.907689759777,204
179nourt,0.3,(4500,3500,3),751.707020819257,208
652yewmg,0.2,(4500,3500,3),778.297147899441,245
771ycpxt,0.1,(4500,3500,3),795.011105738032,646
148peuqs,0.3,(4500,3500,3),843.605435139221,-646
59tkgjp,0.3,(4500,3500,3),857.502586184358,-245
268rotev,0.2,(4500,3500,3),887.141764089385,-325
154kzxed,0.5,(4500,3500,3),941.524171589136,-244
103zhvqp,0.2,(4500,3500,3),1171.36889801676,164
268rwuij,0.3,(4500,3500,3),1232.003837547486,-243
658gorut,0.5,(4500,3500,3),1283.389362871508,-401
40vrzmb,0.3,(4500,3500,3),1323.483018912789,244
747kmosc,0.2,(4500,3500,3),1380.716979613008,-244
216lfwax,0.2,(4500,3500,3),1522.370942726257,326
658sjeuo,0.2,(4500,3500,3),1528.657323486034,326
407pneky,0.2,(4500,3500,3),1608.774321905028,-164
216zfpri,0.2,(4500,3500,3),1733.306843603352,209
649ydjqx,0.7,(4500,3500,3),1946.904596804469,245
280topmn,0.4,(4500,3500,3),1971.331086164125,244
