182qiywj,0.1,(4500,5500,3),49.153036338813,112
663evqun,0.3,(4500,5500,3),128.239814298354,110
163ptblv,0.4,(4500,5500,3),287.778401260191,453
324oerva,0.2,(4500,5500,3),344.253521314597,111
324akdis,0.2,(4500,5500,3),382.643086155608,112
608irgfa,0.1,(4500,5500,3),688.52404788527,-453
608vmwht,0.1,(4500,5500,3),689.819961847622,-453
975xicrv,0.2,(4500,5500,3),793.900680859732,111
247pusfc,1,(4500,5500,3),812.751935170068,287
976hixjs,0.1,(4500,5500,3),922.252256693878,19
250htzvd,0.4,(4500,5500,3),944.005677836735,429
662hbtdn,0.5,(4500,5500,3),1022.916963367347,286
662zygnm,0.5,(4500,5500,3),1023.381824034014,286
976ngkxi,0.1,(4500,5500,3),1024.029052197279,20
662kpolz,0.2,(4500,5500,3),1030.181349380952,286
71uakci,0.3,(4500,5500,3),1286.576217867041,-286
368drjla,0.2,(4500,5500,3),1477.512697312925,-285
371lquok,0.5,(4500,5500,3),1483.392492469388,-286
