117dmiag,0.3,(4500,4500,3),190.273800298546,-166
192kqvjh,0.4,(4500,4500,3),280.404438244048,166
182evhfd,0.4,(4500,4500,3),309.193587441243,-406
12wlhob,0.1,(4500,4500,3),342.871921628592,-20
137auotj,0.3,(4500,4500,3),388.815453371484,-167
501iwgpo,0.3,(4500,4500,3),398.834607964455,-19
299ahfez,0.4,(4500,4500,3),422.687307188981,-20
192evsjw,0.1,(4500,4500,3),486.830696553422,-127
458yjpbu,0.3,(4500,4500,3),543.593623412612,-20
324jikhl,0.5,(4500,4500,3),547.465783333333,-20
148tqzlc,0.3,(4500,4500,3),562.385575837383,-167
83hmwuo,0.1,(4500,4500,3),652.631601533333,406
608vmwht,0.1,(4500,4500,3),690.558340333333,-453
321ewfyi,0.3,(4500,4500,3),757.000659159562,20
452dofwz,0.2,(4500,4500,3),767.0541506,22
250ielnu,0.3,(4500,4500,3),942.8437142,429
402yolkm,0.1,(4500,4500,3),967.642521333333,23
534mftwq,0.4,(4500,4500,3),974.019674466667,-23
83xzatk,0.2,(4500,4500,3),1015.269261469542,-19
947rmfua,0.4,(4500,4500,3),1066.207382866667,20
665shpkl,0.3,(4500,4500,3),1071.4880096,20
665qtrmk,0.2,(4500,4500,3),1074.0117886,20
658vprel,0.4,(4500,4500,3),1091.155944733333,-406
976hixjs,0.5,(4500,4500,3),1117.073161,25
771ycpxt,0.1,(4500,4500,3),1127.578008533333,167
771rbpxe,0.2,(4500,4500,3),1128.998107933333,167
779mvdfs,0.6,(4500,4500,3),1174.032866349419,20
250htzvd,0.1,(4500,4500,3),1182.603923018709,23
267trlog,0.3,(4500,4500,3),1230.647395,20
649agerf,0.2,(4500,4500,3),1272.785665933333,19
710ezqar,0.1,(4500,4500,3),1292.5478702,-25
276sotfe,0.2,(4500,4500,3),1321.188861933333,24
52zynru,0.2,(4500,4500,3),1392.467902333333,20
649pnlot,0.3,(4500,4500,3),1471.308922089507,24
318veyqi,0.2,(4500,4500,3),1521.539685066667,20
828omwqr,0.1,(4500,4500,3),1581.091877472225,20
1ufckj,0.3,(4500,4500,3),1608.6668984,-20
26uimfk,0.3,(4500,4500,3),1632.5371136,-20
594fbexz,0.3,(4500,4500,3),1740.779664187689,-20
666mksxz,0.1,(4500,4500,3),1755.5891194,-19
243nlgxb,0.2,(4500,4500,3),1756.429892405458,-20
23pzaer,0.3,(4500,4500,3),1772.9414798,20
23aglkt,0.3,(4500,4500,3),1773.83414960175,20
191flect,0.5,(4500,4500,3),1847.179564333333,-20
446lfivk,0.3,(4500,4500,3),1908.0540678,-25
