563qugbm,0.2,(4500,500,3),121.851619412668,-5
189nhwil,0.2,(4500,500,3),212.536830378646,684
7sgunf,0.1,(4500,500,3),217.601742853939,684
217wfvdk,0.2,(4500,500,3),263.471759580383,177
6rckeq,0.6,(4500,500,3),273.317525104639,684
6wxfcv,0.3,(4500,500,3),283.925996076923,684
16xekpj,0.9,(4500,500,3),311.108124203252,684
417nzrgx,0.5,(4500,500,3),339.308970515372,684
147jdhkv,0.1,(4500,500,3),384.048889802137,679
196puvea,0.1,(4500,500,3),488.038541692308,-464
151czaiw,0.3,(4500,500,3),566.109271384615,5
969oubta,0.3,(4500,500,3),689.260213262726,-684
546ghvli,0.3,(4500,500,3),708.009836370063,-685
601fwmdv,0.2,(4500,500,3),742.07755519145,212
358ednjf,0.2,(4500,500,3),798.623519205128,425
524pkgfs,0.2,(4500,500,3),806.046448496766,425
603binme,0.7,(4500,500,3),821.966717948718,685
603pobgy,0.1,(4500,500,3),829.421471846154,685
603kyfvj,0.4,(4500,500,3),854.711132323483,684
524rhimt,0.1,(4500,500,3),931.267886948718,-685
100grlac,0.3,(4500,500,3),946.737984461538,5
100odtfw,0.6,(4500,500,3),1026.857793,426
144jigox,0.3,(4500,500,3),1223.640528692308,685
595tyknx,0.3,(4500,500,3),1297.769495019381,176
488uqblh,0.4,(4500,500,3),1307.228602666667,176
558xflnz,0.5,(4500,500,3),1376.341967707919,-176
759lkzop,0.3,(4500,500,3),1403.290227841685,684
488eiand,0.3,(4500,500,3),1427.118118462577,212
158cgatj,0.1,(4500,500,3),1632.607233435897,426
637qhvju,0.2,(4500,500,3),1652.632150102564,-6
8hcalr,0.2,(4500,500,3),1668.222295615385,5
510hvgex,0.2,(4500,500,3),1697.104884615385,-6
124uqopt,0.2,(4500,500,3),1698.761331358974,5
10nearl,0.2,(4500,500,3),1703.015875923077,-685
117csqmu,0.2,(4500,500,3),1731.818854487179,212
738ftqds,0.2,(4500,500,3),1902.129511897436,176
18qvhaf,0.4,(4500,500,3),1918.363962551984,-685
148rdkmp,0.2,(4500,500,3),1961.208402750956,-558
