117dmiag,0.2,(4500,4500,3),183.772629098546,-166
192kqvjh,0.2,(4500,4500,3),284.854691044048,166
182evhfd,0.3,(4500,4500,3),303.111846641243,-406
67etykq,0.3,(4500,4500,3),312.68552947676,-20
29ylugm,0.3,(4500,4500,3),346.072837983115,24
137auotj,0.3,(4500,4500,3),387.815453371484,-167
501iwgpo,0.4,(4500,4500,3),403.832820231122,-19
324oerva,0.1,(4500,4500,3),419.030230866667,113
299ahfez,0.1,(4500,4500,3),421.104395188981,-20
192evsjw,0.1,(4500,4500,3),486.830696553422,-127
458yjpbu,0.2,(4500,4500,3),543.721597812612,-20
324jikhl,0.5,(4500,4500,3),547.465969333333,-20
148tqzlc,0.2,(4500,4500,3),558.610702237383,-167
369kpuzf,0.5,(4500,4500,3),606.810603,20
83hmwuo,0.1,(4500,4500,3),652.632077533333,406
321ewfyi,0.3,(4500,4500,3),757.000659159562,20
452dofwz,0.3,(4500,4500,3),768.0392324,22
608vmwht,0.2,(4500,4500,3),822.578041666667,19
608irgfa,0.4,(4500,4500,3),823.324228733333,19
975hxngk,0.1,(4500,4500,3),831.8516052,112
250ielnu,0.7,(4500,4500,3),942.088921466667,429
83xzatk,0.1,(4500,4500,3),1010.096286536208,-19
976xjgbe,0.5,(4500,4500,3),1022.000126666667,20
292ypkvt,0.2,(4500,4500,3),1061.913045533333,-20
292ncszg,0.7,(4500,4500,3),1063.992358066667,-20
665shpkl,0.2,(4500,4500,3),1071.685048733333,20
665qtrmk,0.4,(4500,4500,3),1074.0300352,20
179excus,0.5,(4500,4500,3),1088.60041,406
771ycpxt,0.4,(4500,4500,3),1128.838828133333,167
267trlog,0.2,(4500,4500,3),1225.055534666667,20
276sotfe,0.2,(4500,4500,3),1321.189380933333,24
52zynru,0.1,(4500,4500,3),1391.526131666667,20
52xtjqa,0.5,(4500,4500,3),1393.894056333333,20
147pskmc,0.6,(4500,4500,3),1417.3739538,-22
710ezqar,0.4,(4500,4500,3),1436.1873708,-20
649pnlot,0.1,(4500,4500,3),1567.473636756174,-406
828omwqr,0.2,(4500,4500,3),1582.439615072225,20
1ufckj,0.2,(4500,4500,3),1606.6342136,-20
594bihsc,0.8,(4500,4500,3),1723.5104268,-20
594fbexz,0.2,(4500,4500,3),1735.536784187689,-20
243nlgxb,0.3,(4500,4500,3),1757.175731338791,-20
23aglkt,0.4,(4500,4500,3),1771.475130935083,20
23pzaer,0.3,(4500,4500,3),1772.9419988,20
446lfivk,0.2,(4500,4500,3),1908.7068362,-25
