969xhmwf,0.2,(5500,500,3),187.423244317221,-10
142gwkms,0.2,(5500,500,3),396.539835786667,8
7qptcd,0.3,(5500,500,3),558.681939,8
123egwpk,0.7,(5500,500,3),561.56378104,7
123uwebg,0.4,(5500,500,3),562.349152906667,7
7jdxks,0.3,(5500,500,3),564.936849722963,8
16lkgao,0.3,(5500,500,3),623.047024547589,7
306euqys,0.1,(5500,500,3),731.553603571441,8
221vwxct,0.4,(5500,500,3),791.471973586667,9
401brqds,0.3,(5500,500,3),892.54178516,-8
196votbj,0.7,(5500,500,3),997.338939905395,9
143csrpf,0.6,(5500,500,3),1026.7382864,-9
934emxqo,0.3,(5500,500,3),1073.43525272,-8
158wnoig,0.2,(5500,500,3),1119.077201846333,-10
51jxhpc,0.4,(5500,500,3),1139.0574298,-7
485eamol,0.3,(5500,500,3),1276.87710024,8
617htafb,0.9,(5500,500,3),1357.067522761296,-8
8guaeb,0.2,(5500,500,3),1373.668926184656,-7
898tenum,0.2,(5500,500,3),1427.014216653333,10
18umbjt,0.2,(5500,500,3),1527.3679964,-8
510yrczv,0.5,(5500,500,3),1546.423521466667,-8
254mcvkb,0.4,(5500,500,3),1576.292508533333,-8
288jcahw,0.2,(5500,500,3),1692.504977388907,-7
968qfslr,0.5,(5500,500,3),1772.5942246,8
155qzutg,0.3,(5500,500,3),1852.098821323086,8
172ryuct,0.2,(5500,500,3),1965.947684945041,8
155ayhjr,0.3,(5500,500,3),1982.84003504,10
