969xhmwf,0.2,(5500,500,3),187.423244317221,-10
142gwkms,0.2,(5500,500,3),396.539688786667,8
7qptcd,0.1,(5500,500,3),557.895056666667,8
7jdxks,0.4,(5500,500,3),568.57191318963,8
16lkgao,0.2,(5500,500,3),617.734239480922,7
125sihma,1,(5500,500,3),648.340505452826,7
306euqys,0.1,(5500,500,3),731.553603571441,8
221vwxct,0.4,(5500,500,3),791.471800586667,9
221rzpuy,0.2,(5500,500,3),873.561104272805,10
401brqds,0.3,(5500,500,3),892.54161216,-8
196votbj,0.1,(5500,500,3),943.643267585395,8
401aoisn,0.3,(5500,500,3),959.955001190249,-7
143csrpf,0.3,(5500,500,3),967.8969232,-10
934emxqo,0.3,(5500,500,3),1073.43506672,-8
51jxhpc,0.1,(5500,500,3),1086.6994582,-8
158wnoig,0.3,(5500,500,3),1123.942594486333,-10
485eamol,0.3,(5500,500,3),1276.87692724,8
485wstqu,0.3,(5500,500,3),1298.69009944,8
8guaeb,0.2,(5500,500,3),1373.668926184656,-7
898tenum,0.2,(5500,500,3),1427.014056653333,10
18umbjt,0.7,(5500,500,3),1527.1450654,-8
510yrczv,0.5,(5500,500,3),1546.423335466667,-8
254mcvkb,0.3,(5500,500,3),1577.9582344,-8
288jcahw,0.3,(5500,500,3),1696.615395308907,-7
155qzutg,0.2,(5500,500,3),1849.302618656419,8
172ryuct,0.3,(5500,500,3),1968.995545851708,8
155ayhjr,0.2,(5500,500,3),1979.680140026667,10
