454bmaqs,0.2,(5500,3500,3),78.80239865739,-297
403kbuwm,0.2,(5500,3500,3),119.868472316727,-125
756ticzu,0.3,(5500,3500,3),143.341494,124
56mlfek,0.3,(5500,3500,3),146.87829107124,-91
403mhorf,0.3,(5500,3500,3),157.779991945209,-124
747ecnyr,0.3,(5500,3500,3),275.868738,-297
632neiaj,0.3,(5500,3500,3),301.577838649268,-91
747pjbfl,0.1,(5500,3500,3),333.889150840417,296
177rmbcq,0.2,(5500,3500,3),412.047923413465,90
59zipdn,0.2,(5500,3500,3),426.811275,130
886nbxpk,0.3,(5500,3500,3),496.320980112141,-89
886agpvo,0.2,(5500,3500,3),503.068261028011,-89
21qugxf,0.2,(5500,3500,3),715.273128124371,90
492eywzb,0.2,(5500,3500,3),778.184445703315,-89
492ydwek,0.2,(5500,3500,3),873.415080108704,90
434lzvgc,0.8,(5500,3500,3),976.743772,-89
107vqoph,0.5,(5500,3500,3),982.070847,-89
107hroay,0.2,(5500,3500,3),1068.110654304146,90
900whcna,0.3,(5500,3500,3),1084.423395869603,90
