969xhmwf,0.3,(5500,500,3),190.415181170554,-10
142gwkms,0.3,(5500,500,3),400.62183768,8
7qptcd,0.3,(5500,500,3),558.681472,8
7jdxks,0.3,(5500,500,3),564.936849722963,8
16lkgao,0.2,(5500,500,3),617.734239480922,7
221vwxct,0.1,(5500,500,3),718.572897146667,8
306euqys,0.4,(5500,500,3),730.361641971441,8
221rzpuy,0.2,(5500,500,3),873.561104272805,10
401brqds,0.4,(5500,500,3),893.092603546667,-8
196votbj,0.1,(5500,500,3),943.643267585395,8
401aoisn,0.3,(5500,500,3),959.955001190249,-7
934emxqo,0.2,(5500,500,3),1071.289720813333,-8
158wnoig,0.2,(5500,500,3),1119.077201846333,-10
51jxhpc,0.4,(5500,500,3),1139.0569238,-7
485eamol,0.2,(5500,500,3),1278.996518493333,8
485wstqu,0.4,(5500,500,3),1304.086411586667,8
8guaeb,0.3,(5500,500,3),1371.415837757989,-7
898tenum,0.2,(5500,500,3),1427.013736653333,10
18umbjt,0.1,(5500,500,3),1527.0122592,-8
288jcahw,0.2,(5500,500,3),1692.504977388907,-7
968qfslr,0.5,(5500,500,3),1772.5940646,8
155qzutg,0.3,(5500,500,3),1852.098821323086,8
172ryuct,0.2,(5500,500,3),1965.947684945041,8
155ayhjr,0.3,(5500,500,3),1982.83954204,10
