454bmaqs,0.3,(5500,3500,3),82.50518265739,-297
403kbuwm,0.2,(5500,3500,3),119.868472316727,-125
756ticzu,0.3,(5500,3500,3),143.341641,124
56mlfek,0.2,(5500,3500,3),148.17665907124,-91
403mhorf,0.2,(5500,3500,3),153.192471945209,-124
747ecnyr,0.2,(5500,3500,3),271.051989,-297
747pjbfl,0.4,(5500,3500,3),422.255038840417,499
886nbxpk,0.3,(5500,3500,3),496.320980112141,-89
886agpvo,0.2,(5500,3500,3),503.068261028011,-89
177rmbcq,0.1,(5500,3500,3),566.247987413465,-325
492jatsq,0.4,(5500,3500,3),657.94545,130
21qugxf,0.2,(5500,3500,3),715.273128124371,90
492eywzb,0.2,(5500,3500,3),778.184445703315,-89
492ydwek,0.3,(5500,3500,3),877.609384108704,90
503smofv,0.1,(5500,3500,3),946.521625,-375
434toxne,0.3,(5500,3500,3),978.785256070323,-89
107hroay,0.2,(5500,3500,3),981.110654304146,-89
900whcna,0.2,(5500,3500,3),1079.704803869603,90
