969xhmwf,0.3,(5500,500,3),190.415181170554,-10
142gwkms,0.3,(5500,500,3),400.62199768,8
7qptcd,0.3,(5500,500,3),558.681619,8
123egwpk,0.3,(5500,500,3),561.15512716,7
123uwebg,0.6,(5500,500,3),561.31010736,7
16lkgao,0.3,(5500,500,3),623.047024547589,7
221vwxct,0.1,(5500,500,3),718.573057146667,8
306euqys,0.4,(5500,500,3),730.361641971441,8
401yjvsm,0.8,(5500,500,3),777.670027779533,-10
127ricjv,1,(5500,500,3),813.121678266667,8
221rzpuy,0.3,(5500,500,3),876.804699366138,10
196votbj,0.1,(5500,500,3),943.643267585395,8
401aoisn,0.4,(5500,500,3),963.030824123582,-7
934emxqo,0.2,(5500,500,3),1071.289867813333,-8
51jxhpc,0.1,(5500,500,3),1086.6993112,-8
158wnoig,0.3,(5500,500,3),1123.942594486333,-10
617htafb,0.1,(5500,500,3),1253.446761161296,-10
485eamol,0.2,(5500,500,3),1278.996678493333,8
485wstqu,0.3,(5500,500,3),1298.68991344,8
8guaeb,0.3,(5500,500,3),1371.415837757989,-7
898tenum,0.1,(5500,500,3),1424.049921826667,10
254mcvkb,0.3,(5500,500,3),1577.9580744,-8
288jcahw,0.3,(5500,500,3),1696.615395308907,-7
155qzutg,0.2,(5500,500,3),1849.302618656419,8
172ryuct,0.3,(5500,500,3),1968.995545851708,8
155ayhjr,0.2,(5500,500,3),1979.679993026667,10
