497sfzra,0.1,(6500,3500,3),206.800077698225,219
154zfcgx,0.2,(6500,3500,3),249.025784112426,-75
726wlarb,0.2,(6500,3500,3),329.75668682941,75
914bngit,0.3,(6500,3500,3),400.937634026333,-70
492rbdka,0.6,(6500,3500,3),553.050770414201,73
492jatsq,0.1,(6500,3500,3),567.544659842351,73
434misbc,0.3,(6500,3500,3),652.340290804734,-75
434yvgdl,0.2,(6500,3500,3),799.383345302511,73
434lzvgc,0.1,(6500,3500,3),883.84065286886,130
107vqoph,0.1,(6500,3500,3),891.378593824475,130
640gfrjl,0.3,(6500,3500,3),1391.813607254881,578
104wkouc,0.2,(6500,3500,3),1935.677009288711,71
