292kqcvo,0.1,(6500,4500,3),312.382219186321,223
26grzxv,0.3,(6500,4500,3),588.625419888889,222
312wgqcm,0.1,(6500,4500,3),684.438273503149,223
666vbruj,0.3,(6500,4500,3),782.279069,223
497zwiph,0.8,(6500,4500,3),856.677611,223
497xhfwg,0.2,(6500,4500,3),857.198520559345,223
317filyp,0.1,(6500,4500,3),890.036433050746,224
191ylikg,0.3,(6500,4500,3),1008.240817222222,223
191enzhl,0.2,(6500,4500,3),1017.155437342234,223
552lkmew,0.2,(6500,4500,3),1032.545257814815,222
573ryasu,0.4,(6500,4500,3),1112.224430777778,-374
684ecgtx,0.1,(6500,4500,3),1117.817014222222,223
446niwov,0.3,(6500,4500,3),1127.236883408349,223
684vjkrb,0.2,(6500,4500,3),1136.543280558828,223
369bcwna,0.3,(6500,4500,3),1307.532847777778,376
316muhlq,0.2,(6500,4500,3),1386.602223533227,-223
316tdlqa,0.2,(6500,4500,3),1493.71503594015,-222
772ezdsa,0.2,(6500,4500,3),1783.101838481481,-223
