297vowsc,0.1,(6500,4500,3),242.802947444444,-375
292kqcvo,0.3,(6500,4500,3),327.062283186321,223
438lcgyb,0.4,(6500,4500,3),388.975602288518,223
270ztvsq,0.3,(6500,4500,3),495.073833085362,223
26grzxv,0.3,(6500,4500,3),588.624939888889,222
312wgqcm,0.3,(6500,4500,3),696.78816861426,223
202btfql,0.1,(6500,4500,3),752.290670185185,292
666vbruj,0.2,(6500,4500,3),783.938518,223
497xhfwg,0.2,(6500,4500,3),858.198520559345,223
317filyp,0.2,(6500,4500,3),897.221120458154,224
191ylikg,0.2,(6500,4500,3),1007.453751148148,223
191enzhl,0.3,(6500,4500,3),1022.048792008901,223
573ryasu,0.3,(6500,4500,3),1111.913445333333,-374
684ecgtx,0.3,(6500,4500,3),1116.370239666667,223
446niwov,0.2,(6500,4500,3),1123.120251704645,223
684vjkrb,0.3,(6500,4500,3),1136.815256855124,223
503smofv,0.6,(6500,4500,3),1141.970842111111,-224
169vzsqi,0.2,(6500,4500,3),1181.127847148148,13
369bcwna,0.2,(6500,4500,3),1309.036926185185,376
316muhlq,0.3,(6500,4500,3),1386.19462886656,-223
316jwfeu,0.4,(6500,4500,3),1389.037128296296,-223
316tdlqa,0.3,(6500,4500,3),1499.190932829039,-222
106nsbez,0.8,(6500,4500,3),1542.226709666667,-224
772ezdsa,0.3,(6500,4500,3),1788.538406222222,-223
