154zfcgx,0.2,(6500,3500,3),249.025970112426,-75
726wlarb,0.3,(6500,3500,3),334.348084699232,75
914bngit,0.2,(6500,3500,3),397.165242263019,-70
492rbdka,0.2,(6500,3500,3),412.082419804734,-75
59zipdn,0.2,(6500,3500,3),423.981107574199,130
434misbc,0.3,(6500,3500,3),652.340476804734,-75
107uiagj,0.4,(6500,3500,3),658.009117597633,-75
492jatsq,0.1,(6500,3500,3),658.544659842351,130
81mqdhf,0.6,(6500,3500,3),662.544282870297,75
434yvgdl,0.2,(6500,3500,3),799.383345302511,73
434lzvgc,0.1,(6500,3500,3),883.84065286886,130
107vqoph,0.2,(6500,3500,3),896.143720262345,130
640gfrjl,0.2,(6500,3500,3),1388.860221598076,578
663ubtmg,0.1,(6500,3500,3),1868.952347088757,222
104wkouc,0.2,(6500,3500,3),1935.677009288711,71
