292kqcvo,0.3,(6500,4500,3),327.062283186321,223
438lcgyb,0.3,(6500,4500,3),387.354100658888,223
270ztvsq,0.4,(6500,4500,3),499.695334714992,223
26grzxv,0.2,(6500,4500,3),587.702782925926,222
312wgqcm,0.3,(6500,4500,3),696.78816861426,223
666vbruj,0.2,(6500,4500,3),783.938851,223
497xhfwg,0.3,(6500,4500,3),859.033682633419,223
317filyp,0.1,(6500,4500,3),890.036433050746,224
191ylikg,0.1,(6500,4500,3),1007.667485074074,223
191enzhl,0.2,(6500,4500,3),1017.155437342234,223
202czeil,0.5,(6500,4500,3),1031.128725555556,223
684ecgtx,0.3,(6500,4500,3),1118.370559666667,223
446niwov,0.3,(6500,4500,3),1127.236883408349,223
684vjkrb,0.2,(6500,4500,3),1136.543280558828,223
169qgcim,0.1,(6500,4500,3),1292.090136851852,-375
369bcwna,0.3,(6500,4500,3),1307.532674777778,376
316muhlq,0.2,(6500,4500,3),1386.602223533227,-223
316tdlqa,0.2,(6500,4500,3),1493.71503594015,-222
772ezdsa,0.2,(6500,4500,3),1783.101691481481,-223
