727ewxlk,0.2,(6500,500,3),487.355705458544,-385
506ebufa,0.3,(6500,500,3),517.50206492,-384
334yptck,0.1,(6500,500,3),522.06118543219,3
466inzof,0.3,(6500,500,3),576.6449722,3
51krgow,0.1,(6500,500,3),579.478539253333,3
617jobku,0.1,(6500,500,3),683.712203173333,-4
727pzxso,0.3,(6500,500,3),689.976385939018,-3
124wkacl,0.1,(6500,500,3),701.390833247514,-0
240fpuce,0.3,(6500,500,3),766.149690272777,3
8toveg,0.2,(6500,500,3),773.336096211295,3
207cfaxq,0.5,(6500,500,3),831.867758533333,3
637lygpz,0.3,(6500,500,3),917.8346022,3
16mxqjg,0.2,(6500,500,3),933.652562146667,11
949lqafs,0.3,(6500,500,3),946.579656,11
555njlrt,0.2,(6500,500,3),964.482760933333,3
127rpute,0.3,(6500,500,3),1003.14324736,11
815liocv,0.3,(6500,500,3),1100.022297214113,-3
146rujve,0.1,(6500,500,3),1151.48206132,310
196nomip,0.3,(6500,500,3),1226.9049474,-3
555ymlnj,0.1,(6500,500,3),1242.64986593507,-390
293favoy,0.3,(6500,500,3),1423.93784784,0
898tenum,0.3,(6500,500,3),1492.977615859826,11
