727kgidw,0.6,(6500,500,3),479.015536396304,-385
727ewxlk,0.2,(6500,500,3),487.355705458544,-385
506ebufa,0.3,(6500,500,3),517.50153292,-384
466inzof,0.2,(6500,500,3),576.352211133333,3
51krgow,0.1,(6500,500,3),579.477981253333,3
401yjvsm,0.2,(6500,500,3),673.349793413333,-11
727pzxso,0.2,(6500,500,3),698.838005992351,-3
124wkacl,0.3,(6500,500,3),701.736783114181,-0
240fpuce,0.3,(6500,500,3),766.149690272777,3
8toveg,0.2,(6500,500,3),773.336096211295,3
334yptck,0.5,(6500,500,3),802.83840143219,-11
207cfaxq,0.2,(6500,500,3),831.723682813333,3
617jobku,0.1,(6500,500,3),877.711710173333,3
16mxqjg,0.3,(6500,500,3),937.39899372,11
221rzpuy,0.3,(6500,500,3),942.80479728,11
949lqafs,0.3,(6500,500,3),946.579189,11
555njlrt,0.3,(6500,500,3),968.1173444,3
127rpute,0.2,(6500,500,3),998.473069906667,11
815liocv,0.3,(6500,500,3),1100.022297214113,-3
146rujve,0.1,(6500,500,3),1151.48158132,310
196nomip,0.2,(6500,500,3),1228.570340266667,-3
555ymlnj,0.5,(6500,500,3),1282.10480353507,384
293favoy,0.3,(6500,500,3),1423.93730284,0
