276jbfyi,0.1,(7500,4500,3),72.981139582418,-469
578pevcf,0.2,(7500,4500,3),91.585523593407,-469
270wxvjr,0.1,(7500,4500,3),106.87449332967,-469
82jylgc,0.3,(7500,4500,3),246.653267464978,257
26pxydh,0.3,(7500,4500,3),278.633035571429,257
26txuny,0.2,(7500,4500,3),284.273246659341,257
317dwrlt,0.1,(7500,4500,3),299.858677004311,257
356nqhvb,0.6,(7500,4500,3),308.854903736264,225
312smoze,0.3,(7500,4500,3),326.157810281447,-225
82tyxgl,0.2,(7500,4500,3),437.829856622749,-225
243cxdqu,0.3,(7500,4500,3),457.504926285714,257
130wraus,0.1,(7500,4500,3),463.945280076923,18
620hadsx,0.3,(7500,4500,3),528.520925604396,257
362qplgd,0.2,(7500,4500,3),581.095372577859,225
552lkmew,0.2,(7500,4500,3),713.345022934066,257
25tizxu,0.2,(7500,4500,3),729.430190859846,225
202btfql,0.1,(7500,4500,3),750.032529927574,292
663ghtok,0.3,(7500,4500,3),1728.017359626374,-225
