497sfzra,0.1,(7500,2500,3),197.764971664288,219
193frhzj,0.2,(7500,2500,3),211.407352360869,-32
555jdvym,0.2,(7500,2500,3),251.374571642943,-219
990ogeki,0.2,(7500,2500,3),272.539243257555,-220
951alyjk,0.2,(7500,2500,3),333.752897614458,34
31skrhu,0.3,(7500,2500,3),378.332806645793,34
202ofpby,0.5,(7500,2500,3),417.57401009253,219
62ybagw,0.1,(7500,2500,3),491.430424786248,219
36oxplz,0.2,(7500,2500,3),582.883677998081,32
36ofhcm,0.3,(7500,2500,3),596.219221627554,32
309ugnqz,0.2,(7500,2500,3),1230.592686514062,-34
417fenis,0.5,(7500,2500,3),1878.497609843373,-316
417jfxtb,0.3,(7500,2500,3),1971.073884566265,-221
