276jbfyi,0.1,(7500,4500,3),72.980953582418,-469
270wxvjr,0.1,(7500,4500,3),106.87434632967,-469
356nqhvb,0.1,(7500,4500,3),237.570536956044,-226
26pxydh,0.3,(7500,4500,3),278.632888571429,257
26txuny,0.3,(7500,4500,3),287.706897989011,257
317dwrlt,0.2,(7500,4500,3),304.283437268048,257
312smoze,0.2,(7500,4500,3),323.25406135837,-225
82tyxgl,0.2,(7500,4500,3),437.829856622749,-225
243cxdqu,0.3,(7500,4500,3),457.504766285714,257
666fxmiw,0.3,(7500,4500,3),473.18196867033,-225
620hadsx,0.3,(7500,4500,3),528.520752604396,257
360qrmvw,0.5,(7500,4500,3),541.334257186813,225
362qplgd,0.3,(7500,4500,3),585.243585325112,225
552lkmew,0.2,(7500,4500,3),713.344862934066,257
25tizxu,0.5,(7500,4500,3),862.758700046659,-257
663ghtok,0.1,(7500,4500,3),1661.011316208791,-469
