401bocad,0.2,(7500,1500,3),107.890475222789,677
803motfx,0.3,(7500,1500,3),127.463757150654,307
934bcqoz,0.2,(7500,1500,3),172.90048543724,616
416flqpn,0.3,(7500,1500,3),243.031040226523,-308
655jraob,0.2,(7500,1500,3),287.144971079148,-48
466fwvep,0.3,(7500,1500,3),333.756112186813,677
308fbmpx,0.1,(7500,1500,3),404.727926947119,-97
308qrahf,0.2,(7500,1500,3),513.07122332967,98
331kqjnz,0.3,(7500,1500,3),651.124348032585,-306
308oabfi,0.3,(7500,1500,3),736.847990157766,-48
331pyzmt,0.2,(7500,1500,3),861.60989961913,634
198vfekd,0.3,(7500,1500,3),1297.74601789011,1
