334jrgsy,0.2,(7500,500,3),207.392012866163,-2
257wsxfh,0.2,(7500,500,3),294.155038582805,-102
787tzeuc,0.2,(7500,500,3),336.966646,-1
143layxe,0.2,(7500,500,3),426.2457365338,-1
199mskid,0.4,(7500,500,3),487.561397666667,102
936pvnhg,0.3,(7500,500,3),508.27528,567
18rxtjd,0.3,(7500,500,3),803.66937367958,-1
708maibd,0.4,(7500,500,3),814.062067666667,1
708wqbrv,0.1,(7500,500,3),814.420771259245,1
815rgxzo,0.2,(7500,500,3),1652.957258524855,2
127rndjy,0.8,(7500,500,3),1661.834298316246,2
293dqlzm,0.3,(7500,500,3),1771.802162,-102
293pogvt,0.2,(7500,500,3),1773.442293,-102
