270wxvjr,0.1,(7500,3500,3),109.28112160724,-469
31xlygm,0.2,(7500,3500,3),137.413385953271,-450
418fakwh,0.2,(7500,3500,3),168.027619160101,-105
317ptfon,0.2,(7500,3500,3),201.77260413656,-259
82japig,0.3,(7500,3500,3),247.207642345794,257
918xwjfg,0.2,(7500,3500,3),263.420997997304,-259
455decuz,0.3,(7500,3500,3),266.257091945647,-141
26txuny,0.1,(7500,3500,3),283.345414317757,257
560cdynq,0.2,(7500,3500,3),338.54477548595,504
560kfcsy,0.2,(7500,3500,3),354.054682897196,504
107jgqmy,0.2,(7500,3500,3),383.869898794393,141
355kjpdy,0.2,(7500,3500,3),395.637510090671,-105
145oqwju,0.2,(7500,3500,3),396.558306931709,-138
660kjgdn,0.5,(7500,3500,3),602.832374471645,-504
688yqieb,0.2,(7500,3500,3),641.367902934952,138
62ybagw,0.4,(7500,3500,3),673.554690915888,-432
202btfql,0.1,(7500,3500,3),752.343212700935,292
81znfoc,0.1,(7500,3500,3),971.766114602518,103
918dtemj,0.3,(7500,3500,3),1043.51790164486,-293
81gzvom,0.7,(7500,3500,3),1138.126413859813,-141
25fzbta,0.2,(7500,3500,3),1327.576516206971,-450
182wxsme,0.3,(7500,3500,3),1513.081908570093,103
309jzbef,0.3,(7500,3500,3),1553.793962943925,-138
