334jrgsy,0.4,(7500,500,3),212.591202199497,-2
257wsxfh,0.2,(7500,500,3),294.155038582805,-102
787tzeuc,0.2,(7500,500,3),336.966992,-1
143layxe,0.3,(7500,500,3),430.024979200467,-1
936pvnhg,0.3,(7500,500,3),508.275626,567
18rxtjd,0.2,(7500,500,3),801.288232346247,-1
708wqbrv,0.9,(7500,500,3),852.139917925912,2
127rndjy,0.1,(7500,500,3),1617.496292982912,1
306fvbur,0.9,(7500,500,3),1653.995533,2
815rgxzo,0.3,(7500,500,3),1656.124831858188,2
293pogvt,0.2,(7500,500,3),1773.442626,-102
293dqlzm,0.2,(7500,500,3),1773.525206666667,-102
