334jrgsy,0.2,(7500,500,3),207.392012866163,-2
257wsxfh,0.3,(7500,500,3),297.300766582805,-102
787tzeuc,0.2,(7500,500,3),336.966806,-1
199mskid,0.4,(7500,500,3),487.561570666667,102
936pvnhg,0.2,(7500,500,3),507.234079333333,567
18rxtjd,0.2,(7500,500,3),801.288232346247,-1
708xgyot,0.1,(7500,500,3),856.973951138379,2
201bvtkx,0.4,(7500,500,3),992.134396732654,2
198vfekd,0.1,(7500,500,3),1152.751145666667,0
189drgif,0.6,(7500,500,3),1543.963622,-102
815rgxzo,0.2,(7500,500,3),1652.957258524855,2
293pogvt,0.3,(7500,500,3),1773.063919,-102
293dqlzm,0.2,(7500,500,3),1773.525020666667,-102
