497sfzra,0.1,(7500,2500,3),197.764971664288,219
193frhzj,0.2,(7500,2500,3),211.407352360869,-32
555jdvym,0.3,(7500,2500,3),253.90126079957,-219
990ogeki,0.1,(7500,2500,3),267.536398727434,-220
951alyjk,0.3,(7500,2500,3),338.225444421687,34
31skrhu,0.2,(7500,2500,3),373.506830356636,34
202ofpby,0.2,(7500,2500,3),408.553729803373,219
62ybagw,0.2,(7500,2500,3),495.296259195886,219
36oxplz,0.3,(7500,2500,3),581.507519154708,32
36ofhcm,0.2,(7500,2500,3),591.64591425406,32
309ugnqz,0.2,(7500,2500,3),1230.592686514062,-34
417jfxtb,0.2,(7500,2500,3),1971.887174710843,-221
