401bocad,0.3,(7500,1500,3),110.356357244767,677
803motfx,0.2,(7500,1500,3),124.629145106698,307
416flqpn,0.2,(7500,1500,3),239.827698160589,-308
934bcqoz,0.4,(7500,1500,3),278.072644733944,677
655jraob,0.3,(7500,1500,3),289.95653749673,-48
466fwvep,0.3,(7500,1500,3),333.755952186813,677
139juibw,0.3,(7500,1500,3),357.033239031857,-230
308fbmpx,0.1,(7500,1500,3),404.727926947119,-97
308qrahf,0.3,(7500,1500,3),515.836512494505,98
331kqjnz,0.1,(7500,1500,3),563.763755153464,309
308oabfi,0.3,(7500,1500,3),736.847990157766,-48
331pyzmt,0.2,(7500,1500,3),861.60989961913,634
