735qyouf,0.1,(2500,4500,3),91.37768154902,-414
783ekyvw,0.3,(2500,4500,3),155.694796460955,51
212agzik,0.4,(2500,4500,3),278.373802868033,-54
102ezuac,0.2,(2500,4500,3),356.903243254902,51
805dsoqy,0.3,(2500,4500,3),358.511440085621,-53
779adzml,0.3,(2500,4500,3),513.008355762539,55
280gpnjk,0.2,(2500,4500,3),552.046894647059,52
54adpvb,0.4,(2500,4500,3),593.879072436804,122
2dskvu,0.1,(2500,4500,3),713.655072712606,-52
332hxoyi,0.3,(2500,4500,3),736.168594925139,-636
246vhrqw,0.4,(2500,4500,3),818.007647117647,-54
324ymdlw,0.3,(2500,4500,3),1218.600248117647,160
15obfre,0.2,(2500,4500,3),1242.374627236693,55
83tibcq,0.1,(2500,4500,3),1606.340117629654,-55
