133sohgb,0.4,(2500,2500,3),74.681929269655,154
980zhaew,0.2,(2500,2500,3),113.165699286707,399
694wdloe,0.3,(2500,2500,3),317.830374181811,399
519knpac,0.2,(2500,2500,3),356.514353266111,-154
547lfypz,1,(2500,2500,3),506.240358818182,-154
92cjqml,0.3,(2500,2500,3),532.645255181818,151
487tdglx,0.3,(2500,2500,3),754.469497993888,151
218cimhn,0.1,(2500,2500,3),808.213725719547,151
60gfdxi,0.2,(2500,2500,3),872.945296662461,458
126dqtul,0.1,(2500,2500,3),1538.512359272727,-460
946zlhow,0.4,(2500,2500,3),1698.094574674709,-153
