735qyouf,0.4,(2500,4500,3),106.671983196078,-414
783ekyvw,0.2,(2500,4500,3),150.636959284484,51
901aurkf,0.2,(2500,4500,3),181.416463559171,367
805dsoqy,0.2,(2500,4500,3),353.700326673856,-53
102ezuac,0.3,(2500,4500,3),357.138840882353,51
779adzml,0.3,(2500,4500,3),513.008355762539,55
280gpnjk,0.2,(2500,4500,3),552.047041647059,52
333grdnp,0.5,(2500,4500,3),676.269001,52
332hxoyi,0.4,(2500,4500,3),737.529187238865,-636
2dskvu,0.2,(2500,4500,3),926.097906281234,54
324ymdlw,0.4,(2500,4500,3),1216.775136156863,160
15obfre,0.2,(2500,4500,3),1242.374627236693,55
