735qyouf,0.3,(2500,4500,3),101.573622647059,-414
783ekyvw,0.3,(2500,4500,3),155.694796460955,51
212agzik,0.3,(2500,4500,3),276.069241926856,-54
742vloem,0.3,(2500,4500,3),332.822031705882,-121
102ezuac,0.2,(2500,4500,3),356.903070254902,51
805dsoqy,0.3,(2500,4500,3),358.511440085621,-53
779adzml,0.3,(2500,4500,3),463.008355762539,54
280gpnjk,0.1,(2500,4500,3),553.521672823529,52
54adpvb,0.6,(2500,4500,3),592.678886711313,122
2dskvu,0.3,(2500,4500,3),711.540739849861,-52
332hxoyi,0.2,(2500,4500,3),736.808002611414,-636
324ymdlw,0.1,(2500,4500,3),1216.250668039216,160
15obfre,0.2,(2500,4500,3),1242.374627236693,55
83tibcq,0.4,(2500,4500,3),1728.610781159066,-54
