735qyouf,0.2,(2500,4500,3),96.476081098039,-414
783ekyvw,0.2,(2500,4500,3),150.636959284484,51
212agzik,0.3,(2500,4500,3),276.069241926856,-54
805dsoqy,0.2,(2500,4500,3),353.700326673856,-53
102ezuac,0.3,(2500,4500,3),357.139000882353,51
779adzml,0.1,(2500,4500,3),513.576821331166,55
333grdnp,0.5,(2500,4500,3),676.269174,52
332hxoyi,0.1,(2500,4500,3),737.447410297688,-636
280gpnjk,0.4,(2500,4500,3),747.097377294118,-122
2dskvu,0.4,(2500,4500,3),926.983573418489,54
324ymdlw,0.2,(2500,4500,3),1217.425867078431,160
15obfre,0.2,(2500,4500,3),1242.374627236693,55
83tibcq,0.5,(2500,4500,3),1728.367669002203,-54
