29wygxp,0.3,(4500,4500,3),98.490091988235,-21
658hzegu,0.2,(4500,4500,3),102.964383472204,-114
501powqk,0.3,(4500,4500,3),291.800999364706,-20
652xsvgj,0.8,(4500,4500,3),308.797903988235,24
663ksejw,0.2,(4500,4500,3),330.513480913719,114
573hqpbe,0.2,(4500,4500,3),353.965616376471,19
458wahdf,0.3,(4500,4500,3),543.702635155083,-20
452kaubz,0.4,(4500,4500,3),683.547849352941,-21
106fwdnt,0.1,(4500,4500,3),758.714281207787,20
856fruwb,0.6,(4500,4500,3),983.954698752941,20
35jkdiu,0.1,(4500,4500,3),1080.850939188235,20
1xtkcd,0.1,(4500,4500,3),1614.319119164706,-20
84qcdto,0.4,(4500,4500,3),1726.553161097959,25
