658hzegu,0.2,(4500,4500,3),102.964383472204,-114
663ksejw,0.2,(4500,4500,3),330.513480913719,114
12fhtou,0.3,(4500,4500,3),333.857405529412,-20
573hqpbe,0.6,(4500,4500,3),453.598046129412,20
316ujdlz,0.3,(4500,4500,3),457.254700282353,19
904hxgqw,0.5,(4500,4500,3),577.579670647059,19
592tbkaz,0.5,(4500,4500,3),591.915997823529,-429
403czfsk,0.9,(4500,4500,3),678.469421741176,-20
106fwdnt,0.1,(4500,4500,3),758.714281207787,20
71gxmsd,0.5,(4500,4500,3),828.127458352941,-22
250xuvdg,0.8,(4500,4500,3),943.715774435294,429
947usotf,0.5,(4500,4500,3),951.498978882353,19
35jkdiu,0.1,(4500,4500,3),1080.851125188235,20
1xtkcd,0.3,(4500,4500,3),1714.040208494118,-19
84qcdto,0.2,(4500,4500,3),1720.878514509723,25
