189funma,0.1,(4500,500,3),63.724247072289,-211
563yrokx,0.4,(4500,500,3),124.34549286032,-5
147xyqfo,0.3,(4500,500,3),128.045766144309,-176
417frxgn,0.1,(4500,500,3),146.780470769561,-212
217loekf,0.3,(4500,500,3),250.321838563253,-685
16qcuwe,0.5,(4500,500,3),291.145615339313,685
221baomt,0.3,(4500,500,3),427.679804110958,6
603hyncq,0.1,(4500,500,3),644.868166831325,-211
971qnclh,0.4,(4500,500,3),671.514982036145,5
151lfaig,0.3,(4500,500,3),762.385005835657,-685
524hmjkg,0.2,(4500,500,3),809.987637250665,425
144owird,0.5,(4500,500,3),1243.780045481928,684
254anlbr,0.2,(4500,500,3),1646.933289650602,-7
78zsylg,0.3,(4500,500,3),1727.62473086747,212
8rmilt,0.2,(4500,500,3),1728.328795228916,426
884zrhcs,0.2,(4500,500,3),1857.04811714036,-685
