563yrokx,0.3,(4500,500,3),121.187131414536,-5
147xyqfo,0.3,(4500,500,3),128.045766144309,-176
6qvjyh,0.2,(4500,500,3),141.16959773598,-176
217loekf,0.3,(4500,500,3),250.321838563253,-685
320amksd,0.9,(4500,500,3),306.414417180723,684
221baomt,0.2,(4500,500,3),423.258098086862,6
127vjryd,0.2,(4500,500,3),533.408562313253,684
603hyncq,0.1,(4500,500,3),644.868672831325,-211
151lfaig,0.3,(4500,500,3),762.385005835657,-685
524hmjkg,0.2,(4500,500,3),809.987637250665,425
19hbmfe,0.8,(4500,500,3),1223.627809313253,176
8rmilt,0.3,(4500,500,3),1727.079502843373,426
78zsylg,0.2,(4500,500,3),1728.799273578313,212
884zrhcs,0.3,(4500,500,3),1860.888684658432,-685
