658hzegu,0.3,(4500,4500,3),105.801706766322,-114
652xsvgj,0.1,(4500,4500,3),117.610642623529,19
501powqk,0.4,(4500,4500,3),291.539819152941,-20
12fhtou,0.3,(4500,4500,3),333.857552529412,-20
663ksejw,0.3,(4500,4500,3),335.176560066661,114
458wahdf,0.4,(4500,4500,3),543.984061225671,-20
316ujdlz,0.7,(4500,4500,3),558.959596658824,20
250xuvdg,0.2,(4500,4500,3),589.167778858824,401
452kaubz,0.4,(4500,4500,3),683.548022352941,-21
106fwdnt,0.1,(4500,4500,3),758.714281207787,20
856fruwb,0.3,(4500,4500,3),871.444439376471,19
195lktmq,0.6,(4500,4500,3),1291.651771447059,-24
1xtkcd,0.3,(4500,4500,3),1714.040394494118,-19
84qcdto,0.1,(4500,4500,3),1718.041191215606,25
