546vljxg,0.3,(5500,500,3),304.726520482391,-8
142qmcty,0.4,(5500,500,3),387.846701944954,8
328wkgdn,0.3,(5500,500,3),404.862219931648,7
100vjkpb,0.1,(5500,500,3),448.676223278428,-10
7ehbcg,0.3,(5500,500,3),556.595981146789,8
123edmib,0.2,(5500,500,3),562.684092724771,7
293ehdan,0.3,(5500,500,3),598.191925275229,7
125qfsvu,0.3,(5500,500,3),648.400687678628,7
949ipejz,0.4,(5500,500,3),708.931251651376,8
306pjztn,0.2,(5500,500,3),716.403989266055,8
334fkdjb,0.4,(5500,500,3),1129.040645762964,-7
485irzpa,0.3,(5500,500,3),1302.817550293578,8
510upqsg,0.2,(5500,500,3),1618.459009146789,-7
254anlbr,0.2,(5500,500,3),1651.240617027851,-7
242kjvlt,0.3,(5500,500,3),1868.49332491365,9
