546vljxg,0.3,(5500,500,3),304.726520482391,-8
142qmcty,0.3,(5500,500,3),387.420246458716,8
328wkgdn,0.3,(5500,500,3),404.862219931648,7
100vjkpb,0.2,(5500,500,3),455.718036416042,-10
7ehbcg,0.3,(5500,500,3),556.595648146789,8
123edmib,0.2,(5500,500,3),562.683560724771,7
293ehdan,0.3,(5500,500,3),598.191445275229,7
125qfsvu,0.2,(5500,500,3),647.858636449271,7
306pjztn,0.3,(5500,500,3),718.791164899083,8
334fkdjb,0.2,(5500,500,3),1072.188850973973,-8
485irzpa,0.3,(5500,500,3),1302.817109293578,8
510upqsg,0.2,(5500,500,3),1618.458490146789,-7
254anlbr,0.2,(5500,500,3),1651.240617027851,-7
155esgcj,0.5,(5500,500,3),1847.906471055046,8
242kjvlt,0.2,(5500,500,3),1863.029185757687,9
