111rjkvy,0.3,(5500,4500,3),163.052752208938,-375
451mfkog,0.3,(5500,4500,3),177.270030447761,448
402dcubx,0.3,(5500,4500,3),422.845883940299,129
368jvpdl,0.4,(5500,4500,3),471.900772722838,-13
904hxgqw,0.1,(5500,4500,3),728.429785686567,20
913tguqk,0.3,(5500,4500,3),738.623111895522,-14
438jicef,0.2,(5500,4500,3),801.928502760563,-13
270osjct,0.5,(5500,4500,3),862.32840884222,-13
503pmitc,0.1,(5500,4500,3),923.045217402985,-375
178ikvag,0.1,(5500,4500,3),996.60586638806,-375
304wiflu,0.3,(5500,4500,3),1099.521736020044,-13
169jaktv,0.2,(5500,4500,3),1183.043481477612,13
202rkyuf,0.2,(5500,4500,3),1634.979608591203,-210
52ajkif,0.7,(5500,4500,3),1848.388182140706,13
