111rjkvy,0.3,(5500,4500,3),163.052752208938,-375
451mfkog,0.2,(5500,4500,3),173.795484298507,448
429ogdbk,0.5,(5500,4500,3),348.12844858209,-13
180ctdpn,0.2,(5500,4500,3),396.75154061859,374
402dcubx,0.4,(5500,4500,3),421.512993253731,129
368jvpdl,0.4,(5500,4500,3),471.900772722838,-13
403czfsk,0.1,(5500,4500,3),542.573492878491,-25
913tguqk,0.3,(5500,4500,3),738.622951895522,-14
438jicef,0.4,(5500,4500,3),912.321985268025,14
503pmitc,0.1,(5500,4500,3),923.045070402985,-375
710ectar,0.4,(5500,4500,3),968.412310910448,-13
178ikvag,0.1,(5500,4500,3),996.60570638806,-375
169jaktv,0.2,(5500,4500,3),1183.043321477612,13
304wiflu,0.4,(5500,4500,3),1196.37173148273,14
287ylxrp,0.2,(5500,4500,3),1656.464693739533,13
