546vljxg,0.2,(5500,500,3),300.609176188813,-8
142qmcty,0.3,(5500,500,3),387.420406458716,8
328wkgdn,0.2,(5500,500,3),400.437036812382,7
100vjkpb,0.1,(5500,500,3),448.676223278428,-10
7ehbcg,0.3,(5500,500,3),556.595808146789,8
123edmib,0.3,(5500,500,3),562.224819587156,7
293ehdan,0.2,(5500,500,3),596.497063183486,7
125qfsvu,0.3,(5500,500,3),648.400687678628,7
949ipejz,0.3,(5500,500,3),707.582721238532,8
306pjztn,0.2,(5500,500,3),718.403656266055,8
334fkdjb,0.2,(5500,500,3),1072.188850973973,-8
485irzpa,0.2,(5500,500,3),1295.852402862385,8
510upqsg,0.3,(5500,500,3),1617.730879220183,-7
254anlbr,0.2,(5500,500,3),1651.240617027851,-7
242kjvlt,0.2,(5500,500,3),1863.029185757687,9
