546vljxg,0.2,(5500,500,3),300.609176188813,-8
328wkgdn,0.2,(5500,500,3),400.437036812382,7
123edmib,0.3,(5500,500,3),562.225005587156,7
100vjkpb,0.5,(5500,500,3),572.843475828886,-8
293ehdan,0.2,(5500,500,3),596.497236183486,7
125qfsvu,0.2,(5500,500,3),648.858636449271,7
949ipejz,0.3,(5500,500,3),707.582868238532,8
306pjztn,0.3,(5500,500,3),718.791458899083,8
334fkdjb,0.2,(5500,500,3),1072.188850973973,-8
485irzpa,0.2,(5500,500,3),1295.852549862385,8
510upqsg,0.3,(5500,500,3),1617.731039220183,-7
254anlbr,0.2,(5500,500,3),1651.240617027851,-7
155esgcj,0.5,(5500,500,3),1847.906657055046,8
242kjvlt,0.3,(5500,500,3),1868.49332491365,9
