111rjkvy,0.1,(5500,4500,3),154.911300746251,-375
451mfkog,0.3,(5500,4500,3),177.270350447761,448
429ogdbk,0.5,(5500,4500,3),348.12862158209,-13
180ctdpn,0.2,(5500,4500,3),396.75154061859,374
402dcubx,0.3,(5500,4500,3),422.846056940299,129
431renva,0.5,(5500,4500,3),462.732533955224,-13
371euywa,0.5,(5500,4500,3),558.347784373134,-13
368jvpdl,0.1,(5500,4500,3),573.092255946718,14
913tguqk,0.2,(5500,4500,3),736.771811597015,-14
438jicef,0.2,(5500,4500,3),801.928502760563,-13
710ectar,0.6,(5500,4500,3),968.743338865672,-13
503pmitc,0.2,(5500,4500,3),1042.02236080597,-374
304wiflu,0.3,(5500,4500,3),1099.521736020044,-13
178ikvag,0.2,(5500,4500,3),1112.864729776119,-374
169jaktv,0.2,(5500,4500,3),1183.043801477612,13
287ylxrp,0.5,(5500,4500,3),1743.770773261921,-375
