765yexct,0.2,(6500,4500,3),199.684830881473,223
398zdjag,0.3,(6500,4500,3),297.791061094122,223
292qwbga,0.3,(6500,4500,3),320.151445262943,223
25hkfiz,0.1,(6500,4500,3),388.162784630539,-224
651envza,0.2,(6500,4500,3),426.417912872727,223
578dytqe,0.3,(6500,4500,3),489.988084327273,223
317plcrj,0.2,(6500,4500,3),604.018317769697,222
243lnzvr,0.3,(6500,4500,3),777.872929927273,222
497lupxy,0.2,(6500,4500,3),869.048829883031,223
594wbmzx,0.4,(6500,4500,3),953.548617969697,224
503pmitc,0.2,(6500,4500,3),1043.151721551295,-374
552jgvzh,0.3,(6500,4500,3),1046.757214500182,222
130mzcgw,0.3,(6500,4500,3),1122.136210294536,223
