555fjhwm,0.1,(7500,3500,3),87.517515371126,432
26qoyuc,0.2,(7500,3500,3),98.00648122867,142
353kptuj,0.2,(7500,3500,3),132.409111638314,-504
918zdsig,0.3,(7500,3500,3),164.009599235338,142
434kadmp,0.2,(7500,3500,3),171.069064457398,-138
917kxarj,0.2,(7500,3500,3),232.846350285714,450
53ogfvy,0.5,(7500,3500,3),322.249805186297,142
849sjtai,0.9,(7500,3500,3),333.623510244898,140
560fmzdi,0.2,(7500,3500,3),348.393365265306,504
660yxlwv,0.3,(7500,3500,3),491.120061660461,261
191hqfrn,0.1,(7500,3500,3),507.395848142857,257
773pdkqx,0.3,(7500,3500,3),560.249346041094,-504
145acqgu,0.3,(7500,3500,3),739.652688334182,-504
