|||;32460,32460,32460,32460,0,0,0,0,1.052385509824
|||;32460,32460,32460,32460,0,0,0,0,6.052385509824
|||;32460,32460,32460,32460,0,0,0,0,11.052385509824
|||;32460,32460,32460,32460,0,0,0,0,16.052385509824
|||;32460,32460,32460,32460,0,0,0,0,21.052385509824
|||;32460,32460,32460,32460,0,0,0,0,26.052385509824
|||;32460,32460,32460,32460,0,0,0,0,31.052385509824
|||;32460,32460,32460,32460,0,0,0,0,36.052385509824
|||;32460,32460,32460,32460,0,0,0,0,41.052385509824
|||;32460,32460,32460,32460,0,0,0,0,46.052385509824
|||;32460,32460,32460,32460,0,0,0,0,51.052385509824
|||;32460,32460,32460,32460,0,0,0,0,56.052385509824
|||;32460,32460,32460,32460,0,0,0,0,61.052385509824
|||;32460,32460,32460,32460,0,0,0,0,66.052385509824
|||;32460,32460,32460,32460,0,0,0,0,71.052385509824
|||;32460,32460,32460,32460,0,0,0,0,76.052385509824
|||;32460,32460,32460,32460,0,0,0,0,81.052385509824
|||;32460,32460,32460,32460,0,0,0,0,86.052385509824
|||;32460,32460,32460,32460,0,0,0,0,91.052385509824
|||;32460,32460,32460,32460,0,0,0,0,96.052385509824
|||;32460,32460,32460,32460,0,0,0,0,101.052385509824
|||;32460,32460,32460,32460,0,0,0,0,106.052385509824
|||;32460,32460,32460,32460,0,0,0,0,111.052385509824
|||;32460,32460,32460,32460,0,0,0,0,116.052385509824
|||;32460,32460,32460,32460,0,0,0,0,121.052385509824
|||;32460,32460,32460,32460,0,0,0,0,126.052385509824
|||;32460,32460,32460,32460,0,0,0,0,131.052385509824
|||;32460,32460,32460,32460,0,0,0,0,136.052385509824
|||;32460,32460,32460,32460,0,0,0,0,141.052385509824
|||;32460,32460,32460,32460,0,0,0,0,146.052385509824
|||;32460,32460,32460,32460,0,0,0,0,151.052385509824
|||;32460,32460,32460,32460,0,0,0,0,156.052385509824
|||;32460,32460,32460,32460,0,0,0,0,161.052385509824
|||213syvjc(2),;32460,32460,32460,29336.8,0,0,0,25.796473877759,166.052385509824
|||213syvjc(2),;32460,32460,32460,29336.8,0,0,0,20.796473877759,171.052385509824
|||213syvjc(2),;32460,32460,32460,29336.8,0,0,0,15.796473877759,176.052385509824
|||213syvjc(2),;32460,32460,32460,29336.8,0,0,0,10.796473877759,181.052385509824
|||213syvjc(2),;32460,32460,32460,29336.8,0,0,0,5.796473877759,186.052385509824
|||213syvjc(2),;32460,32460,32460,29336.8,0,0,0,0.796473877759,191.052385509824
|||213syvjc(3),;32460,32460,32460,29336.8,0,0,0,0,196.052385509824
|||213syvjc(3),;32460,32460,32460,29336.8,0,0,0,0,201.052385509824
|||213syvjc(3),;32460,32460,32460,29336.8,0,0,0,0,206.052385509824
48iaocu(0),|48iaocu(0),|48iaocu(0),|213syvjc(3),48iaocu(0),;30729.4,29864.2,29864.2,27606.2,14.709841724249,21.910882150915,21.910882150915,14.709841724249,211.052385509824
48iaocu(2),|48iaocu(2),|48iaocu(2),|213syvjc(3),48iaocu(2),;30729.4,29864.2,29864.2,27606.2,9.709841724249,16.910882150915,16.910882150915,9.709841724249,216.052385509824
48iaocu(2),|48iaocu(2),|48iaocu(2),|213syvjc(3),48iaocu(2),;30729.4,29864.2,29864.2,27606.2,4.709841724249,11.910882150915,11.910882150915,4.709841724249,221.052385509824
48iaocu(3),|48iaocu(2),|48iaocu(2),|213syvjc(3),48iaocu(3),;30729.4,29864.2,29864.2,27606.2,0,6.910882150915,6.910882150915,0,226.052385509824
48iaocu(3),|48iaocu(2),|48iaocu(2),|213syvjc(3),48iaocu(3),;30729.4,29864.2,29864.2,27606.2,0,1.910882150915,1.910882150915,0,231.052385509824
48iaocu(3),|48iaocu(3),|48iaocu(3),|213syvjc(3),48iaocu(3),;30729.4,29864.2,29864.2,27606.2,0,0,0,0,236.052385509824
48iaocu(3),|48iaocu(3),|48iaocu(3),|213syvjc(3),48iaocu(3),;30729.4,29864.2,29864.2,27606.2,0,0,0,0,241.052385509824
48iaocu(3),|48iaocu(3),|48iaocu(3),|213syvjc(3),48iaocu(3),;30729.4,29864.2,29864.2,27606.2,0,0,0,0,246.052385509824
48iaocu(3),|48iaocu(3),|48iaocu(3),|213syvjc(3),48iaocu(3),;30729.4,29864.2,29864.2,27606.2,0,0,0,0,251.052385509824
48iaocu(3),|48iaocu(3),|48iaocu(3),|213syvjc(3),48iaocu(3),;30729.4,29864.2,29864.2,27606.2,0,0,0,0,256.052385509824
48iaocu(3),|48iaocu(3),|48iaocu(3),|213syvjc(3),48iaocu(3),;30729.4,29864.2,29864.2,27606.2,0,0,0,0,261.052385509824
48iaocu(3),|48iaocu(3),|48iaocu(3),|213syvjc(3),48iaocu(3),;30729.4,29864.2,29864.2,27606.2,0,0,0,0,266.052385509824
48iaocu(3),|48iaocu(3),|48iaocu(3),|213syvjc(3),48iaocu(3),;30729.4,29864.2,29864.2,27606.2,0,0,0,0,271.052385509824
48iaocu(3),|48iaocu(3),|48iaocu(3),|213syvjc(3),48iaocu(3),;30729.4,29864.2,29864.2,27606.2,0,0,0,0,276.052385509824
48iaocu(3),|48iaocu(3),|48iaocu(3),|213syvjc(3),48iaocu(3),;30729.4,29864.2,29864.2,27606.2,0,0,0,0,281.052385509824
48iaocu(3),|48iaocu(3),|48iaocu(3),|213syvjc(3),48iaocu(3),;30729.4,29864.2,29864.2,27606.2,0,0,0,0,286.052385509824
48iaocu(3),|48iaocu(3),|48iaocu(3),|213syvjc(3),48iaocu(3),;30729.4,29864.2,29864.2,27606.2,0,0,0,0,291.052385509824
48iaocu(3),|48iaocu(3),|48iaocu(3),|48iaocu(3),;30729.4,29864.2,29864.2,30729.4,0,0,0,0,296.052385509824
48iaocu(3),|48iaocu(3),|48iaocu(3),|48iaocu(3),;30729.4,29864.2,29864.2,30729.4,0,0,0,0,301.052385509824
48iaocu(3),|48iaocu(3),|48iaocu(3),|48iaocu(3),;30729.4,29864.2,29864.2,30729.4,0,0,0,0,306.052385509824
48iaocu(3),|48iaocu(3),|48iaocu(3),|48iaocu(3),;30729.4,29864.2,29864.2,30729.4,0,0,0,0,311.052385509824
48iaocu(3),|48iaocu(3),|48iaocu(3),|48iaocu(3),;30729.4,29864.2,29864.2,30729.4,0,0,0,0,316.052385509824
48iaocu(3),|48iaocu(3),|48iaocu(3),|48iaocu(3),;30729.4,29864.2,29864.2,30729.4,0,0,0,0,321.052385509824
48iaocu(3),|48iaocu(3),|48iaocu(3),|48iaocu(3),;30729.4,29864.2,29864.2,30729.4,0,0,0,0,326.052385509824
48iaocu(3),|48iaocu(3),|48iaocu(3),|48iaocu(3),;30729.4,29864.2,29864.2,30729.4,0,0,0,0,331.052385509824
48iaocu(3),|48iaocu(3),|48iaocu(3),|48iaocu(3),;30729.4,29864.2,29864.2,30729.4,0,0,0,0,336.052385509824
48iaocu(3),|48iaocu(3),|48iaocu(3),|48iaocu(3),;30729.4,29864.2,29864.2,30729.4,0,0,0,0,341.052385509824
48iaocu(3),|48iaocu(3),|48iaocu(3),|48iaocu(3),;30729.4,29864.2,29864.2,30729.4,0,0,0,0,346.052385509824
48iaocu(3),|48iaocu(3),|48iaocu(3),|48iaocu(3),;30729.4,29864.2,29864.2,30729.4,0,0,0,0,351.052385509824
48iaocu(3),|48iaocu(3),|48iaocu(3),|48iaocu(3),;30729.4,29864.2,29864.2,30729.4,0,0,0,0,356.052385509824
48iaocu(3),|48iaocu(3),|48iaocu(3),|48iaocu(3),;30729.4,29864.2,29864.2,30729.4,0,0,0,0,361.052385509824
48iaocu(3),|48iaocu(3),|48iaocu(3),|48iaocu(3),;30729.4,29864.2,29864.2,30729.4,0,0,0,0,366.052385509824
48iaocu(3),|48iaocu(3),|48iaocu(3),|48iaocu(3),;30729.4,29864.2,29864.2,30729.4,0,0,0,0,371.052385509824
48iaocu(3),|48iaocu(3),|48iaocu(3),|48iaocu(3),;30729.4,29864.2,29864.2,30729.4,0,0,0,0,376.052385509824
48iaocu(3),|48iaocu(3),|48iaocu(3),|48iaocu(3),;30729.4,29864.2,29864.2,30729.4,0,0,0,0,381.052385509824
48iaocu(3),|48iaocu(3),|48iaocu(3),|48iaocu(3),;30729.4,29864.2,29864.2,30729.4,0,0,0,0,386.052385509824
48iaocu(3),|48iaocu(3),|48iaocu(3),|48iaocu(3),;30729.4,29864.2,29864.2,30729.4,0,0,0,0,391.052385509824
48iaocu(3),|48iaocu(3),|48iaocu(3),|48iaocu(3),;30729.4,29864.2,29864.2,30729.4,0,0,0,0,396.052385509824
48iaocu(3),|48iaocu(3),|48iaocu(3),|48iaocu(3),;30729.4,29864.2,29864.2,30729.4,0,0,0,0,401.052385509824
48iaocu(3),|48iaocu(3),|48iaocu(3),|48iaocu(3),;30729.4,29864.2,29864.2,30729.4,0,0,0,0,406.052385509824
48iaocu(3),|48iaocu(3),|48iaocu(3),|48iaocu(3),;30729.4,29864.2,29864.2,30729.4,0,0,0,0,411.052385509824
|||;32460,32460,32460,32460,0,0,0,0,416.052385509824
|||;32460,32460,32460,32460,0,0,0,0,421.052385509824
|||;32460,32460,32460,32460,0,0,0,0,426.052385509824
|||;32460,32460,32460,32460,0,0,0,0,431.052385509824
|||;32460,32460,32460,32460,0,0,0,0,436.052385509824
|||;32460,32460,32460,32460,0,0,0,0,441.052385509824
|||;32460,32460,32460,32460,0,0,0,0,446.052385509824
|||;32460,32460,32460,32460,0,0,0,0,451.052385509824
|||;32460,32460,32460,32460,0,0,0,0,456.052385509824
|||;32460,32460,32460,32460,0,0,0,0,461.052385509824
|||;32460,32460,32460,32460,0,0,0,0,466.052385509824
|||;32460,32460,32460,32460,0,0,0,0,471.052385509824
|||;32460,32460,32460,32460,0,0,0,0,476.052385509824
|||;32460,32460,32460,32460,0,0,0,0,481.052385509824
|||;32460,32460,32460,32460,0,0,0,0,486.052385509824
|||;32460,32460,32460,32460,0,0,0,0,491.052385509824
|||;32460,32460,32460,32460,0,0,0,0,496.052385509824
|||;32460,32460,32460,32460,0,0,0,0,501.052385509824
|||;32460,32460,32460,32460,0,0,0,0,506.052385509824
|||;32460,32460,32460,32460,0,0,0,0,511.052385509824
|||;32460,32460,32460,32460,0,0,0,0,516.052385509824
|||;32460,32460,32460,32460,0,0,0,0,521.052385509824
|||;32460,32460,32460,32460,0,0,0,0,526.052385509824
|||;32460,32460,32460,32460,0,0,0,0,531.052385509824
|||;32460,32460,32460,32460,0,0,0,0,536.052385509824
|||;32460,32460,32460,32460,0,0,0,0,541.052385509824
|||;32460,32460,32460,32460,0,0,0,0,546.052385509824
|||;32460,32460,32460,32460,0,0,0,0,551.052385509824
|||;32460,32460,32460,32460,0,0,0,0,556.052385509824
|||;32460,32460,32460,32460,0,0,0,0,561.052385509824
|||;32460,32460,32460,32460,0,0,0,0,566.052385509824
|||;32460,32460,32460,32460,0,0,0,0,571.052385509824
|||;32460,32460,32460,32460,0,0,0,0,576.052385509824
|||;32460,32460,32460,32460,0,0,0,0,581.052385509824
|||;32460,32460,32460,32460,0,0,0,0,586.052385509824
|||;32460,32460,32460,32460,0,0,0,0,591.052385509824
|||;32460,32460,32460,32460,0,0,0,0,596.052385509824
|||;32460,32460,32460,32460,0,0,0,0,601.052385509824
73muial(2),|73muial(2),|73muial(2),|73muial(2),;30739.7,30739.7,29019.4,30739.7,10.230533024071,10.230533024071,24.323394464071,10.230533024071,606.052385509824
73muial(2),|73muial(2),|73muial(2),|73muial(2),;30739.7,30739.7,29019.4,30739.7,5.230533024071,5.230533024071,19.323394464071,5.230533024071,611.052385509824
73muial(2),|73muial(2),|73muial(2),|73muial(2),;30739.7,30739.7,29019.4,30739.7,0.230533024071,0.230533024071,14.323394464071,0.230533024071,616.052385509824
73muial(3),|73muial(3),|73muial(2),|73muial(3),;30739.7,30739.7,29019.4,30739.7,0,0,9.323394464071,0,621.052385509824
73muial(3),|73muial(3),|73muial(2),|73muial(3),;30739.7,30739.7,29019.4,30739.7,0,0,4.323394464071,0,626.052385509824
73muial(3),|73muial(3),|73muial(3),|73muial(3),;30739.7,30739.7,29019.4,30739.7,0,0,0,0,631.052385509824
73muial(3),|73muial(3),|73muial(3),|73muial(3),;30739.7,30739.7,29019.4,30739.7,0,0,0,0,636.052385509824
73muial(3),|73muial(3),|73muial(3),|73muial(3),;30739.7,30739.7,29019.4,30739.7,0,0,0,0,641.052385509824
73muial(3),|73muial(3),|73muial(3),|73muial(3),;30739.7,30739.7,29019.4,30739.7,0,0,0,0,646.052385509824
73muial(3),|73muial(3),|73muial(3),|73muial(3),;30739.7,30739.7,29019.4,30739.7,0,0,0,0,651.052385509824
73muial(3),|73muial(3),|73muial(3),|73muial(3),;30739.7,30739.7,29019.4,30739.7,0,0,0,0,656.052385509824
73muial(3),|73muial(3),|73muial(3),|73muial(3),;30739.7,30739.7,29019.4,30739.7,0,0,0,0,661.052385509824
73muial(3),|73muial(3),|73muial(3),|73muial(3),;30739.7,30739.7,29019.4,30739.7,0,0,0,0,666.052385509824
73muial(3),|73muial(3),|73muial(3),|73muial(3),;30739.7,30739.7,29019.4,30739.7,0,0,0,0,671.052385509824
73muial(3),|73muial(3),|73muial(3),|73muial(3),;30739.7,30739.7,29019.4,30739.7,0,0,0,0,676.052385509824
73muial(3),|73muial(3),|73muial(3),|73muial(3),;30739.7,30739.7,29019.4,30739.7,0,0,0,0,681.052385509824
73muial(3),|73muial(3),|73muial(3),|73muial(3),;30739.7,30739.7,29019.4,30739.7,0,0,0,0,686.052385509824
73muial(3),|73muial(3),|73muial(3),|73muial(3),;30739.7,30739.7,29019.4,30739.7,0,0,0,0,691.052385509824
73muial(3),|73muial(3),|73muial(3),|73muial(3),;30739.7,30739.7,29019.4,30739.7,0,0,0,0,696.052385509824
73muial(3),|73muial(3),|73muial(3),|73muial(3),;30739.7,30739.7,29019.4,30739.7,0,0,0,0,701.052385509824
73muial(3),|73muial(3),|73muial(3),|73muial(3),;30739.7,30739.7,29019.4,30739.7,0,0,0,0,706.052385509824
73muial(3),|73muial(3),|73muial(3),|73muial(3),;30739.7,30739.7,29019.4,30739.7,0,0,0,0,711.052385509824
73muial(3),|73muial(3),|73muial(3),|73muial(3),;30739.7,30739.7,29019.4,30739.7,0,0,0,0,716.052385509824
73muial(3),|73muial(3),|73muial(3),|73muial(3),;30739.7,30739.7,29019.4,30739.7,0,0,0,0,721.052385509824
73muial(3),|73muial(3),|73muial(3),|73muial(3),;30739.7,30739.7,29019.4,30739.7,0,0,0,0,726.052385509824
73muial(3),|73muial(3),|73muial(3),|73muial(3),;30739.7,30739.7,29019.4,30739.7,0,0,0,0,731.052385509824
73muial(3),|73muial(3),|73muial(3),|73muial(3),;30739.7,30739.7,29019.4,30739.7,0,0,0,0,736.052385509824
73muial(3),|73muial(3),|73muial(3),|73muial(3),;30739.7,30739.7,29019.4,30739.7,0,0,0,0,741.052385509824
73muial(3),|73muial(3),|73muial(3),|73muial(3),;30739.7,30739.7,29019.4,30739.7,0,0,0,0,746.052385509824
73muial(3),|73muial(3),|73muial(3),|73muial(3),;30739.7,30739.7,29019.4,30739.7,0,0,0,0,751.052385509824
73muial(3),|73muial(3),|73muial(3),|73muial(3),;30739.7,30739.7,29019.4,30739.7,0,0,0,0,756.052385509824
73muial(3),|73muial(3),|73muial(3),|73muial(3),;30739.7,30739.7,29019.4,30739.7,0,0,0,0,761.052385509824
||73muial(3),|;32460,32460,29019.4,32460,0,0,0,0,766.052385509824
||73muial(3),|;32460,32460,29019.4,32460,0,0,0,0,771.052385509824
||73muial(3),|;32460,32460,29019.4,32460,0,0,0,0,776.052385509824
|||;32460,32460,32460,32460,0,0,0,0,781.052385509824
|||;32460,32460,32460,32460,0,0,0,0,786.052385509824
|||;32460,32460,32460,32460,0,0,0,0,791.052385509824
|||;32460,32460,32460,32460,0,0,0,0,796.052385509824
|||;32460,32460,32460,32460,0,0,0,0,801.052385509824
|||;32460,32460,32460,32460,0,0,0,0,806.052385509824
|||;32460,32460,32460,32460,0,0,0,0,811.052385509824
|||;32460,32460,32460,32460,0,0,0,0,816.052385509824
|||;32460,32460,32460,32460,0,0,0,0,821.052385509824
|||;32460,32460,32460,32460,0,0,0,0,826.052385509824
|||;32460,32460,32460,32460,0,0,0,0,831.052385509824
|||;32460,32460,32460,32460,0,0,0,0,836.052385509824
|||;32460,32460,32460,32460,0,0,0,0,841.052385509824
|||;32460,32460,32460,32460,0,0,0,0,846.052385509824
|||;32460,32460,32460,32460,0,0,0,0,851.052385509824
|||;32460,32460,32460,32460,0,0,0,0,856.052385509824
|||;32460,32460,32460,32460,0,0,0,0,861.052385509824
|||;32460,32460,32460,32460,0,0,0,0,866.052385509824
|||;32460,32460,32460,32460,0,0,0,0,871.052385509824
|||;32460,32460,32460,32460,0,0,0,0,876.052385509824
|||;32460,32460,32460,32460,0,0,0,0,881.052385509824
|||;32460,32460,32460,32460,0,0,0,0,886.052385509824
|||;32460,32460,32460,32460,0,0,0,0,891.052385509824
|||;32460,32460,32460,32460,0,0,0,0,896.052385509824
|||;32460,32460,32460,32460,0,0,0,0,901.052385509824
|||;32460,32460,32460,32460,0,0,0,0,906.052385509824
|||;32460,32460,32460,32460,0,0,0,0,911.052385509824
|||;32460,32460,32460,32460,0,0,0,0,916.052385509824
|||;32460,32460,32460,32460,0,0,0,0,921.052385509824
|||;32460,32460,32460,32460,0,0,0,0,926.052385509824
|||;32460,32460,32460,32460,0,0,0,0,931.052385509824
|||;32460,32460,32460,32460,0,0,0,0,936.052385509824
|||;32460,32460,32460,32460,0,0,0,0,941.052385509824
|||;32460,32460,32460,32460,0,0,0,0,946.052385509824
|||;32460,32460,32460,32460,0,0,0,0,951.052385509824
|||;32460,32460,32460,32460,0,0,0,0,956.052385509824
|||;32460,32460,32460,32460,0,0,0,0,961.052385509824
|||;32460,32460,32460,32460,0,0,0,0,966.052385509824
|||;32460,32460,32460,32460,0,0,0,0,971.052385509824
|||;32460,32460,32460,32460,0,0,0,0,976.052385509824
|||;32460,32460,32460,32460,0,0,0,0,981.052385509824
|||;32460,32460,32460,32460,0,0,0,0,986.052385509824
|||;32460,32460,32460,32460,0,0,0,0,991.052385509824
|||;32460,32460,32460,32460,0,0,0,0,996.052385509824
|||;32460,32460,32460,32460,0,0,0,0,1001.052385509824
|||;32460,32460,32460,32460,0,0,0,0,1006.052385509824
|||;32460,32460,32460,32460,0,0,0,0,1011.052385509824
|||;32460,32460,32460,32460,0,0,0,0,1016.052385509824
|||;32460,32460,32460,32460,0,0,0,0,1021.052385509824
|||;32460,32460,32460,32460,0,0,0,0,1026.052385509824
|||;32460,32460,32460,32460,0,0,0,0,1031.052385509824
|||;32460,32460,32460,32460,0,0,0,0,1036.052385509824
|||;32460,32460,32460,32460,0,0,0,0,1041.052385509824
|||;32460,32460,32460,32460,0,0,0,0,1046.052385509824
|||;32460,32460,32460,32460,0,0,0,0,1051.052385509824
|||;32460,32460,32460,32460,0,0,0,0,1056.052385509824
|||;32460,32460,32460,32460,0,0,0,0,1061.052385509824
436wkigs(2),|436wkigs(2),|436wkigs(2),|436wkigs(2),;29772,30668,30668,29772,17.853933140344,10.280567807011,10.280567807011,17.853933140344,1066.052385509824
436wkigs(2),|436wkigs(2),|436wkigs(2),|436wkigs(2),;29772,30668,30668,29772,12.853933140344,5.280567807011,5.280567807011,12.853933140344,1071.052385509824
436wkigs(2),|436wkigs(3),|436wkigs(3),|436wkigs(2),;29772,30668,30668,29772,7.853933140344,0.280567807011,0.280567807011,7.853933140344,1076.052385509824
436wkigs(2),|436wkigs(3),|436wkigs(3),|436wkigs(2),;29772,30668,30668,29772,2.853933140344,0,0,2.853933140344,1081.052385509824
436wkigs(3),|436wkigs(3),|436wkigs(3),|436wkigs(3),;29772,30668,30668,29772,0,0,0,0,1086.052385509824
436wkigs(3),|436wkigs(3),|436wkigs(3),|436wkigs(3),;29772,30668,30668,29772,0,0,0,0,1091.052385509824
436wkigs(3),|436wkigs(3),|436wkigs(3),|436wkigs(3),;29772,30668,30668,29772,0,0,0,0,1096.052385509824
436wkigs(3),|436wkigs(3),|436wkigs(3),|436wkigs(3),;29772,30668,30668,29772,0,0,0,0,1101.052385509824
436wkigs(3),|436wkigs(3),|436wkigs(3),|436wkigs(3),;29772,30668,30668,29772,0,0,0,0,1106.052385509824
436wkigs(3),|436wkigs(3),|436wkigs(3),|436wkigs(3),;29772,30668,30668,29772,0,0,0,0,1111.052385509824
436wkigs(3),|436wkigs(3),|436wkigs(3),|436wkigs(3),;29772,30668,30668,29772,0,0,0,0,1116.052385509824
436wkigs(3),|436wkigs(3),|436wkigs(3),|436wkigs(3),;29772,30668,30668,29772,0,0,0,0,1121.052385509824
436wkigs(3),|436wkigs(3),|436wkigs(3),|436wkigs(3),;29772,30668,30668,29772,0,0,0,0,1126.052385509824
436wkigs(3),|436wkigs(3),|436wkigs(3),|436wkigs(3),;29772,30668,30668,29772,0,0,0,0,1131.052385509824
436wkigs(3),74mdyos(0),|436wkigs(3),74mdyos(0),|436wkigs(3),74mdyos(0),|436wkigs(3),74mdyos(0),;26991.8,27887.8,28814.6,27918.6,26.167833456944,26.167833456944,18.455476550278,18.455476550278,1136.052385509824
436wkigs(3),74mdyos(2),|436wkigs(3),74mdyos(2),|436wkigs(3),74mdyos(2),|436wkigs(3),74mdyos(2),;26991.8,27887.8,28814.6,27918.6,21.167833456944,21.167833456944,13.455476550278,13.455476550278,1141.052385509824
436wkigs(3),74mdyos(2),|436wkigs(3),74mdyos(2),|436wkigs(3),74mdyos(2),|436wkigs(3),74mdyos(2),;26991.8,27887.8,28814.6,27918.6,16.167833456944,16.167833456944,8.455476550278,8.455476550278,1146.052385509824
436wkigs(3),74mdyos(2),|436wkigs(3),74mdyos(2),|436wkigs(3),74mdyos(2),|436wkigs(3),74mdyos(2),;26991.8,27887.8,28814.6,27918.6,11.167833456944,11.167833456944,3.455476550278,3.455476550278,1151.052385509824
436wkigs(3),74mdyos(2),|436wkigs(3),74mdyos(2),|436wkigs(3),74mdyos(3),|436wkigs(3),74mdyos(3),;26991.8,27887.8,28814.6,27918.6,6.167833456944,6.167833456944,0,0,1156.052385509824
436wkigs(3),74mdyos(2),|436wkigs(3),74mdyos(2),|436wkigs(3),74mdyos(3),|436wkigs(3),74mdyos(3),;26991.8,27887.8,28814.6,27918.6,1.167833456944,1.167833456944,0,0,1161.052385509824
436wkigs(3),74mdyos(3),|436wkigs(3),74mdyos(3),|436wkigs(3),74mdyos(3),|436wkigs(3),74mdyos(3),;26991.8,27887.8,28814.6,27918.6,0,0,0,0,1166.052385509824
436wkigs(3),74mdyos(3),|436wkigs(3),74mdyos(3),|436wkigs(3),74mdyos(3),|436wkigs(3),74mdyos(3),;26991.8,27887.8,28814.6,27918.6,0,0,0,0,1171.052385509824
436wkigs(3),74mdyos(3),|436wkigs(3),74mdyos(3),|436wkigs(3),74mdyos(3),|436wkigs(3),74mdyos(3),;26991.8,27887.8,28814.6,27918.6,0,0,0,0,1176.052385509824
436wkigs(3),74mdyos(3),|436wkigs(3),74mdyos(3),|436wkigs(3),74mdyos(3),|436wkigs(3),74mdyos(3),;26991.8,27887.8,28814.6,27918.6,0,0,0,0,1181.052385509824
436wkigs(3),74mdyos(3),|436wkigs(3),74mdyos(3),|436wkigs(3),74mdyos(3),|436wkigs(3),74mdyos(3),;26991.8,27887.8,28814.6,27918.6,0,0,0,0,1186.052385509824
436wkigs(3),74mdyos(3),|436wkigs(3),74mdyos(3),|436wkigs(3),74mdyos(3),|436wkigs(3),74mdyos(3),;26991.8,27887.8,28814.6,27918.6,0,0,0,0,1191.052385509824
436wkigs(3),74mdyos(3),|436wkigs(3),74mdyos(3),|436wkigs(3),74mdyos(3),|436wkigs(3),74mdyos(3),;26991.8,27887.8,28814.6,27918.6,0,0,0,0,1196.052385509824
436wkigs(3),74mdyos(3),|436wkigs(3),74mdyos(3),|436wkigs(3),74mdyos(3),|436wkigs(3),74mdyos(3),;26991.8,27887.8,28814.6,27918.6,0,0,0,0,1201.052385509824
436wkigs(3),74mdyos(3),|436wkigs(3),74mdyos(3),|436wkigs(3),74mdyos(3),|436wkigs(3),74mdyos(3),;26991.8,27887.8,28814.6,27918.6,0,0,0,0,1206.052385509824
436wkigs(3),74mdyos(3),|436wkigs(3),74mdyos(3),|436wkigs(3),74mdyos(3),|436wkigs(3),74mdyos(3),;26991.8,27887.8,28814.6,27918.6,0,0,0,0,1211.052385509824
436wkigs(3),74mdyos(3),436bosxy(2),|436wkigs(3),74mdyos(3),436bosxy(2),|436wkigs(3),74mdyos(3),436bosxy(2),|436wkigs(3),74mdyos(3),436bosxy(2),;25834.7,26730.7,27078.9,26182.9,9.679535185091,9.679535185091,14.494432038424,14.494432038424,1216.052385509824
436wkigs(3),74mdyos(3),436bosxy(2),|436wkigs(3),74mdyos(3),436bosxy(2),|436wkigs(3),74mdyos(3),436bosxy(2),|436wkigs(3),74mdyos(3),436bosxy(2),;25834.7,26730.7,27078.9,26182.9,4.679535185091,4.679535185091,9.494432038424,9.494432038424,1221.052385509824
436wkigs(3),74mdyos(3),436bosxy(3),|436wkigs(3),74mdyos(3),436bosxy(3),|436wkigs(3),74mdyos(3),436bosxy(2),|436wkigs(3),74mdyos(3),436bosxy(2),;25834.7,26730.7,27078.9,26182.9,0,0,4.494432038424,4.494432038424,1226.052385509824
436wkigs(3),74mdyos(3),436bosxy(3),|436wkigs(3),74mdyos(3),436bosxy(3),|436wkigs(3),74mdyos(3),436bosxy(3),|436wkigs(3),74mdyos(3),436bosxy(3),;25834.7,26730.7,27078.9,26182.9,0,0,0,0,1231.052385509824
436wkigs(3),74mdyos(3),436bosxy(3),|436wkigs(3),74mdyos(3),436bosxy(3),|436wkigs(3),74mdyos(3),436bosxy(3),|436wkigs(3),74mdyos(3),436bosxy(3),;25834.7,26730.7,27078.9,26182.9,0,0,0,0,1236.052385509824
436wkigs(3),74mdyos(3),436bosxy(3),|436wkigs(3),74mdyos(3),436bosxy(3),|436wkigs(3),74mdyos(3),436bosxy(3),|436wkigs(3),74mdyos(3),436bosxy(3),;25834.7,26730.7,27078.9,26182.9,0,0,0,0,1241.052385509824
436wkigs(3),74mdyos(3),436bosxy(3),|436wkigs(3),74mdyos(3),436bosxy(3),|436wkigs(3),74mdyos(3),436bosxy(3),|436wkigs(3),74mdyos(3),436bosxy(3),;25834.7,26730.7,27078.9,26182.9,0,0,0,0,1246.052385509824
436wkigs(3),74mdyos(3),436bosxy(3),|436wkigs(3),74mdyos(3),436bosxy(3),|436wkigs(3),74mdyos(3),436bosxy(3),|436wkigs(3),74mdyos(3),436bosxy(3),;25834.7,26730.7,27078.9,26182.9,0,0,0,0,1251.052385509824
436wkigs(3),74mdyos(3),436bosxy(3),|436wkigs(3),74mdyos(3),436bosxy(3),|436wkigs(3),74mdyos(3),436bosxy(3),|436wkigs(3),74mdyos(3),436bosxy(3),;25834.7,26730.7,27078.9,26182.9,0,0,0,0,1256.052385509824
436wkigs(3),74mdyos(3),436bosxy(3),|436wkigs(3),74mdyos(3),436bosxy(3),|436wkigs(3),74mdyos(3),436bosxy(3),|436wkigs(3),74mdyos(3),436bosxy(3),;25834.7,26730.7,27078.9,26182.9,0,0,0,0,1261.052385509824
436wkigs(3),74mdyos(3),436bosxy(3),|436wkigs(3),74mdyos(3),436bosxy(3),|436wkigs(3),74mdyos(3),436bosxy(3),|436wkigs(3),74mdyos(3),436bosxy(3),;25834.7,26730.7,27078.9,26182.9,0,0,0,0,1266.052385509824
436wkigs(3),74mdyos(3),436bosxy(3),|436wkigs(3),74mdyos(3),436bosxy(3),|436wkigs(3),74mdyos(3),436bosxy(3),|436wkigs(3),74mdyos(3),436bosxy(3),;25834.7,26730.7,27078.9,26182.9,0,0,0,0,1271.052385509824
436wkigs(3),74mdyos(3),436bosxy(3),|436wkigs(3),74mdyos(3),436bosxy(3),|436wkigs(3),74mdyos(3),436bosxy(3),|436wkigs(3),74mdyos(3),436bosxy(3),;25834.7,26730.7,27078.9,26182.9,0,0,0,0,1276.052385509824
436wkigs(3),74mdyos(3),436bosxy(3),|436wkigs(3),74mdyos(3),436bosxy(3),|436wkigs(3),74mdyos(3),436bosxy(3),|436wkigs(3),74mdyos(3),436bosxy(3),;25834.7,26730.7,27078.9,26182.9,0,0,0,0,1281.052385509824
436wkigs(3),74mdyos(3),436bosxy(3),|436wkigs(3),74mdyos(3),436bosxy(3),|436wkigs(3),74mdyos(3),436bosxy(3),|436wkigs(3),74mdyos(3),436bosxy(3),;25834.7,26730.7,27078.9,26182.9,0,0,0,0,1286.052385509824
436wkigs(3),74mdyos(3),436bosxy(3),|436wkigs(3),74mdyos(3),436bosxy(3),|436wkigs(3),74mdyos(3),436bosxy(3),|436wkigs(3),74mdyos(3),436bosxy(3),;25834.7,26730.7,27078.9,26182.9,0,0,0,0,1291.052385509824
436wkigs(3),74mdyos(3),436bosxy(3),|436wkigs(3),74mdyos(3),436bosxy(3),|436wkigs(3),74mdyos(3),436bosxy(3),|436wkigs(3),74mdyos(3),436bosxy(3),;25834.7,26730.7,27078.9,26182.9,0,0,0,0,1296.052385509824
436wkigs(3),74mdyos(3),436bosxy(3),|436wkigs(3),74mdyos(3),436bosxy(3),|436wkigs(3),74mdyos(3),436bosxy(3),|436wkigs(3),74mdyos(3),436bosxy(3),;25834.7,26730.7,27078.9,26182.9,0,0,0,0,1301.052385509824
436wkigs(3),74mdyos(3),436bosxy(3),|436wkigs(3),74mdyos(3),436bosxy(3),|436wkigs(3),74mdyos(3),436bosxy(3),|436wkigs(3),74mdyos(3),436bosxy(3),;25834.7,26730.7,27078.9,26182.9,0,0,0,0,1306.052385509824
436wkigs(3),74mdyos(3),436bosxy(3),|436wkigs(3),74mdyos(3),436bosxy(3),|436wkigs(3),74mdyos(3),436bosxy(3),|436wkigs(3),74mdyos(3),436bosxy(3),;25834.7,26730.7,27078.9,26182.9,0,0,0,0,1311.052385509824
436wkigs(3),74mdyos(3),436bosxy(3),|436wkigs(3),74mdyos(3),436bosxy(3),|436wkigs(3),74mdyos(3),436bosxy(3),|436wkigs(3),74mdyos(3),436bosxy(3),;25834.7,26730.7,27078.9,26182.9,0,0,0,0,1316.052385509824
436wkigs(3),74mdyos(3),436bosxy(3),|436wkigs(3),74mdyos(3),436bosxy(3),|436wkigs(3),74mdyos(3),436bosxy(3),|436wkigs(3),74mdyos(3),436bosxy(3),;25834.7,26730.7,27078.9,26182.9,0,0,0,0,1321.052385509824
436wkigs(3),74mdyos(3),436bosxy(3),|436wkigs(3),74mdyos(3),436bosxy(3),|436wkigs(3),74mdyos(3),436bosxy(3),|436wkigs(3),74mdyos(3),436bosxy(3),;25834.7,26730.7,27078.9,26182.9,0,0,0,0,1326.052385509824
436wkigs(3),74mdyos(3),436bosxy(3),|436wkigs(3),74mdyos(3),436bosxy(3),|436wkigs(3),74mdyos(3),436bosxy(3),|436wkigs(3),74mdyos(3),436bosxy(3),;25834.7,26730.7,27078.9,26182.9,0,0,0,0,1331.052385509824
436wkigs(3),74mdyos(3),436bosxy(3),|436wkigs(3),74mdyos(3),436bosxy(3),|436wkigs(3),74mdyos(3),436bosxy(3),|436wkigs(3),74mdyos(3),436bosxy(3),;25834.7,26730.7,27078.9,26182.9,0,0,0,0,1336.052385509824
436wkigs(3),74mdyos(3),436bosxy(3),|436wkigs(3),74mdyos(3),436bosxy(3),|436wkigs(3),74mdyos(3),436bosxy(3),|436wkigs(3),74mdyos(3),436bosxy(3),;25834.7,26730.7,27078.9,26182.9,0,0,0,0,1341.052385509824
436wkigs(3),74mdyos(3),436bosxy(3),|436wkigs(3),74mdyos(3),436bosxy(3),|436wkigs(3),74mdyos(3),436bosxy(3),|436wkigs(3),74mdyos(3),436bosxy(3),;25834.7,26730.7,27078.9,26182.9,0,0,0,0,1346.052385509824
436wkigs(3),74mdyos(3),436bosxy(3),|436wkigs(3),74mdyos(3),436bosxy(3),|436wkigs(3),74mdyos(3),436bosxy(3),|436wkigs(3),74mdyos(3),436bosxy(3),;25834.7,26730.7,27078.9,26182.9,0,0,0,0,1351.052385509824
436wkigs(3),74mdyos(3),436bosxy(3),|436wkigs(3),74mdyos(3),436bosxy(3),|436wkigs(3),74mdyos(3),436bosxy(3),|436wkigs(3),74mdyos(3),436bosxy(3),;25834.7,26730.7,27078.9,26182.9,0,0,0,0,1356.052385509824
436wkigs(3),74mdyos(3),436bosxy(3),|436wkigs(3),74mdyos(3),436bosxy(3),|436wkigs(3),74mdyos(3),436bosxy(3),|436wkigs(3),74mdyos(3),436bosxy(3),;25834.7,26730.7,27078.9,26182.9,0,0,0,0,1361.052385509824
436wkigs(3),74mdyos(3),436bosxy(3),|436wkigs(3),74mdyos(3),436bosxy(3),|436wkigs(3),74mdyos(3),436bosxy(3),|436wkigs(3),74mdyos(3),436bosxy(3),;25834.7,26730.7,27078.9,26182.9,0,0,0,0,1366.052385509824
436wkigs(3),74mdyos(3),436bosxy(3),|436wkigs(3),74mdyos(3),436bosxy(3),|436wkigs(3),74mdyos(3),436bosxy(3),|436wkigs(3),74mdyos(3),436bosxy(3),;25834.7,26730.7,27078.9,26182.9,0,0,0,0,1371.052385509824
436wkigs(3),74mdyos(3),436bosxy(3),|436wkigs(3),74mdyos(3),436bosxy(3),|436wkigs(3),74mdyos(3),436bosxy(3),|436wkigs(3),74mdyos(3),436bosxy(3),;25834.7,26730.7,27078.9,26182.9,0,0,0,0,1376.052385509824
436wkigs(3),74mdyos(3),436bosxy(3),|436wkigs(3),74mdyos(3),436bosxy(3),|436wkigs(3),74mdyos(3),436bosxy(3),|436wkigs(3),74mdyos(3),436bosxy(3),;25834.7,26730.7,27078.9,26182.9,0,0,0,0,1381.052385509824
436wkigs(3),74mdyos(3),436bosxy(3),|436wkigs(3),74mdyos(3),436bosxy(3),|436wkigs(3),74mdyos(3),436bosxy(3),|436wkigs(3),74mdyos(3),436bosxy(3),;25834.7,26730.7,27078.9,26182.9,0,0,0,0,1386.052385509824
436wkigs(3),74mdyos(3),436bosxy(3),|436wkigs(3),74mdyos(3),436bosxy(3),|436wkigs(3),74mdyos(3),436bosxy(3),|436wkigs(3),74mdyos(3),436bosxy(3),;25834.7,26730.7,27078.9,26182.9,0,0,0,0,1391.052385509824
436wkigs(3),74mdyos(3),436bosxy(3),|436wkigs(3),74mdyos(3),436bosxy(3),|436wkigs(3),74mdyos(3),436bosxy(3),|436wkigs(3),74mdyos(3),436bosxy(3),;25834.7,26730.7,27078.9,26182.9,0,0,0,0,1396.052385509824
436wkigs(3),74mdyos(3),436bosxy(3),|436wkigs(3),74mdyos(3),436bosxy(3),|436wkigs(3),74mdyos(3),436bosxy(3),|436wkigs(3),74mdyos(3),436bosxy(3),;25834.7,26730.7,27078.9,26182.9,0,0,0,0,1401.052385509824
436wkigs(3),74mdyos(3),436bosxy(3),|436wkigs(3),74mdyos(3),436bosxy(3),|436wkigs(3),74mdyos(3),436bosxy(3),|436wkigs(3),74mdyos(3),436bosxy(3),;25834.7,26730.7,27078.9,26182.9,0,0,0,0,1406.052385509824
436wkigs(3),74mdyos(3),436bosxy(3),|436wkigs(3),74mdyos(3),436bosxy(3),|436wkigs(3),74mdyos(3),436bosxy(3),|436wkigs(3),74mdyos(3),436bosxy(3),;25834.7,26730.7,27078.9,26182.9,0,0,0,0,1411.052385509824
436wkigs(3),74mdyos(3),436bosxy(3),|436wkigs(3),74mdyos(3),436bosxy(3),|436wkigs(3),74mdyos(3),436bosxy(3),|436wkigs(3),74mdyos(3),436bosxy(3),;25834.7,26730.7,27078.9,26182.9,0,0,0,0,1416.052385509824
436wkigs(3),74mdyos(3),436bosxy(3),|436wkigs(3),74mdyos(3),436bosxy(3),|436wkigs(3),74mdyos(3),436bosxy(3),|436wkigs(3),74mdyos(3),436bosxy(3),;25834.7,26730.7,27078.9,26182.9,0,0,0,0,1421.052385509824
436wkigs(3),74mdyos(3),436bosxy(3),|436wkigs(3),74mdyos(3),436bosxy(3),|436wkigs(3),74mdyos(3),436bosxy(3),|436wkigs(3),74mdyos(3),436bosxy(3),;25834.7,26730.7,27078.9,26182.9,0,0,0,0,1426.052385509824
436wkigs(3),74mdyos(3),436bosxy(3),|436wkigs(3),74mdyos(3),436bosxy(3),|436wkigs(3),74mdyos(3),436bosxy(3),|436wkigs(3),74mdyos(3),436bosxy(3),;25834.7,26730.7,27078.9,26182.9,0,0,0,0,1431.052385509824
436wkigs(3),74mdyos(3),436bosxy(3),|436wkigs(3),74mdyos(3),436bosxy(3),|436wkigs(3),74mdyos(3),436bosxy(3),|436wkigs(3),74mdyos(3),436bosxy(3),;25834.7,26730.7,27078.9,26182.9,0,0,0,0,1436.052385509824
436wkigs(3),74mdyos(3),436bosxy(3),|436wkigs(3),74mdyos(3),436bosxy(3),|436wkigs(3),74mdyos(3),436bosxy(3),|436wkigs(3),74mdyos(3),436bosxy(3),;25834.7,26730.7,27078.9,26182.9,0,0,0,0,1441.052385509824
436wkigs(3),74mdyos(3),436bosxy(3),|436wkigs(3),74mdyos(3),436bosxy(3),|436wkigs(3),74mdyos(3),436bosxy(3),|436wkigs(3),74mdyos(3),436bosxy(3),;25834.7,26730.7,27078.9,26182.9,0,0,0,0,1446.052385509824
74mdyos(3),436bosxy(3),|74mdyos(3),436bosxy(3),|74mdyos(3),436bosxy(3),|74mdyos(3),436bosxy(3),;28522.7,28522.7,28870.9,28870.9,0,0,0,0,1451.052385509824
74mdyos(3),436bosxy(3),|74mdyos(3),436bosxy(3),|74mdyos(3),436bosxy(3),|74mdyos(3),436bosxy(3),;28522.7,28522.7,28870.9,28870.9,0,0,0,0,1456.052385509824
74mdyos(3),436bosxy(3),|74mdyos(3),436bosxy(3),|74mdyos(3),436bosxy(3),|74mdyos(3),436bosxy(3),;28522.7,28522.7,28870.9,28870.9,0,0,0,0,1461.052385509824
74mdyos(3),436bosxy(3),|74mdyos(3),436bosxy(3),|74mdyos(3),436bosxy(3),|74mdyos(3),436bosxy(3),;28522.7,28522.7,28870.9,28870.9,0,0,0,0,1466.052385509824
74mdyos(3),436bosxy(3),|74mdyos(3),436bosxy(3),|74mdyos(3),436bosxy(3),|74mdyos(3),436bosxy(3),;28522.7,28522.7,28870.9,28870.9,0,0,0,0,1471.052385509824
74mdyos(3),436bosxy(3),|74mdyos(3),436bosxy(3),|74mdyos(3),436bosxy(3),|74mdyos(3),436bosxy(3),;28522.7,28522.7,28870.9,28870.9,0,0,0,0,1476.052385509824
74mdyos(3),436bosxy(3),|74mdyos(3),436bosxy(3),|74mdyos(3),436bosxy(3),|74mdyos(3),436bosxy(3),;28522.7,28522.7,28870.9,28870.9,0,0,0,0,1481.052385509824
74mdyos(3),436bosxy(3),|74mdyos(3),436bosxy(3),|74mdyos(3),436bosxy(3),|74mdyos(3),436bosxy(3),;28522.7,28522.7,28870.9,28870.9,0,0,0,0,1486.052385509824
74mdyos(3),436bosxy(3),|74mdyos(3),436bosxy(3),|74mdyos(3),436bosxy(3),|74mdyos(3),436bosxy(3),;28522.7,28522.7,28870.9,28870.9,0,0,0,0,1491.052385509824
74mdyos(3),436bosxy(3),|74mdyos(3),436bosxy(3),|74mdyos(3),436bosxy(3),|74mdyos(3),436bosxy(3),;28522.7,28522.7,28870.9,28870.9,0,0,0,0,1496.052385509824
74mdyos(3),436bosxy(3),|74mdyos(3),436bosxy(3),|74mdyos(3),436bosxy(3),|74mdyos(3),436bosxy(3),;28522.7,28522.7,28870.9,28870.9,0,0,0,0,1501.052385509824
74mdyos(3),436bosxy(3),|74mdyos(3),436bosxy(3),|74mdyos(3),436bosxy(3),|74mdyos(3),436bosxy(3),;28522.7,28522.7,28870.9,28870.9,0,0,0,0,1506.052385509824
74mdyos(3),436bosxy(3),|74mdyos(3),436bosxy(3),|74mdyos(3),436bosxy(3),|74mdyos(3),436bosxy(3),;28522.7,28522.7,28870.9,28870.9,0,0,0,0,1511.052385509824
74mdyos(3),436bosxy(3),|74mdyos(3),436bosxy(3),|74mdyos(3),436bosxy(3),|74mdyos(3),436bosxy(3),;28522.7,28522.7,28870.9,28870.9,0,0,0,0,1516.052385509824
74mdyos(3),436bosxy(3),|74mdyos(3),436bosxy(3),|74mdyos(3),436bosxy(3),|74mdyos(3),436bosxy(3),;28522.7,28522.7,28870.9,28870.9,0,0,0,0,1521.052385509824
74mdyos(3),436bosxy(3),|74mdyos(3),436bosxy(3),|74mdyos(3),436bosxy(3),|74mdyos(3),436bosxy(3),;28522.7,28522.7,28870.9,28870.9,0,0,0,0,1526.052385509824
74mdyos(3),436bosxy(3),|74mdyos(3),436bosxy(3),|74mdyos(3),436bosxy(3),|74mdyos(3),436bosxy(3),;28522.7,28522.7,28870.9,28870.9,0,0,0,0,1531.052385509824
74mdyos(3),436bosxy(3),|74mdyos(3),436bosxy(3),|74mdyos(3),436bosxy(3),|74mdyos(3),436bosxy(3),;28522.7,28522.7,28870.9,28870.9,0,0,0,0,1536.052385509824
74mdyos(3),436bosxy(3),|74mdyos(3),436bosxy(3),|74mdyos(3),436bosxy(3),|74mdyos(3),436bosxy(3),;28522.7,28522.7,28870.9,28870.9,0,0,0,0,1541.052385509824
74mdyos(3),436bosxy(3),|74mdyos(3),436bosxy(3),|74mdyos(3),436bosxy(3),|74mdyos(3),436bosxy(3),;28522.7,28522.7,28870.9,28870.9,0,0,0,0,1546.052385509824
74mdyos(3),436bosxy(3),|74mdyos(3),436bosxy(3),|74mdyos(3),436bosxy(3),|74mdyos(3),436bosxy(3),;28522.7,28522.7,28870.9,28870.9,0,0,0,0,1551.052385509824
74mdyos(3),436bosxy(3),|74mdyos(3),436bosxy(3),|74mdyos(3),436bosxy(3),|74mdyos(3),436bosxy(3),;28522.7,28522.7,28870.9,28870.9,0,0,0,0,1556.052385509824
74mdyos(3),436bosxy(3),|74mdyos(3),436bosxy(3),|74mdyos(3),436bosxy(3),|74mdyos(3),436bosxy(3),;28522.7,28522.7,28870.9,28870.9,0,0,0,0,1561.052385509824
74mdyos(3),436bosxy(3),|74mdyos(3),436bosxy(3),|74mdyos(3),436bosxy(3),|74mdyos(3),436bosxy(3),;28522.7,28522.7,28870.9,28870.9,0,0,0,0,1566.052385509824
74mdyos(3),436bosxy(3),|74mdyos(3),436bosxy(3),|74mdyos(3),436bosxy(3),|74mdyos(3),436bosxy(3),;28522.7,28522.7,28870.9,28870.9,0,0,0,0,1571.052385509824
74mdyos(3),436bosxy(3),|74mdyos(3),436bosxy(3),|74mdyos(3),436bosxy(3),|74mdyos(3),436bosxy(3),;28522.7,28522.7,28870.9,28870.9,0,0,0,0,1576.052385509824
436bosxy(3),|436bosxy(3),|436bosxy(3),|436bosxy(3),;31302.9,31302.9,30724.3,30724.3,0,0,0,0,1581.052385509824
436bosxy(3),|436bosxy(3),|436bosxy(3),|436bosxy(3),;31302.9,31302.9,30724.3,30724.3,0,0,0,0,1586.052385509824
436bosxy(3),|436bosxy(3),|436bosxy(3),|436bosxy(3),;31302.9,31302.9,30724.3,30724.3,0,0,0,0,1591.052385509824
436bosxy(3),|436bosxy(3),|436bosxy(3),|436bosxy(3),;31302.9,31302.9,30724.3,30724.3,0,0,0,0,1596.052385509824
436bosxy(3),|436bosxy(3),|436bosxy(3),|436bosxy(3),;31302.9,31302.9,30724.3,30724.3,0,0,0,0,1601.052385509824
|||;32460,32460,32460,32460,0,0,0,0,1606.052385509824
|||;32460,32460,32460,32460,0,0,0,0,1611.052385509824
|||;32460,32460,32460,32460,0,0,0,0,1616.052385509824
|||;32460,32460,32460,32460,0,0,0,0,1621.052385509824
|||;32460,32460,32460,32460,0,0,0,0,1626.052385509824
|||;32460,32460,32460,32460,0,0,0,0,1631.052385509824
|||;32460,32460,32460,32460,0,0,0,0,1636.052385509824
|||;32460,32460,32460,32460,0,0,0,0,1641.052385509824
|||;32460,32460,32460,32460,0,0,0,0,1646.052385509824
|||;32460,32460,32460,32460,0,0,0,0,1651.052385509824
|||;32460,32460,32460,32460,0,0,0,0,1656.052385509824
|||;32460,32460,32460,32460,0,0,0,0,1661.052385509824
|||;32460,32460,32460,32460,0,0,0,0,1666.052385509824
|||;32460,32460,32460,32460,0,0,0,0,1671.052385509824
|||;32460,32460,32460,32460,0,0,0,0,1676.052385509824
|||;32460,32460,32460,32460,0,0,0,0,1681.052385509824
|||;32460,32460,32460,32460,0,0,0,0,1686.052385509824
|||;32460,32460,32460,32460,0,0,0,0,1691.052385509824
|||;32460,32460,32460,32460,0,0,0,0,1696.052385509824
|||;32460,32460,32460,32460,0,0,0,0,1701.052385509824
|||;32460,32460,32460,32460,0,0,0,0,1706.052385509824
|||;32460,32460,32460,32460,0,0,0,0,1711.052385509824
|||;32460,32460,32460,32460,0,0,0,0,1716.052385509824
|||;32460,32460,32460,32460,0,0,0,0,1721.052385509824
|||;32460,32460,32460,32460,0,0,0,0,1726.052385509824
|||;32460,32460,32460,32460,0,0,0,0,1731.052385509824
|||;32460,32460,32460,32460,0,0,0,0,1736.052385509824
|||;32460,32460,32460,32460,0,0,0,0,1741.052385509824
903rqtmp(2),|903rqtmp(2),|903rqtmp(2),|903rqtmp(2),;30729.4,30729.4,29864.2,29864.2,13.049395122337,13.049395122337,20.36310221567,20.36310221567,1746.052385509824
903rqtmp(2),|903rqtmp(2),|903rqtmp(2),|903rqtmp(2),;30729.4,30729.4,29864.2,29864.2,8.049395122337,8.049395122337,15.36310221567,15.36310221567,1751.052385509824
903rqtmp(2),|903rqtmp(2),|903rqtmp(2),|903rqtmp(2),;30729.4,30729.4,29864.2,29864.2,3.049395122337,3.049395122337,10.36310221567,10.36310221567,1756.052385509824
903rqtmp(3),|903rqtmp(3),|903rqtmp(2),|903rqtmp(2),;30729.4,30729.4,29864.2,29864.2,0,0,5.36310221567,5.36310221567,1761.052385509824
903rqtmp(3),|903rqtmp(3),|903rqtmp(3),|903rqtmp(3),;30729.4,30729.4,29864.2,29864.2,0,0,0.36310221567,0.36310221567,1766.052385509824
903rqtmp(3),|903rqtmp(3),|903rqtmp(3),|903rqtmp(3),;30729.4,30729.4,29864.2,29864.2,0,0,0,0,1771.052385509824
903rqtmp(3),|903rqtmp(3),|903rqtmp(3),|903rqtmp(3),;30729.4,30729.4,29864.2,29864.2,0,0,0,0,1776.052385509824
903rqtmp(3),|903rqtmp(3),|903rqtmp(3),|903rqtmp(3),;30729.4,30729.4,29864.2,29864.2,0,0,0,0,1781.052385509824
903rqtmp(3),|903rqtmp(3),|903rqtmp(3),|903rqtmp(3),;30729.4,30729.4,29864.2,29864.2,0,0,0,0,1786.052385509824
903rqtmp(3),|903rqtmp(3),|903rqtmp(3),|903rqtmp(3),;30729.4,30729.4,29864.2,29864.2,0,0,0,0,1791.052385509824
903rqtmp(3),|903rqtmp(3),|903rqtmp(3),|903rqtmp(3),;30729.4,30729.4,29864.2,29864.2,0,0,0,0,1796.052385509824
903rqtmp(3),|903rqtmp(3),|903rqtmp(3),|903rqtmp(3),;30729.4,30729.4,29864.2,29864.2,0,0,0,0,1801.052385509824
903rqtmp(3),|903rqtmp(3),|903rqtmp(3),|903rqtmp(3),;30729.4,30729.4,29864.2,29864.2,0,0,0,0,1806.052385509824
903rqtmp(3),|903rqtmp(3),|903rqtmp(3),|903rqtmp(3),;30729.4,30729.4,29864.2,29864.2,0,0,0,0,1811.052385509824
903rqtmp(3),|903rqtmp(3),|903rqtmp(3),|903rqtmp(3),;30729.4,30729.4,29864.2,29864.2,0,0,0,0,1816.052385509824
903rqtmp(3),|903rqtmp(3),|903rqtmp(3),|903rqtmp(3),;30729.4,30729.4,29864.2,29864.2,0,0,0,0,1821.052385509824
903rqtmp(3),|903rqtmp(3),|903rqtmp(3),|903rqtmp(3),;30729.4,30729.4,29864.2,29864.2,0,0,0,0,1826.052385509824
903rqtmp(3),|903rqtmp(3),|903rqtmp(3),|903rqtmp(3),;30729.4,30729.4,29864.2,29864.2,0,0,0,0,1831.052385509824
903rqtmp(3),|903rqtmp(3),|903rqtmp(3),|903rqtmp(3),;30729.4,30729.4,29864.2,29864.2,0,0,0,0,1836.052385509824
903rqtmp(3),|903rqtmp(3),|903rqtmp(3),|903rqtmp(3),;30729.4,30729.4,29864.2,29864.2,0,0,0,0,1841.052385509824
903rqtmp(3),|903rqtmp(3),|903rqtmp(3),|903rqtmp(3),;30729.4,30729.4,29864.2,29864.2,0,0,0,0,1846.052385509824
903rqtmp(3),|903rqtmp(3),|903rqtmp(3),|903rqtmp(3),;30729.4,30729.4,29864.2,29864.2,0,0,0,0,1851.052385509824
903rqtmp(3),|903rqtmp(3),|903rqtmp(3),|903rqtmp(3),;30729.4,30729.4,29864.2,29864.2,0,0,0,0,1856.052385509824
903rqtmp(3),|903rqtmp(3),|903rqtmp(3),|903rqtmp(3),;30729.4,30729.4,29864.2,29864.2,0,0,0,0,1861.052385509824
903rqtmp(3),|903rqtmp(3),|903rqtmp(3),|903rqtmp(3),;30729.4,30729.4,29864.2,29864.2,0,0,0,0,1866.052385509824
903rqtmp(3),|903rqtmp(3),|903rqtmp(3),|903rqtmp(3),;30729.4,30729.4,29864.2,29864.2,0,0,0,0,1871.052385509824
903rqtmp(3),|903rqtmp(3),|903rqtmp(3),|903rqtmp(3),;30729.4,30729.4,29864.2,29864.2,0,0,0,0,1876.052385509824
903rqtmp(3),|903rqtmp(3),|903rqtmp(3),|903rqtmp(3),;30729.4,30729.4,29864.2,29864.2,0,0,0,0,1881.052385509824
903rqtmp(3),|903rqtmp(3),|903rqtmp(3),|903rqtmp(3),;30729.4,30729.4,29864.2,29864.2,0,0,0,0,1886.052385509824
903rqtmp(3),|903rqtmp(3),|903rqtmp(3),|903rqtmp(3),;30729.4,30729.4,29864.2,29864.2,0,0,0,0,1891.052385509824
903rqtmp(3),|903rqtmp(3),|903rqtmp(3),|903rqtmp(3),;30729.4,30729.4,29864.2,29864.2,0,0,0,0,1896.052385509824
903rqtmp(3),|903rqtmp(3),|903rqtmp(3),|903rqtmp(3),;30729.4,30729.4,29864.2,29864.2,0,0,0,0,1901.052385509824
903rqtmp(3),|903rqtmp(3),|903rqtmp(3),|903rqtmp(3),;30729.4,30729.4,29864.2,29864.2,0,0,0,0,1906.052385509824
903rqtmp(3),|903rqtmp(3),|903rqtmp(3),|903rqtmp(3),;30729.4,30729.4,29864.2,29864.2,0,0,0,0,1911.052385509824
903rqtmp(3),|903rqtmp(3),|903rqtmp(3),|903rqtmp(3),;30729.4,30729.4,29864.2,29864.2,0,0,0,0,1916.052385509824
903rqtmp(3),|903rqtmp(3),|903rqtmp(3),|903rqtmp(3),;30729.4,30729.4,29864.2,29864.2,0,0,0,0,1921.052385509824
903rqtmp(3),|903rqtmp(3),|903rqtmp(3),|903rqtmp(3),;30729.4,30729.4,29864.2,29864.2,0,0,0,0,1926.052385509824
903rqtmp(3),|903rqtmp(3),|903rqtmp(3),|903rqtmp(3),;30729.4,30729.4,29864.2,29864.2,0,0,0,0,1931.052385509824
903rqtmp(3),|903rqtmp(3),|903rqtmp(3),|903rqtmp(3),;30729.4,30729.4,29864.2,29864.2,0,0,0,0,1936.052385509824
903rqtmp(3),|903rqtmp(3),|903rqtmp(3),|903rqtmp(3),;30729.4,30729.4,29864.2,29864.2,0,0,0,0,1941.052385509824
903rqtmp(3),|903rqtmp(3),|903rqtmp(3),|903rqtmp(3),;30729.4,30729.4,29864.2,29864.2,0,0,0,0,1946.052385509824
903rqtmp(3),|903rqtmp(3),|903rqtmp(3),|903rqtmp(3),;30729.4,30729.4,29864.2,29864.2,0,0,0,0,1951.052385509824
903rqtmp(3),|903rqtmp(3),|903rqtmp(3),|903rqtmp(3),;30729.4,30729.4,29864.2,29864.2,0,0,0,0,1956.052385509824
903rqtmp(3),|903rqtmp(3),|903rqtmp(3),|903rqtmp(3),;30729.4,30729.4,29864.2,29864.2,0,0,0,0,1961.052385509824
903rqtmp(3),|903rqtmp(3),|903rqtmp(3),|903rqtmp(3),;30729.4,30729.4,29864.2,29864.2,0,0,0,0,1966.052385509824
903rqtmp(3),|903rqtmp(3),|903rqtmp(3),|903rqtmp(3),;30729.4,30729.4,29864.2,29864.2,0,0,0,0,1971.052385509824
903rqtmp(3),|903rqtmp(3),|903rqtmp(3),|903rqtmp(3),;30729.4,30729.4,29864.2,29864.2,0,0,0,0,1976.052385509824
903rqtmp(3),|903rqtmp(3),|903rqtmp(3),|903rqtmp(3),;30729.4,30729.4,29864.2,29864.2,0,0,0,0,1981.052385509824
903rqtmp(3),|903rqtmp(3),|903rqtmp(3),|903rqtmp(3),;30729.4,30729.4,29864.2,29864.2,0,0,0,0,1986.052385509824
903rqtmp(3),|903rqtmp(3),|903rqtmp(3),|903rqtmp(3),;30729.4,30729.4,29864.2,29864.2,0,0,0,0,1991.052385509824
903rqtmp(3),|903rqtmp(3),|903rqtmp(3),|903rqtmp(3),;30729.4,30729.4,29864.2,29864.2,0,0,0,0,1996.052385509824
