|||;25702,25702,25702,25702,0,0,0,0,1.08533609038
|||;25702,25702,25702,25702,0,0,0,0,6.08533609038
|||;25702,25702,25702,25702,0,0,0,0,11.08533609038
|||;25702,25702,25702,25702,0,0,0,0,16.08533609038
|||;25702,25702,25702,25702,0,0,0,0,21.08533609038
|101wnakp(2),||101wnakp(2),;25702,25026.2,25702,25026.2,0,3.118304662442,0,3.118304662442,26.08533609038
|||;25702,25702,25702,25702,0,0,0,0,31.08533609038
|||;25702,25702,25702,25702,0,0,0,0,36.08533609038
|||;25702,25702,25702,25702,0,0,0,0,41.08533609038
|||;25702,25702,25702,25702,0,0,0,0,46.08533609038
|||;25702,25702,25702,25702,0,0,0,0,51.08533609038
|||;25702,25702,25702,25702,0,0,0,0,56.08533609038
|||;25702,25702,25702,25702,0,0,0,0,61.08533609038
|||;25702,25702,25702,25702,0,0,0,0,66.08533609038
338wsqto(2),|338wsqto(2),|338wsqto(2),|338wsqto(2),;24150.6,24667.8,24150.6,24667.8,5.541959796039,2.990003747846,5.541959796039,2.990003747846,71.08533609038
338wsqto(2),||338wsqto(2),|;24150.6,25702,24150.6,25702,0.541959796039,0,0.541959796039,0,76.08533609038
|||;25702,25702,25702,25702,0,0,0,0,81.08533609038
|||;25702,25702,25702,25702,0,0,0,0,86.08533609038
|||;25702,25702,25702,25702,0,0,0,0,91.08533609038
|||;25702,25702,25702,25702,0,0,0,0,96.08533609038
|||;25702,25702,25702,25702,0,0,0,0,101.08533609038
|||;25702,25702,25702,25702,0,0,0,0,106.08533609038
|||;25702,25702,25702,25702,0,0,0,0,111.08533609038
|||;25702,25702,25702,25702,0,0,0,0,116.08533609038
|||;25702,25702,25702,25702,0,0,0,0,121.08533609038
|||;25702,25702,25702,25702,0,0,0,0,126.08533609038
|||;25702,25702,25702,25702,0,0,0,0,131.08533609038
|||;25702,25702,25702,25702,0,0,0,0,136.08533609038
|||;25702,25702,25702,25702,0,0,0,0,141.08533609038
247xcdob(2),|247xcdob(2),|247xcdob(2),|247xcdob(2),;23787.1,23787.1,22829.7,22829.7,6.041045835299,6.041045835299,10.76595455819,10.76595455819,146.08533609038
247xcdob(2),|247xcdob(2),|247xcdob(2),|247xcdob(2),;23787.1,23787.1,22829.7,22829.7,1.041045835299,1.041045835299,5.76595455819,5.76595455819,151.08533609038
||247xcdob(2),|247xcdob(2),;25702,25702,22829.7,22829.7,0,0,0.76595455819,0.76595455819,156.08533609038
|||;25702,25702,25702,25702,0,0,0,0,161.08533609038
|||;25702,25702,25702,25702,0,0,0,0,166.08533609038
|||;25702,25702,25702,25702,0,0,0,0,171.08533609038
|||;25702,25702,25702,25702,0,0,0,0,176.08533609038
|||;25702,25702,25702,25702,0,0,0,0,181.08533609038
|||;25702,25702,25702,25702,0,0,0,0,186.08533609038
|||;25702,25702,25702,25702,0,0,0,0,191.08533609038
|||;25702,25702,25702,25702,0,0,0,0,196.08533609038
|||;25702,25702,25702,25702,0,0,0,0,201.08533609038
|||;25702,25702,25702,25702,0,0,0,0,206.08533609038
|||;25702,25702,25702,25702,0,0,0,0,211.08533609038
|||;25702,25702,25702,25702,0,0,0,0,216.08533609038
|||;25702,25702,25702,25702,0,0,0,0,221.08533609038
|||;25702,25702,25702,25702,0,0,0,0,226.08533609038
|||;25702,25702,25702,25702,0,0,0,0,231.08533609038
|||;25702,25702,25702,25702,0,0,0,0,236.08533609038
|||;25702,25702,25702,25702,0,0,0,0,241.08533609038
|||;25702,25702,25702,25702,0,0,0,0,246.08533609038
214rwfub(2),|||214rwfub(2),;24370.8,25702,25702,20377.2,4.204333232341,0,0,24.432508654027,251.08533609038
214rwfub(3),|||214rwfub(2),;24370.8,25702,25702,20377.2,0,0,0,19.432508654027,256.08533609038
214rwfub(3),|||214rwfub(2),;24370.8,25702,25702,20377.2,0,0,0,14.432508654027,261.08533609038
214rwfub(3),|||214rwfub(2),;24370.8,25702,25702,20377.2,0,0,0,9.432508654027,266.08533609038
214rwfub(3),|||214rwfub(2),;24370.8,25702,25702,20377.2,0,0,0,4.432508654027,271.08533609038
214rwfub(3),|||214rwfub(3),;24370.8,25702,25702,20377.2,0,0,0,0,276.08533609038
214rwfub(3),|||214rwfub(3),;24370.8,25702,25702,20377.2,0,0,0,0,281.08533609038
214rwfub(3),|||214rwfub(3),;24370.8,25702,25702,20377.2,0,0,0,0,286.08533609038
214rwfub(3),|||214rwfub(3),;24370.8,25702,25702,20377.2,0,0,0,0,291.08533609038
214rwfub(3),|||214rwfub(3),;24370.8,25702,25702,20377.2,0,0,0,0,296.08533609038
214rwfub(3),|||214rwfub(3),;24370.8,25702,25702,20377.2,0,0,0,0,301.08533609038
214rwfub(3),|||214rwfub(3),;24370.8,25702,25702,20377.2,0,0,0,0,306.08533609038
214rwfub(3),|||214rwfub(3),;24370.8,25702,25702,20377.2,0,0,0,0,311.08533609038
214rwfub(3),|||214rwfub(3),;24370.8,25702,25702,20377.2,0,0,0,0,316.08533609038
214rwfub(3),|||214rwfub(3),;24370.8,25702,25702,20377.2,0,0,0,0,321.08533609038
214rwfub(3),|||214rwfub(3),;24370.8,25702,25702,20377.2,0,0,0,0,326.08533609038
214rwfub(3),|||214rwfub(3),;24370.8,25702,25702,20377.2,0,0,0,0,331.08533609038
214rwfub(3),|||214rwfub(3),;24370.8,25702,25702,20377.2,0,0,0,0,336.08533609038
214rwfub(3),|||214rwfub(3),;24370.8,25702,25702,20377.2,0,0,0,0,341.08533609038
214rwfub(3),|||214rwfub(3),;24370.8,25702,25702,20377.2,0,0,0,0,346.08533609038
214rwfub(3),|||214rwfub(3),;24370.8,25702,25702,20377.2,0,0,0,0,351.08533609038
214rwfub(3),213agezt(0),|213agezt(0),|213agezt(0),|214rwfub(3),213agezt(0),;22578.8,23014,23910,17689.2,12.342521358905,16.880894049668,12.342521358905,16.880894049668,356.08533609038
214rwfub(3),213agezt(2),|213agezt(2),|213agezt(2),|214rwfub(3),213agezt(2),;22578.8,23014,23910,17689.2,7.342521358905,11.880894049668,7.342521358905,11.880894049668,361.08533609038
214rwfub(3),213agezt(2),|213agezt(2),|213agezt(2),|214rwfub(3),213agezt(2),;22578.8,23014,23910,17689.2,2.342521358905,6.880894049668,2.342521358905,6.880894049668,366.08533609038
214rwfub(3),213agezt(3),|213agezt(2),|213agezt(3),|214rwfub(3),213agezt(2),;22578.8,23014,23910,17689.2,0,1.880894049668,0,1.880894049668,371.08533609038
214rwfub(3),213agezt(3),|213agezt(3),|213agezt(3),|214rwfub(3),213agezt(3),;22578.8,23014,23910,17689.2,0,0,0,0,376.08533609038
214rwfub(3),213agezt(3),|213agezt(3),|213agezt(3),|214rwfub(3),213agezt(3),;22578.8,23014,23910,17689.2,0,0,0,0,381.08533609038
214rwfub(3),213agezt(3),|213agezt(3),|213agezt(3),|214rwfub(3),213agezt(3),;22578.8,23014,23910,17689.2,0,0,0,0,386.08533609038
214rwfub(3),213agezt(3),|213agezt(3),|213agezt(3),|214rwfub(3),213agezt(3),;22578.8,23014,23910,17689.2,0,0,0,0,391.08533609038
214rwfub(3),213agezt(3),|213agezt(3),|213agezt(3),|214rwfub(3),213agezt(3),;22578.8,23014,23910,17689.2,0,0,0,0,396.08533609038
214rwfub(3),213agezt(3),|213agezt(3),|213agezt(3),|214rwfub(3),213agezt(3),;22578.8,23014,23910,17689.2,0,0,0,0,401.08533609038
214rwfub(3),213agezt(3),|213agezt(3),|213agezt(3),|214rwfub(3),213agezt(3),;22578.8,23014,23910,17689.2,0,0,0,0,406.08533609038
214rwfub(3),213agezt(3),|213agezt(3),|213agezt(3),|214rwfub(3),213agezt(3),;22578.8,23014,23910,17689.2,0,0,0,0,411.08533609038
214rwfub(3),213agezt(3),|213agezt(3),|213agezt(3),|214rwfub(3),213agezt(3),;22578.8,23014,23910,17689.2,0,0,0,0,416.08533609038
214rwfub(3),213agezt(3),|213agezt(3),|213agezt(3),|214rwfub(3),213agezt(3),;22578.8,23014,23910,17689.2,0,0,0,0,421.08533609038
214rwfub(3),213agezt(3),|213agezt(3),|213agezt(3),|214rwfub(3),213agezt(3),;22578.8,23014,23910,17689.2,0,0,0,0,426.08533609038
214rwfub(3),213agezt(3),|213agezt(3),|213agezt(3),|214rwfub(3),213agezt(3),;22578.8,23014,23910,17689.2,0,0,0,0,431.08533609038
214rwfub(3),213agezt(3),49hfdmx(2),|213agezt(3),|213agezt(3),49hfdmx(2),|214rwfub(3),213agezt(3),49hfdmx(2),;20797,23014,22128.2,15313.5,6.24067220716,0,6.24067220716,9.24896496218,436.08533609038
214rwfub(3),213agezt(3),49hfdmx(2),|213agezt(3),|213agezt(3),49hfdmx(2),|214rwfub(3),213agezt(3),49hfdmx(2),;20797,23014,22128.2,15313.5,1.24067220716,0,1.24067220716,4.24896496218,441.08533609038
214rwfub(3),213agezt(3),49hfdmx(3),|213agezt(3),|213agezt(3),49hfdmx(3),|214rwfub(3),213agezt(3),49hfdmx(3),;20797,23014,22128.2,15313.5,0,0,0,0,446.08533609038
214rwfub(3),213agezt(3),49hfdmx(3),|213agezt(3),|213agezt(3),49hfdmx(3),|214rwfub(3),213agezt(3),49hfdmx(3),;20797,23014,22128.2,15313.5,0,0,0,0,451.08533609038
214rwfub(3),213agezt(3),49hfdmx(3),|213agezt(3),|213agezt(3),49hfdmx(3),|214rwfub(3),213agezt(3),49hfdmx(3),;20797,23014,22128.2,15313.5,0,0,0,0,456.08533609038
214rwfub(3),213agezt(3),49hfdmx(3),|213agezt(3),|213agezt(3),49hfdmx(3),|214rwfub(3),213agezt(3),49hfdmx(3),;20797,23014,22128.2,15313.5,0,0,0,0,461.08533609038
214rwfub(3),213agezt(3),49hfdmx(3),|213agezt(3),|213agezt(3),49hfdmx(3),|214rwfub(3),213agezt(3),49hfdmx(3),;20797,23014,22128.2,15313.5,0,0,0,0,466.08533609038
214rwfub(3),213agezt(3),49hfdmx(3),|213agezt(3),|213agezt(3),49hfdmx(3),|214rwfub(3),213agezt(3),49hfdmx(3),;20797,23014,22128.2,15313.5,0,0,0,0,471.08533609038
213agezt(3),49hfdmx(3),|213agezt(3),|213agezt(3),49hfdmx(3),|214rwfub(3),213agezt(3),49hfdmx(3),;22128.2,23014,22128.2,15313.5,0,0,0,0,476.08533609038
213agezt(3),49hfdmx(3),|213agezt(3),|213agezt(3),49hfdmx(3),|214rwfub(3),213agezt(3),49hfdmx(3),;22128.2,23014,22128.2,15313.5,0,0,0,0,481.08533609038
213agezt(3),49hfdmx(3),|213agezt(3),|213agezt(3),49hfdmx(3),|214rwfub(3),213agezt(3),49hfdmx(3),;22128.2,23014,22128.2,15313.5,0,0,0,0,486.08533609038
213agezt(3),49hfdmx(3),|213agezt(3),|213agezt(3),49hfdmx(3),|214rwfub(3),213agezt(3),49hfdmx(3),;22128.2,23014,22128.2,15313.5,0,0,0,0,491.08533609038
213agezt(3),49hfdmx(3),|213agezt(3),|213agezt(3),49hfdmx(3),|214rwfub(3),213agezt(3),49hfdmx(3),;22128.2,23014,22128.2,15313.5,0,0,0,0,496.08533609038
213agezt(3),49hfdmx(3),|213agezt(3),|213agezt(3),49hfdmx(3),|214rwfub(3),213agezt(3),49hfdmx(3),;22128.2,23014,22128.2,15313.5,0,0,0,0,501.08533609038
213agezt(3),49hfdmx(3),|213agezt(3),|213agezt(3),49hfdmx(3),|214rwfub(3),213agezt(3),49hfdmx(3),;22128.2,23014,22128.2,15313.5,0,0,0,0,506.08533609038
213agezt(3),49hfdmx(3),|213agezt(3),|213agezt(3),49hfdmx(3),|214rwfub(3),213agezt(3),49hfdmx(3),;22128.2,23014,22128.2,15313.5,0,0,0,0,511.08533609038
213agezt(3),49hfdmx(3),|213agezt(3),|213agezt(3),49hfdmx(3),|214rwfub(3),213agezt(3),49hfdmx(3),;22128.2,23014,22128.2,15313.5,0,0,0,0,516.08533609038
213agezt(3),49hfdmx(3),|213agezt(3),|213agezt(3),49hfdmx(3),|214rwfub(3),213agezt(3),49hfdmx(3),;22128.2,23014,22128.2,15313.5,0,0,0,0,521.08533609038
213agezt(3),49hfdmx(3),|213agezt(3),|213agezt(3),49hfdmx(3),|214rwfub(3),213agezt(3),49hfdmx(3),;22128.2,23014,22128.2,15313.5,0,0,0,0,526.08533609038
213agezt(3),49hfdmx(3),|213agezt(3),|213agezt(3),49hfdmx(3),|214rwfub(3),213agezt(3),49hfdmx(3),;22128.2,23014,22128.2,15313.5,0,0,0,0,531.08533609038
213agezt(3),49hfdmx(3),|213agezt(3),|213agezt(3),49hfdmx(3),|214rwfub(3),213agezt(3),49hfdmx(3),;22128.2,23014,22128.2,15313.5,0,0,0,0,536.08533609038
213agezt(3),49hfdmx(3),|213agezt(3),|213agezt(3),49hfdmx(3),|214rwfub(3),213agezt(3),49hfdmx(3),;22128.2,23014,22128.2,15313.5,0,0,0,0,541.08533609038
213agezt(3),49hfdmx(3),|213agezt(3),956rushw(0),|213agezt(3),49hfdmx(3),|214rwfub(3),213agezt(3),49hfdmx(3),;22128.2,17689.2,22128.2,15313.5,0,29.75279878263,0,0,546.08533609038
213agezt(3),49hfdmx(3),|213agezt(3),956rushw(2),|213agezt(3),49hfdmx(3),|214rwfub(3),213agezt(3),49hfdmx(3),;22128.2,17689.2,22128.2,15313.5,0,24.75279878263,0,0,551.08533609038
213agezt(3),49hfdmx(3),|213agezt(3),956rushw(2),|213agezt(3),49hfdmx(3),|214rwfub(3),213agezt(3),49hfdmx(3),;22128.2,17689.2,22128.2,15313.5,0,19.75279878263,0,0,556.08533609038
213agezt(3),49hfdmx(3),|213agezt(3),956rushw(2),|213agezt(3),49hfdmx(3),|213agezt(3),49hfdmx(3),;22128.2,17689.2,22128.2,20638.3,0,14.75279878263,0,0,561.08533609038
213agezt(3),49hfdmx(3),|213agezt(3),956rushw(2),|213agezt(3),49hfdmx(3),|213agezt(3),49hfdmx(3),;22128.2,17689.2,22128.2,20638.3,0,9.75279878263,0,0,566.08533609038
213agezt(3),49hfdmx(3),|213agezt(3),956rushw(2),|213agezt(3),49hfdmx(3),|213agezt(3),49hfdmx(3),;22128.2,17689.2,22128.2,20638.3,0,4.75279878263,0,0,571.08533609038
213agezt(3),49hfdmx(3),|213agezt(3),956rushw(3),|213agezt(3),49hfdmx(3),|213agezt(3),49hfdmx(3),;22128.2,17689.2,22128.2,20638.3,0,0,0,0,576.08533609038
213agezt(3),49hfdmx(3),163ozyqt(0),|213agezt(3),956rushw(3),163ozyqt(0),|213agezt(3),49hfdmx(3),163ozyqt(0),|213agezt(3),49hfdmx(3),163ozyqt(0),;19179.1,15723.1,20162.1,17689.2,21.096201932574,16.116958751851,16.116958751851,21.096201932574,581.08533609038
213agezt(3),49hfdmx(3),163ozyqt(0),|213agezt(3),956rushw(3),163ozyqt(0),|213agezt(3),49hfdmx(3),163ozyqt(0),|213agezt(3),49hfdmx(3),163ozyqt(0),;19179.1,15723.1,20162.1,17689.2,16.096201932574,11.116958751851,11.116958751851,16.096201932574,586.08533609038
213agezt(3),49hfdmx(3),163ozyqt(2),|213agezt(3),956rushw(3),163ozyqt(2),|213agezt(3),49hfdmx(3),163ozyqt(2),|213agezt(3),49hfdmx(3),163ozyqt(2),;19179.1,15723.1,20162.1,17689.2,11.096201932574,6.116958751851,6.116958751851,11.096201932574,591.08533609038
213agezt(3),49hfdmx(3),163ozyqt(2),|213agezt(3),956rushw(3),163ozyqt(2),|213agezt(3),49hfdmx(3),163ozyqt(2),|213agezt(3),49hfdmx(3),163ozyqt(2),;19179.1,15723.1,20162.1,17689.2,6.096201932574,1.116958751851,1.116958751851,6.096201932574,596.08533609038
213agezt(3),49hfdmx(3),163ozyqt(2),|213agezt(3),956rushw(3),163ozyqt(3),|213agezt(3),49hfdmx(3),163ozyqt(3),|213agezt(3),49hfdmx(3),163ozyqt(2),;19179.1,15723.1,20162.1,17689.2,1.096201932574,0,0,1.096201932574,601.08533609038
213agezt(3),49hfdmx(3),163ozyqt(3),|213agezt(3),956rushw(3),163ozyqt(3),|213agezt(3),49hfdmx(3),163ozyqt(3),|213agezt(3),49hfdmx(3),163ozyqt(3),;19179.1,15723.1,20162.1,17689.2,0,0,0,0,606.08533609038
213agezt(3),49hfdmx(3),163ozyqt(3),|213agezt(3),956rushw(3),163ozyqt(3),|213agezt(3),49hfdmx(3),163ozyqt(3),|213agezt(3),49hfdmx(3),163ozyqt(3),;19179.1,15723.1,20162.1,17689.2,0,0,0,0,611.08533609038
213agezt(3),49hfdmx(3),163ozyqt(3),|213agezt(3),956rushw(3),163ozyqt(3),|213agezt(3),49hfdmx(3),163ozyqt(3),|213agezt(3),49hfdmx(3),163ozyqt(3),;19179.1,15723.1,20162.1,17689.2,0,0,0,0,616.08533609038
213agezt(3),49hfdmx(3),163ozyqt(3),|213agezt(3),956rushw(3),163ozyqt(3),|213agezt(3),49hfdmx(3),163ozyqt(3),|213agezt(3),49hfdmx(3),163ozyqt(3),;19179.1,15723.1,20162.1,17689.2,0,0,0,0,621.08533609038
213agezt(3),49hfdmx(3),163ozyqt(3),|213agezt(3),956rushw(3),163ozyqt(3),|213agezt(3),49hfdmx(3),163ozyqt(3),|213agezt(3),49hfdmx(3),163ozyqt(3),;19179.1,15723.1,20162.1,17689.2,0,0,0,0,626.08533609038
213agezt(3),49hfdmx(3),163ozyqt(3),|213agezt(3),956rushw(3),163ozyqt(3),|213agezt(3),49hfdmx(3),163ozyqt(3),|213agezt(3),49hfdmx(3),163ozyqt(3),;19179.1,15723.1,20162.1,17689.2,0,0,0,0,631.08533609038
213agezt(3),49hfdmx(3),163ozyqt(3),|213agezt(3),956rushw(3),163ozyqt(3),|213agezt(3),49hfdmx(3),163ozyqt(3),|213agezt(3),49hfdmx(3),163ozyqt(3),;19179.1,15723.1,20162.1,17689.2,0,0,0,0,636.08533609038
213agezt(3),49hfdmx(3),163ozyqt(3),|213agezt(3),956rushw(3),163ozyqt(3),|213agezt(3),49hfdmx(3),163ozyqt(3),|213agezt(3),49hfdmx(3),163ozyqt(3),;19179.1,15723.1,20162.1,17689.2,0,0,0,0,641.08533609038
213agezt(3),49hfdmx(3),163ozyqt(3),|213agezt(3),956rushw(3),163ozyqt(3),|213agezt(3),49hfdmx(3),163ozyqt(3),|213agezt(3),49hfdmx(3),163ozyqt(3),;19179.1,15723.1,20162.1,17689.2,0,0,0,0,646.08533609038
213agezt(3),49hfdmx(3),163ozyqt(3),|213agezt(3),956rushw(3),163ozyqt(3),|213agezt(3),49hfdmx(3),163ozyqt(3),|213agezt(3),49hfdmx(3),163ozyqt(3),;19179.1,15723.1,20162.1,17689.2,0,0,0,0,651.08533609038
213agezt(3),49hfdmx(3),163ozyqt(3),|213agezt(3),956rushw(3),163ozyqt(3),|213agezt(3),49hfdmx(3),163ozyqt(3),|213agezt(3),49hfdmx(3),163ozyqt(3),;19179.1,15723.1,20162.1,17689.2,0,0,0,0,656.08533609038
213agezt(3),49hfdmx(3),163ozyqt(3),|213agezt(3),956rushw(3),163ozyqt(3),|213agezt(3),49hfdmx(3),163ozyqt(3),|213agezt(3),49hfdmx(3),163ozyqt(3),;19179.1,15723.1,20162.1,17689.2,0,0,0,0,661.08533609038
213agezt(3),49hfdmx(3),163ozyqt(3),|213agezt(3),956rushw(3),163ozyqt(3),|213agezt(3),49hfdmx(3),163ozyqt(3),|213agezt(3),49hfdmx(3),163ozyqt(3),;19179.1,15723.1,20162.1,17689.2,0,0,0,0,666.08533609038
213agezt(3),49hfdmx(3),163ozyqt(3),|213agezt(3),956rushw(3),163ozyqt(3),|213agezt(3),49hfdmx(3),163ozyqt(3),|213agezt(3),49hfdmx(3),163ozyqt(3),;19179.1,15723.1,20162.1,17689.2,0,0,0,0,671.08533609038
213agezt(3),49hfdmx(3),163ozyqt(3),|213agezt(3),956rushw(3),163ozyqt(3),|213agezt(3),49hfdmx(3),163ozyqt(3),|213agezt(3),49hfdmx(3),163ozyqt(3),;19179.1,15723.1,20162.1,17689.2,0,0,0,0,676.08533609038
213agezt(3),49hfdmx(3),163ozyqt(3),|213agezt(3),956rushw(3),163ozyqt(3),|213agezt(3),49hfdmx(3),163ozyqt(3),|213agezt(3),49hfdmx(3),163ozyqt(3),;19179.1,15723.1,20162.1,17689.2,0,0,0,0,681.08533609038
213agezt(3),49hfdmx(3),163ozyqt(3),|213agezt(3),956rushw(3),163ozyqt(3),|213agezt(3),49hfdmx(3),163ozyqt(3),|213agezt(3),49hfdmx(3),163ozyqt(3),;19179.1,15723.1,20162.1,17689.2,0,0,0,0,686.08533609038
213agezt(3),49hfdmx(3),163ozyqt(3),|213agezt(3),163ozyqt(3),|213agezt(3),49hfdmx(3),163ozyqt(3),|213agezt(3),49hfdmx(3),163ozyqt(3),;19179.1,21047.9,20162.1,17689.2,0,0,0,0,691.08533609038
213agezt(3),49hfdmx(3),163ozyqt(3),|213agezt(3),163ozyqt(3),|213agezt(3),49hfdmx(3),163ozyqt(3),|213agezt(3),49hfdmx(3),163ozyqt(3),;19179.1,21047.9,20162.1,17689.2,0,0,0,0,696.08533609038
213agezt(3),49hfdmx(3),163ozyqt(3),|213agezt(3),163ozyqt(3),|213agezt(3),49hfdmx(3),163ozyqt(3),|213agezt(3),49hfdmx(3),163ozyqt(3),;19179.1,21047.9,20162.1,17689.2,0,0,0,0,701.08533609038
213agezt(3),49hfdmx(3),163ozyqt(3),|213agezt(3),163ozyqt(3),|213agezt(3),49hfdmx(3),163ozyqt(3),|213agezt(3),49hfdmx(3),163ozyqt(3),;19179.1,21047.9,20162.1,17689.2,0,0,0,0,706.08533609038
213agezt(3),49hfdmx(3),163ozyqt(3),|213agezt(3),163ozyqt(3),|213agezt(3),49hfdmx(3),163ozyqt(3),|213agezt(3),49hfdmx(3),163ozyqt(3),;19179.1,21047.9,20162.1,17689.2,0,0,0,0,711.08533609038
213agezt(3),49hfdmx(3),163ozyqt(3),|213agezt(3),163ozyqt(3),|213agezt(3),49hfdmx(3),163ozyqt(3),|213agezt(3),49hfdmx(3),163ozyqt(3),;19179.1,21047.9,20162.1,17689.2,0,0,0,0,716.08533609038
213agezt(3),49hfdmx(3),163ozyqt(3),|213agezt(3),163ozyqt(3),|213agezt(3),49hfdmx(3),163ozyqt(3),|213agezt(3),49hfdmx(3),163ozyqt(3),;19179.1,21047.9,20162.1,17689.2,0,0,0,0,721.08533609038
213agezt(3),49hfdmx(3),163ozyqt(3),|213agezt(3),163ozyqt(3),|213agezt(3),49hfdmx(3),163ozyqt(3),|213agezt(3),49hfdmx(3),163ozyqt(3),;19179.1,21047.9,20162.1,17689.2,0,0,0,0,726.08533609038
213agezt(3),49hfdmx(3),163ozyqt(3),|213agezt(3),163ozyqt(3),|213agezt(3),49hfdmx(3),163ozyqt(3),|213agezt(3),49hfdmx(3),163ozyqt(3),;19179.1,21047.9,20162.1,17689.2,0,0,0,0,731.08533609038
213agezt(3),49hfdmx(3),163ozyqt(3),|213agezt(3),163ozyqt(3),|213agezt(3),49hfdmx(3),163ozyqt(3),|213agezt(3),49hfdmx(3),163ozyqt(3),;19179.1,21047.9,20162.1,17689.2,0,0,0,0,736.08533609038
213agezt(3),49hfdmx(3),163ozyqt(3),|213agezt(3),163ozyqt(3),|213agezt(3),49hfdmx(3),163ozyqt(3),|213agezt(3),49hfdmx(3),163ozyqt(3),;19179.1,21047.9,20162.1,17689.2,0,0,0,0,741.08533609038
213agezt(3),49hfdmx(3),163ozyqt(3),|213agezt(3),163ozyqt(3),|213agezt(3),49hfdmx(3),163ozyqt(3),|213agezt(3),49hfdmx(3),163ozyqt(3),;19179.1,21047.9,20162.1,17689.2,0,0,0,0,746.08533609038
213agezt(3),49hfdmx(3),163ozyqt(3),|213agezt(3),163ozyqt(3),|213agezt(3),49hfdmx(3),163ozyqt(3),|213agezt(3),49hfdmx(3),163ozyqt(3),;19179.1,21047.9,20162.1,17689.2,0,0,0,0,751.08533609038
213agezt(3),49hfdmx(3),163ozyqt(3),|213agezt(3),163ozyqt(3),|213agezt(3),49hfdmx(3),163ozyqt(3),|213agezt(3),49hfdmx(3),163ozyqt(3),;19179.1,21047.9,20162.1,17689.2,0,0,0,0,756.08533609038
213agezt(3),49hfdmx(3),163ozyqt(3),|213agezt(3),163ozyqt(3),|213agezt(3),49hfdmx(3),163ozyqt(3),|213agezt(3),49hfdmx(3),163ozyqt(3),;19179.1,21047.9,20162.1,17689.2,0,0,0,0,761.08533609038
213agezt(3),49hfdmx(3),163ozyqt(3),|213agezt(3),163ozyqt(3),|213agezt(3),49hfdmx(3),163ozyqt(3),|213agezt(3),49hfdmx(3),163ozyqt(3),;19179.1,21047.9,20162.1,17689.2,0,0,0,0,766.08533609038
213agezt(3),49hfdmx(3),163ozyqt(3),|213agezt(3),163ozyqt(3),|213agezt(3),49hfdmx(3),163ozyqt(3),|213agezt(3),49hfdmx(3),163ozyqt(3),;19179.1,21047.9,20162.1,17689.2,0,0,0,0,771.08533609038
213agezt(3),49hfdmx(3),163ozyqt(3),|213agezt(3),163ozyqt(3),|213agezt(3),49hfdmx(3),163ozyqt(3),|213agezt(3),49hfdmx(3),163ozyqt(3),;19179.1,21047.9,20162.1,17689.2,0,0,0,0,776.08533609038
213agezt(3),49hfdmx(3),163ozyqt(3),|213agezt(3),163ozyqt(3),|213agezt(3),49hfdmx(3),163ozyqt(3),|213agezt(3),49hfdmx(3),163ozyqt(3),;19179.1,21047.9,20162.1,17689.2,0,0,0,0,781.08533609038
213agezt(3),49hfdmx(3),163ozyqt(3),|213agezt(3),163ozyqt(3),|213agezt(3),49hfdmx(3),163ozyqt(3),|213agezt(3),49hfdmx(3),163ozyqt(3),;19179.1,21047.9,20162.1,17689.2,0,0,0,0,786.08533609038
213agezt(3),49hfdmx(3),163ozyqt(3),|213agezt(3),163ozyqt(3),|213agezt(3),49hfdmx(3),163ozyqt(3),|213agezt(3),49hfdmx(3),163ozyqt(3),;19179.1,21047.9,20162.1,17689.2,0,0,0,0,791.08533609038
213agezt(3),49hfdmx(3),163ozyqt(3),|213agezt(3),163ozyqt(3),|213agezt(3),49hfdmx(3),163ozyqt(3),|213agezt(3),49hfdmx(3),163ozyqt(3),;19179.1,21047.9,20162.1,17689.2,0,0,0,0,796.08533609038
213agezt(3),49hfdmx(3),163ozyqt(3),|213agezt(3),163ozyqt(3),|213agezt(3),49hfdmx(3),163ozyqt(3),|213agezt(3),49hfdmx(3),163ozyqt(3),;19179.1,21047.9,20162.1,17689.2,0,0,0,0,801.08533609038
213agezt(3),49hfdmx(3),163ozyqt(3),|213agezt(3),163ozyqt(3),|213agezt(3),49hfdmx(3),163ozyqt(3),|213agezt(3),49hfdmx(3),163ozyqt(3),;19179.1,21047.9,20162.1,17689.2,0,0,0,0,806.08533609038
213agezt(3),49hfdmx(3),163ozyqt(3),|213agezt(3),163ozyqt(3),|213agezt(3),49hfdmx(3),163ozyqt(3),|213agezt(3),49hfdmx(3),163ozyqt(3),;19179.1,21047.9,20162.1,17689.2,0,0,0,0,811.08533609038
213agezt(3),49hfdmx(3),163ozyqt(3),|213agezt(3),163ozyqt(3),|213agezt(3),49hfdmx(3),163ozyqt(3),|213agezt(3),49hfdmx(3),163ozyqt(3),;19179.1,21047.9,20162.1,17689.2,0,0,0,0,816.08533609038
213agezt(3),49hfdmx(3),163ozyqt(3),|213agezt(3),163ozyqt(3),|213agezt(3),49hfdmx(3),163ozyqt(3),|213agezt(3),49hfdmx(3),163ozyqt(3),;19179.1,21047.9,20162.1,17689.2,0,0,0,0,821.08533609038
213agezt(3),49hfdmx(3),163ozyqt(3),|213agezt(3),163ozyqt(3),|213agezt(3),49hfdmx(3),163ozyqt(3),|213agezt(3),49hfdmx(3),163ozyqt(3),;19179.1,21047.9,20162.1,17689.2,0,0,0,0,826.08533609038
49hfdmx(3),163ozyqt(3),|163ozyqt(3),|49hfdmx(3),163ozyqt(3),|49hfdmx(3),163ozyqt(3),;20971.1,23735.9,21954.1,20377.2,0,0,0,0,831.08533609038
49hfdmx(3),163ozyqt(3),|163ozyqt(3),|49hfdmx(3),163ozyqt(3),|49hfdmx(3),163ozyqt(3),;20971.1,23735.9,21954.1,20377.2,0,0,0,0,836.08533609038
49hfdmx(3),163ozyqt(3),|163ozyqt(3),|49hfdmx(3),163ozyqt(3),|49hfdmx(3),163ozyqt(3),;20971.1,23735.9,21954.1,20377.2,0,0,0,0,841.08533609038
49hfdmx(3),163ozyqt(3),|163ozyqt(3),|49hfdmx(3),163ozyqt(3),|49hfdmx(3),163ozyqt(3),;20971.1,23735.9,21954.1,20377.2,0,0,0,0,846.08533609038
49hfdmx(3),163ozyqt(3),|163ozyqt(3),|49hfdmx(3),163ozyqt(3),|49hfdmx(3),163ozyqt(3),;20971.1,23735.9,21954.1,20377.2,0,0,0,0,851.08533609038
49hfdmx(3),163ozyqt(3),|163ozyqt(3),|49hfdmx(3),163ozyqt(3),|49hfdmx(3),163ozyqt(3),;20971.1,23735.9,21954.1,20377.2,0,0,0,0,856.08533609038
49hfdmx(3),163ozyqt(3),|163ozyqt(3),|49hfdmx(3),163ozyqt(3),|49hfdmx(3),163ozyqt(3),;20971.1,23735.9,21954.1,20377.2,0,0,0,0,861.08533609038
49hfdmx(3),163ozyqt(3),|163ozyqt(3),|49hfdmx(3),163ozyqt(3),|49hfdmx(3),163ozyqt(3),;20971.1,23735.9,21954.1,20377.2,0,0,0,0,866.08533609038
49hfdmx(3),163ozyqt(3),|163ozyqt(3),|49hfdmx(3),163ozyqt(3),|49hfdmx(3),163ozyqt(3),;20971.1,23735.9,21954.1,20377.2,0,0,0,0,871.08533609038
49hfdmx(3),163ozyqt(3),|163ozyqt(3),|49hfdmx(3),163ozyqt(3),|49hfdmx(3),163ozyqt(3),;20971.1,23735.9,21954.1,20377.2,0,0,0,0,876.08533609038
49hfdmx(3),163ozyqt(3),|163ozyqt(3),|49hfdmx(3),163ozyqt(3),|49hfdmx(3),163ozyqt(3),;20971.1,23735.9,21954.1,20377.2,0,0,0,0,881.08533609038
49hfdmx(3),163ozyqt(3),|163ozyqt(3),|49hfdmx(3),163ozyqt(3),|49hfdmx(3),163ozyqt(3),;20971.1,23735.9,21954.1,20377.2,0,0,0,0,886.08533609038
163ozyqt(3),|163ozyqt(3),|163ozyqt(3),|163ozyqt(3),;22752.9,23735.9,23735.9,22752.9,0,0,0,0,891.08533609038
163ozyqt(3),|163ozyqt(3),|163ozyqt(3),|163ozyqt(3),;22752.9,23735.9,23735.9,22752.9,0,0,0,0,896.08533609038
163ozyqt(3),|163ozyqt(3),|163ozyqt(3),|163ozyqt(3),;22752.9,23735.9,23735.9,22752.9,0,0,0,0,901.08533609038
163ozyqt(3),|163ozyqt(3),|163ozyqt(3),|163ozyqt(3),;22752.9,23735.9,23735.9,22752.9,0,0,0,0,906.08533609038
163ozyqt(3),|163ozyqt(3),|163ozyqt(3),|163ozyqt(3),;22752.9,23735.9,23735.9,22752.9,0,0,0,0,911.08533609038
163ozyqt(3),|163ozyqt(3),|163ozyqt(3),|163ozyqt(3),;22752.9,23735.9,23735.9,22752.9,0,0,0,0,916.08533609038
163ozyqt(3),|163ozyqt(3),|163ozyqt(3),|163ozyqt(3),;22752.9,23735.9,23735.9,22752.9,0,0,0,0,921.08533609038
163ozyqt(3),|163ozyqt(3),|163ozyqt(3),|163ozyqt(3),;22752.9,23735.9,23735.9,22752.9,0,0,0,0,926.08533609038
163ozyqt(3),|163ozyqt(3),|163ozyqt(3),|163ozyqt(3),;22752.9,23735.9,23735.9,22752.9,0,0,0,0,931.08533609038
163ozyqt(3),|163ozyqt(3),|163ozyqt(3),|163ozyqt(3),;22752.9,23735.9,23735.9,22752.9,0,0,0,0,936.08533609038
163ozyqt(3),|163ozyqt(3),|163ozyqt(3),|163ozyqt(3),;22752.9,23735.9,23735.9,22752.9,0,0,0,0,941.08533609038
163ozyqt(3),|163ozyqt(3),|163ozyqt(3),|163ozyqt(3),;22752.9,23735.9,23735.9,22752.9,0,0,0,0,946.08533609038
163ozyqt(3),|163ozyqt(3),|163ozyqt(3),|163ozyqt(3),;22752.9,23735.9,23735.9,22752.9,0,0,0,0,951.08533609038
163ozyqt(3),|163ozyqt(3),|163ozyqt(3),|163ozyqt(3),;22752.9,23735.9,23735.9,22752.9,0,0,0,0,956.08533609038
163ozyqt(3),|163ozyqt(3),|163ozyqt(3),|163ozyqt(3),;22752.9,23735.9,23735.9,22752.9,0,0,0,0,961.08533609038
163ozyqt(3),|163ozyqt(3),|163ozyqt(3),|163ozyqt(3),;22752.9,23735.9,23735.9,22752.9,0,0,0,0,966.08533609038
163ozyqt(3),|163ozyqt(3),|163ozyqt(3),|163ozyqt(3),;22752.9,23735.9,23735.9,22752.9,0,0,0,0,971.08533609038
163ozyqt(3),|163ozyqt(3),|163ozyqt(3),|163ozyqt(3),;22752.9,23735.9,23735.9,22752.9,0,0,0,0,976.08533609038
163ozyqt(3),211qogsm(0),|163ozyqt(3),211qogsm(0),|163ozyqt(3),211qogsm(0),|163ozyqt(3),211qogsm(0),;20003.5,21902.9,21902.9,20003.5,17.422551426475,12.899777836114,12.899777836114,17.422551426475,981.08533609038
163ozyqt(3),211qogsm(2),|163ozyqt(3),211qogsm(2),|163ozyqt(3),211qogsm(2),|163ozyqt(3),211qogsm(2),;20003.5,21902.9,21902.9,20003.5,12.422551426475,7.899777836114,7.899777836114,12.422551426475,986.08533609038
163ozyqt(3),211qogsm(2),|163ozyqt(3),211qogsm(2),|163ozyqt(3),211qogsm(2),|163ozyqt(3),211qogsm(2),;20003.5,21902.9,21902.9,20003.5,7.422551426475,2.899777836114,2.899777836114,7.422551426475,991.08533609038
163ozyqt(3),211qogsm(2),|163ozyqt(3),|163ozyqt(3),|163ozyqt(3),211qogsm(2),;20003.5,23735.9,23735.9,20003.5,2.422551426475,0,0,2.422551426475,996.08533609038
163ozyqt(3),|163ozyqt(3),|163ozyqt(3),|163ozyqt(3),;22752.9,23735.9,23735.9,22752.9,0,0,0,0,1001.08533609038
163ozyqt(3),|163ozyqt(3),|163ozyqt(3),|163ozyqt(3),;22752.9,23735.9,23735.9,22752.9,0,0,0,0,1006.08533609038
163ozyqt(3),|163ozyqt(3),|163ozyqt(3),|163ozyqt(3),;22752.9,23735.9,23735.9,22752.9,0,0,0,0,1011.08533609038
163ozyqt(3),|163ozyqt(3),|163ozyqt(3),|163ozyqt(3),;22752.9,23735.9,23735.9,22752.9,0,0,0,0,1016.08533609038
163ozyqt(3),|163ozyqt(3),|163ozyqt(3),|163ozyqt(3),;22752.9,23735.9,23735.9,22752.9,0,0,0,0,1021.08533609038
163ozyqt(3),|163ozyqt(3),|163ozyqt(3),|163ozyqt(3),;22752.9,23735.9,23735.9,22752.9,0,0,0,0,1026.08533609038
163ozyqt(3),|163ozyqt(3),|163ozyqt(3),|163ozyqt(3),;22752.9,23735.9,23735.9,22752.9,0,0,0,0,1031.08533609038
163ozyqt(3),|163ozyqt(3),|163ozyqt(3),|163ozyqt(3),;22752.9,23735.9,23735.9,22752.9,0,0,0,0,1036.08533609038
163ozyqt(3),|163ozyqt(3),|163ozyqt(3),|163ozyqt(3),;22752.9,23735.9,23735.9,22752.9,0,0,0,0,1041.08533609038
163ozyqt(3),|163ozyqt(3),|163ozyqt(3),|163ozyqt(3),;22752.9,23735.9,23735.9,22752.9,0,0,0,0,1046.08533609038
163ozyqt(3),|163ozyqt(3),|163ozyqt(3),|163ozyqt(3),;22752.9,23735.9,23735.9,22752.9,0,0,0,0,1051.08533609038
163ozyqt(3),|163ozyqt(3),|163ozyqt(3),|163ozyqt(3),;22752.9,23735.9,23735.9,22752.9,0,0,0,0,1056.08533609038
163ozyqt(3),|163ozyqt(3),|163ozyqt(3),|163ozyqt(3),;22752.9,23735.9,23735.9,22752.9,0,0,0,0,1061.08533609038
163ozyqt(3),|163ozyqt(3),|163ozyqt(3),|163ozyqt(3),;22752.9,23735.9,23735.9,22752.9,0,0,0,0,1066.08533609038
163ozyqt(3),|163ozyqt(3),|163ozyqt(3),|163ozyqt(3),;22752.9,23735.9,23735.9,22752.9,0,0,0,0,1071.08533609038
163ozyqt(3),|163ozyqt(3),|163ozyqt(3),|163ozyqt(3),;22752.9,23735.9,23735.9,22752.9,0,0,0,0,1076.08533609038
163ozyqt(3),|163ozyqt(3),|163ozyqt(3),|163ozyqt(3),;22752.9,23735.9,23735.9,22752.9,0,0,0,0,1081.08533609038
163ozyqt(3),|163ozyqt(3),|163ozyqt(3),91vukfb(2),|163ozyqt(3),;22752.9,23735.9,23121.5,22752.9,0,0,2.171442923464,0,1086.08533609038
163ozyqt(3),|163ozyqt(3),|163ozyqt(3),|163ozyqt(3),;22752.9,23735.9,23735.9,22752.9,0,0,0,0,1091.08533609038
163ozyqt(3),|163ozyqt(3),|163ozyqt(3),|163ozyqt(3),;22752.9,23735.9,23735.9,22752.9,0,0,0,0,1096.08533609038
163ozyqt(3),|163ozyqt(3),|163ozyqt(3),|163ozyqt(3),;22752.9,23735.9,23735.9,22752.9,0,0,0,0,1101.08533609038
163ozyqt(3),|163ozyqt(3),|163ozyqt(3),|163ozyqt(3),;22752.9,23735.9,23735.9,22752.9,0,0,0,0,1106.08533609038
163ozyqt(3),|163ozyqt(3),|163ozyqt(3),|163ozyqt(3),;22752.9,23735.9,23735.9,22752.9,0,0,0,0,1111.08533609038
163ozyqt(3),|163ozyqt(3),|163ozyqt(3),|163ozyqt(3),;22752.9,23735.9,23735.9,22752.9,0,0,0,0,1116.08533609038
163ozyqt(3),|163ozyqt(3),|163ozyqt(3),|163ozyqt(3),;22752.9,23735.9,23735.9,22752.9,0,0,0,0,1121.08533609038
163ozyqt(3),|163ozyqt(3),|163ozyqt(3),|163ozyqt(3),;22752.9,23735.9,23735.9,22752.9,0,0,0,0,1126.08533609038
163ozyqt(3),|163ozyqt(3),|163ozyqt(3),|163ozyqt(3),;22752.9,23735.9,23735.9,22752.9,0,0,0,0,1131.08533609038
163ozyqt(3),|163ozyqt(3),|163ozyqt(3),|163ozyqt(3),;22752.9,23735.9,23735.9,22752.9,0,0,0,0,1136.08533609038
163ozyqt(3),|163ozyqt(3),|163ozyqt(3),|163ozyqt(3),;22752.9,23735.9,23735.9,22752.9,0,0,0,0,1141.08533609038
163ozyqt(3),|163ozyqt(3),|163ozyqt(3),|163ozyqt(3),;22752.9,23735.9,23735.9,22752.9,0,0,0,0,1146.08533609038
163ozyqt(3),|163ozyqt(3),|163ozyqt(3),|163ozyqt(3),;22752.9,23735.9,23735.9,22752.9,0,0,0,0,1151.08533609038
163ozyqt(3),|163ozyqt(3),|163ozyqt(3),|163ozyqt(3),;22752.9,23735.9,23735.9,22752.9,0,0,0,0,1156.08533609038
163ozyqt(3),|163ozyqt(3),|163ozyqt(3),|163ozyqt(3),;22752.9,23735.9,23735.9,22752.9,0,0,0,0,1161.08533609038
163ozyqt(3),|163ozyqt(3),|163ozyqt(3),|163ozyqt(3),;22752.9,23735.9,23735.9,22752.9,0,0,0,0,1166.08533609038
163ozyqt(3),|163ozyqt(3),|163ozyqt(3),|163ozyqt(3),;22752.9,23735.9,23735.9,22752.9,0,0,0,0,1171.08533609038
163ozyqt(3),|163ozyqt(3),|163ozyqt(3),|163ozyqt(3),;22752.9,23735.9,23735.9,22752.9,0,0,0,0,1176.08533609038
|||;25702,25702,25702,25702,0,0,0,0,1181.08533609038
|||;25702,25702,25702,25702,0,0,0,0,1186.08533609038
|||;25702,25702,25702,25702,0,0,0,0,1191.08533609038
|||;25702,25702,25702,25702,0,0,0,0,1196.08533609038
|||;25702,25702,25702,25702,0,0,0,0,1201.08533609038
|||;25702,25702,25702,25702,0,0,0,0,1206.08533609038
|||;25702,25702,25702,25702,0,0,0,0,1211.08533609038
|||;25702,25702,25702,25702,0,0,0,0,1216.08533609038
|||;25702,25702,25702,25702,0,0,0,0,1221.08533609038
|||;25702,25702,25702,25702,0,0,0,0,1226.08533609038
|||;25702,25702,25702,25702,0,0,0,0,1231.08533609038
|||;25702,25702,25702,25702,0,0,0,0,1236.08533609038
|||;25702,25702,25702,25702,0,0,0,0,1241.08533609038
|||;25702,25702,25702,25702,0,0,0,0,1246.08533609038
|||;25702,25702,25702,25702,0,0,0,0,1251.08533609038
|||;25702,25702,25702,25702,0,0,0,0,1256.08533609038
|||;25702,25702,25702,25702,0,0,0,0,1261.08533609038
|||;25702,25702,25702,25702,0,0,0,0,1266.08533609038
|||;25702,25702,25702,25702,0,0,0,0,1271.08533609038
|||;25702,25702,25702,25702,0,0,0,0,1276.08533609038
|||;25702,25702,25702,25702,0,0,0,0,1281.08533609038
|||;25702,25702,25702,25702,0,0,0,0,1286.08533609038
|||;25702,25702,25702,25702,0,0,0,0,1291.08533609038
|||;25702,25702,25702,25702,0,0,0,0,1296.08533609038
|||;25702,25702,25702,25702,0,0,0,0,1301.08533609038
|||;25702,25702,25702,25702,0,0,0,0,1306.08533609038
|||;25702,25702,25702,25702,0,0,0,0,1311.08533609038
|||;25702,25702,25702,25702,0,0,0,0,1316.08533609038
|||;25702,25702,25702,25702,0,0,0,0,1321.08533609038
|||;25702,25702,25702,25702,0,0,0,0,1326.08533609038
|||;25702,25702,25702,25702,0,0,0,0,1331.08533609038
|||;25702,25702,25702,25702,0,0,0,0,1336.08533609038
|||;25702,25702,25702,25702,0,0,0,0,1341.08533609038
|||;25702,25702,25702,25702,0,0,0,0,1346.08533609038
|||;25702,25702,25702,25702,0,0,0,0,1351.08533609038
|||;25702,25702,25702,25702,0,0,0,0,1356.08533609038
|||;25702,25702,25702,25702,0,0,0,0,1361.08533609038
|||;25702,25702,25702,25702,0,0,0,0,1366.08533609038
|||;25702,25702,25702,25702,0,0,0,0,1371.08533609038
|||;25702,25702,25702,25702,0,0,0,0,1376.08533609038
|||;25702,25702,25702,25702,0,0,0,0,1381.08533609038
|||;25702,25702,25702,25702,0,0,0,0,1386.08533609038
|||;25702,25702,25702,25702,0,0,0,0,1391.08533609038
|||;25702,25702,25702,25702,0,0,0,0,1396.08533609038
|||;25702,25702,25702,25702,0,0,0,0,1401.08533609038
|||;25702,25702,25702,25702,0,0,0,0,1406.08533609038
|||;25702,25702,25702,25702,0,0,0,0,1411.08533609038
|||;25702,25702,25702,25702,0,0,0,0,1416.08533609038
|||;25702,25702,25702,25702,0,0,0,0,1421.08533609038
|||;25702,25702,25702,25702,0,0,0,0,1426.08533609038
|||;25702,25702,25702,25702,0,0,0,0,1431.08533609038
|||;25702,25702,25702,25702,0,0,0,0,1436.08533609038
|||;25702,25702,25702,25702,0,0,0,0,1441.08533609038
|||;25702,25702,25702,25702,0,0,0,0,1446.08533609038
|||;25702,25702,25702,25702,0,0,0,0,1451.08533609038
|||;25702,25702,25702,25702,0,0,0,0,1456.08533609038
|||;25702,25702,25702,25702,0,0,0,0,1461.08533609038
|||;25702,25702,25702,25702,0,0,0,0,1466.08533609038
|||;25702,25702,25702,25702,0,0,0,0,1471.08533609038
|||;25702,25702,25702,25702,0,0,0,0,1476.08533609038
|||;25702,25702,25702,25702,0,0,0,0,1481.08533609038
|||;25702,25702,25702,25702,0,0,0,0,1486.08533609038
|||;25702,25702,25702,25702,0,0,0,0,1491.08533609038
|||;25702,25702,25702,25702,0,0,0,0,1496.08533609038
|||;25702,25702,25702,25702,0,0,0,0,1501.08533609038
|||;25702,25702,25702,25702,0,0,0,0,1506.08533609038
|||;25702,25702,25702,25702,0,0,0,0,1511.08533609038
|||;25702,25702,25702,25702,0,0,0,0,1516.08533609038
|||;25702,25702,25702,25702,0,0,0,0,1521.08533609038
|||;25702,25702,25702,25702,0,0,0,0,1526.08533609038
|||;25702,25702,25702,25702,0,0,0,0,1531.08533609038
|||;25702,25702,25702,25702,0,0,0,0,1536.08533609038
|||;25702,25702,25702,25702,0,0,0,0,1541.08533609038
|||;25702,25702,25702,25702,0,0,0,0,1546.08533609038
|||;25702,25702,25702,25702,0,0,0,0,1551.08533609038
|||;25702,25702,25702,25702,0,0,0,0,1556.08533609038
|||;25702,25702,25702,25702,0,0,0,0,1561.08533609038
|||;25702,25702,25702,25702,0,0,0,0,1566.08533609038
|||;25702,25702,25702,25702,0,0,0,0,1571.08533609038
|||;25702,25702,25702,25702,0,0,0,0,1576.08533609038
|||;25702,25702,25702,25702,0,0,0,0,1581.08533609038
|||;25702,25702,25702,25702,0,0,0,0,1586.08533609038
|||;25702,25702,25702,25702,0,0,0,0,1591.08533609038
|||;25702,25702,25702,25702,0,0,0,0,1596.08533609038
|||;25702,25702,25702,25702,0,0,0,0,1601.08533609038
|||;25702,25702,25702,25702,0,0,0,0,1606.08533609038
|||;25702,25702,25702,25702,0,0,0,0,1611.08533609038
|||;25702,25702,25702,25702,0,0,0,0,1616.08533609038
|||;25702,25702,25702,25702,0,0,0,0,1621.08533609038
|||;25702,25702,25702,25702,0,0,0,0,1626.08533609038
|||;25702,25702,25702,25702,0,0,0,0,1631.08533609038
|||;25702,25702,25702,25702,0,0,0,0,1636.08533609038
|||;25702,25702,25702,25702,0,0,0,0,1641.08533609038
|||;25702,25702,25702,25702,0,0,0,0,1646.08533609038
|||;25702,25702,25702,25702,0,0,0,0,1651.08533609038
|||;25702,25702,25702,25702,0,0,0,0,1656.08533609038
|||;25702,25702,25702,25702,0,0,0,0,1661.08533609038
|||;25702,25702,25702,25702,0,0,0,0,1666.08533609038
|||;25702,25702,25702,25702,0,0,0,0,1671.08533609038
|||;25702,25702,25702,25702,0,0,0,0,1676.08533609038
|||;25702,25702,25702,25702,0,0,0,0,1681.08533609038
|||;25702,25702,25702,25702,0,0,0,0,1686.08533609038
|||;25702,25702,25702,25702,0,0,0,0,1691.08533609038
|||;25702,25702,25702,25702,0,0,0,0,1696.08533609038
|||;25702,25702,25702,25702,0,0,0,0,1701.08533609038
|||;25702,25702,25702,25702,0,0,0,0,1706.08533609038
|||;25702,25702,25702,25702,0,0,0,0,1711.08533609038
|||;25702,25702,25702,25702,0,0,0,0,1716.08533609038
|||;25702,25702,25702,25702,0,0,0,0,1721.08533609038
|||;25702,25702,25702,25702,0,0,0,0,1726.08533609038
|||;25702,25702,25702,25702,0,0,0,0,1731.08533609038
|||;25702,25702,25702,25702,0,0,0,0,1736.08533609038
|||;25702,25702,25702,25702,0,0,0,0,1741.08533609038
|||;25702,25702,25702,25702,0,0,0,0,1746.08533609038
|||;25702,25702,25702,25702,0,0,0,0,1751.08533609038
|||;25702,25702,25702,25702,0,0,0,0,1756.08533609038
|||;25702,25702,25702,25702,0,0,0,0,1761.08533609038
|||;25702,25702,25702,25702,0,0,0,0,1766.08533609038
|||;25702,25702,25702,25702,0,0,0,0,1771.08533609038
|||;25702,25702,25702,25702,0,0,0,0,1776.08533609038
|||;25702,25702,25702,25702,0,0,0,0,1781.08533609038
|||;25702,25702,25702,25702,0,0,0,0,1786.08533609038
|||;25702,25702,25702,25702,0,0,0,0,1791.08533609038
|||;25702,25702,25702,25702,0,0,0,0,1796.08533609038
|||;25702,25702,25702,25702,0,0,0,0,1801.08533609038
|||;25702,25702,25702,25702,0,0,0,0,1806.08533609038
|||;25702,25702,25702,25702,0,0,0,0,1811.08533609038
|||;25702,25702,25702,25702,0,0,0,0,1816.08533609038
|||;25702,25702,25702,25702,0,0,0,0,1821.08533609038
|||;25702,25702,25702,25702,0,0,0,0,1826.08533609038
|||;25702,25702,25702,25702,0,0,0,0,1831.08533609038
|||;25702,25702,25702,25702,0,0,0,0,1836.08533609038
|||;25702,25702,25702,25702,0,0,0,0,1841.08533609038
|||;25702,25702,25702,25702,0,0,0,0,1846.08533609038
|||;25702,25702,25702,25702,0,0,0,0,1851.08533609038
|||;25702,25702,25702,25702,0,0,0,0,1856.08533609038
|||;25702,25702,25702,25702,0,0,0,0,1861.08533609038
|||;25702,25702,25702,25702,0,0,0,0,1866.08533609038
|||;25702,25702,25702,25702,0,0,0,0,1871.08533609038
|||;25702,25702,25702,25702,0,0,0,0,1876.08533609038
|||;25702,25702,25702,25702,0,0,0,0,1881.08533609038
|||;25702,25702,25702,25702,0,0,0,0,1886.08533609038
|||;25702,25702,25702,25702,0,0,0,0,1891.08533609038
|||;25702,25702,25702,25702,0,0,0,0,1896.08533609038
|||;25702,25702,25702,25702,0,0,0,0,1901.08533609038
|||;25702,25702,25702,25702,0,0,0,0,1906.08533609038
|||;25702,25702,25702,25702,0,0,0,0,1911.08533609038
|||;25702,25702,25702,25702,0,0,0,0,1916.08533609038
|||;25702,25702,25702,25702,0,0,0,0,1921.08533609038
|||;25702,25702,25702,25702,0,0,0,0,1926.08533609038
|||;25702,25702,25702,25702,0,0,0,0,1931.08533609038
|||;25702,25702,25702,25702,0,0,0,0,1936.08533609038
|||;25702,25702,25702,25702,0,0,0,0,1941.08533609038
|||;25702,25702,25702,25702,0,0,0,0,1946.08533609038
|||;25702,25702,25702,25702,0,0,0,0,1951.08533609038
|||;25702,25702,25702,25702,0,0,0,0,1956.08533609038
|||;25702,25702,25702,25702,0,0,0,0,1961.08533609038
|||;25702,25702,25702,25702,0,0,0,0,1966.08533609038
|||;25702,25702,25702,25702,0,0,0,0,1971.08533609038
|||;25702,25702,25702,25702,0,0,0,0,1976.08533609038
|||;25702,25702,25702,25702,0,0,0,0,1981.08533609038
|||;25702,25702,25702,25702,0,0,0,0,1986.08533609038
|||;25702,25702,25702,25702,0,0,0,0,1991.08533609038
|||;25702,25702,25702,25702,0,0,0,0,1996.08533609038
