|||;24064,24064,24064,24064,0,0,0,0,1.142901062721
|||;24064,24064,24064,24064,0,0,0,0,6.142901062721
|||;24064,24064,24064,24064,0,0,0,0,11.142901062721
|||;24064,24064,24064,24064,0,0,0,0,16.142901062721
|||;24064,24064,24064,24064,0,0,0,0,21.142901062721
|||;24064,24064,24064,24064,0,0,0,0,26.142901062721
|||;24064,24064,24064,24064,0,0,0,0,31.142901062721
|||;24064,24064,24064,24064,0,0,0,0,36.142901062721
|||;24064,24064,24064,24064,0,0,0,0,41.142901062721
|||;24064,24064,24064,24064,0,0,0,0,46.142901062721
|||;24064,24064,24064,24064,0,0,0,0,51.142901062721
|||;24064,24064,24064,24064,0,0,0,0,56.142901062721
|||;24064,24064,24064,24064,0,0,0,0,61.142901062721
|||;24064,24064,24064,24064,0,0,0,0,66.142901062721
|||;24064,24064,24064,24064,0,0,0,0,71.142901062721
|||;24064,24064,24064,24064,0,0,0,0,76.142901062721
|||;24064,24064,24064,24064,0,0,0,0,81.142901062721
|||;24064,24064,24064,24064,0,0,0,0,86.142901062721
|||;24064,24064,24064,24064,0,0,0,0,91.142901062721
|||;24064,24064,24064,24064,0,0,0,0,96.142901062721
|||;24064,24064,24064,24064,0,0,0,0,101.142901062721
|||;24064,24064,24064,24064,0,0,0,0,106.142901062721
|||;24064,24064,24064,24064,0,0,0,0,111.142901062721
|||;24064,24064,24064,24064,0,0,0,0,116.142901062721
|||;24064,24064,24064,24064,0,0,0,0,121.142901062721
|||;24064,24064,24064,24064,0,0,0,0,126.142901062721
|||;24064,24064,24064,24064,0,0,0,0,131.142901062721
|||;24064,24064,24064,24064,0,0,0,0,136.142901062721
|||;24064,24064,24064,24064,0,0,0,0,141.142901062721
|||;24064,24064,24064,24064,0,0,0,0,146.142901062721
|||;24064,24064,24064,24064,0,0,0,0,151.142901062721
|||;24064,24064,24064,24064,0,0,0,0,156.142901062721
|||;24064,24064,24064,24064,0,0,0,0,161.142901062721
|||;24064,24064,24064,24064,0,0,0,0,166.142901062721
|||;24064,24064,24064,24064,0,0,0,0,171.142901062721
|||;24064,24064,24064,24064,0,0,0,0,176.142901062721
|||;24064,24064,24064,24064,0,0,0,0,181.142901062721
|||;24064,24064,24064,24064,0,0,0,0,186.142901062721
|||;24064,24064,24064,24064,0,0,0,0,191.142901062721
|||;24064,24064,24064,24064,0,0,0,0,196.142901062721
|||;24064,24064,24064,24064,0,0,0,0,201.142901062721
|||;24064,24064,24064,24064,0,0,0,0,206.142901062721
530nikov(2),|530nikov(2),|530nikov(2),|530nikov(2),;22999,22466.6,22466.6,22999,1.960966888427,4.739359347025,4.739359347025,1.960966888427,211.142901062721
|||966fhikg(2),;24064,24064,24064,21401.6,0,0,0,13.805404100754,216.142901062721
|||966fhikg(2),;24064,24064,24064,21401.6,0,0,0,8.805404100754,221.142901062721
|||966fhikg(2),;24064,24064,24064,21401.6,0,0,0,3.805404100754,226.142901062721
|||966fhikg(3),;24064,24064,24064,21401.6,0,0,0,0,231.142901062721
|||966fhikg(3),;24064,24064,24064,21401.6,0,0,0,0,236.142901062721
|||966fhikg(3),;24064,24064,24064,21401.6,0,0,0,0,241.142901062721
|||966fhikg(3),;24064,24064,24064,21401.6,0,0,0,0,246.142901062721
|||966fhikg(3),;24064,24064,24064,21401.6,0,0,0,0,251.142901062721
|||966fhikg(3),;24064,24064,24064,21401.6,0,0,0,0,256.142901062721
|||966fhikg(3),;24064,24064,24064,21401.6,0,0,0,0,261.142901062721
|||966fhikg(3),;24064,24064,24064,21401.6,0,0,0,0,266.142901062721
|||966fhikg(3),;24064,24064,24064,21401.6,0,0,0,0,271.142901062721
|||966fhikg(3),;24064,24064,24064,21401.6,0,0,0,0,276.142901062721
|||966fhikg(3),;24064,24064,24064,21401.6,0,0,0,0,281.142901062721
|||966fhikg(3),;24064,24064,24064,21401.6,0,0,0,0,286.142901062721
|||966fhikg(3),;24064,24064,24064,21401.6,0,0,0,0,291.142901062721
|||966fhikg(3),;24064,24064,24064,21401.6,0,0,0,0,296.142901062721
|||966fhikg(3),;24064,24064,24064,21401.6,0,0,0,0,301.142901062721
|||966fhikg(3),;24064,24064,24064,21401.6,0,0,0,0,306.142901062721
|||966fhikg(3),;24064,24064,24064,21401.6,0,0,0,0,311.142901062721
|||966fhikg(3),;24064,24064,24064,21401.6,0,0,0,0,316.142901062721
|||966fhikg(3),;24064,24064,24064,21401.6,0,0,0,0,321.142901062721
|||966fhikg(3),;24064,24064,24064,21401.6,0,0,0,0,326.142901062721
|||966fhikg(3),;24064,24064,24064,21401.6,0,0,0,0,331.142901062721
|||966fhikg(3),;24064,24064,24064,21401.6,0,0,0,0,336.142901062721
|||966fhikg(3),;24064,24064,24064,21401.6,0,0,0,0,341.142901062721
|||966fhikg(3),;24064,24064,24064,21401.6,0,0,0,0,346.142901062721
|434lourx(0),||966fhikg(3),;24064,23326.7,24064,21401.6,0,5.635633519189,0,0,351.142901062721
|434lourx(2),||966fhikg(3),;24064,23326.7,24064,21401.6,0,0.635633519189,0,0,356.142901062721
|434lourx(3),731ykroc(0),||966fhikg(3),;24064,21483.5,24064,21401.6,0,10.581685939624,0,0,361.142901062721
|434lourx(3),731ykroc(2),|687riyvf(2),|966fhikg(3),687riyvf(2),;24064,21483.5,21483.5,19681.3,0,5.581685939624,13.443892787289,8.955720354168,366.142901062721
|434lourx(3),731ykroc(2),|687riyvf(2),|966fhikg(3),687riyvf(2),;24064,21483.5,21483.5,19681.3,0,0.581685939624,8.443892787289,3.955720354168,371.142901062721
|434lourx(3),731ykroc(3),|687riyvf(2),|966fhikg(3),;24064,21483.5,21483.5,21401.6,0,0,3.443892787289,0,376.142901062721
|434lourx(3),731ykroc(3),||966fhikg(3),;24064,21483.5,24064,21401.6,0,0,0,0,381.142901062721
|434lourx(3),731ykroc(3),||966fhikg(3),;24064,21483.5,24064,21401.6,0,0,0,0,386.142901062721
|434lourx(3),731ykroc(3),||966fhikg(3),;24064,21483.5,24064,21401.6,0,0,0,0,391.142901062721
|434lourx(3),731ykroc(3),||966fhikg(3),;24064,21483.5,24064,21401.6,0,0,0,0,396.142901062721
|434lourx(3),731ykroc(3),||966fhikg(3),;24064,21483.5,24064,21401.6,0,0,0,0,401.142901062721
|434lourx(3),731ykroc(3),||966fhikg(3),;24064,21483.5,24064,21401.6,0,0,0,0,406.142901062721
|434lourx(3),731ykroc(3),||966fhikg(3),;24064,21483.5,24064,21401.6,0,0,0,0,411.142901062721
|434lourx(3),731ykroc(3),||966fhikg(3),;24064,21483.5,24064,21401.6,0,0,0,0,416.142901062721
|434lourx(3),731ykroc(3),||966fhikg(3),;24064,21483.5,24064,21401.6,0,0,0,0,421.142901062721
|434lourx(3),731ykroc(3),||966fhikg(3),;24064,21483.5,24064,21401.6,0,0,0,0,426.142901062721
|434lourx(3),731ykroc(3),||966fhikg(3),;24064,21483.5,24064,21401.6,0,0,0,0,431.142901062721
|434lourx(3),731ykroc(3),||966fhikg(3),;24064,21483.5,24064,21401.6,0,0,0,0,436.142901062721
|434lourx(3),731ykroc(3),407sefpq(0),||966fhikg(3),407sefpq(0),;24064,16691.2,24064,20602.9,0,26.814606205509,0,4.936662766018,441.142901062721
|434lourx(3),731ykroc(3),407sefpq(2),||966fhikg(3),407sefpq(3),;24064,16691.2,24064,20602.9,0,21.814606205509,0,0,446.142901062721
|434lourx(3),731ykroc(3),407sefpq(2),||966fhikg(3),407sefpq(3),;24064,16691.2,24064,20602.9,0,16.814606205509,0,0,451.142901062721
|434lourx(3),407sefpq(2),||407sefpq(3),;24064,18534.4,24064,23265.3,0,11.814606205509,0,0,456.142901062721
|434lourx(3),407sefpq(2),||407sefpq(3),;24064,18534.4,24064,23265.3,0,6.814606205509,0,0,461.142901062721
|434lourx(3),407sefpq(2),||407sefpq(3),;24064,18534.4,24064,23265.3,0,1.814606205509,0,0,466.142901062721
54ighfw(0),|434lourx(3),407sefpq(3),|54ighfw(0),|407sefpq(3),54ighfw(0),;23188.5,18534.4,23188.5,21514.3,5.463381253818,0,5.463381253818,10.145699623245,471.142901062721
54ighfw(2),|434lourx(3),407sefpq(3),|54ighfw(2),|407sefpq(3),54ighfw(2),;23188.5,18534.4,23188.5,21514.3,0.463381253818,0,0.463381253818,5.145699623245,476.142901062721
|434lourx(3),407sefpq(3),|54ighfw(3),|407sefpq(3),54ighfw(3),;24064,18534.4,23188.5,21514.3,0,0,0,0.145699623245,481.142901062721
|434lourx(3),407sefpq(3),|54ighfw(3),|407sefpq(3),54ighfw(3),;24064,18534.4,23188.5,21514.3,0,0,0,0,486.142901062721
|434lourx(3),407sefpq(3),|54ighfw(3),|407sefpq(3),54ighfw(3),;24064,18534.4,23188.5,21514.3,0,0,0,0,491.142901062721
235uwdqh(0),|434lourx(3),407sefpq(3),|54ighfw(3),|407sefpq(3),54ighfw(3),235uwdqh(0),;20147.2,18534.4,23188.5,18380.9,22.496151689476,0,0,18.306708937884,496.142901062721
235uwdqh(2),|434lourx(3),407sefpq(3),|54ighfw(3),|407sefpq(3),54ighfw(3),235uwdqh(2),;20147.2,18534.4,23188.5,18380.9,17.496151689476,0,0,13.306708937884,501.142901062721
235uwdqh(2),|434lourx(3),407sefpq(3),|54ighfw(3),|407sefpq(3),54ighfw(3),235uwdqh(2),;20147.2,18534.4,23188.5,18380.9,12.496151689476,0,0,8.306708937884,506.142901062721
235uwdqh(2),|434lourx(3),407sefpq(3),|54ighfw(3),|407sefpq(3),54ighfw(3),235uwdqh(2),;20147.2,18534.4,23188.5,18380.9,7.496151689476,0,0,3.306708937884,511.142901062721
235uwdqh(2),|434lourx(3),407sefpq(3),|54ighfw(3),|407sefpq(3),54ighfw(3),235uwdqh(3),;20147.2,18534.4,23188.5,18380.9,2.496151689476,0,0,0,516.142901062721
235uwdqh(3),|434lourx(3),407sefpq(3),|54ighfw(3),|407sefpq(3),54ighfw(3),235uwdqh(3),;20147.2,18534.4,23188.5,18380.9,0,0,0,0,521.142901062721
235uwdqh(3),|434lourx(3),407sefpq(3),|54ighfw(3),|407sefpq(3),54ighfw(3),235uwdqh(3),;20147.2,18534.4,23188.5,18380.9,0,0,0,0,526.142901062721
235uwdqh(3),|434lourx(3),407sefpq(3),|54ighfw(3),|407sefpq(3),54ighfw(3),235uwdqh(3),;20147.2,18534.4,23188.5,18380.9,0,0,0,0,531.142901062721
235uwdqh(3),|434lourx(3),407sefpq(3),|54ighfw(3),|407sefpq(3),54ighfw(3),235uwdqh(3),;20147.2,18534.4,23188.5,18380.9,0,0,0,0,536.142901062721
235uwdqh(3),|434lourx(3),407sefpq(3),|54ighfw(3),|407sefpq(3),54ighfw(3),235uwdqh(3),;20147.2,18534.4,23188.5,18380.9,0,0,0,0,541.142901062721
235uwdqh(3),|434lourx(3),407sefpq(3),|54ighfw(3),|407sefpq(3),54ighfw(3),235uwdqh(3),;20147.2,18534.4,23188.5,18380.9,0,0,0,0,546.142901062721
235uwdqh(3),|434lourx(3),407sefpq(3),|54ighfw(3),|407sefpq(3),54ighfw(3),235uwdqh(3),;20147.2,18534.4,23188.5,18380.9,0,0,0,0,551.142901062721
235uwdqh(3),|434lourx(3),407sefpq(3),|54ighfw(3),|407sefpq(3),54ighfw(3),235uwdqh(3),;20147.2,18534.4,23188.5,18380.9,0,0,0,0,556.142901062721
235uwdqh(3),228htrdi(2),|434lourx(3),407sefpq(3),228htrdi(2),|54ighfw(3),228htrdi(2),|407sefpq(3),54ighfw(3),235uwdqh(3),228htrdi(2),;18969.6,16768,21422.1,17203.3,5.824956424937,8.897217316656,8.897217316656,5.824956424937,561.142901062721
235uwdqh(3),228htrdi(2),|434lourx(3),407sefpq(3),228htrdi(2),|54ighfw(3),228htrdi(2),|407sefpq(3),54ighfw(3),235uwdqh(3),228htrdi(2),;18969.6,16768,21422.1,17203.3,0.824956424937,3.897217316656,3.897217316656,0.824956424937,566.142901062721
235uwdqh(3),|434lourx(3),407sefpq(3),|54ighfw(3),|407sefpq(3),54ighfw(3),235uwdqh(3),;20147.2,18534.4,23188.5,18380.9,0,0,0,0,571.142901062721
235uwdqh(3),|434lourx(3),407sefpq(3),|54ighfw(3),|407sefpq(3),54ighfw(3),235uwdqh(3),741slzvh(0),;20147.2,18534.4,23188.5,15820.9,0,0,0,15.177333288593,576.142901062721
235uwdqh(3),|434lourx(3),407sefpq(3),|54ighfw(3),|407sefpq(3),54ighfw(3),235uwdqh(3),741slzvh(2),;20147.2,18534.4,23188.5,15820.9,0,0,0,10.177333288593,581.142901062721
235uwdqh(3),|434lourx(3),407sefpq(3),|54ighfw(3),|407sefpq(3),54ighfw(3),235uwdqh(3),741slzvh(2),;20147.2,18534.4,23188.5,15820.9,0,0,0,5.177333288593,586.142901062721
235uwdqh(3),|434lourx(3),407sefpq(3),|54ighfw(3),|407sefpq(3),54ighfw(3),235uwdqh(3),741slzvh(3),;20147.2,18534.4,23188.5,15820.9,0,0,0,0.177333288593,591.142901062721
235uwdqh(3),|434lourx(3),407sefpq(3),||235uwdqh(3),741slzvh(3),;20147.2,18534.4,24064,18370.6,0,0,0,0,596.142901062721
235uwdqh(3),|434lourx(3),407sefpq(3),215kcsvn(0),||235uwdqh(3),741slzvh(3),;20147.2,10547.2,24064,18370.6,0,46.511180918541,0,0,601.142901062721
235uwdqh(3),|434lourx(3),407sefpq(3),215kcsvn(2),||235uwdqh(3),741slzvh(3),;20147.2,10547.2,24064,18370.6,0,41.511180918541,0,0,606.142901062721
235uwdqh(3),|434lourx(3),407sefpq(3),215kcsvn(2),||235uwdqh(3),741slzvh(3),;20147.2,10547.2,24064,18370.6,0,36.511180918541,0,0,611.142901062721
235uwdqh(3),|434lourx(3),407sefpq(3),215kcsvn(2),||235uwdqh(3),741slzvh(3),;20147.2,10547.2,24064,18370.6,0,31.511180918541,0,0,616.142901062721
235uwdqh(3),|434lourx(3),407sefpq(3),215kcsvn(2),||235uwdqh(3),741slzvh(3),;20147.2,10547.2,24064,18370.6,0,26.511180918541,0,0,621.142901062721
235uwdqh(3),|434lourx(3),407sefpq(3),215kcsvn(2),||235uwdqh(3),741slzvh(3),;20147.2,10547.2,24064,18370.6,0,21.511180918541,0,0,626.142901062721
235uwdqh(3),|434lourx(3),407sefpq(3),215kcsvn(2),||235uwdqh(3),741slzvh(3),;20147.2,10547.2,24064,18370.6,0,16.511180918541,0,0,631.142901062721
235uwdqh(3),|434lourx(3),407sefpq(3),215kcsvn(2),||235uwdqh(3),741slzvh(3),;20147.2,10547.2,24064,18370.6,0,11.511180918541,0,0,636.142901062721
235uwdqh(3),|434lourx(3),407sefpq(3),215kcsvn(2),||235uwdqh(3),741slzvh(3),;20147.2,10547.2,24064,18370.6,0,6.511180918541,0,0,641.142901062721
235uwdqh(3),|434lourx(3),407sefpq(3),215kcsvn(2),235fagxt(1),|235fagxt(2),|235uwdqh(3),741slzvh(3),;20147.2,7577.6,21094.4,18370.6,0,21.444723183177,15.944042201915,0,646.142901062721
|434lourx(3),407sefpq(3),215kcsvn(3),235fagxt(2),|235fagxt(2),|741slzvh(3),;24064,7577.6,21094.4,21504,0,16.444723183177,10.944042201915,0,651.142901062721
|434lourx(3),407sefpq(3),215kcsvn(3),235fagxt(2),|235fagxt(2),|741slzvh(3),;24064,7577.6,21094.4,21504,0,11.444723183177,5.944042201915,0,656.142901062721
|434lourx(3),407sefpq(3),215kcsvn(3),235fagxt(2),|235fagxt(2),|741slzvh(3),;24064,7577.6,21094.4,21504,0,6.444723183177,0.944042201915,0,661.142901062721
|434lourx(3),407sefpq(3),215kcsvn(3),235fagxt(3),|235fagxt(3),|741slzvh(3),;24064,7577.6,21094.4,21504,0,1.444723183177,0,0,666.142901062721
241inzpc(0),|434lourx(3),407sefpq(3),215kcsvn(3),235fagxt(3),241inzpc(0),|235fagxt(3),241inzpc(0),|741slzvh(3),241inzpc(0),;22978.6,5949.44,20009,19875.8,7.93316312147,10.835652870939,7.93316312147,10.835652870939,671.142901062721
241inzpc(2),|434lourx(3),407sefpq(3),215kcsvn(3),235fagxt(3),241inzpc(2),|235fagxt(3),241inzpc(2),|741slzvh(3),241inzpc(2),;22978.6,5949.44,20009,19875.8,2.93316312147,5.835652870939,2.93316312147,5.835652870939,676.142901062721
|434lourx(3),407sefpq(3),215kcsvn(3),235fagxt(3),241inzpc(2),|235fagxt(3),|741slzvh(3),241inzpc(2),;24064,5949.44,21094.4,19875.8,0,0.835652870939,0,0.835652870939,681.142901062721
|434lourx(3),407sefpq(3),215kcsvn(3),235fagxt(3),|235fagxt(3),|741slzvh(3),;24064,7577.6,21094.4,21504,0,0,0,0,686.142901062721
|434lourx(3),407sefpq(3),215kcsvn(3),235fagxt(3),|235fagxt(3),|741slzvh(3),;24064,7577.6,21094.4,21504,0,0,0,0,691.142901062721
|434lourx(3),407sefpq(3),215kcsvn(3),235fagxt(3),|235fagxt(3),|741slzvh(3),;24064,7577.6,21094.4,21504,0,0,0,0,696.142901062721
|434lourx(3),407sefpq(3),215kcsvn(3),235fagxt(3),|235fagxt(3),|741slzvh(3),;24064,7577.6,21094.4,21504,0,0,0,0,701.142901062721
|434lourx(3),407sefpq(3),215kcsvn(3),235fagxt(3),|235fagxt(3),|741slzvh(3),;24064,7577.6,21094.4,21504,0,0,0,0,706.142901062721
|434lourx(3),407sefpq(3),215kcsvn(3),235fagxt(3),|235fagxt(3),|741slzvh(3),;24064,7577.6,21094.4,21504,0,0,0,0,711.142901062721
|434lourx(3),407sefpq(3),215kcsvn(3),235fagxt(3),|235fagxt(3),|741slzvh(3),;24064,7577.6,21094.4,21504,0,0,0,0,716.142901062721
|434lourx(3),407sefpq(3),215kcsvn(3),235fagxt(3),|235fagxt(3),|741slzvh(3),;24064,7577.6,21094.4,21504,0,0,0,0,721.142901062721
|434lourx(3),407sefpq(3),215kcsvn(3),235fagxt(3),|235fagxt(3),|741slzvh(3),;24064,7577.6,21094.4,21504,0,0,0,0,726.142901062721
|434lourx(3),407sefpq(3),215kcsvn(3),235fagxt(3),|235fagxt(3),|741slzvh(3),;24064,7577.6,21094.4,21504,0,0,0,0,731.142901062721
|434lourx(3),407sefpq(3),215kcsvn(3),235fagxt(3),|235fagxt(3),|741slzvh(3),;24064,7577.6,21094.4,21504,0,0,0,0,736.142901062721
|434lourx(3),407sefpq(3),215kcsvn(3),235fagxt(3),|235fagxt(3),|741slzvh(3),;24064,7577.6,21094.4,21504,0,0,0,0,741.142901062721
|434lourx(3),407sefpq(3),215kcsvn(3),235fagxt(3),|235fagxt(3),|741slzvh(3),;24064,7577.6,21094.4,21504,0,0,0,0,746.142901062721
|434lourx(3),407sefpq(3),215kcsvn(3),235fagxt(3),|235fagxt(3),|741slzvh(3),;24064,7577.6,21094.4,21504,0,0,0,0,751.142901062721
|434lourx(3),407sefpq(3),215kcsvn(3),235fagxt(3),|235fagxt(3),|741slzvh(3),;24064,7577.6,21094.4,21504,0,0,0,0,756.142901062721
|434lourx(3),407sefpq(3),215kcsvn(3),||741slzvh(3),;24064,10547.2,24064,21504,0,0,0,0,761.142901062721
|434lourx(3),407sefpq(3),215kcsvn(3),||741slzvh(3),;24064,10547.2,24064,21504,0,0,0,0,766.142901062721
|434lourx(3),407sefpq(3),215kcsvn(3),||741slzvh(3),;24064,10547.2,24064,21504,0,0,0,0,771.142901062721
|434lourx(3),407sefpq(3),215kcsvn(3),||741slzvh(3),;24064,10547.2,24064,21504,0,0,0,0,776.142901062721
|434lourx(3),407sefpq(3),215kcsvn(3),||741slzvh(3),;24064,10547.2,24064,21504,0,0,0,0,781.142901062721
|434lourx(3),407sefpq(3),215kcsvn(3),||741slzvh(3),;24064,10547.2,24064,21504,0,0,0,0,786.142901062721
|434lourx(3),407sefpq(3),215kcsvn(3),||741slzvh(3),;24064,10547.2,24064,21504,0,0,0,0,791.142901062721
|434lourx(3),407sefpq(3),215kcsvn(3),||741slzvh(3),;24064,10547.2,24064,21504,0,0,0,0,796.142901062721
|434lourx(3),407sefpq(3),215kcsvn(3),||741slzvh(3),;24064,10547.2,24064,21504,0,0,0,0,801.142901062721
|434lourx(3),407sefpq(3),215kcsvn(3),||741slzvh(3),;24064,10547.2,24064,21504,0,0,0,0,806.142901062721
|434lourx(3),407sefpq(3),215kcsvn(3),||741slzvh(3),;24064,10547.2,24064,21504,0,0,0,0,811.142901062721
|434lourx(3),215kcsvn(3),||741slzvh(3),;24064,15339.5,24064,21504,0,0,0,0,816.142901062721
|434lourx(3),215kcsvn(3),||741slzvh(3),;24064,15339.5,24064,21504,0,0,0,0,821.142901062721
|434lourx(3),||741slzvh(3),;24064,23326.7,24064,21504,0,0,0,0,826.142901062721
|434lourx(3),||741slzvh(3),;24064,23326.7,24064,21504,0,0,0,0,831.142901062721
|434lourx(3),||741slzvh(3),;24064,23326.7,24064,21504,0,0,0,0,836.142901062721
|434lourx(3),||741slzvh(3),;24064,23326.7,24064,21504,0,0,0,0,841.142901062721
|434lourx(3),||;24064,23326.7,24064,24064,0,0,0,0,846.142901062721
|434lourx(3),||;24064,23326.7,24064,24064,0,0,0,0,851.142901062721
|434lourx(3),||;24064,23326.7,24064,24064,0,0,0,0,856.142901062721
|434lourx(3),||;24064,23326.7,24064,24064,0,0,0,0,861.142901062721
|434lourx(3),||;24064,23326.7,24064,24064,0,0,0,0,866.142901062721
|434lourx(3),||;24064,23326.7,24064,24064,0,0,0,0,871.142901062721
92kirop(2),|434lourx(3),92kirop(2),|92kirop(2),|92kirop(2),;22343.7,20746.2,21483.5,22343.7,9.008257122519,13.49642955564,13.49642955564,9.008257122519,876.142901062721
92kirop(2),638ptdmh(1),|434lourx(3),92kirop(2),638ptdmh(1),|92kirop(2),638ptdmh(1),|92kirop(2),638ptdmh(1),;19671.1,18964.4,19701.7,19671.1,22.604178499459,22.327886626848,22.327886626848,22.604178499459,881.142901062721
638ptdmh(2),|434lourx(3),92kirop(2),638ptdmh(1),|92kirop(2),638ptdmh(1),|638ptdmh(2),;21391.4,18964.4,19701.7,21391.4,17.604178499459,17.327886626848,17.327886626848,17.604178499459,886.142901062721
638ptdmh(2),|434lourx(3),638ptdmh(2),|638ptdmh(2),|638ptdmh(2),;21391.4,21544.9,22282.2,21391.4,12.604178499459,12.327886626848,12.327886626848,12.604178499459,891.142901062721
638ptdmh(2),|434lourx(3),638ptdmh(2),|638ptdmh(2),|638ptdmh(2),;21391.4,21544.9,22282.2,21391.4,7.604178499459,7.327886626848,7.327886626848,7.604178499459,896.142901062721
638ptdmh(3),|434lourx(3),638ptdmh(3),|638ptdmh(3),|638ptdmh(3),;21391.4,21544.9,22282.2,21391.4,2.604178499459,2.327886626848,2.327886626848,2.604178499459,901.142901062721
638ptdmh(3),487dgmlj(0),|434lourx(3),638ptdmh(3),487dgmlj(0),|638ptdmh(3),487dgmlj(0),|638ptdmh(3),487dgmlj(0),;20131.9,20285.4,21652.4,20761.6,10.045673743838,10.045673743838,6.677690355303,6.677690355303,906.142901062721
638ptdmh(3),487dgmlj(2),|434lourx(3),638ptdmh(3),487dgmlj(2),|638ptdmh(3),487dgmlj(2),|638ptdmh(3),487dgmlj(2),;20131.9,20285.4,21652.4,20761.6,5.045673743838,5.045673743838,1.677690355303,1.677690355303,911.142901062721
638ptdmh(3),|434lourx(3),638ptdmh(3),|638ptdmh(3),|638ptdmh(3),;21391.4,21544.9,22282.2,21391.4,0.045673743838,0.045673743838,0,0,916.142901062721
638ptdmh(3),|434lourx(3),638ptdmh(3),|638ptdmh(3),|638ptdmh(3),;21391.4,21544.9,22282.2,21391.4,0,0,0,0,921.142901062721
638ptdmh(3),|434lourx(3),638ptdmh(3),|638ptdmh(3),|638ptdmh(3),;21391.4,21544.9,22282.2,21391.4,0,0,0,0,926.142901062721
638ptdmh(3),|434lourx(3),638ptdmh(3),|638ptdmh(3),|638ptdmh(3),;21391.4,21544.9,22282.2,21391.4,0,0,0,0,931.142901062721
638ptdmh(3),|434lourx(3),638ptdmh(3),|638ptdmh(3),|638ptdmh(3),;21391.4,21544.9,22282.2,21391.4,0,0,0,0,936.142901062721
638ptdmh(3),|434lourx(3),638ptdmh(3),|638ptdmh(3),|638ptdmh(3),;21391.4,21544.9,22282.2,21391.4,0,0,0,0,941.142901062721
638ptdmh(3),|434lourx(3),638ptdmh(3),|638ptdmh(3),|638ptdmh(3),;21391.4,21544.9,22282.2,21391.4,0,0,0,0,946.142901062721
638ptdmh(3),|434lourx(3),638ptdmh(3),|638ptdmh(3),|638ptdmh(3),;21391.4,21544.9,22282.2,21391.4,0,0,0,0,951.142901062721
638ptdmh(3),|434lourx(3),638ptdmh(3),|638ptdmh(3),|638ptdmh(3),;21391.4,21544.9,22282.2,21391.4,0,0,0,0,956.142901062721
638ptdmh(3),|434lourx(3),638ptdmh(3),|638ptdmh(3),|638ptdmh(3),;21391.4,21544.9,22282.2,21391.4,0,0,0,0,961.142901062721
638ptdmh(3),|434lourx(3),638ptdmh(3),|638ptdmh(3),|638ptdmh(3),;21391.4,21544.9,22282.2,21391.4,0,0,0,0,966.142901062721
638ptdmh(3),|434lourx(3),638ptdmh(3),|638ptdmh(3),|638ptdmh(3),;21391.4,21544.9,22282.2,21391.4,0,0,0,0,971.142901062721
638ptdmh(3),|434lourx(3),638ptdmh(3),|638ptdmh(3),|638ptdmh(3),;21391.4,21544.9,22282.2,21391.4,0,0,0,0,976.142901062721
638ptdmh(3),|434lourx(3),638ptdmh(3),|638ptdmh(3),|638ptdmh(3),;21391.4,21544.9,22282.2,21391.4,0,0,0,0,981.142901062721
638ptdmh(3),|434lourx(3),638ptdmh(3),|638ptdmh(3),|638ptdmh(3),;21391.4,21544.9,22282.2,21391.4,0,0,0,0,986.142901062721
638ptdmh(3),|434lourx(3),638ptdmh(3),|638ptdmh(3),|638ptdmh(3),;21391.4,21544.9,22282.2,21391.4,0,0,0,0,991.142901062721
638ptdmh(3),|434lourx(3),638ptdmh(3),|638ptdmh(3),|638ptdmh(3),;21391.4,21544.9,22282.2,21391.4,0,0,0,0,996.142901062721
638ptdmh(3),218umtkg(0),|434lourx(3),638ptdmh(3),218umtkg(0),|638ptdmh(3),218umtkg(0),|638ptdmh(3),218umtkg(0),;18565.2,16834.5,21340.1,20449.3,16.592465383317,26.42370023682,6.761230529814,6.761230529814,1001.142901062721
638ptdmh(3),218umtkg(2),|434lourx(3),638ptdmh(3),218umtkg(2),|638ptdmh(3),218umtkg(2),|638ptdmh(3),218umtkg(2),;18565.2,16834.5,21340.1,20449.3,11.592465383317,21.42370023682,1.761230529814,1.761230529814,1006.142901062721
638ptdmh(3),218umtkg(2),|434lourx(3),638ptdmh(3),218umtkg(2),|638ptdmh(3),|638ptdmh(3),;18565.2,16834.5,22282.2,21391.4,6.592465383317,16.42370023682,0,0,1011.142901062721
638ptdmh(3),218umtkg(2),|434lourx(3),638ptdmh(3),218umtkg(2),|638ptdmh(3),|638ptdmh(3),;18565.2,16834.5,22282.2,21391.4,1.592465383317,11.42370023682,0,0,1016.142901062721
638ptdmh(3),218umtkg(3),|434lourx(3),638ptdmh(3),218umtkg(2),|638ptdmh(3),|638ptdmh(3),;18565.2,16834.5,22282.2,21391.4,0,6.42370023682,0,0,1021.142901062721
638ptdmh(3),218umtkg(3),|434lourx(3),638ptdmh(3),218umtkg(2),|638ptdmh(3),|638ptdmh(3),;18565.2,16834.5,22282.2,21391.4,0,1.42370023682,0,0,1026.142901062721
638ptdmh(3),218umtkg(3),|434lourx(3),638ptdmh(3),218umtkg(3),|638ptdmh(3),|638ptdmh(3),;18565.2,16834.5,22282.2,21391.4,0,0,0,0,1031.142901062721
638ptdmh(3),218umtkg(3),|434lourx(3),638ptdmh(3),218umtkg(3),|638ptdmh(3),|638ptdmh(3),;18565.2,16834.5,22282.2,21391.4,0,0,0,0,1036.142901062721
638ptdmh(3),218umtkg(3),|434lourx(3),638ptdmh(3),218umtkg(3),|638ptdmh(3),|638ptdmh(3),;18565.2,16834.5,22282.2,21391.4,0,0,0,0,1041.142901062721
638ptdmh(3),218umtkg(3),|434lourx(3),638ptdmh(3),218umtkg(3),|638ptdmh(3),|638ptdmh(3),;18565.2,16834.5,22282.2,21391.4,0,0,0,0,1046.142901062721
218umtkg(3),214brlst(0),|434lourx(3),218umtkg(3),214brlst(0),|214brlst(0),|;17612.8,15897.6,21345.3,24064,22.12556557044,17.160955328402,17.160955328402,0,1051.142901062721
218umtkg(3),214brlst(2),|434lourx(3),218umtkg(3),214brlst(2),|214brlst(2),|;17612.8,15897.6,21345.3,24064,17.12556557044,12.160955328402,12.160955328402,0,1056.142901062721
218umtkg(3),214brlst(2),|434lourx(3),218umtkg(3),214brlst(2),|214brlst(2),|;17612.8,15897.6,21345.3,24064,12.12556557044,7.160955328402,7.160955328402,0,1061.142901062721
218umtkg(3),214brlst(2),|434lourx(3),218umtkg(3),214brlst(2),|214brlst(2),|;17612.8,15897.6,21345.3,24064,7.12556557044,2.160955328402,2.160955328402,0,1066.142901062721
218umtkg(3),214brlst(2),|434lourx(3),218umtkg(3),214brlst(3),|214brlst(3),|;17612.8,15897.6,21345.3,24064,2.12556557044,0,0,0,1071.142901062721
218umtkg(3),214brlst(3),|434lourx(3),218umtkg(3),214brlst(3),|214brlst(3),|;17612.8,15897.6,21345.3,24064,0,0,0,0,1076.142901062721
218umtkg(3),214brlst(3),|434lourx(3),218umtkg(3),214brlst(3),|214brlst(3),|;17612.8,15897.6,21345.3,24064,0,0,0,0,1081.142901062721
218umtkg(3),214brlst(3),|434lourx(3),218umtkg(3),214brlst(3),|214brlst(3),|;17612.8,15897.6,21345.3,24064,0,0,0,0,1086.142901062721
218umtkg(3),214brlst(3),|434lourx(3),218umtkg(3),214brlst(3),977ihkjo(0),|214brlst(3),|977ihkjo(0),;17612.8,10854.4,21345.3,19020.8,0,27.295195090213,0,27.295195090213,1091.142901062721
218umtkg(3),214brlst(3),|434lourx(3),218umtkg(3),214brlst(3),977ihkjo(2),|214brlst(3),|977ihkjo(2),;17612.8,10854.4,21345.3,19020.8,0,22.295195090213,0,22.295195090213,1096.142901062721
218umtkg(3),214brlst(3),|434lourx(3),218umtkg(3),214brlst(3),977ihkjo(2),|214brlst(3),|977ihkjo(2),;17612.8,10854.4,21345.3,19020.8,0,17.295195090213,0,17.295195090213,1101.142901062721
218umtkg(3),214brlst(3),|434lourx(3),218umtkg(3),214brlst(3),977ihkjo(2),|214brlst(3),|977ihkjo(2),;17612.8,10854.4,21345.3,19020.8,0,12.295195090213,0,12.295195090213,1106.142901062721
218umtkg(3),214brlst(3),|434lourx(3),218umtkg(3),214brlst(3),977ihkjo(2),|214brlst(3),|977ihkjo(2),;17612.8,10854.4,21345.3,19020.8,0,7.295195090213,0,7.295195090213,1111.142901062721
218umtkg(3),214brlst(3),|434lourx(3),218umtkg(3),214brlst(3),977ihkjo(2),|214brlst(3),|977ihkjo(2),;17612.8,10854.4,21345.3,19020.8,0,2.295195090213,0,2.295195090213,1116.142901062721
218umtkg(3),214brlst(3),|434lourx(3),218umtkg(3),214brlst(3),977ihkjo(3),|214brlst(3),|977ihkjo(3),;17612.8,10854.4,21345.3,19020.8,0,0,0,0,1121.142901062721
218umtkg(3),214brlst(3),|434lourx(3),218umtkg(3),214brlst(3),977ihkjo(3),|214brlst(3),|977ihkjo(3),;17612.8,10854.4,21345.3,19020.8,0,0,0,0,1126.142901062721
214brlst(3),|434lourx(3),214brlst(3),977ihkjo(3),|214brlst(3),|977ihkjo(3),;20439,15564.8,21345.3,19020.8,0,0,0,0,1131.142901062721
214brlst(3),|434lourx(3),214brlst(3),977ihkjo(3),|214brlst(3),|977ihkjo(3),;20439,15564.8,21345.3,19020.8,0,0,0,0,1136.142901062721
214brlst(3),|434lourx(3),214brlst(3),977ihkjo(3),|214brlst(3),|977ihkjo(3),;20439,15564.8,21345.3,19020.8,0,0,0,0,1141.142901062721
214brlst(3),|434lourx(3),214brlst(3),977ihkjo(3),|214brlst(3),|977ihkjo(3),;20439,15564.8,21345.3,19020.8,0,0,0,0,1146.142901062721
214brlst(3),|434lourx(3),214brlst(3),977ihkjo(3),|214brlst(3),|977ihkjo(3),;20439,15564.8,21345.3,19020.8,0,0,0,0,1151.142901062721
214brlst(3),|434lourx(3),214brlst(3),977ihkjo(3),|214brlst(3),|977ihkjo(3),;20439,15564.8,21345.3,19020.8,0,0,0,0,1156.142901062721
214brlst(3),|434lourx(3),214brlst(3),977ihkjo(3),|214brlst(3),|977ihkjo(3),;20439,15564.8,21345.3,19020.8,0,0,0,0,1161.142901062721
214brlst(3),|434lourx(3),214brlst(3),977ihkjo(3),|214brlst(3),|977ihkjo(3),;20439,15564.8,21345.3,19020.8,0,0,0,0,1166.142901062721
214brlst(3),|434lourx(3),214brlst(3),977ihkjo(3),|214brlst(3),|977ihkjo(3),;20439,15564.8,21345.3,19020.8,0,0,0,0,1171.142901062721
214brlst(3),154etxgw(2),|434lourx(3),214brlst(3),977ihkjo(3),|214brlst(3),|977ihkjo(3),154etxgw(2),;18595.8,15564.8,21345.3,14412.8,9.184944138962,0,0,23.971212673994,1176.142901062721
214brlst(3),154etxgw(2),|434lourx(3),214brlst(3),977ihkjo(3),|214brlst(3),|977ihkjo(3),154etxgw(2),;18595.8,15564.8,21345.3,14412.8,4.184944138962,0,0,18.971212673994,1181.142901062721
214brlst(3),154etxgw(3),|434lourx(3),214brlst(3),977ihkjo(3),|214brlst(3),|977ihkjo(3),154etxgw(2),;18595.8,15564.8,21345.3,14412.8,0,0,0,13.971212673994,1186.142901062721
214brlst(3),154etxgw(3),|434lourx(3),214brlst(3),977ihkjo(3),|214brlst(3),|977ihkjo(3),154etxgw(2),;18595.8,15564.8,21345.3,14412.8,0,0,0,8.971212673994,1191.142901062721
214brlst(3),154etxgw(3),|434lourx(3),214brlst(3),977ihkjo(3),|214brlst(3),|977ihkjo(3),154etxgw(2),;18595.8,15564.8,21345.3,14412.8,0,0,0,3.971212673994,1196.142901062721
214brlst(3),154etxgw(3),|434lourx(3),214brlst(3),977ihkjo(3),|214brlst(3),|977ihkjo(3),154etxgw(3),;18595.8,15564.8,21345.3,14412.8,0,0,0,0,1201.142901062721
214brlst(3),154etxgw(3),|434lourx(3),214brlst(3),977ihkjo(3),|214brlst(3),|977ihkjo(3),154etxgw(3),;18595.8,15564.8,21345.3,14412.8,0,0,0,0,1206.142901062721
214brlst(3),154etxgw(3),|434lourx(3),214brlst(3),977ihkjo(3),|214brlst(3),|977ihkjo(3),154etxgw(3),;18595.8,15564.8,21345.3,14412.8,0,0,0,0,1211.142901062721
214brlst(3),154etxgw(3),|434lourx(3),214brlst(3),977ihkjo(3),|214brlst(3),|977ihkjo(3),154etxgw(3),;18595.8,15564.8,21345.3,14412.8,0,0,0,0,1216.142901062721
214brlst(3),154etxgw(3),|434lourx(3),214brlst(3),977ihkjo(3),|214brlst(3),|977ihkjo(3),154etxgw(3),;18595.8,15564.8,21345.3,14412.8,0,0,0,0,1221.142901062721
214brlst(3),154etxgw(3),|434lourx(3),214brlst(3),|214brlst(3),|154etxgw(3),;18595.8,20608,21345.3,19456,0,0,0,0,1226.142901062721
214brlst(3),154etxgw(3),|434lourx(3),214brlst(3),|214brlst(3),|154etxgw(3),;18595.8,20608,21345.3,19456,0,0,0,0,1231.142901062721
214brlst(3),154etxgw(3),|434lourx(3),214brlst(3),|214brlst(3),|154etxgw(3),;18595.8,20608,21345.3,19456,0,0,0,0,1236.142901062721
214brlst(3),154etxgw(3),|434lourx(3),214brlst(3),|214brlst(3),|154etxgw(3),;18595.8,20608,21345.3,19456,0,0,0,0,1241.142901062721
214brlst(3),154etxgw(3),|434lourx(3),214brlst(3),|214brlst(3),|154etxgw(3),;18595.8,20608,21345.3,19456,0,0,0,0,1246.142901062721
214brlst(3),154etxgw(3),|434lourx(3),214brlst(3),|214brlst(3),|154etxgw(3),;18595.8,20608,21345.3,19456,0,0,0,0,1251.142901062721
214brlst(3),154etxgw(3),|434lourx(3),214brlst(3),|214brlst(3),|154etxgw(3),;18595.8,20608,21345.3,19456,0,0,0,0,1256.142901062721
214brlst(3),154etxgw(3),|434lourx(3),214brlst(3),|214brlst(3),|154etxgw(3),;18595.8,20608,21345.3,19456,0,0,0,0,1261.142901062721
214brlst(3),154etxgw(3),|434lourx(3),214brlst(3),|214brlst(3),|154etxgw(3),;18595.8,20608,21345.3,19456,0,0,0,0,1266.142901062721
214brlst(3),154etxgw(3),|434lourx(3),214brlst(3),|214brlst(3),|154etxgw(3),;18595.8,20608,21345.3,19456,0,0,0,0,1271.142901062721
214brlst(3),154etxgw(3),|434lourx(3),214brlst(3),|214brlst(3),|154etxgw(3),;18595.8,20608,21345.3,19456,0,0,0,0,1276.142901062721
214brlst(3),154etxgw(3),|434lourx(3),214brlst(3),|214brlst(3),|154etxgw(3),;18595.8,20608,21345.3,19456,0,0,0,0,1281.142901062721
214brlst(3),154etxgw(3),|434lourx(3),214brlst(3),|214brlst(3),|154etxgw(3),;18595.8,20608,21345.3,19456,0,0,0,0,1286.142901062721
214brlst(3),154etxgw(3),|434lourx(3),214brlst(3),|214brlst(3),|154etxgw(3),;18595.8,20608,21345.3,19456,0,0,0,0,1291.142901062721
214brlst(3),154etxgw(3),|434lourx(3),214brlst(3),|214brlst(3),|154etxgw(3),;18595.8,20608,21345.3,19456,0,0,0,0,1296.142901062721
214brlst(3),154etxgw(3),126opbze(0),|434lourx(3),214brlst(3),126opbze(0),|214brlst(3),126opbze(0),|154etxgw(3),126opbze(0),;16168.9,18990.1,18918.4,17838.1,14.470835396199,10.144482750764,14.470835396199,10.144482750764,1301.142901062721
214brlst(3),154etxgw(3),126opbze(2),|434lourx(3),214brlst(3),126opbze(2),|214brlst(3),126opbze(2),|154etxgw(3),126opbze(2),;16168.9,18990.1,18918.4,17838.1,9.470835396199,5.144482750764,9.470835396199,5.144482750764,1306.142901062721
214brlst(3),154etxgw(3),126opbze(2),|434lourx(3),214brlst(3),|214brlst(3),126opbze(2),|154etxgw(3),;16168.9,20608,18918.4,19456,4.470835396199,0.144482750764,4.470835396199,0.144482750764,1311.142901062721
214brlst(3),154etxgw(3),|434lourx(3),214brlst(3),|214brlst(3),|154etxgw(3),;18595.8,20608,21345.3,19456,0,0,0,0,1316.142901062721
214brlst(3),|434lourx(3),214brlst(3),|214brlst(3),|154etxgw(3),;20439,20608,21345.3,19456,0,0,0,0,1321.142901062721
214brlst(3),|434lourx(3),214brlst(3),|214brlst(3),|154etxgw(3),;20439,20608,21345.3,19456,0,0,0,0,1326.142901062721
214brlst(3),|434lourx(3),214brlst(3),|214brlst(3),|154etxgw(3),;20439,20608,21345.3,19456,0,0,0,0,1331.142901062721
214brlst(3),|434lourx(3),214brlst(3),|214brlst(3),|154etxgw(3),;20439,20608,21345.3,19456,0,0,0,0,1336.142901062721
214brlst(3),|434lourx(3),214brlst(3),|214brlst(3),|154etxgw(3),;20439,20608,21345.3,19456,0,0,0,0,1341.142901062721
214brlst(3),|434lourx(3),214brlst(3),|214brlst(3),|154etxgw(3),;20439,20608,21345.3,19456,0,0,0,0,1346.142901062721
214brlst(3),|434lourx(3),214brlst(3),|214brlst(3),|154etxgw(3),;20439,20608,21345.3,19456,0,0,0,0,1351.142901062721
214brlst(3),|434lourx(3),214brlst(3),|214brlst(3),|154etxgw(3),;20439,20608,21345.3,19456,0,0,0,0,1356.142901062721
214brlst(3),|434lourx(3),214brlst(3),|214brlst(3),|154etxgw(3),;20439,20608,21345.3,19456,0,0,0,0,1361.142901062721
214brlst(3),|434lourx(3),214brlst(3),|214brlst(3),|154etxgw(3),;20439,20608,21345.3,19456,0,0,0,0,1366.142901062721
214brlst(3),|434lourx(3),214brlst(3),|214brlst(3),|154etxgw(3),;20439,20608,21345.3,19456,0,0,0,0,1371.142901062721
214brlst(3),|434lourx(3),214brlst(3),|214brlst(3),|154etxgw(3),;20439,20608,21345.3,19456,0,0,0,0,1376.142901062721
214brlst(3),|434lourx(3),214brlst(3),|214brlst(3),|154etxgw(3),;20439,20608,21345.3,19456,0,0,0,0,1381.142901062721
214brlst(3),|434lourx(3),214brlst(3),|214brlst(3),|154etxgw(3),;20439,20608,21345.3,19456,0,0,0,0,1386.142901062721
214brlst(3),|434lourx(3),214brlst(3),|214brlst(3),|154etxgw(3),;20439,20608,21345.3,19456,0,0,0,0,1391.142901062721
214brlst(3),|434lourx(3),214brlst(3),|214brlst(3),|154etxgw(3),;20439,20608,21345.3,19456,0,0,0,0,1396.142901062721
214brlst(3),|434lourx(3),214brlst(3),|214brlst(3),|154etxgw(3),;20439,20608,21345.3,19456,0,0,0,0,1401.142901062721
214brlst(3),|434lourx(3),214brlst(3),|214brlst(3),|154etxgw(3),;20439,20608,21345.3,19456,0,0,0,0,1406.142901062721
214brlst(3),|434lourx(3),214brlst(3),|214brlst(3),|154etxgw(3),;20439,20608,21345.3,19456,0,0,0,0,1411.142901062721
214brlst(3),|434lourx(3),214brlst(3),|214brlst(3),|154etxgw(3),;20439,20608,21345.3,19456,0,0,0,0,1416.142901062721
214brlst(3),|434lourx(3),214brlst(3),|214brlst(3),|154etxgw(3),;20439,20608,21345.3,19456,0,0,0,0,1421.142901062721
214brlst(3),|434lourx(3),214brlst(3),|214brlst(3),|154etxgw(3),;20439,20608,21345.3,19456,0,0,0,0,1426.142901062721
214brlst(3),|434lourx(3),214brlst(3),|214brlst(3),|154etxgw(3),;20439,20608,21345.3,19456,0,0,0,0,1431.142901062721
214brlst(3),|434lourx(3),214brlst(3),|214brlst(3),|154etxgw(3),;20439,20608,21345.3,19456,0,0,0,0,1436.142901062721
214brlst(3),|434lourx(3),214brlst(3),|214brlst(3),|154etxgw(3),;20439,20608,21345.3,19456,0,0,0,0,1441.142901062721
214brlst(3),|434lourx(3),214brlst(3),|214brlst(3),|154etxgw(3),;20439,20608,21345.3,19456,0,0,0,0,1446.142901062721
214brlst(3),|434lourx(3),214brlst(3),|214brlst(3),|154etxgw(3),;20439,20608,21345.3,19456,0,0,0,0,1451.142901062721
214brlst(3),|434lourx(3),214brlst(3),|214brlst(3),|154etxgw(3),;20439,20608,21345.3,19456,0,0,0,0,1456.142901062721
214brlst(3),|434lourx(3),214brlst(3),|214brlst(3),|154etxgw(3),;20439,20608,21345.3,19456,0,0,0,0,1461.142901062721
214brlst(3),|434lourx(3),214brlst(3),|214brlst(3),|154etxgw(3),;20439,20608,21345.3,19456,0,0,0,0,1466.142901062721
214brlst(3),|434lourx(3),214brlst(3),|214brlst(3),|154etxgw(3),;20439,20608,21345.3,19456,0,0,0,0,1471.142901062721
214brlst(3),|434lourx(3),214brlst(3),|214brlst(3),|154etxgw(3),;20439,20608,21345.3,19456,0,0,0,0,1476.142901062721
214brlst(3),|434lourx(3),214brlst(3),|214brlst(3),|154etxgw(3),;20439,20608,21345.3,19456,0,0,0,0,1481.142901062721
214brlst(3),|434lourx(3),214brlst(3),|214brlst(3),|154etxgw(3),;20439,20608,21345.3,19456,0,0,0,0,1486.142901062721
214brlst(3),59hvrtm(0),|434lourx(3),214brlst(3),|214brlst(3),59hvrtm(0),|154etxgw(3),;15984.6,20608,16890.9,19456,25.519379463954,0,25.519379463954,0,1491.142901062721
214brlst(3),59hvrtm(2),|434lourx(3),214brlst(3),|214brlst(3),59hvrtm(2),|;15984.6,20608,16890.9,24064,20.519379463954,0,20.519379463954,0,1496.142901062721
214brlst(3),59hvrtm(2),|434lourx(3),214brlst(3),|214brlst(3),59hvrtm(2),|;15984.6,20608,16890.9,24064,15.519379463954,0,15.519379463954,0,1501.142901062721
214brlst(3),59hvrtm(2),|434lourx(3),214brlst(3),|214brlst(3),59hvrtm(2),|;15984.6,20608,16890.9,24064,10.519379463954,0,10.519379463954,0,1506.142901062721
214brlst(3),59hvrtm(2),|434lourx(3),214brlst(3),|214brlst(3),59hvrtm(2),|;15984.6,20608,16890.9,24064,5.519379463954,0,5.519379463954,0,1511.142901062721
214brlst(3),59hvrtm(2),|434lourx(3),214brlst(3),|214brlst(3),59hvrtm(2),|;15984.6,20608,16890.9,24064,0.519379463954,0,0.519379463954,0,1516.142901062721
214brlst(3),59hvrtm(3),|434lourx(3),214brlst(3),|214brlst(3),59hvrtm(3),|;15984.6,20608,16890.9,24064,0,0,0,0,1521.142901062721
214brlst(3),59hvrtm(3),|434lourx(3),214brlst(3),|214brlst(3),59hvrtm(3),|;15984.6,20608,16890.9,24064,0,0,0,0,1526.142901062721
214brlst(3),59hvrtm(3),|434lourx(3),214brlst(3),|214brlst(3),59hvrtm(3),126rzpvn(0),|;15984.6,20608,15887.4,24064,0,0,8.460131866373,0,1531.142901062721
214brlst(3),59hvrtm(3),|434lourx(3),214brlst(3),|214brlst(3),59hvrtm(3),126rzpvn(2),|;15984.6,20608,15887.4,24064,0,0,3.460131866373,0,1536.142901062721
214brlst(3),59hvrtm(3),|434lourx(3),214brlst(3),|214brlst(3),59hvrtm(3),|;15984.6,20608,16890.9,24064,0,0,0,0,1541.142901062721
214brlst(3),59hvrtm(3),|434lourx(3),214brlst(3),|214brlst(3),59hvrtm(3),|;15984.6,20608,16890.9,24064,0,0,0,0,1546.142901062721
214brlst(3),59hvrtm(3),|434lourx(3),214brlst(3),|214brlst(3),59hvrtm(3),|;15984.6,20608,16890.9,24064,0,0,0,0,1551.142901062721
214brlst(3),59hvrtm(3),|434lourx(3),214brlst(3),|214brlst(3),59hvrtm(3),|;15984.6,20608,16890.9,24064,0,0,0,0,1556.142901062721
214brlst(3),59hvrtm(3),|434lourx(3),214brlst(3),|214brlst(3),59hvrtm(3),|;15984.6,20608,16890.9,24064,0,0,0,0,1561.142901062721
214brlst(3),59hvrtm(3),|434lourx(3),214brlst(3),|214brlst(3),59hvrtm(3),|;15984.6,20608,16890.9,24064,0,0,0,0,1566.142901062721
214brlst(3),59hvrtm(3),|434lourx(3),214brlst(3),|214brlst(3),59hvrtm(3),|;15984.6,20608,16890.9,24064,0,0,0,0,1571.142901062721
214brlst(3),59hvrtm(3),|434lourx(3),214brlst(3),|214brlst(3),59hvrtm(3),|;15984.6,20608,16890.9,24064,0,0,0,0,1576.142901062721
214brlst(3),59hvrtm(3),|434lourx(3),214brlst(3),|214brlst(3),59hvrtm(3),|;15984.6,20608,16890.9,24064,0,0,0,0,1581.142901062721
214brlst(3),59hvrtm(3),|434lourx(3),214brlst(3),|214brlst(3),59hvrtm(3),|;15984.6,20608,16890.9,24064,0,0,0,0,1586.142901062721
214brlst(3),59hvrtm(3),|434lourx(3),214brlst(3),|214brlst(3),59hvrtm(3),|;15984.6,20608,16890.9,24064,0,0,0,0,1591.142901062721
214brlst(3),59hvrtm(3),|434lourx(3),214brlst(3),|214brlst(3),59hvrtm(3),|;15984.6,20608,16890.9,24064,0,0,0,0,1596.142901062721
214brlst(3),59hvrtm(3),|434lourx(3),214brlst(3),|214brlst(3),59hvrtm(3),|;15984.6,20608,16890.9,24064,0,0,0,0,1601.142901062721
214brlst(3),59hvrtm(3),|434lourx(3),214brlst(3),|214brlst(3),59hvrtm(3),|;15984.6,20608,16890.9,24064,0,0,0,0,1606.142901062721
214brlst(3),59hvrtm(3),|434lourx(3),214brlst(3),|214brlst(3),59hvrtm(3),|;15984.6,20608,16890.9,24064,0,0,0,0,1611.142901062721
214brlst(3),|434lourx(3),214brlst(3),|214brlst(3),|;20439,20608,21345.3,24064,0,0,0,0,1616.142901062721
|434lourx(3),||;24064,23326.7,24064,24064,0,0,0,0,1621.142901062721
|434lourx(3),||;24064,23326.7,24064,24064,0,0,0,0,1626.142901062721
|434lourx(3),||;24064,23326.7,24064,24064,0,0,0,0,1631.142901062721
|434lourx(3),||;24064,23326.7,24064,24064,0,0,0,0,1636.142901062721
|434lourx(3),||;24064,23326.7,24064,24064,0,0,0,0,1641.142901062721
|434lourx(3),||;24064,23326.7,24064,24064,0,0,0,0,1646.142901062721
|434lourx(3),||;24064,23326.7,24064,24064,0,0,0,0,1651.142901062721
|434lourx(3),||;24064,23326.7,24064,24064,0,0,0,0,1656.142901062721
|434lourx(3),||;24064,23326.7,24064,24064,0,0,0,0,1661.142901062721
|434lourx(3),||;24064,23326.7,24064,24064,0,0,0,0,1666.142901062721
|434lourx(3),||;24064,23326.7,24064,24064,0,0,0,0,1671.142901062721
|434lourx(3),||;24064,23326.7,24064,24064,0,0,0,0,1676.142901062721
|434lourx(3),||;24064,23326.7,24064,24064,0,0,0,0,1681.142901062721
|434lourx(3),||;24064,23326.7,24064,24064,0,0,0,0,1686.142901062721
|434lourx(3),||;24064,23326.7,24064,24064,0,0,0,0,1691.142901062721
|434lourx(3),||;24064,23326.7,24064,24064,0,0,0,0,1696.142901062721
|434lourx(3),||;24064,23326.7,24064,24064,0,0,0,0,1701.142901062721
|434lourx(3),||;24064,23326.7,24064,24064,0,0,0,0,1706.142901062721
|434lourx(3),||;24064,23326.7,24064,24064,0,0,0,0,1711.142901062721
|434lourx(3),||;24064,23326.7,24064,24064,0,0,0,0,1716.142901062721
|434lourx(3),||;24064,23326.7,24064,24064,0,0,0,0,1721.142901062721
|434lourx(3),||;24064,23326.7,24064,24064,0,0,0,0,1726.142901062721
|434lourx(3),||;24064,23326.7,24064,24064,0,0,0,0,1731.142901062721
|434lourx(3),||;24064,23326.7,24064,24064,0,0,0,0,1736.142901062721
|434lourx(3),||;24064,23326.7,24064,24064,0,0,0,0,1741.142901062721
|434lourx(3),||;24064,23326.7,24064,24064,0,0,0,0,1746.142901062721
|434lourx(3),||;24064,23326.7,24064,24064,0,0,0,0,1751.142901062721
|434lourx(3),||;24064,23326.7,24064,24064,0,0,0,0,1756.142901062721
|434lourx(3),||;24064,23326.7,24064,24064,0,0,0,0,1761.142901062721
|434lourx(3),||;24064,23326.7,24064,24064,0,0,0,0,1766.142901062721
|434lourx(3),||;24064,23326.7,24064,24064,0,0,0,0,1771.142901062721
|434lourx(3),||;24064,23326.7,24064,24064,0,0,0,0,1776.142901062721
|434lourx(3),||;24064,23326.7,24064,24064,0,0,0,0,1781.142901062721
|434lourx(3),||;24064,23326.7,24064,24064,0,0,0,0,1786.142901062721
|||;24064,24064,24064,24064,0,0,0,0,1791.142901062721
|||;24064,24064,24064,24064,0,0,0,0,1796.142901062721
|||;24064,24064,24064,24064,0,0,0,0,1801.142901062721
|||;24064,24064,24064,24064,0,0,0,0,1806.142901062721
|||;24064,24064,24064,24064,0,0,0,0,1811.142901062721
|||;24064,24064,24064,24064,0,0,0,0,1816.142901062721
|||;24064,24064,24064,24064,0,0,0,0,1821.142901062721
|||;24064,24064,24064,24064,0,0,0,0,1826.142901062721
|||;24064,24064,24064,24064,0,0,0,0,1831.142901062721
|||;24064,24064,24064,24064,0,0,0,0,1836.142901062721
|||;24064,24064,24064,24064,0,0,0,0,1841.142901062721
|||;24064,24064,24064,24064,0,0,0,0,1846.142901062721
|||;24064,24064,24064,24064,0,0,0,0,1851.142901062721
|||;24064,24064,24064,24064,0,0,0,0,1856.142901062721
|||;24064,24064,24064,24064,0,0,0,0,1861.142901062721
|||;24064,24064,24064,24064,0,0,0,0,1866.142901062721
|||;24064,24064,24064,24064,0,0,0,0,1871.142901062721
|||;24064,24064,24064,24064,0,0,0,0,1876.142901062721
|||;24064,24064,24064,24064,0,0,0,0,1881.142901062721
|||;24064,24064,24064,24064,0,0,0,0,1886.142901062721
|||;24064,24064,24064,24064,0,0,0,0,1891.142901062721
|||;24064,24064,24064,24064,0,0,0,0,1896.142901062721
|||;24064,24064,24064,24064,0,0,0,0,1901.142901062721
|||;24064,24064,24064,24064,0,0,0,0,1906.142901062721
|||;24064,24064,24064,24064,0,0,0,0,1911.142901062721
|||;24064,24064,24064,24064,0,0,0,0,1916.142901062721
|||;24064,24064,24064,24064,0,0,0,0,1921.142901062721
|||;24064,24064,24064,24064,0,0,0,0,1926.142901062721
|||;24064,24064,24064,24064,0,0,0,0,1931.142901062721
|||;24064,24064,24064,24064,0,0,0,0,1936.142901062721
|||;24064,24064,24064,24064,0,0,0,0,1941.142901062721
|||;24064,24064,24064,24064,0,0,0,0,1946.142901062721
|||;24064,24064,24064,24064,0,0,0,0,1951.142901062721
|||;24064,24064,24064,24064,0,0,0,0,1956.142901062721
|||;24064,24064,24064,24064,0,0,0,0,1961.142901062721
|||;24064,24064,24064,24064,0,0,0,0,1966.142901062721
|||;24064,24064,24064,24064,0,0,0,0,1971.142901062721
|||;24064,24064,24064,24064,0,0,0,0,1976.142901062721
|||;24064,24064,24064,24064,0,0,0,0,1981.142901062721
|||;24064,24064,24064,24064,0,0,0,0,1986.142901062721
|||;24064,24064,24064,24064,0,0,0,0,1991.142901062721
|||;24064,24064,24064,24064,0,0,0,0,1996.142901062721
