|||;31232,31232,31232,31232,0,0,0,0,1.177409608159
|||;31232,31232,31232,31232,0,0,0,0,6.177409608159
|||;31232,31232,31232,31232,0,0,0,0,11.177409608159
|||;31232,31232,31232,31232,0,0,0,0,16.177409608159
|||;31232,31232,31232,31232,0,0,0,0,21.177409608159
|||;31232,31232,31232,31232,0,0,0,0,26.177409608159
|||;31232,31232,31232,31232,0,0,0,0,31.177409608159
|||;31232,31232,31232,31232,0,0,0,0,36.177409608159
|||;31232,31232,31232,31232,0,0,0,0,41.177409608159
|||;31232,31232,31232,31232,0,0,0,0,46.177409608159
|||;31232,31232,31232,31232,0,0,0,0,51.177409608159
|||;31232,31232,31232,31232,0,0,0,0,56.177409608159
|||;31232,31232,31232,31232,0,0,0,0,61.177409608159
|||;31232,31232,31232,31232,0,0,0,0,66.177409608159
|||;31232,31232,31232,31232,0,0,0,0,71.177409608159
|||;31232,31232,31232,31232,0,0,0,0,76.177409608159
|||;31232,31232,31232,31232,0,0,0,0,81.177409608159
|||;31232,31232,31232,31232,0,0,0,0,86.177409608159
|||;31232,31232,31232,31232,0,0,0,0,91.177409608159
|||;31232,31232,31232,31232,0,0,0,0,96.177409608159
|||;31232,31232,31232,31232,0,0,0,0,101.177409608159
|||;31232,31232,31232,31232,0,0,0,0,106.177409608159
|||;31232,31232,31232,31232,0,0,0,0,111.177409608159
|||;31232,31232,31232,31232,0,0,0,0,116.177409608159
|||;31232,31232,31232,31232,0,0,0,0,121.177409608159
|||;31232,31232,31232,31232,0,0,0,0,126.177409608159
|||;31232,31232,31232,31232,0,0,0,0,131.177409608159
|||;31232,31232,31232,31232,0,0,0,0,136.177409608159
|||;31232,31232,31232,31232,0,0,0,0,141.177409608159
|||;31232,31232,31232,31232,0,0,0,0,146.177409608159
|||;31232,31232,31232,31232,0,0,0,0,151.177409608159
|||;31232,31232,31232,31232,0,0,0,0,156.177409608159
|||;31232,31232,31232,31232,0,0,0,0,161.177409608159
|||;31232,31232,31232,31232,0,0,0,0,166.177409608159
|||;31232,31232,31232,31232,0,0,0,0,171.177409608159
|||;31232,31232,31232,31232,0,0,0,0,176.177409608159
|||;31232,31232,31232,31232,0,0,0,0,181.177409608159
|||;31232,31232,31232,31232,0,0,0,0,186.177409608159
|||;31232,31232,31232,31232,0,0,0,0,191.177409608159
949icnyb(2),|949icnyb(2),|949icnyb(2),|949icnyb(2),;29952,29312,29952,29312,5.312079590695,10.078334136149,5.312079590695,10.078334136149,196.177409608159
949icnyb(2),|949icnyb(2),|949icnyb(2),|949icnyb(2),;29952,29312,29952,29312,0.312079590695,5.078334136149,0.312079590695,5.078334136149,201.177409608159
||122anthl(2),|122anthl(1),;31232,31232,30689.3,26347.5,0,0.078334136149,2.57046066738,40.236319382531,206.177409608159
|||122anthl(2),;31232,31232,31232,26347.5,0,0,0,35.236319382531,211.177409608159
|||122anthl(2),;31232,31232,31232,26347.5,0,0,0,30.236319382531,216.177409608159
|||122anthl(2),;31232,31232,31232,26347.5,0,0,0,25.236319382531,221.177409608159
|||122anthl(2),;31232,31232,31232,26347.5,0,0,0,20.236319382531,226.177409608159
|||122anthl(2),;31232,31232,31232,26347.5,0,0,0,15.236319382531,231.177409608159
|||122anthl(2),;31232,31232,31232,26347.5,0,0,0,10.236319382531,236.177409608159
|||122anthl(2),;31232,31232,31232,26347.5,0,0,0,5.236319382531,241.177409608159
|||122anthl(3),;31232,31232,31232,26347.5,0,0,0,0.236319382531,246.177409608159
601roqzs(2),|601roqzs(2),|601roqzs(2),|122anthl(3),601roqzs(2),;30417.9,29603.8,26347.5,25533.4,3.079886683804,9.248562465622,33.923265592895,5.324457674494,251.177409608159
|601roqzs(2),|601roqzs(2),|122anthl(3),;31232,29603.8,26347.5,26347.5,0,4.248562465622,28.923265592895,0.324457674494,256.177409608159
||601roqzs(2),|122anthl(3),;31232,31232,26347.5,26347.5,0,0,23.923265592895,0,261.177409608159
||601roqzs(2),|122anthl(3),;31232,31232,26347.5,26347.5,0,0,18.923265592895,0,266.177409608159
||601roqzs(2),|122anthl(3),;31232,31232,26347.5,26347.5,0,0,13.923265592895,0,271.177409608159
||601roqzs(2),|122anthl(3),;31232,31232,26347.5,26347.5,0,0,8.923265592895,0,276.177409608159
||601roqzs(2),|122anthl(3),;31232,31232,26347.5,26347.5,0,0,3.923265592895,0,281.177409608159
||601roqzs(3),|122anthl(3),;31232,31232,26347.5,26347.5,0,0,0,0,286.177409608159
||601roqzs(3),|122anthl(3),;31232,31232,26347.5,26347.5,0,0,0,0,291.177409608159
||601roqzs(3),|122anthl(3),;31232,31232,26347.5,26347.5,0,0,0,0,296.177409608159
||601roqzs(3),|122anthl(3),;31232,31232,26347.5,26347.5,0,0,0,0,301.177409608159
||601roqzs(3),|122anthl(3),;31232,31232,26347.5,26347.5,0,0,0,0,306.177409608159
||601roqzs(3),|122anthl(3),;31232,31232,26347.5,26347.5,0,0,0,0,311.177409608159
||601roqzs(3),|122anthl(3),;31232,31232,26347.5,26347.5,0,0,0,0,316.177409608159
||601roqzs(3),|122anthl(3),;31232,31232,26347.5,26347.5,0,0,0,0,321.177409608159
||601roqzs(3),|122anthl(3),;31232,31232,26347.5,26347.5,0,0,0,0,326.177409608159
||601roqzs(3),|122anthl(3),;31232,31232,26347.5,26347.5,0,0,0,0,331.177409608159
||601roqzs(3),|122anthl(3),;31232,31232,26347.5,26347.5,0,0,0,0,336.177409608159
||601roqzs(3),|122anthl(3),;31232,31232,26347.5,26347.5,0,0,0,0,341.177409608159
||601roqzs(3),|122anthl(3),;31232,31232,26347.5,26347.5,0,0,0,0,346.177409608159
706kcpdr(2),|706kcpdr(2),|601roqzs(3),706kcpdr(2),|122anthl(3),706kcpdr(2),;29993,29993,25108.5,25108.5,8.615537752845,8.615537752845,8.615537752845,8.615537752845,351.177409608159
706kcpdr(2),|706kcpdr(2),|601roqzs(3),706kcpdr(2),|122anthl(3),706kcpdr(2),;29993,29993,25108.5,25108.5,3.615537752845,3.615537752845,3.615537752845,3.615537752845,356.177409608159
||601roqzs(3),|122anthl(3),;31232,31232,26347.5,26347.5,0,0,0,0,361.177409608159
||601roqzs(3),|122anthl(3),;31232,31232,26347.5,26347.5,0,0,0,0,366.177409608159
||601roqzs(3),|122anthl(3),;31232,31232,26347.5,26347.5,0,0,0,0,371.177409608159
||601roqzs(3),|122anthl(3),;31232,31232,26347.5,26347.5,0,0,0,0,376.177409608159
||601roqzs(3),|122anthl(3),;31232,31232,26347.5,26347.5,0,0,0,0,381.177409608159
||601roqzs(3),|122anthl(3),;31232,31232,26347.5,26347.5,0,0,0,0,386.177409608159
||601roqzs(3),|122anthl(3),;31232,31232,26347.5,26347.5,0,0,0,0,391.177409608159
||601roqzs(3),|122anthl(3),;31232,31232,26347.5,26347.5,0,0,0,0,396.177409608159
||601roqzs(3),|122anthl(3),;31232,31232,26347.5,26347.5,0,0,0,0,401.177409608159
||601roqzs(3),|;31232,31232,26347.5,31232,0,0,0,0,406.177409608159
||601roqzs(3),|;31232,31232,26347.5,31232,0,0,0,0,411.177409608159
||601roqzs(3),|;31232,31232,26347.5,31232,0,0,0,0,416.177409608159
||601roqzs(3),|;31232,31232,26347.5,31232,0,0,0,0,421.177409608159
||601roqzs(3),|;31232,31232,26347.5,31232,0,0,0,0,426.177409608159
||601roqzs(3),|;31232,31232,26347.5,31232,0,0,0,0,431.177409608159
||601roqzs(3),|;31232,31232,26347.5,31232,0,0,0,0,436.177409608159
||601roqzs(3),|;31232,31232,26347.5,31232,0,0,0,0,441.177409608159
||601roqzs(3),|;31232,31232,26347.5,31232,0,0,0,0,446.177409608159
||601roqzs(3),|;31232,31232,26347.5,31232,0,0,0,0,451.177409608159
||601roqzs(3),|;31232,31232,26347.5,31232,0,0,0,0,456.177409608159
|||;31232,31232,31232,31232,0,0,0,0,461.177409608159
588xwqkt(2),|588xwqkt(2),|588xwqkt(2),|588xwqkt(2),;27955.2,30576.6,30576.6,30576.6,20.05679085593,0.534212237748,0.534212237748,0.534212237748,466.177409608159
588xwqkt(2),|||;27955.2,31232,31232,31232,15.05679085593,0,0,0,471.177409608159
588xwqkt(2),|||;27955.2,31232,31232,31232,10.05679085593,0,0,0,476.177409608159
588xwqkt(2),|||;27955.2,31232,31232,31232,5.05679085593,0,0,0,481.177409608159
588xwqkt(3),|||;27955.2,31232,31232,31232,0.05679085593,0,0,0,486.177409608159
588xwqkt(3),|||;27955.2,31232,31232,31232,0,0,0,0,491.177409608159
588xwqkt(3),|||;27955.2,31232,31232,31232,0,0,0,0,496.177409608159
588xwqkt(3),|||;27955.2,31232,31232,31232,0,0,0,0,501.177409608159
588xwqkt(3),|||;27955.2,31232,31232,31232,0,0,0,0,506.177409608159
588xwqkt(3),|||;27955.2,31232,31232,31232,0,0,0,0,511.177409608159
588xwqkt(3),|||;27955.2,31232,31232,31232,0,0,0,0,516.177409608159
588xwqkt(3),|||;27955.2,31232,31232,31232,0,0,0,0,521.177409608159
588xwqkt(3),558mrqew(2),|||;27212.8,31232,31232,31232,5.456422895982,0,0,0,526.177409608159
588xwqkt(3),558mrqew(2),|||;27212.8,31232,31232,31232,0.456422895982,0,0,0,531.177409608159
588xwqkt(3),|||;27955.2,31232,31232,31232,0,0,0,0,536.177409608159
588xwqkt(3),|||;27955.2,31232,31232,31232,0,0,0,0,541.177409608159
588xwqkt(3),|||;27955.2,31232,31232,31232,0,0,0,0,546.177409608159
588xwqkt(3),|||;27955.2,31232,31232,31232,0,0,0,0,551.177409608159
588xwqkt(3),|||;27955.2,31232,31232,31232,0,0,0,0,556.177409608159
588xwqkt(3),|||;27955.2,31232,31232,31232,0,0,0,0,561.177409608159
588xwqkt(3),|||;27955.2,31232,31232,31232,0,0,0,0,566.177409608159
588xwqkt(3),|||;27955.2,31232,31232,31232,0,0,0,0,571.177409608159
588xwqkt(3),|||;27955.2,31232,31232,31232,0,0,0,0,576.177409608159
588xwqkt(3),|||;27955.2,31232,31232,31232,0,0,0,0,581.177409608159
588xwqkt(3),|||;27955.2,31232,31232,31232,0,0,0,0,586.177409608159
588xwqkt(3),|||188dnkae(2),;27955.2,31232,31232,23091.2,0,0,0,61.246725351858,591.177409608159
588xwqkt(3),|||188dnkae(2),;27955.2,31232,31232,23091.2,0,0,0,56.246725351858,596.177409608159
588xwqkt(3),|||188dnkae(2),;27955.2,31232,31232,23091.2,0,0,0,51.246725351858,601.177409608159
588xwqkt(3),|||188dnkae(2),;27955.2,31232,31232,23091.2,0,0,0,46.246725351858,606.177409608159
588xwqkt(3),|||188dnkae(2),;27955.2,31232,31232,23091.2,0,0,0,41.246725351858,611.177409608159
588xwqkt(3),|||188dnkae(2),;27955.2,31232,31232,23091.2,0,0,0,36.246725351858,616.177409608159
588xwqkt(3),|||188dnkae(2),;27955.2,31232,31232,23091.2,0,0,0,31.246725351858,621.177409608159
588xwqkt(3),|||188dnkae(2),;27955.2,31232,31232,23091.2,0,0,0,26.246725351858,626.177409608159
588xwqkt(3),|||188dnkae(2),;27955.2,31232,31232,23091.2,0,0,0,21.246725351858,631.177409608159
|||188dnkae(2),;31232,31232,31232,23091.2,0,0,0,16.246725351858,636.177409608159
|||188dnkae(2),;31232,31232,31232,23091.2,0,0,0,11.246725351858,641.177409608159
|||188dnkae(2),;31232,31232,31232,23091.2,0,0,0,6.246725351858,646.177409608159
|||188dnkae(2),;31232,31232,31232,23091.2,0,0,0,1.246725351858,651.177409608159
|||188dnkae(3),;31232,31232,31232,23091.2,0,0,0,0,656.177409608159
|||188dnkae(3),;31232,31232,31232,23091.2,0,0,0,0,661.177409608159
|||188dnkae(3),;31232,31232,31232,23091.2,0,0,0,0,666.177409608159
|||188dnkae(3),;31232,31232,31232,23091.2,0,0,0,0,671.177409608159
|||188dnkae(3),;31232,31232,31232,23091.2,0,0,0,0,676.177409608159
|||188dnkae(3),;31232,31232,31232,23091.2,0,0,0,0,681.177409608159
|||188dnkae(3),;31232,31232,31232,23091.2,0,0,0,0,686.177409608159
|||188dnkae(3),;31232,31232,31232,23091.2,0,0,0,0,691.177409608159
|||188dnkae(3),;31232,31232,31232,23091.2,0,0,0,0,696.177409608159
|||188dnkae(3),;31232,31232,31232,23091.2,0,0,0,0,701.177409608159
|||188dnkae(3),;31232,31232,31232,23091.2,0,0,0,0,706.177409608159
|||188dnkae(3),;31232,31232,31232,23091.2,0,0,0,0,711.177409608159
|||188dnkae(3),;31232,31232,31232,23091.2,0,0,0,0,716.177409608159
|||188dnkae(3),;31232,31232,31232,23091.2,0,0,0,0,721.177409608159
|||188dnkae(3),;31232,31232,31232,23091.2,0,0,0,0,726.177409608159
|||188dnkae(3),;31232,31232,31232,23091.2,0,0,0,0,731.177409608159
|||188dnkae(3),;31232,31232,31232,23091.2,0,0,0,0,736.177409608159
|||188dnkae(3),;31232,31232,31232,23091.2,0,0,0,0,741.177409608159
|||188dnkae(3),;31232,31232,31232,23091.2,0,0,0,0,746.177409608159
|||188dnkae(3),;31232,31232,31232,23091.2,0,0,0,0,751.177409608159
|||188dnkae(3),151lfbps(2),;31232,31232,31232,16604.2,0,0,0,48.19078057505,756.177409608159
|||188dnkae(3),151lfbps(2),;31232,31232,31232,16604.2,0,0,0,43.19078057505,761.177409608159
|||188dnkae(3),151lfbps(2),;31232,31232,31232,16604.2,0,0,0,38.19078057505,766.177409608159
|||188dnkae(3),151lfbps(2),;31232,31232,31232,16604.2,0,0,0,33.19078057505,771.177409608159
|||188dnkae(3),151lfbps(2),;31232,31232,31232,16604.2,0,0,0,28.19078057505,776.177409608159
|||188dnkae(3),151lfbps(2),;31232,31232,31232,16604.2,0,0,0,23.19078057505,781.177409608159
|||188dnkae(3),151lfbps(2),;31232,31232,31232,16604.2,0,0,0,18.19078057505,786.177409608159
|||188dnkae(3),151lfbps(2),;31232,31232,31232,16604.2,0,0,0,13.19078057505,791.177409608159
|||188dnkae(3),151lfbps(2),;31232,31232,31232,16604.2,0,0,0,8.19078057505,796.177409608159
|||188dnkae(3),151lfbps(2),;31232,31232,31232,16604.2,0,0,0,3.19078057505,801.177409608159
|||188dnkae(3),151lfbps(3),;31232,31232,31232,16604.2,0,0,0,0,806.177409608159
|||188dnkae(3),151lfbps(3),;31232,31232,31232,16604.2,0,0,0,0,811.177409608159
|||188dnkae(3),151lfbps(3),;31232,31232,31232,16604.2,0,0,0,0,816.177409608159
|||188dnkae(3),151lfbps(3),;31232,31232,31232,16604.2,0,0,0,0,821.177409608159
|||188dnkae(3),151lfbps(3),;31232,31232,31232,16604.2,0,0,0,0,826.177409608159
|||188dnkae(3),151lfbps(3),;31232,31232,31232,16604.2,0,0,0,0,831.177409608159
|||188dnkae(3),151lfbps(3),;31232,31232,31232,16604.2,0,0,0,0,836.177409608159
|||188dnkae(3),151lfbps(3),;31232,31232,31232,16604.2,0,0,0,0,841.177409608159
|||188dnkae(3),151lfbps(3),;31232,31232,31232,16604.2,0,0,0,0,846.177409608159
|||188dnkae(3),151lfbps(3),;31232,31232,31232,16604.2,0,0,0,0,851.177409608159
|||188dnkae(3),151lfbps(3),;31232,31232,31232,16604.2,0,0,0,0,856.177409608159
|||188dnkae(3),151lfbps(3),;31232,31232,31232,16604.2,0,0,0,0,861.177409608159
|||188dnkae(3),151lfbps(3),;31232,31232,31232,16604.2,0,0,0,0,866.177409608159
|||188dnkae(3),151lfbps(3),;31232,31232,31232,16604.2,0,0,0,0,871.177409608159
|||188dnkae(3),151lfbps(3),;31232,31232,31232,16604.2,0,0,0,0,876.177409608159
|||188dnkae(3),151lfbps(3),;31232,31232,31232,16604.2,0,0,0,0,881.177409608159
|||188dnkae(3),151lfbps(3),;31232,31232,31232,16604.2,0,0,0,0,886.177409608159
|||188dnkae(3),151lfbps(3),;31232,31232,31232,16604.2,0,0,0,0,891.177409608159
|||188dnkae(3),151lfbps(3),;31232,31232,31232,16604.2,0,0,0,0,896.177409608159
|||188dnkae(3),151lfbps(3),;31232,31232,31232,16604.2,0,0,0,0,901.177409608159
|||188dnkae(3),151lfbps(3),;31232,31232,31232,16604.2,0,0,0,0,906.177409608159
|||188dnkae(3),151lfbps(3),;31232,31232,31232,16604.2,0,0,0,0,911.177409608159
|||188dnkae(3),151lfbps(3),;31232,31232,31232,16604.2,0,0,0,0,916.177409608159
|||188dnkae(3),;31232,31232,31232,23091.2,0,0,0,0,921.177409608159
|||188dnkae(3),;31232,31232,31232,23091.2,0,0,0,0,926.177409608159
|||188dnkae(3),;31232,31232,31232,23091.2,0,0,0,0,931.177409608159
|||188dnkae(3),;31232,31232,31232,23091.2,0,0,0,0,936.177409608159
|||188dnkae(3),;31232,31232,31232,23091.2,0,0,0,0,941.177409608159
|||188dnkae(3),;31232,31232,31232,23091.2,0,0,0,0,946.177409608159
|||188dnkae(3),;31232,31232,31232,23091.2,0,0,0,0,951.177409608159
|||188dnkae(3),;31232,31232,31232,23091.2,0,0,0,0,956.177409608159
|||188dnkae(3),;31232,31232,31232,23091.2,0,0,0,0,961.177409608159
|||188dnkae(3),;31232,31232,31232,23091.2,0,0,0,0,966.177409608159
|||188dnkae(3),;31232,31232,31232,23091.2,0,0,0,0,971.177409608159
|||188dnkae(3),;31232,31232,31232,23091.2,0,0,0,0,976.177409608159
|||188dnkae(3),;31232,31232,31232,23091.2,0,0,0,0,981.177409608159
|||188dnkae(3),;31232,31232,31232,23091.2,0,0,0,0,986.177409608159
|||188dnkae(3),;31232,31232,31232,23091.2,0,0,0,0,991.177409608159
|||188dnkae(3),;31232,31232,31232,23091.2,0,0,0,0,996.177409608159
|||188dnkae(3),;31232,31232,31232,23091.2,0,0,0,0,1001.177409608159
|||;31232,31232,31232,31232,0,0,0,0,1006.177409608159
|||;31232,31232,31232,31232,0,0,0,0,1011.177409608159
|||;31232,31232,31232,31232,0,0,0,0,1016.177409608159
885gexof(2),|885gexof(2),|885gexof(2),|885gexof(2),;26531.8,29665.3,30448.6,30448.6,33.068895754297,9.325313499752,3.389417936115,3.389417936115,1021.177409608159
885gexof(2),|885gexof(2),||;26531.8,29665.3,31232,31232,28.068895754297,4.325313499752,0,0,1026.177409608159
885gexof(2),|||;26531.8,31232,31232,31232,23.068895754297,0,0,0,1031.177409608159
885gexof(2),|||;26531.8,31232,31232,31232,18.068895754297,0,0,0,1036.177409608159
885gexof(2),|||;26531.8,31232,31232,31232,13.068895754297,0,0,0,1041.177409608159
885gexof(2),|||;26531.8,31232,31232,31232,8.068895754297,0,0,0,1046.177409608159
885gexof(2),|||;26531.8,31232,31232,31232,3.068895754297,0,0,0,1051.177409608159
885gexof(3),|||;26531.8,31232,31232,31232,0,0,0,0,1056.177409608159
885gexof(3),|||;26531.8,31232,31232,31232,0,0,0,0,1061.177409608159
885gexof(3),|||;26531.8,31232,31232,31232,0,0,0,0,1066.177409608159
885gexof(3),|||;26531.8,31232,31232,31232,0,0,0,0,1071.177409608159
885gexof(3),|||;26531.8,31232,31232,31232,0,0,0,0,1076.177409608159
885gexof(3),|||;26531.8,31232,31232,31232,0,0,0,0,1081.177409608159
885gexof(3),|||;26531.8,31232,31232,31232,0,0,0,0,1086.177409608159
885gexof(3),|||;26531.8,31232,31232,31232,0,0,0,0,1091.177409608159
885gexof(3),|||;26531.8,31232,31232,31232,0,0,0,0,1096.177409608159
885gexof(3),|||;26531.8,31232,31232,31232,0,0,0,0,1101.177409608159
885gexof(3),|||;26531.8,31232,31232,31232,0,0,0,0,1106.177409608159
885gexof(3),|||;26531.8,31232,31232,31232,0,0,0,0,1111.177409608159
885gexof(3),|||;26531.8,31232,31232,31232,0,0,0,0,1116.177409608159
885gexof(3),|||;26531.8,31232,31232,31232,0,0,0,0,1121.177409608159
885gexof(3),|||;26531.8,31232,31232,31232,0,0,0,0,1126.177409608159
885gexof(3),|||;26531.8,31232,31232,31232,0,0,0,0,1131.177409608159
885gexof(3),|||;26531.8,31232,31232,31232,0,0,0,0,1136.177409608159
885gexof(3),|||;26531.8,31232,31232,31232,0,0,0,0,1141.177409608159
885gexof(3),|||;26531.8,31232,31232,31232,0,0,0,0,1146.177409608159
885gexof(3),|||;26531.8,31232,31232,31232,0,0,0,0,1151.177409608159
885gexof(3),|||;26531.8,31232,31232,31232,0,0,0,0,1156.177409608159
885gexof(3),|||;26531.8,31232,31232,31232,0,0,0,0,1161.177409608159
885gexof(3),|||;26531.8,31232,31232,31232,0,0,0,0,1166.177409608159
885gexof(3),|||;26531.8,31232,31232,31232,0,0,0,0,1171.177409608159
885gexof(3),|||;26531.8,31232,31232,31232,0,0,0,0,1176.177409608159
885gexof(3),|||;26531.8,31232,31232,31232,0,0,0,0,1181.177409608159
885gexof(3),|||;26531.8,31232,31232,31232,0,0,0,0,1186.177409608159
885gexof(3),|||;26531.8,31232,31232,31232,0,0,0,0,1191.177409608159
885gexof(3),|||;26531.8,31232,31232,31232,0,0,0,0,1196.177409608159
885gexof(3),|||;26531.8,31232,31232,31232,0,0,0,0,1201.177409608159
885gexof(3),|||;26531.8,31232,31232,31232,0,0,0,0,1206.177409608159
885gexof(3),|||;26531.8,31232,31232,31232,0,0,0,0,1211.177409608159
885gexof(3),|||;26531.8,31232,31232,31232,0,0,0,0,1216.177409608159
885gexof(3),|||;26531.8,31232,31232,31232,0,0,0,0,1221.177409608159
885gexof(3),|||;26531.8,31232,31232,31232,0,0,0,0,1226.177409608159
885gexof(3),|||;26531.8,31232,31232,31232,0,0,0,0,1231.177409608159
885gexof(3),|||;26531.8,31232,31232,31232,0,0,0,0,1236.177409608159
885gexof(3),|||;26531.8,31232,31232,31232,0,0,0,0,1241.177409608159
885gexof(3),|||;26531.8,31232,31232,31232,0,0,0,0,1246.177409608159
885gexof(3),|||;26531.8,31232,31232,31232,0,0,0,0,1251.177409608159
885gexof(3),|||;26531.8,31232,31232,31232,0,0,0,0,1256.177409608159
885gexof(3),|||;26531.8,31232,31232,31232,0,0,0,0,1261.177409608159
885gexof(3),|||;26531.8,31232,31232,31232,0,0,0,0,1266.177409608159
885gexof(3),|||;26531.8,31232,31232,31232,0,0,0,0,1271.177409608159
885gexof(3),|||;26531.8,31232,31232,31232,0,0,0,0,1276.177409608159
|||;31232,31232,31232,31232,0,0,0,0,1281.177409608159
|||;31232,31232,31232,31232,0,0,0,0,1286.177409608159
|||;31232,31232,31232,31232,0,0,0,0,1291.177409608159
|||;31232,31232,31232,31232,0,0,0,0,1296.177409608159
|207ntbav(2),||207ntbav(2),;31232,30499.8,31232,30499.8,0,2.219944467155,0,2.219944467155,1301.177409608159
|207ntbav(3),||207ntbav(3),;31232,30499.8,31232,30499.8,0,0,0,0,1306.177409608159
|207ntbav(3),||207ntbav(3),;31232,30499.8,31232,30499.8,0,0,0,0,1311.177409608159
|207ntbav(3),||207ntbav(3),;31232,30499.8,31232,30499.8,0,0,0,0,1316.177409608159
|207ntbav(3),||207ntbav(3),;31232,30499.8,31232,30499.8,0,0,0,0,1321.177409608159
|207ntbav(3),||207ntbav(3),;31232,30499.8,31232,30499.8,0,0,0,0,1326.177409608159
|207ntbav(3),707dbmfi(2),||207ntbav(3),707dbmfi(2),;31232,25789.4,31232,26731.5,0,35.288990919868,0,28.027730895626,1331.177409608159
|207ntbav(3),707dbmfi(2),||207ntbav(3),707dbmfi(2),;31232,25789.4,31232,26731.5,0,30.288990919868,0,23.027730895626,1336.177409608159
|207ntbav(3),707dbmfi(2),||207ntbav(3),707dbmfi(2),;31232,25789.4,31232,26731.5,0,25.288990919868,0,18.027730895626,1341.177409608159
|207ntbav(3),707dbmfi(2),||207ntbav(3),707dbmfi(2),;31232,25789.4,31232,26731.5,0,20.288990919868,0,13.027730895626,1346.177409608159
|207ntbav(3),707dbmfi(2),||207ntbav(3),707dbmfi(2),;31232,25789.4,31232,26731.5,0,15.288990919868,0,8.027730895626,1351.177409608159
|207ntbav(3),707dbmfi(2),||207ntbav(3),707dbmfi(2),;31232,25789.4,31232,26731.5,0,10.288990919868,0,3.027730895626,1356.177409608159
|207ntbav(3),707dbmfi(2),||207ntbav(3),707dbmfi(3),;31232,25789.4,31232,26731.5,0,5.288990919868,0,0,1361.177409608159
|207ntbav(3),707dbmfi(3),||207ntbav(3),707dbmfi(3),;31232,25789.4,31232,26731.5,0,0.288990919868,0,0,1366.177409608159
|207ntbav(3),707dbmfi(3),||207ntbav(3),707dbmfi(3),;31232,25789.4,31232,26731.5,0,0,0,0,1371.177409608159
|207ntbav(3),707dbmfi(3),||207ntbav(3),707dbmfi(3),;31232,25789.4,31232,26731.5,0,0,0,0,1376.177409608159
|207ntbav(3),707dbmfi(3),||207ntbav(3),707dbmfi(3),;31232,25789.4,31232,26731.5,0,0,0,0,1381.177409608159
302otygi(0),|207ntbav(3),707dbmfi(3),302otygi(0),|302otygi(0),|207ntbav(3),707dbmfi(3),302otygi(0),;29993,24550.4,29993,25492.5,11.836661407433,11.836661407433,11.836661407433,11.836661407433,1386.177409608159
302otygi(2),|207ntbav(3),707dbmfi(3),302otygi(2),|302otygi(2),|207ntbav(3),707dbmfi(3),302otygi(2),;29993,24550.4,29993,25492.5,6.836661407433,6.836661407433,6.836661407433,6.836661407433,1391.177409608159
302otygi(2),|207ntbav(3),707dbmfi(3),302otygi(2),|302otygi(2),|207ntbav(3),707dbmfi(3),302otygi(2),;29993,24550.4,29993,25492.5,1.836661407433,1.836661407433,1.836661407433,1.836661407433,1396.177409608159
|207ntbav(3),707dbmfi(3),||207ntbav(3),707dbmfi(3),;31232,25789.4,31232,26731.5,0,0,0,0,1401.177409608159
|207ntbav(3),707dbmfi(3),||207ntbav(3),707dbmfi(3),;31232,25789.4,31232,26731.5,0,0,0,0,1406.177409608159
|207ntbav(3),707dbmfi(3),||207ntbav(3),707dbmfi(3),;31232,25789.4,31232,26731.5,0,0,0,0,1411.177409608159
|207ntbav(3),707dbmfi(3),||207ntbav(3),707dbmfi(3),;31232,25789.4,31232,26731.5,0,0,0,0,1416.177409608159
|207ntbav(3),707dbmfi(3),||207ntbav(3),707dbmfi(3),;31232,25789.4,31232,26731.5,0,0,0,0,1421.177409608159
|207ntbav(3),707dbmfi(3),|488phbtk(0),|207ntbav(3),707dbmfi(3),;31232,25789.4,30484.5,26731.5,0,0,7.877559187071,0,1426.177409608159
|207ntbav(3),707dbmfi(3),|488phbtk(2),|207ntbav(3),707dbmfi(3),;31232,25789.4,30484.5,26731.5,0,0,2.877559187071,0,1431.177409608159
|207ntbav(3),707dbmfi(3),||207ntbav(3),707dbmfi(3),;31232,25789.4,31232,26731.5,0,0,0,0,1436.177409608159
|207ntbav(3),707dbmfi(3),51skavf(0),||207ntbav(3),707dbmfi(3),;31232,22062,31232,26731.5,0,28.608303372106,0,0,1441.177409608159
|207ntbav(3),707dbmfi(3),51skavf(2),||207ntbav(3),707dbmfi(3),;31232,22062,31232,26731.5,0,23.608303372106,0,0,1446.177409608159
|207ntbav(3),707dbmfi(3),51skavf(2),||207ntbav(3),707dbmfi(3),;31232,22062,31232,26731.5,0,18.608303372106,0,0,1451.177409608159
|207ntbav(3),707dbmfi(3),51skavf(2),||207ntbav(3),707dbmfi(3),;31232,22062,31232,26731.5,0,13.608303372106,0,0,1456.177409608159
|207ntbav(3),707dbmfi(3),51skavf(2),||207ntbav(3),707dbmfi(3),;31232,22062,31232,26731.5,0,8.608303372106,0,0,1461.177409608159
|207ntbav(3),707dbmfi(3),51skavf(2),||207ntbav(3),707dbmfi(3),;31232,22062,31232,26731.5,0,3.608303372106,0,0,1466.177409608159
|207ntbav(3),707dbmfi(3),51skavf(3),||207ntbav(3),707dbmfi(3),;31232,22062,31232,26731.5,0,0,0,0,1471.177409608159
|207ntbav(3),707dbmfi(3),51skavf(3),||207ntbav(3),707dbmfi(3),;31232,22062,31232,26731.5,0,0,0,0,1476.177409608159
|207ntbav(3),707dbmfi(3),51skavf(3),||207ntbav(3),707dbmfi(3),;31232,22062,31232,26731.5,0,0,0,0,1481.177409608159
|207ntbav(3),707dbmfi(3),51skavf(3),||207ntbav(3),707dbmfi(3),;31232,22062,31232,26731.5,0,0,0,0,1486.177409608159
|207ntbav(3),707dbmfi(3),51skavf(3),||207ntbav(3),707dbmfi(3),;31232,22062,31232,26731.5,0,0,0,0,1491.177409608159
|207ntbav(3),707dbmfi(3),51skavf(3),||207ntbav(3),707dbmfi(3),;31232,22062,31232,26731.5,0,0,0,0,1496.177409608159
|207ntbav(3),707dbmfi(3),51skavf(3),||207ntbav(3),707dbmfi(3),;31232,22062,31232,26731.5,0,0,0,0,1501.177409608159
|207ntbav(3),707dbmfi(3),51skavf(3),||207ntbav(3),707dbmfi(3),;31232,22062,31232,26731.5,0,0,0,0,1506.177409608159
|207ntbav(3),707dbmfi(3),51skavf(3),||207ntbav(3),707dbmfi(3),;31232,22062,31232,26731.5,0,0,0,0,1511.177409608159
|207ntbav(3),707dbmfi(3),51skavf(3),||207ntbav(3),707dbmfi(3),;31232,22062,31232,26731.5,0,0,0,0,1516.177409608159
|207ntbav(3),707dbmfi(3),51skavf(3),||207ntbav(3),707dbmfi(3),;31232,22062,31232,26731.5,0,0,0,0,1521.177409608159
|207ntbav(3),707dbmfi(3),51skavf(3),||207ntbav(3),707dbmfi(3),;31232,22062,31232,26731.5,0,0,0,0,1526.177409608159
|207ntbav(3),707dbmfi(3),51skavf(3),||207ntbav(3),707dbmfi(3),;31232,22062,31232,26731.5,0,0,0,0,1531.177409608159
|207ntbav(3),707dbmfi(3),51skavf(3),||207ntbav(3),707dbmfi(3),;31232,22062,31232,26731.5,0,0,0,0,1536.177409608159
|207ntbav(3),707dbmfi(3),51skavf(3),||207ntbav(3),707dbmfi(3),;31232,22062,31232,26731.5,0,0,0,0,1541.177409608159
|207ntbav(3),707dbmfi(3),51skavf(3),||207ntbav(3),707dbmfi(3),;31232,22062,31232,26731.5,0,0,0,0,1546.177409608159
|207ntbav(3),707dbmfi(3),51skavf(3),||207ntbav(3),707dbmfi(3),;31232,22062,31232,26731.5,0,0,0,0,1551.177409608159
|207ntbav(3),707dbmfi(3),51skavf(3),||207ntbav(3),707dbmfi(3),;31232,22062,31232,26731.5,0,0,0,0,1556.177409608159
|207ntbav(3),707dbmfi(3),51skavf(3),||207ntbav(3),707dbmfi(3),;31232,22062,31232,26731.5,0,0,0,0,1561.177409608159
|207ntbav(3),707dbmfi(3),51skavf(3),||207ntbav(3),707dbmfi(3),;31232,22062,31232,26731.5,0,0,0,0,1566.177409608159
|207ntbav(3),707dbmfi(3),51skavf(3),||207ntbav(3),707dbmfi(3),;31232,22062,31232,26731.5,0,0,0,0,1571.177409608159
|207ntbav(3),707dbmfi(3),51skavf(3),||207ntbav(3),707dbmfi(3),;31232,22062,31232,26731.5,0,0,0,0,1576.177409608159
|207ntbav(3),707dbmfi(3),51skavf(3),||207ntbav(3),707dbmfi(3),;31232,22062,31232,26731.5,0,0,0,0,1581.177409608159
|207ntbav(3),707dbmfi(3),51skavf(3),||207ntbav(3),707dbmfi(3),;31232,22062,31232,26731.5,0,0,0,0,1586.177409608159
|207ntbav(3),51skavf(3),||207ntbav(3),;31232,26772.4,31232,30499.8,0,0,0,0,1591.177409608159
|207ntbav(3),51skavf(3),||207ntbav(3),;31232,26772.4,31232,30499.8,0,0,0,0,1596.177409608159
|207ntbav(3),51skavf(3),||207ntbav(3),;31232,26772.4,31232,30499.8,0,0,0,0,1601.177409608159
|207ntbav(3),51skavf(3),||207ntbav(3),;31232,26772.4,31232,30499.8,0,0,0,0,1606.177409608159
|207ntbav(3),51skavf(3),||207ntbav(3),;31232,26772.4,31232,30499.8,0,0,0,0,1611.177409608159
|207ntbav(3),51skavf(3),||207ntbav(3),;31232,26772.4,31232,30499.8,0,0,0,0,1616.177409608159
|207ntbav(3),51skavf(3),||207ntbav(3),;31232,26772.4,31232,30499.8,0,0,0,0,1621.177409608159
|207ntbav(3),51skavf(3),||207ntbav(3),;31232,26772.4,31232,30499.8,0,0,0,0,1626.177409608159
|207ntbav(3),51skavf(3),||207ntbav(3),;31232,26772.4,31232,30499.8,0,0,0,0,1631.177409608159
|207ntbav(3),51skavf(3),||207ntbav(3),;31232,26772.4,31232,30499.8,0,0,0,0,1636.177409608159
|207ntbav(3),51skavf(3),||207ntbav(3),;31232,26772.4,31232,30499.8,0,0,0,0,1641.177409608159
|207ntbav(3),||207ntbav(3),;31232,30499.8,31232,30499.8,0,0,0,0,1646.177409608159
|207ntbav(3),||207ntbav(3),;31232,30499.8,31232,30499.8,0,0,0,0,1651.177409608159
|207ntbav(3),||207ntbav(3),;31232,30499.8,31232,30499.8,0,0,0,0,1656.177409608159
|207ntbav(3),||207ntbav(3),;31232,30499.8,31232,30499.8,0,0,0,0,1661.177409608159
|207ntbav(3),||207ntbav(3),;31232,30499.8,31232,30499.8,0,0,0,0,1666.177409608159
|207ntbav(3),||207ntbav(3),;31232,30499.8,31232,30499.8,0,0,0,0,1671.177409608159
|207ntbav(3),||207ntbav(3),;31232,30499.8,31232,30499.8,0,0,0,0,1676.177409608159
|207ntbav(3),||207ntbav(3),;31232,30499.8,31232,30499.8,0,0,0,0,1681.177409608159
|207ntbav(3),||207ntbav(3),;31232,30499.8,31232,30499.8,0,0,0,0,1686.177409608159
|207ntbav(3),||207ntbav(3),;31232,30499.8,31232,30499.8,0,0,0,0,1691.177409608159
|207ntbav(3),||207ntbav(3),;31232,30499.8,31232,30499.8,0,0,0,0,1696.177409608159
|207ntbav(3),||207ntbav(3),;31232,30499.8,31232,30499.8,0,0,0,0,1701.177409608159
|207ntbav(3),||207ntbav(3),;31232,30499.8,31232,30499.8,0,0,0,0,1706.177409608159
|207ntbav(3),||207ntbav(3),;31232,30499.8,31232,30499.8,0,0,0,0,1711.177409608159
|207ntbav(3),||207ntbav(3),;31232,30499.8,31232,30499.8,0,0,0,0,1716.177409608159
|207ntbav(3),||207ntbav(3),;31232,30499.8,31232,30499.8,0,0,0,0,1721.177409608159
|||;31232,31232,31232,31232,0,0,0,0,1726.177409608159
|||;31232,31232,31232,31232,0,0,0,0,1731.177409608159
|||;31232,31232,31232,31232,0,0,0,0,1736.177409608159
|||;31232,31232,31232,31232,0,0,0,0,1741.177409608159
|||;31232,31232,31232,31232,0,0,0,0,1746.177409608159
617azivg(2),||617azivg(2),|617azivg(2),;27832.3,31232,30382.1,27832.3,21.604912086724,0,2.284153977633,21.604912086724,1751.177409608159
617azivg(2),|||617azivg(2),;27832.3,31232,31232,27832.3,16.604912086724,0,0,16.604912086724,1756.177409608159
617azivg(2),|||617azivg(2),;27832.3,31232,31232,27832.3,11.604912086724,0,0,11.604912086724,1761.177409608159
617azivg(2),|||617azivg(2),;27832.3,31232,31232,27832.3,6.604912086724,0,0,6.604912086724,1766.177409608159
617azivg(2),|||617azivg(2),;27832.3,31232,31232,27832.3,1.604912086724,0,0,1.604912086724,1771.177409608159
617azivg(3),|||617azivg(3),;27832.3,31232,31232,27832.3,0,0,0,0,1776.177409608159
617azivg(3),|||617azivg(3),;27832.3,31232,31232,27832.3,0,0,0,0,1781.177409608159
617azivg(3),|||617azivg(3),;27832.3,31232,31232,27832.3,0,0,0,0,1786.177409608159
617azivg(3),|||617azivg(3),;27832.3,31232,31232,27832.3,0,0,0,0,1791.177409608159
617azivg(3),|||617azivg(3),;27832.3,31232,31232,27832.3,0,0,0,0,1796.177409608159
617azivg(3),|||617azivg(3),;27832.3,31232,31232,27832.3,0,0,0,0,1801.177409608159
617azivg(3),|||617azivg(3),;27832.3,31232,31232,27832.3,0,0,0,0,1806.177409608159
617azivg(3),|||617azivg(3),;27832.3,31232,31232,27832.3,0,0,0,0,1811.177409608159
617azivg(3),|||617azivg(3),;27832.3,31232,31232,27832.3,0,0,0,0,1816.177409608159
617azivg(3),|||617azivg(3),;27832.3,31232,31232,27832.3,0,0,0,0,1821.177409608159
617azivg(3),|||617azivg(3),;27832.3,31232,31232,27832.3,0,0,0,0,1826.177409608159
617azivg(3),|||617azivg(3),;27832.3,31232,31232,27832.3,0,0,0,0,1831.177409608159
617azivg(3),|||617azivg(3),;27832.3,31232,31232,27832.3,0,0,0,0,1836.177409608159
617azivg(3),|||617azivg(3),;27832.3,31232,31232,27832.3,0,0,0,0,1841.177409608159
617azivg(3),|||617azivg(3),;27832.3,31232,31232,27832.3,0,0,0,0,1846.177409608159
617azivg(3),|||617azivg(3),;27832.3,31232,31232,27832.3,0,0,0,0,1851.177409608159
617azivg(3),|||617azivg(3),;27832.3,31232,31232,27832.3,0,0,0,0,1856.177409608159
617azivg(3),|||617azivg(3),;27832.3,31232,31232,27832.3,0,0,0,0,1861.177409608159
617azivg(3),|||617azivg(3),;27832.3,31232,31232,27832.3,0,0,0,0,1866.177409608159
617azivg(3),|||617azivg(3),;27832.3,31232,31232,27832.3,0,0,0,0,1871.177409608159
617azivg(3),|||617azivg(3),;27832.3,31232,31232,27832.3,0,0,0,0,1876.177409608159
|||;31232,31232,31232,31232,0,0,0,0,1881.177409608159
|||;31232,31232,31232,31232,0,0,0,0,1886.177409608159
|||;31232,31232,31232,31232,0,0,0,0,1891.177409608159
|||;31232,31232,31232,31232,0,0,0,0,1896.177409608159
|||;31232,31232,31232,31232,0,0,0,0,1901.177409608159
|||;31232,31232,31232,31232,0,0,0,0,1906.177409608159
|||;31232,31232,31232,31232,0,0,0,0,1911.177409608159
|||;31232,31232,31232,31232,0,0,0,0,1916.177409608159
|||;31232,31232,31232,31232,0,0,0,0,1921.177409608159
|||;31232,31232,31232,31232,0,0,0,0,1926.177409608159
|||;31232,31232,31232,31232,0,0,0,0,1931.177409608159
|||;31232,31232,31232,31232,0,0,0,0,1936.177409608159
|||;31232,31232,31232,31232,0,0,0,0,1941.177409608159
|||;31232,31232,31232,31232,0,0,0,0,1946.177409608159
|||;31232,31232,31232,31232,0,0,0,0,1951.177409608159
|||;31232,31232,31232,31232,0,0,0,0,1956.177409608159
|||;31232,31232,31232,31232,0,0,0,0,1961.177409608159
|||;31232,31232,31232,31232,0,0,0,0,1966.177409608159
|||;31232,31232,31232,31232,0,0,0,0,1971.177409608159
|||;31232,31232,31232,31232,0,0,0,0,1976.177409608159
|||;31232,31232,31232,31232,0,0,0,0,1981.177409608159
|||;31232,31232,31232,31232,0,0,0,0,1986.177409608159
|||;31232,31232,31232,31232,0,0,0,0,1991.177409608159
|||;31232,31232,31232,31232,0,0,0,0,1996.177409608159
