|||;20377,20377,20377,20377,0,0,0,0,1.141581002388
|||;20377,20377,20377,20377,0,0,0,0,6.141581002388
|||;20377,20377,20377,20377,0,0,0,0,11.141581002388
|||;20377,20377,20377,20377,0,0,0,0,16.141581002388
|||;20377,20377,20377,20377,0,0,0,0,21.141581002388
|||;20377,20377,20377,20377,0,0,0,0,26.141581002388
|||;20377,20377,20377,20377,0,0,0,0,31.141581002388
|||;20377,20377,20377,20377,0,0,0,0,36.141581002388
|||;20377,20377,20377,20377,0,0,0,0,41.141581002388
|||;20377,20377,20377,20377,0,0,0,0,46.141581002388
|||;20377,20377,20377,20377,0,0,0,0,51.141581002388
|||;20377,20377,20377,20377,0,0,0,0,56.141581002388
|||;20377,20377,20377,20377,0,0,0,0,61.141581002388
|||;20377,20377,20377,20377,0,0,0,0,66.141581002388
|||;20377,20377,20377,20377,0,0,0,0,71.141581002388
|||;20377,20377,20377,20377,0,0,0,0,76.141581002388
|||;20377,20377,20377,20377,0,0,0,0,81.141581002388
|||;20377,20377,20377,20377,0,0,0,0,86.141581002388
|||;20377,20377,20377,20377,0,0,0,0,91.141581002388
|||;20377,20377,20377,20377,0,0,0,0,96.141581002388
|||;20377,20377,20377,20377,0,0,0,0,101.141581002388
|||;20377,20377,20377,20377,0,0,0,0,106.141581002388
|||;20377,20377,20377,20377,0,0,0,0,111.141581002388
|||;20377,20377,20377,20377,0,0,0,0,116.141581002388
|||;20377,20377,20377,20377,0,0,0,0,121.141581002388
|||;20377,20377,20377,20377,0,0,0,0,126.141581002388
|||;20377,20377,20377,20377,0,0,0,0,131.141581002388
|||;20377,20377,20377,20377,0,0,0,0,136.141581002388
|||;20377,20377,20377,20377,0,0,0,0,141.141581002388
|||;20377,20377,20377,20377,0,0,0,0,146.141581002388
|||;20377,20377,20377,20377,0,0,0,0,151.141581002388
|||;20377,20377,20377,20377,0,0,0,0,156.141581002388
|||;20377,20377,20377,20377,0,0,0,0,161.141581002388
|||;20377,20377,20377,20377,0,0,0,0,166.141581002388
|||;20377,20377,20377,20377,0,0,0,0,171.141581002388
|||;20377,20377,20377,20377,0,0,0,0,176.141581002388
|||;20377,20377,20377,20377,0,0,0,0,181.141581002388
|||;20377,20377,20377,20377,0,0,0,0,186.141581002388
|||;20377,20377,20377,20377,0,0,0,0,191.141581002388
|||;20377,20377,20377,20377,0,0,0,0,196.141581002388
|||;20377,20377,20377,20377,0,0,0,0,201.141581002388
|||;20377,20377,20377,20377,0,0,0,0,206.141581002388
|||;20377,20377,20377,20377,0,0,0,0,211.141581002388
966fhikg(2),|966fhikg(2),|966fhikg(2),|966fhikg(2),;19045.8,19045.8,19711.4,19711.4,5.452226106135,5.452226106135,0.539978178207,0.539978178207,216.141581002388
966fhikg(2),|966fhikg(2),||;19045.8,19045.8,20377,20377,0.452226106135,0.452226106135,0,0,221.141581002388
|||;20377,20377,20377,20377,0,0,0,0,226.141581002388
|||;20377,20377,20377,20377,0,0,0,0,231.141581002388
|||;20377,20377,20377,20377,0,0,0,0,236.141581002388
|||;20377,20377,20377,20377,0,0,0,0,241.141581002388
|||;20377,20377,20377,20377,0,0,0,0,246.141581002388
|||;20377,20377,20377,20377,0,0,0,0,251.141581002388
|||;20377,20377,20377,20377,0,0,0,0,256.141581002388
|||;20377,20377,20377,20377,0,0,0,0,261.141581002388
|||;20377,20377,20377,20377,0,0,0,0,266.141581002388
|||;20377,20377,20377,20377,0,0,0,0,271.141581002388
|||;20377,20377,20377,20377,0,0,0,0,276.141581002388
|||;20377,20377,20377,20377,0,0,0,0,281.141581002388
|||;20377,20377,20377,20377,0,0,0,0,286.141581002388
|||;20377,20377,20377,20377,0,0,0,0,291.141581002388
|||;20377,20377,20377,20377,0,0,0,0,296.141581002388
|||;20377,20377,20377,20377,0,0,0,0,301.141581002388
|||;20377,20377,20377,20377,0,0,0,0,306.141581002388
735egpqs(2),||735egpqs(2),|;19598.8,20377,14929.3,20377,3.119493299838,0,37.580801840379,0,311.141581002388
||735egpqs(2),|;20377,20377,14929.3,20377,0,0,32.580801840379,0,316.141581002388
||735egpqs(2),|;20377,20377,14929.3,20377,0,0,27.580801840379,0,321.141581002388
||735egpqs(2),|;20377,20377,14929.3,20377,0,0,22.580801840379,0,326.141581002388
||735egpqs(2),|;20377,20377,14929.3,20377,0,0,17.580801840379,0,331.141581002388
||735egpqs(2),|;20377,20377,14929.3,20377,0,0,12.580801840379,0,336.141581002388
||735egpqs(2),|;20377,20377,14929.3,20377,0,0,7.580801840379,0,341.141581002388
||735egpqs(2),|;20377,20377,14929.3,20377,0,0,2.580801840379,0,346.141581002388
||735egpqs(3),|;20377,20377,14929.3,20377,0,0,0,0,351.141581002388
||735egpqs(3),|;20377,20377,14929.3,20377,0,0,0,0,356.141581002388
||735egpqs(3),|;20377,20377,14929.3,20377,0,0,0,0,361.141581002388
||735egpqs(3),|;20377,20377,14929.3,20377,0,0,0,0,366.141581002388
||735egpqs(3),|;20377,20377,14929.3,20377,0,0,0,0,371.141581002388
735ujnms(0),|735ujnms(0),|735egpqs(3),735ujnms(0),|735ujnms(0),;18457,19097,13649.3,18457,17.628044587284,12.821395938635,12.821395938635,17.628044587284,376.141581002388
735ujnms(2),|735ujnms(2),|735ujnms(2),|735ujnms(2),;18457,19097,19097,18457,12.628044587284,7.821395938635,7.821395938635,12.628044587284,381.141581002388
735ujnms(2),|735ujnms(2),|735ujnms(2),|735ujnms(2),;18457,19097,19097,18457,7.628044587284,2.821395938635,2.821395938635,7.628044587284,386.141581002388
735ujnms(2),|||735ujnms(2),;18457,20377,20377,18457,2.628044587284,0,0,2.628044587284,391.141581002388
|||;20377,20377,20377,20377,0,0,0,0,396.141581002388
|||;20377,20377,20377,20377,0,0,0,0,401.141581002388
|160yunpv(2),||160yunpv(2),;20377,16444.8,20377,16444.8,0,27.961369683059,0,27.961369683059,406.141581002388
|160yunpv(2),||160yunpv(2),;20377,16444.8,20377,16444.8,0,22.961369683059,0,22.961369683059,411.141581002388
|160yunpv(2),||160yunpv(2),;20377,16444.8,20377,16444.8,0,17.961369683059,0,17.961369683059,416.141581002388
|160yunpv(2),||160yunpv(2),;20377,16444.8,20377,16444.8,0,12.961369683059,0,12.961369683059,421.141581002388
|160yunpv(2),607xatip(1),|607xatip(2),|160yunpv(2),607xatip(1),;20377,15584.6,18656.7,13864.3,0,20.404789349875,12.933412448212,33.325060917443,426.141581002388
|160yunpv(2),607xatip(1),|607xatip(2),|160yunpv(2),607xatip(1),;20377,15584.6,18656.7,13864.3,0,15.404789349875,7.933412448212,28.325060917443,431.141581002388
|160yunpv(3),607xatip(2),|607xatip(2),|160yunpv(3),607xatip(2),;20377,15584.6,18656.7,13864.3,0,10.404789349875,2.933412448212,23.325060917443,436.141581002388
|160yunpv(3),607xatip(3),|607xatip(3),|160yunpv(3),607xatip(2),;20377,15584.6,18656.7,13864.3,0,5.404789349875,0,18.325060917443,441.141581002388
|160yunpv(3),607xatip(3),|607xatip(3),|160yunpv(3),607xatip(2),;20377,15584.6,18656.7,13864.3,0,0.404789349875,0,13.325060917443,446.141581002388
|160yunpv(3),607xatip(3),|607xatip(3),|160yunpv(3),607xatip(2),;20377,15584.6,18656.7,13864.3,0,0,0,8.325060917443,451.141581002388
|160yunpv(3),607xatip(3),|607xatip(3),|160yunpv(3),607xatip(3),;20377,15584.6,18656.7,13864.3,0,0,0,3.325060917443,456.141581002388
|160yunpv(3),607xatip(3),|607xatip(3),|160yunpv(3),607xatip(3),;20377,15584.6,18656.7,13864.3,0,0,0,0,461.141581002388
|160yunpv(3),607xatip(3),|607xatip(3),|160yunpv(3),607xatip(3),;20377,15584.6,18656.7,13864.3,0,0,0,0,466.141581002388
|160yunpv(3),607xatip(3),|607xatip(3),|160yunpv(3),607xatip(3),;20377,15584.6,18656.7,13864.3,0,0,0,0,471.141581002388
607vopke(0),|160yunpv(3),607xatip(3),607vopke(0),|607xatip(3),607vopke(0),|160yunpv(3),607xatip(3),607vopke(0),;19004.8,14212.4,16598.5,11806.1,10.7494576978,10.7494576978,15.812851715818,15.812851715818,476.141581002388
607vopke(2),|160yunpv(3),607vopke(2),|607vopke(2),|160yunpv(3),607vopke(2),;19004.8,15072.6,18318.8,14386.6,5.7494576978,5.7494576978,10.812851715818,10.812851715818,481.141581002388
607vopke(2),|160yunpv(3),607vopke(2),|607vopke(2),|160yunpv(3),607vopke(2),;19004.8,15072.6,18318.8,14386.6,0.7494576978,0.7494576978,5.812851715818,5.812851715818,486.141581002388
|160yunpv(3),|607vopke(2),|160yunpv(3),607vopke(2),;20377,16444.8,18318.8,14386.6,0,0,0.812851715818,0.812851715818,491.141581002388
160ztmlv(0),|160yunpv(3),160ztmlv(0),|160ztmlv(0),|160yunpv(3),160ztmlv(0),;17366.4,13434.2,18370,14437.8,26.052783329027,26.052783329027,18.385291581279,18.385291581279,496.141581002388
160ztmlv(2),|160yunpv(3),160ztmlv(2),|160ztmlv(2),|160yunpv(3),160ztmlv(2),;17366.4,13434.2,18370,14437.8,21.052783329027,21.052783329027,13.385291581279,13.385291581279,501.141581002388
160ztmlv(2),|160yunpv(3),160ztmlv(2),|160ztmlv(2),|160yunpv(3),160ztmlv(2),;17366.4,13434.2,18370,14437.8,16.052783329027,16.052783329027,8.385291581279,8.385291581279,506.141581002388
160ztmlv(2),|160yunpv(3),160ztmlv(2),|160ztmlv(2),|160yunpv(3),160ztmlv(2),;17366.4,13434.2,18370,14437.8,11.052783329027,11.052783329027,3.385291581279,3.385291581279,511.141581002388
160ztmlv(2),|160yunpv(3),160ztmlv(2),|160ztmlv(3),|160yunpv(3),160ztmlv(3),;17366.4,13434.2,18370,14437.8,6.052783329027,6.052783329027,0,0,516.141581002388
160ztmlv(2),|160yunpv(3),160ztmlv(2),|160ztmlv(3),|160yunpv(3),160ztmlv(3),;17366.4,13434.2,18370,14437.8,1.052783329027,1.052783329027,0,0,521.141581002388
160ztmlv(3),|160yunpv(3),160ztmlv(3),|160ztmlv(3),|160yunpv(3),160ztmlv(3),;17366.4,13434.2,18370,14437.8,0,0,0,0,526.141581002388
160ztmlv(3),|160yunpv(3),160ztmlv(3),|160ztmlv(3),|160yunpv(3),160ztmlv(3),;17366.4,13434.2,18370,14437.8,0,0,0,0,531.141581002388
160ztmlv(3),|160yunpv(3),160ztmlv(3),|160ztmlv(3),|160yunpv(3),160ztmlv(3),;17366.4,13434.2,18370,14437.8,0,0,0,0,536.141581002388
160ztmlv(3),|160yunpv(3),160ztmlv(3),|160ztmlv(3),|160yunpv(3),160ztmlv(3),;17366.4,13434.2,18370,14437.8,0,0,0,0,541.141581002388
160ztmlv(3),|160yunpv(3),160ztmlv(3),|160ztmlv(3),|160yunpv(3),160ztmlv(3),;17366.4,13434.2,18370,14437.8,0,0,0,0,546.141581002388
160ztmlv(3),|160yunpv(3),160ztmlv(3),|160ztmlv(3),|160yunpv(3),160ztmlv(3),;17366.4,13434.2,18370,14437.8,0,0,0,0,551.141581002388
160ztmlv(3),|160yunpv(3),160ztmlv(3),|160ztmlv(3),|160yunpv(3),160ztmlv(3),;17366.4,13434.2,18370,14437.8,0,0,0,0,556.141581002388
160ztmlv(3),|160yunpv(3),160ztmlv(3),|160ztmlv(3),|160yunpv(3),160ztmlv(3),;17366.4,13434.2,18370,14437.8,0,0,0,0,561.141581002388
160ztmlv(3),|160yunpv(3),160ztmlv(3),|160ztmlv(3),|160yunpv(3),160ztmlv(3),;17366.4,13434.2,18370,14437.8,0,0,0,0,566.141581002388
160ztmlv(3),|160yunpv(3),160ztmlv(3),|160ztmlv(3),|160yunpv(3),160ztmlv(3),;17366.4,13434.2,18370,14437.8,0,0,0,0,571.141581002388
160ztmlv(3),741slzvh(0),|160yunpv(3),160ztmlv(3),741slzvh(0),|160ztmlv(3),741slzvh(0),|160yunpv(3),160ztmlv(3),741slzvh(0),;16342.4,12922.2,17858,13925.8,8.844968469142,4.999649550223,4.999649550223,4.999649550223,576.141581002388
160ztmlv(3),741slzvh(2),|160yunpv(3),160ztmlv(3),|160ztmlv(3),|160yunpv(3),160ztmlv(3),;16342.4,13434.2,18370,14437.8,3.844968469142,0,0,0,581.141581002388
160ztmlv(3),|160yunpv(3),160ztmlv(3),|160ztmlv(3),|160yunpv(3),160ztmlv(3),;17366.4,13434.2,18370,14437.8,0,0,0,0,586.141581002388
160ztmlv(3),|160yunpv(3),160ztmlv(3),|160ztmlv(3),|160yunpv(3),160ztmlv(3),;17366.4,13434.2,18370,14437.8,0,0,0,0,591.141581002388
160ztmlv(3),|160yunpv(3),160ztmlv(3),|160ztmlv(3),|160yunpv(3),160ztmlv(3),;17366.4,13434.2,18370,14437.8,0,0,0,0,596.141581002388
160ztmlv(3),|160yunpv(3),160ztmlv(3),|160ztmlv(3),|160yunpv(3),160ztmlv(3),;17366.4,13434.2,18370,14437.8,0,0,0,0,601.141581002388
160ztmlv(3),|160yunpv(3),160ztmlv(3),|160ztmlv(3),|160yunpv(3),160ztmlv(3),;17366.4,13434.2,18370,14437.8,0,0,0,0,606.141581002388
160ztmlv(3),|160yunpv(3),160ztmlv(3),|160ztmlv(3),|160yunpv(3),160ztmlv(3),;17366.4,13434.2,18370,14437.8,0,0,0,0,611.141581002388
|||;20377,20377,20377,20377,0,0,0,0,616.141581002388
|||;20377,20377,20377,20377,0,0,0,0,621.141581002388
|||;20377,20377,20377,20377,0,0,0,0,626.141581002388
|||;20377,20377,20377,20377,0,0,0,0,631.141581002388
|||;20377,20377,20377,20377,0,0,0,0,636.141581002388
|||;20377,20377,20377,20377,0,0,0,0,641.141581002388
|||;20377,20377,20377,20377,0,0,0,0,646.141581002388
|||;20377,20377,20377,20377,0,0,0,0,651.141581002388
|||;20377,20377,20377,20377,0,0,0,0,656.141581002388
|||;20377,20377,20377,20377,0,0,0,0,661.141581002388
|||;20377,20377,20377,20377,0,0,0,0,666.141581002388
|||;20377,20377,20377,20377,0,0,0,0,671.141581002388
|||;20377,20377,20377,20377,0,0,0,0,676.141581002388
|||;20377,20377,20377,20377,0,0,0,0,681.141581002388
|||;20377,20377,20377,20377,0,0,0,0,686.141581002388
|||;20377,20377,20377,20377,0,0,0,0,691.141581002388
|||;20377,20377,20377,20377,0,0,0,0,696.141581002388
||40amgrp(2),|40amgrp(2),;20377,20377,17253.8,17253.8,0,0,19.356307889639,19.356307889639,701.141581002388
||40amgrp(2),|40amgrp(2),;20377,20377,17253.8,17253.8,0,0,14.356307889639,14.356307889639,706.141581002388
||40amgrp(2),|40amgrp(2),;20377,20377,17253.8,17253.8,0,0,9.356307889639,9.356307889639,711.141581002388
||40amgrp(2),|40amgrp(2),;20377,20377,17253.8,17253.8,0,0,4.356307889639,4.356307889639,716.141581002388
||40amgrp(3),|40amgrp(3),;20377,20377,17253.8,17253.8,0,0,0,0,721.141581002388
||40amgrp(3),|40amgrp(3),;20377,20377,17253.8,17253.8,0,0,0,0,726.141581002388
||40amgrp(3),|40amgrp(3),;20377,20377,17253.8,17253.8,0,0,0,0,731.141581002388
||40amgrp(3),|40amgrp(3),;20377,20377,17253.8,17253.8,0,0,0,0,736.141581002388
||40amgrp(3),|40amgrp(3),;20377,20377,17253.8,17253.8,0,0,0,0,741.141581002388
||40amgrp(3),|40amgrp(3),;20377,20377,17253.8,17253.8,0,0,0,0,746.141581002388
||40amgrp(3),|40amgrp(3),;20377,20377,17253.8,17253.8,0,0,0,0,751.141581002388
||40amgrp(3),|40amgrp(3),;20377,20377,17253.8,17253.8,0,0,0,0,756.141581002388
||40amgrp(3),|40amgrp(3),;20377,20377,17253.8,17253.8,0,0,0,0,761.141581002388
||40amgrp(3),|40amgrp(3),;20377,20377,17253.8,17253.8,0,0,0,0,766.141581002388
||40amgrp(3),|40amgrp(3),;20377,20377,17253.8,17253.8,0,0,0,0,771.141581002388
||40amgrp(3),|40amgrp(3),;20377,20377,17253.8,17253.8,0,0,0,0,776.141581002388
||40amgrp(3),|40amgrp(3),;20377,20377,17253.8,17253.8,0,0,0,0,781.141581002388
||40amgrp(3),|40amgrp(3),;20377,20377,17253.8,17253.8,0,0,0,0,786.141581002388
||40amgrp(3),|40amgrp(3),;20377,20377,17253.8,17253.8,0,0,0,0,791.141581002388
||40amgrp(3),|40amgrp(3),;20377,20377,17253.8,17253.8,0,0,0,0,796.141581002388
||40amgrp(3),|40amgrp(3),;20377,20377,17253.8,17253.8,0,0,0,0,801.141581002388
||40amgrp(3),|40amgrp(3),;20377,20377,17253.8,17253.8,0,0,0,0,806.141581002388
||40amgrp(3),|40amgrp(3),;20377,20377,17253.8,17253.8,0,0,0,0,811.141581002388
||40amgrp(3),|40amgrp(3),;20377,20377,17253.8,17253.8,0,0,0,0,816.141581002388
||40amgrp(3),|40amgrp(3),;20377,20377,17253.8,17253.8,0,0,0,0,821.141581002388
||40amgrp(3),|40amgrp(3),;20377,20377,17253.8,17253.8,0,0,0,0,826.141581002388
||40amgrp(3),|40amgrp(3),;20377,20377,17253.8,17253.8,0,0,0,0,831.141581002388
||40amgrp(3),|40amgrp(3),;20377,20377,17253.8,17253.8,0,0,0,0,836.141581002388
||40amgrp(3),|40amgrp(3),;20377,20377,17253.8,17253.8,0,0,0,0,841.141581002388
||40amgrp(3),|40amgrp(3),;20377,20377,17253.8,17253.8,0,0,0,0,846.141581002388
||40amgrp(3),|40amgrp(3),;20377,20377,17253.8,17253.8,0,0,0,0,851.141581002388
315pnmjl(2),|315pnmjl(2),|40amgrp(3),315pnmjl(2),|40amgrp(3),315pnmjl(2),;18011.6,18800,15676.8,14888.4,16.999542094333,11.180417625864,11.180417625864,16.999542094333,856.141581002388
315pnmjl(2),|315pnmjl(2),|40amgrp(3),315pnmjl(2),|40amgrp(3),315pnmjl(2),;18011.6,18800,15676.8,14888.4,11.999542094333,6.180417625864,6.180417625864,11.999542094333,861.141581002388
315pnmjl(2),|315pnmjl(2),|40amgrp(3),315pnmjl(2),|40amgrp(3),315pnmjl(2),;18011.6,18800,15676.8,14888.4,6.999542094333,1.180417625864,1.180417625864,6.999542094333,866.141581002388
315pnmjl(2),||40amgrp(3),|40amgrp(3),315pnmjl(2),;18011.6,20377,17253.8,14888.4,1.999542094333,0,0,1.999542094333,871.141581002388
||40amgrp(3),|40amgrp(3),;20377,20377,17253.8,17253.8,0,0,0,0,876.141581002388
||40amgrp(3),|40amgrp(3),;20377,20377,17253.8,17253.8,0,0,0,0,881.141581002388
||40amgrp(3),|40amgrp(3),;20377,20377,17253.8,17253.8,0,0,0,0,886.141581002388
||40amgrp(3),|40amgrp(3),;20377,20377,17253.8,17253.8,0,0,0,0,891.141581002388
||40amgrp(3),|40amgrp(3),;20377,20377,17253.8,17253.8,0,0,0,0,896.141581002388
||40amgrp(3),|40amgrp(3),;20377,20377,17253.8,17253.8,0,0,0,0,901.141581002388
||40amgrp(3),|40amgrp(3),;20377,20377,17253.8,17253.8,0,0,0,0,906.141581002388
||40amgrp(3),|40amgrp(3),;20377,20377,17253.8,17253.8,0,0,0,0,911.141581002388
||40amgrp(3),|40amgrp(3),;20377,20377,17253.8,17253.8,0,0,0,0,916.141581002388
||40amgrp(3),|40amgrp(3),;20377,20377,17253.8,17253.8,0,0,0,0,921.141581002388
||40amgrp(3),|40amgrp(3),;20377,20377,17253.8,17253.8,0,0,0,0,926.141581002388
40nivrg(2),|40nivrg(2),|40nivrg(2),|40nivrg(2),;17996.2,18789.8,18789.8,17996.2,16.665467852668,10.808556861677,10.808556861677,16.665467852668,931.141581002388
40nivrg(2),|40nivrg(2),|40nivrg(2),|40nivrg(2),;17996.2,18789.8,18789.8,17996.2,11.665467852668,5.808556861677,5.808556861677,11.665467852668,936.141581002388
40nivrg(2),|40nivrg(2),|40nivrg(2),|40nivrg(2),;17996.2,18789.8,18789.8,17996.2,6.665467852668,0.808556861677,0.808556861677,6.665467852668,941.141581002388
40nivrg(2),|||40nivrg(2),;17996.2,20377,20377,17996.2,1.665467852668,0,0,1.665467852668,946.141581002388
|||;20377,20377,20377,20377,0,0,0,0,951.141581002388
|||;20377,20377,20377,20377,0,0,0,0,956.141581002388
|||;20377,20377,20377,20377,0,0,0,0,961.141581002388
|||;20377,20377,20377,20377,0,0,0,0,966.141581002388
|||;20377,20377,20377,20377,0,0,0,0,971.141581002388
|185nvecl(2),|185nvecl(2),|;20377,15385,15385,20377,0,36.894738222682,36.894738222682,0,976.141581002388
|185nvecl(2),|185nvecl(2),|;20377,15385,15385,20377,0,31.894738222682,31.894738222682,0,981.141581002388
|185nvecl(2),|185nvecl(2),|;20377,15385,15385,20377,0,26.894738222682,26.894738222682,0,986.141581002388
|185nvecl(2),|185nvecl(2),|;20377,15385,15385,20377,0,21.894738222682,21.894738222682,0,991.141581002388
|185nvecl(2),|185nvecl(2),|;20377,15385,15385,20377,0,16.894738222682,16.894738222682,0,996.141581002388
|185nvecl(2),|185nvecl(2),|;20377,15385,15385,20377,0,11.894738222682,11.894738222682,0,1001.141581002388
|185nvecl(2),|185nvecl(2),|;20377,15385,15385,20377,0,6.894738222682,6.894738222682,0,1006.141581002388
|185nvecl(2),|185nvecl(2),|;20377,15385,15385,20377,0,1.894738222682,1.894738222682,0,1011.141581002388
|185nvecl(3),|185nvecl(3),|;20377,15385,15385,20377,0,0,0,0,1016.141581002388
|185nvecl(3),|185nvecl(3),|;20377,15385,15385,20377,0,0,0,0,1021.141581002388
|185nvecl(3),|185nvecl(3),|;20377,15385,15385,20377,0,0,0,0,1026.141581002388
|185nvecl(3),|185nvecl(3),|;20377,15385,15385,20377,0,0,0,0,1031.141581002388
|185nvecl(3),|185nvecl(3),|;20377,15385,15385,20377,0,0,0,0,1036.141581002388
|185nvecl(3),|185nvecl(3),|;20377,15385,15385,20377,0,0,0,0,1041.141581002388
|185nvecl(3),|185nvecl(3),|;20377,15385,15385,20377,0,0,0,0,1046.141581002388
|185nvecl(3),|185nvecl(3),|;20377,15385,15385,20377,0,0,0,0,1051.141581002388
|185nvecl(3),|185nvecl(3),|;20377,15385,15385,20377,0,0,0,0,1056.141581002388
|185nvecl(3),|185nvecl(3),|;20377,15385,15385,20377,0,0,0,0,1061.141581002388
|185nvecl(3),|185nvecl(3),|;20377,15385,15385,20377,0,0,0,0,1066.141581002388
|185nvecl(3),|185nvecl(3),|;20377,15385,15385,20377,0,0,0,0,1071.141581002388
|185nvecl(3),|185nvecl(3),|;20377,15385,15385,20377,0,0,0,0,1076.141581002388
|185nvecl(3),|185nvecl(3),|;20377,15385,15385,20377,0,0,0,0,1081.141581002388
|185nvecl(3),|185nvecl(3),|;20377,15385,15385,20377,0,0,0,0,1086.141581002388
|185nvecl(3),|185nvecl(3),|;20377,15385,15385,20377,0,0,0,0,1091.141581002388
|185nvecl(3),|185nvecl(3),|;20377,15385,15385,20377,0,0,0,0,1096.141581002388
|185nvecl(3),|185nvecl(3),|;20377,15385,15385,20377,0,0,0,0,1101.141581002388
|185nvecl(3),|185nvecl(3),|;20377,15385,15385,20377,0,0,0,0,1106.141581002388
|185nvecl(3),|185nvecl(3),|;20377,15385,15385,20377,0,0,0,0,1111.141581002388
|185nvecl(3),|185nvecl(3),|;20377,15385,15385,20377,0,0,0,0,1116.141581002388
|185nvecl(3),|185nvecl(3),|;20377,15385,15385,20377,0,0,0,0,1121.141581002388
|185nvecl(3),|185nvecl(3),|;20377,15385,15385,20377,0,0,0,0,1126.141581002388
|185nvecl(3),|185nvecl(3),|;20377,15385,15385,20377,0,0,0,0,1131.141581002388
|185nvecl(3),|185nvecl(3),|;20377,15385,15385,20377,0,0,0,0,1136.141581002388
|185nvecl(3),|185nvecl(3),|;20377,15385,15385,20377,0,0,0,0,1141.141581002388
|185nvecl(3),|185nvecl(3),|;20377,15385,15385,20377,0,0,0,0,1146.141581002388
|185nvecl(3),|185nvecl(3),|;20377,15385,15385,20377,0,0,0,0,1151.141581002388
|185nvecl(3),|185nvecl(3),|;20377,15385,15385,20377,0,0,0,0,1156.141581002388
638myqzk(0),|185nvecl(3),|185nvecl(3),638myqzk(0),|;16434.6,15385,11442.6,20377,31.582677059699,0,31.582677059699,0,1161.141581002388
638myqzk(2),|185nvecl(3),|185nvecl(3),638myqzk(2),|;16434.6,15385,11442.6,20377,26.582677059699,0,26.582677059699,0,1166.141581002388
638myqzk(2),|185nvecl(3),|185nvecl(3),638myqzk(2),|;16434.6,15385,11442.6,20377,21.582677059699,0,21.582677059699,0,1171.141581002388
638myqzk(2),|185nvecl(3),154etxgw(2),|185nvecl(3),638myqzk(2),|154etxgw(2),;16434.6,13541.8,11442.6,19455.4,16.582677059699,12.931899950716,16.582677059699,6.130325896661,1176.141581002388
638myqzk(2),|185nvecl(3),154etxgw(2),|185nvecl(3),638myqzk(2),|154etxgw(2),;16434.6,13541.8,11442.6,19455.4,11.582677059699,7.931899950716,11.582677059699,1.130325896661,1181.141581002388
638myqzk(2),|185nvecl(3),154etxgw(2),|185nvecl(3),638myqzk(2),|;16434.6,13541.8,11442.6,20377,6.582677059699,2.931899950716,6.582677059699,0,1186.141581002388
638myqzk(2),|185nvecl(3),154etxgw(3),|185nvecl(3),638myqzk(2),|;16434.6,13541.8,11442.6,20377,1.582677059699,0,1.582677059699,0,1191.141581002388
638myqzk(3),519dmjwf(2),|185nvecl(3),154etxgw(3),519dmjwf(2),|185nvecl(3),638myqzk(3),519dmjwf(2),|519dmjwf(2),;14560.7,12917.2,9568.68,18503.1,14.399845721561,2.595513163978,14.399845721561,11.815424659473,1196.141581002388
638myqzk(3),519dmjwf(2),|185nvecl(3),154etxgw(3),|185nvecl(3),638myqzk(3),519dmjwf(2),|519dmjwf(2),;14560.7,13541.8,9568.68,18503.1,9.399845721561,0,9.399845721561,6.815424659473,1201.141581002388
638myqzk(3),519dmjwf(2),|154etxgw(3),|638myqzk(3),519dmjwf(2),|519dmjwf(2),;14560.7,18533.8,14560.7,18503.1,4.399845721561,0,4.399845721561,1.815424659473,1206.141581002388
638myqzk(3),519dmjwf(3),|154etxgw(3),|638myqzk(3),519dmjwf(3),|519dmjwf(3),;14560.7,18533.8,14560.7,18503.1,0,0,0,0,1211.141581002388
638myqzk(3),519dmjwf(3),|154etxgw(3),|638myqzk(3),519dmjwf(3),|519dmjwf(3),;14560.7,18533.8,14560.7,18503.1,0,0,0,0,1216.141581002388
638myqzk(3),519dmjwf(3),|154etxgw(3),|638myqzk(3),519dmjwf(3),|519dmjwf(3),;14560.7,18533.8,14560.7,18503.1,0,0,0,0,1221.141581002388
638myqzk(3),519dmjwf(3),|154etxgw(3),|638myqzk(3),519dmjwf(3),|519dmjwf(3),;14560.7,18533.8,14560.7,18503.1,0,0,0,0,1226.141581002388
638myqzk(3),519dmjwf(3),|154etxgw(3),|638myqzk(3),519dmjwf(3),|519dmjwf(3),;14560.7,18533.8,14560.7,18503.1,0,0,0,0,1231.141581002388
638myqzk(3),519dmjwf(3),|154etxgw(3),|638myqzk(3),519dmjwf(3),|519dmjwf(3),;14560.7,18533.8,14560.7,18503.1,0,0,0,0,1236.141581002388
638myqzk(3),519dmjwf(3),|154etxgw(3),|638myqzk(3),519dmjwf(3),|519dmjwf(3),;14560.7,18533.8,14560.7,18503.1,0,0,0,0,1241.141581002388
638myqzk(3),519dmjwf(3),|154etxgw(3),|638myqzk(3),519dmjwf(3),|519dmjwf(3),;14560.7,18533.8,14560.7,18503.1,0,0,0,0,1246.141581002388
638myqzk(3),519dmjwf(3),|154etxgw(3),|638myqzk(3),519dmjwf(3),|519dmjwf(3),;14560.7,18533.8,14560.7,18503.1,0,0,0,0,1251.141581002388
638myqzk(3),519dmjwf(3),|154etxgw(3),|638myqzk(3),519dmjwf(3),|519dmjwf(3),;14560.7,18533.8,14560.7,18503.1,0,0,0,0,1256.141581002388
638myqzk(3),519dmjwf(3),|154etxgw(3),|638myqzk(3),519dmjwf(3),|519dmjwf(3),;14560.7,18533.8,14560.7,18503.1,0,0,0,0,1261.141581002388
638myqzk(3),519dmjwf(3),|154etxgw(3),|638myqzk(3),519dmjwf(3),|519dmjwf(3),;14560.7,18533.8,14560.7,18503.1,0,0,0,0,1266.141581002388
638myqzk(3),519dmjwf(3),|154etxgw(3),|638myqzk(3),519dmjwf(3),|519dmjwf(3),;14560.7,18533.8,14560.7,18503.1,0,0,0,0,1271.141581002388
519dmjwf(3),638auypf(2),|638auypf(2),|519dmjwf(3),638auypf(2),|519dmjwf(3),638auypf(2),;17765.8,18165.2,16291.3,16291.3,4.931980806462,16.006499292948,16.006499292948,16.006499292948,1276.141581002388
519dmjwf(3),|638auypf(2),|519dmjwf(3),638auypf(2),|519dmjwf(3),638auypf(2),;18503.1,18165.2,16291.3,16291.3,0,11.006499292948,11.006499292948,11.006499292948,1281.141581002388
519dmjwf(3),|638auypf(2),|519dmjwf(3),638auypf(2),|519dmjwf(3),638auypf(2),;18503.1,18165.2,16291.3,16291.3,0,6.006499292948,6.006499292948,6.006499292948,1286.141581002388
519dmjwf(3),|638auypf(2),|519dmjwf(3),638auypf(2),|519dmjwf(3),638auypf(2),;18503.1,18165.2,16291.3,16291.3,0,1.006499292948,1.006499292948,1.006499292948,1291.141581002388
519dmjwf(3),|638auypf(3),|519dmjwf(3),638auypf(3),|519dmjwf(3),638auypf(3),;18503.1,18165.2,16291.3,16291.3,0,0,0,0,1296.141581002388
519dmjwf(3),|638auypf(3),|519dmjwf(3),638auypf(3),|519dmjwf(3),638auypf(3),;18503.1,18165.2,16291.3,16291.3,0,0,0,0,1301.141581002388
519dmjwf(3),|638auypf(3),|519dmjwf(3),638auypf(3),|519dmjwf(3),638auypf(3),;18503.1,18165.2,16291.3,16291.3,0,0,0,0,1306.141581002388
519dmjwf(3),|638auypf(3),|519dmjwf(3),638auypf(3),|519dmjwf(3),638auypf(3),;18503.1,18165.2,16291.3,16291.3,0,0,0,0,1311.141581002388
519dmjwf(3),|638auypf(3),|519dmjwf(3),638auypf(3),|519dmjwf(3),638auypf(3),;18503.1,18165.2,16291.3,16291.3,0,0,0,0,1316.141581002388
519dmjwf(3),|638auypf(3),|519dmjwf(3),638auypf(3),|519dmjwf(3),638auypf(3),;18503.1,18165.2,16291.3,16291.3,0,0,0,0,1321.141581002388
519dmjwf(3),|638auypf(3),107psjaq(2),|519dmjwf(3),638auypf(3),|519dmjwf(3),638auypf(3),;18503.1,17504.7,16291.3,16291.3,0,3.807316212064,0,0,1326.141581002388
519dmjwf(3),|638auypf(3),107psjaq(3),|519dmjwf(3),638auypf(3),|519dmjwf(3),638auypf(3),;18503.1,17504.7,16291.3,16291.3,0,0,0,0,1331.141581002388
519dmjwf(3),|638auypf(3),107psjaq(3),|519dmjwf(3),638auypf(3),|519dmjwf(3),638auypf(3),;18503.1,17504.7,16291.3,16291.3,0,0,0,0,1336.141581002388
519dmjwf(3),|638auypf(3),107psjaq(3),|519dmjwf(3),638auypf(3),|519dmjwf(3),638auypf(3),;18503.1,17504.7,16291.3,16291.3,0,0,0,0,1341.141581002388
519dmjwf(3),|638auypf(3),107psjaq(3),|519dmjwf(3),638auypf(3),|519dmjwf(3),638auypf(3),;18503.1,17504.7,16291.3,16291.3,0,0,0,0,1346.141581002388
519dmjwf(3),|638auypf(3),107psjaq(3),|519dmjwf(3),638auypf(3),|519dmjwf(3),638auypf(3),;18503.1,17504.7,16291.3,16291.3,0,0,0,0,1351.141581002388
519dmjwf(3),|638auypf(3),107psjaq(3),|519dmjwf(3),638auypf(3),|519dmjwf(3),638auypf(3),;18503.1,17504.7,16291.3,16291.3,0,0,0,0,1356.141581002388
519dmjwf(3),|638auypf(3),107psjaq(3),|519dmjwf(3),638auypf(3),|519dmjwf(3),638auypf(3),;18503.1,17504.7,16291.3,16291.3,0,0,0,0,1361.141581002388
519dmjwf(3),|638auypf(3),107psjaq(3),|519dmjwf(3),638auypf(3),|519dmjwf(3),638auypf(3),;18503.1,17504.7,16291.3,16291.3,0,0,0,0,1366.141581002388
519dmjwf(3),|638auypf(3),107psjaq(3),|519dmjwf(3),638auypf(3),|519dmjwf(3),638auypf(3),;18503.1,17504.7,16291.3,16291.3,0,0,0,0,1371.141581002388
519dmjwf(3),|638auypf(3),107psjaq(3),|519dmjwf(3),638auypf(3),|519dmjwf(3),638auypf(3),;18503.1,17504.7,16291.3,16291.3,0,0,0,0,1376.141581002388
519dmjwf(3),|638auypf(3),107psjaq(3),|519dmjwf(3),638auypf(3),|519dmjwf(3),638auypf(3),;18503.1,17504.7,16291.3,16291.3,0,0,0,0,1381.141581002388
519dmjwf(3),|638auypf(3),107psjaq(3),|519dmjwf(3),638auypf(3),|519dmjwf(3),638auypf(3),;18503.1,17504.7,16291.3,16291.3,0,0,0,0,1386.141581002388
519dmjwf(3),|638auypf(3),107psjaq(3),|519dmjwf(3),638auypf(3),|519dmjwf(3),638auypf(3),;18503.1,17504.7,16291.3,16291.3,0,0,0,0,1391.141581002388
519dmjwf(3),|638auypf(3),107psjaq(3),|519dmjwf(3),638auypf(3),|519dmjwf(3),638auypf(3),;18503.1,17504.7,16291.3,16291.3,0,0,0,0,1396.141581002388
519dmjwf(3),|638auypf(3),107psjaq(3),|519dmjwf(3),638auypf(3),|519dmjwf(3),638auypf(3),;18503.1,17504.7,16291.3,16291.3,0,0,0,0,1401.141581002388
519dmjwf(3),|638auypf(3),107psjaq(3),|519dmjwf(3),638auypf(3),|519dmjwf(3),638auypf(3),;18503.1,17504.7,16291.3,16291.3,0,0,0,0,1406.141581002388
519dmjwf(3),|638auypf(3),107psjaq(3),|519dmjwf(3),638auypf(3),|519dmjwf(3),638auypf(3),;18503.1,17504.7,16291.3,16291.3,0,0,0,0,1411.141581002388
519dmjwf(3),|638auypf(3),107psjaq(3),|519dmjwf(3),638auypf(3),|519dmjwf(3),638auypf(3),;18503.1,17504.7,16291.3,16291.3,0,0,0,0,1416.141581002388
519dmjwf(3),|638auypf(3),107psjaq(3),|519dmjwf(3),638auypf(3),|519dmjwf(3),638auypf(3),;18503.1,17504.7,16291.3,16291.3,0,0,0,0,1421.141581002388
519dmjwf(3),|638auypf(3),107psjaq(3),|519dmjwf(3),638auypf(3),|519dmjwf(3),638auypf(3),;18503.1,17504.7,16291.3,16291.3,0,0,0,0,1426.141581002388
519dmjwf(3),|638auypf(3),107psjaq(3),|519dmjwf(3),638auypf(3),|519dmjwf(3),638auypf(3),;18503.1,17504.7,16291.3,16291.3,0,0,0,0,1431.141581002388
519dmjwf(3),519mbuqk(0),|638auypf(3),519mbuqk(0),|519dmjwf(3),638auypf(3),519mbuqk(0),|519dmjwf(3),638auypf(3),519mbuqk(0),;17653.2,17315.3,15441.4,15441.4,7.598263815468,7.598263815468,7.598263815468,7.598263815468,1436.141581002388
519mbuqk(2),|638auypf(3),519mbuqk(2),|638auypf(3),519mbuqk(2),|638auypf(3),519mbuqk(2),;19527.1,17315.3,17315.3,17315.3,2.598263815468,2.598263815468,2.598263815468,2.598263815468,1441.141581002388
|638auypf(3),|638auypf(3),|638auypf(3),;20377,18165.2,18165.2,18165.2,0,0,0,0,1446.141581002388
|638auypf(3),|638auypf(3),|638auypf(3),;20377,18165.2,18165.2,18165.2,0,0,0,0,1451.141581002388
|638auypf(3),|638auypf(3),|638auypf(3),;20377,18165.2,18165.2,18165.2,0,0,0,0,1456.141581002388
|638auypf(3),|638auypf(3),|638auypf(3),;20377,18165.2,18165.2,18165.2,0,0,0,0,1461.141581002388
|638auypf(3),|638auypf(3),|638auypf(3),;20377,18165.2,18165.2,18165.2,0,0,0,0,1466.141581002388
|638auypf(3),|638auypf(3),|638auypf(3),;20377,18165.2,18165.2,18165.2,0,0,0,0,1471.141581002388
|638auypf(3),|638auypf(3),|638auypf(3),;20377,18165.2,18165.2,18165.2,0,0,0,0,1476.141581002388
|638auypf(3),|638auypf(3),|638auypf(3),;20377,18165.2,18165.2,18165.2,0,0,0,0,1481.141581002388
|638auypf(3),|638auypf(3),|638auypf(3),;20377,18165.2,18165.2,18165.2,0,0,0,0,1486.141581002388
|638auypf(3),|638auypf(3),|638auypf(3),;20377,18165.2,18165.2,18165.2,0,0,0,0,1491.141581002388
|||;20377,20377,20377,20377,0,0,0,0,1496.141581002388
|||;20377,20377,20377,20377,0,0,0,0,1501.141581002388
|||;20377,20377,20377,20377,0,0,0,0,1506.141581002388
|||;20377,20377,20377,20377,0,0,0,0,1511.141581002388
|||;20377,20377,20377,20377,0,0,0,0,1516.141581002388
|||;20377,20377,20377,20377,0,0,0,0,1521.141581002388
|||;20377,20377,20377,20377,0,0,0,0,1526.141581002388
|||;20377,20377,20377,20377,0,0,0,0,1531.141581002388
|||;20377,20377,20377,20377,0,0,0,0,1536.141581002388
|||;20377,20377,20377,20377,0,0,0,0,1541.141581002388
|||;20377,20377,20377,20377,0,0,0,0,1546.141581002388
|||;20377,20377,20377,20377,0,0,0,0,1551.141581002388
|||;20377,20377,20377,20377,0,0,0,0,1556.141581002388
|||;20377,20377,20377,20377,0,0,0,0,1561.141581002388
|||;20377,20377,20377,20377,0,0,0,0,1566.141581002388
|||;20377,20377,20377,20377,0,0,0,0,1571.141581002388
|||;20377,20377,20377,20377,0,0,0,0,1576.141581002388
|||;20377,20377,20377,20377,0,0,0,0,1581.141581002388
|||;20377,20377,20377,20377,0,0,0,0,1586.141581002388
|||;20377,20377,20377,20377,0,0,0,0,1591.141581002388
544xfhdv(2),|544xfhdv(2),|544xfhdv(2),|544xfhdv(2),;19614.1,15036.8,19614.1,19614.1,2.526229087852,36.307380222987,2.526229087852,2.526229087852,1596.141581002388
492cdtie(2),|544xfhdv(2),492cdtie(1),|492cdtie(2),|492cdtie(2),;18764.2,13961.6,18764.2,19301.8,14.068110097288,43.811676367557,14.068110097288,10.030525232422,1601.141581002388
492cdtie(2),|544xfhdv(2),492cdtie(1),|492cdtie(2),|492cdtie(2),;18764.2,13961.6,18764.2,19301.8,9.068110097288,38.811676367557,9.068110097288,5.030525232422,1606.141581002388
492cdtie(2),|544xfhdv(2),492cdtie(1),|492cdtie(2),|;18764.2,13961.6,18764.2,20377,4.068110097288,33.811676367557,4.068110097288,0.030525232422,1611.141581002388
|544xfhdv(2),492cdtie(1),||;20377,13961.6,20377,20377,0,28.811676367557,0,0,1616.141581002388
|544xfhdv(2),492cdtie(1),||;20377,13961.6,20377,20377,0,23.811676367557,0,0,1621.141581002388
|544xfhdv(2),492cdtie(1),||;20377,13961.6,20377,20377,0,18.811676367557,0,0,1626.141581002388
|544xfhdv(2),492cdtie(1),||;20377,13961.6,20377,20377,0,13.811676367557,0,0,1631.141581002388
|544xfhdv(3),492cdtie(2),||;20377,13961.6,20377,20377,0,8.811676367557,0,0,1636.141581002388
|544xfhdv(3),492cdtie(3),||;20377,13961.6,20377,20377,0,3.811676367557,0,0,1641.141581002388
|544xfhdv(3),492cdtie(3),||;20377,13961.6,20377,20377,0,0,0,0,1646.141581002388
|544xfhdv(3),492cdtie(3),||;20377,13961.6,20377,20377,0,0,0,0,1651.141581002388
|544xfhdv(3),492cdtie(3),||;20377,13961.6,20377,20377,0,0,0,0,1656.141581002388
|544xfhdv(3),492cdtie(3),||;20377,13961.6,20377,20377,0,0,0,0,1661.141581002388
|544xfhdv(3),492cdtie(3),||;20377,13961.6,20377,20377,0,0,0,0,1666.141581002388
|544xfhdv(3),492cdtie(3),||;20377,13961.6,20377,20377,0,0,0,0,1671.141581002388
|544xfhdv(3),492cdtie(3),||;20377,13961.6,20377,20377,0,0,0,0,1676.141581002388
|544xfhdv(3),492cdtie(3),||;20377,13961.6,20377,20377,0,0,0,0,1681.141581002388
|544xfhdv(3),492cdtie(3),||;20377,13961.6,20377,20377,0,0,0,0,1686.141581002388
|544xfhdv(3),492cdtie(3),||;20377,13961.6,20377,20377,0,0,0,0,1691.141581002388
|544xfhdv(3),492cdtie(3),||;20377,13961.6,20377,20377,0,0,0,0,1696.141581002388
|544xfhdv(3),492cdtie(3),||;20377,13961.6,20377,20377,0,0,0,0,1701.141581002388
|544xfhdv(3),492cdtie(3),||;20377,13961.6,20377,20377,0,0,0,0,1706.141581002388
|544xfhdv(3),492cdtie(3),||;20377,13961.6,20377,20377,0,0,0,0,1711.141581002388
|544xfhdv(3),492cdtie(3),||;20377,13961.6,20377,20377,0,0,0,0,1716.141581002388
|544xfhdv(3),492cdtie(3),||;20377,13961.6,20377,20377,0,0,0,0,1721.141581002388
|544xfhdv(3),492cdtie(3),||;20377,13961.6,20377,20377,0,0,0,0,1726.141581002388
|544xfhdv(3),492cdtie(3),||;20377,13961.6,20377,20377,0,0,0,0,1731.141581002388
|544xfhdv(3),492cdtie(3),||;20377,13961.6,20377,20377,0,0,0,0,1736.141581002388
434ftukz(2),|544xfhdv(3),492cdtie(3),434ftukz(2),|434ftukz(2),|434ftukz(2),;19025.3,11934.1,19025.3,18349.5,6.578605670177,11.56642664315,6.578605670177,11.56642664315,1741.141581002388
434ftukz(2),|544xfhdv(3),492cdtie(3),434ftukz(2),|434ftukz(2),|434ftukz(2),;19025.3,11934.1,19025.3,18349.5,1.578605670177,6.56642664315,1.578605670177,6.56642664315,1746.141581002388
|544xfhdv(3),492cdtie(3),434ftukz(2),||434ftukz(2),;20377,11934.1,20377,18349.5,0,1.56642664315,0,1.56642664315,1751.141581002388
|544xfhdv(3),492cdtie(3),||;20377,13961.6,20377,20377,0,0,0,0,1756.141581002388
|544xfhdv(3),492cdtie(3),||;20377,13961.6,20377,20377,0,0,0,0,1761.141581002388
|544xfhdv(3),492cdtie(3),||;20377,13961.6,20377,20377,0,0,0,0,1766.141581002388
|544xfhdv(3),492cdtie(3),||;20377,13961.6,20377,20377,0,0,0,0,1771.141581002388
|544xfhdv(3),492cdtie(3),||;20377,13961.6,20377,20377,0,0,0,0,1776.141581002388
|544xfhdv(3),492cdtie(3),||;20377,13961.6,20377,20377,0,0,0,0,1781.141581002388
|544xfhdv(3),492cdtie(3),||;20377,13961.6,20377,20377,0,0,0,0,1786.141581002388
|544xfhdv(3),492cdtie(3),||;20377,13961.6,20377,20377,0,0,0,0,1791.141581002388
|544xfhdv(3),492cdtie(3),||;20377,13961.6,20377,20377,0,0,0,0,1796.141581002388
|544xfhdv(3),492cdtie(3),||;20377,13961.6,20377,20377,0,0,0,0,1801.141581002388
|544xfhdv(3),492cdtie(3),||;20377,13961.6,20377,20377,0,0,0,0,1806.141581002388
|544xfhdv(3),492cdtie(3),||;20377,13961.6,20377,20377,0,0,0,0,1811.141581002388
|544xfhdv(3),492cdtie(3),||;20377,13961.6,20377,20377,0,0,0,0,1816.141581002388
|544xfhdv(3),492cdtie(3),||;20377,13961.6,20377,20377,0,0,0,0,1821.141581002388
|544xfhdv(3),492cdtie(3),||;20377,13961.6,20377,20377,0,0,0,0,1826.141581002388
|544xfhdv(3),492cdtie(3),||;20377,13961.6,20377,20377,0,0,0,0,1831.141581002388
|544xfhdv(3),492cdtie(3),||;20377,13961.6,20377,20377,0,0,0,0,1836.141581002388
|544xfhdv(3),492cdtie(3),||;20377,13961.6,20377,20377,0,0,0,0,1841.141581002388
|544xfhdv(3),492cdtie(3),||;20377,13961.6,20377,20377,0,0,0,0,1846.141581002388
|544xfhdv(3),492cdtie(3),||;20377,13961.6,20377,20377,0,0,0,0,1851.141581002388
|544xfhdv(3),492cdtie(3),||;20377,13961.6,20377,20377,0,0,0,0,1856.141581002388
|544xfhdv(3),492cdtie(3),||;20377,13961.6,20377,20377,0,0,0,0,1861.141581002388
|544xfhdv(3),492cdtie(3),||;20377,13961.6,20377,20377,0,0,0,0,1866.141581002388
|544xfhdv(3),492cdtie(3),||;20377,13961.6,20377,20377,0,0,0,0,1871.141581002388
|544xfhdv(3),492cdtie(3),||;20377,13961.6,20377,20377,0,0,0,0,1876.141581002388
|544xfhdv(3),492cdtie(3),||;20377,13961.6,20377,20377,0,0,0,0,1881.141581002388
|544xfhdv(3),492cdtie(3),||;20377,13961.6,20377,20377,0,0,0,0,1886.141581002388
|544xfhdv(3),492cdtie(3),||;20377,13961.6,20377,20377,0,0,0,0,1891.141581002388
|544xfhdv(3),492cdtie(3),||;20377,13961.6,20377,20377,0,0,0,0,1896.141581002388
|544xfhdv(3),492cdtie(3),||;20377,13961.6,20377,20377,0,0,0,0,1901.141581002388
|544xfhdv(3),492cdtie(3),||;20377,13961.6,20377,20377,0,0,0,0,1906.141581002388
|492cdtie(3),||;20377,19301.8,20377,20377,0,0,0,0,1911.141581002388
|492cdtie(3),||;20377,19301.8,20377,20377,0,0,0,0,1916.141581002388
|492cdtie(3),||;20377,19301.8,20377,20377,0,0,0,0,1921.141581002388
|492cdtie(3),||;20377,19301.8,20377,20377,0,0,0,0,1926.141581002388
|492cdtie(3),||;20377,19301.8,20377,20377,0,0,0,0,1931.141581002388
|492cdtie(3),||;20377,19301.8,20377,20377,0,0,0,0,1936.141581002388
|492cdtie(3),||;20377,19301.8,20377,20377,0,0,0,0,1941.141581002388
|492cdtie(3),||;20377,19301.8,20377,20377,0,0,0,0,1946.141581002388
|492cdtie(3),||;20377,19301.8,20377,20377,0,0,0,0,1951.141581002388
|492cdtie(3),||;20377,19301.8,20377,20377,0,0,0,0,1956.141581002388
|492cdtie(3),||;20377,19301.8,20377,20377,0,0,0,0,1961.141581002388
|492cdtie(3),||;20377,19301.8,20377,20377,0,0,0,0,1966.141581002388
|492cdtie(3),||;20377,19301.8,20377,20377,0,0,0,0,1971.141581002388
|492cdtie(3),||;20377,19301.8,20377,20377,0,0,0,0,1976.141581002388
|492cdtie(3),||;20377,19301.8,20377,20377,0,0,0,0,1981.141581002388
|492cdtie(3),||;20377,19301.8,20377,20377,0,0,0,0,1986.141581002388
|||;20377,20377,20377,20377,0,0,0,0,1991.141581002388
|||;20377,20377,20377,20377,0,0,0,0,1996.141581002388
