|||;34099,34099,34099,34099,0,0,0,0,1.135432972291
|||;34099,34099,34099,34099,0,0,0,0,6.135432972291
|||;34099,34099,34099,34099,0,0,0,0,11.135432972291
|||;34099,34099,34099,34099,0,0,0,0,16.135432972291
|||;34099,34099,34099,34099,0,0,0,0,21.135432972291
|||;34099,34099,34099,34099,0,0,0,0,26.135432972291
|||;34099,34099,34099,34099,0,0,0,0,31.135432972291
|||;34099,34099,34099,34099,0,0,0,0,36.135432972291
|||;34099,34099,34099,34099,0,0,0,0,41.135432972291
|||;34099,34099,34099,34099,0,0,0,0,46.135432972291
|||;34099,34099,34099,34099,0,0,0,0,51.135432972291
|||;34099,34099,34099,34099,0,0,0,0,56.135432972291
|||;34099,34099,34099,34099,0,0,0,0,61.135432972291
|||;34099,34099,34099,34099,0,0,0,0,66.135432972291
|||;34099,34099,34099,34099,0,0,0,0,71.135432972291
|||;34099,34099,34099,34099,0,0,0,0,76.135432972291
|||;34099,34099,34099,34099,0,0,0,0,81.135432972291
182jxlvo(2),||182jxlvo(2),|;33244,34099,33244,34099,2.844887635093,0,2.844887635093,0,86.135432972291
|||;34099,34099,34099,34099,0,0,0,0,91.135432972291
|||;34099,34099,34099,34099,0,0,0,0,96.135432972291
|||;34099,34099,34099,34099,0,0,0,0,101.135432972291
|||;34099,34099,34099,34099,0,0,0,0,106.135432972291
|||;34099,34099,34099,34099,0,0,0,0,111.135432972291
|||;34099,34099,34099,34099,0,0,0,0,116.135432972291
|||;34099,34099,34099,34099,0,0,0,0,121.135432972291
|||;34099,34099,34099,34099,0,0,0,0,126.135432972291
|||;34099,34099,34099,34099,0,0,0,0,131.135432972291
|||;34099,34099,34099,34099,0,0,0,0,136.135432972291
67jnfqe(0),|67jnfqe(0),|67jnfqe(0),|67jnfqe(0),;30044,33085.2,33085.2,33085.2,21.389944501915,8.628181680439,8.628181680439,7.700842435981,141.135432972291
67jnfqe(2),|67jnfqe(2),|67jnfqe(2),|67jnfqe(2),;30044,33085.2,33085.2,33085.2,16.389944501915,3.628181680439,3.628181680439,2.700842435981,146.135432972291
67jnfqe(2),|||;30044,34099,34099,34099,11.389944501915,0,0,0,151.135432972291
67jnfqe(2),|||;30044,34099,34099,34099,6.389944501915,0,0,0,156.135432972291
67jnfqe(2),|||246iwntg(2),;30044,34099,34099,33525.6,1.389944501915,0,0,1.748349974659,161.135432972291
67jnfqe(3),|||;30044,34099,34099,34099,0,0,0,0,166.135432972291
67jnfqe(3),|||;30044,34099,34099,34099,0,0,0,0,171.135432972291
67jnfqe(3),|||;30044,34099,34099,34099,0,0,0,0,176.135432972291
67jnfqe(3),163rtvop(2),|163rtvop(2),|163rtvop(2),|163rtvop(2),;28528.5,33341.2,32583.5,32583.5,6.623321151251,3.113901781288,6.623321151251,6.623321151251,181.135432972291
67jnfqe(3),163rtvop(2),|163rtvop(3),|163rtvop(2),|163rtvop(2),;28528.5,33341.2,32583.5,32583.5,1.623321151251,0,1.623321151251,1.623321151251,186.135432972291
163rtvop(3),|163rtvop(3),67yklug(2),|163rtvop(3),|163rtvop(3),67yklug(2),;32583.5,32691,32583.5,31933.3,0,1.785853344826,0,3.353861468368,191.135432972291
163rtvop(3),|163rtvop(3),|163rtvop(3),|163rtvop(3),;32583.5,33341.2,32583.5,32583.5,0,0,0,0,196.135432972291
163rtvop(3),|163rtvop(3),|163rtvop(3),|163rtvop(3),;32583.5,33341.2,32583.5,32583.5,0,0,0,0,201.135432972291
163rtvop(3),|163rtvop(3),|163rtvop(3),|163rtvop(3),;32583.5,33341.2,32583.5,32583.5,0,0,0,0,206.135432972291
163rtvop(3),|163rtvop(3),|163rtvop(3),|163rtvop(3),;32583.5,33341.2,32583.5,32583.5,0,0,0,0,211.135432972291
163rtvop(3),|163rtvop(3),|163rtvop(3),|163rtvop(3),;32583.5,33341.2,32583.5,32583.5,0,0,0,0,216.135432972291
163rtvop(3),|163rtvop(3),|163rtvop(3),|163rtvop(3),;32583.5,33341.2,32583.5,32583.5,0,0,0,0,221.135432972291
163rtvop(3),|163rtvop(3),|163rtvop(3),|163rtvop(3),;32583.5,33341.2,32583.5,32583.5,0,0,0,0,226.135432972291
163rtvop(3),|163rtvop(3),|163rtvop(3),|163rtvop(3),;32583.5,33341.2,32583.5,32583.5,0,0,0,0,231.135432972291
163rtvop(3),|163rtvop(3),|163rtvop(3),|163rtvop(3),;32583.5,33341.2,32583.5,32583.5,0,0,0,0,236.135432972291
163rtvop(3),|163rtvop(3),|163rtvop(3),|163rtvop(3),;32583.5,33341.2,32583.5,32583.5,0,0,0,0,241.135432972291
163rtvop(3),|163rtvop(3),|163rtvop(3),|163rtvop(3),;32583.5,33341.2,32583.5,32583.5,0,0,0,0,246.135432972291
163rtvop(3),|163rtvop(3),|163rtvop(3),|163rtvop(3),;32583.5,33341.2,32583.5,32583.5,0,0,0,0,251.135432972291
163rtvop(3),|163rtvop(3),|163rtvop(3),|163rtvop(3),;32583.5,33341.2,32583.5,32583.5,0,0,0,0,256.135432972291
163rtvop(3),|163rtvop(3),|163rtvop(3),|163rtvop(3),;32583.5,33341.2,32583.5,32583.5,0,0,0,0,261.135432972291
163rtvop(3),|163rtvop(3),|163rtvop(3),|163rtvop(3),;32583.5,33341.2,32583.5,32583.5,0,0,0,0,266.135432972291
163rtvop(3),|163rtvop(3),|163rtvop(3),|163rtvop(3),;32583.5,33341.2,32583.5,32583.5,0,0,0,0,271.135432972291
|||;34099,34099,34099,34099,0,0,0,0,276.135432972291
|663mqcwg(2),||;34099,33110.8,34099,34099,0,4.229699761068,0,0,281.135432972291
|||;34099,34099,34099,34099,0,0,0,0,286.135432972291
|||;34099,34099,34099,34099,0,0,0,0,291.135432972291
|||;34099,34099,34099,34099,0,0.076007588679,0,0.076007588679,296.135432972291
|||;34099,34099,34099,34099,0,0,0,0,301.135432972291
|||;34099,34099,34099,34099,0,0,0,0,306.135432972291
|||;34099,34099,34099,34099,0,0,0,0,311.135432972291
|||;34099,34099,34099,34099,0,0,0,0,316.135432972291
|||;34099,34099,34099,34099,0,0,0,0,321.135432972291
|||;34099,34099,34099,34099,0,0,0,0,326.135432972291
|||;34099,34099,34099,34099,0,0,0,0,331.135432972291
452ebzdj(2),608raetv(1),||608raetv(1),|;30238.5,34099,33515.3,34099,17.412406480455,0,5.769670597671,0,336.135432972291
608raetv(2),||608raetv(3),|;31764.3,34099,33515.3,34099,12.412406480455,0,0.769670597671,0,341.135432972291
608raetv(2),||608raetv(3),|;31764.3,34099,33515.3,34099,7.412406480455,0,0,0,346.135432972291
608raetv(3),||608raetv(3),|;31764.3,34099,33515.3,34099,2.412406480455,0,0,0,351.135432972291
608raetv(3),||608raetv(3),|;31764.3,34099,33515.3,34099,0,0,0,0,356.135432972291
608raetv(3),||608raetv(3),|;31764.3,34099,33515.3,34099,0,0,0,0,361.135432972291
608raetv(3),||608raetv(3),|;31764.3,34099,33515.3,34099,0,0,0,0,366.135432972291
608raetv(3),||608raetv(3),|;31764.3,34099,33515.3,34099,0,0,0,0,371.135432972291
608raetv(3),||608raetv(3),|;31764.3,34099,33515.3,34099,0,0,0,0,376.135432972291
608raetv(3),||608raetv(3),|;31764.3,34099,33515.3,34099,0,0,0,0,381.135432972291
608raetv(3),||608raetv(3),|;31764.3,34099,33515.3,34099,0,0,0,0,386.135432972291
608raetv(3),||608raetv(3),|;31764.3,34099,33515.3,34099,0,0,0,0,391.135432972291
608raetv(3),||608raetv(3),|;31764.3,34099,33515.3,34099,0,0,0,0,396.135432972291
608raetv(3),||608raetv(3),|;31764.3,34099,33515.3,34099,0,0,0,0,401.135432972291
608raetv(3),||608raetv(3),|;31764.3,34099,33515.3,34099,0,0,0,0,406.135432972291
608raetv(3),||608raetv(3),|;31764.3,34099,33515.3,34099,0,0,0,0,411.135432972291
608raetv(3),||608raetv(3),|;31764.3,34099,33515.3,34099,0,0,0,0,416.135432972291
608raetv(3),||608raetv(3),|;31764.3,34099,33515.3,34099,0,0,0,0,421.135432972291
608raetv(3),|||;31764.3,34099,34099,34099,0,0,0,0,426.135432972291
608raetv(3),|||;31764.3,34099,34099,34099,0,0,0,0,431.135432972291
608raetv(3),|||;31764.3,34099,34099,34099,0,0,0,0,436.135432972291
608raetv(3),|||;31764.3,34099,34099,34099,0,0,0,0,441.135432972291
608raetv(3),|||;31764.3,34099,34099,34099,0,0,0,0,446.135432972291
608raetv(3),|||;31764.3,34099,34099,34099,0,0,0,0,451.135432972291
608raetv(3),163mkojy(2),|163mkojy(2),|163mkojy(2),|163mkojy(2),;27996,30330.7,33156.9,33156.9,15.817674753228,15.817674753228,3.096488994986,3.096488994986,456.135432972291
608raetv(3),163mkojy(2),|163mkojy(2),||;27996,30330.7,34099,34099,10.817674753228,10.817674753228,0,0,461.135432972291
608raetv(3),163mkojy(2),|163mkojy(2),||;27996,30330.7,34099,34099,5.817674753228,5.817674753228,0,0,466.135432972291
608raetv(3),163mkojy(2),|163mkojy(2),||;27996,30330.7,34099,34099,0.817674753228,0.817674753228,0,0,471.135432972291
608raetv(3),163mkojy(3),|163mkojy(3),||;27996,30330.7,34099,34099,0,0,0,0,476.135432972291
608raetv(3),163mkojy(3),|163mkojy(3),||;27996,30330.7,34099,34099,0,0,0,0,481.135432972291
163mkojy(3),|163mkojy(3),||;30330.7,30330.7,34099,34099,0,0,0,0,486.135432972291
163mkojy(3),|163mkojy(3),||;30330.7,30330.7,34099,34099,0,0,0,0,491.135432972291
163mkojy(3),975xaldb(0),|163mkojy(3),975xaldb(0),|975xaldb(0),|975xaldb(0),;29204.3,28641.1,32972.6,32409.4,6.30074050868,8.835759409779,6.30074050868,8.835759409779,496.135432972291
163mkojy(3),975xaldb(2),|163mkojy(3),975xaldb(2),|975xaldb(2),|975xaldb(2),;29204.3,28641.1,32972.6,32409.4,1.30074050868,3.835759409779,1.30074050868,3.835759409779,501.135432972291
163mkojy(3),|163mkojy(3),||;30330.7,30330.7,34099,34099,0,0,0,0,506.135432972291
163mkojy(3),|163mkojy(3),||;30330.7,30330.7,34099,34099,0,0,0,0,511.135432972291
163mkojy(3),|163mkojy(3),||;30330.7,30330.7,34099,34099,0,0,0,0,516.135432972291
163mkojy(3),|163mkojy(3),||;30330.7,30330.7,34099,34099,0,0,0,0,521.135432972291
|||;34099,34099,34099,34099,0,0,0,0,526.135432972291
|||;34099,34099,34099,34099,0,0,0,0,531.135432972291
|||;34099,34099,34099,34099,0,0,0,0,536.135432972291
|||;34099,34099,34099,34099,0,0,0,0,541.135432972291
|||;34099,34099,34099,34099,0,0,0,0,546.135432972291
216bixey(0),772aqihd(1),28byrwz(0),|772aqihd(2),28byrwz(0),|216bixey(0),772aqihd(1),28byrwz(0),|216bixey(0),772aqihd(1),28byrwz(0),;30786.4,28410.7,30253.9,30253.9,27.443054588493,32.789084205317,29.83979973135,29.83979973135,551.135432972291
216bixey(2),772aqihd(1),28byrwz(1),|772aqihd(2),28byrwz(1),|216bixey(2),772aqihd(1),28byrwz(1),|216bixey(2),772aqihd(1),28byrwz(1),;30786.4,28410.7,30253.9,30253.9,22.443054588493,27.789084205317,24.83979973135,24.83979973135,556.135432972291
216bixey(2),772aqihd(1),28byrwz(1),|772aqihd(2),28byrwz(1),|216bixey(2),772aqihd(1),28byrwz(1),|216bixey(2),772aqihd(1),28byrwz(1),;30786.4,28410.7,30253.9,30253.9,17.443054588493,22.789084205317,19.83979973135,19.83979973135,561.135432972291
216bixey(3),772aqihd(3),28byrwz(2),|28byrwz(2),|216bixey(3),772aqihd(2),28byrwz(1),|216bixey(3),772aqihd(2),28byrwz(1),;30786.4,31073.1,30253.9,30253.9,12.443054588493,17.789084205317,14.83979973135,14.83979973135,566.135432972291
216bixey(3),772aqihd(3),28byrwz(3),|28byrwz(2),|216bixey(3),772aqihd(3),28byrwz(2),|216bixey(3),772aqihd(3),28byrwz(2),;30786.4,31073.1,30253.9,30253.9,7.443054588493,12.789084205317,9.83979973135,9.83979973135,571.135432972291
216bixey(3),772aqihd(3),28byrwz(3),|28byrwz(2),|216bixey(3),772aqihd(3),28byrwz(3),|216bixey(3),772aqihd(3),28byrwz(3),;30786.4,31073.1,30253.9,30253.9,2.443054588493,7.789084205317,4.83979973135,4.83979973135,576.135432972291
216bixey(3),772aqihd(3),28byrwz(3),|28byrwz(3),|216bixey(3),772aqihd(3),28byrwz(3),|216bixey(3),772aqihd(3),28byrwz(3),;30786.4,31073.1,30253.9,30253.9,0,2.789084205317,0,0,581.135432972291
216bixey(3),772aqihd(3),28byrwz(3),|28byrwz(3),|216bixey(3),772aqihd(3),28byrwz(3),|216bixey(3),772aqihd(3),28byrwz(3),;30786.4,31073.1,30253.9,30253.9,0,0,0,0,586.135432972291
216bixey(3),772aqihd(3),28byrwz(3),|28byrwz(3),|216bixey(3),772aqihd(3),28byrwz(3),|216bixey(3),772aqihd(3),28byrwz(3),;30786.4,31073.1,30253.9,30253.9,0,0,0,0,591.135432972291
216bixey(3),772aqihd(3),28byrwz(3),|28byrwz(3),|216bixey(3),772aqihd(3),28byrwz(3),|216bixey(3),772aqihd(3),28byrwz(3),;30786.4,31073.1,30253.9,30253.9,0,0,0,0,596.135432972291
216bixey(3),772aqihd(3),28byrwz(3),|28byrwz(3),|216bixey(3),772aqihd(3),28byrwz(3),|216bixey(3),772aqihd(3),28byrwz(3),;30786.4,31073.1,30253.9,30253.9,0,0,0,0,601.135432972291
772aqihd(3),28byrwz(3),|28byrwz(3),|772aqihd(3),28byrwz(3),|772aqihd(3),28byrwz(3),;32557.9,31073.1,32025.4,32025.4,0,0,0,0,606.135432972291
772aqihd(3),28byrwz(3),|28byrwz(3),|772aqihd(3),28byrwz(3),|772aqihd(3),28byrwz(3),;32557.9,31073.1,32025.4,32025.4,0,0,0,0,611.135432972291
772aqihd(3),28byrwz(3),|28byrwz(3),|772aqihd(3),28byrwz(3),|772aqihd(3),28byrwz(3),;32557.9,31073.1,32025.4,32025.4,0,0,0,0,616.135432972291
772aqihd(3),28byrwz(3),|28byrwz(3),|772aqihd(3),28byrwz(3),|772aqihd(3),28byrwz(3),;32557.9,31073.1,32025.4,32025.4,0,0,0,0,621.135432972291
28byrwz(3),|28byrwz(3),|28byrwz(3),|28byrwz(3),;33090.4,31073.1,33090.4,33090.4,0,0,0,0,626.135432972291
28byrwz(3),|28byrwz(3),|28byrwz(3),|28byrwz(3),;33090.4,31073.1,33090.4,33090.4,0,0,0,0,631.135432972291
28byrwz(3),|28byrwz(3),|28byrwz(3),|28byrwz(3),;33090.4,31073.1,33090.4,33090.4,0,0,0,0,636.135432972291
28byrwz(3),|28byrwz(3),|28byrwz(3),|28byrwz(3),;33090.4,31073.1,33090.4,33090.4,0,0,0,0,641.135432972291
|||;34099,34099,34099,34099,0,0,0,0,646.135432972291
|||;34099,34099,34099,34099,0,0,0,0,651.135432972291
|||;34099,34099,34099,34099,0,0,0,0,656.135432972291
|||;34099,34099,34099,34099,0,0,0,0,661.135432972291
|||;34099,34099,34099,34099,0,0,0,0,666.135432972291
|||;34099,34099,34099,34099,0,0,0,0,671.135432972291
||772xnbye(2),|772xnbye(2),;34099,34099,33515.3,33515.3,0,0,0.093639744347,0.093639744347,676.135432972291
|||;34099,34099,34099,34099,0,0,0,0,681.135432972291
|||;34099,34099,34099,34099,0,0,0,0,686.135432972291
608yolmb(2),|608yolmb(2),|608yolmb(2),|608yolmb(2),;31702.8,31702.8,33300.3,32501.6,7.560152419123,7.560152419123,0.369916990552,3.965034704838,691.135432972291
608yolmb(2),247qxvly(1),|608yolmb(2),247qxvly(1),||;30980.9,30980.9,34099,34099,10.461521845358,10.461521845358,0,0,696.135432972291
247qxvly(2),162gumqn(0),|247qxvly(2),||;32793.4,33377.1,34099,34099,12.546331381641,5.461521845358,0,0,701.135432972291
247qxvly(3),162gumqn(3),|247qxvly(3),||;32793.4,33377.1,34099,34099,7.546331381641,0.461521845358,0,0,706.135432972291
247qxvly(3),162gumqn(3),658cxoap(0),|247qxvly(3),658cxoap(0),|658cxoap(0),|658cxoap(0),;32107.3,31318.9,32040.8,32040.8,7.462587229663,10.002792743863,10.002792743863,10.002792743863,711.135432972291
247qxvly(3),162gumqn(3),|247qxvly(3),658cxoap(2),|658cxoap(2),|658cxoap(2),;32793.4,31318.9,32040.8,32040.8,2.462587229663,5.002792743863,5.002792743863,5.002792743863,716.135432972291
247qxvly(3),162gumqn(3),|247qxvly(3),||;32793.4,33377.1,34099,34099,0,0.002792743863,0.002792743863,0.002792743863,721.135432972291
247qxvly(3),162gumqn(3),|247qxvly(3),||;32793.4,33377.1,34099,34099,0,0,0,0,726.135432972291
247qxvly(3),162gumqn(3),|247qxvly(3),||;32793.4,33377.1,34099,34099,0,0,0,0,731.135432972291
247qxvly(3),162gumqn(3),|247qxvly(3),||;32793.4,33377.1,34099,34099,0,0,0,0,736.135432972291
247qxvly(3),162gumqn(3),|247qxvly(3),||;32793.4,33377.1,34099,34099,0,0,0,0,741.135432972291
162gumqn(3),|||;33515.3,34099,34099,34099,0,0,0,0,746.135432972291
162gumqn(3),|||;33515.3,34099,34099,34099,0,0,0,0,751.135432972291
162gumqn(3),|||;33515.3,34099,34099,34099,0,0,0,0,756.135432972291
162gumqn(3),|||;33515.3,34099,34099,34099,0,0,0,0,761.135432972291
162gumqn(3),|||;33515.3,34099,34099,34099,0,0,0,0,766.135432972291
162gumqn(3),|||;33515.3,34099,34099,34099,0,0,0,0,771.135432972291
162gumqn(3),|||;33515.3,34099,34099,34099,0,0,0,0,776.135432972291
162gumqn(3),|||;33515.3,34099,34099,34099,0,0,0,0,781.135432972291
162gumqn(3),|||;33515.3,34099,34099,34099,0,0,0,0,786.135432972291
162gumqn(3),|||;33515.3,34099,34099,34099,0,0,0,0,791.135432972291
162gumqn(3),|||;33515.3,34099,34099,34099,0,0,0,0,796.135432972291
162gumqn(3),|||;33515.3,34099,34099,34099,0,0,0,0,801.135432972291
162gumqn(3),|||;33515.3,34099,34099,34099,0,0,0,0,806.135432972291
162gumqn(3),|||;33515.3,34099,34099,34099,0,0,0,0,811.135432972291
162gumqn(3),|||;33515.3,34099,34099,34099,0,0,0,0,816.135432972291
162gumqn(3),|||;33515.3,34099,34099,34099,0,0,0,0,821.135432972291
162gumqn(3),|||;33515.3,34099,34099,34099,0,0,0,0,826.135432972291
162gumqn(3),|||;33515.3,34099,34099,34099,0,0,0,0,831.135432972291
162gumqn(3),|||;33515.3,34099,34099,34099,0,0,0,0,836.135432972291
162gumqn(3),|||;33515.3,34099,34099,34099,0,0,0,0,841.135432972291
162gumqn(3),|||;33515.3,34099,34099,34099,0,0,0,0,846.135432972291
162gumqn(3),|||;33515.3,34099,34099,34099,0,0,0,0,851.135432972291
162gumqn(3),|||;33515.3,34099,34099,34099,0,0,0,0,856.135432972291
162gumqn(3),|||;33515.3,34099,34099,34099,0,0,0,0,861.135432972291
162gumqn(3),|||;33515.3,34099,34099,34099,0,0,0,0,866.135432972291
162gumqn(3),|||;33515.3,34099,34099,34099,0,0,0,0,871.135432972291
162gumqn(3),|||;33515.3,34099,34099,34099,0,0,0,0,876.135432972291
162gumqn(3),|||;33515.3,34099,34099,34099,0,0,0,0,881.135432972291
162gumqn(3),|||;33515.3,34099,34099,34099,0,0,0,0,886.135432972291
162gumqn(3),|||;33515.3,34099,34099,34099,0,0,0,0,891.135432972291
162gumqn(3),|||;33515.3,34099,34099,34099,0,0,0,0,896.135432972291
162gumqn(3),|||;33515.3,34099,34099,34099,0,0,0,0,901.135432972291
162gumqn(3),|||;33515.3,34099,34099,34099,0,0,0,0,906.135432972291
162gumqn(3),|||;33515.3,34099,34099,34099,0,0,0,0,911.135432972291
162gumqn(3),|||;33515.3,34099,34099,34099,0,0,0,0,916.135432972291
162gumqn(3),|||;33515.3,34099,34099,34099,0,0,0,0,921.135432972291
162gumqn(3),|||;33515.3,34099,34099,34099,0,0,0,0,926.135432972291
162gumqn(3),|||;33515.3,34099,34099,34099,0,0,0,0,931.135432972291
162gumqn(3),|||;33515.3,34099,34099,34099,0,0,0,0,936.135432972291
162gumqn(3),|||;33515.3,34099,34099,34099,0,0,0,0,941.135432972291
162gumqn(3),|||;33515.3,34099,34099,34099,0,0,0,0,946.135432972291
162gumqn(3),|||;33515.3,34099,34099,34099,0,0,0,0,951.135432972291
162gumqn(3),|||;33515.3,34099,34099,34099,0,0,0,0,956.135432972291
162gumqn(3),592cdyvq(0),|592cdyvq(0),|592cdyvq(0),|592cdyvq(0),;31477.5,31042.4,31042.4,32061.2,11.028257771541,15.614337419893,15.614337419893,11.028257771541,961.135432972291
162gumqn(3),592cdyvq(2),|592cdyvq(2),|592cdyvq(2),|592cdyvq(2),;31477.5,31042.4,31042.4,32061.2,6.028257771541,10.614337419893,10.614337419893,6.028257771541,966.135432972291
162gumqn(3),592cdyvq(2),|592cdyvq(2),|592cdyvq(2),|592cdyvq(2),;31477.5,31042.4,31042.4,32061.2,1.028257771541,5.614337419893,5.614337419893,1.028257771541,971.135432972291
162gumqn(3),592cdyvq(3),|592cdyvq(2),|592cdyvq(2),|592cdyvq(3),;31477.5,31042.4,31042.4,32061.2,0,0.614337419893,0.614337419893,0,976.135432972291
162gumqn(3),592cdyvq(3),|592cdyvq(3),|592cdyvq(3),|592cdyvq(3),;31477.5,31042.4,31042.4,32061.2,0,0,0,0,981.135432972291
162gumqn(3),592cdyvq(3),|592cdyvq(3),|592cdyvq(3),|592cdyvq(3),;31477.5,31042.4,31042.4,32061.2,0,0,0,0,986.135432972291
162gumqn(3),592cdyvq(3),|592cdyvq(3),|592cdyvq(3),|592cdyvq(3),;31477.5,31042.4,31042.4,32061.2,0,0,0,0,991.135432972291
162gumqn(3),592cdyvq(3),|592cdyvq(3),|592cdyvq(3),|592cdyvq(3),;31477.5,31042.4,31042.4,32061.2,0,0,0,0,996.135432972291
162gumqn(3),592cdyvq(3),|592cdyvq(3),|592cdyvq(3),|592cdyvq(3),;31477.5,31042.4,31042.4,32061.2,0,0,0,0,1001.135432972291
162gumqn(3),592cdyvq(3),|592cdyvq(3),|592cdyvq(3),|592cdyvq(3),;31477.5,31042.4,31042.4,32061.2,0,0,0,0,1006.135432972291
162gumqn(3),592cdyvq(3),|592cdyvq(3),|592cdyvq(3),|592cdyvq(3),;31477.5,31042.4,31042.4,32061.2,0,0,0,0,1011.135432972291
162gumqn(3),592cdyvq(3),|592cdyvq(3),|592cdyvq(3),|592cdyvq(3),;31477.5,31042.4,31042.4,32061.2,0,0,0,0,1016.135432972291
162gumqn(3),592cdyvq(3),|592cdyvq(3),|592cdyvq(3),|592cdyvq(3),;31477.5,31042.4,31042.4,32061.2,0,0,0,0,1021.135432972291
162gumqn(3),592cdyvq(3),|592cdyvq(3),|592cdyvq(3),|592cdyvq(3),;31477.5,31042.4,31042.4,32061.2,0,0,0,0,1026.135432972291
162gumqn(3),592cdyvq(3),|592cdyvq(3),|592cdyvq(3),|592cdyvq(3),;31477.5,31042.4,31042.4,32061.2,0,0,0,0,1031.135432972291
162gumqn(3),592cdyvq(3),|592cdyvq(3),|592cdyvq(3),|592cdyvq(3),;31477.5,31042.4,31042.4,32061.2,0,0,0,0,1036.135432972291
162gumqn(3),592cdyvq(3),|592cdyvq(3),|592cdyvq(3),|592cdyvq(3),;31477.5,31042.4,31042.4,32061.2,0,0,0,0,1041.135432972291
162gumqn(3),592cdyvq(3),|592cdyvq(3),|592cdyvq(3),|592cdyvq(3),;31477.5,31042.4,31042.4,32061.2,0,0,0,0,1046.135432972291
162gumqn(3),592cdyvq(3),|592cdyvq(3),|592cdyvq(3),|592cdyvq(3),;31477.5,31042.4,31042.4,32061.2,0,0,0,0,1051.135432972291
162gumqn(3),592cdyvq(3),|592cdyvq(3),|592cdyvq(3),|592cdyvq(3),;31477.5,31042.4,31042.4,32061.2,0,0,0,0,1056.135432972291
162gumqn(3),592cdyvq(3),|592cdyvq(3),|592cdyvq(3),|592cdyvq(3),;31477.5,31042.4,31042.4,32061.2,0,0,0,0,1061.135432972291
162gumqn(3),592cdyvq(3),|592cdyvq(3),|592cdyvq(3),|592cdyvq(3),;31477.5,31042.4,31042.4,32061.2,0,0,0,0,1066.135432972291
162gumqn(3),592cdyvq(3),|592cdyvq(3),|592cdyvq(3),|592cdyvq(3),;31477.5,31042.4,31042.4,32061.2,0,0,0,0,1071.135432972291
162gumqn(3),592cdyvq(3),|592cdyvq(3),|592cdyvq(3),|592cdyvq(3),;31477.5,31042.4,31042.4,32061.2,0,0,0,0,1076.135432972291
162gumqn(3),592cdyvq(3),|592cdyvq(3),|592cdyvq(3),|592cdyvq(3),;31477.5,31042.4,31042.4,32061.2,0,0,0,0,1081.135432972291
162gumqn(3),592cdyvq(3),|592cdyvq(3),|592cdyvq(3),|592cdyvq(3),;31477.5,31042.4,31042.4,32061.2,0,0,0,0,1086.135432972291
162gumqn(3),592cdyvq(3),|592cdyvq(3),|592cdyvq(3),|592cdyvq(3),;31477.5,31042.4,31042.4,32061.2,0,0,0,0,1091.135432972291
162gumqn(3),592cdyvq(3),|592cdyvq(3),|592cdyvq(3),|592cdyvq(3),;31477.5,31042.4,31042.4,32061.2,0,0,0,0,1096.135432972291
162gumqn(3),592cdyvq(3),71dnoft(0),|592cdyvq(3),71dnoft(0),|592cdyvq(3),71dnoft(0),|592cdyvq(3),71dnoft(0),;30878.5,30443.4,30443.4,31462.2,4.639602211379,4.639602211379,4.639602211379,4.639602211379,1101.135432972291
162gumqn(3),592cdyvq(3),71dnoft(3),|592cdyvq(3),71dnoft(3),|592cdyvq(3),71dnoft(3),|592cdyvq(3),71dnoft(3),;30878.5,30443.4,30443.4,31462.2,0,0,0,0,1106.135432972291
162gumqn(3),592cdyvq(3),71dnoft(3),|592cdyvq(3),71dnoft(3),|592cdyvq(3),71dnoft(3),|592cdyvq(3),71dnoft(3),;30878.5,30443.4,30443.4,31462.2,0,0,0,0,1111.135432972291
162gumqn(3),592cdyvq(3),71dnoft(3),|592cdyvq(3),71dnoft(3),|592cdyvq(3),71dnoft(3),|592cdyvq(3),71dnoft(3),;30878.5,30443.4,30443.4,31462.2,0,0,0,0,1116.135432972291
162gumqn(3),592cdyvq(3),71dnoft(3),|592cdyvq(3),71dnoft(3),|592cdyvq(3),71dnoft(3),|592cdyvq(3),71dnoft(3),;30878.5,30443.4,30443.4,31462.2,0,0,0,0,1121.135432972291
162gumqn(3),592cdyvq(3),71dnoft(3),|592cdyvq(3),71dnoft(3),|592cdyvq(3),71dnoft(3),|592cdyvq(3),71dnoft(3),;30878.5,30443.4,30443.4,31462.2,0,0,0,0,1126.135432972291
162gumqn(3),592cdyvq(3),71dnoft(3),|592cdyvq(3),71dnoft(3),|592cdyvq(3),71dnoft(3),|592cdyvq(3),71dnoft(3),;30878.5,30443.4,30443.4,31462.2,0,0,0,0,1131.135432972291
162gumqn(3),592cdyvq(3),71dnoft(3),|592cdyvq(3),71dnoft(3),|592cdyvq(3),71dnoft(3),|592cdyvq(3),71dnoft(3),;30878.5,30443.4,30443.4,31462.2,0,0,0,0,1136.135432972291
162gumqn(3),592cdyvq(3),71dnoft(3),|592cdyvq(3),71dnoft(3),|592cdyvq(3),71dnoft(3),|592cdyvq(3),71dnoft(3),;30878.5,30443.4,30443.4,31462.2,0,0,0,0,1141.135432972291
162gumqn(3),592cdyvq(3),71dnoft(3),|592cdyvq(3),71dnoft(3),|592cdyvq(3),71dnoft(3),|592cdyvq(3),71dnoft(3),;30878.5,30443.4,30443.4,31462.2,0,0,0,0,1146.135432972291
162gumqn(3),592cdyvq(3),71dnoft(3),|592cdyvq(3),71dnoft(3),|592cdyvq(3),71dnoft(3),|592cdyvq(3),71dnoft(3),;30878.5,30443.4,30443.4,31462.2,0,0,0,0,1151.135432972291
162gumqn(3),592cdyvq(3),71dnoft(3),|592cdyvq(3),71dnoft(3),|592cdyvq(3),71dnoft(3),|592cdyvq(3),71dnoft(3),;30878.5,30443.4,30443.4,31462.2,0,0,0,0,1156.135432972291
162gumqn(3),592cdyvq(3),71dnoft(3),|592cdyvq(3),71dnoft(3),|592cdyvq(3),71dnoft(3),|592cdyvq(3),71dnoft(3),;30878.5,30443.4,30443.4,31462.2,0,0,0,0,1161.135432972291
162gumqn(3),592cdyvq(3),71ifelc(2),|592cdyvq(3),71ifelc(2),|592cdyvq(3),71ifelc(2),|592cdyvq(3),71ifelc(2),;29311.7,28876.6,29598.6,30617.4,8.897857241723,8.897857241723,5.648423923042,5.648423923042,1166.135432972291
162gumqn(3),592cdyvq(3),71ifelc(2),|592cdyvq(3),71ifelc(2),|592cdyvq(3),71ifelc(2),|592cdyvq(3),71ifelc(2),;29311.7,28876.6,29598.6,30617.4,3.897857241723,3.897857241723,0.648423923042,0.648423923042,1171.135432972291
162gumqn(3),592cdyvq(3),71ifelc(3),|592cdyvq(3),71ifelc(3),|592cdyvq(3),71ifelc(3),|592cdyvq(3),71ifelc(3),;29311.7,28876.6,29598.6,30617.4,0,0,0,0,1176.135432972291
162gumqn(3),592cdyvq(3),71ifelc(3),|592cdyvq(3),71ifelc(3),|592cdyvq(3),71ifelc(3),|592cdyvq(3),71ifelc(3),;29311.7,28876.6,29598.6,30617.4,0,0,0,0,1181.135432972291
162gumqn(3),592cdyvq(3),71ifelc(3),|592cdyvq(3),71ifelc(3),|592cdyvq(3),71ifelc(3),|592cdyvq(3),71ifelc(3),;29311.7,28876.6,29598.6,30617.4,0,0,0,0,1186.135432972291
162gumqn(3),592cdyvq(3),71ifelc(3),|592cdyvq(3),71ifelc(3),|592cdyvq(3),71ifelc(3),|592cdyvq(3),71ifelc(3),;29311.7,28876.6,29598.6,30617.4,0,0,0,0,1191.135432972291
162gumqn(3),592cdyvq(3),71ifelc(3),|592cdyvq(3),71ifelc(3),|592cdyvq(3),71ifelc(3),|592cdyvq(3),71ifelc(3),;29311.7,28876.6,29598.6,30617.4,0,0,0,0,1196.135432972291
162gumqn(3),592cdyvq(3),71ifelc(3),|592cdyvq(3),71ifelc(3),|592cdyvq(3),71ifelc(3),|592cdyvq(3),71ifelc(3),;29311.7,28876.6,29598.6,30617.4,0,0,0,0,1201.135432972291
162gumqn(3),71ifelc(3),|71ifelc(3),|71ifelc(3),|71ifelc(3),;31349.5,31933.2,32655.2,32655.2,0,0,0,0,1206.135432972291
162gumqn(3),71ifelc(3),|71ifelc(3),|71ifelc(3),|71ifelc(3),;31349.5,31933.2,32655.2,32655.2,0,0,0,0,1211.135432972291
162gumqn(3),71ifelc(3),|71ifelc(3),|71ifelc(3),|71ifelc(3),;31349.5,31933.2,32655.2,32655.2,0,0,0,0,1216.135432972291
162gumqn(3),71ifelc(3),|71ifelc(3),|71ifelc(3),|71ifelc(3),;31349.5,31933.2,32655.2,32655.2,0,0,0,0,1221.135432972291
162gumqn(3),71ifelc(3),|71ifelc(3),|71ifelc(3),|71ifelc(3),;31349.5,31933.2,32655.2,32655.2,0,0,0,0,1226.135432972291
162gumqn(3),71ifelc(3),|71ifelc(3),|71ifelc(3),|71ifelc(3),;31349.5,31933.2,32655.2,32655.2,0,0,0,0,1231.135432972291
71ifelc(3),|71ifelc(3),|71ifelc(3),|71ifelc(3),;31933.2,31933.2,32655.2,32655.2,0,0,0,0,1236.135432972291
71ifelc(3),662enokt(0),|71ifelc(3),662enokt(0),|71ifelc(3),662enokt(0),|71ifelc(3),662enokt(0),;29260.6,30151.4,29982.6,30873.4,14.877635470858,10.867696481847,14.877635470858,10.867696481847,1241.135432972291
71ifelc(3),662enokt(2),|71ifelc(3),662enokt(2),|71ifelc(3),662enokt(2),|71ifelc(3),662enokt(2),;29260.6,30151.4,29982.6,30873.4,9.877635470858,5.867696481847,9.877635470858,5.867696481847,1246.135432972291
71ifelc(3),662enokt(2),|71ifelc(3),662enokt(2),|71ifelc(3),662enokt(2),|71ifelc(3),662enokt(2),;29260.6,30151.4,29982.6,30873.4,4.877635470858,0.867696481847,4.877635470858,0.867696481847,1251.135432972291
71ifelc(3),662enokt(3),|71ifelc(3),662enokt(3),|71ifelc(3),662enokt(3),|71ifelc(3),662enokt(3),;29260.6,30151.4,29982.6,30873.4,0,0,0,0,1256.135432972291
71ifelc(3),662enokt(3),|71ifelc(3),662enokt(3),|71ifelc(3),662enokt(3),|71ifelc(3),662enokt(3),;29260.6,30151.4,29982.6,30873.4,0,0,0,0,1261.135432972291
71ifelc(3),662enokt(3),|71ifelc(3),662enokt(3),|71ifelc(3),662enokt(3),|71ifelc(3),662enokt(3),;29260.6,30151.4,29982.6,30873.4,0,0,0,0,1266.135432972291
71ifelc(3),662enokt(3),|71ifelc(3),662enokt(3),|71ifelc(3),662enokt(3),|71ifelc(3),662enokt(3),;29260.6,30151.4,29982.6,30873.4,0,0,0,0,1271.135432972291
71ifelc(3),662enokt(3),|71ifelc(3),662enokt(3),|71ifelc(3),662enokt(3),|71ifelc(3),662enokt(3),;29260.6,30151.4,29982.6,30873.4,0,0,0,0,1276.135432972291
71ifelc(3),662enokt(3),|71ifelc(3),662enokt(3),|71ifelc(3),662enokt(3),|71ifelc(3),662enokt(3),;29260.6,30151.4,29982.6,30873.4,0,0,0,0,1281.135432972291
71ifelc(3),662enokt(3),|71ifelc(3),662enokt(3),|71ifelc(3),662enokt(3),|71ifelc(3),662enokt(3),;29260.6,30151.4,29982.6,30873.4,0,0,0,0,1286.135432972291
71ifelc(3),662enokt(3),|71ifelc(3),662enokt(3),|71ifelc(3),662enokt(3),|71ifelc(3),662enokt(3),;29260.6,30151.4,29982.6,30873.4,0,0,0,0,1291.135432972291
71ifelc(3),662enokt(3),|71ifelc(3),662enokt(3),|71ifelc(3),662enokt(3),|71ifelc(3),662enokt(3),;29260.6,30151.4,29982.6,30873.4,0,0,0,0,1296.135432972291
71ifelc(3),662enokt(3),|71ifelc(3),662enokt(3),|71ifelc(3),662enokt(3),|71ifelc(3),662enokt(3),;29260.6,30151.4,29982.6,30873.4,0,0,0,0,1301.135432972291
71ifelc(3),662enokt(3),|71ifelc(3),662enokt(3),|71ifelc(3),662enokt(3),|71ifelc(3),662enokt(3),;29260.6,30151.4,29982.6,30873.4,0,0,0,0,1306.135432972291
71ifelc(3),662enokt(3),|71ifelc(3),662enokt(3),|71ifelc(3),662enokt(3),|71ifelc(3),662enokt(3),;29260.6,30151.4,29982.6,30873.4,0,0,0,0,1311.135432972291
71ifelc(3),662enokt(3),|71ifelc(3),662enokt(3),|71ifelc(3),662enokt(3),|71ifelc(3),662enokt(3),;29260.6,30151.4,29982.6,30873.4,0,0,0,0,1316.135432972291
71ifelc(3),662enokt(3),|71ifelc(3),662enokt(3),|71ifelc(3),662enokt(3),|71ifelc(3),662enokt(3),;29260.6,30151.4,29982.6,30873.4,0,0,0,0,1321.135432972291
71ifelc(3),662enokt(3),|71ifelc(3),662enokt(3),|71ifelc(3),662enokt(3),|71ifelc(3),662enokt(3),;29260.6,30151.4,29982.6,30873.4,0,0,0,0,1326.135432972291
71ifelc(3),662enokt(3),|71ifelc(3),662enokt(3),|71ifelc(3),662enokt(3),|71ifelc(3),662enokt(3),;29260.6,30151.4,29982.6,30873.4,0,0,0,0,1331.135432972291
71ifelc(3),662enokt(3),|71ifelc(3),662enokt(3),|71ifelc(3),662enokt(3),|71ifelc(3),662enokt(3),;29260.6,30151.4,29982.6,30873.4,0,0,0,0,1336.135432972291
71ifelc(3),662enokt(3),|71ifelc(3),662enokt(3),|71ifelc(3),662enokt(3),|71ifelc(3),662enokt(3),;29260.6,30151.4,29982.6,30873.4,0,0,0,0,1341.135432972291
71ifelc(3),662enokt(3),|71ifelc(3),662enokt(3),|71ifelc(3),662enokt(3),|71ifelc(3),662enokt(3),;29260.6,30151.4,29982.6,30873.4,0,0,0,0,1346.135432972291
71ifelc(3),662enokt(3),|71ifelc(3),662enokt(3),|71ifelc(3),662enokt(3),|71ifelc(3),662enokt(3),;29260.6,30151.4,29982.6,30873.4,0,0,0,0,1351.135432972291
662enokt(3),|662enokt(3),|662enokt(3),|662enokt(3),;31426.4,32317.2,31426.4,32317.2,0,0,0,0,1356.135432972291
662enokt(3),|662enokt(3),|662enokt(3),|662enokt(3),;31426.4,32317.2,31426.4,32317.2,0,0,0,0,1361.135432972291
662enokt(3),|662enokt(3),|662enokt(3),|662enokt(3),;31426.4,32317.2,31426.4,32317.2,0,0,0,0,1366.135432972291
662enokt(3),|662enokt(3),|662enokt(3),|662enokt(3),;31426.4,32317.2,31426.4,32317.2,0,0,0,0,1371.135432972291
662enokt(3),|662enokt(3),|662enokt(3),|662enokt(3),;31426.4,32317.2,31426.4,32317.2,0,0,0,0,1376.135432972291
662enokt(3),|662enokt(3),|662enokt(3),|662enokt(3),;31426.4,32317.2,31426.4,32317.2,0,0,0,0,1381.135432972291
662enokt(3),|662enokt(3),|662enokt(3),|662enokt(3),;31426.4,32317.2,31426.4,32317.2,0,0,0,0,1386.135432972291
662enokt(3),|662enokt(3),|662enokt(3),|662enokt(3),;31426.4,32317.2,31426.4,32317.2,0,0,0,0,1391.135432972291
662enokt(3),|662enokt(3),|662enokt(3),|662enokt(3),;31426.4,32317.2,31426.4,32317.2,0,0,0,0,1396.135432972291
662enokt(3),|662enokt(3),|662enokt(3),|662enokt(3),;31426.4,32317.2,31426.4,32317.2,0,0,0,0,1401.135432972291
662enokt(3),|662enokt(3),|662enokt(3),|662enokt(3),;31426.4,32317.2,31426.4,32317.2,0,0,0,0,1406.135432972291
662enokt(3),|662enokt(3),|662enokt(3),|662enokt(3),;31426.4,32317.2,31426.4,32317.2,0,0,0,0,1411.135432972291
662enokt(3),|662enokt(3),|662enokt(3),|662enokt(3),;31426.4,32317.2,31426.4,32317.2,0,0,0,0,1416.135432972291
662enokt(3),|662enokt(3),|662enokt(3),|662enokt(3),;31426.4,32317.2,31426.4,32317.2,0,0,0,0,1421.135432972291
662enokt(3),|662enokt(3),|662enokt(3),|662enokt(3),;31426.4,32317.2,31426.4,32317.2,0,0,0,0,1426.135432972291
662enokt(3),|662enokt(3),|662enokt(3),|662enokt(3),;31426.4,32317.2,31426.4,32317.2,0,0,0,0,1431.135432972291
662enokt(3),|662enokt(3),|662enokt(3),|662enokt(3),;31426.4,32317.2,31426.4,32317.2,0,0,0,0,1436.135432972291
662enokt(3),|662enokt(3),|662enokt(3),|662enokt(3),;31426.4,32317.2,31426.4,32317.2,0,0,0,0,1441.135432972291
662enokt(3),|662enokt(3),|662enokt(3),|662enokt(3),;31426.4,32317.2,31426.4,32317.2,0,0,0,0,1446.135432972291
662enokt(3),|662enokt(3),|662enokt(3),|662enokt(3),;31426.4,32317.2,31426.4,32317.2,0,0,0,0,1451.135432972291
662enokt(3),|662enokt(3),|662enokt(3),|662enokt(3),;31426.4,32317.2,31426.4,32317.2,0,0,0,0,1456.135432972291
662enokt(3),|662enokt(3),|662enokt(3),|662enokt(3),;31426.4,32317.2,31426.4,32317.2,0,0,0,0,1461.135432972291
662enokt(3),|662enokt(3),|662enokt(3),|662enokt(3),;31426.4,32317.2,31426.4,32317.2,0,0,0,0,1466.135432972291
662enokt(3),|662enokt(3),|662enokt(3),|662enokt(3),;31426.4,32317.2,31426.4,32317.2,0,0,0,0,1471.135432972291
662enokt(3),|662enokt(3),|662enokt(3),|662enokt(3),;31426.4,32317.2,31426.4,32317.2,0,0,0,0,1476.135432972291
662enokt(3),|662enokt(3),|662enokt(3),|662enokt(3),;31426.4,32317.2,31426.4,32317.2,0,0,0,0,1481.135432972291
662enokt(3),|662enokt(3),|662enokt(3),|662enokt(3),;31426.4,32317.2,31426.4,32317.2,0,0,0,0,1486.135432972291
662enokt(3),|662enokt(3),|662enokt(3),|662enokt(3),;31426.4,32317.2,31426.4,32317.2,0,0,0,0,1491.135432972291
662enokt(3),|662enokt(3),|662enokt(3),|662enokt(3),;31426.4,32317.2,31426.4,32317.2,0,0,0,0,1496.135432972291
662enokt(3),|662enokt(3),|662enokt(3),|662enokt(3),;31426.4,32317.2,31426.4,32317.2,0,0,0,0,1501.135432972291
662enokt(3),|662enokt(3),|662enokt(3),|662enokt(3),;31426.4,32317.2,31426.4,32317.2,0,0,0,0,1506.135432972291
662enokt(3),|662enokt(3),|662enokt(3),|662enokt(3),;31426.4,32317.2,31426.4,32317.2,0,0,0,0,1511.135432972291
662enokt(3),|662enokt(3),|662enokt(3),|662enokt(3),;31426.4,32317.2,31426.4,32317.2,0,0,0,0,1516.135432972291
662enokt(3),|662enokt(3),|662enokt(3),|662enokt(3),;31426.4,32317.2,31426.4,32317.2,0,0,0,0,1521.135432972291
662enokt(3),|662enokt(3),|662enokt(3),|662enokt(3),;31426.4,32317.2,31426.4,32317.2,0,0,0,0,1526.135432972291
662enokt(3),|662enokt(3),|662enokt(3),|662enokt(3),;31426.4,32317.2,31426.4,32317.2,0,0,0,0,1531.135432972291
662enokt(3),|662enokt(3),|662enokt(3),|662enokt(3),;31426.4,32317.2,31426.4,32317.2,0,0,0,0,1536.135432972291
662enokt(3),651sunao(2),|662enokt(3),651sunao(2),|662enokt(3),651sunao(2),|662enokt(3),651sunao(2),;29245.3,30863.1,29972.3,30136.1,9.397064320833,6.029918709112,6.029918709112,9.397064320833,1541.135432972291
662enokt(3),651sunao(2),|662enokt(3),651sunao(2),|662enokt(3),651sunao(2),|662enokt(3),651sunao(2),;29245.3,30863.1,29972.3,30136.1,4.397064320833,1.029918709112,1.029918709112,4.397064320833,1546.135432972291
662enokt(3),651sunao(3),|662enokt(3),651sunao(3),|662enokt(3),651sunao(3),|662enokt(3),651sunao(3),;29245.3,30863.1,29972.3,30136.1,0,0,0,0,1551.135432972291
662enokt(3),651sunao(3),|662enokt(3),651sunao(3),|662enokt(3),651sunao(3),|662enokt(3),651sunao(3),;29245.3,30863.1,29972.3,30136.1,0,0,0,0,1556.135432972291
662enokt(3),651sunao(3),|662enokt(3),651sunao(3),|662enokt(3),651sunao(3),|662enokt(3),651sunao(3),;29245.3,30863.1,29972.3,30136.1,0,0,0,0,1561.135432972291
662enokt(3),651sunao(3),|662enokt(3),651sunao(3),|662enokt(3),651sunao(3),|662enokt(3),651sunao(3),;29245.3,30863.1,29972.3,30136.1,0,0,0,0,1566.135432972291
662enokt(3),651sunao(3),|662enokt(3),651sunao(3),|662enokt(3),651sunao(3),|662enokt(3),651sunao(3),;29245.3,30863.1,29972.3,30136.1,0,0,0,0,1571.135432972291
662enokt(3),651sunao(3),|662enokt(3),651sunao(3),|662enokt(3),651sunao(3),|662enokt(3),651sunao(3),;29245.3,30863.1,29972.3,30136.1,0,0,0,0,1576.135432972291
662enokt(3),651sunao(3),|662enokt(3),651sunao(3),|662enokt(3),651sunao(3),|662enokt(3),651sunao(3),;29245.3,30863.1,29972.3,30136.1,0,0,0,0,1581.135432972291
662enokt(3),651sunao(3),|662enokt(3),651sunao(3),|662enokt(3),651sunao(3),|662enokt(3),651sunao(3),;29245.3,30863.1,29972.3,30136.1,0,0,0,0,1586.135432972291
662enokt(3),651sunao(3),|662enokt(3),651sunao(3),|662enokt(3),651sunao(3),|662enokt(3),651sunao(3),;29245.3,30863.1,29972.3,30136.1,0,0,0,0,1591.135432972291
662enokt(3),651sunao(3),|662enokt(3),651sunao(3),|662enokt(3),651sunao(3),|662enokt(3),651sunao(3),;29245.3,30863.1,29972.3,30136.1,0,0,0,0,1596.135432972291
662enokt(3),651sunao(3),|662enokt(3),651sunao(3),|662enokt(3),651sunao(3),|662enokt(3),651sunao(3),;29245.3,30863.1,29972.3,30136.1,0,0,0,0,1601.135432972291
662enokt(3),651sunao(3),|662enokt(3),651sunao(3),|662enokt(3),651sunao(3),|662enokt(3),651sunao(3),;29245.3,30863.1,29972.3,30136.1,0,0,0,0,1606.135432972291
662enokt(3),651sunao(3),|662enokt(3),651sunao(3),|662enokt(3),651sunao(3),|662enokt(3),651sunao(3),;29245.3,30863.1,29972.3,30136.1,0,0,0,0,1611.135432972291
662enokt(3),651sunao(3),|662enokt(3),651sunao(3),|662enokt(3),651sunao(3),|662enokt(3),651sunao(3),;29245.3,30863.1,29972.3,30136.1,0,0,0,0,1616.135432972291
662enokt(3),651sunao(3),|662enokt(3),651sunao(3),|662enokt(3),651sunao(3),|662enokt(3),651sunao(3),;29245.3,30863.1,29972.3,30136.1,0,0,0,0,1621.135432972291
662enokt(3),|662enokt(3),|662enokt(3),|662enokt(3),;31426.4,32317.2,31426.4,32317.2,0,0,0,0,1626.135432972291
662enokt(3),|662enokt(3),|662enokt(3),|662enokt(3),;31426.4,32317.2,31426.4,32317.2,0,0,0,0,1631.135432972291
662enokt(3),|662enokt(3),|662enokt(3),|662enokt(3),;31426.4,32317.2,31426.4,32317.2,0,0,0,0,1636.135432972291
662enokt(3),|662enokt(3),|662enokt(3),|662enokt(3),;31426.4,32317.2,31426.4,32317.2,0,0,0,0,1641.135432972291
662enokt(3),|662enokt(3),|662enokt(3),|662enokt(3),;31426.4,32317.2,31426.4,32317.2,0,0,0,0,1646.135432972291
662enokt(3),|662enokt(3),|662enokt(3),|662enokt(3),;31426.4,32317.2,31426.4,32317.2,0,0,0,0,1651.135432972291
662enokt(3),|662enokt(3),|662enokt(3),|662enokt(3),;31426.4,32317.2,31426.4,32317.2,0,0,0,0,1656.135432972291
662enokt(3),|662enokt(3),|662enokt(3),|662enokt(3),;31426.4,32317.2,31426.4,32317.2,0,0,0,0,1661.135432972291
662enokt(3),|662enokt(3),|662enokt(3),|662enokt(3),;31426.4,32317.2,31426.4,32317.2,0,0,0,0,1666.135432972291
662enokt(3),|662enokt(3),|662enokt(3),|662enokt(3),;31426.4,32317.2,31426.4,32317.2,0,0,0,0,1671.135432972291
662enokt(3),|662enokt(3),|662enokt(3),|662enokt(3),;31426.4,32317.2,31426.4,32317.2,0,0,0,0,1676.135432972291
662enokt(3),|662enokt(3),|662enokt(3),|662enokt(3),;31426.4,32317.2,31426.4,32317.2,0,0,0,0,1681.135432972291
662enokt(3),|662enokt(3),|662enokt(3),|662enokt(3),;31426.4,32317.2,31426.4,32317.2,0,0,0,0,1686.135432972291
662enokt(3),|662enokt(3),|662enokt(3),|662enokt(3),;31426.4,32317.2,31426.4,32317.2,0,0,0,0,1691.135432972291
662enokt(3),|662enokt(3),|662enokt(3),|662enokt(3),;31426.4,32317.2,31426.4,32317.2,0,0,0,0,1696.135432972291
662enokt(3),|662enokt(3),|662enokt(3),|662enokt(3),;31426.4,32317.2,31426.4,32317.2,0,0,0,0,1701.135432972291
662enokt(3),|662enokt(3),|662enokt(3),|662enokt(3),;31426.4,32317.2,31426.4,32317.2,0,0,0,0,1706.135432972291
662enokt(3),|662enokt(3),|662enokt(3),|662enokt(3),;31426.4,32317.2,31426.4,32317.2,0,0,0,0,1711.135432972291
662enokt(3),|662enokt(3),|662enokt(3),|662enokt(3),;31426.4,32317.2,31426.4,32317.2,0,0,0,0,1716.135432972291
662enokt(3),|662enokt(3),|662enokt(3),|662enokt(3),;31426.4,32317.2,31426.4,32317.2,0,0,0,0,1721.135432972291
662enokt(3),|662enokt(3),|662enokt(3),|662enokt(3),;31426.4,32317.2,31426.4,32317.2,0,0,0,0,1726.135432972291
662enokt(3),|662enokt(3),|662enokt(3),|662enokt(3),;31426.4,32317.2,31426.4,32317.2,0,0,0,0,1731.135432972291
662enokt(3),|662enokt(3),|662enokt(3),|662enokt(3),;31426.4,32317.2,31426.4,32317.2,0,0,0,0,1736.135432972291
662enokt(3),|662enokt(3),|662enokt(3),|662enokt(3),;31426.4,32317.2,31426.4,32317.2,0,0,0,0,1741.135432972291
662enokt(3),|662enokt(3),|662enokt(3),|662enokt(3),;31426.4,32317.2,31426.4,32317.2,0,0,0,0,1746.135432972291
662enokt(3),|662enokt(3),|662enokt(3),|662enokt(3),;31426.4,32317.2,31426.4,32317.2,0,0,0,0,1751.135432972291
662enokt(3),|662enokt(3),|662enokt(3),|662enokt(3),;31426.4,32317.2,31426.4,32317.2,0,0,0,0,1756.135432972291
662enokt(3),|662enokt(3),|662enokt(3),|662enokt(3),;31426.4,32317.2,31426.4,32317.2,0,0,0,0,1761.135432972291
662enokt(3),|662enokt(3),|662enokt(3),|662enokt(3),;31426.4,32317.2,31426.4,32317.2,0,0,0,0,1766.135432972291
662enokt(3),|662enokt(3),|662enokt(3),|662enokt(3),;31426.4,32317.2,31426.4,32317.2,0,0,0,0,1771.135432972291
662enokt(3),|662enokt(3),|662enokt(3),|662enokt(3),;31426.4,32317.2,31426.4,32317.2,0,0,0,0,1776.135432972291
662enokt(3),|662enokt(3),|662enokt(3),|662enokt(3),;31426.4,32317.2,31426.4,32317.2,0,0,0,0,1781.135432972291
662enokt(3),|662enokt(3),|662enokt(3),|662enokt(3),;31426.4,32317.2,31426.4,32317.2,0,0,0,0,1786.135432972291
662enokt(3),|662enokt(3),|662enokt(3),|662enokt(3),;31426.4,32317.2,31426.4,32317.2,0,0,0,0,1791.135432972291
662enokt(3),|662enokt(3),|662enokt(3),|662enokt(3),;31426.4,32317.2,31426.4,32317.2,0,0,0,0,1796.135432972291
662enokt(3),|662enokt(3),|662enokt(3),|662enokt(3),;31426.4,32317.2,31426.4,32317.2,0,0,0,0,1801.135432972291
662enokt(3),|662enokt(3),|662enokt(3),|662enokt(3),;31426.4,32317.2,31426.4,32317.2,0,0,0,0,1806.135432972291
662enokt(3),|662enokt(3),|662enokt(3),|662enokt(3),;31426.4,32317.2,31426.4,32317.2,0,0,0,0,1811.135432972291
662enokt(3),|662enokt(3),|662enokt(3),|662enokt(3),;31426.4,32317.2,31426.4,32317.2,0,0,0,0,1816.135432972291
662enokt(3),|662enokt(3),|662enokt(3),|662enokt(3),;31426.4,32317.2,31426.4,32317.2,0,0,0,0,1821.135432972291
662enokt(3),|662enokt(3),|662enokt(3),|662enokt(3),;31426.4,32317.2,31426.4,32317.2,0,0,0,0,1826.135432972291
662enokt(3),|662enokt(3),|662enokt(3),|662enokt(3),;31426.4,32317.2,31426.4,32317.2,0,0,0,0,1831.135432972291
662enokt(3),|662enokt(3),|662enokt(3),|662enokt(3),;31426.4,32317.2,31426.4,32317.2,0,0,0,0,1836.135432972291
662enokt(3),|662enokt(3),|662enokt(3),|662enokt(3),;31426.4,32317.2,31426.4,32317.2,0,0,0,0,1841.135432972291
662enokt(3),|662enokt(3),|662enokt(3),|662enokt(3),;31426.4,32317.2,31426.4,32317.2,0,0,0,0,1846.135432972291
662enokt(3),|662enokt(3),|662enokt(3),|662enokt(3),;31426.4,32317.2,31426.4,32317.2,0,0,0,0,1851.135432972291
662enokt(3),|662enokt(3),|662enokt(3),|662enokt(3),;31426.4,32317.2,31426.4,32317.2,0,0,0,0,1856.135432972291
662enokt(3),|662enokt(3),|662enokt(3),|662enokt(3),;31426.4,32317.2,31426.4,32317.2,0,0,0,0,1861.135432972291
662enokt(3),|662enokt(3),|662enokt(3),|662enokt(3),;31426.4,32317.2,31426.4,32317.2,0,0,0,0,1866.135432972291
662enokt(3),|662enokt(3),|662enokt(3),|662enokt(3),;31426.4,32317.2,31426.4,32317.2,0,0,0,0,1871.135432972291
662enokt(3),|662enokt(3),|662enokt(3),|662enokt(3),;31426.4,32317.2,31426.4,32317.2,0,0,0,0,1876.135432972291
662enokt(3),|662enokt(3),|662enokt(3),|662enokt(3),;31426.4,32317.2,31426.4,32317.2,0,0,0,0,1881.135432972291
662enokt(3),|662enokt(3),|662enokt(3),|662enokt(3),;31426.4,32317.2,31426.4,32317.2,0,0,0,0,1886.135432972291
662enokt(3),|662enokt(3),|662enokt(3),|662enokt(3),;31426.4,32317.2,31426.4,32317.2,0,0,0,0,1891.135432972291
662enokt(3),|662enokt(3),|662enokt(3),|662enokt(3),;31426.4,32317.2,31426.4,32317.2,0,0,0,0,1896.135432972291
662enokt(3),|662enokt(3),|662enokt(3),|662enokt(3),;31426.4,32317.2,31426.4,32317.2,0,0,0,0,1901.135432972291
662enokt(3),|662enokt(3),|662enokt(3),|662enokt(3),;31426.4,32317.2,31426.4,32317.2,0,0,0,0,1906.135432972291
662enokt(3),|662enokt(3),|662enokt(3),|662enokt(3),;31426.4,32317.2,31426.4,32317.2,0,0,0,0,1911.135432972291
662enokt(3),|662enokt(3),|662enokt(3),|662enokt(3),;31426.4,32317.2,31426.4,32317.2,0,0,0,0,1916.135432972291
662enokt(3),|662enokt(3),|662enokt(3),|662enokt(3),;31426.4,32317.2,31426.4,32317.2,0,0,0,0,1921.135432972291
662enokt(3),|662enokt(3),|662enokt(3),|662enokt(3),;31426.4,32317.2,31426.4,32317.2,0,0,0,0,1926.135432972291
662enokt(3),|662enokt(3),|662enokt(3),|662enokt(3),;31426.4,32317.2,31426.4,32317.2,0,0,0,0,1931.135432972291
662enokt(3),|662enokt(3),|662enokt(3),|662enokt(3),;31426.4,32317.2,31426.4,32317.2,0,0,0,0,1936.135432972291
|||;34099,34099,34099,34099,0,0,0,0,1941.135432972291
|||;34099,34099,34099,34099,0,0,0,0,1946.135432972291
|||;34099,34099,34099,34099,0,0,0,0,1951.135432972291
|||;34099,34099,34099,34099,0,0,0,0,1956.135432972291
|||;34099,34099,34099,34099,0,0,0,0,1961.135432972291
|||;34099,34099,34099,34099,0,0,0,0,1966.135432972291
|||;34099,34099,34099,34099,0,0,0,0,1971.135432972291
|||;34099,34099,34099,34099,0,0,0,0,1976.135432972291
|||;34099,34099,34099,34099,0,0,0,0,1981.135432972291
|||;34099,34099,34099,34099,0,0,0,0,1986.135432972291
|||;34099,34099,34099,34099,0,0,0,0,1991.135432972291
|||;34099,34099,34099,34099,0,0,0,0,1996.135432972291
