|||;28774,28774,28774,28774,0,0,0,0,1.013646708119
|||;28774,28774,28774,28774,0,0,0,0,6.013646708119
|||;28774,28774,28774,28774,0,0,0,0,11.013646708119
|||;28774,28774,28774,28774,0,0,0,0,16.013646708119
|||;28774,28774,28774,28774,0,0,0,0,21.013646708119
|||;28774,28774,28774,28774,0,0,0,0,26.013646708119
|||;28774,28774,28774,28774,0,0,0,0,31.013646708119
|||;28774,28774,28774,28774,0,0,0,0,36.013646708119
|||;28774,28774,28774,28774,0,0,0,0,41.013646708119
|||;28774,28774,28774,28774,0,0,0,0,46.013646708119
|||;28774,28774,28774,28774,0,0,0,0,51.013646708119
|||;28774,28774,28774,28774,0,0,0,0,56.013646708119
|||;28774,28774,28774,28774,0,0,0,0,61.013646708119
|||;28774,28774,28774,28774,0,0,0,0,66.013646708119
265dxehm(2),|265dxehm(2),|265dxehm(2),|265dxehm(2),;27207.3,27207.3,27729.5,27729.5,6.963065216541,6.963065216541,4.662963022993,4.662963022993,71.013646708119
265dxehm(2),|265dxehm(2),||;27207.3,27207.3,28774,28774,1.963065216541,1.963065216541,0,0,76.013646708119
|||;28774,28774,28774,28774,0,0,0,0,81.013646708119
|||;28774,28774,28774,28774,0,0,0,0,86.013646708119
|||;28774,28774,28774,28774,0,0,0,0,91.013646708119
|||;28774,28774,28774,28774,0,0,0,0,96.013646708119
|||;28774,28774,28774,28774,0,0,0,0,101.013646708119
|||;28774,28774,28774,28774,0,0,0,0,106.013646708119
|||;28774,28774,28774,28774,0,0,0,0,111.013646708119
|||;28774,28774,28774,28774,0,0,0,0,116.013646708119
|||;28774,28774,28774,28774,0,0,0,0,121.013646708119
|||;28774,28774,28774,28774,0,0,0,0,126.013646708119
|||;28774,28774,28774,28774,0,0,0,0,131.013646708119
|||;28774,28774,28774,28774,0,0,0,0,136.013646708119
|||;28774,28774,28774,28774,0,0,0,0,141.013646708119
|||;28774,28774,28774,28774,0,0,0,0,146.013646708119
|||;28774,28774,28774,28774,0,0,0,0,151.013646708119
|||;28774,28774,28774,28774,0,0,0,0,156.013646708119
|||;28774,28774,28774,28774,0,0,0,0,161.013646708119
|||;28774,28774,28774,28774,0,0,0,0,166.013646708119
|||;28774,28774,28774,28774,0,0,0,0,171.013646708119
265pejuw(2),|265pejuw(2),|265pejuw(2),|265pejuw(2),;27647.6,27084.4,27647.6,27084.4,0.978972357649,3.459474723241,0.978972357649,3.459474723241,176.013646708119
|||;28774,28774,28774,28774,0,0,0,0,181.013646708119
|||;28774,28774,28774,28774,0,0,0,0,186.013646708119
|||;28774,28774,28774,28774,0,0,0,0,191.013646708119
|||;28774,28774,28774,28774,0,0,0,0,196.013646708119
393xulrg(2),|393xulrg(2),295vomab(0),|393xulrg(2),|393xulrg(2),295vomab(0),;26485.4,23945.8,27248.2,23439,8.291178105844,24.537865915293,4.931224901543,26.770318044326,201.013646708119
393xulrg(2),|393xulrg(2),295vomab(1),||295vomab(1),;26485.4,23945.8,28774,24964.8,3.291178105844,19.537865915293,0,21.770318044326,206.013646708119
|295vomab(2),||295vomab(2),;28774,26234.4,28774,24964.8,0,14.537865915293,0,16.770318044326,211.013646708119
|295vomab(2),||295vomab(2),;28774,26234.4,28774,24964.8,0,9.537865915293,0,11.770318044326,216.013646708119
|295vomab(2),||295vomab(2),;28774,26234.4,28774,24964.8,0,4.537865915293,0,6.770318044326,221.013646708119
|295vomab(3),64pxcwh(2),|64pxcwh(2),|295vomab(3),64pxcwh(2),;28774,22752.8,26685,23572.2,0,19.646883846617,4.79558104041,12.406927201457,226.013646708119
|295vomab(3),64pxcwh(2),|64pxcwh(3),|295vomab(3),64pxcwh(3),;28774,22752.8,26685,23572.2,0,14.646883846617,0,7.406927201457,231.013646708119
|295vomab(3),64pxcwh(2),|64pxcwh(3),|295vomab(3),64pxcwh(3),;28774,22752.8,26685,23572.2,0,9.646883846617,0,2.406927201457,236.013646708119
|295vomab(3),64pxcwh(3),|64pxcwh(3),|295vomab(3),64pxcwh(3),;28774,22752.8,26685,23572.2,0,4.646883846617,0,0,241.013646708119
|295vomab(3),64pxcwh(3),|64pxcwh(3),|295vomab(3),64pxcwh(3),;28774,22752.8,26685,23572.2,0,0,0,0,246.013646708119
|295vomab(3),64pxcwh(3),|64pxcwh(3),|295vomab(3),64pxcwh(3),;28774,22752.8,26685,23572.2,0,0,0,0,251.013646708119
|295vomab(3),64pxcwh(3),|64pxcwh(3),|295vomab(3),64pxcwh(3),;28774,22752.8,26685,23572.2,0,0,0,0,256.013646708119
|295vomab(3),64pxcwh(3),|64pxcwh(3),|295vomab(3),64pxcwh(3),;28774,22752.8,26685,23572.2,0,0,0,0,261.013646708119
160xsqjo(0),|295vomab(3),64pxcwh(3),160xsqjo(0),|64pxcwh(3),160xsqjo(0),|295vomab(3),64pxcwh(3),160xsqjo(0),;26869.4,20848.2,25415.2,22302.4,8.769859651463,8.769859651463,5.973656984796,5.973656984796,266.013646708119
160xsqjo(2),|295vomab(3),64pxcwh(3),160xsqjo(2),|64pxcwh(3),160xsqjo(2),|295vomab(3),64pxcwh(3),160xsqjo(2),;26869.4,20848.2,25415.2,22302.4,3.769859651463,3.769859651463,0.973656984796,0.973656984796,271.013646708119
83bzgms(0),|295vomab(3),64pxcwh(3),83bzgms(0),|64pxcwh(3),83bzgms(0),|295vomab(3),64pxcwh(3),83bzgms(0),;27115.1,20264.5,25026.1,21083.9,11.34669683749,15.107800321361,11.34669683749,15.107800321361,276.013646708119
83bzgms(2),|295vomab(3),64pxcwh(3),83bzgms(2),854fbpvi(1),|64pxcwh(3),83bzgms(2),|295vomab(3),64pxcwh(3),83bzgms(2),854fbpvi(1),;27115.1,17361.5,25026.1,14310.1,6.34669683749,26.239343065709,6.34669683749,43.791159323774,281.013646708119
83bzgms(2),|295vomab(3),64pxcwh(3),83bzgms(2),854fbpvi(1),|64pxcwh(3),83bzgms(2),|295vomab(3),64pxcwh(3),83bzgms(2),854fbpvi(1),;27115.1,17361.5,25026.1,14310.1,1.34669683749,21.239343065709,1.34669683749,38.791159323774,286.013646708119
83bzgms(3),|295vomab(3),64pxcwh(3),83bzgms(3),854fbpvi(2),|64pxcwh(3),83bzgms(3),|295vomab(3),64pxcwh(3),83bzgms(3),854fbpvi(2),;27115.1,17361.5,25026.1,14310.1,0,16.239343065709,0,33.791159323774,291.013646708119
83bzgms(3),|295vomab(3),64pxcwh(3),83bzgms(3),854fbpvi(2),|64pxcwh(3),83bzgms(3),|295vomab(3),64pxcwh(3),83bzgms(3),854fbpvi(2),;27115.1,17361.5,25026.1,14310.1,0,11.239343065709,0,28.791159323774,296.013646708119
83bzgms(3),|295vomab(3),64pxcwh(3),83bzgms(3),854fbpvi(2),|64pxcwh(3),83bzgms(3),|295vomab(3),64pxcwh(3),83bzgms(3),854fbpvi(2),;27115.1,17361.5,25026.1,14310.1,0,6.239343065709,0,23.791159323774,301.013646708119
83bzgms(3),|295vomab(3),64pxcwh(3),83bzgms(3),854fbpvi(3),|64pxcwh(3),83bzgms(3),|295vomab(3),64pxcwh(3),83bzgms(3),854fbpvi(2),;27115.1,17361.5,25026.1,14310.1,0,1.239343065709,0,18.791159323774,306.013646708119
83bzgms(3),|295vomab(3),64pxcwh(3),83bzgms(3),854fbpvi(3),|64pxcwh(3),83bzgms(3),|295vomab(3),64pxcwh(3),83bzgms(3),854fbpvi(2),;27115.1,17361.5,25026.1,14310.1,0,0,0,13.791159323774,311.013646708119
83bzgms(3),|295vomab(3),64pxcwh(3),83bzgms(3),854fbpvi(3),|64pxcwh(3),83bzgms(3),|295vomab(3),64pxcwh(3),83bzgms(3),854fbpvi(2),;27115.1,17361.5,25026.1,14310.1,0,0,0,8.791159323774,316.013646708119
83bzgms(3),|295vomab(3),64pxcwh(3),83bzgms(3),854fbpvi(3),|64pxcwh(3),83bzgms(3),|295vomab(3),64pxcwh(3),83bzgms(3),854fbpvi(3),;27115.1,17361.5,25026.1,14310.1,0,0,0,3.791159323774,321.013646708119
83bzgms(3),|295vomab(3),64pxcwh(3),83bzgms(3),854fbpvi(3),|64pxcwh(3),83bzgms(3),|295vomab(3),64pxcwh(3),83bzgms(3),854fbpvi(3),;27115.1,17361.5,25026.1,14310.1,0,0,0,0,326.013646708119
83bzgms(3),|295vomab(3),64pxcwh(3),83bzgms(3),854fbpvi(3),|64pxcwh(3),83bzgms(3),|295vomab(3),64pxcwh(3),83bzgms(3),854fbpvi(3),;27115.1,17361.5,25026.1,14310.1,0,0,0,0,331.013646708119
83bzgms(3),184myfzg(0),|295vomab(3),64pxcwh(3),83bzgms(3),854fbpvi(3),184myfzg(0),|64pxcwh(3),83bzgms(3),184myfzg(0),|295vomab(3),64pxcwh(3),83bzgms(3),854fbpvi(3),184myfzg(0),;25466.5,16537.2,24201.8,9364.18,8.843723181882,5.105836386184,5.105836386184,23.795270364678,336.013646708119
83bzgms(3),184myfzg(2),|295vomab(3),64pxcwh(3),83bzgms(3),854fbpvi(3),|64pxcwh(3),83bzgms(3),|295vomab(3),64pxcwh(3),83bzgms(3),854fbpvi(3),184myfzg(2),;25466.5,17361.5,25026.1,9364.18,3.843723181882,0.105836386184,0.105836386184,18.795270364678,341.013646708119
83bzgms(3),|295vomab(3),64pxcwh(3),83bzgms(3),854fbpvi(3),|64pxcwh(3),83bzgms(3),|295vomab(3),64pxcwh(3),83bzgms(3),854fbpvi(3),184myfzg(2),;27115.1,17361.5,25026.1,9364.18,0,0,0,13.795270364678,346.013646708119
83bzgms(3),640dchis(0),|295vomab(3),64pxcwh(3),83bzgms(3),854fbpvi(3),640dchis(0),|64pxcwh(3),83bzgms(3),640dchis(0),|295vomab(3),64pxcwh(3),83bzgms(3),854fbpvi(3),184myfzg(2),640dchis(0),;25374.3,14750.3,22414.9,7623.38,13.223223160705,17.170060149952,17.170060149952,22.854606233502,351.013646708119
83bzgms(3),640dchis(0),|295vomab(3),64pxcwh(3),83bzgms(3),854fbpvi(3),640dchis(0),|64pxcwh(3),83bzgms(3),640dchis(0),|295vomab(3),64pxcwh(3),83bzgms(3),854fbpvi(3),184myfzg(2),640dchis(0),;25374.3,14750.3,22414.9,7623.38,8.223223160705,12.170060149952,12.170060149952,17.854606233502,356.013646708119
83bzgms(3),640dchis(2),|295vomab(3),64pxcwh(3),83bzgms(3),854fbpvi(3),640dchis(2),|64pxcwh(3),83bzgms(3),640dchis(2),|295vomab(3),64pxcwh(3),83bzgms(3),854fbpvi(3),184myfzg(3),640dchis(2),;25374.3,14750.3,22414.9,7623.38,3.223223160705,7.170060149952,7.170060149952,12.854606233502,361.013646708119
83bzgms(3),640dchis(3),|295vomab(3),64pxcwh(3),83bzgms(3),854fbpvi(3),640dchis(2),|64pxcwh(3),83bzgms(3),640dchis(2),|295vomab(3),64pxcwh(3),83bzgms(3),854fbpvi(3),184myfzg(3),640dchis(2),;25374.3,14750.3,22414.9,7623.38,0,2.170060149952,2.170060149952,7.854606233502,366.013646708119
83bzgms(3),640dchis(3),|64pxcwh(3),83bzgms(3),854fbpvi(3),640dchis(3),|64pxcwh(3),83bzgms(3),640dchis(3),|64pxcwh(3),83bzgms(3),854fbpvi(3),184myfzg(3),640dchis(3),;25374.3,17289.8,22414.9,11432.7,0,0,0,2.854606233502,371.013646708119
83bzgms(3),640dchis(3),|64pxcwh(3),83bzgms(3),854fbpvi(3),640dchis(3),|64pxcwh(3),83bzgms(3),640dchis(3),|64pxcwh(3),83bzgms(3),854fbpvi(3),184myfzg(3),640dchis(3),;25374.3,17289.8,22414.9,11432.7,0,0,0,0,376.013646708119
83bzgms(3),640dchis(3),|64pxcwh(3),83bzgms(3),854fbpvi(3),640dchis(3),|64pxcwh(3),83bzgms(3),640dchis(3),|64pxcwh(3),83bzgms(3),854fbpvi(3),184myfzg(3),640dchis(3),;25374.3,17289.8,22414.9,11432.7,0,0,0,0,381.013646708119
83bzgms(3),640dchis(3),|64pxcwh(3),83bzgms(3),854fbpvi(3),640dchis(3),|64pxcwh(3),83bzgms(3),640dchis(3),|64pxcwh(3),83bzgms(3),854fbpvi(3),184myfzg(3),640dchis(3),;25374.3,17289.8,22414.9,11432.7,0,0,0,0,386.013646708119
83bzgms(3),640dchis(3),71gztso(0),|64pxcwh(3),83bzgms(3),854fbpvi(3),640dchis(3),71gztso(0),|64pxcwh(3),83bzgms(3),640dchis(3),71gztso(0),|64pxcwh(3),83bzgms(3),854fbpvi(3),184myfzg(3),640dchis(3),71gztso(0),;23607.9,16112.2,20648.5,10255.1,10.48936546694,7.819446327155,10.48936546694,7.819446327155,391.013646708119
640dchis(3),71gztso(2),|64pxcwh(3),854fbpvi(3),640dchis(3),71gztso(2),|64pxcwh(3),640dchis(3),71gztso(2),|64pxcwh(3),854fbpvi(3),184myfzg(3),640dchis(3),71gztso(2),;25266.8,18600.5,22307.4,12743.4,5.48936546694,2.819446327155,5.48936546694,2.819446327155,396.013646708119
640dchis(3),71gztso(2),|64pxcwh(3),854fbpvi(3),640dchis(3),160yunpv(0),|64pxcwh(3),640dchis(3),71gztso(2),|64pxcwh(3),854fbpvi(3),184myfzg(3),640dchis(3),;25266.8,18795.1,22307.4,13921,0.48936546694,7.886858809063,0.48936546694,0,401.013646708119
640dchis(3),|64pxcwh(3),854fbpvi(3),640dchis(3),160yunpv(2),|64pxcwh(3),640dchis(3),|64pxcwh(3),854fbpvi(3),184myfzg(3),640dchis(3),;27033.2,18795.1,24073.8,13921,0,2.886858809063,0,0,406.013646708119
640dchis(3),|64pxcwh(3),854fbpvi(3),640dchis(3),160yunpv(3),|64pxcwh(3),640dchis(3),|64pxcwh(3),854fbpvi(3),640dchis(3),;27033.2,18795.1,24073.8,18866.9,0,0,0,0,411.013646708119
640dchis(3),|64pxcwh(3),854fbpvi(3),640dchis(3),160yunpv(3),|64pxcwh(3),640dchis(3),|64pxcwh(3),854fbpvi(3),640dchis(3),;27033.2,18795.1,24073.8,18866.9,0,0,0,0,416.013646708119
640dchis(3),|64pxcwh(3),854fbpvi(3),640dchis(3),160yunpv(3),|64pxcwh(3),640dchis(3),|64pxcwh(3),854fbpvi(3),640dchis(3),;27033.2,18795.1,24073.8,18866.9,0,0,0,0,421.013646708119
640dchis(3),|64pxcwh(3),854fbpvi(3),640dchis(3),160yunpv(3),|64pxcwh(3),640dchis(3),|64pxcwh(3),854fbpvi(3),640dchis(3),;27033.2,18795.1,24073.8,18866.9,0,0,0,0,426.013646708119
640dchis(3),|64pxcwh(3),854fbpvi(3),640dchis(3),160yunpv(3),|64pxcwh(3),640dchis(3),|64pxcwh(3),854fbpvi(3),640dchis(3),;27033.2,18795.1,24073.8,18866.9,0,0,0,0,431.013646708119
640dchis(3),|854fbpvi(3),640dchis(3),160yunpv(3),|640dchis(3),|854fbpvi(3),640dchis(3),;27033.2,22276.7,26162.8,20259.5,0,0,0,0,436.013646708119
640dchis(3),|854fbpvi(3),640dchis(3),160yunpv(3),|640dchis(3),|854fbpvi(3),640dchis(3),;27033.2,22276.7,26162.8,20259.5,0,0,0,0,441.013646708119
640dchis(3),|854fbpvi(3),640dchis(3),160yunpv(3),|640dchis(3),|854fbpvi(3),640dchis(3),;27033.2,22276.7,26162.8,20259.5,0,0,0,0,446.013646708119
640dchis(3),|854fbpvi(3),640dchis(3),160yunpv(3),|640dchis(3),|854fbpvi(3),640dchis(3),;27033.2,22276.7,26162.8,20259.5,0,0,0,0,451.013646708119
640dchis(3),|854fbpvi(3),640dchis(3),160yunpv(3),|640dchis(3),|854fbpvi(3),640dchis(3),;27033.2,22276.7,26162.8,20259.5,0,0,0,0,456.013646708119
640dchis(3),|854fbpvi(3),640dchis(3),160yunpv(3),|640dchis(3),|854fbpvi(3),640dchis(3),;27033.2,22276.7,26162.8,20259.5,0,0,0,0,461.013646708119
640dchis(3),|854fbpvi(3),640dchis(3),160yunpv(3),|640dchis(3),|854fbpvi(3),640dchis(3),;27033.2,22276.7,26162.8,20259.5,0,0,0,0,466.013646708119
640dchis(3),|854fbpvi(3),640dchis(3),160yunpv(3),|640dchis(3),|854fbpvi(3),640dchis(3),;27033.2,22276.7,26162.8,20259.5,0,0,0,0,471.013646708119
640dchis(3),|854fbpvi(3),640dchis(3),160yunpv(3),|640dchis(3),|854fbpvi(3),640dchis(3),;27033.2,22276.7,26162.8,20259.5,0,0,0,0,476.013646708119
|854fbpvi(3),160yunpv(3),||854fbpvi(3),;28774,24887.9,28774,22000.3,0,0,0,0,481.013646708119
|854fbpvi(3),160yunpv(3),||854fbpvi(3),;28774,24887.9,28774,22000.3,0,0,0,0,486.013646708119
|854fbpvi(3),160yunpv(3),||854fbpvi(3),;28774,24887.9,28774,22000.3,0,0,0,0,491.013646708119
|854fbpvi(3),160yunpv(3),||854fbpvi(3),;28774,24887.9,28774,22000.3,0,0,0,0,496.013646708119
|854fbpvi(3),||854fbpvi(3),;28774,25870.9,28774,22000.3,0,0,0,0,501.013646708119
|854fbpvi(3),||854fbpvi(3),;28774,25870.9,28774,22000.3,0,0,0,0,506.013646708119
|854fbpvi(3),||854fbpvi(3),;28774,25870.9,28774,22000.3,0,0,0,0,511.013646708119
|854fbpvi(3),||854fbpvi(3),;28774,25870.9,28774,22000.3,0,0,0,0,516.013646708119
|854fbpvi(3),||854fbpvi(3),;28774,25870.9,28774,22000.3,0,0,0,0,521.013646708119
|854fbpvi(3),||854fbpvi(3),;28774,25870.9,28774,22000.3,0,0,0,0,526.013646708119
|854fbpvi(3),||854fbpvi(3),;28774,25870.9,28774,22000.3,0,0,0,0,531.013646708119
|854fbpvi(3),||854fbpvi(3),;28774,25870.9,28774,22000.3,0,0,0,0,536.013646708119
|854fbpvi(3),||854fbpvi(3),;28774,25870.9,28774,22000.3,0,0,0,0,541.013646708119
|854fbpvi(3),||854fbpvi(3),;28774,25870.9,28774,22000.3,0,0,0,0,546.013646708119
|854fbpvi(3),||854fbpvi(3),;28774,25870.9,28774,22000.3,0,0,0,0,551.013646708119
|854fbpvi(3),735qfksz(0),|735qfksz(0),|854fbpvi(3),735qfksz(0),;28774,23351.9,27514.5,19481.3,0,12.245033938139,6.697728647816,12.245033938139,556.013646708119
|854fbpvi(3),735qfksz(2),|735qfksz(2),|854fbpvi(3),735qfksz(2),;28774,23351.9,27514.5,19481.3,0,7.245033938139,1.697728647816,7.245033938139,561.013646708119
|854fbpvi(3),735qfksz(2),|735qfksz(3),|854fbpvi(3),735qfksz(2),;28774,23351.9,27514.5,19481.3,0,2.245033938139,0,2.245033938139,566.013646708119
|854fbpvi(3),735qfksz(3),|735qfksz(3),|854fbpvi(3),735qfksz(3),;28774,23351.9,27514.5,19481.3,0,0,0,0,571.013646708119
|735qfksz(3),|735qfksz(3),|854fbpvi(3),735qfksz(3),;28774,26254.9,27514.5,19481.3,0,0,0,0,576.013646708119
|735qfksz(3),|735qfksz(3),|854fbpvi(3),735qfksz(3),;28774,26254.9,27514.5,19481.3,0,0,0,0,581.013646708119
|735qfksz(3),|735qfksz(3),|854fbpvi(3),735qfksz(3),;28774,26254.9,27514.5,19481.3,0,0,0,0,586.013646708119
|735qfksz(3),|735qfksz(3),|854fbpvi(3),735qfksz(3),;28774,26254.9,27514.5,19481.3,0,0,0,0,591.013646708119
|735qfksz(3),|735qfksz(3),|854fbpvi(3),735qfksz(3),;28774,26254.9,27514.5,19481.3,0,0,0,0,596.013646708119
|735qfksz(3),|735qfksz(3),|854fbpvi(3),735qfksz(3),;28774,26254.9,27514.5,19481.3,0,0,0,0,601.013646708119
|735qfksz(3),|735qfksz(3),|854fbpvi(3),735qfksz(3),;28774,26254.9,27514.5,19481.3,0,0,0,0,606.013646708119
|735qfksz(3),|735qfksz(3),|854fbpvi(3),735qfksz(3),;28774,26254.9,27514.5,19481.3,0,0,0,0,611.013646708119
|735qfksz(3),|735qfksz(3),|854fbpvi(3),735qfksz(3),;28774,26254.9,27514.5,19481.3,0,0,0,0,616.013646708119
|735qfksz(3),|735qfksz(3),|854fbpvi(3),735qfksz(3),;28774,26254.9,27514.5,19481.3,0,0,0,0,621.013646708119
|735qfksz(3),|735qfksz(3),|854fbpvi(3),735qfksz(3),;28774,26254.9,27514.5,19481.3,0,0,0,0,626.013646708119
|735qfksz(3),|735qfksz(3),|854fbpvi(3),735qfksz(3),;28774,26254.9,27514.5,19481.3,0,0,0,0,631.013646708119
|735qfksz(3),|735qfksz(3),|854fbpvi(3),735qfksz(3),;28774,26254.9,27514.5,19481.3,0,0,0,0,636.013646708119
|735qfksz(3),|735qfksz(3),|735qfksz(3),;28774,26254.9,27514.5,26255.1,0,0,0,0,641.013646708119
|735qfksz(3),|735qfksz(3),|735qfksz(3),;28774,26254.9,27514.5,26255.1,0,0,0,0,646.013646708119
|735qfksz(3),|735qfksz(3),|735qfksz(3),;28774,26254.9,27514.5,26255.1,0,0,0,0,651.013646708119
|735qfksz(3),|735qfksz(3),|735qfksz(3),;28774,26254.9,27514.5,26255.1,0,0,0,0,656.013646708119
|||;28774,28773.9,28774,28774.1,0,0,0,0,661.013646708119
|||;28774,28773.9,28774,28774.1,0,0,0,0,666.013646708119
|||;28774,28773.9,28774,28774.1,0,0,0,0,671.013646708119
|||;28774,28773.9,28774,28774.1,0,0,0,0,676.013646708119
|||;28774,28773.9,28774,28774.1,0,0,0,0,681.013646708119
|||;28774,28773.9,28774,28774.1,0,0,0,0,686.013646708119
|||;28774,28773.9,28774,28774.1,0,0,0,0,691.013646708119
|||;28774,28773.9,28774,28774.1,0,0,0,0,696.013646708119
|||;28774,28773.9,28774,28774.1,0,0,0,0,701.013646708119
|||;28774,28773.9,28774,28774.1,0,0,0,0,706.013646708119
|||;28774,28773.9,28774,28774.1,0,0,0,0,711.013646708119
|||;28774,28773.9,28774,28774.1,0,0,0,0,716.013646708119
|||;28774,28773.9,28774,28774.1,0,0,0,0,721.013646708119
|||;28774,28773.9,28774,28774.1,0,0,0,0,726.013646708119
|||;28774,28773.9,28774,28774.1,0,0,0,0,731.013646708119
|||;28774,28773.9,28774,28774.1,0,0,0,0,736.013646708119
|||;28774,28773.9,28774,28774.1,0,0,0,0,741.013646708119
|||;28774,28773.9,28774,28774.1,0,0,0,0,746.013646708119
|||;28774,28773.9,28774,28774.1,0,0,0,0,751.013646708119
|||;28774,28773.9,28774,28774.1,0,0,0,0,756.013646708119
|||;28774,28773.9,28774,28774.1,0,0,0,0,761.013646708119
||59wyhft(2),|;28774,28773.9,25010.8,28774.1,0.155498684981,0,12.344259975304,0,766.013646708119
||59wyhft(2),|;28774,28773.9,25010.8,28774.1,0,0,7.344259975304,0,771.013646708119
||59wyhft(2),|;28774,28773.9,25010.8,28774.1,0,0,2.344259975304,0,776.013646708119
||59wyhft(3),|;28774,28773.9,25010.8,28774.1,0,0,0,0,781.013646708119
||59wyhft(3),|;28774,28773.9,25010.8,28774.1,0,0,0,0,786.013646708119
||59wyhft(3),|;28774,28773.9,25010.8,28774.1,0,0,0,0,791.013646708119
||59wyhft(3),713hnrye(0),|713hnrye(0),;28774,28773.9,20863.6,24626.9,0,0,20.710140322894,20.710140322894,796.013646708119
||59wyhft(3),713hnrye(2),|713hnrye(2),;28774,28773.9,20863.6,24626.9,0,0,15.710140322894,15.710140322894,801.013646708119
||59wyhft(3),713hnrye(2),|713hnrye(2),;28774,28773.9,20863.6,24626.9,0,0,10.710140322894,10.710140322894,806.013646708119
||59wyhft(3),713hnrye(2),|713hnrye(2),;28774,28773.9,20863.6,24626.9,0,0,5.710140322894,5.710140322894,811.013646708119
||59wyhft(3),713hnrye(2),|713hnrye(2),;28774,28773.9,20863.6,24626.9,0,0,0.710140322894,0.710140322894,816.013646708119
||59wyhft(3),713hnrye(3),|713hnrye(3),;28774,28773.9,20863.6,24626.9,0,0,0,0,821.013646708119
||59wyhft(3),713hnrye(3),|713hnrye(3),;28774,28773.9,20863.6,24626.9,0,0,0,0,826.013646708119
||59wyhft(3),713hnrye(3),|713hnrye(3),;28774,28773.9,20863.6,24626.9,0,0,0,0,831.013646708119
||59wyhft(3),713hnrye(3),|713hnrye(3),;28774,28773.9,20863.6,24626.9,0,0,0,0,836.013646708119
||59wyhft(3),713hnrye(3),|713hnrye(3),;28774,28773.9,20863.6,24626.9,0,0,0,0,841.013646708119
||59wyhft(3),713hnrye(3),|713hnrye(3),;28774,28773.9,20863.6,24626.9,0,0,0,0,846.013646708119
||59wyhft(3),713hnrye(3),|713hnrye(3),;28774,28773.9,20863.6,24626.9,0,0,0,0,851.013646708119
||59wyhft(3),713hnrye(3),|713hnrye(3),;28774,28773.9,20863.6,24626.9,0,0,0,0,856.013646708119
||713hnrye(3),|713hnrye(3),;28774,28773.9,24626.8,24626.9,0,0,0,0,861.013646708119
||713hnrye(3),|713hnrye(3),;28774,28773.9,24626.8,24626.9,0,0,0,0,866.013646708119
814whpsf(2),|814whpsf(2),|713hnrye(3),814whpsf(2),|713hnrye(3),814whpsf(2),;26746.5,26746.4,21585.5,21585.6,7.383043771742,7.383043771742,11.847948029806,11.847948029806,871.013646708119
814whpsf(2),|814whpsf(2),|713hnrye(3),814whpsf(2),|713hnrye(3),814whpsf(2),;26746.5,26746.4,21585.5,21585.6,2.383043771742,2.383043771742,6.847948029806,6.847948029806,876.013646708119
||713hnrye(3),814whpsf(2),|713hnrye(3),814whpsf(2),;28774,28773.9,21585.5,21585.6,0,0,1.847948029806,1.847948029806,881.013646708119
||713hnrye(3),|713hnrye(3),;28774,28773.9,24626.8,24626.9,0,0,0,0,886.013646708119
||713hnrye(3),|713hnrye(3),;28774,28773.9,24626.8,24626.9,0,0,0,0,891.013646708119
||713hnrye(3),|713hnrye(3),;28774,28773.9,24626.8,24626.9,0,0,0,0,896.013646708119
||713hnrye(3),|713hnrye(3),;28774,28773.9,24626.8,24626.9,0,0,0,0,901.013646708119
||713hnrye(3),|713hnrye(3),;28774,28773.9,24626.8,24626.9,0,0,0,0,906.013646708119
||713hnrye(3),|713hnrye(3),;28774,28773.9,24626.8,24626.9,0,0,0,0,911.013646708119
||713hnrye(3),|713hnrye(3),;28774,28773.9,24626.8,24626.9,0,0,0,0,916.013646708119
||713hnrye(3),|713hnrye(3),;28774,28773.9,24626.8,24626.9,0,0,0,0,921.013646708119
||713hnrye(3),|713hnrye(3),;28774,28773.9,24626.8,24626.9,0,0,0,0,926.013646708119
||713hnrye(3),|713hnrye(3),;28774,28773.9,24626.8,24626.9,0,0,0,0,931.013646708119
||713hnrye(3),|713hnrye(3),;28774,28773.9,24626.8,24626.9,0,0,0,0,936.013646708119
||713hnrye(3),|713hnrye(3),;28774,28773.9,24626.8,24626.9,0,0,0,0,941.013646708119
||713hnrye(3),|713hnrye(3),;28774,28773.9,24626.8,24626.9,0,0,0,0,946.013646708119
||713hnrye(3),|713hnrye(3),;28774,28773.9,24626.8,24626.9,0,0,0,0,951.013646708119
578zoxuc(0),||713hnrye(3),|713hnrye(3),;28123.8,28773.9,24626.8,24626.9,5.020697852558,0,0,0,956.013646708119
578zoxuc(3),||713hnrye(3),|713hnrye(3),;28123.8,28773.9,24626.8,24626.9,0.020697852558,0,0,0,961.013646708119
578zoxuc(3),||713hnrye(3),|713hnrye(3),;28123.8,28773.9,24626.8,24626.9,0,0,0,0,966.013646708119
578zoxuc(3),||713hnrye(3),|713hnrye(3),;28123.8,28773.9,24626.8,24626.9,0,0,0,0,971.013646708119
578zoxuc(3),||713hnrye(3),|713hnrye(3),;28123.8,28773.9,24626.8,24626.9,0,0,0,0,976.013646708119
578zoxuc(3),21wirjh(0),|21wirjh(0),|713hnrye(3),21wirjh(0),|713hnrye(3),21wirjh(0),;26342,27586.1,22845,23439.1,7.922460644358,5.306658149734,7.922460644358,5.306658149734,981.013646708119
578zoxuc(3),21wirjh(2),|21wirjh(2),|713hnrye(3),21wirjh(2),|713hnrye(3),21wirjh(2),;26342,27586.1,22845,23439.1,2.922460644358,0.306658149734,2.922460644358,0.306658149734,986.013646708119
578zoxuc(3),||713hnrye(3),|713hnrye(3),;28123.8,28773.9,24626.8,24626.9,0,0,0,0,991.013646708119
578zoxuc(3),||713hnrye(3),|713hnrye(3),;28123.8,28773.9,24626.8,24626.9,0,0,0,0,996.013646708119
578zoxuc(3),658dshfz(0),|658dshfz(0),|713hnrye(3),658dshfz(0),|713hnrye(3),658dshfz(0),;25773.7,26423.8,23060.1,23060.2,11.925384769718,11.925384769718,8.271231479395,8.271231479395,1001.013646708119
578zoxuc(3),658dshfz(2),|658dshfz(2),|713hnrye(3),658dshfz(2),|713hnrye(3),658dshfz(2),;25773.7,26423.8,23060.1,23060.2,6.925384769718,6.925384769718,3.271231479395,3.271231479395,1006.013646708119
578zoxuc(3),658dshfz(2),|658dshfz(2),|713hnrye(3),658dshfz(3),|713hnrye(3),658dshfz(3),;25773.7,26423.8,23060.1,23060.2,1.925384769718,1.925384769718,0,0,1011.013646708119
578zoxuc(3),658dshfz(3),|658dshfz(3),|713hnrye(3),658dshfz(3),|713hnrye(3),658dshfz(3),;25773.7,26423.8,23060.1,23060.2,0,0,0,0,1016.013646708119
578zoxuc(3),658dshfz(3),|658dshfz(3),|713hnrye(3),658dshfz(3),|713hnrye(3),658dshfz(3),;25773.7,26423.8,23060.1,23060.2,0,0,0,0,1021.013646708119
578zoxuc(3),658dshfz(3),|658dshfz(3),|713hnrye(3),658dshfz(3),|713hnrye(3),658dshfz(3),;25773.7,26423.8,23060.1,23060.2,0,0,0,0,1026.013646708119
578zoxuc(3),658dshfz(3),|658dshfz(3),|713hnrye(3),658dshfz(3),|713hnrye(3),658dshfz(3),;25773.7,26423.8,23060.1,23060.2,0,0,0,0,1031.013646708119
578zoxuc(3),658dshfz(3),|658dshfz(3),|713hnrye(3),658dshfz(3),|713hnrye(3),658dshfz(3),;25773.7,26423.8,23060.1,23060.2,0,0,0,0,1036.013646708119
578zoxuc(3),658dshfz(3),21swjka(2),|658dshfz(3),21swjka(2),|713hnrye(3),658dshfz(3),21swjka(2),|713hnrye(3),658dshfz(3),21swjka(2),;23961.2,24611.3,19435.1,21247.7,7.592324382187,7.592324382187,15.57503199509,7.592324382187,1041.013646708119
578zoxuc(3),658dshfz(3),21swjka(2),|658dshfz(3),21swjka(2),|713hnrye(3),658dshfz(3),21swjka(2),|713hnrye(3),658dshfz(3),21swjka(2),;23961.2,24611.3,19435.1,21247.7,2.592324382187,2.592324382187,10.57503199509,2.592324382187,1046.013646708119
578zoxuc(3),658dshfz(3),|658dshfz(3),|713hnrye(3),658dshfz(3),21swjka(2),|713hnrye(3),658dshfz(3),;25773.7,26423.8,19435.1,23060.2,0,0,5.57503199509,0,1051.013646708119
578zoxuc(3),658dshfz(3),|658dshfz(3),|713hnrye(3),658dshfz(3),21swjka(2),|713hnrye(3),658dshfz(3),;25773.7,26423.8,19435.1,23060.2,0,0,0.57503199509,0,1056.013646708119
578zoxuc(3),658dshfz(3),|658dshfz(3),|713hnrye(3),658dshfz(3),21swjka(3),|713hnrye(3),658dshfz(3),;25773.7,26423.8,19435.1,23060.2,0,0,0,0,1061.013646708119
578zoxuc(3),658dshfz(3),|658dshfz(3),|713hnrye(3),658dshfz(3),21swjka(3),|713hnrye(3),658dshfz(3),;25773.7,26423.8,19435.1,23060.2,0,0,0,0,1066.013646708119
578zoxuc(3),658dshfz(3),|658dshfz(3),|713hnrye(3),658dshfz(3),21swjka(3),|713hnrye(3),658dshfz(3),;25773.7,26423.8,19435.1,23060.2,0,0,0,0,1071.013646708119
578zoxuc(3),658dshfz(3),|658dshfz(3),|713hnrye(3),658dshfz(3),21swjka(3),|713hnrye(3),658dshfz(3),;25773.7,26423.8,19435.1,23060.2,0,0,0,0,1076.013646708119
578zoxuc(3),658dshfz(3),|658dshfz(3),|713hnrye(3),658dshfz(3),21swjka(3),|713hnrye(3),658dshfz(3),;25773.7,26423.8,19435.1,23060.2,0,0,0,0,1081.013646708119
578zoxuc(3),658dshfz(3),|658dshfz(3),|713hnrye(3),658dshfz(3),21swjka(3),|713hnrye(3),658dshfz(3),;25773.7,26423.8,19435.1,23060.2,0,0,0,0,1086.013646708119
578zoxuc(3),658dshfz(3),|658dshfz(3),|713hnrye(3),658dshfz(3),21swjka(3),|713hnrye(3),658dshfz(3),;25773.7,26423.8,19435.1,23060.2,0,0,0,0,1091.013646708119
578zoxuc(3),658dshfz(3),|658dshfz(3),|713hnrye(3),658dshfz(3),21swjka(3),|713hnrye(3),658dshfz(3),;25773.7,26423.8,19435.1,23060.2,0,0,0,0,1096.013646708119
578zoxuc(3),658dshfz(3),|658dshfz(3),|713hnrye(3),658dshfz(3),21swjka(3),|713hnrye(3),658dshfz(3),;25773.7,26423.8,19435.1,23060.2,0,0,0,0,1101.013646708119
578zoxuc(3),658dshfz(3),|658dshfz(3),|713hnrye(3),658dshfz(3),21swjka(3),|713hnrye(3),658dshfz(3),;25773.7,26423.8,19435.1,23060.2,0,0,0,0,1106.013646708119
578zoxuc(3),658dshfz(3),|658dshfz(3),|713hnrye(3),658dshfz(3),21swjka(3),|713hnrye(3),658dshfz(3),;25773.7,26423.8,19435.1,23060.2,0,0,0,0,1111.013646708119
578zoxuc(3),658dshfz(3),|658dshfz(3),|713hnrye(3),658dshfz(3),21swjka(3),|713hnrye(3),658dshfz(3),;25773.7,26423.8,19435.1,23060.2,0,0,0,0,1116.013646708119
578zoxuc(3),658dshfz(3),|658dshfz(3),|713hnrye(3),658dshfz(3),21swjka(3),|713hnrye(3),658dshfz(3),;25773.7,26423.8,19435.1,23060.2,0,0,0,0,1121.013646708119
578zoxuc(3),658dshfz(3),|658dshfz(3),|713hnrye(3),658dshfz(3),21swjka(3),|713hnrye(3),658dshfz(3),;25773.7,26423.8,19435.1,23060.2,0,0,0,0,1126.013646708119
578zoxuc(3),658dshfz(3),|658dshfz(3),|713hnrye(3),658dshfz(3),21swjka(3),|713hnrye(3),658dshfz(3),;25773.7,26423.8,19435.1,23060.2,0,0,0,0,1131.013646708119
578zoxuc(3),658dshfz(3),|658dshfz(3),|713hnrye(3),658dshfz(3),21swjka(3),|713hnrye(3),658dshfz(3),;25773.7,26423.8,19435.1,23060.2,0,0,0,0,1136.013646708119
578zoxuc(3),658dshfz(3),|658dshfz(3),|713hnrye(3),658dshfz(3),21swjka(3),|713hnrye(3),658dshfz(3),;25773.7,26423.8,19435.1,23060.2,0,0,0,0,1141.013646708119
578zoxuc(3),658dshfz(3),|658dshfz(3),|713hnrye(3),658dshfz(3),21swjka(3),|713hnrye(3),658dshfz(3),;25773.7,26423.8,19435.1,23060.2,0,0,0,0,1146.013646708119
578zoxuc(3),658dshfz(3),|658dshfz(3),|713hnrye(3),658dshfz(3),21swjka(3),|713hnrye(3),658dshfz(3),;25773.7,26423.8,19435.1,23060.2,0,0,0,0,1151.013646708119
578zoxuc(3),658dshfz(3),|658dshfz(3),|713hnrye(3),658dshfz(3),21swjka(3),|713hnrye(3),658dshfz(3),;25773.7,26423.8,19435.1,23060.2,0,0,0,0,1156.013646708119
578zoxuc(3),658dshfz(3),|658dshfz(3),|658dshfz(3),21swjka(3),|658dshfz(3),;25773.7,26423.8,23582.3,27207.4,0,0,0,0,1161.013646708119
578zoxuc(3),658dshfz(3),|658dshfz(3),|658dshfz(3),21swjka(3),|658dshfz(3),;25773.7,26423.8,23582.3,27207.4,0,0,0,0,1166.013646708119
578zoxuc(3),658dshfz(3),|658dshfz(3),|658dshfz(3),21swjka(3),|658dshfz(3),;25773.7,26423.8,23582.3,27207.4,0,0,0,0,1171.013646708119
578zoxuc(3),658dshfz(3),|658dshfz(3),|658dshfz(3),21swjka(3),|658dshfz(3),;25773.7,26423.8,23582.3,27207.4,0,0,0,0,1176.013646708119
578zoxuc(3),658dshfz(3),|658dshfz(3),|658dshfz(3),21swjka(3),|658dshfz(3),;25773.7,26423.8,23582.3,27207.4,0,0,0,0,1181.013646708119
578zoxuc(3),658dshfz(3),|658dshfz(3),|658dshfz(3),21swjka(3),|658dshfz(3),;25773.7,26423.8,23582.3,27207.4,0,0,0,0,1186.013646708119
578zoxuc(3),658dshfz(3),|658dshfz(3),|658dshfz(3),21swjka(3),|658dshfz(3),;25773.7,26423.8,23582.3,27207.4,0,0,0,0,1191.013646708119
578zoxuc(3),658dshfz(3),|658dshfz(3),|658dshfz(3),21swjka(3),|658dshfz(3),;25773.7,26423.8,23582.3,27207.4,0,0,0,0,1196.013646708119
578zoxuc(3),658dshfz(3),|658dshfz(3),|658dshfz(3),21swjka(3),|658dshfz(3),;25773.7,26423.8,23582.3,27207.4,0,0,0,0,1201.013646708119
578zoxuc(3),658dshfz(3),|658dshfz(3),|658dshfz(3),21swjka(3),|658dshfz(3),;25773.7,26423.8,23582.3,27207.4,0,0,0,0,1206.013646708119
578zoxuc(3),658dshfz(3),492mykws(0),|658dshfz(3),492mykws(0),|658dshfz(3),21swjka(3),492mykws(0),|658dshfz(3),492mykws(0),;24207,25379.3,22537.8,25640.7,9.499535555707,7.131433362158,7.131433362158,9.499535555707,1211.013646708119
578zoxuc(3),658dshfz(3),492mykws(2),|658dshfz(3),492mykws(2),|658dshfz(3),21swjka(3),492mykws(2),|658dshfz(3),492mykws(2),;24207,25379.3,22537.8,25640.7,4.499535555707,2.131433362158,2.131433362158,4.499535555707,1216.013646708119
578zoxuc(3),658dshfz(3),|658dshfz(3),|658dshfz(3),|658dshfz(3),;25773.7,26423.8,27207.3,27207.4,0,0,0,0,1221.013646708119
578zoxuc(3),658dshfz(3),|658dshfz(3),|658dshfz(3),|658dshfz(3),;25773.7,26423.8,27207.3,27207.4,0,0,0,0,1226.013646708119
578zoxuc(3),658dshfz(3),|658dshfz(3),|658dshfz(3),|658dshfz(3),;25773.7,26423.8,27207.3,27207.4,0,0,0,0,1231.013646708119
578zoxuc(3),658dshfz(3),|658dshfz(3),|658dshfz(3),|658dshfz(3),;25773.7,26423.8,27207.3,27207.4,0,0,0,0,1236.013646708119
578zoxuc(3),658dshfz(3),|658dshfz(3),|658dshfz(3),|658dshfz(3),;25773.7,26423.8,27207.3,27207.4,0,0,0,0,1241.013646708119
578zoxuc(3),658dshfz(3),|658dshfz(3),|658dshfz(3),|658dshfz(3),;25773.7,26423.8,27207.3,27207.4,0,0,0,0,1246.013646708119
578zoxuc(3),658dshfz(3),|658dshfz(3),|658dshfz(3),|658dshfz(3),;25773.7,26423.8,27207.3,27207.4,0,0,0,0,1251.013646708119
578zoxuc(3),658dshfz(3),|658dshfz(3),|658dshfz(3),|658dshfz(3),;25773.7,26423.8,27207.3,27207.4,0,0,0,0,1256.013646708119
578zoxuc(3),658dshfz(3),|658dshfz(3),|658dshfz(3),|658dshfz(3),;25773.7,26423.8,27207.3,27207.4,0,0,0,0,1261.013646708119
578zoxuc(3),658dshfz(3),|658dshfz(3),|658dshfz(3),|658dshfz(3),;25773.7,26423.8,27207.3,27207.4,0,0,0,0,1266.013646708119
578zoxuc(3),658dshfz(3),|658dshfz(3),|658dshfz(3),|658dshfz(3),;25773.7,26423.8,27207.3,27207.4,0,0,0,0,1271.013646708119
578zoxuc(3),658dshfz(3),|658dshfz(3),|658dshfz(3),|658dshfz(3),;25773.7,26423.8,27207.3,27207.4,0,0,0,0,1276.013646708119
578zoxuc(3),658dshfz(3),|658dshfz(3),|658dshfz(3),|658dshfz(3),;25773.7,26423.8,27207.3,27207.4,0,0,0,0,1281.013646708119
578zoxuc(3),658dshfz(3),|658dshfz(3),|658dshfz(3),|658dshfz(3),;25773.7,26423.8,27207.3,27207.4,0,0,0,0,1286.013646708119
578zoxuc(3),658dshfz(3),|658dshfz(3),|658dshfz(3),|658dshfz(3),;25773.7,26423.8,27207.3,27207.4,0,0,0,0,1291.013646708119
578zoxuc(3),658dshfz(3),|658dshfz(3),|658dshfz(3),|658dshfz(3),;25773.7,26423.8,27207.3,27207.4,0,0,0,0,1296.013646708119
578zoxuc(3),658dshfz(3),|658dshfz(3),|658dshfz(3),|658dshfz(3),;25773.7,26423.8,27207.3,27207.4,0,0,0,0,1301.013646708119
578zoxuc(3),658dshfz(3),|658dshfz(3),|658dshfz(3),|658dshfz(3),;25773.7,26423.8,27207.3,27207.4,0,0,0,0,1306.013646708119
578zoxuc(3),658dshfz(3),|658dshfz(3),|658dshfz(3),|658dshfz(3),;25773.7,26423.8,27207.3,27207.4,0,0,0,0,1311.013646708119
578zoxuc(3),658dshfz(3),|658dshfz(3),|658dshfz(3),|658dshfz(3),;25773.7,26423.8,27207.3,27207.4,0,0,0,0,1316.013646708119
578zoxuc(3),658dshfz(3),|658dshfz(3),107psjaq(0),|658dshfz(3),107psjaq(0),|658dshfz(3),;25773.7,25763.3,22583.9,27207.4,0,6.883741875121,24.853458520283,0,1321.013646708119
578zoxuc(3),658dshfz(3),|658dshfz(3),107psjaq(2),|658dshfz(3),107psjaq(2),|658dshfz(3),;25773.7,25763.3,22583.9,27207.4,0,1.883741875121,19.853458520283,0,1326.013646708119
578zoxuc(3),658dshfz(3),|658dshfz(3),|658dshfz(3),107psjaq(2),|658dshfz(3),;25773.7,26423.8,22583.9,27207.4,0,0,14.853458520283,0,1331.013646708119
578zoxuc(3),658dshfz(3),|658dshfz(3),|658dshfz(3),107psjaq(2),|658dshfz(3),;25773.7,26423.8,22583.9,27207.4,0,0,9.853458520283,0,1336.013646708119
578zoxuc(3),658dshfz(3),|658dshfz(3),|658dshfz(3),107psjaq(2),|658dshfz(3),;25773.7,26423.8,22583.9,27207.4,0,0,4.853458520283,0,1341.013646708119
578zoxuc(3),658dshfz(3),|658dshfz(3),|658dshfz(3),107psjaq(3),|658dshfz(3),;25773.7,26423.8,22583.9,27207.4,0,0,0,0,1346.013646708119
578zoxuc(3),658dshfz(3),|658dshfz(3),|658dshfz(3),107psjaq(3),|658dshfz(3),;25773.7,26423.8,22583.9,27207.4,0,0,0,0,1351.013646708119
578zoxuc(3),658dshfz(3),|658dshfz(3),|658dshfz(3),107psjaq(3),|658dshfz(3),;25773.7,26423.8,22583.9,27207.4,0,0,0,0,1356.013646708119
578zoxuc(3),658dshfz(3),|658dshfz(3),|658dshfz(3),107psjaq(3),|658dshfz(3),;25773.7,26423.8,22583.9,27207.4,0,0,0,0,1361.013646708119
578zoxuc(3),658dshfz(3),|658dshfz(3),|658dshfz(3),107psjaq(3),|658dshfz(3),;25773.7,26423.8,22583.9,27207.4,0,0,0,0,1366.013646708119
578zoxuc(3),658dshfz(3),|658dshfz(3),|658dshfz(3),107psjaq(3),|658dshfz(3),;25773.7,26423.8,22583.9,27207.4,0,0,0,0,1371.013646708119
578zoxuc(3),658dshfz(3),|658dshfz(3),|658dshfz(3),107psjaq(3),|658dshfz(3),;25773.7,26423.8,22583.9,27207.4,0,0,0,0,1376.013646708119
578zoxuc(3),658dshfz(3),|658dshfz(3),|658dshfz(3),107psjaq(3),|658dshfz(3),;25773.7,26423.8,22583.9,27207.4,0,0,0,0,1381.013646708119
578zoxuc(3),658dshfz(3),|658dshfz(3),|658dshfz(3),|658dshfz(3),;25773.7,26423.8,27207.3,27207.4,0,0,0,0,1386.013646708119
578zoxuc(3),658dshfz(3),|658dshfz(3),|658dshfz(3),|658dshfz(3),;25773.7,26423.8,27207.3,27207.4,0,0,0,0,1391.013646708119
578zoxuc(3),658dshfz(3),|658dshfz(3),|658dshfz(3),|658dshfz(3),;25773.7,26423.8,27207.3,27207.4,0,0,0,0,1396.013646708119
578zoxuc(3),658dshfz(3),|658dshfz(3),|658dshfz(3),|658dshfz(3),;25773.7,26423.8,27207.3,27207.4,0,0,0,0,1401.013646708119
578zoxuc(3),658dshfz(3),|658dshfz(3),|658dshfz(3),|658dshfz(3),;25773.7,26423.8,27207.3,27207.4,0,0,0,0,1406.013646708119
578zoxuc(3),658dshfz(3),|658dshfz(3),|658dshfz(3),|658dshfz(3),;25773.7,26423.8,27207.3,27207.4,0,0,0,0,1411.013646708119
578zoxuc(3),658dshfz(3),|658dshfz(3),|658dshfz(3),|658dshfz(3),;25773.7,26423.8,27207.3,27207.4,0,0,0,0,1416.013646708119
578zoxuc(3),658dshfz(3),|658dshfz(3),|658dshfz(3),|658dshfz(3),;25773.7,26423.8,27207.3,27207.4,0,0,0,0,1421.013646708119
578zoxuc(3),658dshfz(3),|658dshfz(3),|658dshfz(3),|658dshfz(3),;25773.7,26423.8,27207.3,27207.4,0,0,0,0,1426.013646708119
578zoxuc(3),658dshfz(3),|658dshfz(3),|658dshfz(3),|658dshfz(3),;25773.7,26423.8,27207.3,27207.4,0,0,0,0,1431.013646708119
578zoxuc(3),658dshfz(3),519mbuqk(0),|658dshfz(3),519mbuqk(0),|658dshfz(3),519mbuqk(0),|658dshfz(3),519mbuqk(0),;24073.9,24724,26357.4,26357.5,9.161575844117,9.161575844117,5.307605607557,5.307605607557,1436.013646708119
578zoxuc(3),658dshfz(3),519mbuqk(2),|658dshfz(3),519mbuqk(2),|658dshfz(3),519mbuqk(2),|658dshfz(3),519mbuqk(2),;24073.9,24724,26357.4,26357.5,4.161575844117,4.161575844117,0.307605607557,0.307605607557,1441.013646708119
578zoxuc(3),658dshfz(3),519mbuqk(3),|658dshfz(3),519mbuqk(3),|658dshfz(3),519mbuqk(3),|658dshfz(3),519mbuqk(3),;24073.9,24724,26357.4,26357.5,0,0,0,0,1446.013646708119
658dshfz(3),519mbuqk(3),|658dshfz(3),519mbuqk(3),|658dshfz(3),519mbuqk(3),|658dshfz(3),519mbuqk(3),;24724.1,24724,26357.4,26357.5,0,0,0,0,1451.013646708119
658dshfz(3),519mbuqk(3),|658dshfz(3),519mbuqk(3),|658dshfz(3),519mbuqk(3),|658dshfz(3),519mbuqk(3),;24724.1,24724,26357.4,26357.5,0,0,0,0,1456.013646708119
658dshfz(3),519mbuqk(3),|658dshfz(3),519mbuqk(3),|658dshfz(3),519mbuqk(3),|658dshfz(3),519mbuqk(3),;24724.1,24724,26357.4,26357.5,0,0,0,0,1461.013646708119
658dshfz(3),519mbuqk(3),|658dshfz(3),519mbuqk(3),|658dshfz(3),519mbuqk(3),|658dshfz(3),519mbuqk(3),;24724.1,24724,26357.4,26357.5,0,0,0,0,1466.013646708119
519mbuqk(3),|519mbuqk(3),|519mbuqk(3),|519mbuqk(3),;27074.2,27074.1,27924.1,27924.2,0,0,0,0,1471.013646708119
519mbuqk(3),|519mbuqk(3),|519mbuqk(3),|519mbuqk(3),;27074.2,27074.1,27924.1,27924.2,0,0,0,0,1476.013646708119
519mbuqk(3),|519mbuqk(3),|519mbuqk(3),|519mbuqk(3),;27074.2,27074.1,27924.1,27924.2,0,0,0,0,1481.013646708119
519mbuqk(3),|519mbuqk(3),|519mbuqk(3),|519mbuqk(3),;27074.2,27074.1,27924.1,27924.2,0,0,0,0,1486.013646708119
519mbuqk(3),|519mbuqk(3),|519mbuqk(3),|519mbuqk(3),;27074.2,27074.1,27924.1,27924.2,0,0,0,0,1491.013646708119
519mbuqk(3),|519mbuqk(3),|519mbuqk(3),|519mbuqk(3),;27074.2,27074.1,27924.1,27924.2,0,0,0,0,1496.013646708119
519mbuqk(3),|519mbuqk(3),|519mbuqk(3),|519mbuqk(3),;27074.2,27074.1,27924.1,27924.2,0,0,0,0,1501.013646708119
519mbuqk(3),|519mbuqk(3),|519mbuqk(3),|519mbuqk(3),;27074.2,27074.1,27924.1,27924.2,0,0,0,0,1506.013646708119
519mbuqk(3),|519mbuqk(3),|519mbuqk(3),|519mbuqk(3),;27074.2,27074.1,27924.1,27924.2,0,0,0,0,1511.013646708119
519mbuqk(3),|519mbuqk(3),|519mbuqk(3),|519mbuqk(3),;27074.2,27074.1,27924.1,27924.2,0,0,0,0,1516.013646708119
519mbuqk(3),|519mbuqk(3),|519mbuqk(3),|519mbuqk(3),;27074.2,27074.1,27924.1,27924.2,0,0,0,0,1521.013646708119
519mbuqk(3),|519mbuqk(3),|519mbuqk(3),|519mbuqk(3),;27074.2,27074.1,27924.1,27924.2,0,0,0,0,1526.013646708119
519mbuqk(3),|519mbuqk(3),|519mbuqk(3),|519mbuqk(3),;27074.2,27074.1,27924.1,27924.2,0,0,0,0,1531.013646708119
519mbuqk(3),|519mbuqk(3),|519mbuqk(3),|519mbuqk(3),;27074.2,27074.1,27924.1,27924.2,0,0,0,0,1536.013646708119
519mbuqk(3),|519mbuqk(3),|519mbuqk(3),|519mbuqk(3),;27074.2,27074.1,27924.1,27924.2,0,0,0,0,1541.013646708119
519mbuqk(3),|519mbuqk(3),|519mbuqk(3),|519mbuqk(3),519epmkv(0),;27074.2,27074.1,27924.1,19066.6,0,0,0,41.993454736365,1546.013646708119
|||519epmkv(2),;28774,28773.9,28774,19916.5,0,0,0,36.993454736365,1551.013646708119
|||519epmkv(2),;28774,28773.9,28774,19916.5,0,0,0,31.993454736365,1556.013646708119
|||519epmkv(2),;28774,28773.9,28774,19916.5,0,0,0,26.993454736365,1561.013646708119
|||519epmkv(2),;28774,28773.9,28774,19916.5,0,0,0,21.993454736365,1566.013646708119
|||519epmkv(2),;28774,28773.9,28774,19916.5,0,0,0,16.993454736365,1571.013646708119
|||519epmkv(2),;28774,28773.9,28774,19916.5,0,0,0,11.993454736365,1576.013646708119
|||519epmkv(2),;28774,28773.9,28774,19916.5,0,0,0,6.993454736365,1581.013646708119
|||519epmkv(2),;28774,28773.9,28774,19916.5,0,0,0,1.993454736365,1586.013646708119
|||519epmkv(3),;28774,28773.9,28774,19916.5,0,0,0,0,1591.013646708119
|||519epmkv(3),;28774,28773.9,28774,19916.5,0,0,0,0,1596.013646708119
|||519epmkv(3),;28774,28773.9,28774,19916.5,0,0,0,0,1601.013646708119
|||519epmkv(3),;28774,28773.9,28774,19916.5,0,0,0,0,1606.013646708119
|||519epmkv(3),;28774,28773.9,28774,19916.5,0,0,0,0,1611.013646708119
|||519epmkv(3),;28774,28773.9,28774,19916.5,0,0,0,0,1616.013646708119
|||519epmkv(3),;28774,28773.9,28774,19916.5,0,0,0,0,1621.013646708119
|||519epmkv(3),;28774,28773.9,28774,19916.5,0,0,0,0,1626.013646708119
|||;28774,28773.9,28774,28774.1,0,0,0,0,1631.013646708119
|||;28774,28773.9,28774,28774.1,0,0,0,0,1636.013646708119
|||;28774,28773.9,28774,28774.1,0,0,0,0,1641.013646708119
|||;28774,28773.9,28774,28774.1,0,0,0,0,1646.013646708119
|||;28774,28773.9,28774,28774.1,0,0,0,0,1651.013646708119
|||;28774,28773.9,28774,28774.1,0,0,0,0,1656.013646708119
|||;28774,28773.9,28774,28774.1,0,0,0,0,1661.013646708119
|||;28774,28773.9,28774,28774.1,0,0,0,0,1666.013646708119
|||;28774,28773.9,28774,28774.1,0,0,0,0,1671.013646708119
|||;28774,28773.9,28774,28774.1,0,0,0,0,1676.013646708119
|||;28774,28773.9,28774,28774.1,0,0,0,0,1681.013646708119
|||;28774,28773.9,28774,28774.1,0,0,0,0,1686.013646708119
|||;28774,28773.9,28774,28774.1,0,0,0,0,1691.013646708119
|||;28774,28773.9,28774,28774.1,0,0,0,0,1696.013646708119
|||;28774,28773.9,28774,28774.1,0,0,0,0,1701.013646708119
|||;28774,28773.9,28774,28774.1,0,0,0,0,1706.013646708119
|||;28774,28773.9,28774,28774.1,0,0,0,0,1711.013646708119
|||;28774,28773.9,28774,28774.1,0,0,0,0,1716.013646708119
|||;28774,28773.9,28774,28774.1,0,0,0,0,1721.013646708119
|||;28774,28773.9,28774,28774.1,0,0,0,0,1726.013646708119
|||;28774,28773.9,28774,28774.1,0,0,0,0,1731.013646708119
|||;28774,28773.9,28774,28774.1,0,0,0,0,1736.013646708119
|||;28774,28773.9,28774,28774.1,0,0,0,0,1741.013646708119
|||;28774,28773.9,28774,28774.1,0,0,0,0,1746.013646708119
|||;28774,28773.9,28774,28774.1,0,0,0,0,1751.013646708119
|||;28774,28773.9,28774,28774.1,0,0,0,0,1756.013646708119
|||;28774,28773.9,28774,28774.1,0,0,0,0,1761.013646708119
|||;28774,28773.9,28774,28774.1,0,0,0,0,1766.013646708119
|||;28774,28773.9,28774,28774.1,0,0,0,0,1771.013646708119
|||;28774,28773.9,28774,28774.1,0,0,0,0,1776.013646708119
|||;28774,28773.9,28774,28774.1,0,0,0,0,1781.013646708119
|||;28774,28773.9,28774,28774.1,0,0,0,0,1786.013646708119
|||;28774,28773.9,28774,28774.1,0,0,0,0,1791.013646708119
|||;28774,28773.9,28774,28774.1,0,0,0,0,1796.013646708119
|||;28774,28773.9,28774,28774.1,0,0,0,0,1801.013646708119
|||;28774,28773.9,28774,28774.1,0,0,0,0,1806.013646708119
|||;28774,28773.9,28774,28774.1,0,0,0,0,1811.013646708119
|||;28774,28773.9,28774,28774.1,0,0,0,0,1816.013646708119
|||;28774,28773.9,28774,28774.1,0,0,0,0,1821.013646708119
|||;28774,28773.9,28774,28774.1,0,0,0,0,1826.013646708119
|||;28774,28773.9,28774,28774.1,0,0,0,0,1831.013646708119
|||;28774,28773.9,28774,28774.1,0,0,0,0,1836.013646708119
|||;28774,28773.9,28774,28774.1,0,0,0,0,1841.013646708119
|||;28774,28773.9,28774,28774.1,0,0,0,0,1846.013646708119
|||;28774,28773.9,28774,28774.1,0,0,0,0,1851.013646708119
|||;28774,28773.9,28774,28774.1,0,0,0,0,1856.013646708119
|||;28774,28773.9,28774,28774.1,0,0,0,0,1861.013646708119
|||;28774,28773.9,28774,28774.1,0,0,0,0,1866.013646708119
|||;28774,28773.9,28774,28774.1,0,0,0,0,1871.013646708119
|||;28774,28773.9,28774,28774.1,0,0,0,0,1876.013646708119
|||;28774,28773.9,28774,28774.1,0,0,0,0,1881.013646708119
|||;28774,28773.9,28774,28774.1,0,0,0,0,1886.013646708119
|||;28774,28773.9,28774,28774.1,0,0,0,0,1891.013646708119
|||;28774,28773.9,28774,28774.1,0,0,0,0,1896.013646708119
|||;28774,28773.9,28774,28774.1,0,0,0,0,1901.013646708119
|||;28774,28773.9,28774,28774.1,0,0,0,0,1906.013646708119
|||;28774,28773.9,28774,28774.1,0,0,0,0,1911.013646708119
|||;28774,28773.9,28774,28774.1,0,0,0,0,1916.013646708119
|||;28774,28773.9,28774,28774.1,0,0,0,0,1921.013646708119
|||;28774,28773.9,28774,28774.1,0,0,0,0,1926.013646708119
|||;28774,28773.9,28774,28774.1,0,0,0,0,1931.013646708119
|||;28774,28773.9,28774,28774.1,0,0,0,0,1936.013646708119
|||;28774,28773.9,28774,28774.1,0,0,0,0,1941.013646708119
|||;28774,28773.9,28774,28774.1,0,0,0,0,1946.013646708119
|||;28774,28773.9,28774,28774.1,0,0,0,0,1951.013646708119
|||;28774,28773.9,28774,28774.1,0,0,0,0,1956.013646708119
|||;28774,28773.9,28774,28774.1,0,0,0,0,1961.013646708119
|||;28774,28773.9,28774,28774.1,0,0,0,0,1966.013646708119
|||;28774,28773.9,28774,28774.1,0,0,0,0,1971.013646708119
|||;28774,28773.9,28774,28774.1,0,0,0,0,1976.013646708119
|||;28774,28773.9,28774,28774.1,0,0,0,0,1981.013646708119
|||;28774,28773.9,28774,28774.1,0,0,0,0,1986.013646708119
|||;28774,28773.9,28774,28774.1,0,0,0,0,1991.013646708119
|||;28774,28773.9,28774,28774.1,0,0,0,0,1996.013646708119
