|||;37990,37990,37990,37990,0,0,0,0,1.010892141596
|||;37990,37990,37990,37990,0,0,0,0,6.010892141596
|||;37990,37990,37990,37990,0,0,0,0,11.010892141596
|||;37990,37990,37990,37990,0,0,0,0,16.010892141596
|||;37990,37990,37990,37990,0,0,0,0,21.010892141596
|||;37990,37990,37990,37990,0,0,0,0,26.010892141596
|||;37990,37990,37990,37990,0,0,0,0,31.010892141596
|||;37990,37990,37990,37990,0,0,0,0,36.010892141596
|||;37990,37990,37990,37990,0,0,0,0,41.010892141596
|||;37990,37990,37990,37990,0,0,0,0,46.010892141596
|||;37990,37990,37990,37990,0,0,0,0,51.010892141596
|||;37990,37990,37990,37990,0,0,0,0,56.010892141596
|||;37990,37990,37990,37990,0,0,0,0,61.010892141596
|||;37990,37990,37990,37990,0,0,0,0,66.010892141596
|||;37990,37990,37990,37990,0,0,0,0,71.010892141596
|||;37990,37990,37990,37990,0,0,0,0,76.010892141596
|||;37990,37990,37990,37990,0,0,0,0,81.010892141596
|||;37990,37990,37990,37990,0,0,0,0,86.010892141596
|||;37990,37990,37990,37990,0,0,0,0,91.010892141596
|||;37990,37990,37990,37990,0,0,0,0,96.010892141596
|||;37990,37990,37990,37990,0,0,0,0,101.010892141596
|||;37990,37990,37990,37990,0,0,0,0,106.010892141596
|||;37990,37990,37990,37990,0,0,0,0,111.010892141596
23htgco(2),|23htgco(2),|23htgco(2),|23htgco(2),;33740.4,35440.2,37140.1,37140.1,22.932169663632,13.39443728007,3.856704896508,3.856704896508,116.010892141596
23htgco(2),|23htgco(2),||;33740.4,35440.2,37990,37990,17.932169663632,8.39443728007,0,0,121.010892141596
23htgco(2),|23htgco(2),||;33740.4,35440.2,37990,37990,12.932169663632,3.39443728007,0,0,126.010892141596
23htgco(2),|||;33740.4,37990,37990,37990,7.932169663632,0,0,0,131.010892141596
23htgco(2),|||;33740.4,37990,37990,37990,2.932169663632,0,0,0,136.010892141596
|||;37990,37990,37990,37990,0,0,0,0,141.010892141596
|||;37990,37990,37990,37990,0,0,0,0,146.010892141596
|||;37990,37990,37990,37990,0,0,0,0,151.010892141596
|||;37990,37990,37990,37990,0,0,0,0,156.010892141596
|||;37990,37990,37990,37990,0,0,0,0,161.010892141596
|||;37990,37990,37990,37990,0,0,0,0,166.010892141596
|||;37990,37990,37990,37990,0,0,0,0,171.010892141596
|||;37990,37990,37990,37990,0,0,0,0,176.010892141596
|||;37990,37990,37990,37990,0,0,0,0,181.010892141596
|||;37990,37990,37990,37990,0,0,0,0,186.010892141596
|||;37990,37990,37990,37990,0,0,0,0,191.010892141596
|||;37990,37990,37990,37990,0,0,0,0,196.010892141596
|||;37990,37990,37990,37990,0,0,0,0,201.010892141596
|||;37990,37990,37990,37990,0,0,0,0,206.010892141596
|||;37990,37990,37990,37990,0,0,0,0,211.010892141596
|||;37990,37990,37990,37990,0,0,0,0,216.010892141596
15gsmfw(2),|15gsmfw(2),||15gsmfw(2),;33996.4,34994.8,37990,34994.8,19.392738103062,13.790756733199,0,13.790756733199,221.010892141596
15gsmfw(2),|15gsmfw(2),||15gsmfw(2),;33996.4,34994.8,37990,34994.8,14.392738103062,8.790756733199,0,8.790756733199,226.010892141596
15gsmfw(2),|15gsmfw(2),||15gsmfw(2),;33996.4,34994.8,37990,34994.8,9.392738103062,3.790756733199,0,3.790756733199,231.010892141596
15gsmfw(2),|||;33996.4,37990,37990,37990,4.392738103062,0,0,0,236.010892141596
|||;37990,37990,37990,37990,0,0,0,0,241.010892141596
|||;37990,37990,37990,37990,0,0,0,0,246.010892141596
|||;37990,37990,37990,37990,0,0,0,0,251.010892141596
|||;37990,37990,37990,37990,0,0,0,0,256.010892141596
|||;37990,37990,37990,37990,0,0,0,0,261.010892141596
|||;37990,37990,37990,37990,0,0,0,0,266.010892141596
|||;37990,37990,37990,37990,0,0,0,0,271.010892141596
|||;37990,37990,37990,37990,0,0,0,0,276.010892141596
|||;37990,37990,37990,37990,0,0,0,0,281.010892141596
|||;37990,37990,37990,37990,0,0,0,0,286.010892141596
|||;37990,37990,37990,37990,0,0,0,0,291.010892141596
|||;37990,37990,37990,37990,0,0,0,0,296.010892141596
|||;37990,37990,37990,37990,0,0,0,0,301.010892141596
15hbsco(2),|15hbsco(2),|15hbsco(2),|15hbsco(2),;36873.8,36315.8,36315.8,36873.8,6.008927802152,9.140291747357,9.140291747357,6.008927802152,306.010892141596
15hbsco(2),|15hbsco(2),|15hbsco(2),|15hbsco(2),;36873.8,36315.8,36315.8,36873.8,1.008927802152,4.140291747357,4.140291747357,1.008927802152,311.010892141596
|||;37990,37990,37990,37990,0,0,0,0,316.010892141596
|||;37990,37990,37990,37990,0,0,0,0,321.010892141596
|||;37990,37990,37990,37990,0,0,0,0,326.010892141596
|||;37990,37990,37990,37990,0,0,0,0,331.010892141596
|||;37990,37990,37990,37990,0,0,0,0,336.010892141596
|||;37990,37990,37990,37990,0,0,0,0,341.010892141596
|||;37990,37990,37990,37990,0,0,0,0,346.010892141596
|||;37990,37990,37990,37990,0,0,0,0,351.010892141596
|||;37990,37990,37990,37990,0,0,0,0,356.010892141596
|||;37990,37990,37990,37990,0,0,0,0,361.010892141596
|||;37990,37990,37990,37990,0,0,0,0,366.010892141596
|||;37990,37990,37990,37990,0,0,0,0,371.010892141596
|||;37990,37990,37990,37990,0,0,0,0,376.010892141596
|||;37990,37990,37990,37990,0,0,0,0,381.010892141596
|||;37990,37990,37990,37990,0,0,0,0,386.010892141596
|||;37990,37990,37990,37990,0,0,0,0,391.010892141596
|||;37990,37990,37990,37990,0,0,0,0,396.010892141596
|||;37990,37990,37990,37990,0,0,0,0,401.010892141596
|||;37990,37990,37990,37990,0,0,0,0,406.010892141596
|||;37990,37990,37990,37990,0,0,0,0,411.010892141596
|||;37990,37990,37990,37990,0,0,0,0,416.010892141596
|||;37990,37990,37990,37990,0,0,0,0,421.010892141596
|||;37990,37990,37990,37990,0,0,0,0,426.010892141596
|||;37990,37990,37990,37990,0,0,0,0,431.010892141596
|||;37990,37990,37990,37990,0,0,0,0,436.010892141596
|||;37990,37990,37990,37990,0,0,0,0,441.010892141596
|||;37990,37990,37990,37990,0,0,0,0,446.010892141596
|||;37990,37990,37990,37990,0,0,0,0,451.010892141596
|||;37990,37990,37990,37990,0,0,0,0,456.010892141596
|||;37990,37990,37990,37990,0,0,0,0,461.010892141596
|||;37990,37990,37990,37990,0,0,0,0,466.010892141596
|||;37990,37990,37990,37990,0,0,0,0,471.010892141596
|||;37990,37990,37990,37990,0,0,0,0,476.010892141596
|||;37990,37990,37990,37990,0,0,0,0,481.010892141596
|||;37990,37990,37990,37990,0,0,0,0,486.010892141596
|||;37990,37990,37990,37990,0,0,0,0,491.010892141596
|||;37990,37990,37990,37990,0,0,0,0,496.010892141596
|||;37990,37990,37990,37990,0,0,0,0,501.010892141596
|||;37990,37990,37990,37990,0,0,0,0,506.010892141596
|||;37990,37990,37990,37990,0,0,0,0,511.010892141596
|||;37990,37990,37990,37990,0,0,0,0,516.010892141596
|||;37990,37990,37990,37990,0,0,0,0,521.010892141596
|||;37990,37990,37990,37990,0,0,0,0,526.010892141596
|||;37990,37990,37990,37990,0,0,0,0,531.010892141596
|||;37990,37990,37990,37990,0,0,0,0,536.010892141596
|||;37990,37990,37990,37990,0,0,0,0,541.010892141596
|||;37990,37990,37990,37990,0,0,0,0,546.010892141596
|||;37990,37990,37990,37990,0,0,0,0,551.010892141596
|||;37990,37990,37990,37990,0,0,0,0,556.010892141596
|||;37990,37990,37990,37990,0,0,0,0,561.010892141596
|||;37990,37990,37990,37990,0,0,0,0,566.010892141596
|||;37990,37990,37990,37990,0,0,0,0,571.010892141596
|||;37990,37990,37990,37990,0,0,0,0,576.010892141596
|||;37990,37990,37990,37990,0,0,0,0,581.010892141596
|||;37990,37990,37990,37990,0,0,0,0,586.010892141596
|||;37990,37990,37990,37990,0,0,0,0,591.010892141596
|||;37990,37990,37990,37990,0,0,0,0,596.010892141596
|||;37990,37990,37990,37990,0,0,0,0,601.010892141596
|||;37990,37990,37990,37990,0,0,0,0,606.010892141596
|||;37990,37990,37990,37990,0,0,0,0,611.010892141596
|||;37990,37990,37990,37990,0,0,0,0,616.010892141596
|||;37990,37990,37990,37990,0,0,0,0,621.010892141596
|||;37990,37990,37990,37990,0,0,0,0,626.010892141596
|||;37990,37990,37990,37990,0,0,0,0,631.010892141596
|||;37990,37990,37990,37990,0,0,0,0,636.010892141596
|||;37990,37990,37990,37990,0,0,0,0,641.010892141596
|||;37990,37990,37990,37990,0,0,0,0,646.010892141596
|||;37990,37990,37990,37990,0,0,0,0,651.010892141596
|||;37990,37990,37990,37990,0,0,0,0,656.010892141596
|||;37990,37990,37990,37990,0,0,0,0,661.010892141596
|||;37990,37990,37990,37990,0,0,0,0,666.010892141596
|||;37990,37990,37990,37990,0,0,0,0,671.010892141596
|||;37990,37990,37990,37990,0,0,0,0,676.010892141596
270frpca(2),|||;37047.9,37990,37990,37990,0.649044242264,0,0,0,681.010892141596
270frpca(3),|||;37047.9,37990,37990,37990,0,0,0,0,686.010892141596
270frpca(3),|||;37047.9,37990,37990,37990,0,0,0,0,691.010892141596
270frpca(3),|||;37047.9,37990,37990,37990,0,0,0,0,696.010892141596
270frpca(3),|||;37047.9,37990,37990,37990,0,0,0,0,701.010892141596
270frpca(3),|||;37047.9,37990,37990,37990,0,0,0,0,706.010892141596
270frpca(3),|||;37047.9,37990,37990,37990,0,0,0,0,711.010892141596
270frpca(3),|||;37047.9,37990,37990,37990,0,0,0,0,716.010892141596
270frpca(3),|||;37047.9,37990,37990,37990,0,0,0,0,721.010892141596
270frpca(3),|||;37047.9,37990,37990,37990,0,0,0,0,726.010892141596
270frpca(3),|||;37047.9,37990,37990,37990,0,0,0,0,731.010892141596
270frpca(3),|||;37047.9,37990,37990,37990,0,0,0,0,736.010892141596
270frpca(3),|||;37047.9,37990,37990,37990,0,0,0,0,741.010892141596
270frpca(3),|||;37047.9,37990,37990,37990,0,0,0,0,746.010892141596
270frpca(3),|||;37047.9,37990,37990,37990,0,0,0,0,751.010892141596
270frpca(3),|||;37047.9,37990,37990,37990,0,0,0,0,756.010892141596
270frpca(3),|||;37047.9,37990,37990,37990,0,0,0,0,761.010892141596
270frpca(3),|||;37047.9,37990,37990,37990,0,0,0,0,766.010892141596
270frpca(3),|||;37047.9,37990,37990,37990,0,0,0,0,771.010892141596
270frpca(3),|||;37047.9,37990,37990,37990,0,0,0,0,776.010892141596
270frpca(3),|||;37047.9,37990,37990,37990,0,0,0,0,781.010892141596
270frpca(3),|||;37047.9,37990,37990,37990,0,0,0,0,786.010892141596
270frpca(3),|||;37047.9,37990,37990,37990,0,0,0,0,791.010892141596
270frpca(3),|||;37047.9,37990,37990,37990,0,0,0,0,796.010892141596
270frpca(3),|||;37047.9,37990,37990,37990,0,0,0,0,801.010892141596
270frpca(3),|||;37047.9,37990,37990,37990,0,0,0,0,806.010892141596
270frpca(3),|||;37047.9,37990,37990,37990,0,0,0,0,811.010892141596
270frpca(3),|||;37047.9,37990,37990,37990,0,0,0,0,816.010892141596
270frpca(3),|||;37047.9,37990,37990,37990,0,0,0,0,821.010892141596
270frpca(3),|||;37047.9,37990,37990,37990,0,0,0,0,826.010892141596
270frpca(3),|||;37047.9,37990,37990,37990,0,0,0,0,831.010892141596
270frpca(3),|||;37047.9,37990,37990,37990,0,0,0,0,836.010892141596
270frpca(3),|||;37047.9,37990,37990,37990,0,0,0,0,841.010892141596
270frpca(3),|||;37047.9,37990,37990,37990,0,0,0,0,846.010892141596
270frpca(3),|||;37047.9,37990,37990,37990,0,0,0,0,851.010892141596
270frpca(3),|||;37047.9,37990,37990,37990,0,0,0,0,856.010892141596
270frpca(3),|||;37047.9,37990,37990,37990,0,0,0,0,861.010892141596
270frpca(3),|||;37047.9,37990,37990,37990,0,0,0,0,866.010892141596
270frpca(3),|||;37047.9,37990,37990,37990,0,0,0,0,871.010892141596
270frpca(3),|||;37047.9,37990,37990,37990,0,0,0,0,876.010892141596
270frpca(3),|||;37047.9,37990,37990,37990,0,0,0,0,881.010892141596
270frpca(3),|||;37047.9,37990,37990,37990,0,0,0,0,886.010892141596
270frpca(3),|||;37047.9,37990,37990,37990,0,0,0,0,891.010892141596
270frpca(3),|||;37047.9,37990,37990,37990,0,0,0,0,896.010892141596
270frpca(3),|||;37047.9,37990,37990,37990,0,0,0,0,901.010892141596
270frpca(3),|||;37047.9,37990,37990,37990,0,0,0,0,906.010892141596
270frpca(3),|||;37047.9,37990,37990,37990,0,0,0,0,911.010892141596
270frpca(3),70wpbhf(0),|70wpbhf(0),|70wpbhf(0),|70wpbhf(0),;35696.2,36638.3,35962.5,35962.5,9.234678504888,9.234678504888,13.114788970641,13.114788970641,916.010892141596
270frpca(3),70wpbhf(2),|70wpbhf(2),|70wpbhf(2),|70wpbhf(2),;35696.2,36638.3,35962.5,35962.5,4.234678504888,4.234678504888,8.114788970641,8.114788970641,921.010892141596
270frpca(3),70wpbhf(3),|70wpbhf(3),|70wpbhf(2),|70wpbhf(2),;35696.2,36638.3,35962.5,35962.5,0,0,3.114788970641,3.114788970641,926.010892141596
270frpca(3),70wpbhf(3),|70wpbhf(3),|70wpbhf(3),|70wpbhf(3),;35696.2,36638.3,35962.5,35962.5,0,0,0,0,931.010892141596
270frpca(3),70wpbhf(3),|70wpbhf(3),|70wpbhf(3),|70wpbhf(3),;35696.2,36638.3,35962.5,35962.5,0,0,0,0,936.010892141596
270frpca(3),70wpbhf(3),|70wpbhf(3),|70wpbhf(3),|70wpbhf(3),;35696.2,36638.3,35962.5,35962.5,0,0,0,0,941.010892141596
270frpca(3),70wpbhf(3),|70wpbhf(3),|70wpbhf(3),|70wpbhf(3),;35696.2,36638.3,35962.5,35962.5,0,0,0,0,946.010892141596
270frpca(3),70wpbhf(3),|70wpbhf(3),|70wpbhf(3),|70wpbhf(3),;35696.2,36638.3,35962.5,35962.5,0,0,0,0,951.010892141596
270frpca(3),70wpbhf(3),|70wpbhf(3),|70wpbhf(3),|70wpbhf(3),;35696.2,36638.3,35962.5,35962.5,0,0,0,0,956.010892141596
270frpca(3),70wpbhf(3),|70wpbhf(3),|70wpbhf(3),|70wpbhf(3),;35696.2,36638.3,35962.5,35962.5,0,0,0,0,961.010892141596
270frpca(3),70wpbhf(3),|70wpbhf(3),|70wpbhf(3),|70wpbhf(3),;35696.2,36638.3,35962.5,35962.5,0,0,0,0,966.010892141596
270frpca(3),70wpbhf(3),|70wpbhf(3),|70wpbhf(3),|70wpbhf(3),;35696.2,36638.3,35962.5,35962.5,0,0,0,0,971.010892141596
270frpca(3),70wpbhf(3),|70wpbhf(3),|70wpbhf(3),|70wpbhf(3),;35696.2,36638.3,35962.5,35962.5,0,0,0,0,976.010892141596
270frpca(3),70wpbhf(3),|70wpbhf(3),|70wpbhf(3),|70wpbhf(3),;35696.2,36638.3,35962.5,35962.5,0,0,0,0,981.010892141596
270frpca(3),70wpbhf(3),|70wpbhf(3),|70wpbhf(3),|70wpbhf(3),;35696.2,36638.3,35962.5,35962.5,0,0,0,0,986.010892141596
270frpca(3),70wpbhf(3),|70wpbhf(3),|70wpbhf(3),|70wpbhf(3),;35696.2,36638.3,35962.5,35962.5,0,0,0,0,991.010892141596
270frpca(3),70wpbhf(3),|70wpbhf(3),|70wpbhf(3),|70wpbhf(3),;35696.2,36638.3,35962.5,35962.5,0,0,0,0,996.010892141596
270frpca(3),70wpbhf(3),|70wpbhf(3),|70wpbhf(3),|70wpbhf(3),;35696.2,36638.3,35962.5,35962.5,0,0,0,0,1001.010892141596
270frpca(3),70wpbhf(3),|70wpbhf(3),|70wpbhf(3),|70wpbhf(3),;35696.2,36638.3,35962.5,35962.5,0,0,0,0,1006.010892141596
270frpca(3),70wpbhf(3),|70wpbhf(3),|70wpbhf(3),|70wpbhf(3),;35696.2,36638.3,35962.5,35962.5,0,0,0,0,1011.010892141596
270frpca(3),70wpbhf(3),|70wpbhf(3),|70wpbhf(3),|70wpbhf(3),;35696.2,36638.3,35962.5,35962.5,0,0,0,0,1016.010892141596
270frpca(3),70wpbhf(3),|70wpbhf(3),|70wpbhf(3),|70wpbhf(3),;35696.2,36638.3,35962.5,35962.5,0,0,0,0,1021.010892141596
270frpca(3),70wpbhf(3),|70wpbhf(3),|70wpbhf(3),|70wpbhf(3),;35696.2,36638.3,35962.5,35962.5,0,0,0,0,1026.010892141596
270frpca(3),70wpbhf(3),|70wpbhf(3),|70wpbhf(3),|70wpbhf(3),;35696.2,36638.3,35962.5,35962.5,0,0,0,0,1031.010892141596
270frpca(3),70wpbhf(3),|70wpbhf(3),|70wpbhf(3),|70wpbhf(3),;35696.2,36638.3,35962.5,35962.5,0,0,0,0,1036.010892141596
270frpca(3),70wpbhf(3),|70wpbhf(3),|70wpbhf(3),|70wpbhf(3),;35696.2,36638.3,35962.5,35962.5,0,0,0,0,1041.010892141596
270frpca(3),70wpbhf(3),|70wpbhf(3),|70wpbhf(3),|70wpbhf(3),;35696.2,36638.3,35962.5,35962.5,0,0,0,0,1046.010892141596
270frpca(3),70wpbhf(3),|70wpbhf(3),|70wpbhf(3),|70wpbhf(3),;35696.2,36638.3,35962.5,35962.5,0,0,0,0,1051.010892141596
270frpca(3),70wpbhf(3),|70wpbhf(3),|70wpbhf(3),|70wpbhf(3),;35696.2,36638.3,35962.5,35962.5,0,0,0,0,1056.010892141596
270frpca(3),70wpbhf(3),|70wpbhf(3),|70wpbhf(3),|70wpbhf(3),;35696.2,36638.3,35962.5,35962.5,0,0,0,0,1061.010892141596
270frpca(3),70wpbhf(3),|70wpbhf(3),|70wpbhf(3),|70wpbhf(3),;35696.2,36638.3,35962.5,35962.5,0,0,0,0,1066.010892141596
270frpca(3),70wpbhf(3),|70wpbhf(3),|70wpbhf(3),|70wpbhf(3),;35696.2,36638.3,35962.5,35962.5,0,0,0,0,1071.010892141596
270frpca(3),70wpbhf(3),|70wpbhf(3),|70wpbhf(3),|70wpbhf(3),;35696.2,36638.3,35962.5,35962.5,0,0,0,0,1076.010892141596
270frpca(3),70wpbhf(3),|70wpbhf(3),|70wpbhf(3),|70wpbhf(3),;35696.2,36638.3,35962.5,35962.5,0,0,0,0,1081.010892141596
270frpca(3),70wpbhf(3),|70wpbhf(3),|70wpbhf(3),|70wpbhf(3),;35696.2,36638.3,35962.5,35962.5,0,0,0,0,1086.010892141596
270frpca(3),70wpbhf(3),|70wpbhf(3),|70wpbhf(3),|70wpbhf(3),;35696.2,36638.3,35962.5,35962.5,0,0,0,0,1091.010892141596
270frpca(3),70wpbhf(3),|70wpbhf(3),|70wpbhf(3),|70wpbhf(3),;35696.2,36638.3,35962.5,35962.5,0,0,0,0,1096.010892141596
270frpca(3),70wpbhf(3),|70wpbhf(3),|70wpbhf(3),|70wpbhf(3),;35696.2,36638.3,35962.5,35962.5,0,0,0,0,1101.010892141596
270frpca(3),70wpbhf(3),|70wpbhf(3),|70wpbhf(3),|70wpbhf(3),;35696.2,36638.3,35962.5,35962.5,0,0,0,0,1106.010892141596
270frpca(3),70wpbhf(3),|70wpbhf(3),|70wpbhf(3),|70wpbhf(3),;35696.2,36638.3,35962.5,35962.5,0,0,0,0,1111.010892141596
270frpca(3),70wpbhf(3),|70wpbhf(3),|70wpbhf(3),|70wpbhf(3),;35696.2,36638.3,35962.5,35962.5,0,0,0,0,1116.010892141596
270frpca(3),70wpbhf(3),|70wpbhf(3),|70wpbhf(3),|70wpbhf(3),;35696.2,36638.3,35962.5,35962.5,0,0,0,0,1121.010892141596
270frpca(3),70wpbhf(3),|70wpbhf(3),|70wpbhf(3),|70wpbhf(3),;35696.2,36638.3,35962.5,35962.5,0,0,0,0,1126.010892141596
270frpca(3),70wpbhf(3),|70wpbhf(3),|70wpbhf(3),|70wpbhf(3),;35696.2,36638.3,35962.5,35962.5,0,0,0,0,1131.010892141596
270frpca(3),70wpbhf(3),|70wpbhf(3),|70wpbhf(3),|70wpbhf(3),;35696.2,36638.3,35962.5,35962.5,0,0,0,0,1136.010892141596
270frpca(3),70wpbhf(3),|70wpbhf(3),|70wpbhf(3),|70wpbhf(3),;35696.2,36638.3,35962.5,35962.5,0,0,0,0,1141.010892141596
270frpca(3),70wpbhf(3),|70wpbhf(3),|70wpbhf(3),|70wpbhf(3),;35696.2,36638.3,35962.5,35962.5,0,0,0,0,1146.010892141596
270frpca(3),70wpbhf(3),|70wpbhf(3),|70wpbhf(3),|70wpbhf(3),;35696.2,36638.3,35962.5,35962.5,0,0,0,0,1151.010892141596
270frpca(3),70wpbhf(3),|70wpbhf(3),|70wpbhf(3),|70wpbhf(3),;35696.2,36638.3,35962.5,35962.5,0,0,0,0,1156.010892141596
270frpca(3),70wpbhf(3),|70wpbhf(3),|70wpbhf(3),|70wpbhf(3),;35696.2,36638.3,35962.5,35962.5,0,0,0,0,1161.010892141596
270frpca(3),70wpbhf(3),|70wpbhf(3),|70wpbhf(3),|70wpbhf(3),;35696.2,36638.3,35962.5,35962.5,0,0,0,0,1166.010892141596
270frpca(3),70wpbhf(3),|70wpbhf(3),|70wpbhf(3),|70wpbhf(3),;35696.2,36638.3,35962.5,35962.5,0,0,0,0,1171.010892141596
270frpca(3),70wpbhf(3),|70wpbhf(3),|70wpbhf(3),|70wpbhf(3),;35696.2,36638.3,35962.5,35962.5,0,0,0,0,1176.010892141596
270frpca(3),70wpbhf(3),|70wpbhf(3),|70wpbhf(3),|70wpbhf(3),;35696.2,36638.3,35962.5,35962.5,0,0,0,0,1181.010892141596
270frpca(3),70wpbhf(3),|70wpbhf(3),|70wpbhf(3),|70wpbhf(3),;35696.2,36638.3,35962.5,35962.5,0,0,0,0,1186.010892141596
270frpca(3),70wpbhf(3),|70wpbhf(3),|70wpbhf(3),|70wpbhf(3),;35696.2,36638.3,35962.5,35962.5,0,0,0,0,1191.010892141596
270frpca(3),70wpbhf(3),|70wpbhf(3),|70wpbhf(3),|70wpbhf(3),;35696.2,36638.3,35962.5,35962.5,0,0,0,0,1196.010892141596
270frpca(3),70wpbhf(3),|70wpbhf(3),|70wpbhf(3),|70wpbhf(3),;35696.2,36638.3,35962.5,35962.5,0,0,0,0,1201.010892141596
270frpca(3),70wpbhf(3),|70wpbhf(3),|70wpbhf(3),|70wpbhf(3),;35696.2,36638.3,35962.5,35962.5,0,0,0,0,1206.010892141596
270frpca(3),70wpbhf(3),|70wpbhf(3),|70wpbhf(3),|70wpbhf(3),;35696.2,36638.3,35962.5,35962.5,0,0,0,0,1211.010892141596
270frpca(3),70wpbhf(3),|70wpbhf(3),|70wpbhf(3),|70wpbhf(3),;35696.2,36638.3,35962.5,35962.5,0,0,0,0,1216.010892141596
270frpca(3),70wpbhf(3),|70wpbhf(3),|70wpbhf(3),|70wpbhf(3),;35696.2,36638.3,35962.5,35962.5,0,0,0,0,1221.010892141596
270frpca(3),70wpbhf(3),|70wpbhf(3),|70wpbhf(3),|70wpbhf(3),;35696.2,36638.3,35962.5,35962.5,0,0,0,0,1226.010892141596
270frpca(3),70wpbhf(3),|70wpbhf(3),|70wpbhf(3),|70wpbhf(3),;35696.2,36638.3,35962.5,35962.5,0,0,0,0,1231.010892141596
270frpca(3),70wpbhf(3),|70wpbhf(3),|70wpbhf(3),|70wpbhf(3),;35696.2,36638.3,35962.5,35962.5,0,0,0,0,1236.010892141596
270frpca(3),70wpbhf(3),|70wpbhf(3),|70wpbhf(3),|70wpbhf(3),;35696.2,36638.3,35962.5,35962.5,0,0,0,0,1241.010892141596
270frpca(3),70wpbhf(3),|70wpbhf(3),|70wpbhf(3),|70wpbhf(3),;35696.2,36638.3,35962.5,35962.5,0,0,0,0,1246.010892141596
270frpca(3),70wpbhf(3),|70wpbhf(3),|70wpbhf(3),|70wpbhf(3),;35696.2,36638.3,35962.5,35962.5,0,0,0,0,1251.010892141596
270frpca(3),70wpbhf(3),|70wpbhf(3),|70wpbhf(3),|70wpbhf(3),;35696.2,36638.3,35962.5,35962.5,0,0,0,0,1256.010892141596
270frpca(3),70wpbhf(3),|70wpbhf(3),|70wpbhf(3),|70wpbhf(3),;35696.2,36638.3,35962.5,35962.5,0,0,0,0,1261.010892141596
270frpca(3),70wpbhf(3),|70wpbhf(3),|70wpbhf(3),|70wpbhf(3),;35696.2,36638.3,35962.5,35962.5,0,0,0,0,1266.010892141596
270frpca(3),70wpbhf(3),|70wpbhf(3),|70wpbhf(3),|70wpbhf(3),;35696.2,36638.3,35962.5,35962.5,0,0,0,0,1271.010892141596
270frpca(3),70wpbhf(3),|70wpbhf(3),|70wpbhf(3),|70wpbhf(3),;35696.2,36638.3,35962.5,35962.5,0,0,0,0,1276.010892141596
270frpca(3),70wpbhf(3),|70wpbhf(3),|70wpbhf(3),|70wpbhf(3),;35696.2,36638.3,35962.5,35962.5,0,0,0,0,1281.010892141596
270frpca(3),70wpbhf(3),|70wpbhf(3),|70wpbhf(3),|70wpbhf(3),;35696.2,36638.3,35962.5,35962.5,0,0,0,0,1286.010892141596
270frpca(3),70wpbhf(3),241qsizp(0),|70wpbhf(3),241qsizp(0),|70wpbhf(3),241qsizp(0),|70wpbhf(3),241qsizp(0),;33699.4,35307.1,33965.7,34631.3,14.762522590835,10.941201677592,14.762522590835,10.941201677592,1291.010892141596
270frpca(3),70wpbhf(3),241qsizp(2),|70wpbhf(3),241qsizp(2),|70wpbhf(3),241qsizp(2),|70wpbhf(3),241qsizp(2),;33699.4,35307.1,33965.7,34631.3,9.762522590835,5.941201677592,9.762522590835,5.941201677592,1296.010892141596
270frpca(3),70wpbhf(3),241qsizp(2),|70wpbhf(3),241qsizp(2),|70wpbhf(3),241qsizp(2),|70wpbhf(3),241qsizp(2),;33699.4,35307.1,33965.7,34631.3,4.762522590835,0.941201677592,4.762522590835,0.941201677592,1301.010892141596
270frpca(3),70wpbhf(3),241qsizp(3),|70wpbhf(3),241qsizp(3),|70wpbhf(3),241qsizp(3),|70wpbhf(3),241qsizp(3),;33699.4,35307.1,33965.7,34631.3,0,0,0,0,1306.010892141596
270frpca(3),70wpbhf(3),241qsizp(3),|70wpbhf(3),241qsizp(3),|70wpbhf(3),241qsizp(3),|70wpbhf(3),241qsizp(3),;33699.4,35307.1,33965.7,34631.3,0,0,0,0,1311.010892141596
270frpca(3),70wpbhf(3),241qsizp(3),|70wpbhf(3),241qsizp(3),|70wpbhf(3),241qsizp(3),|70wpbhf(3),241qsizp(3),;33699.4,35307.1,33965.7,34631.3,0,0,0,0,1316.010892141596
270frpca(3),70wpbhf(3),241qsizp(3),|70wpbhf(3),241qsizp(3),|70wpbhf(3),241qsizp(3),|70wpbhf(3),241qsizp(3),;33699.4,35307.1,33965.7,34631.3,0,0,0,0,1321.010892141596
270frpca(3),70wpbhf(3),241qsizp(3),|70wpbhf(3),241qsizp(3),|70wpbhf(3),241qsizp(3),|70wpbhf(3),241qsizp(3),;33699.4,35307.1,33965.7,34631.3,0,0,0,0,1326.010892141596
270frpca(3),70wpbhf(3),241qsizp(3),|70wpbhf(3),241qsizp(3),|70wpbhf(3),241qsizp(3),|70wpbhf(3),241qsizp(3),;33699.4,35307.1,33965.7,34631.3,0,0,0,0,1331.010892141596
270frpca(3),241qsizp(3),|241qsizp(3),|241qsizp(3),|241qsizp(3),;35051.1,36658.8,35993.2,36658.8,0,0,0,0,1336.010892141596
270frpca(3),241qsizp(3),|241qsizp(3),|241qsizp(3),|241qsizp(3),;35051.1,36658.8,35993.2,36658.8,0,0,0,0,1341.010892141596
270frpca(3),241qsizp(3),|241qsizp(3),|241qsizp(3),|241qsizp(3),;35051.1,36658.8,35993.2,36658.8,0,0,0,0,1346.010892141596
270frpca(3),241qsizp(3),|241qsizp(3),|241qsizp(3),|241qsizp(3),;35051.1,36658.8,35993.2,36658.8,0,0,0,0,1351.010892141596
270frpca(3),241qsizp(3),|241qsizp(3),|241qsizp(3),|241qsizp(3),;35051.1,36658.8,35993.2,36658.8,0,0,0,0,1356.010892141596
270frpca(3),241qsizp(3),|241qsizp(3),|241qsizp(3),|241qsizp(3),;35051.1,36658.8,35993.2,36658.8,0,0,0,0,1361.010892141596
270frpca(3),241qsizp(3),|241qsizp(3),|241qsizp(3),|241qsizp(3),;35051.1,36658.8,35993.2,36658.8,0,0,0,0,1366.010892141596
270frpca(3),241qsizp(3),|241qsizp(3),|241qsizp(3),|241qsizp(3),;35051.1,36658.8,35993.2,36658.8,0,0,0,0,1371.010892141596
270frpca(3),241qsizp(3),|241qsizp(3),|241qsizp(3),|241qsizp(3),;35051.1,36658.8,35993.2,36658.8,0,0,0,0,1376.010892141596
270frpca(3),241qsizp(3),|241qsizp(3),|241qsizp(3),|241qsizp(3),;35051.1,36658.8,35993.2,36658.8,0,0,0,0,1381.010892141596
270frpca(3),241qsizp(3),|241qsizp(3),|241qsizp(3),|241qsizp(3),;35051.1,36658.8,35993.2,36658.8,0,0,0,0,1386.010892141596
270frpca(3),241qsizp(3),|241qsizp(3),|241qsizp(3),|241qsizp(3),;35051.1,36658.8,35993.2,36658.8,0,0,0,0,1391.010892141596
270frpca(3),241qsizp(3),|241qsizp(3),|241qsizp(3),|241qsizp(3),;35051.1,36658.8,35993.2,36658.8,0,0,0,0,1396.010892141596
270frpca(3),241qsizp(3),|241qsizp(3),|241qsizp(3),|241qsizp(3),;35051.1,36658.8,35993.2,36658.8,0,0,0,0,1401.010892141596
270frpca(3),241qsizp(3),|241qsizp(3),|241qsizp(3),|241qsizp(3),;35051.1,36658.8,35993.2,36658.8,0,0,0,0,1406.010892141596
270frpca(3),241qsizp(3),|241qsizp(3),|241qsizp(3),|241qsizp(3),;35051.1,36658.8,35993.2,36658.8,0,0,0,0,1411.010892141596
270frpca(3),241qsizp(3),|241qsizp(3),|241qsizp(3),|241qsizp(3),;35051.1,36658.8,35993.2,36658.8,0,0,0,0,1416.010892141596
270frpca(3),241qsizp(3),|241qsizp(3),|241qsizp(3),|241qsizp(3),;35051.1,36658.8,35993.2,36658.8,0,0,0,0,1421.010892141596
270frpca(3),241qsizp(3),|241qsizp(3),|241qsizp(3),|241qsizp(3),;35051.1,36658.8,35993.2,36658.8,0,0,0,0,1426.010892141596
270frpca(3),241qsizp(3),|241qsizp(3),|241qsizp(3),|241qsizp(3),;35051.1,36658.8,35993.2,36658.8,0,0,0,0,1431.010892141596
270frpca(3),241qsizp(3),|241qsizp(3),|241qsizp(3),|241qsizp(3),;35051.1,36658.8,35993.2,36658.8,0,0,0,0,1436.010892141596
270frpca(3),241qsizp(3),|241qsizp(3),|241qsizp(3),|241qsizp(3),;35051.1,36658.8,35993.2,36658.8,0,0,0,0,1441.010892141596
270frpca(3),241qsizp(3),|241qsizp(3),|241qsizp(3),|241qsizp(3),;35051.1,36658.8,35993.2,36658.8,0,0,0,0,1446.010892141596
270frpca(3),241qsizp(3),|241qsizp(3),|241qsizp(3),|241qsizp(3),;35051.1,36658.8,35993.2,36658.8,0,0,0,0,1451.010892141596
270frpca(3),241qsizp(3),|241qsizp(3),|241qsizp(3),|241qsizp(3),;35051.1,36658.8,35993.2,36658.8,0,0,0,0,1456.010892141596
270frpca(3),241qsizp(3),|241qsizp(3),|241qsizp(3),|241qsizp(3),;35051.1,36658.8,35993.2,36658.8,0,0,0,0,1461.010892141596
270frpca(3),241qsizp(3),|241qsizp(3),|241qsizp(3),|241qsizp(3),;35051.1,36658.8,35993.2,36658.8,0,0,0,0,1466.010892141596
270frpca(3),241qsizp(3),|241qsizp(3),|241qsizp(3),|241qsizp(3),;35051.1,36658.8,35993.2,36658.8,0,0,0,0,1471.010892141596
270frpca(3),241qsizp(3),|241qsizp(3),|241qsizp(3),|241qsizp(3),;35051.1,36658.8,35993.2,36658.8,0,0,0,0,1476.010892141596
270frpca(3),241qsizp(3),|241qsizp(3),|241qsizp(3),|241qsizp(3),;35051.1,36658.8,35993.2,36658.8,0,0,0,0,1481.010892141596
270frpca(3),241qsizp(3),|241qsizp(3),|241qsizp(3),|241qsizp(3),;35051.1,36658.8,35993.2,36658.8,0,0,0,0,1486.010892141596
270frpca(3),241qsizp(3),|241qsizp(3),|241qsizp(3),|241qsizp(3),;35051.1,36658.8,35993.2,36658.8,0,0,0,0,1491.010892141596
270frpca(3),241qsizp(3),|241qsizp(3),|241qsizp(3),|241qsizp(3),;35051.1,36658.8,35993.2,36658.8,0,0,0,0,1496.010892141596
270frpca(3),241qsizp(3),|241qsizp(3),|241qsizp(3),|241qsizp(3),;35051.1,36658.8,35993.2,36658.8,0,0,0,0,1501.010892141596
270frpca(3),241qsizp(3),|241qsizp(3),|241qsizp(3),|241qsizp(3),;35051.1,36658.8,35993.2,36658.8,0,0,0,0,1506.010892141596
270frpca(3),241qsizp(3),|241qsizp(3),|241qsizp(3),|241qsizp(3),;35051.1,36658.8,35993.2,36658.8,0,0,0,0,1511.010892141596
270frpca(3),241qsizp(3),|241qsizp(3),|241qsizp(3),|241qsizp(3),;35051.1,36658.8,35993.2,36658.8,0,0,0,0,1516.010892141596
270frpca(3),241qsizp(3),|241qsizp(3),|241qsizp(3),|241qsizp(3),;35051.1,36658.8,35993.2,36658.8,0,0,0,0,1521.010892141596
270frpca(3),241qsizp(3),|241qsizp(3),|241qsizp(3),|241qsizp(3),;35051.1,36658.8,35993.2,36658.8,0,0,0,0,1526.010892141596
270frpca(3),241qsizp(3),|241qsizp(3),|241qsizp(3),|241qsizp(3),;35051.1,36658.8,35993.2,36658.8,0,0,0,0,1531.010892141596
270frpca(3),241qsizp(3),|241qsizp(3),|241qsizp(3),|241qsizp(3),;35051.1,36658.8,35993.2,36658.8,0,0,0,0,1536.010892141596
270frpca(3),241qsizp(3),|241qsizp(3),|241qsizp(3),|241qsizp(3),;35051.1,36658.8,35993.2,36658.8,0,0,0,0,1541.010892141596
270frpca(3),241qsizp(3),|241qsizp(3),|241qsizp(3),|241qsizp(3),;35051.1,36658.8,35993.2,36658.8,0,0,0,0,1546.010892141596
270frpca(3),241qsizp(3),|241qsizp(3),|241qsizp(3),|241qsizp(3),;35051.1,36658.8,35993.2,36658.8,0,0,0,0,1551.010892141596
270frpca(3),241qsizp(3),|241qsizp(3),|241qsizp(3),|241qsizp(3),;35051.1,36658.8,35993.2,36658.8,0,0,0,0,1556.010892141596
270frpca(3),241qsizp(3),|241qsizp(3),|241qsizp(3),|241qsizp(3),;35051.1,36658.8,35993.2,36658.8,0,0,0,0,1561.010892141596
270frpca(3),241qsizp(3),|241qsizp(3),|241qsizp(3),|241qsizp(3),;35051.1,36658.8,35993.2,36658.8,0,0,0,0,1566.010892141596
270frpca(3),241qsizp(3),|241qsizp(3),|241qsizp(3),|241qsizp(3),;35051.1,36658.8,35993.2,36658.8,0,0,0,0,1571.010892141596
270frpca(3),241qsizp(3),|241qsizp(3),|241qsizp(3),|241qsizp(3),;35051.1,36658.8,35993.2,36658.8,0,0,0,0,1576.010892141596
270frpca(3),241qsizp(3),|241qsizp(3),|241qsizp(3),|241qsizp(3),;35051.1,36658.8,35993.2,36658.8,0,0,0,0,1581.010892141596
270frpca(3),241qsizp(3),|241qsizp(3),|241qsizp(3),|241qsizp(3),;35051.1,36658.8,35993.2,36658.8,0,0,0,0,1586.010892141596
270frpca(3),241qsizp(3),|241qsizp(3),|241qsizp(3),|241qsizp(3),;35051.1,36658.8,35993.2,36658.8,0,0,0,0,1591.010892141596
270frpca(3),241qsizp(3),|241qsizp(3),|241qsizp(3),|241qsizp(3),;35051.1,36658.8,35993.2,36658.8,0,0,0,0,1596.010892141596
270frpca(3),241qsizp(3),|241qsizp(3),|241qsizp(3),|241qsizp(3),;35051.1,36658.8,35993.2,36658.8,0,0,0,0,1601.010892141596
270frpca(3),241qsizp(3),|241qsizp(3),|241qsizp(3),|241qsizp(3),;35051.1,36658.8,35993.2,36658.8,0,0,0,0,1606.010892141596
270frpca(3),241qsizp(3),|241qsizp(3),|241qsizp(3),|241qsizp(3),;35051.1,36658.8,35993.2,36658.8,0,0,0,0,1611.010892141596
270frpca(3),241qsizp(3),|241qsizp(3),|241qsizp(3),|241qsizp(3),;35051.1,36658.8,35993.2,36658.8,0,0,0,0,1616.010892141596
270frpca(3),241qsizp(3),|241qsizp(3),|241qsizp(3),|241qsizp(3),;35051.1,36658.8,35993.2,36658.8,0,0,0,0,1621.010892141596
270frpca(3),241qsizp(3),|241qsizp(3),|241qsizp(3),|241qsizp(3),;35051.1,36658.8,35993.2,36658.8,0,0,0,0,1626.010892141596
270frpca(3),241qsizp(3),|241qsizp(3),|241qsizp(3),|241qsizp(3),;35051.1,36658.8,35993.2,36658.8,0,0,0,0,1631.010892141596
270frpca(3),241qsizp(3),|241qsizp(3),|241qsizp(3),|241qsizp(3),;35051.1,36658.8,35993.2,36658.8,0,0,0,0,1636.010892141596
270frpca(3),241qsizp(3),|241qsizp(3),|241qsizp(3),|241qsizp(3),;35051.1,36658.8,35993.2,36658.8,0,0,0,0,1641.010892141596
270frpca(3),241qsizp(3),|241qsizp(3),|241qsizp(3),|241qsizp(3),;35051.1,36658.8,35993.2,36658.8,0,0,0,0,1646.010892141596
270frpca(3),241qsizp(3),|241qsizp(3),|241qsizp(3),|241qsizp(3),;35051.1,36658.8,35993.2,36658.8,0,0,0,0,1651.010892141596
270frpca(3),241qsizp(3),|241qsizp(3),|241qsizp(3),|241qsizp(3),;35051.1,36658.8,35993.2,36658.8,0,0,0,0,1656.010892141596
270frpca(3),241qsizp(3),|241qsizp(3),|241qsizp(3),|241qsizp(3),;35051.1,36658.8,35993.2,36658.8,0,0,0,0,1661.010892141596
270frpca(3),241qsizp(3),|241qsizp(3),|241qsizp(3),|241qsizp(3),;35051.1,36658.8,35993.2,36658.8,0,0,0,0,1666.010892141596
270frpca(3),241qsizp(3),|241qsizp(3),|241qsizp(3),|241qsizp(3),;35051.1,36658.8,35993.2,36658.8,0,0,0,0,1671.010892141596
270frpca(3),241qsizp(3),|241qsizp(3),|241qsizp(3),|241qsizp(3),;35051.1,36658.8,35993.2,36658.8,0,0,0,0,1676.010892141596
270frpca(3),241qsizp(3),|241qsizp(3),|241qsizp(3),|241qsizp(3),;35051.1,36658.8,35993.2,36658.8,0,0,0,0,1681.010892141596
270frpca(3),241qsizp(3),|241qsizp(3),|241qsizp(3),|241qsizp(3),;35051.1,36658.8,35993.2,36658.8,0,0,0,0,1686.010892141596
270frpca(3),241qsizp(3),|241qsizp(3),|241qsizp(3),|241qsizp(3),;35051.1,36658.8,35993.2,36658.8,0,0,0,0,1691.010892141596
270frpca(3),241qsizp(3),|241qsizp(3),|241qsizp(3),|241qsizp(3),;35051.1,36658.8,35993.2,36658.8,0,0,0,0,1696.010892141596
270frpca(3),241qsizp(3),|241qsizp(3),|241qsizp(3),|241qsizp(3),;35051.1,36658.8,35993.2,36658.8,0,0,0,0,1701.010892141596
270frpca(3),241qsizp(3),|241qsizp(3),|241qsizp(3),|241qsizp(3),;35051.1,36658.8,35993.2,36658.8,0,0,0,0,1706.010892141596
270frpca(3),241qsizp(3),|241qsizp(3),|241qsizp(3),|241qsizp(3),;35051.1,36658.8,35993.2,36658.8,0,0,0,0,1711.010892141596
270frpca(3),241qsizp(3),|241qsizp(3),|241qsizp(3),|241qsizp(3),;35051.1,36658.8,35993.2,36658.8,0,0,0,0,1716.010892141596
270frpca(3),241qsizp(3),|241qsizp(3),|241qsizp(3),|241qsizp(3),;35051.1,36658.8,35993.2,36658.8,0,0,0,0,1721.010892141596
270frpca(3),241qsizp(3),|241qsizp(3),|241qsizp(3),|241qsizp(3),;35051.1,36658.8,35993.2,36658.8,0,0,0,0,1726.010892141596
270frpca(3),241qsizp(3),|241qsizp(3),|241qsizp(3),|241qsizp(3),;35051.1,36658.8,35993.2,36658.8,0,0,0,0,1731.010892141596
270frpca(3),241qsizp(3),|241qsizp(3),|241qsizp(3),|241qsizp(3),;35051.1,36658.8,35993.2,36658.8,0,0,0,0,1736.010892141596
270frpca(3),241qsizp(3),|241qsizp(3),|241qsizp(3),438wilru(0),|241qsizp(3),438wilru(0),;35051.1,36658.8,35481.2,34610.8,0,0,3.994632113846,13.213064990558,1741.010892141596
270frpca(3),241qsizp(3),|241qsizp(3),|241qsizp(3),438wilru(3),|241qsizp(3),438wilru(2),;35051.1,36658.8,35481.2,34610.8,0,0,0,8.213064990558,1746.010892141596
270frpca(3),241qsizp(3),|241qsizp(3),|241qsizp(3),438wilru(3),|241qsizp(3),438wilru(2),;35051.1,36658.8,35481.2,34610.8,0,0,0,3.213064990558,1751.010892141596
270frpca(3),||438wilru(3),|438wilru(3),;37047.9,37990,37478,35942,0,0,0,0,1756.010892141596
270frpca(3),||438wilru(3),|438wilru(3),;37047.9,37990,37478,35942,0,0,0,0,1761.010892141596
270frpca(3),||438wilru(3),|438wilru(3),;37047.9,37990,37478,35942,0,0,0,0,1766.010892141596
270frpca(3),||438wilru(3),|438wilru(3),;37047.9,37990,37478,35942,0,0,0,0,1771.010892141596
270frpca(3),||438wilru(3),|438wilru(3),;37047.9,37990,37478,35942,0,0,0,0,1776.010892141596
270frpca(3),||438wilru(3),|438wilru(3),;37047.9,37990,37478,35942,0,0,0,0,1781.010892141596
270frpca(3),||438wilru(3),|438wilru(3),;37047.9,37990,37478,35942,0,0,0,0,1786.010892141596
270frpca(3),||438wilru(3),|438wilru(3),;37047.9,37990,37478,35942,0,0,0,0,1791.010892141596
270frpca(3),||438wilru(3),|438wilru(3),;37047.9,37990,37478,35942,0,0,0,0,1796.010892141596
270frpca(3),||438wilru(3),|438wilru(3),;37047.9,37990,37478,35942,0,0,0,0,1801.010892141596
270frpca(3),||438wilru(3),|438wilru(3),;37047.9,37990,37478,35942,0,0,0,0,1806.010892141596
270frpca(3),||438wilru(3),|438wilru(3),;37047.9,37990,37478,35942,0,0,0,0,1811.010892141596
270frpca(3),||438wilru(3),|438wilru(3),;37047.9,37990,37478,35942,0,0,0,0,1816.010892141596
270frpca(3),||438wilru(3),|438wilru(3),;37047.9,37990,37478,35942,0,0,0,0,1821.010892141596
270frpca(3),||438wilru(3),|438wilru(3),;37047.9,37990,37478,35942,0,0,0,0,1826.010892141596
270frpca(3),||438wilru(3),|438wilru(3),;37047.9,37990,37478,35942,0,0,0,0,1831.010892141596
270frpca(3),||438wilru(3),|438wilru(3),;37047.9,37990,37478,35942,0,0,0,0,1836.010892141596
270frpca(3),||438wilru(3),|438wilru(3),;37047.9,37990,37478,35942,0,0,0,0,1841.010892141596
270frpca(3),||438wilru(3),|438wilru(3),;37047.9,37990,37478,35942,0,0,0,0,1846.010892141596
270frpca(3),||438wilru(3),|438wilru(3),;37047.9,37990,37478,35942,0,0,0,0,1851.010892141596
270frpca(3),||438wilru(3),|438wilru(3),;37047.9,37990,37478,35942,0,0,0,0,1856.010892141596
270frpca(3),||438wilru(3),|438wilru(3),;37047.9,37990,37478,35942,0,0,0,0,1861.010892141596
270frpca(3),||438wilru(3),|438wilru(3),;37047.9,37990,37478,35942,0,0,0,0,1866.010892141596
270frpca(3),||438wilru(3),|438wilru(3),;37047.9,37990,37478,35942,0,0,0,0,1871.010892141596
270frpca(3),||438wilru(3),|438wilru(3),;37047.9,37990,37478,35942,0,0,0,0,1876.010892141596
270frpca(3),||438wilru(3),|438wilru(3),;37047.9,37990,37478,35942,0,0,0,0,1881.010892141596
270frpca(3),||438wilru(3),|438wilru(3),;37047.9,37990,37478,35942,0,0,0,0,1886.010892141596
270frpca(3),||438wilru(3),|438wilru(3),;37047.9,37990,37478,35942,0,0,0,0,1891.010892141596
270frpca(3),||438wilru(3),|438wilru(3),;37047.9,37990,37478,35942,0,0,0,0,1896.010892141596
270frpca(3),||438wilru(3),|438wilru(3),;37047.9,37990,37478,35942,0,0,0,0,1901.010892141596
270frpca(3),||438wilru(3),|438wilru(3),;37047.9,37990,37478,35942,0,0,0,0,1906.010892141596
270frpca(3),||438wilru(3),|438wilru(3),;37047.9,37990,37478,35942,0,0,0,0,1911.010892141596
270frpca(3),||438wilru(3),|438wilru(3),;37047.9,37990,37478,35942,0,0,0,0,1916.010892141596
270frpca(3),||438wilru(3),|438wilru(3),;37047.9,37990,37478,35942,0,0,0,0,1921.010892141596
270frpca(3),||438wilru(3),|438wilru(3),;37047.9,37990,37478,35942,0,0,0,0,1926.010892141596
270frpca(3),||438wilru(3),|438wilru(3),;37047.9,37990,37478,35942,0,0,0,0,1931.010892141596
270frpca(3),||438wilru(3),|438wilru(3),;37047.9,37990,37478,35942,0,0,0,0,1936.010892141596
270frpca(3),||438wilru(3),|438wilru(3),;37047.9,37990,37478,35942,0,0,0,0,1941.010892141596
270frpca(3),||438wilru(3),|438wilru(3),;37047.9,37990,37478,35942,0,0,0,0,1946.010892141596
270frpca(3),||438wilru(3),|438wilru(3),;37047.9,37990,37478,35942,0,0,0,0,1951.010892141596
270frpca(3),||438wilru(3),|438wilru(3),;37047.9,37990,37478,35942,0,0,0,0,1956.010892141596
270frpca(3),||438wilru(3),|438wilru(3),;37047.9,37990,37478,35942,0,0,0,0,1961.010892141596
270frpca(3),||438wilru(3),|438wilru(3),;37047.9,37990,37478,35942,0,0,0,0,1966.010892141596
270frpca(3),||438wilru(3),|438wilru(3),;37047.9,37990,37478,35942,0,0,0,0,1971.010892141596
270frpca(3),||438wilru(3),|438wilru(3),;37047.9,37990,37478,35942,0,0,0,0,1976.010892141596
270frpca(3),||438wilru(3),|438wilru(3),;37047.9,37990,37478,35942,0,0,0,0,1981.010892141596
270frpca(3),||438wilru(3),|438wilru(3),;37047.9,37990,37478,35942,0,0,0,0,1986.010892141596
270frpca(3),||438wilru(3),|438wilru(3),;37047.9,37990,37478,35942,0,0,0,0,1991.010892141596
270frpca(3),||438wilru(3),|438wilru(3),;37047.9,37990,37478,35942,0,0,0,0,1996.010892141596
