|||;32051,32051,32051,32051,0,0,0,0,1.133899622129
|||;32051,32051,32051,32051,0,0,0,0,6.133899622129
|||;32051,32051,32051,32051,0,0,0,0,11.133899622129
|||;32051,32051,32051,32051,0,0,0,0,16.133899622129
|||;32051,32051,32051,32051,0,0,0,0,21.133899622129
|||;32051,32051,32051,32051,0,0,0,0,26.133899622129
|||;32051,32051,32051,32051,0,0,0,0,31.133899622129
|||;32051,32051,32051,32051,0,0,0,0,36.133899622129
|||;32051,32051,32051,32051,0,0,0,0,41.133899622129
|||;32051,32051,32051,32051,0,0,0,0,46.133899622129
|||;32051,32051,32051,32051,0,0,0,0,51.133899622129
|||;32051,32051,32051,32051,0,0,0,0,56.133899622129
|||;32051,32051,32051,32051,0,0,0,0,61.133899622129
|||;32051,32051,32051,32051,0,0,0,0,66.133899622129
|||;32051,32051,32051,32051,0,0,0,0,71.133899622129
|||;32051,32051,32051,32051,0,0,0,0,76.133899622129
|||;32051,32051,32051,32051,0,0,0,0,81.133899622129
|||;32051,32051,32051,32051,0,0,0,0,86.133899622129
|||;32051,32051,32051,32051,0,0,0,0,91.133899622129
|||;32051,32051,32051,32051,0,0,0,0,96.133899622129
|||;32051,32051,32051,32051,0,0,0,0,101.133899622129
|||;32051,32051,32051,32051,0,0,0,0,106.133899622129
|||;32051,32051,32051,32051,0,0,0,0,111.133899622129
|||;32051,32051,32051,32051,0,0,0,0,116.133899622129
|||;32051,32051,32051,32051,0,0,0,0,121.133899622129
|||;32051,32051,32051,32051,0,0,0,0,126.133899622129
|||;32051,32051,32051,32051,0,0,0,0,131.133899622129
37bhvfw(2),|37bhvfw(2),|37bhvfw(2),|37bhvfw(2),;31037.2,31037.2,31037.2,31037.2,1.279982034693,1.279982034693,1.279982034693,1.279982034693,136.133899622129
|||;32051,32051,32051,32051,0,0,0,0,141.133899622129
|||;32051,32051,32051,32051,0,0,0,0,146.133899622129
|||;32051,32051,32051,32051,0,0,0,0,151.133899622129
|||;32051,32051,32051,32051,0,0,0,0,156.133899622129
|||;32051,32051,32051,32051,0,0,0,0,161.133899622129
|||;32051,32051,32051,32051,0,0,0,0,166.133899622129
|||;32051,32051,32051,32051,0,0,0,0,171.133899622129
|||;32051,32051,32051,32051,0,0,0,0,176.133899622129
|||;32051,32051,32051,32051,0,0,0,0,181.133899622129
|||;32051,32051,32051,32051,0,0,0,0,186.133899622129
|||;32051,32051,32051,32051,0,0,0,0,191.133899622129
|||;32051,32051,32051,32051,0,0,0,0,196.133899622129
|||;32051,32051,32051,32051,0,0,0,0,201.133899622129
|||;32051,32051,32051,32051,0,0,0,0,206.133899622129
|||;32051,32051,32051,32051,0,0,0,0,211.133899622129
|||;32051,32051,32051,32051,0,0,0,0,216.133899622129
|||;32051,32051,32051,32051,0,0,0,0,221.133899622129
|||;32051,32051,32051,32051,0,0,0,0,226.133899622129
|||;32051,32051,32051,32051,0,0,0,0,231.133899622129
|||;32051,32051,32051,32051,0,0,0,0,236.133899622129
|||;32051,32051,32051,32051,0,0,0,0,241.133899622129
|||;32051,32051,32051,32051,0,0,0,0,246.133899622129
|||;32051,32051,32051,32051,0,0,0,0,251.133899622129
|||;32051,32051,32051,32051,0,0,0,0,256.133899622129
|||;32051,32051,32051,32051,0,0,0,0,261.133899622129
|||;32051,32051,32051,32051,0,0,0,0,266.133899622129
|||;32051,32051,32051,32051,0,0,0,0,271.133899622129
|||;32051,32051,32051,32051,0,0,0,0,276.133899622129
|||;32051,32051,32051,32051,0,0,0,0,281.133899622129
|||;32051,32051,32051,32051,0,0,0,0,286.133899622129
|416dzeql(2),||416dzeql(2),;32051,29639.5,32051,28835.6,0,9.934088485118,0,14.41943303923,291.133899622129
|416dzeql(2),||416dzeql(2),;32051,29639.5,32051,28835.6,0,4.934088485118,0,9.41943303923,296.133899622129
|416dzeql(3),||416dzeql(2),;32051,29639.5,32051,28835.6,0,0,0,4.41943303923,301.133899622129
|416dzeql(3),||416dzeql(3),;32051,29639.5,32051,28835.6,0,0,0,0,306.133899622129
|416dzeql(3),||416dzeql(3),;32051,29639.5,32051,28835.6,0,0,0,0,311.133899622129
466wpigm(0),|416dzeql(3),||416dzeql(3),;31037.2,29639.5,32051,28835.6,9.70576682593,0,0,0,316.133899622129
466wpigm(2),|416dzeql(3),||416dzeql(3),;31037.2,29639.5,32051,28835.6,4.70576682593,0,0,0,321.133899622129
|416dzeql(3),||416dzeql(3),;32051,29639.5,32051,28835.6,0,0,0,0,326.133899622129
|416dzeql(3),||416dzeql(3),;32051,29639.5,32051,28835.6,0,0,0,0,331.133899622129
|416dzeql(3),||416dzeql(3),;32051,29639.5,32051,28835.6,0,0,0,0,336.133899622129
|416dzeql(3),||416dzeql(3),;32051,29639.5,32051,28835.6,0,0,0,0,341.133899622129
|416dzeql(3),||416dzeql(3),;32051,29639.5,32051,28835.6,0,0,0,0,346.133899622129
|416dzeql(3),||416dzeql(3),;32051,29639.5,32051,28835.6,0,0,0,0,351.133899622129
|416dzeql(3),||416dzeql(3),;32051,29639.5,32051,28835.6,0,0,0,0,356.133899622129
884dbirs(0),|416dzeql(3),884dbirs(0),|884dbirs(0),|416dzeql(3),884dbirs(0),;30566.2,28154.7,30566.2,25866,10.964086689813,10.964086689813,10.964086689813,19.055784698471,361.133899622129
884dbirs(2),787kxhdc(0),|416dzeql(3),884dbirs(2),787kxhdc(0),|884dbirs(2),787kxhdc(0),|416dzeql(3),884dbirs(2),787kxhdc(0),;29014.8,26603.3,29014.8,25348.9,18.216290355251,18.216290355251,18.216290355251,20.671702164775,366.133899622129
884dbirs(2),787kxhdc(1),|416dzeql(3),884dbirs(2),787kxhdc(1),|884dbirs(2),787kxhdc(1),|416dzeql(3),884dbirs(2),787kxhdc(1),;29014.8,26603.3,29014.8,25348.9,13.216290355251,13.216290355251,13.216290355251,15.671702164775,371.133899622129
787kxhdc(2),|416dzeql(3),787kxhdc(2),|787kxhdc(2),|416dzeql(3),884dbirs(2),787kxhdc(1),;30499.6,28088.1,30499.6,25348.9,8.216290355251,8.216290355251,8.216290355251,10.671702164775,376.133899622129
787kxhdc(3),|416dzeql(3),787kxhdc(3),|787kxhdc(3),|416dzeql(3),787kxhdc(2),;30499.6,28088.1,30499.6,28318.5,3.216290355251,3.216290355251,3.216290355251,5.671702164775,381.133899622129
787kxhdc(3),|416dzeql(3),787kxhdc(3),|787kxhdc(3),|416dzeql(3),787kxhdc(3),;30499.6,28088.1,30499.6,28318.5,0,0,0,0.671702164775,386.133899622129
787kxhdc(3),|416dzeql(3),787kxhdc(3),|787kxhdc(3),|416dzeql(3),787kxhdc(3),;30499.6,28088.1,30499.6,28318.5,0,0,0,0,391.133899622129
787kxhdc(3),|416dzeql(3),787kxhdc(3),637osqek(0),|787kxhdc(3),|416dzeql(3),787kxhdc(3),;30499.6,27176.7,30499.6,28318.5,0,6.210176201395,0,0,396.133899622129
787kxhdc(3),|416dzeql(3),787kxhdc(3),637osqek(2),|787kxhdc(3),|416dzeql(3),787kxhdc(3),;30499.6,27176.7,30499.6,28318.5,0,1.210176201395,0,0,401.133899622129
787kxhdc(3),|416dzeql(3),787kxhdc(3),637osqek(3),|787kxhdc(3),|416dzeql(3),787kxhdc(3),;30499.6,27176.7,30499.6,28318.5,0,0,0,0,406.133899622129
787kxhdc(3),|416dzeql(3),787kxhdc(3),637osqek(3),|787kxhdc(3),|416dzeql(3),787kxhdc(3),;30499.6,27176.7,30499.6,28318.5,0,0,0,0,411.133899622129
787kxhdc(3),416tchza(0),|416dzeql(3),787kxhdc(3),637osqek(3),416tchza(0),|787kxhdc(3),416tchza(0),|416dzeql(3),787kxhdc(3),416tchza(0),;28364.6,25041.7,29076.2,26895.1,14.259957053438,14.259957053438,10.381522490668,10.381522490668,416.133899622129
787kxhdc(3),416tchza(2),|787kxhdc(3),637osqek(3),416tchza(2),|787kxhdc(3),416tchza(2),|787kxhdc(3),416tchza(2),;28364.6,27453.2,29076.2,30110.5,9.259957053438,9.259957053438,5.381522490668,5.381522490668,421.133899622129
787kxhdc(3),416tchza(2),|787kxhdc(3),637osqek(3),416tchza(2),|787kxhdc(3),416tchza(2),|787kxhdc(3),416tchza(2),;28364.6,27453.2,29076.2,30110.5,4.259957053438,4.259957053438,0.381522490668,0.381522490668,426.133899622129
787kxhdc(3),555ysqjd(0),|787kxhdc(3),637osqek(3),|787kxhdc(3),|787kxhdc(3),;29511.4,29588.2,30499.6,31533.9,11.369913784357,0,0,0,431.133899622129
787kxhdc(3),555ysqjd(2),|787kxhdc(3),637osqek(3),|787kxhdc(3),|787kxhdc(3),;29511.4,29588.2,30499.6,31533.9,6.369913784357,0,0,0,436.133899622129
787kxhdc(3),555ysqjd(3),|787kxhdc(3),637osqek(3),|787kxhdc(3),|787kxhdc(3),;29511.4,29588.2,30499.6,31533.9,1.369913784357,0,0,0,441.133899622129
787kxhdc(3),555ysqjd(3),|787kxhdc(3),637osqek(3),|787kxhdc(3),|787kxhdc(3),;29511.4,29588.2,30499.6,31533.9,0,0,0,0,446.133899622129
787kxhdc(3),555ysqjd(3),|787kxhdc(3),637osqek(3),|787kxhdc(3),|787kxhdc(3),;29511.4,29588.2,30499.6,31533.9,0,0,0,0,451.133899622129
787kxhdc(3),555ysqjd(3),|787kxhdc(3),637osqek(3),|787kxhdc(3),|787kxhdc(3),;29511.4,29588.2,30499.6,31533.9,0,0,0,0,456.133899622129
787kxhdc(3),|787kxhdc(3),637osqek(3),|787kxhdc(3),|787kxhdc(3),;30499.6,29588.2,30499.6,31533.9,0,0,0,0,461.133899622129
787kxhdc(3),|787kxhdc(3),637osqek(3),|787kxhdc(3),|787kxhdc(3),;30499.6,29588.2,30499.6,31533.9,0,0,0,0,466.133899622129
787kxhdc(3),|787kxhdc(3),637osqek(3),|787kxhdc(3),|787kxhdc(3),;30499.6,29588.2,30499.6,31533.9,0,0,0,0,471.133899622129
787kxhdc(3),|787kxhdc(3),637osqek(3),|787kxhdc(3),|787kxhdc(3),;30499.6,29588.2,30499.6,31533.9,0,0,0,0,476.133899622129
787kxhdc(3),|787kxhdc(3),637osqek(3),|787kxhdc(3),|787kxhdc(3),;30499.6,29588.2,30499.6,31533.9,0,0,0,0,481.133899622129
787kxhdc(3),|787kxhdc(3),637osqek(3),|787kxhdc(3),|787kxhdc(3),;30499.6,29588.2,30499.6,31533.9,0,0,0,0,486.133899622129
787kxhdc(3),|787kxhdc(3),637osqek(3),|787kxhdc(3),|787kxhdc(3),;30499.6,29588.2,30499.6,31533.9,0,0,0,0,491.133899622129
787kxhdc(3),|787kxhdc(3),637osqek(3),|787kxhdc(3),|787kxhdc(3),;30499.6,29588.2,30499.6,31533.9,0,0,0,0,496.133899622129
787kxhdc(3),|787kxhdc(3),637osqek(3),|787kxhdc(3),|787kxhdc(3),;30499.6,29588.2,30499.6,31533.9,0,0,0,0,501.133899622129
787kxhdc(3),|787kxhdc(3),637osqek(3),|787kxhdc(3),|787kxhdc(3),;30499.6,29588.2,30499.6,31533.9,0,0,0,0,506.133899622129
|637osqek(3),||;32051,31139.6,32051,32051,0,0,0,0,511.133899622129
|637osqek(3),||;32051,31139.6,32051,32051,0,0,0,0,516.133899622129
|637osqek(3),||;32051,31139.6,32051,32051,0,0,0,0,521.133899622129
|637osqek(3),||;32051,31139.6,32051,32051,0,0,0,0,526.133899622129
|637osqek(3),||;32051,31139.6,32051,32051,0,0,0,0,531.133899622129
|637osqek(3),||;32051,31139.6,32051,32051,0,0,0,0,536.133899622129
|637osqek(3),||;32051,31139.6,32051,32051,0,0,0,0,541.133899622129
|637osqek(3),||;32051,31139.6,32051,32051,0,0,0,0,546.133899622129
|637osqek(3),||;32051,31139.6,32051,32051,0,0,0,0,551.133899622129
|637osqek(3),||;32051,31139.6,32051,32051,0,0,0,0,556.133899622129
|637osqek(3),||;32051,31139.6,32051,32051,0,0,0,0,561.133899622129
|637osqek(3),||;32051,31139.6,32051,32051,0,0,0,0,566.133899622129
|637osqek(3),||;32051,31139.6,32051,32051,0,0,0,0,571.133899622129
|637osqek(3),||;32051,31139.6,32051,32051,0,0,0,0,576.133899622129
|637osqek(3),||;32051,31139.6,32051,32051,0,0,0,0,581.133899622129
|637osqek(3),||;32051,31139.6,32051,32051,0,0,0,0,586.133899622129
|637osqek(3),||;32051,31139.6,32051,32051,0,0,0,0,591.133899622129
|637osqek(3),||;32051,31139.6,32051,32051,0,0,0,0,596.133899622129
|637osqek(3),||;32051,31139.6,32051,32051,0,0,0,0,601.133899622129
|637osqek(3),||;32051,31139.6,32051,32051,0,0,0,0,606.133899622129
|||;32051,32051,32051,32051,0,0,0,0,611.133899622129
|||;32051,32051,32051,32051,0,0,0,0,616.133899622129
|||;32051,32051,32051,32051,0,0,0,0,621.133899622129
|||;32051,32051,32051,32051,0,0,0,0,626.133899622129
|||;32051,32051,32051,32051,0,0,0,0,631.133899622129
|||;32051,32051,32051,32051,0,0,0,0,636.133899622129
|||;32051,32051,32051,32051,0,0,0,0,641.133899622129
|||;32051,32051,32051,32051,0,0,0,0,646.133899622129
|||;32051,32051,32051,32051,0,0,0,0,651.133899622129
|||;32051,32051,32051,32051,0,0,0,0,656.133899622129
|||;32051,32051,32051,32051,0,0,0,0,661.133899622129
|||;32051,32051,32051,32051,0,0,0,0,666.133899622129
|||;32051,32051,32051,32051,0,0,0,0,671.133899622129
|||;32051,32051,32051,32051,0,0,0,0,676.133899622129
|||;32051,32051,32051,32051,0,0,0,0,681.133899622129
|||;32051,32051,32051,32051,0,0,0,0,686.133899622129
|||;32051,32051,32051,32051,0,0,0,0,691.133899622129
|||;32051,32051,32051,32051,0,0,0,0,696.133899622129
|||;32051,32051,32051,32051,0,0,0,0,701.133899622129
|||;32051,32051,32051,32051,0,0,0,0,706.133899622129
|||;32051,32051,32051,32051,0,0,0,0,711.133899622129
|||;32051,32051,32051,32051,0,0,0,0,716.133899622129
|||;32051,32051,32051,32051,0,0,0,0,721.133899622129
|||;32051,32051,32051,32051,0,0,0,0,726.133899622129
|||;32051,32051,32051,32051,0,0,0,0,731.133899622129
|||;32051,32051,32051,32051,0,0,0,0,736.133899622129
|||;32051,32051,32051,32051,0,0,0,0,741.133899622129
|||;32051,32051,32051,32051,0,0,0,0,746.133899622129
|||;32051,32051,32051,32051,0,0,0,0,751.133899622129
|||;32051,32051,32051,32051,0,0,0,0,756.133899622129
|||;32051,32051,32051,32051,0,0,0,0,761.133899622129
|||;32051,32051,32051,32051,0,0,0,0,766.133899622129
|||;32051,32051,32051,32051,0,0,0,0,771.133899622129
|||;32051,32051,32051,32051,0,0,0,0,776.133899622129
|||;32051,32051,32051,32051,0,0,0,0,781.133899622129
|||;32051,32051,32051,32051,0,0,0,0,786.133899622129
|||;32051,32051,32051,32051,0,0,0,0,791.133899622129
|||;32051,32051,32051,32051,0,0,0,0,796.133899622129
818fpnej(2),|818fpnej(2),||818fpnej(2),;31324,27688.8,32051,29869.9,3.238670406702,22.576045991117,0,10.973620640468,801.133899622129
254izfwj(0),|818fpnej(2),|254izfwj(0),|818fpnej(2),254izfwj(0),;28528.5,27688.8,28528.4,28108.6,23.07319762081,17.576045991117,20.736637591979,21.209719871892,806.133899622129
254izfwj(2),|818fpnej(2),|254izfwj(2),|818fpnej(2),254izfwj(1),;28528.5,27688.8,28528.4,28108.6,18.07319762081,12.576045991117,15.736637591979,16.209719871892,811.133899622129
254izfwj(2),|818fpnej(2),|254izfwj(2),|254izfwj(2),;28528.5,27688.8,28528.4,30289.7,13.07319762081,7.576045991117,10.736637591979,11.209719871892,816.133899622129
254izfwj(2),|818fpnej(2),|254izfwj(2),|254izfwj(2),;28528.5,27688.8,28528.4,30289.7,8.07319762081,2.576045991117,5.736637591979,6.209719871892,821.133899622129
254izfwj(2),|818fpnej(3),|254izfwj(2),|;28528.5,27688.8,28528.4,32051,3.07319762081,0,0.736637591979,1.209719871892,826.133899622129
|818fpnej(3),||;32051.1,27688.8,32051,32051,0,0,0,0,831.133899622129
|818fpnej(3),||;32051.1,27688.8,32051,32051,0,0,0,0,836.133899622129
|818fpnej(3),||;32051.1,27688.8,32051,32051,0,0,0,0,841.133899622129
|818fpnej(3),||;32051.1,27688.8,32051,32051,0,0,0,0,846.133899622129
|818fpnej(3),||;32051.1,27688.8,32051,32051,0,0,0,0,851.133899622129
|818fpnej(3),||;32051.1,27688.8,32051,32051,0,0,0,0,856.133899622129
|818fpnej(3),||;32051.1,27688.8,32051,32051,0,0,0,0,861.133899622129
|818fpnej(3),||;32051.1,27688.8,32051,32051,0,0,0,0,866.133899622129
736lhjbv(0),|818fpnej(3),736lhjbv(0),|736lhjbv(0),|736lhjbv(0),;31185.8,26823.5,31185.7,31185.7,6.085662476561,6.085662476561,6.085662476561,6.085662476561,871.133899622129
736lhjbv(2),|818fpnej(3),736lhjbv(2),|736lhjbv(2),|736lhjbv(2),;31185.8,26823.5,31185.7,31185.7,1.085662476561,1.085662476561,1.085662476561,1.085662476561,876.133899622129
|818fpnej(3),||;32051.1,27688.8,32051,32051,0,0,0,0,881.133899622129
|818fpnej(3),||;32051.1,27688.8,32051,32051,0,0,0,0,886.133899622129
|818fpnej(3),||;32051.1,27688.8,32051,32051,0,0,0,0,891.133899622129
|818fpnej(3),||;32051.1,27688.8,32051,32051,0,0,0,0,896.133899622129
|818fpnej(3),||;32051.1,27688.8,32051,32051,0,0,0,0,901.133899622129
|818fpnej(3),||;32051.1,27688.8,32051,32051,0,0,0,0,906.133899622129
|818fpnej(3),|146rfykg(0),|;32051.1,27688.8,24217.4,32051,0,0,48.611234235312,0,911.133899622129
|818fpnej(3),|146rfykg(0),|;32051.1,27688.8,24217.4,32051,0,0,43.611234235312,0,916.133899622129
|818fpnej(3),|146rfykg(2),|;32051.1,27688.8,24217.4,32051,0,0,38.611234235312,0,921.133899622129
|818fpnej(3),|146rfykg(2),|;32051.1,27688.8,24217.4,32051,0,0,33.611234235312,0,926.133899622129
|818fpnej(3),|146rfykg(2),|;32051.1,27688.8,24217.4,32051,0,0,28.611234235312,0,931.133899622129
|818fpnej(3),|146rfykg(2),|;32051.1,27688.8,24217.4,32051,0,0,23.611234235312,0,936.133899622129
|818fpnej(3),|146rfykg(2),|;32051.1,27688.8,24217.4,32051,0,0,18.611234235312,0,941.133899622129
|818fpnej(3),|146rfykg(2),|;32051.1,27688.8,24217.4,32051,0,0,13.611234235312,0,946.133899622129
|818fpnej(3),|146rfykg(2),|;32051.1,27688.8,24217.4,32051,0,0,8.611234235312,0,951.133899622129
|818fpnej(3),|146rfykg(2),|;32051.1,27688.8,24217.4,32051,0,0,3.611234235312,0,956.133899622129
|818fpnej(3),|146rfykg(3),|;32051.1,27688.8,24217.4,32051,0,0,0,0,961.133899622129
|818fpnej(3),|146rfykg(3),|;32051.1,27688.8,24217.4,32051,0,0,0,0,966.133899622129
||146rfykg(3),|;32051.1,32051,24217.4,32051,0,0,0,0,971.133899622129
||146rfykg(3),|;32051.1,32051,24217.4,32051,0,0,0,0,976.133899622129
||146rfykg(3),|;32051.1,32051,24217.4,32051,0,0,0,0,981.133899622129
||146rfykg(3),|;32051.1,32051,24217.4,32051,0,0,0,0,986.133899622129
||146rfykg(3),|;32051.1,32051,24217.4,32051,0,0,0,0,991.133899622129
||146rfykg(3),|;32051.1,32051,24217.4,32051,0,0,0,0,996.133899622129
||146rfykg(3),|;32051.1,32051,24217.4,32051,0,0,0,0,1001.133899622129
||146rfykg(3),|;32051.1,32051,24217.4,32051,0,0,0,0,1006.133899622129
||146rfykg(3),|;32051.1,32051,24217.4,32051,0,0,0,0,1011.133899622129
||146rfykg(3),|;32051.1,32051,24217.4,32051,0,0,0,0,1016.133899622129
||146rfykg(3),|;32051.1,32051,24217.4,32051,0,0,0,0,1021.133899622129
||146rfykg(3),|;32051.1,32051,24217.4,32051,0,0,0,0,1026.133899622129
||146rfykg(3),|;32051.1,32051,24217.4,32051,0,0,0,0,1031.133899622129
||146rfykg(3),|;32051.1,32051,24217.4,32051,0,0,0,0,1036.133899622129
||146rfykg(3),|;32051.1,32051,24217.4,32051,0,0,0,0,1041.133899622129
||146rfykg(3),|;32051.1,32051,24217.4,32051,0,0,0,0,1046.133899622129
||146rfykg(3),|;32051.1,32051,24217.4,32051,0,0,0,0,1051.133899622129
308dgafn(2),|308dgafn(2),|146rfykg(3),308dgafn(2),|308dgafn(2),;29486,30340.9,21652.3,30340.9,12.856695004163,8.308326380787,12.856695004163,8.308326380787,1056.133899622129
308dgafn(2),|308dgafn(2),|308dgafn(2),|308dgafn(2),;29486,30340.9,29485.9,30340.9,7.856695004163,3.308326380787,7.856695004163,3.308326380787,1061.133899622129
308dgafn(2),||308dgafn(2),|;29486,32051,29485.9,32051,2.856695004163,0,2.856695004163,0,1066.133899622129
|951xczhg(0),||951xczhg(0),;32051.1,31206.2,32051,31206.2,0,5.428106467058,0,5.428106467058,1071.133899622129
|951xczhg(2),||951xczhg(2),;32051.1,31206.2,32051,31206.2,0,0.428106467058,0,0.428106467058,1076.133899622129
|||;32051.1,32051,32051,32051,0,0,0,0,1081.133899622129
|||;32051.1,32051,32051,32051,0,0,0,0,1086.133899622129
|||;32051.1,32051,32051,32051,0,0,0,0,1091.133899622129
|||;32051.1,32051,32051,32051,0,0,0,0,1096.133899622129
|||;32051.1,32051,32051,32051,0,0,0,0,1101.133899622129
306hlnqo(3),||306hlnqo(3),|;31390.6,32051,31390.5,32051,0,0,0,0,1106.133899622129
306hlnqo(3),||306hlnqo(3),|;31390.6,32051,31390.5,32051,0,0,0,0,1111.133899622129
306hlnqo(3),||306hlnqo(3),|;31390.6,32051,31390.5,32051,0,0,0,0,1116.133899622129
306hlnqo(3),||306hlnqo(3),|;31390.6,32051,31390.5,32051,0,0,0,0,1121.133899622129
306hlnqo(3),||306hlnqo(3),|;31390.6,32051,31390.5,32051,0,0,0,0,1126.133899622129
306hlnqo(3),||306hlnqo(3),|;31390.6,32051,31390.5,32051,0,0,0,0,1131.133899622129
306hlnqo(3),||306hlnqo(3),|;31390.6,32051,31390.5,32051,0,0,0,0,1136.133899622129
306hlnqo(3),||306hlnqo(3),|;31390.6,32051,31390.5,32051,0,0,0,0,1141.133899622129
306hlnqo(3),31unsca(0),||306hlnqo(3),31unsca(0),|31unsca(0),;30520.2,32051,30520.1,30310.2,5.739298662544,0,5.739298662544,10.3693745067,1146.133899622129
306hlnqo(3),31unsca(2),||306hlnqo(3),31unsca(2),|31unsca(2),;30520.2,32051,30520.1,30310.2,0.739298662544,0,0.739298662544,5.3693745067,1151.133899622129
306hlnqo(3),||306hlnqo(3),|31unsca(2),;31390.6,32051,31390.5,30310.2,0,0,0,0.3693745067,1156.133899622129
306hlnqo(3),||306hlnqo(3),|31unsca(3),;31390.6,32051,31390.5,30310.2,0,0,0,0,1161.133899622129
306hlnqo(3),||306hlnqo(3),|31unsca(3),;31390.6,32051,31390.5,30310.2,0,0,0,0,1166.133899622129
306hlnqo(3),||306hlnqo(3),|31unsca(3),;31390.6,32051,31390.5,30310.2,0,0,0,0,1171.133899622129
306hlnqo(3),||306hlnqo(3),|31unsca(3),;31390.6,32051,31390.5,30310.2,0,0,0,0,1176.133899622129
306hlnqo(3),||306hlnqo(3),|31unsca(3),;31390.6,32051,31390.5,30310.2,0,0,0,0,1181.133899622129
|||31unsca(3),;32051.1,32051,32051,30310.2,0,0,0,0,1186.133899622129
|||;32051.1,32051,32051,32051,0,0,0,0,1191.133899622129
|||;32051.1,32051,32051,32051,0,0,0,0,1196.133899622129
|||;32051.1,32051,32051,32051,0,0,0,0,1201.133899622129
|||;32051.1,32051,32051,32051,0,0,0,0,1206.133899622129
|||;32051.1,32051,32051,32051,0,0,0,0,1211.133899622129
|||;32051.1,32051,32051,32051,0,0,0,0,1216.133899622129
|||;32051.1,32051,32051,32051,0,0,0,0,1221.133899622129
|||;32051.1,32051,32051,32051,0,0,0,0,1226.133899622129
|||;32051.1,32051,32051,32051,0,0,0,0,1231.133899622129
|||;32051.1,32051,32051,32051,0,0,0,0,1236.133899622129
|||;32051.1,32051,32051,32051,0,0,0,0,1241.133899622129
|||;32051.1,32051,32051,32051,0,0,0,0,1246.133899622129
|||;32051.1,32051,32051,32051,0,0,0,0,1251.133899622129
|||;32051.1,32051,32051,32051,0,0,0,0,1256.133899622129
|||;32051.1,32051,32051,32051,0,0,0,0,1261.133899622129
|||;32051.1,32051,32051,32051,0,0,0,0,1266.133899622129
|||;32051.1,32051,32051,32051,0,0,0,0,1271.133899622129
|||;32051.1,32051,32051,32051,0,0,0,0,1276.133899622129
|||;32051.1,32051,32051,32051,0,0,0,0,1281.133899622129
|||;32051.1,32051,32051,32051,0,0,0,0,1286.133899622129
|||;32051.1,32051,32051,32051,0,0,0,0,1291.133899622129
|||;32051.1,32051,32051,32051,0,0,0,0,1296.133899622129
|||;32051.1,32051,32051,32051,0,0,0,0,1301.133899622129
|||;32051.1,32051,32051,32051,0,0,0,0,1306.133899622129
|||;32051.1,32051,32051,32051,0,0,0,0,1311.133899622129
|||;32051.1,32051,32051,32051,0,0,0,0,1316.133899622129
|||;32051.1,32051,32051,32051,0,0,0,0,1321.133899622129
|||;32051.1,32051,32051,32051,0,0,0,0,1326.133899622129
|||;32051.1,32051,32051,32051,0,0,0,0,1331.133899622129
|||;32051.1,32051,32051,32051,0,0,0,0,1336.133899622129
|||;32051.1,32051,32051,32051,0,0,0,0,1341.133899622129
|||;32051.1,32051,32051,32051,0,0,0,0,1346.133899622129
|||;32051.1,32051,32051,32051,0,0,0,0,1351.133899622129
|||;32051.1,32051,32051,32051,0,0,0,0,1356.133899622129
|||;32051.1,32051,32051,32051,0,0,0,0,1361.133899622129
|||;32051.1,32051,32051,32051,0,0,0,0,1366.133899622129
|||;32051.1,32051,32051,32051,0,0,0,0,1371.133899622129
|||;32051.1,32051,32051,32051,0,0,0,0,1376.133899622129
|||;32051.1,32051,32051,32051,0,0,0,0,1381.133899622129
|||;32051.1,32051,32051,32051,0,0,0,0,1386.133899622129
|||;32051.1,32051,32051,32051,0,0,0,0,1391.133899622129
|||;32051.1,32051,32051,32051,0,0,0,0,1396.133899622129
|||;32051.1,32051,32051,32051,0,0,0,0,1401.133899622129
|||;32051.1,32051,32051,32051,0,0,0,0,1406.133899622129
|||;32051.1,32051,32051,32051,0,0,0,0,1411.133899622129
|||;32051.1,32051,32051,32051,0,0,0,0,1416.133899622129
|||;32051.1,32051,32051,32051,0,0,0,0,1421.133899622129
|||;32051.1,32051,32051,32051,0,0,0,0,1426.133899622129
|||;32051.1,32051,32051,32051,0,0,0,0,1431.133899622129
|||;32051.1,32051,32051,32051,0,0,0,0,1436.133899622129
|||;32051.1,32051,32051,32051,0,0,0,0,1441.133899622129
|||;32051.1,32051,32051,32051,0,0,0,0,1446.133899622129
|||;32051.1,32051,32051,32051,0,0,0,0,1451.133899622129
|||;32051.1,32051,32051,32051,0,0,0,0,1456.133899622129
|||;32051.1,32051,32051,32051,0,0,0,0,1461.133899622129
|||;32051.1,32051,32051,32051,0,0,0,0,1466.133899622129
|||;32051.1,32051,32051,32051,0,0,0,0,1471.133899622129
|||;32051.1,32051,32051,32051,0,0,0,0,1476.133899622129
|||;32051.1,32051,32051,32051,0,0,0,0,1481.133899622129
|||;32051.1,32051,32051,32051,0,0,0,0,1486.133899622129
|||;32051.1,32051,32051,32051,0,0,0,0,1491.133899622129
|||;32051.1,32051,32051,32051,0,0,0,0,1496.133899622129
|||;32051.1,32051,32051,32051,0,0,0,0,1501.133899622129
|||;32051.1,32051,32051,32051,0,0,0,0,1506.133899622129
|||;32051.1,32051,32051,32051,0,0,0,0,1511.133899622129
|||;32051.1,32051,32051,32051,0,0,0,0,1516.133899622129
|||;32051.1,32051,32051,32051,0,0,0,0,1521.133899622129
|||;32051.1,32051,32051,32051,0,0,0,0,1526.133899622129
|||;32051.1,32051,32051,32051,0,0,0,0,1531.133899622129
|||;32051.1,32051,32051,32051,0,0,0,0,1536.133899622129
|||;32051.1,32051,32051,32051,0,0,0,0,1541.133899622129
|||;32051.1,32051,32051,32051,0,0,0,0,1546.133899622129
|||;32051.1,32051,32051,32051,0,0,0,0,1551.133899622129
|||;32051.1,32051,32051,32051,0,0,0,0,1556.133899622129
|||;32051.1,32051,32051,32051,0,0,0,0,1561.133899622129
|||;32051.1,32051,32051,32051,0,0,0,0,1566.133899622129
|||;32051.1,32051,32051,32051,0,0,0,0,1571.133899622129
|||;32051.1,32051,32051,32051,0,0,0,0,1576.133899622129
|||;32051.1,32051,32051,32051,0,0,0,0,1581.133899622129
|||;32051.1,32051,32051,32051,0,0,0,0,1586.133899622129
|||;32051.1,32051,32051,32051,0,0,0,0,1591.133899622129
|||;32051.1,32051,32051,32051,0,0,0,0,1596.133899622129
|||;32051.1,32051,32051,32051,0,0,0,0,1601.133899622129
|||;32051.1,32051,32051,32051,0,0,0,0,1606.133899622129
|||;32051.1,32051,32051,32051,0,0,0,0,1611.133899622129
|||;32051.1,32051,32051,32051,0,0,0,0,1616.133899622129
|||;32051.1,32051,32051,32051,0,0,0,0,1621.133899622129
|||;32051.1,32051,32051,32051,0,0,0,0,1626.133899622129
|||;32051.1,32051,32051,32051,0,0,0,0,1631.133899622129
|||;32051.1,32051,32051,32051,0,0,0,0,1636.133899622129
|||;32051.1,32051,32051,32051,0,0,0,0,1641.133899622129
|||;32051.1,32051,32051,32051,0,0,0,0,1646.133899622129
|||;32051.1,32051,32051,32051,0,0,0,0,1651.133899622129
|||;32051.1,32051,32051,32051,0,0,0,0,1656.133899622129
|||;32051.1,32051,32051,32051,0,0,0,0,1661.133899622129
|||;32051.1,32051,32051,32051,0,0,0,0,1666.133899622129
|||;32051.1,32051,32051,32051,0,0,0,0,1671.133899622129
|||;32051.1,32051,32051,32051,0,0,0,0,1676.133899622129
|||;32051.1,32051,32051,32051,0,0,0,0,1681.133899622129
|||;32051.1,32051,32051,32051,0,0,0,0,1686.133899622129
|||;32051.1,32051,32051,32051,0,0,0,0,1691.133899622129
|||;32051.1,32051,32051,32051,0,0,0,0,1696.133899622129
|||;32051.1,32051,32051,32051,0,0,0,0,1701.133899622129
|||;32051.1,32051,32051,32051,0,0,0,0,1706.133899622129
|||;32051.1,32051,32051,32051,0,0,0,0,1711.133899622129
|||;32051.1,32051,32051,32051,0,0,0,0,1716.133899622129
|||;32051.1,32051,32051,32051,0,0,0,0,1721.133899622129
|||;32051.1,32051,32051,32051,0,0,0,0,1726.133899622129
|||;32051.1,32051,32051,32051,0,0,0,0,1731.133899622129
|||;32051.1,32051,32051,32051,0,0,0,0,1736.133899622129
|||;32051.1,32051,32051,32051,0,0,0,0,1741.133899622129
|||;32051.1,32051,32051,32051,0,0,0,0,1746.133899622129
|||;32051.1,32051,32051,32051,0,0,0,0,1751.133899622129
|||;32051.1,32051,32051,32051,0,0,0,0,1756.133899622129
|||;32051.1,32051,32051,32051,0,0,0,0,1761.133899622129
|||;32051.1,32051,32051,32051,0,0,0,0,1766.133899622129
|||;32051.1,32051,32051,32051,0,0,0,0,1771.133899622129
|||;32051.1,32051,32051,32051,0,0,0,0,1776.133899622129
|||;32051.1,32051,32051,32051,0,0,0,0,1781.133899622129
|||;32051.1,32051,32051,32051,0,0,0,0,1786.133899622129
|||;32051.1,32051,32051,32051,0,0,0,0,1791.133899622129
|||;32051.1,32051,32051,32051,0,0,0,0,1796.133899622129
|||;32051.1,32051,32051,32051,0,0,0,0,1801.133899622129
|||;32051.1,32051,32051,32051,0,0,0,0,1806.133899622129
|||;32051.1,32051,32051,32051,0,0,0,0,1811.133899622129
|||;32051.1,32051,32051,32051,0,0,0,0,1816.133899622129
|||;32051.1,32051,32051,32051,0,0,0,0,1821.133899622129
|||;32051.1,32051,32051,32051,0,0,0,0,1826.133899622129
|||;32051.1,32051,32051,32051,0,0,0,0,1831.133899622129
|||;32051.1,32051,32051,32051,0,0,0,0,1836.133899622129
|||;32051.1,32051,32051,32051,0,0,0,0,1841.133899622129
|||;32051.1,32051,32051,32051,0,0,0,0,1846.133899622129
|||;32051.1,32051,32051,32051,0,0,0,0,1851.133899622129
|||;32051.1,32051,32051,32051,0,0,0,0,1856.133899622129
|||;32051.1,32051,32051,32051,0,0,0,0,1861.133899622129
|||;32051.1,32051,32051,32051,0,0,0,0,1866.133899622129
|||;32051.1,32051,32051,32051,0,0,0,0,1871.133899622129
|||;32051.1,32051,32051,32051,0,0,0,0,1876.133899622129
|||;32051.1,32051,32051,32051,0,0,0,0,1881.133899622129
|||;32051.1,32051,32051,32051,0,0,0,0,1886.133899622129
|||;32051.1,32051,32051,32051,0,0,0,0,1891.133899622129
|||;32051.1,32051,32051,32051,0,0,0,0,1896.133899622129
|||;32051.1,32051,32051,32051,0,0,0,0,1901.133899622129
|||;32051.1,32051,32051,32051,0,0,0,0,1906.133899622129
|||;32051.1,32051,32051,32051,0,0,0,0,1911.133899622129
|||;32051.1,32051,32051,32051,0,0,0,0,1916.133899622129
|||;32051.1,32051,32051,32051,0,0,0,0,1921.133899622129
|||;32051.1,32051,32051,32051,0,0,0,0,1926.133899622129
|||;32051.1,32051,32051,32051,0,0,0,0,1931.133899622129
|||;32051.1,32051,32051,32051,0,0,0,0,1936.133899622129
|||;32051.1,32051,32051,32051,0,0,0,0,1941.133899622129
|||;32051.1,32051,32051,32051,0,0,0,0,1946.133899622129
|||;32051.1,32051,32051,32051,0,0,0,0,1951.133899622129
|||;32051.1,32051,32051,32051,0,0,0,0,1956.133899622129
|||;32051.1,32051,32051,32051,0,0,0,0,1961.133899622129
|||;32051.1,32051,32051,32051,0,0,0,0,1966.133899622129
|||;32051.1,32051,32051,32051,0,0,0,0,1971.133899622129
|||;32051.1,32051,32051,32051,0,0,0,0,1976.133899622129
|||;32051.1,32051,32051,32051,0,0,0,0,1981.133899622129
|||;32051.1,32051,32051,32051,0,0,0,0,1986.133899622129
|||;32051.1,32051,32051,32051,0,0,0,0,1991.133899622129
|||;32051.1,32051,32051,32051,0,0,0,0,1996.133899622129
