|||;23449,23449,23449,23449,0,0,0,0,1.145705846692
|||;23449,23449,23449,23449,0,0,0,0,6.145705846692
|||;23449,23449,23449,23449,0,0,0,0,11.145705846692
|||;23449,23449,23449,23449,0,0,0,0,16.145705846692
|||;23449,23449,23449,23449,0,0,0,0,21.145705846692
|||;23449,23449,23449,23449,0,0,0,0,26.145705846692
|||;23449,23449,23449,23449,0,0,0,0,31.145705846692
|||;23449,23449,23449,23449,0,0,0,0,36.145705846692
|||;23449,23449,23449,23449,0,0,0,0,41.145705846692
|||;23449,23449,23449,23449,0,0,0,0,46.145705846692
|||;23449,23449,23449,23449,0,0,0,0,51.145705846692
|||;23449,23449,23449,23449,0,0,0,0,56.145705846692
|||;23449,23449,23449,23449,0,0,0,0,61.145705846692
|||;23449,23449,23449,23449,0,0,0,0,66.145705846692
|||;23449,23449,23449,23449,0,0,0,0,71.145705846692
|||;23449,23449,23449,23449,0,0,0,0,76.145705846692
|||;23449,23449,23449,23449,0,0,0,0,81.145705846692
|||;23449,23449,23449,23449,0,0,0,0,86.145705846692
578qlmjt(2),|578qlmjt(2),|578qlmjt(2),|578qlmjt(2),;21022.1,21831.1,21831.1,21831.1,6.731271750836,3.063035019654,3.063035019654,3.063035019654,91.145705846692
578qlmjt(2),1gwzpr(0),|1gwzpr(0),|1gwzpr(0),|1gwzpr(0),;19578.3,22727.1,22727.1,19117.5,12.559169804641,5.617380041201,5.617380041201,21.985145202491,96.145705846692
1gwzpr(2),|||1gwzpr(2),;22005.2,23449,23449,19117.5,7.559169804641,0.617380041201,0.617380041201,16.985145202491,101.145705846692
|||1gwzpr(2),;23449,23449,23449,19117.5,2.559169804641,0,0,11.985145202491,106.145705846692
|||1gwzpr(2),;23449,23449,23449,19117.5,0,0,0,6.985145202491,111.145705846692
|||1gwzpr(3),;23449,23449,23449,19117.5,0,0,0,1.985145202491,116.145705846692
|||1gwzpr(3),;23449,23449,23449,19117.5,0,0,0,0,121.145705846692
|||1gwzpr(3),;23449,23449,23449,19117.5,0,0,0,0,126.145705846692
|||1gwzpr(3),;23449,23449,23449,19117.5,0,0,0,0,131.145705846692
|||1gwzpr(3),;23449,23449,23449,19117.5,0,0,0,0,136.145705846692
|||1gwzpr(3),;23449,23449,23449,19117.5,0,0,0,0,141.145705846692
|||1gwzpr(3),;23449,23449,23449,19117.5,0,0,0,0,146.145705846692
|||1gwzpr(3),;23449,23449,23449,19117.5,0,0,0,0,151.145705846692
|||1gwzpr(3),;23449,23449,23449,19117.5,0,0,0,0,156.145705846692
|||1gwzpr(3),;23449,23449,23449,19117.5,0,0,0,0,161.145705846692
|||1gwzpr(3),;23449,23449,23449,19117.5,0,0,0,0,166.145705846692
|||1gwzpr(3),;23449,23449,23449,19117.5,0,0,0,0,171.145705846692
|||1gwzpr(3),;23449,23449,23449,19117.5,0,0,0,0,176.145705846692
|||1gwzpr(3),;23449,23449,23449,19117.5,0,0,0,0,181.145705846692
|||1gwzpr(3),;23449,23449,23449,19117.5,0,0,0,0,186.145705846692
|||;23449,23449,23449,23449,0,0,0,0,191.145705846692
|||;23449,23449,23449,23449,0,0,0,0,196.145705846692
|||;23449,23449,23449,23449,0,0,0,0,201.145705846692
|||;23449,23449,23449,23449,0,0,0,0,206.145705846692
26dnpge(2),||26dnpge(2),|;22373.8,23449,19685.8,23449,1.584914709206,0,13.773675999529,0,211.145705846692
||26dnpge(2),|;23449,23449,19685.8,23449,0,0,8.773675999529,0,216.145705846692
||26dnpge(2),|;23449,23449,19685.8,23449,0,0,3.773675999529,0,221.145705846692
||26dnpge(3),|;23449,23449,19685.8,23449,0,0,0,0,226.145705846692
||26dnpge(3),|;23449,23449,19685.8,23449,0,0,0,0,231.145705846692
||26dnpge(3),|;23449,23449,19685.8,23449,0,0,0,0,236.145705846692
||26dnpge(3),|;23449,23449,19685.8,23449,0,0,0,0,241.145705846692
||26dnpge(3),|;23449,23449,19685.8,23449,0,0,0,0,246.145705846692
||26dnpge(3),|;23449,23449,19685.8,23449,0,0,0,0,251.145705846692
||26dnpge(3),|;23449,23449,19685.8,23449,0,0,0,0,256.145705846692
||26dnpge(3),|;23449,23449,19685.8,23449,0,0,0,0,261.145705846692
||26dnpge(3),|;23449,23449,19685.8,23449,0,0,0,0,266.145705846692
||26dnpge(3),|;23449,23449,19685.8,23449,0,0,0,0,271.145705846692
26xocnj(0),||26dnpge(3),|26xocnj(0),;22435.2,23449,19685.8,22435.2,7.797537254932,0,0,7.797537254932,276.145705846692
26xocnj(2),|||26xocnj(2),;22435.2,23449,23449,22435.2,2.797537254932,0,0,2.797537254932,281.145705846692
26xocnj(3),|||26xocnj(3),;22435.2,23449,23449,22435.2,0,0,0,0,286.145705846692
26xocnj(3),|191yujex(0),||26xocnj(3),;22435.2,16117.2,23449,22435.2,0,34.775483679297,0,0,291.145705846692
26xocnj(3),|191yujex(2),||26xocnj(3),;22435.2,16117.2,23449,22435.2,0,29.775483679297,0,0,296.145705846692
26xocnj(3),|191yujex(2),||26xocnj(3),;22435.2,16117.2,23449,22435.2,0,24.775483679297,0,0,301.145705846692
26xocnj(3),|191yujex(2),||26xocnj(3),;22435.2,16117.2,23449,22435.2,0,19.775483679297,0,0,306.145705846692
26xocnj(3),304wkajh(0),|191yujex(2),304wkajh(0),|304wkajh(0),|26xocnj(3),304wkajh(0),;19588.5,15405.5,22025.6,20300.2,14.236389366199,21.714707924446,7.967483387704,11.101936376952,311.145705846692
26xocnj(3),304wkajh(2),|191yujex(2),304wkajh(1),|304wkajh(2),|26xocnj(3),304wkajh(2),;19588.5,15405.5,22025.6,20300.2,9.236389366199,16.714707924446,2.967483387704,6.101936376952,316.145705846692
26xocnj(3),304wkajh(2),|191yujex(2),304wkajh(1),||26xocnj(3),304wkajh(2),;19588.5,15405.5,23449,20300.2,4.236389366199,11.714707924446,0,1.101936376952,321.145705846692
26xocnj(3),|191yujex(3),304wkajh(2),||26xocnj(3),;22435.2,15405.5,23449,22435.2,0,6.714707924446,0,0,326.145705846692
26xocnj(3),|191yujex(3),||26xocnj(3),;22435.2,16117.2,23449,22435.2,0,1.714707924446,0,0,331.145705846692
26xocnj(3),|191yujex(3),||26xocnj(3),;22435.2,16117.2,23449,22435.2,0,0,0,0,336.145705846692
26xocnj(3),|191yujex(3),||26xocnj(3),;22435.2,16117.2,23449,22435.2,0,0,0,0,341.145705846692
26xocnj(3),|191yujex(3),||26xocnj(3),;22435.2,16117.2,23449,22435.2,0,0,0,0,346.145705846692
26xocnj(3),|191yujex(3),||26xocnj(3),;22435.2,16117.2,23449,22435.2,0,0,0,0,351.145705846692
26xocnj(3),|191yujex(3),||26xocnj(3),;22435.2,16117.2,23449,22435.2,0,0,0,0,356.145705846692
26xocnj(3),|191yujex(3),||26xocnj(3),;22435.2,16117.2,23449,22435.2,0,0,0,0,361.145705846692
26xocnj(3),|191yujex(3),||26xocnj(3),;22435.2,16117.2,23449,22435.2,0,0,0,0,366.145705846692
26xocnj(3),|191yujex(3),||26xocnj(3),;22435.2,16117.2,23449,22435.2,0,0,0,0,371.145705846692
26xocnj(3),|191yujex(3),||26xocnj(3),;22435.2,16117.2,23449,22435.2,0,0,0,0,376.145705846692
26xocnj(3),|191yujex(3),||26xocnj(3),;22435.2,16117.2,23449,22435.2,0,0,0,0,381.145705846692
26xocnj(3),|191yujex(3),||26xocnj(3),;22435.2,16117.2,23449,22435.2,0,0,0,0,386.145705846692
26xocnj(3),362awdbj(0),|191yujex(3),362awdbj(0),|362awdbj(0),|26xocnj(3),362awdbj(0),;19793.3,13475.3,21687.7,20673.9,14.625187627963,14.625187627963,10.631917262372,10.631917262372,391.145705846692
26xocnj(3),362awdbj(2),|191yujex(3),362awdbj(2),|362awdbj(2),|26xocnj(3),362awdbj(2),;19793.3,13475.3,21687.7,20673.9,9.625187627963,9.625187627963,5.631917262372,5.631917262372,396.145705846692
26xocnj(3),362awdbj(2),|191yujex(3),362awdbj(2),|362awdbj(2),|26xocnj(3),362awdbj(2),;19793.3,13475.3,21687.7,20673.9,4.625187627963,4.625187627963,0.631917262372,0.631917262372,401.145705846692
26xocnj(3),362awdbj(3),|191yujex(3),362awdbj(3),|362awdbj(3),|26xocnj(3),362awdbj(3),;19793.3,13475.3,21687.7,20673.9,0,0,0,0,406.145705846692
26xocnj(3),362awdbj(3),|191yujex(3),362awdbj(3),|362awdbj(3),|26xocnj(3),362awdbj(3),;19793.3,13475.3,21687.7,20673.9,0,0,0,0,411.145705846692
26xocnj(3),362awdbj(3),|191yujex(3),362awdbj(3),620pjuci(0),|362awdbj(3),|26xocnj(3),362awdbj(3),620pjuci(0),;19793.3,11324.9,21687.7,18523.5,0,11.971160134035,0,11.971160134035,416.145705846692
26xocnj(3),362awdbj(3),66pvkbf(0),|191yujex(3),362awdbj(3),620pjuci(2),66pvkbf(0),|362awdbj(3),66pvkbf(0),|26xocnj(3),362awdbj(3),620pjuci(2),66pvkbf(0),;17120.7,9543.14,20796.8,14960,15.262508095298,21.26943633409,7.183100611427,29.348843817961,421.145705846692
26xocnj(3),362awdbj(3),66pvkbf(2),|191yujex(3),362awdbj(3),620pjuci(2),66pvkbf(1),|362awdbj(3),66pvkbf(2),|26xocnj(3),362awdbj(3),620pjuci(2),66pvkbf(1),;17120.7,9543.14,20796.8,14960,10.262508095298,16.26943633409,2.183100611427,24.348843817961,426.145705846692
26xocnj(3),362awdbj(3),66pvkbf(2),|191yujex(3),362awdbj(3),620pjuci(3),66pvkbf(2),|362awdbj(3),|26xocnj(3),362awdbj(3),620pjuci(3),66pvkbf(2),;17120.7,9543.14,21687.7,14960,5.262508095298,11.26943633409,0,19.348843817961,431.145705846692
362awdbj(3),|191yujex(3),362awdbj(3),620pjuci(3),|362awdbj(3),|362awdbj(3),620pjuci(3),66pvkbf(2),;20807.1,11324.9,21687.7,15973.8,0.262508095298,6.26943633409,0,14.348843817961,436.145705846692
362awdbj(3),|191yujex(3),362awdbj(3),620pjuci(3),|362awdbj(3),729zqvip(0),|362awdbj(3),620pjuci(3),66pvkbf(2),729zqvip(0),;20807.1,11324.9,20842.9,8370.6,0,1.26943633409,4.248459498022,48.270252549772,441.145705846692
362awdbj(3),|191yujex(3),362awdbj(3),620pjuci(3),|362awdbj(3),|362awdbj(3),620pjuci(3),729zqvip(2),;20807.1,11324.9,21687.7,11934.1,0,0,0,43.270252549772,446.145705846692
362awdbj(3),|191yujex(3),362awdbj(3),620pjuci(3),|362awdbj(3),|362awdbj(3),620pjuci(3),729zqvip(2),;20807.1,11324.9,21687.7,11934.1,0,0,0,38.270252549772,451.145705846692
362awdbj(3),|191yujex(3),362awdbj(3),620pjuci(3),|362awdbj(3),|362awdbj(3),620pjuci(3),729zqvip(2),;20807.1,11324.9,21687.7,11934.1,0,0,0,33.270252549772,456.145705846692
362awdbj(3),|191yujex(3),362awdbj(3),620pjuci(3),|362awdbj(3),|362awdbj(3),620pjuci(3),729zqvip(2),;20807.1,11324.9,21687.7,11934.1,0,0,0,28.270252549772,461.145705846692
362awdbj(3),|191yujex(3),362awdbj(3),620pjuci(3),|362awdbj(3),|362awdbj(3),620pjuci(3),729zqvip(2),;20807.1,11324.9,21687.7,11934.1,0,0,0,23.270252549772,466.145705846692
362awdbj(3),|191yujex(3),362awdbj(3),620pjuci(3),|362awdbj(3),|362awdbj(3),620pjuci(3),729zqvip(2),;20807.1,11324.9,21687.7,11934.1,0,0,0,18.270252549772,471.145705846692
362awdbj(3),|191yujex(3),362awdbj(3),620pjuci(3),|362awdbj(3),|362awdbj(3),620pjuci(3),729zqvip(2),;20807.1,11324.9,21687.7,11934.1,0,0,0,13.270252549772,476.145705846692
362awdbj(3),|191yujex(3),362awdbj(3),620pjuci(3),|362awdbj(3),|362awdbj(3),620pjuci(3),729zqvip(3),;20807.1,11324.9,21687.7,11934.1,0,0,0,8.270252549772,481.145705846692
362awdbj(3),|191yujex(3),362awdbj(3),620pjuci(3),|362awdbj(3),|362awdbj(3),620pjuci(3),729zqvip(3),;20807.1,11324.9,21687.7,11934.1,0,0,0,3.270252549772,486.145705846692
362awdbj(3),|191yujex(3),362awdbj(3),620pjuci(3),|362awdbj(3),|362awdbj(3),620pjuci(3),729zqvip(3),;20807.1,11324.9,21687.7,11934.1,0,0,0,0,491.145705846692
362awdbj(3),|191yujex(3),362awdbj(3),620pjuci(3),|362awdbj(3),|362awdbj(3),620pjuci(3),729zqvip(3),;20807.1,11324.9,21687.7,11934.1,0,0,0,0,496.145705846692
362awdbj(3),|191yujex(3),362awdbj(3),620pjuci(3),|362awdbj(3),|362awdbj(3),620pjuci(3),729zqvip(3),;20807.1,11324.9,21687.7,11934.1,0,0,0,0,501.145705846692
362awdbj(3),|191yujex(3),362awdbj(3),620pjuci(3),|362awdbj(3),|362awdbj(3),620pjuci(3),729zqvip(3),;20807.1,11324.9,21687.7,11934.1,0,0,0,0,506.145705846692
362awdbj(3),|362awdbj(3),620pjuci(3),|362awdbj(3),|362awdbj(3),620pjuci(3),729zqvip(3),;20807.1,18656.7,21687.7,11934.1,0,0,0,0,511.145705846692
362awdbj(3),|362awdbj(3),620pjuci(3),|362awdbj(3),|362awdbj(3),620pjuci(3),729zqvip(3),;20807.1,18656.7,21687.7,11934.1,0,0,0,0,516.145705846692
362awdbj(3),|362awdbj(3),620pjuci(3),|362awdbj(3),|362awdbj(3),620pjuci(3),729zqvip(3),;20807.1,18656.7,21687.7,11934.1,0,0,0,0,521.145705846692
362awdbj(3),|362awdbj(3),620pjuci(3),|362awdbj(3),|362awdbj(3),620pjuci(3),729zqvip(3),;20807.1,18656.7,21687.7,11934.1,0,0,0,0,526.145705846692
362awdbj(3),|362awdbj(3),|362awdbj(3),|362awdbj(3),729zqvip(3),;20807.1,20807.1,21687.7,14084.5,0,0,0,0,531.145705846692
362awdbj(3),53spork(0),|362awdbj(3),53spork(0),|362awdbj(3),53spork(0),|362awdbj(3),729zqvip(3),53spork(0),;18902.5,18267.6,20417.9,13449.6,8.602904989489,11.399107656155,5.806702322822,3.010499656155,536.145705846692
362awdbj(3),53spork(2),|362awdbj(3),53spork(2),|362awdbj(3),53spork(2),|362awdbj(3),729zqvip(3),;18902.5,18267.6,20417.9,14084.5,3.602904989489,6.399107656155,0.806702322822,0,541.145705846692
362awdbj(3),360gzhcn(0),|362awdbj(3),53spork(2),360gzhcn(0),|362awdbj(3),360gzhcn(0),|362awdbj(3),729zqvip(3),360gzhcn(0),;18349.5,16629.2,20868.5,10807.7,14.67607758444,13.864276810246,4.663868036052,14.687354189119,546.145705846692
362awdbj(3),360gzhcn(2),|362awdbj(3),360gzhcn(2),|362awdbj(3),|362awdbj(3),729zqvip(3),360gzhcn(2),;18349.5,19168.7,21687.7,10807.7,9.67607758444,8.864276810246,0,9.687354189119,551.145705846692
362awdbj(3),360gzhcn(2),|362awdbj(3),360gzhcn(3),|362awdbj(3),|362awdbj(3),729zqvip(3),360gzhcn(2),;18349.5,19168.7,21687.7,10807.7,4.67607758444,3.864276810246,0,4.687354189119,556.145705846692
362awdbj(3),360gzhcn(3),|362awdbj(3),360gzhcn(3),|362awdbj(3),|362awdbj(3),729zqvip(3),360gzhcn(3),;18349.5,19168.7,21687.7,10807.7,0,0,0,0,561.145705846692
362awdbj(3),360gzhcn(3),497uyjca(0),|362awdbj(3),360gzhcn(3),|362awdbj(3),497uyjca(0),|362awdbj(3),729zqvip(3),360gzhcn(3),;16245.2,19168.7,20284.8,10807.7,12.899374089965,0,9.718687810396,0,566.145705846692
362awdbj(3),360gzhcn(3),497uyjca(2),|362awdbj(3),360gzhcn(3),|362awdbj(3),497uyjca(2),|362awdbj(3),729zqvip(3),360gzhcn(3),;16245.2,19168.7,20284.8,10807.7,7.899374089965,0,4.718687810396,0,571.145705846692
360gzhcn(3),497uyjca(2),|360gzhcn(3),130yijbx(0),|497uyjca(3),|729zqvip(3),360gzhcn(3),;18887.1,20796.8,22046.1,12569,2.899374089965,6.218000335972,0,0,576.145705846692
360gzhcn(3),497uyjca(3),|360gzhcn(3),130yijbx(2),|497uyjca(3),|729zqvip(3),360gzhcn(3),;18887.1,20796.8,22046.1,12569,0,1.218000335972,0,0,581.145705846692
360gzhcn(3),497uyjca(3),|360gzhcn(3),130yijbx(3),|497uyjca(3),|729zqvip(3),360gzhcn(3),;18887.1,20796.8,22046.1,12569,0,0,0,0,586.145705846692
360gzhcn(3),497uyjca(3),|360gzhcn(3),130yijbx(3),|497uyjca(3),|729zqvip(3),360gzhcn(3),;18887.1,20796.8,22046.1,12569,0,0,0,0,591.145705846692
360gzhcn(3),497uyjca(3),|360gzhcn(3),130yijbx(3),|497uyjca(3),|729zqvip(3),360gzhcn(3),;18887.1,20796.8,22046.1,12569,0,0,0,0,596.145705846692
360gzhcn(3),497uyjca(3),|360gzhcn(3),130yijbx(3),|497uyjca(3),|729zqvip(3),360gzhcn(3),;18887.1,20796.8,22046.1,12569,0,0,0,0,601.145705846692
360gzhcn(3),497uyjca(3),|360gzhcn(3),130yijbx(3),|497uyjca(3),|729zqvip(3),360gzhcn(3),;18887.1,20796.8,22046.1,12569,0,0,0,0,606.145705846692
360gzhcn(3),497uyjca(3),|360gzhcn(3),130yijbx(3),|497uyjca(3),|729zqvip(3),360gzhcn(3),;18887.1,20796.8,22046.1,12569,0,0,0,0,611.145705846692
360gzhcn(3),497uyjca(3),|360gzhcn(3),130yijbx(3),|497uyjca(3),|729zqvip(3),360gzhcn(3),;18887.1,20796.8,22046.1,12569,0,0,0,0,616.145705846692
360gzhcn(3),497uyjca(3),|360gzhcn(3),130yijbx(3),|497uyjca(3),|729zqvip(3),360gzhcn(3),;18887.1,20796.8,22046.1,12569,0,0,0,0,621.145705846692
360gzhcn(3),|360gzhcn(3),130yijbx(3),||729zqvip(3),360gzhcn(3),;20991.4,20796.8,23449,12569,0,0,0,0,626.145705846692
360gzhcn(3),|360gzhcn(3),130yijbx(3),||729zqvip(3),360gzhcn(3),;20991.4,20796.8,23449,12569,0,0,0,0,631.145705846692
360gzhcn(3),|360gzhcn(3),130yijbx(3),||729zqvip(3),360gzhcn(3),;20991.4,20796.8,23449,12569,0,0,0,0,636.145705846692
360gzhcn(3),|360gzhcn(3),130yijbx(3),||729zqvip(3),360gzhcn(3),;20991.4,20796.8,23449,12569,0,0,0,0,641.145705846692
360gzhcn(3),684uzxvt(0),|360gzhcn(3),130yijbx(3),684uzxvt(0),|684uzxvt(0),|729zqvip(3),360gzhcn(3),684uzxvt(0),;20315.6,20121,22773.2,11893.2,3.805260604057,3.805260604057,3.805260604057,3.805260604057,646.145705846692
360gzhcn(3),|360gzhcn(3),130yijbx(3),||729zqvip(3),360gzhcn(3),684uzxvt(3),;20991.4,20796.8,23449,11893.2,0,0,0,0,651.145705846692
360gzhcn(3),|360gzhcn(3),130yijbx(3),||360gzhcn(3),684uzxvt(3),;20991.4,20796.8,23449,19496.4,0,0,0,0,656.145705846692
360gzhcn(3),|360gzhcn(3),130yijbx(3),||360gzhcn(3),684uzxvt(3),;20991.4,20796.8,23449,19496.4,0,0,0,0,661.145705846692
360gzhcn(3),|360gzhcn(3),130yijbx(3),||360gzhcn(3),684uzxvt(3),;20991.4,20796.8,23449,19496.4,0,0,0,0,666.145705846692
360gzhcn(3),|360gzhcn(3),130yijbx(3),||360gzhcn(3),684uzxvt(3),;20991.4,20796.8,23449,19496.4,0,0,0,0,671.145705846692
360gzhcn(3),|360gzhcn(3),130yijbx(3),||360gzhcn(3),684uzxvt(3),;20991.4,20796.8,23449,19496.4,0,0,0,0,676.145705846692
360gzhcn(3),|360gzhcn(3),130yijbx(3),||360gzhcn(3),684uzxvt(3),;20991.4,20796.8,23449,19496.4,0,0,0,0,681.145705846692
360gzhcn(3),|360gzhcn(3),130yijbx(3),||360gzhcn(3),684uzxvt(3),;20991.4,20796.8,23449,19496.4,0,0,0,0,686.145705846692
360gzhcn(3),|360gzhcn(3),130yijbx(3),||360gzhcn(3),684uzxvt(3),;20991.4,20796.8,23449,19496.4,0,0,0,0,691.145705846692
360gzhcn(3),|360gzhcn(3),130yijbx(3),||360gzhcn(3),684uzxvt(3),;20991.4,20796.8,23449,19496.4,0,0,0,0,696.145705846692
|130yijbx(3),||684uzxvt(3),;23449,22435.2,23449,22773.2,0,0,0,0,701.145705846692
|130yijbx(3),||684uzxvt(3),;23449,22435.2,23449,22773.2,0,0,0,0,706.145705846692
|130yijbx(3),||684uzxvt(3),;23449,22435.2,23449,22773.2,0,0,0,0,711.145705846692
|130yijbx(3),||684uzxvt(3),;23449,22435.2,23449,22773.2,0,0,0,0,716.145705846692
|130yijbx(3),||684uzxvt(3),;23449,22435.2,23449,22773.2,0,0,0,0,721.145705846692
|130yijbx(3),||684uzxvt(3),;23449,22435.2,23449,22773.2,0,0,0,0,726.145705846692
|130yijbx(3),||684uzxvt(3),;23449,22435.2,23449,22773.2,0,0,0,0,731.145705846692
|130yijbx(3),||684uzxvt(3),;23449,22435.2,23449,22773.2,0,0,0,0,736.145705846692
|130yijbx(3),||684uzxvt(3),;23449,22435.2,23449,22773.2,0,0,0,0,741.145705846692
|130yijbx(3),||684uzxvt(3),;23449,22435.2,23449,22773.2,0,0,0,0,746.145705846692
|130yijbx(3),||684uzxvt(3),;23449,22435.2,23449,22773.2,0,0,0,0,751.145705846692
|130yijbx(3),||684uzxvt(3),;23449,22435.2,23449,22773.2,0,0,0,0,756.145705846692
|||684uzxvt(3),;23449,23449,23449,22773.2,0,0,0,0,761.145705846692
|||684uzxvt(3),;23449,23449,23449,22773.2,0,0,0,0,766.145705846692
|||684uzxvt(3),;23449,23449,23449,22773.2,0,0,0,0,771.145705846692
|||684uzxvt(3),;23449,23449,23449,22773.2,0,0,0,0,776.145705846692
|||684uzxvt(3),;23449,23449,23449,22773.2,0,0,0,0,781.145705846692
|||684uzxvt(3),;23449,23449,23449,22773.2,0,0,0,0,786.145705846692
|||684uzxvt(3),;23449,23449,23449,22773.2,0,0,0,0,791.145705846692
|||684uzxvt(3),;23449,23449,23449,22773.2,0,0,0,0,796.145705846692
|||684uzxvt(3),;23449,23449,23449,22773.2,0,0,0,0,801.145705846692
|||;23449,23449,23449,23449,0,0,0,0,806.145705846692
|||;23449,23449,23449,23449,0,0,0,0,811.145705846692
|||;23449,23449,23449,23449,0,0,0,0,816.145705846692
|||;23449,23449,23449,23449,0,0,0,0,821.145705846692
|||;23449,23449,23449,23449,0,0,0,0,826.145705846692
|||;23449,23449,23449,23449,0,0,0,0,831.145705846692
|||;23449,23449,23449,23449,0,0,0,0,836.145705846692
|||;23449,23449,23449,23449,0,0,0,0,841.145705846692
|||;23449,23449,23449,23449,0,0,0,0,846.145705846692
|||;23449,23449,23449,23449,0,0,0,0,851.145705846692
|||;23449,23449,23449,23449,0,0,0,0,856.145705846692
|||;23449,23449,23449,23449,0,0,0,0,861.145705846692
25txedq(2),|25txedq(2),|25txedq(2),|25txedq(2),;22322.6,21759.4,21759.4,22322.6,0.98538563909,3.539221338015,3.539221338015,0.98538563909,866.145705846692
|||;23449,23449,23449,23449,0,0,0,0,871.145705846692
|||;23449,23449,23449,23449,0,0,0,0,876.145705846692
|||;23449,23449,23449,23449,0,0,0,0,881.145705846692
|||;23449,23449,23449,23449,0,0,0,0,886.145705846692
|||;23449,23449,23449,23449,0,0,0,0,891.145705846692
|||;23449,23449,23449,23449,0,0,0,0,896.145705846692
|||;23449,23449,23449,23449,0,0,0,0,901.145705846692
|||;23449,23449,23449,23449,0,0,0,0,906.145705846692
|||;23449,23449,23449,23449,0,0,0,0,911.145705846692
|||;23449,23449,23449,23449,0,0,0,0,916.145705846692
|||;23449,23449,23449,23449,0,0,0,0,921.145705846692
|||;23449,23449,23449,23449,0,0,0,0,926.145705846692
|||;23449,23449,23449,23449,0,0,0,0,931.145705846692
|||;23449,23449,23449,23449,0,0,0,0,936.145705846692
297umyxt(2),|297umyxt(2),|297umyxt(2),|297umyxt(2),;21544.4,22179.2,21544.4,22179.2,5.74535366308,2.949150996413,5.74535366308,2.949150996413,941.145705846692
297umyxt(2),||297umyxt(2),|;21544.4,23449,21544.4,23449,0.74535366308,0,0.74535366308,0,946.145705846692
|||;23449,23449,23449,23449,0,0,0,0,951.145705846692
|||;23449,23449,23449,23449,0,0,0,0,956.145705846692
|||;23449,23449,23449,23449,0,0,0,0,961.145705846692
|||;23449,23449,23449,23449,0,0,0,0,966.145705846692
|||;23449,23449,23449,23449,0,0,0,0,971.145705846692
|||;23449,23449,23449,23449,0,0,0,0,976.145705846692
|||;23449,23449,23449,23449,0,0,0,0,981.145705846692
|||;23449,23449,23449,23449,0,0,0,0,986.145705846692
|||;23449,23449,23449,23449,0,0,0,0,991.145705846692
|||;23449,23449,23449,23449,0,0,0,0,996.145705846692
|||;23449,23449,23449,23449,0,0,0,0,1001.145705846692
|||;23449,23449,23449,23449,0,0,0,0,1006.145705846692
|||;23449,23449,23449,23449,0,0,0,0,1011.145705846692
|||;23449,23449,23449,23449,0,0,0,0,1016.145705846692
|||;23449,23449,23449,23449,0,0,0,0,1021.145705846692
|||;23449,23449,23449,23449,0,0,0,0,1026.145705846692
|||;23449,23449,23449,23449,0,0,0,0,1031.145705846692
|||;23449,23449,23449,23449,0,0,0,0,1036.145705846692
|||;23449,23449,23449,23449,0,0,0,0,1041.145705846692
|||;23449,23449,23449,23449,0,0,0,0,1046.145705846692
|||;23449,23449,23449,23449,0,0,0,0,1051.145705846692
|||;23449,23449,23449,23449,0,0,0,0,1056.145705846692
|||;23449,23449,23449,23449,0,0,0,0,1061.145705846692
|||;23449,23449,23449,23449,0,0,0,0,1066.145705846692
|||;23449,23449,23449,23449,0,0,0,0,1071.145705846692
|||;23449,23449,23449,23449,0,0,0,0,1076.145705846692
|||;23449,23449,23449,23449,0,0,0,0,1081.145705846692
|||;23449,23449,23449,23449,0,0,0,0,1086.145705846692
|||;23449,23449,23449,23449,0,0,0,0,1091.145705846692
|||;23449,23449,23449,23449,0,0,0,0,1096.145705846692
|||;23449,23449,23449,23449,0,0,0,0,1101.145705846692
|||;23449,23449,23449,23449,0,0,0,0,1106.145705846692
|||;23449,23449,23449,23449,0,0,0,0,1111.145705846692
|||;23449,23449,23449,23449,0,0,0,0,1116.145705846692
|||;23449,23449,23449,23449,0,0,0,0,1121.145705846692
|||;23449,23449,23449,23449,0,0,0,0,1126.145705846692
|||;23449,23449,23449,23449,0,0,0,0,1131.145705846692
|||;23449,23449,23449,23449,0,0,0,0,1136.145705846692
|||;23449,23449,23449,23449,0,0,0,0,1141.145705846692
|||;23449,23449,23449,23449,0,0,0,0,1146.145705846692
|||;23449,23449,23449,23449,0,0,0,0,1151.145705846692
|||;23449,23449,23449,23449,0,0,0,0,1156.145705846692
|||;23449,23449,23449,23449,0,0,0,0,1161.145705846692
|||;23449,23449,23449,23449,0,0,0,0,1166.145705846692
|||;23449,23449,23449,23449,0,0,0,0,1171.145705846692
|||;23449,23449,23449,23449,0,0,0,0,1176.145705846692
|||;23449,23449,23449,23449,0,0,0,0,1181.145705846692
|||;23449,23449,23449,23449,0,0,0,0,1186.145705846692
|||;23449,23449,23449,23449,0,0,0,0,1191.145705846692
|||;23449,23449,23449,23449,0,0,0,0,1196.145705846692
|||;23449,23449,23449,23449,0,0,0,0,1201.145705846692
|||;23449,23449,23449,23449,0,0,0,0,1206.145705846692
|||;23449,23449,23449,23449,0,0,0,0,1211.145705846692
|||;23449,23449,23449,23449,0,0,0,0,1216.145705846692
|||;23449,23449,23449,23449,0,0,0,0,1221.145705846692
|||;23449,23449,23449,23449,0,0,0,0,1226.145705846692
|||;23449,23449,23449,23449,0,0,0,0,1231.145705846692
|||;23449,23449,23449,23449,0,0,0,0,1236.145705846692
|||;23449,23449,23449,23449,0,0,0,0,1241.145705846692
|||;23449,23449,23449,23449,0,0,0,0,1246.145705846692
|||;23449,23449,23449,23449,0,0,0,0,1251.145705846692
|||;23449,23449,23449,23449,0,0,0,0,1256.145705846692
|||;23449,23449,23449,23449,0,0,0,0,1261.145705846692
|||;23449,23449,23449,23449,0,0,0,0,1266.145705846692
|||;23449,23449,23449,23449,0,0,0,0,1271.145705846692
|||;23449,23449,23449,23449,0,0,0,0,1276.145705846692
|||;23449,23449,23449,23449,0,0,0,0,1281.145705846692
|||;23449,23449,23449,23449,0,0,0,0,1286.145705846692
|||;23449,23449,23449,23449,0,0,0,0,1291.145705846692
|||;23449,23449,23449,23449,0,0,0,0,1296.145705846692
|||;23449,23449,23449,23449,0,0,0,0,1301.145705846692
|||;23449,23449,23449,23449,0,0,0,0,1306.145705846692
|||;23449,23449,23449,23449,0,0,0,0,1311.145705846692
|||;23449,23449,23449,23449,0,0,0,0,1316.145705846692
|||;23449,23449,23449,23449,0,0,0,0,1321.145705846692
|||;23449,23449,23449,23449,0,0,0,0,1326.145705846692
|||;23449,23449,23449,23449,0,0,0,0,1331.145705846692
|||;23449,23449,23449,23449,0,0,0,0,1336.145705846692
|||;23449,23449,23449,23449,0,0,0,0,1341.145705846692
|||;23449,23449,23449,23449,0,0,0,0,1346.145705846692
|||;23449,23449,23449,23449,0,0,0,0,1351.145705846692
|||;23449,23449,23449,23449,0,0,0,0,1356.145705846692
|||;23449,23449,23449,23449,0,0,0,0,1361.145705846692
|||;23449,23449,23449,23449,0,0,0,0,1366.145705846692
|||;23449,23449,23449,23449,0,0,0,0,1371.145705846692
|||;23449,23449,23449,23449,0,0,0,0,1376.145705846692
|||;23449,23449,23449,23449,0,0,0,0,1381.145705846692
|||;23449,23449,23449,23449,0,0,0,0,1386.145705846692
|||;23449,23449,23449,23449,0,0,0,0,1391.145705846692
|||;23449,23449,23449,23449,0,0,0,0,1396.145705846692
|||;23449,23449,23449,23449,0,0,0,0,1401.145705846692
|||;23449,23449,23449,23449,0,0,0,0,1406.145705846692
|||;23449,23449,23449,23449,0,0,0,0,1411.145705846692
|||;23449,23449,23449,23449,0,0,0,0,1416.145705846692
|||;23449,23449,23449,23449,0,0,0,0,1421.145705846692
|||;23449,23449,23449,23449,0,0,0,0,1426.145705846692
|||;23449,23449,23449,23449,0,0,0,0,1431.145705846692
|||;23449,23449,23449,23449,0,0,0,0,1436.145705846692
|||;23449,23449,23449,23449,0,0,0,0,1441.145705846692
|||;23449,23449,23449,23449,0,0,0,0,1446.145705846692
|||;23449,23449,23449,23449,0,0,0,0,1451.145705846692
|||;23449,23449,23449,23449,0,0,0,0,1456.145705846692
|||;23449,23449,23449,23449,0,0,0,0,1461.145705846692
|||;23449,23449,23449,23449,0,0,0,0,1466.145705846692
|||;23449,23449,23449,23449,0,0,0,0,1471.145705846692
|||;23449,23449,23449,23449,0,0,0,0,1476.145705846692
|||;23449,23449,23449,23449,0,0,0,0,1481.145705846692
|||;23449,23449,23449,23449,0,0,0,0,1486.145705846692
|||;23449,23449,23449,23449,0,0,0,0,1491.145705846692
|||;23449,23449,23449,23449,0,0,0,0,1496.145705846692
|||;23449,23449,23449,23449,0,0,0,0,1501.145705846692
|||;23449,23449,23449,23449,0,0,0,0,1506.145705846692
|||;23449,23449,23449,23449,0,0,0,0,1511.145705846692
|||;23449,23449,23449,23449,0,0,0,0,1516.145705846692
|||;23449,23449,23449,23449,0,0,0,0,1521.145705846692
|||;23449,23449,23449,23449,0,0,0,0,1526.145705846692
|||;23449,23449,23449,23449,0,0,0,0,1531.145705846692
|||;23449,23449,23449,23449,0,0,0,0,1536.145705846692
|||;23449,23449,23449,23449,0,0,0,0,1541.145705846692
|||;23449,23449,23449,23449,0,0,0,0,1546.145705846692
|||;23449,23449,23449,23449,0,0,0,0,1551.145705846692
975odnqp(2),|975odnqp(2),|975odnqp(2),|975odnqp(2),;22056.4,20663.7,22752.7,21360,3.45779202746,9.772731210256,0.300322436062,6.615261618858,1556.145705846692
975odnqp(3),|975odnqp(2),|975odnqp(3),|975odnqp(2),;22056.4,20663.7,22752.7,21360,0,4.772731210256,0,1.615261618858,1561.145705846692
975odnqp(3),|975odnqp(3),|975odnqp(3),|975odnqp(3),;22056.4,20663.7,22752.7,21360,0,0,0,0,1566.145705846692
975odnqp(3),|975odnqp(3),|975odnqp(3),|975odnqp(3),;22056.4,20663.7,22752.7,21360,0,0,0,0,1571.145705846692
975odnqp(3),|975odnqp(3),|975odnqp(3),|975odnqp(3),;22056.4,20663.7,22752.7,21360,0,0,0,0,1576.145705846692
975odnqp(3),|975odnqp(3),|975odnqp(3),|975odnqp(3),;22056.4,20663.7,22752.7,21360,0,0,0,0,1581.145705846692
975odnqp(3),|975odnqp(3),|975odnqp(3),|975odnqp(3),;22056.4,20663.7,22752.7,21360,0,0,0,0,1586.145705846692
975odnqp(3),|975odnqp(3),|975odnqp(3),|975odnqp(3),;22056.4,20663.7,22752.7,21360,0,0,0,0,1591.145705846692
975odnqp(3),|975odnqp(3),|975odnqp(3),|975odnqp(3),;22056.4,20663.7,22752.7,21360,0,0,0,0,1596.145705846692
975odnqp(3),178mkija(2),|975odnqp(3),178mkija(2),|975odnqp(3),178mkija(2),|975odnqp(3),178mkija(2),;20827.6,18820.5,20909.5,20131.2,4.234139832798,6.940142413443,6.940142413443,4.234139832798,1601.145705846692
975odnqp(3),|975odnqp(3),178mkija(2),|975odnqp(3),178mkija(2),|975odnqp(3),;22056.4,18820.5,20909.5,21360,0,1.940142413443,1.940142413443,0,1606.145705846692
975odnqp(3),|975odnqp(3),|975odnqp(3),|975odnqp(3),;22056.4,20663.7,22752.7,21360,0,0,0,0,1611.145705846692
975odnqp(3),|975odnqp(3),|975odnqp(3),|975odnqp(3),;22056.4,20663.7,22752.7,21360,0,0,0,0,1616.145705846692
975odnqp(3),|975odnqp(3),|975odnqp(3),|975odnqp(3),;22056.4,20663.7,22752.7,21360,0,0,0,0,1621.145705846692
975odnqp(3),|975odnqp(3),|975odnqp(3),|975odnqp(3),;22056.4,20663.7,22752.7,21360,0,0,0,0,1626.145705846692
975odnqp(3),|975odnqp(3),|975odnqp(3),|975odnqp(3),;22056.4,20663.7,22752.7,21360,0,0,0,0,1631.145705846692
975odnqp(3),|975odnqp(3),|975odnqp(3),|975odnqp(3),;22056.4,20663.7,22752.7,21360,0,0,0,0,1636.145705846692
975odnqp(3),|975odnqp(3),|975odnqp(3),|975odnqp(3),;22056.4,20663.7,22752.7,21360,0,0,0,0,1641.145705846692
975odnqp(3),|975odnqp(3),|975odnqp(3),|975odnqp(3),;22056.4,20663.7,22752.7,21360,0,0,0,0,1646.145705846692
975odnqp(3),|975odnqp(3),|975odnqp(3),|975odnqp(3),;22056.4,20663.7,22752.7,21360,0,0,0,0,1651.145705846692
975odnqp(3),|975odnqp(3),|975odnqp(3),|975odnqp(3),;22056.4,20663.7,22752.7,21360,0,0,0,0,1656.145705846692
975odnqp(3),|975odnqp(3),|975odnqp(3),|975odnqp(3),;22056.4,20663.7,22752.7,21360,0,0,0,0,1661.145705846692
975odnqp(3),|975odnqp(3),|975odnqp(3),|975odnqp(3),;22056.4,20663.7,22752.7,21360,0,0,0,0,1666.145705846692
975odnqp(3),|975odnqp(3),|975odnqp(3),|975odnqp(3),;22056.4,20663.7,22752.7,21360,0,0,0,0,1671.145705846692
975odnqp(3),|975odnqp(3),|975odnqp(3),|975odnqp(3),;22056.4,20663.7,22752.7,21360,0,0,0,0,1676.145705846692
975odnqp(3),|975odnqp(3),|975odnqp(3),|975odnqp(3),;22056.4,20663.7,22752.7,21360,0,0,0,0,1681.145705846692
975odnqp(3),|975odnqp(3),|975odnqp(3),|975odnqp(3),;22056.4,20663.7,22752.7,21360,0,0,0,0,1686.145705846692
975odnqp(3),|975odnqp(3),|975odnqp(3),|975odnqp(3),;22056.4,20663.7,22752.7,21360,0,0,0,0,1691.145705846692
975odnqp(3),|975odnqp(3),|975odnqp(3),|975odnqp(3),;22056.4,20663.7,22752.7,21360,0,0,0,0,1696.145705846692
975odnqp(3),|975odnqp(3),|975odnqp(3),|975odnqp(3),;22056.4,20663.7,22752.7,21360,0,0,0,0,1701.145705846692
975odnqp(3),|975odnqp(3),|975odnqp(3),|975odnqp(3),;22056.4,20663.7,22752.7,21360,0,0,0,0,1706.145705846692
975odnqp(3),|975odnqp(3),|975odnqp(3),|975odnqp(3),;22056.4,20663.7,22752.7,21360,0,0,0,0,1711.145705846692
975odnqp(3),|975odnqp(3),|975odnqp(3),|975odnqp(3),;22056.4,20663.7,22752.7,21360,0,0,0,0,1716.145705846692
975odnqp(3),|975odnqp(3),|975odnqp(3),|975odnqp(3),;22056.4,20663.7,22752.7,21360,0,0,0,0,1721.145705846692
975odnqp(3),|975odnqp(3),|975odnqp(3),|975odnqp(3),;22056.4,20663.7,22752.7,21360,0,0,0,0,1726.145705846692
975odnqp(3),|975odnqp(3),|975odnqp(3),|975odnqp(3),;22056.4,20663.7,22752.7,21360,0,0,0,0,1731.145705846692
975odnqp(3),|975odnqp(3),|975odnqp(3),|975odnqp(3),;22056.4,20663.7,22752.7,21360,0,0,0,0,1736.145705846692
975odnqp(3),|975odnqp(3),|975odnqp(3),|975odnqp(3),;22056.4,20663.7,22752.7,21360,0,0,0,0,1741.145705846692
975odnqp(3),|975odnqp(3),|975odnqp(3),|975odnqp(3),;22056.4,20663.7,22752.7,21360,0,0,0,0,1746.145705846692
975odnqp(3),|975odnqp(3),|975odnqp(3),|975odnqp(3),;22056.4,20663.7,22752.7,21360,0,0,0,0,1751.145705846692
975odnqp(3),|975odnqp(3),|975odnqp(3),|975odnqp(3),;22056.4,20663.7,22752.7,21360,0,0,0,0,1756.145705846692
975odnqp(3),|975odnqp(3),|975odnqp(3),|975odnqp(3),;22056.4,20663.7,22752.7,21360,0,0,0,0,1761.145705846692
975odnqp(3),|975odnqp(3),|975odnqp(3),|975odnqp(3),;22056.4,20663.7,22752.7,21360,0,0,0,0,1766.145705846692
975odnqp(3),|975odnqp(3),|975odnqp(3),|975odnqp(3),;22056.4,20663.7,22752.7,21360,0,0,0,0,1771.145705846692
975odnqp(3),|975odnqp(3),|975odnqp(3),|975odnqp(3),;22056.4,20663.7,22752.7,21360,0,0,0,0,1776.145705846692
975odnqp(3),|975odnqp(3),|975odnqp(3),|975odnqp(3),;22056.4,20663.7,22752.7,21360,0,0,0,0,1781.145705846692
975odnqp(3),|975odnqp(3),|975odnqp(3),|975odnqp(3),;22056.4,20663.7,22752.7,21360,0,0,0,0,1786.145705846692
975odnqp(3),|975odnqp(3),|975odnqp(3),|975odnqp(3),;22056.4,20663.7,22752.7,21360,0,0,0,0,1791.145705846692
975odnqp(3),|975odnqp(3),|975odnqp(3),|975odnqp(3),;22056.4,20663.7,22752.7,21360,0,0,0,0,1796.145705846692
975odnqp(3),|975odnqp(3),|975odnqp(3),|975odnqp(3),;22056.4,20663.7,22752.7,21360,0,0,0,0,1801.145705846692
975odnqp(3),|975odnqp(3),|975odnqp(3),|975odnqp(3),;22056.4,20663.7,22752.7,21360,0,0,0,0,1806.145705846692
975odnqp(3),|975odnqp(3),|975odnqp(3),|975odnqp(3),;22056.4,20663.7,22752.7,21360,0,0,0,0,1811.145705846692
975odnqp(3),|975odnqp(3),|975odnqp(3),|975odnqp(3),;22056.4,20663.7,22752.7,21360,0,0,0,0,1816.145705846692
975odnqp(3),|975odnqp(3),|975odnqp(3),|975odnqp(3),;22056.4,20663.7,22752.7,21360,0,0,0,0,1821.145705846692
975odnqp(3),|975odnqp(3),|975odnqp(3),|975odnqp(3),;22056.4,20663.7,22752.7,21360,0,0,0,0,1826.145705846692
975odnqp(3),|975odnqp(3),|975odnqp(3),|975odnqp(3),;22056.4,20663.7,22752.7,21360,0,0,0,0,1831.145705846692
975odnqp(3),|975odnqp(3),|975odnqp(3),|975odnqp(3),;22056.4,20663.7,22752.7,21360,0,0,0,0,1836.145705846692
975odnqp(3),|975odnqp(3),|975odnqp(3),|975odnqp(3),;22056.4,20663.7,22752.7,21360,0,0,0,0,1841.145705846692
975odnqp(3),|975odnqp(3),|975odnqp(3),|975odnqp(3),;22056.4,20663.7,22752.7,21360,0,0,0,0,1846.145705846692
975odnqp(3),|975odnqp(3),|975odnqp(3),|975odnqp(3),;22056.4,20663.7,22752.7,21360,0,0,0,0,1851.145705846692
975odnqp(3),|975odnqp(3),|975odnqp(3),|975odnqp(3),;22056.4,20663.7,22752.7,21360,0,0,0,0,1856.145705846692
975odnqp(3),|975odnqp(3),|975odnqp(3),|975odnqp(3),;22056.4,20663.7,22752.7,21360,0,0,0,0,1861.145705846692
975odnqp(3),|975odnqp(3),|975odnqp(3),|975odnqp(3),;22056.4,20663.7,22752.7,21360,0,0,0,0,1866.145705846692
975odnqp(3),|975odnqp(3),|975odnqp(3),|975odnqp(3),;22056.4,20663.7,22752.7,21360,0,0,0,0,1871.145705846692
975odnqp(3),|975odnqp(3),|975odnqp(3),|975odnqp(3),;22056.4,20663.7,22752.7,21360,0,0,0,0,1876.145705846692
975odnqp(3),|975odnqp(3),|975odnqp(3),|975odnqp(3),;22056.4,20663.7,22752.7,21360,0,0,0,0,1881.145705846692
975odnqp(3),|975odnqp(3),|975odnqp(3),|975odnqp(3),;22056.4,20663.7,22752.7,21360,0,0,0,0,1886.145705846692
975odnqp(3),|975odnqp(3),|975odnqp(3),|975odnqp(3),;22056.4,20663.7,22752.7,21360,0,0,0,0,1891.145705846692
975odnqp(3),|975odnqp(3),|975odnqp(3),|975odnqp(3),;22056.4,20663.7,22752.7,21360,0,0,0,0,1896.145705846692
975odnqp(3),|975odnqp(3),|975odnqp(3),|975odnqp(3),;22056.4,20663.7,22752.7,21360,0,0,0,0,1901.145705846692
975odnqp(3),|975odnqp(3),|975odnqp(3),|975odnqp(3),;22056.4,20663.7,22752.7,21360,0,0,0,0,1906.145705846692
975odnqp(3),|975odnqp(3),|975odnqp(3),|975odnqp(3),;22056.4,20663.7,22752.7,21360,0,0,0,0,1911.145705846692
975odnqp(3),|975odnqp(3),|975odnqp(3),|975odnqp(3),;22056.4,20663.7,22752.7,21360,0,0,0,0,1916.145705846692
975odnqp(3),|975odnqp(3),|975odnqp(3),|975odnqp(3),;22056.4,20663.7,22752.7,21360,0,0,0,0,1921.145705846692
975odnqp(3),|975odnqp(3),|975odnqp(3),|975odnqp(3),;22056.4,20663.7,22752.7,21360,0,0,0,0,1926.145705846692
975odnqp(3),|975odnqp(3),|975odnqp(3),|975odnqp(3),;22056.4,20663.7,22752.7,21360,0,0,0,0,1931.145705846692
975odnqp(3),|975odnqp(3),|975odnqp(3),|975odnqp(3),;22056.4,20663.7,22752.7,21360,0,0,0,0,1936.145705846692
975odnqp(3),|975odnqp(3),|975odnqp(3),|975odnqp(3),;22056.4,20663.7,22752.7,21360,0,0,0,0,1941.145705846692
975odnqp(3),|975odnqp(3),|975odnqp(3),|975odnqp(3),;22056.4,20663.7,22752.7,21360,0,0,0,0,1946.145705846692
975odnqp(3),|975odnqp(3),|975odnqp(3),|975odnqp(3),;22056.4,20663.7,22752.7,21360,0,0,0,0,1951.145705846692
975odnqp(3),|975odnqp(3),|975odnqp(3),|975odnqp(3),;22056.4,20663.7,22752.7,21360,0,0,0,0,1956.145705846692
975odnqp(3),|975odnqp(3),|975odnqp(3),|975odnqp(3),;22056.4,20663.7,22752.7,21360,0,0,0,0,1961.145705846692
975odnqp(3),|975odnqp(3),|975odnqp(3),|975odnqp(3),;22056.4,20663.7,22752.7,21360,0,0,0,0,1966.145705846692
975odnqp(3),|975odnqp(3),|975odnqp(3),|975odnqp(3),;22056.4,20663.7,22752.7,21360,0,0,0,0,1971.145705846692
975odnqp(3),|975odnqp(3),|975odnqp(3),|975odnqp(3),;22056.4,20663.7,22752.7,21360,0,0,0,0,1976.145705846692
975odnqp(3),|975odnqp(3),|975odnqp(3),|975odnqp(3),;22056.4,20663.7,22752.7,21360,0,0,0,0,1981.145705846692
975odnqp(3),|975odnqp(3),|975odnqp(3),|975odnqp(3),;22056.4,20663.7,22752.7,21360,0,0,0,0,1986.145705846692
975odnqp(3),|975odnqp(3),|975odnqp(3),|975odnqp(3),;22056.4,20663.7,22752.7,21360,0,0,0,0,1991.145705846692
975odnqp(3),|975odnqp(3),|975odnqp(3),|975odnqp(3),;22056.4,20663.7,22752.7,21360,0,0,0,0,1996.145705846692
