|||;19558,19558,19558,19558,0,0,0,0,1.029043108448
|||;19558,19558,19558,19558,0,0,0,0,6.029043108448
|||;19558,19558,19558,19558,0,0,0,0,11.029043108448
|||;19558,19558,19558,19558,0,0,0,0,16.029043108448
|||;19558,19558,19558,19558,0,0,0,0,21.029043108448
|||;19558,19558,19558,19558,0,0,0,0,26.029043108448
|||;19558,19558,19558,19558,0,0,0,0,31.029043108448
|||;19558,19558,19558,19558,0,0,0,0,36.029043108448
|||;19558,19558,19558,19558,0,0,0,0,41.029043108448
|||;19558,19558,19558,19558,0,0,0,0,46.029043108448
|||;19558,19558,19558,19558,0,0,0,0,51.029043108448
|||;19558,19558,19558,19558,0,0,0,0,56.029043108448
|||;19558,19558,19558,19558,0,0,0,0,61.029043108448
|||;19558,19558,19558,19558,0,0,0,0,66.029043108448
|||;19558,19558,19558,19558,0,0,0,0,71.029043108448
|||;19558,19558,19558,19558,0,0,0,0,76.029043108448
|||;19558,19558,19558,19558,0,0,0,0,81.029043108448
|||;19558,19558,19558,19558,0,0,0,0,86.029043108448
|||;19558,19558,19558,19558,0,0,0,0,91.029043108448
|||;19558,19558,19558,19558,0,0,0,0,96.029043108448
|||;19558,19558,19558,19558,0,0,0,0,101.029043108448
|||;19558,19558,19558,19558,0,0,0,0,106.029043108448
497uidvh(2),|497uidvh(2),|497uidvh(2),|497uidvh(2),;17085,17085,17909.4,17909.4,9.119302512177,9.119302512177,5.656313055766,5.656313055766,111.029043108448
497uidvh(2),|497uidvh(2),|497uidvh(2),|497uidvh(2),;17085,17085,17909.4,17909.4,4.119302512177,4.119302512177,0.656313055766,0.656313055766,116.029043108448
|||;19558,19558,19558,19558,0,0,0,0,121.029043108448
|||;19558,19558,19558,19558,0,0,0,0,126.029043108448
|||;19558,19558,19558,19558,0,0,0,0,131.029043108448
|||;19558,19558,19558,19558,0,0,0,0,136.029043108448
|||;19558,19558,19558,19558,0,0,0,0,141.029043108448
|||;19558,19558,19558,19558,0,0,0,0,146.029043108448
|||;19558,19558,19558,19558,0,0,0,0,151.029043108448
|||;19558,19558,19558,19558,0,0,0,0,156.029043108448
|||;19558,19558,19558,19558,0,0,0,0,161.029043108448
555plyjw(2),|555plyjw(2),|555plyjw(2),|555plyjw(2),;18697.8,15257.2,17837.7,17837.7,1.408908898992,16.31112576053,5.134463114377,5.134463114377,166.029043108448
|555plyjw(2),|555plyjw(3),|555plyjw(3),;19558,15257.2,17837.7,17837.7,0,11.31112576053,0.134463114377,0.134463114377,171.029043108448
|555plyjw(2),|555plyjw(3),|555plyjw(3),;19558,15257.2,17837.7,17837.7,0,6.31112576053,0,0,176.029043108448
990bowvf(2),|555plyjw(2),990bowvf(1),|555plyjw(3),990bowvf(2),|555plyjw(3),990bowvf(2),;18206.3,14581.4,15134.3,15810.2,2.795015021206,8.180274720953,8.473457359668,5.634236190437,181.029043108448
|555plyjw(3),|555plyjw(3),990bowvf(2),|555plyjw(3),990bowvf(2),;19558,15257.2,15134.3,15810.2,0,3.180274720953,3.473457359668,0.634236190437,186.029043108448
|555plyjw(3),|555plyjw(3),|555plyjw(3),;19558,15257.2,17837.7,17837.7,0,0,0,0,191.029043108448
|555plyjw(3),|555plyjw(3),|555plyjw(3),;19558,15257.2,17837.7,17837.7,0,0,0,0,196.029043108448
|555plyjw(3),|555plyjw(3),|555plyjw(3),;19558,15257.2,17837.7,17837.7,0,0,0,0,201.029043108448
|555plyjw(3),|555plyjw(3),|555plyjw(3),;19558,15257.2,17837.7,17837.7,0,0,0,0,206.029043108448
|555plyjw(3),|555plyjw(3),|555plyjw(3),;19558,15257.2,17837.7,17837.7,0,0,0,0,211.029043108448
|555plyjw(3),|555plyjw(3),|555plyjw(3),;19558,15257.2,17837.7,17837.7,0,0,0,0,216.029043108448
|555plyjw(3),|555plyjw(3),|555plyjw(3),;19558,15257.2,17837.7,17837.7,0,0,0,0,221.029043108448
|555plyjw(3),|555plyjw(3),|555plyjw(3),;19558,15257.2,17837.7,17837.7,0,0,0,0,226.029043108448
|555plyjw(3),|555plyjw(3),|555plyjw(3),;19558,15257.2,17837.7,17837.7,0,0,0,0,231.029043108448
|555plyjw(3),|555plyjw(3),|555plyjw(3),;19558,15257.2,17837.7,17837.7,0,0,0,0,236.029043108448
|555plyjw(3),|555plyjw(3),|555plyjw(3),;19558,15257.2,17837.7,17837.7,0,0,0,0,241.029043108448
|555plyjw(3),|555plyjw(3),|555plyjw(3),;19558,15257.2,17837.7,17837.7,0,0,0,0,246.029043108448
|||;19558,19558,19558,19558,0,0,0,0,251.029043108448
|||;19558,19558,19558,19558,0,0,0,0,256.029043108448
|||;19558,19558,19558,19558,0,0,0,0,261.029043108448
|||;19558,19558,19558,19558,0,0,0,0,266.029043108448
|||;19558,19558,19558,19558,0,0,0,0,271.029043108448
|||;19558,19558,19558,19558,0,0,0,0,276.029043108448
|||;19558,19558,19558,19558,0,0,0,0,281.029043108448
|||;19558,19558,19558,19558,0,0,0,0,286.029043108448
|||;19558,19558,19558,19558,0,0,0,0,291.029043108448
|||;19558,19558,19558,19558,0,0,0,0,296.029043108448
|||;19558,19558,19558,19558,0,0,0,0,301.029043108448
|||;19558,19558,19558,19558,0,0,0,0,306.029043108448
|||;19558,19558,19558,19558,0,0,0,0,311.029043108448
|||;19558,19558,19558,19558,0,0,0,0,316.029043108448
|||;19558,19558,19558,19558,0,0,0,0,321.029043108448
|||;19558,19558,19558,19558,0,0,0,0,326.029043108448
|||;19558,19558,19558,19558,0,0,0,0,331.029043108448
|||;19558,19558,19558,19558,0,0,0,0,336.029043108448
|||;19558,19558,19558,19558,0,0,0,0,341.029043108448
555rmfly(2),|555rmfly(2),|555rmfly(2),|555rmfly(2),;17807,17807,17807,17807,2.57556949424,2.57556949424,2.57556949424,2.57556949424,346.029043108448
|||;19558,19558,19558,19558,0,0,0,0,351.029043108448
|||;19558,19558,19558,19558,0,0,0,0,356.029043108448
|||;19558,19558,19558,19558,0,0,0,0,361.029043108448
|||;19558,19558,19558,19558,0,0,0,0,366.029043108448
|||;19558,19558,19558,19558,0,0,0,0,371.029043108448
|||;19558,19558,19558,19558,0,0,0,0,376.029043108448
||146zopdg(2),|146zopdg(2),;19558,19558,18569.8,11652.7,0,0,0.785878546265,30.745543694983,381.029043108448
|||146zopdg(2),;19558,19558,19558,11652.7,0,0,0,25.745543694983,386.029043108448
|||146zopdg(2),;19558,19558,19558,11652.7,0,0,0,20.745543694983,391.029043108448
|||146zopdg(2),;19558,19558,19558,11652.7,0,0,0,15.745543694983,396.029043108448
|||146zopdg(2),;19558,19558,19558,11652.7,0,0,0,10.745543694983,401.029043108448
|||146zopdg(2),;19558,19558,19558,11652.7,0,0,0,5.745543694983,406.029043108448
|||146zopdg(3),;19558,19558,19558,11652.7,0,0,0,0.745543694983,411.029043108448
36kefju(0),|36kefju(0),|36kefju(0),|146zopdg(3),36kefju(0),;18646.6,16823.9,16823.9,8918.62,5.510432417295,13.167725873706,13.167725873706,13.167725873706,416.029043108448
36kefju(2),|36kefju(2),|36kefju(2),|146zopdg(3),36kefju(2),;18646.6,16823.9,16823.9,8918.62,0.510432417295,8.167725873706,8.167725873706,8.167725873706,421.029043108448
|36kefju(2),|36kefju(2),|146zopdg(3),36kefju(2),;19558,16823.9,16823.9,8918.62,0,3.167725873706,3.167725873706,3.167725873706,426.029043108448
|36kefju(3),|36kefju(3),|146zopdg(3),36kefju(3),;19558,16823.9,16823.9,8918.62,0,0,0,0,431.029043108448
|36kefju(3),|36kefju(3),|146zopdg(3),36kefju(3),;19558,16823.9,16823.9,8918.62,0,0,0,0,436.029043108448
|36kefju(3),|36kefju(3),89nlbuk(0),|146zopdg(3),36kefju(3),89nlbuk(0),;19558,16823.9,13076.1,6420.06,0,0,19.251570511966,13.840646532479,441.029043108448
|36kefju(3),|36kefju(3),89nlbuk(2),|146zopdg(3),36kefju(3),89nlbuk(2),;19558,16823.9,13076.1,6420.06,0,0,14.251570511966,8.840646532479,446.029043108448
|36kefju(3),|36kefju(3),89nlbuk(2),|146zopdg(3),36kefju(3),89nlbuk(2),;19558,16823.9,13076.1,6420.06,0,0,9.251570511966,3.840646532479,451.029043108448
|36kefju(3),|36kefju(3),89nlbuk(2),|146zopdg(3),36kefju(3),89nlbuk(3),;19558,16823.9,13076.1,6420.06,0,0,4.251570511966,0,456.029043108448
|36kefju(3),|36kefju(3),89nlbuk(3),|146zopdg(3),36kefju(3),89nlbuk(3),;19558,16823.9,13076.1,6420.06,0,0,0,0,461.029043108448
|36kefju(3),|36kefju(3),89nlbuk(3),|146zopdg(3),36kefju(3),89nlbuk(3),;19558,16823.9,13076.1,6420.06,0,0,0,0,466.029043108448
|36kefju(3),|36kefju(3),89nlbuk(3),|146zopdg(3),36kefju(3),89nlbuk(3),;19558,16823.9,13076.1,6420.06,0,0,0,0,471.029043108448
|36kefju(3),|36kefju(3),89nlbuk(3),|146zopdg(3),36kefju(3),89nlbuk(3),;19558,16823.9,13076.1,6420.06,0,0,0,0,476.029043108448
|36kefju(3),|36kefju(3),89nlbuk(3),|146zopdg(3),36kefju(3),89nlbuk(3),202fbnik(0),;19558,16823.9,13076.1,5728.86,0,0,0,3.545780404699,481.029043108448
|36kefju(3),|36kefju(3),89nlbuk(3),|146zopdg(3),36kefju(3),89nlbuk(3),;19558,16823.9,13076.1,6420.06,0,0,0,0,486.029043108448
|36kefju(3),|36kefju(3),89nlbuk(3),|146zopdg(3),36kefju(3),89nlbuk(3),;19558,16823.9,13076.1,6420.06,0,0,0,0,491.029043108448
|36kefju(3),|36kefju(3),|146zopdg(3),36kefju(3),;19558,16823.9,16823.9,8918.62,0,0,0,0,496.029043108448
|36kefju(3),|36kefju(3),|146zopdg(3),36kefju(3),;19558,16823.9,16823.9,8918.62,0,0,0,0,501.029043108448
|36kefju(3),|36kefju(3),|146zopdg(3),36kefju(3),;19558,16823.9,16823.9,8918.62,0,0,0,0,506.029043108448
|36kefju(3),|36kefju(3),|146zopdg(3),36kefju(3),;19558,16823.9,16823.9,8918.62,0,0,0,0,511.029043108448
|36kefju(3),|36kefju(3),|146zopdg(3),36kefju(3),;19558,16823.9,16823.9,8918.62,0,0,0,0,516.029043108448
|36kefju(3),|36kefju(3),|146zopdg(3),36kefju(3),;19558,16823.9,16823.9,8918.62,0,0,0,0,521.029043108448
|36kefju(3),|36kefju(3),|146zopdg(3),36kefju(3),;19558,16823.9,16823.9,8918.62,0,0,0,0,526.029043108448
|36kefju(3),|36kefju(3),|146zopdg(3),36kefju(3),;19558,16823.9,16823.9,8918.62,0,0,0,0,531.029043108448
|36kefju(3),|36kefju(3),|146zopdg(3),36kefju(3),;19558,16823.9,16823.9,8918.62,0,0,0,0,536.029043108448
|36kefju(3),|36kefju(3),|146zopdg(3),36kefju(3),;19558,16823.9,16823.9,8918.62,0,0,0,0,541.029043108448
|36kefju(3),|36kefju(3),|146zopdg(3),36kefju(3),;19558,16823.9,16823.9,8918.62,0,0,0,0,546.029043108448
|36kefju(3),|36kefju(3),|146zopdg(3),36kefju(3),;19558,16823.9,16823.9,8918.62,0,0,0,0,551.029043108448
|36kefju(3),|36kefju(3),|146zopdg(3),36kefju(3),;19558,16823.9,16823.9,8918.62,0,0,0,0,556.029043108448
|36kefju(3),|36kefju(3),|146zopdg(3),36kefju(3),;19558,16823.9,16823.9,8918.62,0,0,0,0,561.029043108448
|36kefju(3),|36kefju(3),|146zopdg(3),36kefju(3),;19558,16823.9,16823.9,8918.62,0,0,0,0,566.029043108448
|36kefju(3),|36kefju(3),|146zopdg(3),36kefju(3),;19558,16823.9,16823.9,8918.62,0,0,0,0,571.029043108448
|36kefju(3),|36kefju(3),|146zopdg(3),36kefju(3),;19558,16823.9,16823.9,8918.62,0,0,0,0,576.029043108448
|36kefju(3),|36kefju(3),|146zopdg(3),36kefju(3),;19558,16823.9,16823.9,8918.62,0,0,0,0,581.029043108448
|||146zopdg(3),;19558,19558,19558,11652.7,0,0,0,0,586.029043108448
146ixuwa(2),|146ixuwa(2),|146ixuwa(2),|146zopdg(3),146ixuwa(2),;17868.4,17868.4,17868.4,11089.5,6.444580148313,6.444580148313,6.444580148313,1.712544866262,591.029043108448
146ixuwa(2),|146ixuwa(2),|146ixuwa(2),|;17868.4,17868.4,17868.4,19558,1.444580148313,1.444580148313,1.444580148313,0,596.029043108448
|||;19558,19558,19558,19558,0,0,0,0,601.029043108448
|||;19558,19558,19558,19558,0,0,0,0,606.029043108448
|||;19558,19558,19558,19558,0,0,0,0,611.029043108448
|||;19558,19558,19558,19558,0,0,0,0,616.029043108448
|||;19558,19558,19558,19558,0,0,0,0,621.029043108448
|||;19558,19558,19558,19558,0,0,0,0,626.029043108448
|||;19558,19558,19558,19558,0,0,0,0,631.029043108448
|||;19558,19558,19558,19558,0,0,0,0,636.029043108448
|||;19558,19558,19558,19558,0,0,0,0,641.029043108448
|||;19558,19558,19558,19558,0,0,0,0,646.029043108448
|||;19558,19558,19558,19558,0,0,0,0,651.029043108448
|||;19558,19558,19558,19558,0,0,0,0,656.029043108448
|||;19558,19558,19558,19558,0,0,0,0,661.029043108448
|||;19558,19558,19558,19558,0,0,0,0,666.029043108448
|||;19558,19558,19558,19558,0,0,0,0,671.029043108448
|||;19558,19558,19558,19558,0,0,0,0,676.029043108448
|||;19558,19558,19558,19558,0,0,0,0,681.029043108448
|||;19558,19558,19558,19558,0,0,0,0,686.029043108448
|||;19558,19558,19558,19558,0,0,0,0,691.029043108448
|||;19558,19558,19558,19558,0,0,0,0,696.029043108448
|||;19558,19558,19558,19558,0,0,0,0,701.029043108448
|||;19558,19558,19558,19558,0,0,0,0,706.029043108448
|||;19558,19558,19558,19558,0,0,0,0,711.029043108448
|||;19558,19558,19558,19558,0,0,0,0,716.029043108448
|||;19558,19558,19558,19558,0,0,0,0,721.029043108448
|||;19558,19558,19558,19558,0,0,0,0,726.029043108448
|||;19558,19558,19558,19558,0,0,0,0,731.029043108448
|||;19558,19558,19558,19558,0,0,0,0,736.029043108448
|||;19558,19558,19558,19558,0,0,0,0,741.029043108448
|||;19558,19558,19558,19558,0,0,0,0,746.029043108448
|||;19558,19558,19558,19558,0,0,0,0,751.029043108448
|||;19558,19558,19558,19558,0,0,0,0,756.029043108448
688jlhxk(2),||688jlhxk(2),|;17284.7,19558,17284.7,19558,4.994466524301,0,4.994466524301,0,761.029043108448
688jlhxk(3),||688jlhxk(3),|;17284.7,19558,17284.7,19558,0,0,0,0,766.029043108448
688jlhxk(3),||688jlhxk(3),|;17284.7,19558,17284.7,19558,0,0,0,0,771.029043108448
688jlhxk(3),||688jlhxk(3),|;17284.7,19558,17284.7,19558,0,0,0,0,776.029043108448
688jlhxk(3),||688jlhxk(3),|;17284.7,19558,17284.7,19558,0,0,0,0,781.029043108448
688jlhxk(3),||688jlhxk(3),|;17284.7,19558,17284.7,19558,0,0,0,0,786.029043108448
688jlhxk(3),||688jlhxk(3),|;17284.7,19558,17284.7,19558,0,0,0,0,791.029043108448
688jlhxk(3),||688jlhxk(3),|;17284.7,19558,17284.7,19558,0,0,0,0,796.029043108448
688jlhxk(3),||688jlhxk(3),|;17284.7,19558,17284.7,19558,0,0,0,0,801.029043108448
688crtdf(2),|688crtdf(2),|688crtdf(2),|688crtdf(2),;15871.6,17714.8,17714.8,17714.8,16.025702462082,7.802372000544,7.802372000544,7.802372000544,806.029043108448
688crtdf(2),|688crtdf(2),|688crtdf(2),|688crtdf(2),;15871.6,17714.8,17714.8,17714.8,11.025702462082,2.802372000544,2.802372000544,2.802372000544,811.029043108448
688crtdf(2),|688crtdf(3),|688crtdf(3),|688crtdf(3),;15871.6,17714.8,17714.8,17714.8,6.025702462082,0,0,0,816.029043108448
688crtdf(2),|688crtdf(3),|688crtdf(3),|688crtdf(3),;15871.6,17714.8,17714.8,17714.8,1.025702462082,0,0,0,821.029043108448
688crtdf(3),|688crtdf(3),|688crtdf(3),|688crtdf(3),;15871.6,17714.8,17714.8,17714.8,0,0,0,0,826.029043108448
688crtdf(3),|688crtdf(3),|688crtdf(3),|688crtdf(3),;15871.6,17714.8,17714.8,17714.8,0,0,0,0,831.029043108448
688crtdf(3),|688crtdf(3),|688crtdf(3),|688crtdf(3),;15871.6,17714.8,17714.8,17714.8,0,0,0,0,836.029043108448
688crtdf(3),|688crtdf(3),|688crtdf(3),|688crtdf(3),;15871.6,17714.8,17714.8,17714.8,0,0,0,0,841.029043108448
688crtdf(3),|688crtdf(3),|688crtdf(3),|688crtdf(3),;15871.6,17714.8,17714.8,17714.8,0,0,0,0,846.029043108448
688crtdf(3),|688crtdf(3),|688crtdf(3),|688crtdf(3),;15871.6,17714.8,17714.8,17714.8,0,0,0,0,851.029043108448
688crtdf(3),|688crtdf(3),|688crtdf(3),|688crtdf(3),;15871.6,17714.8,17714.8,17714.8,0,0,0,0,856.029043108448
688crtdf(3),|688crtdf(3),|688crtdf(3),|688crtdf(3),;15871.6,17714.8,17714.8,17714.8,0,0,0,0,861.029043108448
688crtdf(3),|688crtdf(3),|688crtdf(3),|688crtdf(3),;15871.6,17714.8,17714.8,17714.8,0,0,0,0,866.029043108448
688crtdf(3),|688crtdf(3),|688crtdf(3),|688crtdf(3),;15871.6,17714.8,17714.8,17714.8,0,0,0,0,871.029043108448
688crtdf(3),|688crtdf(3),|688crtdf(3),|688crtdf(3),;15871.6,17714.8,17714.8,17714.8,0,0,0,0,876.029043108448
688crtdf(3),|688crtdf(3),|688crtdf(3),|688crtdf(3),;15871.6,17714.8,17714.8,17714.8,0,0,0,0,881.029043108448
688crtdf(3),|688crtdf(3),|688crtdf(3),|688crtdf(3),;15871.6,17714.8,17714.8,17714.8,0,0,0,0,886.029043108448
688crtdf(3),|688crtdf(3),|688crtdf(3),|688crtdf(3),;15871.6,17714.8,17714.8,17714.8,0,0,0,0,891.029043108448
688crtdf(3),|688crtdf(3),|688crtdf(3),|688crtdf(3),;15871.6,17714.8,17714.8,17714.8,0,0,0,0,896.029043108448
688crtdf(3),|688crtdf(3),|688crtdf(3),|688crtdf(3),;15871.6,17714.8,17714.8,17714.8,0,0,0,0,901.029043108448
688crtdf(3),|688crtdf(3),|688crtdf(3),|688crtdf(3),;15871.6,17714.8,17714.8,17714.8,0,0,0,0,906.029043108448
688crtdf(3),|688crtdf(3),|688crtdf(3),|688crtdf(3),;15871.6,17714.8,17714.8,17714.8,0,0,0,0,911.029043108448
688crtdf(3),|688crtdf(3),|688crtdf(3),|688crtdf(3),;15871.6,17714.8,17714.8,17714.8,0,0,0,0,916.029043108448
688crtdf(3),|688crtdf(3),|688crtdf(3),|688crtdf(3),;15871.6,17714.8,17714.8,17714.8,0,0,0,0,921.029043108448
688crtdf(3),|688crtdf(3),|688crtdf(3),|688crtdf(3),;15871.6,17714.8,17714.8,17714.8,0,0,0,0,926.029043108448
688crtdf(3),|688crtdf(3),|688crtdf(3),|688crtdf(3),;15871.6,17714.8,17714.8,17714.8,0,0,0,0,931.029043108448
688crtdf(3),|688crtdf(3),|688crtdf(3),|688crtdf(3),;15871.6,17714.8,17714.8,17714.8,0,0,0,0,936.029043108448
688crtdf(3),|688crtdf(3),|688crtdf(3),|688crtdf(3),;15871.6,17714.8,17714.8,17714.8,0,0,0,0,941.029043108448
688crtdf(3),|688crtdf(3),|688crtdf(3),|688crtdf(3),;15871.6,17714.8,17714.8,17714.8,0,0,0,0,946.029043108448
688crtdf(3),|688crtdf(3),|688crtdf(3),|688crtdf(3),;15871.6,17714.8,17714.8,17714.8,0,0,0,0,951.029043108448
688crtdf(3),|688crtdf(3),|688crtdf(3),|688crtdf(3),;15871.6,17714.8,17714.8,17714.8,0,0,0,0,956.029043108448
688crtdf(3),|688crtdf(3),|688crtdf(3),|688crtdf(3),;15871.6,17714.8,17714.8,17714.8,0,0,0,0,961.029043108448
688crtdf(3),|688crtdf(3),|688crtdf(3),|688crtdf(3),;15871.6,17714.8,17714.8,17714.8,0,0,0,0,966.029043108448
688crtdf(3),|688crtdf(3),|688crtdf(3),|688crtdf(3),;15871.6,17714.8,17714.8,17714.8,0,0,0,0,971.029043108448
688crtdf(3),|688crtdf(3),|688crtdf(3),|688crtdf(3),;15871.6,17714.8,17714.8,17714.8,0,0,0,0,976.029043108448
688crtdf(3),|688crtdf(3),|688crtdf(3),|688crtdf(3),;15871.6,17714.8,17714.8,17714.8,0,0,0,0,981.029043108448
688crtdf(3),|688crtdf(3),|688crtdf(3),|688crtdf(3),;15871.6,17714.8,17714.8,17714.8,0,0,0,0,986.029043108448
688crtdf(3),|688crtdf(3),|688crtdf(3),|688crtdf(3),;15871.6,17714.8,17714.8,17714.8,0,0,0,0,991.029043108448
|||;19558,19558,19558,19558,0,0,0,0,996.029043108448
|||;19558,19558,19558,19558,0,0,0,0,1001.029043108448
|||;19558,19558,19558,19558,0,0,0,0,1006.029043108448
|||;19558,19558,19558,19558,0,0,0,0,1011.029043108448
|||;19558,19558,19558,19558,0,0,0,0,1016.029043108448
|||;19558,19558,19558,19558,0,0,0,0,1021.029043108448
|||;19558,19558,19558,19558,0,0,0,0,1026.029043108448
|||;19558,19558,19558,19558,0,0,0,0,1031.029043108448
|||;19558,19558,19558,19558,0,0,0,0,1036.029043108448
|||;19558,19558,19558,19558,0,0,0,0,1041.029043108448
309almec(2),|||;18866.8,19558,19558,19558,0.452470051702,0,0,0,1046.029043108448
|||;19558,19558,19558,19558,0,0,0,0,1051.029043108448
|||;19558,19558,19558,19558,0,0,0,0,1056.029043108448
|||;19558,19558,19558,19558,0,0,0,0,1061.029043108448
|||;19558,19558,19558,19558,0,0,0,0,1066.029043108448
|||;19558,19558,19558,19558,0,0,0,0,1071.029043108448
|||;19558,19558,19558,19558,0,0,0,0,1076.029043108448
|||;19558,19558,19558,19558,0,0,0,0,1081.029043108448
|||;19558,19558,19558,19558,0,0,0,0,1086.029043108448
|||;19558,19558,19558,19558,0,0,0,0,1091.029043108448
|||;19558,19558,19558,19558,0,0,0,0,1096.029043108448
|||;19558,19558,19558,19558,0,0,0,0,1101.029043108448
|||;19558,19558,19558,19558,0,0,0,0,1106.029043108448
|||;19558,19558,19558,19558,0,0,0,0,1111.029043108448
|||;19558,19558,19558,19558,0,0,0,0,1116.029043108448
|||;19558,19558,19558,19558,0,0,0,0,1121.029043108448
|||;19558,19558,19558,19558,0,0,0,0,1126.029043108448
|||;19558,19558,19558,19558,0,0,0,0,1131.029043108448
|||;19558,19558,19558,19558,0,0,0,0,1136.029043108448
|||;19558,19558,19558,19558,0,0,0,0,1141.029043108448
|||;19558,19558,19558,19558,0,0,0,0,1146.029043108448
|||;19558,19558,19558,19558,0,0,0,0,1151.029043108448
|||;19558,19558,19558,19558,0,0,0,0,1156.029043108448
|||;19558,19558,19558,19558,0,0,0,0,1161.029043108448
|||;19558,19558,19558,19558,0,0,0,0,1166.029043108448
|||;19558,19558,19558,19558,0,0,0,0,1171.029043108448
|||;19558,19558,19558,19558,0,0,0,0,1176.029043108448
|||;19558,19558,19558,19558,0,0,0,0,1181.029043108448
|||;19558,19558,19558,19558,0,0,0,0,1186.029043108448
|||;19558,19558,19558,19558,0,0,0,0,1191.029043108448
|||;19558,19558,19558,19558,0,0,0,0,1196.029043108448
|||;19558,19558,19558,19558,0,0,0,0,1201.029043108448
|||;19558,19558,19558,19558,0,0,0,0,1206.029043108448
|||;19558,19558,19558,19558,0,0,0,0,1211.029043108448
|||;19558,19558,19558,19558,0,0,0,0,1216.029043108448
|||;19558,19558,19558,19558,0,0,0,0,1221.029043108448
|||;19558,19558,19558,19558,0,0,0,0,1226.029043108448
|||;19558,19558,19558,19558,0,0,0,0,1231.029043108448
|||;19558,19558,19558,19558,0,0,0,0,1236.029043108448
|||;19558,19558,19558,19558,0,0,0,0,1241.029043108448
|||;19558,19558,19558,19558,0,0,0,0,1246.029043108448
|||;19558,19558,19558,19558,0,0,0,0,1251.029043108448
|||;19558,19558,19558,19558,0,0,0,0,1256.029043108448
|||;19558,19558,19558,19558,0,0,0,0,1261.029043108448
|||;19558,19558,19558,19558,0,0,0,0,1266.029043108448
|||;19558,19558,19558,19558,0,0,0,0,1271.029043108448
|||;19558,19558,19558,19558,0,0,0,0,1276.029043108448
|||;19558,19558,19558,19558,0,0,0,0,1281.029043108448
|||;19558,19558,19558,19558,0,0,0,0,1286.029043108448
|||;19558,19558,19558,19558,0,0,0,0,1291.029043108448
|||;19558,19558,19558,19558,0,0,0,0,1296.029043108448
|||;19558,19558,19558,19558,0,0,0,0,1301.029043108448
|||;19558,19558,19558,19558,0,0,0,0,1306.029043108448
|||;19558,19558,19558,19558,0,0,0,0,1311.029043108448
|||;19558,19558,19558,19558,0,0,0,0,1316.029043108448
|||;19558,19558,19558,19558,0,0,0,0,1321.029043108448
|||;19558,19558,19558,19558,0,0,0,0,1326.029043108448
|||;19558,19558,19558,19558,0,0,0,0,1331.029043108448
|||;19558,19558,19558,19558,0,0,0,0,1336.029043108448
|||;19558,19558,19558,19558,0,0,0,0,1341.029043108448
|||;19558,19558,19558,19558,0,0,0,0,1346.029043108448
|||;19558,19558,19558,19558,0,0,0,0,1351.029043108448
|||;19558,19558,19558,19558,0,0,0,0,1356.029043108448
|||;19558,19558,19558,19558,0,0,0,0,1361.029043108448
|||;19558,19558,19558,19558,0,0,0,0,1366.029043108448
|||;19558,19558,19558,19558,0,0,0,0,1371.029043108448
|||;19558,19558,19558,19558,0,0,0,0,1376.029043108448
|||;19558,19558,19558,19558,0,0,0,0,1381.029043108448
|||;19558,19558,19558,19558,0,0,0,0,1386.029043108448
|||;19558,19558,19558,19558,0,0,0,0,1391.029043108448
|||;19558,19558,19558,19558,0,0,0,0,1396.029043108448
|||;19558,19558,19558,19558,0,0,0,0,1401.029043108448
|||;19558,19558,19558,19558,0,0,0,0,1406.029043108448
|||;19558,19558,19558,19558,0,0,0,0,1411.029043108448
|||;19558,19558,19558,19558,0,0,0,0,1416.029043108448
|||;19558,19558,19558,19558,0,0,0,0,1421.029043108448
|||;19558,19558,19558,19558,0,0,0,0,1426.029043108448
|||;19558,19558,19558,19558,0,0,0,0,1431.029043108448
|||;19558,19558,19558,19558,0,0,0,0,1436.029043108448
|||;19558,19558,19558,19558,0,0,0,0,1441.029043108448
417vtzrn(2),|417vtzrn(2),|417vtzrn(2),|417vtzrn(2),;18134.6,17423,17423,18134.6,1.341600311658,4.609386239863,4.609386239863,1.341600311658,1446.029043108448
417vtzrn(3),|417vtzrn(3),|417vtzrn(3),|417vtzrn(3),;18134.6,17423,17423,18134.6,0,0,0,0,1451.029043108448
417vtzrn(3),|417vtzrn(3),|417vtzrn(3),|417vtzrn(3),;18134.6,17423,17423,18134.6,0,0,0,0,1456.029043108448
417vtzrn(3),|417vtzrn(3),|417vtzrn(3),|417vtzrn(3),;18134.6,17423,17423,18134.6,0,0,0,0,1461.029043108448
417vtzrn(3),|417vtzrn(3),|417vtzrn(3),|417vtzrn(3),;18134.6,17423,17423,18134.6,0,0,0,0,1466.029043108448
417vtzrn(3),|417vtzrn(3),|417vtzrn(3),|417vtzrn(3),;18134.6,17423,17423,18134.6,0,0,0,0,1471.029043108448
417vtzrn(3),|417vtzrn(3),|417vtzrn(3),|417vtzrn(3),;18134.6,17423,17423,18134.6,0,0,0,0,1476.029043108448
417vtzrn(3),|417vtzrn(3),|417vtzrn(3),|417vtzrn(3),;18134.6,17423,17423,18134.6,0,0,0,0,1481.029043108448
417vtzrn(3),|417vtzrn(3),|417vtzrn(3),|417vtzrn(3),;18134.6,17423,17423,18134.6,0,0,0,0,1486.029043108448
417vtzrn(3),|417vtzrn(3),|417vtzrn(3),|417vtzrn(3),;18134.6,17423,17423,18134.6,0,0,0,0,1491.029043108448
417vtzrn(3),|417vtzrn(3),|417vtzrn(3),|417vtzrn(3),;18134.6,17423,17423,18134.6,0,0,0,0,1496.029043108448
417vtzrn(3),|417vtzrn(3),|417vtzrn(3),|417vtzrn(3),;18134.6,17423,17423,18134.6,0,0,0,0,1501.029043108448
417vtzrn(3),|417vtzrn(3),|417vtzrn(3),|417vtzrn(3),;18134.6,17423,17423,18134.6,0,0,0,0,1506.029043108448
417vtzrn(3),|417vtzrn(3),|417vtzrn(3),|417vtzrn(3),;18134.6,17423,17423,18134.6,0,0,0,0,1511.029043108448
417vtzrn(3),|417vtzrn(3),|417vtzrn(3),|417vtzrn(3),;18134.6,17423,17423,18134.6,0,0,0,0,1516.029043108448
417vtzrn(3),|417vtzrn(3),|417vtzrn(3),|417vtzrn(3),;18134.6,17423,17423,18134.6,0,0,0,0,1521.029043108448
417vtzrn(3),|417vtzrn(3),|417vtzrn(3),|417vtzrn(3),;18134.6,17423,17423,18134.6,0,0,0,0,1526.029043108448
417vtzrn(3),|417vtzrn(3),|417vtzrn(3),|417vtzrn(3),;18134.6,17423,17423,18134.6,0,0,0,0,1531.029043108448
417vtzrn(3),|417vtzrn(3),|417vtzrn(3),|417vtzrn(3),;18134.6,17423,17423,18134.6,0,0,0,0,1536.029043108448
417vtzrn(3),|417vtzrn(3),|417vtzrn(3),|417vtzrn(3),;18134.6,17423,17423,18134.6,0,0,0,0,1541.029043108448
417vtzrn(3),|417vtzrn(3),|417vtzrn(3),|417vtzrn(3),;18134.6,17423,17423,18134.6,0,0,0,0,1546.029043108448
417vtzrn(3),|417vtzrn(3),|417vtzrn(3),|417vtzrn(3),;18134.6,17423,17423,18134.6,0,0,0,0,1551.029043108448
417vtzrn(3),|417vtzrn(3),|417vtzrn(3),|417vtzrn(3),;18134.6,17423,17423,18134.6,0,0,0,0,1556.029043108448
417vtzrn(3),|417vtzrn(3),|417vtzrn(3),|417vtzrn(3),;18134.6,17423,17423,18134.6,0,0,0,0,1561.029043108448
417vtzrn(3),|417vtzrn(3),|417vtzrn(3),|417vtzrn(3),;18134.6,17423,17423,18134.6,0,0,0,0,1566.029043108448
417vtzrn(3),|417vtzrn(3),|417vtzrn(3),|417vtzrn(3),;18134.6,17423,17423,18134.6,0,0,0,0,1571.029043108448
417vtzrn(3),|417vtzrn(3),|417vtzrn(3),|417vtzrn(3),;18134.6,17423,17423,18134.6,0,0,0,0,1576.029043108448
417vtzrn(3),|417vtzrn(3),|417vtzrn(3),|417vtzrn(3),;18134.6,17423,17423,18134.6,0,0,0,0,1581.029043108448
417vtzrn(3),|417vtzrn(3),|417vtzrn(3),|417vtzrn(3),;18134.6,17423,17423,18134.6,0,0,0,0,1586.029043108448
417vtzrn(3),|417vtzrn(3),|417vtzrn(3),|417vtzrn(3),;18134.6,17423,17423,18134.6,0,0,0,0,1591.029043108448
417vtzrn(3),|417vtzrn(3),|417vtzrn(3),|417vtzrn(3),;18134.6,17423,17423,18134.6,0,0,0,0,1596.029043108448
417vtzrn(3),|417vtzrn(3),|417vtzrn(3),|417vtzrn(3),;18134.6,17423,17423,18134.6,0,0,0,0,1601.029043108448
417vtzrn(3),|417vtzrn(3),|417vtzrn(3),|417vtzrn(3),;18134.6,17423,17423,18134.6,0,0,0,0,1606.029043108448
417vtzrn(3),|417vtzrn(3),|417vtzrn(3),|417vtzrn(3),;18134.6,17423,17423,18134.6,0,0,0,0,1611.029043108448
417vtzrn(3),|417vtzrn(3),|417vtzrn(3),|417vtzrn(3),;18134.6,17423,17423,18134.6,0,0,0,0,1616.029043108448
417vtzrn(3),|417vtzrn(3),|417vtzrn(3),|417vtzrn(3),;18134.6,17423,17423,18134.6,0,0,0,0,1621.029043108448
417vtzrn(3),|417vtzrn(3),|417vtzrn(3),|417vtzrn(3),;18134.6,17423,17423,18134.6,0,0,0,0,1626.029043108448
417vtzrn(3),|417vtzrn(3),|417vtzrn(3),|417vtzrn(3),;18134.6,17423,17423,18134.6,0,0,0,0,1631.029043108448
417vtzrn(3),|417vtzrn(3),|417vtzrn(3),|417vtzrn(3),;18134.6,17423,17423,18134.6,0,0,0,0,1636.029043108448
417vtzrn(3),|417vtzrn(3),|417vtzrn(3),|417vtzrn(3),;18134.6,17423,17423,18134.6,0,0,0,0,1641.029043108448
417vtzrn(3),|417vtzrn(3),|417vtzrn(3),|417vtzrn(3),;18134.6,17423,17423,18134.6,0,0,0,0,1646.029043108448
417vtzrn(3),|417vtzrn(3),|417vtzrn(3),|417vtzrn(3),;18134.6,17423,17423,18134.6,0,0,0,0,1651.029043108448
417vtzrn(3),|417vtzrn(3),|417vtzrn(3),|417vtzrn(3),;18134.6,17423,17423,18134.6,0,0,0,0,1656.029043108448
417vtzrn(3),|417vtzrn(3),|417vtzrn(3),|417vtzrn(3),;18134.6,17423,17423,18134.6,0,0,0,0,1661.029043108448
417vtzrn(3),|417vtzrn(3),|417vtzrn(3),|417vtzrn(3),;18134.6,17423,17423,18134.6,0,0,0,0,1666.029043108448
417vtzrn(3),|417vtzrn(3),|417vtzrn(3),|417vtzrn(3),;18134.6,17423,17423,18134.6,0,0,0,0,1671.029043108448
417vtzrn(3),|417vtzrn(3),|417vtzrn(3),|417vtzrn(3),;18134.6,17423,17423,18134.6,0,0,0,0,1676.029043108448
417vtzrn(3),|417vtzrn(3),|417vtzrn(3),|417vtzrn(3),;18134.6,17423,17423,18134.6,0,0,0,0,1681.029043108448
417vtzrn(3),|417vtzrn(3),|417vtzrn(3),|417vtzrn(3),;18134.6,17423,17423,18134.6,0,0,0,0,1686.029043108448
417vtzrn(3),|417vtzrn(3),|417vtzrn(3),|417vtzrn(3),;18134.6,17423,17423,18134.6,0,0,0,0,1691.029043108448
417vtzrn(3),|417vtzrn(3),|417vtzrn(3),|417vtzrn(3),;18134.6,17423,17423,18134.6,0,0,0,0,1696.029043108448
417vtzrn(3),|417vtzrn(3),|417vtzrn(3),|417vtzrn(3),;18134.6,17423,17423,18134.6,0,0,0,0,1701.029043108448
417vtzrn(3),|417vtzrn(3),|417vtzrn(3),|417vtzrn(3),;18134.6,17423,17423,18134.6,0,0,0,0,1706.029043108448
417vtzrn(3),|417vtzrn(3),|417vtzrn(3),|417vtzrn(3),;18134.6,17423,17423,18134.6,0,0,0,0,1711.029043108448
417vtzrn(3),|417vtzrn(3),|417vtzrn(3),|417vtzrn(3),;18134.6,17423,17423,18134.6,0,0,0,0,1716.029043108448
417vtzrn(3),|417vtzrn(3),|417vtzrn(3),|417vtzrn(3),;18134.6,17423,17423,18134.6,0,0,0,0,1721.029043108448
417vtzrn(3),|417vtzrn(3),|417vtzrn(3),|417vtzrn(3),;18134.6,17423,17423,18134.6,0,0,0,0,1726.029043108448
417vtzrn(3),|417vtzrn(3),|417vtzrn(3),|417vtzrn(3),;18134.6,17423,17423,18134.6,0,0,0,0,1731.029043108448
417vtzrn(3),|417vtzrn(3),|417vtzrn(3),|417vtzrn(3),;18134.6,17423,17423,18134.6,0,0,0,0,1736.029043108448
417vtzrn(3),|417vtzrn(3),|417vtzrn(3),|417vtzrn(3),;18134.6,17423,17423,18134.6,0,0,0,0,1741.029043108448
417vtzrn(3),|417vtzrn(3),|417vtzrn(3),|417vtzrn(3),;18134.6,17423,17423,18134.6,0,0,0,0,1746.029043108448
417vtzrn(3),|417vtzrn(3),|417vtzrn(3),|417vtzrn(3),;18134.6,17423,17423,18134.6,0,0,0,0,1751.029043108448
417vtzrn(3),|417vtzrn(3),|417vtzrn(3),|417vtzrn(3),;18134.6,17423,17423,18134.6,0,0,0,0,1756.029043108448
417vtzrn(3),|417vtzrn(3),|417vtzrn(3),|417vtzrn(3),;18134.6,17423,17423,18134.6,0,0,0,0,1761.029043108448
417vtzrn(3),|417vtzrn(3),|417vtzrn(3),|417vtzrn(3),;18134.6,17423,17423,18134.6,0,0,0,0,1766.029043108448
417vtzrn(3),|417vtzrn(3),|417vtzrn(3),|417vtzrn(3),;18134.6,17423,17423,18134.6,0,0,0,0,1771.029043108448
417vtzrn(3),|417vtzrn(3),|417vtzrn(3),|417vtzrn(3),;18134.6,17423,17423,18134.6,0,0,0,0,1776.029043108448
417vtzrn(3),|417vtzrn(3),|417vtzrn(3),|417vtzrn(3),;18134.6,17423,17423,18134.6,0,0,0,0,1781.029043108448
417vtzrn(3),|417vtzrn(3),|417vtzrn(3),|417vtzrn(3),;18134.6,17423,17423,18134.6,0,0,0,0,1786.029043108448
417vtzrn(3),|417vtzrn(3),|417vtzrn(3),|417vtzrn(3),;18134.6,17423,17423,18134.6,0,0,0,0,1791.029043108448
417vtzrn(3),|417vtzrn(3),|417vtzrn(3),|417vtzrn(3),;18134.6,17423,17423,18134.6,0,0,0,0,1796.029043108448
417vtzrn(3),|417vtzrn(3),|417vtzrn(3),|417vtzrn(3),;18134.6,17423,17423,18134.6,0,0,0,0,1801.029043108448
417vtzrn(3),|417vtzrn(3),|417vtzrn(3),|417vtzrn(3),;18134.6,17423,17423,18134.6,0,0,0,0,1806.029043108448
417vtzrn(3),|417vtzrn(3),|417vtzrn(3),|417vtzrn(3),;18134.6,17423,17423,18134.6,0,0,0,0,1811.029043108448
417vtzrn(3),|417vtzrn(3),|417vtzrn(3),|417vtzrn(3),;18134.6,17423,17423,18134.6,0,0,0,0,1816.029043108448
417vtzrn(3),|417vtzrn(3),|417vtzrn(3),|417vtzrn(3),;18134.6,17423,17423,18134.6,0,0,0,0,1821.029043108448
417vtzrn(3),|417vtzrn(3),|417vtzrn(3),|417vtzrn(3),;18134.6,17423,17423,18134.6,0,0,0,0,1826.029043108448
417vtzrn(3),|417vtzrn(3),|417vtzrn(3),|417vtzrn(3),;18134.6,17423,17423,18134.6,0,0,0,0,1831.029043108448
417vtzrn(3),|417vtzrn(3),|417vtzrn(3),|417vtzrn(3),;18134.6,17423,17423,18134.6,0,0,0,0,1836.029043108448
417vtzrn(3),|417vtzrn(3),|417vtzrn(3),|417vtzrn(3),;18134.6,17423,17423,18134.6,0,0,0,0,1841.029043108448
417vtzrn(3),|417vtzrn(3),|417vtzrn(3),|417vtzrn(3),;18134.6,17423,17423,18134.6,0,0,0,0,1846.029043108448
417vtzrn(3),|417vtzrn(3),|417vtzrn(3),|417vtzrn(3),;18134.6,17423,17423,18134.6,0,0,0,0,1851.029043108448
417vtzrn(3),|417vtzrn(3),|417vtzrn(3),|417vtzrn(3),;18134.6,17423,17423,18134.6,0,0,0,0,1856.029043108448
417vtzrn(3),|417vtzrn(3),|417vtzrn(3),|417vtzrn(3),;18134.6,17423,17423,18134.6,0,0,0,0,1861.029043108448
417vtzrn(3),|417vtzrn(3),|417vtzrn(3),|417vtzrn(3),;18134.6,17423,17423,18134.6,0,0,0,0,1866.029043108448
417vtzrn(3),|417vtzrn(3),|417vtzrn(3),|417vtzrn(3),;18134.6,17423,17423,18134.6,0,0,0,0,1871.029043108448
417vtzrn(3),|417vtzrn(3),|417vtzrn(3),|417vtzrn(3),;18134.6,17423,17423,18134.6,0,0,0,0,1876.029043108448
417vtzrn(3),|417vtzrn(3),|417vtzrn(3),|417vtzrn(3),;18134.6,17423,17423,18134.6,0,0,0,0,1881.029043108448
417vtzrn(3),|417vtzrn(3),|417vtzrn(3),|417vtzrn(3),;18134.6,17423,17423,18134.6,0,0,0,0,1886.029043108448
417vtzrn(3),|417vtzrn(3),|417vtzrn(3),|417vtzrn(3),;18134.6,17423,17423,18134.6,0,0,0,0,1891.029043108448
417vtzrn(3),|417vtzrn(3),|417vtzrn(3),|417vtzrn(3),;18134.6,17423,17423,18134.6,0,0,0,0,1896.029043108448
417vtzrn(3),|417vtzrn(3),|417vtzrn(3),|417vtzrn(3),;18134.6,17423,17423,18134.6,0,0,0,0,1901.029043108448
417vtzrn(3),|417vtzrn(3),|417vtzrn(3),|417vtzrn(3),;18134.6,17423,17423,18134.6,0,0,0,0,1906.029043108448
417vtzrn(3),|417vtzrn(3),|417vtzrn(3),|417vtzrn(3),;18134.6,17423,17423,18134.6,0,0,0,0,1911.029043108448
417vtzrn(3),|417vtzrn(3),|417vtzrn(3),|417vtzrn(3),;18134.6,17423,17423,18134.6,0,0,0,0,1916.029043108448
417vtzrn(3),|417vtzrn(3),|417vtzrn(3),|417vtzrn(3),;18134.6,17423,17423,18134.6,0,0,0,0,1921.029043108448
417vtzrn(3),|417vtzrn(3),|417vtzrn(3),|417vtzrn(3),;18134.6,17423,17423,18134.6,0,0,0,0,1926.029043108448
417vtzrn(3),|417vtzrn(3),|417vtzrn(3),|417vtzrn(3),;18134.6,17423,17423,18134.6,0,0,0,0,1931.029043108448
417vtzrn(3),|417vtzrn(3),|417vtzrn(3),|417vtzrn(3),;18134.6,17423,17423,18134.6,0,0,0,0,1936.029043108448
417vtzrn(3),|417vtzrn(3),|417vtzrn(3),|417vtzrn(3),;18134.6,17423,17423,18134.6,0,0,0,0,1941.029043108448
417vtzrn(3),|417vtzrn(3),|417vtzrn(3),|417vtzrn(3),;18134.6,17423,17423,18134.6,0,0,0,0,1946.029043108448
417vtzrn(3),|417vtzrn(3),|417vtzrn(3),|417vtzrn(3),;18134.6,17423,17423,18134.6,0,0,0,0,1951.029043108448
417vtzrn(3),|417vtzrn(3),|417vtzrn(3),|417vtzrn(3),;18134.6,17423,17423,18134.6,0,0,0,0,1956.029043108448
417vtzrn(3),|417vtzrn(3),|417vtzrn(3),|417vtzrn(3),;18134.6,17423,17423,18134.6,0,0,0,0,1961.029043108448
417vtzrn(3),|417vtzrn(3),|417vtzrn(3),|417vtzrn(3),;18134.6,17423,17423,18134.6,0,0,0,0,1966.029043108448
417vtzrn(3),|417vtzrn(3),|417vtzrn(3),|417vtzrn(3),;18134.6,17423,17423,18134.6,0,0,0,0,1971.029043108448
417vtzrn(3),|417vtzrn(3),|417vtzrn(3),|417vtzrn(3),;18134.6,17423,17423,18134.6,0,0,0,0,1976.029043108448
417vtzrn(3),|417vtzrn(3),|417vtzrn(3),|417vtzrn(3),;18134.6,17423,17423,18134.6,0,0,0,0,1981.029043108448
417vtzrn(3),|417vtzrn(3),|417vtzrn(3),|417vtzrn(3),;18134.6,17423,17423,18134.6,0,0,0,0,1986.029043108448
417vtzrn(3),|417vtzrn(3),|417vtzrn(3),|417vtzrn(3),;18134.6,17423,17423,18134.6,0,0,0,0,1991.029043108448
417vtzrn(3),|417vtzrn(3),|417vtzrn(3),|417vtzrn(3),;18134.6,17423,17423,18134.6,0,0,0,0,1996.029043108448
