|||;23040,23040,23040,23040,0,0,0,0,1.143738831256
|||;23040,23040,23040,23040,0,0,0,0,6.143738831256
|||;23040,23040,23040,23040,0,0,0,0,11.143738831256
|||;23040,23040,23040,23040,0,0,0,0,16.143738831256
|||;23040,23040,23040,23040,0,0,0,0,21.143738831256
|||;23040,23040,23040,23040,0,0,0,0,26.143738831256
|||;23040,23040,23040,23040,0,0,0,0,31.143738831256
|||;23040,23040,23040,23040,0,0,0,0,36.143738831256
|||;23040,23040,23040,23040,0,0,0,0,41.143738831256
|||;23040,23040,23040,23040,0,0,0,0,46.143738831256
|||;23040,23040,23040,23040,0,0,0,0,51.143738831256
|||;23040,23040,23040,23040,0,0,0,0,56.143738831256
|||;23040,23040,23040,23040,0,0,0,0,61.143738831256
|||;23040,23040,23040,23040,0,0,0,0,66.143738831256
|||;23040,23040,23040,23040,0,0,0,0,71.143738831256
|||;23040,23040,23040,23040,0,0,0,0,76.143738831256
|||;23040,23040,23040,23040,0,0,0,0,81.143738831256
|||;23040,23040,23040,23040,0,0,0,0,86.143738831256
655eqwbr(2),|655eqwbr(2),|655eqwbr(2),|;22051.8,22051.8,17111,23040,2.338888263432,2.338888263432,29.264710947415,0,91.143738831256
||655eqwbr(2),|;23040,23040,17111,23040,0,0,24.264710947415,0,96.143738831256
||655eqwbr(2),|;23040,23040,17111,23040,0,0,19.264710947415,0,101.143738831256
||655eqwbr(2),|;23040,23040,17111,23040,0,0,14.264710947415,0,106.143738831256
||655eqwbr(2),|;23040,23040,17111,23040,0,0,9.264710947415,0,111.143738831256
||655eqwbr(2),|;23040,23040,17111,23040,0,0,4.264710947415,0,116.143738831256
||655eqwbr(3),|;23040,23040,17111,23040,0,0,0,0,121.143738831256
655wfbtx(0),|655wfbtx(0),|655eqwbr(3),655wfbtx(0),|655wfbtx(0),;21678.1,21678.1,15068.1,20997.1,10.570983522297,10.570983522297,14.282003643509,14.282003643509,126.143738831256
655wfbtx(2),|655wfbtx(2),|655wfbtx(2),|655wfbtx(2),;21678.1,21678.1,20997.1,20997.1,5.570983522297,5.570983522297,9.282003643509,9.282003643509,131.143738831256
655wfbtx(2),|655wfbtx(2),|655wfbtx(2),|655wfbtx(2),;21678.1,21678.1,20997.1,20997.1,0.570983522297,0.570983522297,4.282003643509,4.282003643509,136.143738831256
|||;23040,23040,23040,23040,0,0,0,0,141.143738831256
|||;23040,23040,23040,23040,0,0,0,0,146.143738831256
|||;23040,23040,23040,23040,0,0,0,0,151.143738831256
|||;23040,23040,23040,23040,0,0,0,0,156.143738831256
|||;23040,23040,23040,23040,0,0,0,0,161.143738831256
934lcque(2),|934lcque(2),|934lcque(2),|934lcque(2),;21350.4,21350.4,21913.6,21913.6,4.082913002574,4.082913002574,1.086981574003,1.086981574003,166.143738831256
416quhpa(0),|416quhpa(0),|416quhpa(0),|416quhpa(0),;19742.7,21391.4,21391.4,21391.4,24.019489964952,15.034914934649,12.038983506078,12.038983506078,171.143738831256
416quhpa(2),|416quhpa(2),|416quhpa(2),|416quhpa(2),;19742.7,21391.4,21391.4,21391.4,19.019489964952,10.034914934649,7.038983506078,7.038983506078,176.143738831256
416quhpa(2),|416quhpa(2),|416quhpa(2),|416quhpa(2),;19742.7,21391.4,21391.4,21391.4,14.019489964952,5.034914934649,2.038983506078,2.038983506078,181.143738831256
416quhpa(2),|416quhpa(3),|416quhpa(3),|416quhpa(3),;19742.7,21391.4,21391.4,21391.4,9.019489964952,0.034914934649,0,0,186.143738831256
416quhpa(3),|416quhpa(3),|416quhpa(3),|416quhpa(3),;19742.7,21391.4,21391.4,21391.4,4.019489964952,0,0,0,191.143738831256
416quhpa(3),|416quhpa(3),|416quhpa(3),|416quhpa(3),;19742.7,21391.4,21391.4,21391.4,0,0,0,0,196.143738831256
416quhpa(3),|416quhpa(3),|416quhpa(3),|416quhpa(3),;19742.7,21391.4,21391.4,21391.4,0,0,0,0,201.143738831256
416quhpa(3),|416quhpa(3),|416quhpa(3),|416quhpa(3),;19742.7,21391.4,21391.4,21391.4,0,0,0,0,206.143738831256
416quhpa(3),|416quhpa(3),|416quhpa(3),|416quhpa(3),;19742.7,21391.4,21391.4,21391.4,0,0,0,0,211.143738831256
416quhpa(3),|416quhpa(3),|416quhpa(3),|416quhpa(3),;19742.7,21391.4,21391.4,21391.4,0,0,0,0,216.143738831256
416quhpa(3),|416quhpa(3),|416quhpa(3),|416quhpa(3),;19742.7,21391.4,21391.4,21391.4,0,0,0,0,221.143738831256
416quhpa(3),466ugaei(0),|416quhpa(3),466ugaei(0),|416quhpa(3),466ugaei(0),|416quhpa(3),466ugaei(0),;18037.7,20254.8,20254.8,19686.4,10.177085718684,7.079918549853,7.079918549853,10.177085718684,226.143738831256
416quhpa(3),466ugaei(2),|416quhpa(3),466ugaei(2),|416quhpa(3),466ugaei(2),|416quhpa(3),466ugaei(2),;18037.7,20254.8,20254.8,19686.4,5.177085718684,2.079918549853,2.079918549853,5.177085718684,231.143738831256
416quhpa(3),|||;19742.7,23040,23040,23040,0.177085718684,0,0,0.177085718684,236.143738831256
416quhpa(3),|||;19742.7,23040,23040,23040,0,0,0,0,241.143738831256
416quhpa(3),||139fxaut(0),|139fxaut(0),;19742.7,23040,20674.6,17520.6,0,0,16.012426534221,32.789642534221,246.143738831256
416quhpa(3),||139fxaut(2),|139fxaut(2),;19742.7,23040,20674.6,17520.6,0,0,11.012426534221,27.789642534221,251.143738831256
416quhpa(3),||139fxaut(2),|139fxaut(2),;19742.7,23040,20674.6,17520.6,0,0,6.012426534221,22.789642534221,256.143738831256
416quhpa(3),||139fxaut(2),|139fxaut(2),;19742.7,23040,20674.6,17520.6,0,0,1.012426534221,17.789642534221,261.143738831256
416quhpa(3),||139fxaut(3),|139fxaut(2),;19742.7,23040,20674.6,17520.6,0,0,0,12.789642534221,266.143738831256
416quhpa(3),||139fxaut(3),|139fxaut(2),;19742.7,23040,20674.6,17520.6,0,0,0,7.789642534221,271.143738831256
416quhpa(3),||139fxaut(3),|139fxaut(2),;19742.7,23040,20674.6,17520.6,0,0,0,2.789642534221,276.143738831256
416quhpa(3),||139fxaut(3),|139fxaut(3),;19742.7,23040,20674.6,17520.6,0,0,0,0,281.143738831256
416quhpa(3),416dzeql(0),|416dzeql(0),|139fxaut(3),416dzeql(0),|139fxaut(3),;18938.9,22236.2,19870.8,17520.6,5.848893501099,5.848893501099,5.848893501099,0,286.143738831256
416dzeql(2),|416dzeql(2),|139fxaut(3),416dzeql(2),|139fxaut(3),;22236.2,22236.2,19870.8,17520.6,0.848893501099,0.848893501099,0.848893501099,0,291.143738831256
||139fxaut(3),416dzeql(3),|139fxaut(3),;23040,23040,19870.8,17520.6,0,0,0,0,296.143738831256
||139fxaut(3),416dzeql(3),|139fxaut(3),;23040,23040,19870.8,17520.6,0,0,0,0,301.143738831256
934wnrbi(0),|934wnrbi(0),|416dzeql(3),934wnrbi(0),|139fxaut(3),934wnrbi(0),;22138.9,20336.6,20434,13916.1,8.915742191915,18.502722763344,13.70923247763,23.296213049058,306.143738831256
934wnrbi(2),|934wnrbi(2),|416dzeql(3),934wnrbi(2),|139fxaut(3),934wnrbi(2),;22138.9,20336.6,20434,13916.1,3.915742191915,13.502722763344,8.70923247763,18.296213049058,311.143738831256
466wpigm(0),|934wnrbi(2),466wpigm(0),|416dzeql(3),934wnrbi(2),466wpigm(0),|139fxaut(3),934wnrbi(2),466wpigm(0),;18985,18309.1,18406.5,12902.3,28.27591535426,26.813542782831,22.020052497117,26.082356497117,316.143738831256
466wpigm(2),|934wnrbi(2),466wpigm(1),|416dzeql(3),466wpigm(2),|139fxaut(3),934wnrbi(2),466wpigm(1),;18985,18309.1,20208.7,12902.3,23.27591535426,21.813542782831,17.020052497117,21.082356497117,321.143738831256
466wpigm(2),|466wpigm(2),|416dzeql(3),466wpigm(2),|139fxaut(3),934wnrbi(2),466wpigm(1),;18985,21012.5,20208.7,12902.3,18.27591535426,16.813542782831,12.020052497117,16.082356497117,326.143738831256
466wpigm(2),|466wpigm(2),|416dzeql(3),|139fxaut(3),466wpigm(2),;18985,21012.5,22236.2,16506.8,13.27591535426,11.813542782831,7.020052497117,11.082356497117,331.143738831256
466wpigm(2),||416dzeql(3),|139fxaut(3),;18985,23040,22236.2,17520.6,8.27591535426,6.813542782831,2.020052497117,6.082356497117,336.143738831256
466wpigm(2),||416dzeql(3),|139fxaut(3),;18985,23040,22236.2,17520.6,3.27591535426,1.813542782831,0,1.082356497117,341.143738831256
466wpigm(3),||416dzeql(3),|139fxaut(3),;18985,23040,22236.2,17520.6,0,0,0,0,346.143738831256
||416dzeql(3),|139fxaut(3),;23040,23040,22236.2,17520.6,0,0,0,0,351.143738831256
139pklsv(0),|139pklsv(0),|416dzeql(3),139pklsv(0),|139fxaut(3),139pklsv(0),;21442.6,21975,21171.2,15923.2,10.109683791595,7.207833471248,7.207833471248,10.109683791595,356.143738831256
139pklsv(2),|139pklsv(2),|416dzeql(3),139pklsv(2),|139pklsv(2),;21442.6,21975,21171.2,21442.6,5.109683791595,2.207833471248,2.207833471248,5.109683791595,361.143738831256
||416dzeql(3),|;23040,23040,22236.2,23040,0.109683791595,0,0,0.109683791595,366.143738831256
||416dzeql(3),|;23040,23040,22236.2,23040,0,0,0,0,371.143738831256
||416dzeql(3),|;23040,23040,22236.2,23040,0,0,0,0,376.143738831256
||416dzeql(3),|;23040,23040,22236.2,23040,0,0,0,0,381.143738831256
||416dzeql(3),|;23040,23040,22236.2,23040,0,0,0,0,386.143738831256
||416dzeql(3),|;23040,23040,22236.2,23040,0,0,0,0,391.143738831256
637osqek(0),|637osqek(0),|416dzeql(3),637osqek(0),|637osqek(0),;20305.9,21217.3,20413.5,21217.3,15.777593858069,10.929632091835,10.929632091835,10.929632091835,396.143738831256
637osqek(2),|637osqek(2),|416dzeql(3),637osqek(2),|637osqek(2),;20305.9,21217.3,20413.5,21217.3,10.777593858069,5.929632091835,5.929632091835,5.929632091835,401.143738831256
637osqek(2),|637osqek(2),|416dzeql(3),637osqek(2),|637osqek(2),;20305.9,21217.3,20413.5,21217.3,5.777593858069,0.929632091835,0.929632091835,0.929632091835,406.143738831256
637osqek(2),|637osqek(3),|416dzeql(3),637osqek(3),|637osqek(3),;20305.9,21217.3,20413.5,21217.3,0.777593858069,0,0,0,411.143738831256
637osqek(3),|637osqek(3),|416dzeql(3),637osqek(3),|637osqek(3),;20305.9,21217.3,20413.5,21217.3,0,0,0,0,416.143738831256
637osqek(3),|637osqek(3),|637osqek(3),|637osqek(3),;20305.9,21217.3,21217.3,21217.3,0,0,0,0,421.143738831256
637osqek(3),|637osqek(3),|637osqek(3),|637osqek(3),;20305.9,21217.3,21217.3,21217.3,0,0,0,0,426.143738831256
637osqek(3),|637osqek(3),555ysqjd(0),|637osqek(3),555ysqjd(0),|637osqek(3),;20305.9,16276.5,17264.7,21217.3,0,31.314337380183,25.80050617672,0,431.143738831256
637osqek(3),|637osqek(3),555ysqjd(2),|637osqek(3),555ysqjd(2),|637osqek(3),;20305.9,16276.5,17264.7,21217.3,0,26.314337380183,20.80050617672,0,436.143738831256
637osqek(3),419hnxky(2),|637osqek(3),555ysqjd(2),419hnxky(1),|637osqek(3),555ysqjd(2),419hnxky(1),|637osqek(3),;17274.9,14003.2,14991.4,21217.3,14.441146669203,35.758986322201,30.245155118738,0,441.143738831256
637osqek(3),419hnxky(2),|637osqek(3),555ysqjd(2),419hnxky(1),|637osqek(3),555ysqjd(2),419hnxky(1),|637osqek(3),;17274.9,14003.2,14991.4,21217.3,9.441146669203,30.758986322201,25.245155118738,0,446.143738831256
637osqek(3),419hnxky(2),|637osqek(3),555ysqjd(2),419hnxky(1),|637osqek(3),555ysqjd(2),419hnxky(1),|637osqek(3),;17274.9,14003.2,14991.4,21217.3,4.441146669203,25.758986322201,20.245155118738,0,451.143738831256
637osqek(3),419hnxky(3),|637osqek(3),555ysqjd(2),419hnxky(1),|637osqek(3),555ysqjd(2),419hnxky(1),|637osqek(3),;17274.9,14003.2,14991.4,21217.3,0,20.758986322201,15.245155118738,0,456.143738831256
637osqek(3),419hnxky(3),|637osqek(3),555ysqjd(2),419hnxky(1),|637osqek(3),555ysqjd(3),419hnxky(2),|637osqek(3),;17274.9,14003.2,14991.4,21217.3,0,15.758986322201,10.245155118738,0,461.143738831256
637osqek(3),419hnxky(3),|637osqek(3),555ysqjd(3),419hnxky(2),|637osqek(3),555ysqjd(3),419hnxky(2),|637osqek(3),;17274.9,14003.2,14991.4,21217.3,0,10.758986322201,5.245155118738,0,466.143738831256
637osqek(3),419hnxky(3),|637osqek(3),555ysqjd(3),419hnxky(2),|637osqek(3),555ysqjd(3),419hnxky(3),|637osqek(3),;17274.9,14003.2,14991.4,21217.3,0,5.758986322201,0.245155118738,0,471.143738831256
637osqek(3),419hnxky(3),|637osqek(3),555ysqjd(3),419hnxky(3),|637osqek(3),555ysqjd(3),419hnxky(3),|637osqek(3),;17274.9,14003.2,14991.4,21217.3,0,0.758986322201,0,0,476.143738831256
637osqek(3),419hnxky(3),|637osqek(3),555ysqjd(3),419hnxky(3),|637osqek(3),555ysqjd(3),419hnxky(3),|637osqek(3),;17274.9,14003.2,14991.4,21217.3,0,0,0,0,481.143738831256
637osqek(3),419hnxky(3),|637osqek(3),555ysqjd(3),419hnxky(3),|637osqek(3),555ysqjd(3),419hnxky(3),|637osqek(3),;17274.9,14003.2,14991.4,21217.3,0,0,0,0,486.143738831256
637osqek(3),419hnxky(3),|637osqek(3),555ysqjd(3),419hnxky(3),|637osqek(3),555ysqjd(3),419hnxky(3),|637osqek(3),;17274.9,14003.2,14991.4,21217.3,0,0,0,0,491.143738831256
637osqek(3),419hnxky(3),|637osqek(3),555ysqjd(3),419hnxky(3),|637osqek(3),555ysqjd(3),419hnxky(3),|637osqek(3),;17274.9,14003.2,14991.4,21217.3,0,0,0,0,496.143738831256
637osqek(3),419hnxky(3),|637osqek(3),555ysqjd(3),419hnxky(3),|637osqek(3),555ysqjd(3),419hnxky(3),|637osqek(3),;17274.9,14003.2,14991.4,21217.3,0,0,0,0,501.143738831256
637osqek(3),419hnxky(3),308yfwka(0),|637osqek(3),555ysqjd(3),419hnxky(3),308yfwka(0),|637osqek(3),555ysqjd(3),419hnxky(3),308yfwka(0),|637osqek(3),308yfwka(0),;16363.5,13091.8,11346,17571.9,8.542965602044,8.542965602044,23.442850900745,23.442850900745,506.143738831256
637osqek(3),419hnxky(3),308yfwka(2),|637osqek(3),555ysqjd(3),419hnxky(3),308yfwka(2),|637osqek(3),555ysqjd(3),419hnxky(3),308yfwka(2),|637osqek(3),308yfwka(2),;16363.5,13091.8,11346,17571.9,3.542965602044,3.542965602044,18.442850900745,18.442850900745,511.143738831256
637osqek(3),419hnxky(3),|637osqek(3),555ysqjd(3),419hnxky(3),|637osqek(3),555ysqjd(3),419hnxky(3),308yfwka(2),|637osqek(3),308yfwka(2),;17274.9,14003.2,11346,17571.9,0,0,13.442850900745,13.442850900745,516.143738831256
637osqek(3),419hnxky(3),|637osqek(3),555ysqjd(3),419hnxky(3),|637osqek(3),555ysqjd(3),419hnxky(3),308yfwka(2),|637osqek(3),308yfwka(2),;17274.9,14003.2,11346,17571.9,0,0,8.442850900745,8.442850900745,521.143738831256
637osqek(3),419hnxky(3),|637osqek(3),555ysqjd(3),419hnxky(3),|637osqek(3),555ysqjd(3),419hnxky(3),308yfwka(2),|637osqek(3),308yfwka(2),;17274.9,14003.2,11346,17571.9,0,0,3.442850900745,3.442850900745,526.143738831256
637osqek(3),419hnxky(3),|637osqek(3),555ysqjd(3),419hnxky(3),|637osqek(3),555ysqjd(3),419hnxky(3),308yfwka(3),|637osqek(3),308yfwka(3),;17274.9,14003.2,11346,17571.9,0,0,0,0,531.143738831256
637osqek(3),419hnxky(3),|637osqek(3),555ysqjd(3),419hnxky(3),|637osqek(3),555ysqjd(3),419hnxky(3),308yfwka(3),|637osqek(3),308yfwka(3),;17274.9,14003.2,11346,17571.9,0,0,0,0,536.143738831256
637osqek(3),419hnxky(3),|637osqek(3),555ysqjd(3),419hnxky(3),|637osqek(3),555ysqjd(3),419hnxky(3),308yfwka(3),|637osqek(3),308yfwka(3),;17274.9,14003.2,11346,17571.9,0,0,0,0,541.143738831256
637osqek(3),419hnxky(3),|637osqek(3),555ysqjd(3),419hnxky(3),|637osqek(3),555ysqjd(3),419hnxky(3),308yfwka(3),|637osqek(3),308yfwka(3),;17274.9,14003.2,11346,17571.9,0,0,0,0,546.143738831256
637osqek(3),419hnxky(3),|637osqek(3),555ysqjd(3),419hnxky(3),|637osqek(3),555ysqjd(3),419hnxky(3),308yfwka(3),|637osqek(3),308yfwka(3),;17274.9,14003.2,11346,17571.9,0,0,0,0,551.143738831256
637osqek(3),419hnxky(3),|637osqek(3),555ysqjd(3),419hnxky(3),|637osqek(3),555ysqjd(3),419hnxky(3),308yfwka(3),|637osqek(3),308yfwka(3),;17274.9,14003.2,11346,17571.9,0,0,0,0,556.143738831256
637osqek(3),419hnxky(3),331qhlei(2),|637osqek(3),555ysqjd(3),419hnxky(3),|637osqek(3),555ysqjd(3),419hnxky(3),308yfwka(3),|637osqek(3),308yfwka(3),331qhlei(2),;14586.9,14003.2,11346,14883.9,12.587971017171,0,0,12.587971017171,561.143738831256
637osqek(3),419hnxky(3),331qhlei(2),|637osqek(3),555ysqjd(3),419hnxky(3),|637osqek(3),555ysqjd(3),419hnxky(3),308yfwka(3),|637osqek(3),308yfwka(3),331qhlei(2),;14586.9,14003.2,11346,14883.9,7.587971017171,0,0,7.587971017171,566.143738831256
637osqek(3),419hnxky(3),331qhlei(2),|637osqek(3),555ysqjd(3),419hnxky(3),|637osqek(3),555ysqjd(3),419hnxky(3),308yfwka(3),|637osqek(3),308yfwka(3),331qhlei(2),;14586.9,14003.2,11346,14883.9,2.587971017171,0,0,2.587971017171,571.143738831256
637osqek(3),419hnxky(3),331qhlei(3),|637osqek(3),555ysqjd(3),419hnxky(3),|637osqek(3),555ysqjd(3),419hnxky(3),308yfwka(3),|637osqek(3),308yfwka(3),331qhlei(3),;14586.9,14003.2,11346,14883.9,0,0,0,0,576.143738831256
637osqek(3),419hnxky(3),331qhlei(3),|637osqek(3),555ysqjd(3),419hnxky(3),|637osqek(3),555ysqjd(3),419hnxky(3),308yfwka(3),|637osqek(3),308yfwka(3),331qhlei(3),;14586.9,14003.2,11346,14883.9,0,0,0,0,581.143738831256
637osqek(3),419hnxky(3),331qhlei(3),|637osqek(3),555ysqjd(3),419hnxky(3),|637osqek(3),555ysqjd(3),419hnxky(3),308yfwka(3),|637osqek(3),308yfwka(3),331qhlei(3),;14586.9,14003.2,11346,14883.9,0,0,0,0,586.143738831256
637osqek(3),419hnxky(3),331qhlei(3),|637osqek(3),555ysqjd(3),419hnxky(3),|637osqek(3),555ysqjd(3),419hnxky(3),308yfwka(3),|637osqek(3),308yfwka(3),331qhlei(3),;14586.9,14003.2,11346,14883.9,0,0,0,0,591.143738831256
637osqek(3),419hnxky(3),331qhlei(3),|637osqek(3),555ysqjd(3),419hnxky(3),|637osqek(3),555ysqjd(3),419hnxky(3),308yfwka(3),|637osqek(3),308yfwka(3),331qhlei(3),;14586.9,14003.2,11346,14883.9,0,0,0,0,596.143738831256
637osqek(3),419hnxky(3),331qhlei(3),|637osqek(3),555ysqjd(3),419hnxky(3),|637osqek(3),555ysqjd(3),419hnxky(3),308yfwka(3),|637osqek(3),308yfwka(3),331qhlei(3),;14586.9,14003.2,11346,14883.9,0,0,0,0,601.143738831256
637osqek(3),419hnxky(3),331qhlei(3),|637osqek(3),555ysqjd(3),419hnxky(3),|637osqek(3),555ysqjd(3),419hnxky(3),308yfwka(3),|637osqek(3),308yfwka(3),331qhlei(3),;14586.9,14003.2,11346,14883.9,0,0,0,0,606.143738831256
419hnxky(3),331qhlei(3),|419hnxky(3),|419hnxky(3),308yfwka(3),|308yfwka(3),331qhlei(3),;17321,20766.7,17121.3,16706.6,0,0,0,0,611.143738831256
419hnxky(3),331qhlei(3),|419hnxky(3),|419hnxky(3),308yfwka(3),|308yfwka(3),331qhlei(3),;17321,20766.7,17121.3,16706.6,0,0,0,0,616.143738831256
419hnxky(3),331qhlei(3),|419hnxky(3),|419hnxky(3),308yfwka(3),|308yfwka(3),331qhlei(3),;17321,20766.7,17121.3,16706.6,0,0,0,0,621.143738831256
419hnxky(3),331qhlei(3),|419hnxky(3),|419hnxky(3),308yfwka(3),|308yfwka(3),331qhlei(3),;17321,20766.7,17121.3,16706.6,0,0,0,0,626.143738831256
419hnxky(3),331qhlei(3),|419hnxky(3),|419hnxky(3),308yfwka(3),|308yfwka(3),331qhlei(3),;17321,20766.7,17121.3,16706.6,0,0,0,0,631.143738831256
419hnxky(3),331qhlei(3),|419hnxky(3),|419hnxky(3),308yfwka(3),|308yfwka(3),331qhlei(3),;17321,20766.7,17121.3,16706.6,0,0,0,0,636.143738831256
419hnxky(3),331qhlei(3),|419hnxky(3),|419hnxky(3),308yfwka(3),|308yfwka(3),331qhlei(3),;17321,20766.7,17121.3,16706.6,0,0,0,0,641.143738831256
419hnxky(3),331qhlei(3),|419hnxky(3),|419hnxky(3),308yfwka(3),|308yfwka(3),331qhlei(3),;17321,20766.7,17121.3,16706.6,0,0,0,0,646.143738831256
419hnxky(3),331qhlei(3),|419hnxky(3),|419hnxky(3),308yfwka(3),|308yfwka(3),331qhlei(3),;17321,20766.7,17121.3,16706.6,0,0,0,0,651.143738831256
419hnxky(3),331qhlei(3),|419hnxky(3),|419hnxky(3),308yfwka(3),|308yfwka(3),331qhlei(3),;17321,20766.7,17121.3,16706.6,0,0,0,0,656.143738831256
419hnxky(3),331qhlei(3),|419hnxky(3),|419hnxky(3),308yfwka(3),|308yfwka(3),331qhlei(3),;17321,20766.7,17121.3,16706.6,0,0,0,0,661.143738831256
419hnxky(3),331qhlei(3),|419hnxky(3),|419hnxky(3),308yfwka(3),|308yfwka(3),331qhlei(3),;17321,20766.7,17121.3,16706.6,0,0,0,0,666.143738831256
419hnxky(3),331qhlei(3),|419hnxky(3),|419hnxky(3),308yfwka(3),|308yfwka(3),331qhlei(3),;17321,20766.7,17121.3,16706.6,0,0,0,0,671.143738831256
419hnxky(3),331qhlei(3),|419hnxky(3),|419hnxky(3),308yfwka(3),|308yfwka(3),331qhlei(3),;17321,20766.7,17121.3,16706.6,0,0,0,0,676.143738831256
419hnxky(3),331qhlei(3),|419hnxky(3),|419hnxky(3),308yfwka(3),|308yfwka(3),331qhlei(3),;17321,20766.7,17121.3,16706.6,0,0,0,0,681.143738831256
419hnxky(3),331qhlei(3),|419hnxky(3),|419hnxky(3),308yfwka(3),|308yfwka(3),331qhlei(3),;17321,20766.7,17121.3,16706.6,0,0,0,0,686.143738831256
419hnxky(3),331qhlei(3),|419hnxky(3),|419hnxky(3),308yfwka(3),|308yfwka(3),331qhlei(3),;17321,20766.7,17121.3,16706.6,0,0,0,0,691.143738831256
419hnxky(3),331qhlei(3),|419hnxky(3),|419hnxky(3),308yfwka(3),|308yfwka(3),331qhlei(3),;17321,20766.7,17121.3,16706.6,0,0,0,0,696.143738831256
419hnxky(3),331qhlei(3),|419hnxky(3),|419hnxky(3),308yfwka(3),|308yfwka(3),331qhlei(3),;17321,20766.7,17121.3,16706.6,0,0,0,0,701.143738831256
419hnxky(3),331qhlei(3),|419hnxky(3),|419hnxky(3),308yfwka(3),|308yfwka(3),331qhlei(3),;17321,20766.7,17121.3,16706.6,0,0,0,0,706.143738831256
419hnxky(3),331qhlei(3),|419hnxky(3),|419hnxky(3),308yfwka(3),|308yfwka(3),331qhlei(3),;17321,20766.7,17121.3,16706.6,0,0,0,0,711.143738831256
419hnxky(3),331qhlei(3),|419hnxky(3),|419hnxky(3),308yfwka(3),|308yfwka(3),331qhlei(3),;17321,20766.7,17121.3,16706.6,0,0,0,0,716.143738831256
419hnxky(3),331qhlei(3),|419hnxky(3),|419hnxky(3),308yfwka(3),|308yfwka(3),331qhlei(3),;17321,20766.7,17121.3,16706.6,0,0,0,0,721.143738831256
419hnxky(3),331qhlei(3),|419hnxky(3),|419hnxky(3),308yfwka(3),|308yfwka(3),331qhlei(3),;17321,20766.7,17121.3,16706.6,0,0,0,0,726.143738831256
419hnxky(3),331qhlei(3),|419hnxky(3),|419hnxky(3),|331qhlei(3),;17321,20766.7,20766.7,20352,0,0,0,0,731.143738831256
419hnxky(3),331qhlei(3),|419hnxky(3),|419hnxky(3),|331qhlei(3),;17321,20766.7,20766.7,20352,0,0,0,0,736.143738831256
419hnxky(3),331qhlei(3),|419hnxky(3),|419hnxky(3),|331qhlei(3),;17321,20766.7,20766.7,20352,0,0,0,0,741.143738831256
419hnxky(3),331qhlei(3),|419hnxky(3),|419hnxky(3),|331qhlei(3),;17321,20766.7,20766.7,20352,0,0,0,0,746.143738831256
419hnxky(3),331qhlei(3),|419hnxky(3),|419hnxky(3),|331qhlei(3),;17321,20766.7,20766.7,20352,0,0,0,0,751.143738831256
419hnxky(3),331qhlei(3),|419hnxky(3),|419hnxky(3),|331qhlei(3),;17321,20766.7,20766.7,20352,0,0,0,0,756.143738831256
419hnxky(3),331qhlei(3),|419hnxky(3),|419hnxky(3),|331qhlei(3),;17321,20766.7,20766.7,20352,0,0,0,0,761.143738831256
419hnxky(3),331qhlei(3),|419hnxky(3),|419hnxky(3),|331qhlei(3),;17321,20766.7,20766.7,20352,0,0,0,0,766.143738831256
419hnxky(3),331qhlei(3),|419hnxky(3),|419hnxky(3),|331qhlei(3),;17321,20766.7,20766.7,20352,0,0,0,0,771.143738831256
419hnxky(3),331qhlei(3),|419hnxky(3),|419hnxky(3),|331qhlei(3),;17321,20766.7,20766.7,20352,0,0,0,0,776.143738831256
419hnxky(3),331qhlei(3),|419hnxky(3),|419hnxky(3),|331qhlei(3),;17321,20766.7,20766.7,20352,0,0,0,0,781.143738831256
331qhlei(3),|||331qhlei(3),;20352,23040,23040,20352,0,0,0,0,786.143738831256
331qhlei(3),|||331qhlei(3),;20352,23040,23040,20352,0,0,0,0,791.143738831256
331qhlei(3),|||331qhlei(3),;20352,23040,23040,20352,0,0,0,0,796.143738831256
331qhlei(3),|||331qhlei(3),;20352,23040,23040,20352,0,0,0,0,801.143738831256
331qhlei(3),|||331qhlei(3),;20352,23040,23040,20352,0,0,0,0,806.143738831256
331qhlei(3),|||331qhlei(3),;20352,23040,23040,20352,0,0,0,0,811.143738831256
331qhlei(3),|||331qhlei(3),;20352,23040,23040,20352,0,0,0,0,816.143738831256
331qhlei(3),|||331qhlei(3),;20352,23040,23040,20352,0,0,0,0,821.143738831256
331qhlei(3),|||331qhlei(3),;20352,23040,23040,20352,0,0,0,0,826.143738831256
331qhlei(3),|||331qhlei(3),;20352,23040,23040,20352,0,0,0,0,831.143738831256
331qhlei(3),|||331qhlei(3),;20352,23040,23040,20352,0,0,0,0,836.143738831256
331qhlei(3),|||331qhlei(3),;20352,23040,23040,20352,0,0,0,0,841.143738831256
331qhlei(3),|||331qhlei(3),;20352,23040,23040,20352,0,0,0,0,846.143738831256
331qhlei(3),|||331qhlei(3),;20352,23040,23040,20352,0,0,0,0,851.143738831256
331qhlei(3),|||331qhlei(3),;20352,23040,23040,20352,0,0,0,0,856.143738831256
331qhlei(3),|||331qhlei(3),;20352,23040,23040,20352,0,0,0,0,861.143738831256
|||;23040,23040,23040,23040,0,0,0,0,866.143738831256
|||;23040,23040,23040,23040,0,0,0,0,871.143738831256
506intfr(2),|||506intfr(2),;18432,23040,23040,18432,24.969059966667,0,0,24.969059966667,876.143738831256
506intfr(2),|||506intfr(2),;18432,23040,23040,18432,19.969059966667,0,0,19.969059966667,881.143738831256
506intfr(2),|||506intfr(2),;18432,23040,23040,18432,14.969059966667,0,0,14.969059966667,886.143738831256
506intfr(2),|||506intfr(2),;18432,23040,23040,18432,9.969059966667,0,0,9.969059966667,891.143738831256
506intfr(2),|||506intfr(2),;18432,23040,23040,18432,4.969059966667,0,0,4.969059966667,896.143738831256
506intfr(3),|||506intfr(3),;18432,23040,23040,18432,0,0,0,0,901.143738831256
506intfr(3),|||506intfr(3),;18432,23040,23040,18432,0,0,0,0,906.143738831256
506intfr(3),|||506intfr(3),;18432,23040,23040,18432,0,0,0,0,911.143738831256
506intfr(3),|146rfykg(0),||506intfr(3),;18432,22169.6,23040,18432,0,5.767454939605,0,0,916.143738831256
506intfr(3),|146rfykg(2),||506intfr(3),;18432,22169.6,23040,18432,0,0.767454939605,0,0,921.143738831256
506intfr(3),|||506intfr(3),;18432,23040,23040,18432,0,0,0,0,926.143738831256
506intfr(3),|||506intfr(3),;18432,23040,23040,18432,0,0,0,0,931.143738831256
506intfr(3),|||506intfr(3),;18432,23040,23040,18432,0,0,0,0,936.143738831256
506intfr(3),|||506intfr(3),;18432,23040,23040,18432,0,0,0,0,941.143738831256
506intfr(3),|||506intfr(3),;18432,23040,23040,18432,0,0,0,0,946.143738831256
506intfr(3),|||506intfr(3),;18432,23040,23040,18432,0,0,0,0,951.143738831256
506intfr(3),|||506intfr(3),;18432,23040,23040,18432,0,0,0,0,956.143738831256
506intfr(3),|||506intfr(3),;18432,23040,23040,18432,0,0,0,0,961.143738831256
506intfr(3),|||506intfr(3),;18432,23040,23040,18432,0,0,0,0,966.143738831256
506intfr(3),|||506intfr(3),;18432,23040,23040,18432,0,0,0,0,971.143738831256
506intfr(3),|||506intfr(3),;18432,23040,23040,18432,0,0,0,0,976.143738831256
506intfr(3),|||506intfr(3),;18432,23040,23040,18432,0,0,0,0,981.143738831256
506intfr(3),|||506intfr(3),;18432,23040,23040,18432,0,0,0,0,986.143738831256
506intfr(3),|||506intfr(3),;18432,23040,23040,18432,0,0,0,0,991.143738831256
506intfr(3),|||506intfr(3),;18432,23040,23040,18432,0,0,0,0,996.143738831256
506intfr(3),|||506intfr(3),;18432,23040,23040,18432,0,0,0,0,1001.143738831256
506intfr(3),|||506intfr(3),;18432,23040,23040,18432,0,0,0,0,1006.143738831256
506intfr(3),|||506intfr(3),;18432,23040,23040,18432,0,0,0,0,1011.143738831256
506intfr(3),|||506intfr(3),;18432,23040,23040,18432,0,0,0,0,1016.143738831256
506intfr(3),|||506intfr(3),;18432,23040,23040,18432,0,0,0,0,1021.143738831256
506intfr(3),|||506intfr(3),;18432,23040,23040,18432,0,0,0,0,1026.143738831256
506intfr(3),|||506intfr(3),;18432,23040,23040,18432,0,0,0,0,1031.143738831256
506intfr(3),|||506intfr(3),;18432,23040,23040,18432,0,0,0,0,1036.143738831256
506intfr(3),|||506intfr(3),;18432,23040,23040,18432,0,0,0,0,1041.143738831256
506intfr(3),309almec(2),|309almec(2),|309almec(2),|506intfr(3),309almec(2),;17049.6,21657.6,21657.6,17049.6,4.697675275947,4.697675275947,4.697675275947,4.697675275947,1046.143738831256
506intfr(3),|||506intfr(3),;18432,23040,23040,18432,0,0,0,0,1051.143738831256
506intfr(3),|||506intfr(3),;18432,23040,23040,18432,0,0,0,0,1056.143738831256
506intfr(3),|||506intfr(3),;18432,23040,23040,18432,0,0,0,0,1061.143738831256
506intfr(3),|||506intfr(3),;18432,23040,23040,18432,0,0,0,0,1066.143738831256
506intfr(3),|||506intfr(3),;18432,23040,23040,18432,0,0,0,0,1071.143738831256
506intfr(3),|||506intfr(3),;18432,23040,23040,18432,0,0,0,0,1076.143738831256
506intfr(3),|||506intfr(3),;18432,23040,23040,18432,0,0,0,0,1081.143738831256
506intfr(3),|||506intfr(3),;18432,23040,23040,18432,0,0,0,0,1086.143738831256
506intfr(3),|||506intfr(3),;18432,23040,23040,18432,0,0,0,0,1091.143738831256
506intfr(3),|||506intfr(3),;18432,23040,23040,18432,0,0,0,0,1096.143738831256
506intfr(3),|||506intfr(3),;18432,23040,23040,18432,0,0,0,0,1101.143738831256
506intfr(3),|||506intfr(3),;18432,23040,23040,18432,0,0,0,0,1106.143738831256
506intfr(3),|||506intfr(3),;18432,23040,23040,18432,0,0,0,0,1111.143738831256
506intfr(3),|||506intfr(3),;18432,23040,23040,18432,0,0,0,0,1116.143738831256
506intfr(3),|||506intfr(3),;18432,23040,23040,18432,0,0,0,0,1121.143738831256
506intfr(3),|||506intfr(3),;18432,23040,23040,18432,0,0,0,0,1126.143738831256
506intfr(3),|||506intfr(3),;18432,23040,23040,18432,0,0,0,0,1131.143738831256
506intfr(3),|||506intfr(3),;18432,23040,23040,18432,0,0,0,0,1136.143738831256
506intfr(3),|||506intfr(3),;18432,23040,23040,18432,0,0,0,0,1141.143738831256
506intfr(3),|||506intfr(3),;18432,23040,23040,18432,0,0,0,0,1146.143738831256
506intfr(3),|||506intfr(3),;18432,23040,23040,18432,0,0,0,0,1151.143738831256
506intfr(3),|||506intfr(3),;18432,23040,23040,18432,0,0,0,0,1156.143738831256
506intfr(3),|||506intfr(3),;18432,23040,23040,18432,0,0,0,0,1161.143738831256
506intfr(3),|||506intfr(3),;18432,23040,23040,18432,0,0,0,0,1166.143738831256
506intfr(3),|||506intfr(3),;18432,23040,23040,18432,0,0,0,0,1171.143738831256
506intfr(3),|||506intfr(3),;18432,23040,23040,18432,0,0,0,0,1176.143738831256
506intfr(3),|||506intfr(3),;18432,23040,23040,18432,0,0,0,0,1181.143738831256
506intfr(3),|||506intfr(3),;18432,23040,23040,18432,0,0,0,0,1186.143738831256
506intfr(3),|||506intfr(3),;18432,23040,23040,18432,0,0,0,0,1191.143738831256
506intfr(3),|||506intfr(3),;18432,23040,23040,18432,0,0,0,0,1196.143738831256
506intfr(3),|||506intfr(3),;18432,23040,23040,18432,0,0,0,0,1201.143738831256
506intfr(3),|||506intfr(3),;18432,23040,23040,18432,0,0,0,0,1206.143738831256
506intfr(3),|||506intfr(3),;18432,23040,23040,18432,0,0,0,0,1211.143738831256
506intfr(3),|||506intfr(3),;18432,23040,23040,18432,0,0,0,0,1216.143738831256
506intfr(3),|||506intfr(3),;18432,23040,23040,18432,0,0,0,0,1221.143738831256
506intfr(3),|||506intfr(3),;18432,23040,23040,18432,0,0,0,0,1226.143738831256
506intfr(3),|||506intfr(3),;18432,23040,23040,18432,0,0,0,0,1231.143738831256
506intfr(3),|||506intfr(3),;18432,23040,23040,18432,0,0,0,0,1236.143738831256
506intfr(3),|||506intfr(3),;18432,23040,23040,18432,0,0,0,0,1241.143738831256
506intfr(3),|||506intfr(3),;18432,23040,23040,18432,0,0,0,0,1246.143738831256
506intfr(3),|||506intfr(3),;18432,23040,23040,18432,0,0,0,0,1251.143738831256
506intfr(3),|||506intfr(3),;18432,23040,23040,18432,0,0,0,0,1256.143738831256
506intfr(3),|||506intfr(3),;18432,23040,23040,18432,0,0,0,0,1261.143738831256
506intfr(3),|||506intfr(3),;18432,23040,23040,18432,0,0,0,0,1266.143738831256
506intfr(3),|||506intfr(3),;18432,23040,23040,18432,0,0,0,0,1271.143738831256
506intfr(3),|||506intfr(3),;18432,23040,23040,18432,0,0,0,0,1276.143738831256
506intfr(3),|||506intfr(3),;18432,23040,23040,18432,0,0,0,0,1281.143738831256
506intfr(3),|||506intfr(3),;18432,23040,23040,18432,0,0,0,0,1286.143738831256
506intfr(3),|||506intfr(3),;18432,23040,23040,18432,0,0,0,0,1291.143738831256
506intfr(3),|||506intfr(3),;18432,23040,23040,18432,0,0,0,0,1296.143738831256
506intfr(3),|||506intfr(3),;18432,23040,23040,18432,0,0,0,0,1301.143738831256
506intfr(3),|||506intfr(3),;18432,23040,23040,18432,0,0,0,0,1306.143738831256
506intfr(3),|||506intfr(3),;18432,23040,23040,18432,0,0,0,0,1311.143738831256
506intfr(3),|||506intfr(3),;18432,23040,23040,18432,0,0,0,0,1316.143738831256
506intfr(3),|||506intfr(3),;18432,23040,23040,18432,0,0,0,0,1321.143738831256
506intfr(3),|||506intfr(3),;18432,23040,23040,18432,0,0,0,0,1326.143738831256
|||;23040,23040,23040,23040,0,0,0,0,1331.143738831256
|||;23040,23040,23040,23040,0,0,0,0,1336.143738831256
|||;23040,23040,23040,23040,0,0,0,0,1341.143738831256
|||;23040,23040,23040,23040,0,0,0,0,1346.143738831256
|||;23040,23040,23040,23040,0,0,0,0,1351.143738831256
|||;23040,23040,23040,23040,0,0,0,0,1356.143738831256
|||;23040,23040,23040,23040,0,0,0,0,1361.143738831256
|||;23040,23040,23040,23040,0,0,0,0,1366.143738831256
|||;23040,23040,23040,23040,0,0,0,0,1371.143738831256
|||;23040,23040,23040,23040,0,0,0,0,1376.143738831256
|||;23040,23040,23040,23040,0,0,0,0,1381.143738831256
|||;23040,23040,23040,23040,0,0,0,0,1386.143738831256
|||;23040,23040,23040,23040,0,0,0,0,1391.143738831256
|||;23040,23040,23040,23040,0,0,0,0,1396.143738831256
|||;23040,23040,23040,23040,0,0,0,0,1401.143738831256
|||;23040,23040,23040,23040,0,0,0,0,1406.143738831256
|||;23040,23040,23040,23040,0,0,0,0,1411.143738831256
|||;23040,23040,23040,23040,0,0,0,0,1416.143738831256
|||;23040,23040,23040,23040,0,0,0,0,1421.143738831256
|||;23040,23040,23040,23040,0,0,0,0,1426.143738831256
|||;23040,23040,23040,23040,0,0,0,0,1431.143738831256
|||;23040,23040,23040,23040,0,0,0,0,1436.143738831256
|||;23040,23040,23040,23040,0,0,0,0,1441.143738831256
|||;23040,23040,23040,23040,0,0,0,0,1446.143738831256
|||;23040,23040,23040,23040,0,0,0,0,1451.143738831256
|||;23040,23040,23040,23040,0,0,0,0,1456.143738831256
|||;23040,23040,23040,23040,0,0,0,0,1461.143738831256
|||;23040,23040,23040,23040,0,0,0,0,1466.143738831256
|||;23040,23040,23040,23040,0,0,0,0,1471.143738831256
|||;23040,23040,23040,23040,0,0,0,0,1476.143738831256
|||;23040,23040,23040,23040,0,0,0,0,1481.143738831256
|||;23040,23040,23040,23040,0,0,0,0,1486.143738831256
|||;23040,23040,23040,23040,0,0,0,0,1491.143738831256
|||;23040,23040,23040,23040,0,0,0,0,1496.143738831256
|||;23040,23040,23040,23040,0,0,0,0,1501.143738831256
|||;23040,23040,23040,23040,0,0,0,0,1506.143738831256
|||;23040,23040,23040,23040,0,0,0,0,1511.143738831256
|||;23040,23040,23040,23040,0,0,0,0,1516.143738831256
|||;23040,23040,23040,23040,0,0,0,0,1521.143738831256
|||;23040,23040,23040,23040,0,0,0,0,1526.143738831256
|||;23040,23040,23040,23040,0,0,0,0,1531.143738831256
|||;23040,23040,23040,23040,0,0,0,0,1536.143738831256
|||;23040,23040,23040,23040,0,0,0,0,1541.143738831256
|||;23040,23040,23040,23040,0,0,0,0,1546.143738831256
|||;23040,23040,23040,23040,0,0,0,0,1551.143738831256
|||;23040,23040,23040,23040,0,0,0,0,1556.143738831256
|||;23040,23040,23040,23040,0,0,0,0,1561.143738831256
|||;23040,23040,23040,23040,0,0,0,0,1566.143738831256
|||;23040,23040,23040,23040,0,0,0,0,1571.143738831256
|||;23040,23040,23040,23040,0,0,0,0,1576.143738831256
|||;23040,23040,23040,23040,0,0,0,0,1581.143738831256
|||;23040,23040,23040,23040,0,0,0,0,1586.143738831256
|||;23040,23040,23040,23040,0,0,0,0,1591.143738831256
|||;23040,23040,23040,23040,0,0,0,0,1596.143738831256
|||;23040,23040,23040,23040,0,0,0,0,1601.143738831256
|||;23040,23040,23040,23040,0,0,0,0,1606.143738831256
|||;23040,23040,23040,23040,0,0,0,0,1611.143738831256
|||;23040,23040,23040,23040,0,0,0,0,1616.143738831256
|||;23040,23040,23040,23040,0,0,0,0,1621.143738831256
|||;23040,23040,23040,23040,0,0,0,0,1626.143738831256
|||;23040,23040,23040,23040,0,0,0,0,1631.143738831256
|||;23040,23040,23040,23040,0,0,0,0,1636.143738831256
|||;23040,23040,23040,23040,0,0,0,0,1641.143738831256
|||;23040,23040,23040,23040,0,0,0,0,1646.143738831256
|||;23040,23040,23040,23040,0,0,0,0,1651.143738831256
|||;23040,23040,23040,23040,0,0,0,0,1656.143738831256
|||;23040,23040,23040,23040,0,0,0,0,1661.143738831256
|||;23040,23040,23040,23040,0,0,0,0,1666.143738831256
|||;23040,23040,23040,23040,0,0,0,0,1671.143738831256
|||;23040,23040,23040,23040,0,0,0,0,1676.143738831256
|||;23040,23040,23040,23040,0,0,0,0,1681.143738831256
|||;23040,23040,23040,23040,0,0,0,0,1686.143738831256
|||;23040,23040,23040,23040,0,0,0,0,1691.143738831256
|||;23040,23040,23040,23040,0,0,0,0,1696.143738831256
|||;23040,23040,23040,23040,0,0,0,0,1701.143738831256
|||;23040,23040,23040,23040,0,0,0,0,1706.143738831256
|||;23040,23040,23040,23040,0,0,0,0,1711.143738831256
|||;23040,23040,23040,23040,0,0,0,0,1716.143738831256
|||;23040,23040,23040,23040,0,0,0,0,1721.143738831256
|||;23040,23040,23040,23040,0,0,0,0,1726.143738831256
|||;23040,23040,23040,23040,0,0,0,0,1731.143738831256
|||;23040,23040,23040,23040,0,0,0,0,1736.143738831256
|||;23040,23040,23040,23040,0,0,0,0,1741.143738831256
|||;23040,23040,23040,23040,0,0,0,0,1746.143738831256
|||;23040,23040,23040,23040,0,0,0,0,1751.143738831256
|||;23040,23040,23040,23040,0,0,0,0,1756.143738831256
|||;23040,23040,23040,23040,0,0,0,0,1761.143738831256
|||;23040,23040,23040,23040,0,0,0,0,1766.143738831256
|||;23040,23040,23040,23040,0,0,0,0,1771.143738831256
|||;23040,23040,23040,23040,0,0,0,0,1776.143738831256
|||;23040,23040,23040,23040,0,0,0,0,1781.143738831256
|||;23040,23040,23040,23040,0,0,0,0,1786.143738831256
|||;23040,23040,23040,23040,0,0,0,0,1791.143738831256
|||;23040,23040,23040,23040,0,0,0,0,1796.143738831256
|||;23040,23040,23040,23040,0,0,0,0,1801.143738831256
|||;23040,23040,23040,23040,0,0,0,0,1806.143738831256
|||;23040,23040,23040,23040,0,0,0,0,1811.143738831256
|||;23040,23040,23040,23040,0,0,0,0,1816.143738831256
|||;23040,23040,23040,23040,0,0,0,0,1821.143738831256
|||;23040,23040,23040,23040,0,0,0,0,1826.143738831256
|||;23040,23040,23040,23040,0,0,0,0,1831.143738831256
|||;23040,23040,23040,23040,0,0,0,0,1836.143738831256
|||;23040,23040,23040,23040,0,0,0,0,1841.143738831256
|||;23040,23040,23040,23040,0,0,0,0,1846.143738831256
|||;23040,23040,23040,23040,0,0,0,0,1851.143738831256
|||;23040,23040,23040,23040,0,0,0,0,1856.143738831256
|||;23040,23040,23040,23040,0,0,0,0,1861.143738831256
|||;23040,23040,23040,23040,0,0,0,0,1866.143738831256
|||;23040,23040,23040,23040,0,0,0,0,1871.143738831256
|||;23040,23040,23040,23040,0,0,0,0,1876.143738831256
|||;23040,23040,23040,23040,0,0,0,0,1881.143738831256
|||;23040,23040,23040,23040,0,0,0,0,1886.143738831256
|||;23040,23040,23040,23040,0,0,0,0,1891.143738831256
|||;23040,23040,23040,23040,0,0,0,0,1896.143738831256
|||;23040,23040,23040,23040,0,0,0,0,1901.143738831256
|||;23040,23040,23040,23040,0,0,0,0,1906.143738831256
|||;23040,23040,23040,23040,0,0,0,0,1911.143738831256
|||;23040,23040,23040,23040,0,0,0,0,1916.143738831256
|||;23040,23040,23040,23040,0,0,0,0,1921.143738831256
|||;23040,23040,23040,23040,0,0,0,0,1926.143738831256
|||;23040,23040,23040,23040,0,0,0,0,1931.143738831256
|||;23040,23040,23040,23040,0,0,0,0,1936.143738831256
|||;23040,23040,23040,23040,0,0,0,0,1941.143738831256
|||;23040,23040,23040,23040,0,0,0,0,1946.143738831256
|||;23040,23040,23040,23040,0,0,0,0,1951.143738831256
|||;23040,23040,23040,23040,0,0,0,0,1956.143738831256
|||;23040,23040,23040,23040,0,0,0,0,1961.143738831256
|||;23040,23040,23040,23040,0,0,0,0,1966.143738831256
|||;23040,23040,23040,23040,0,0,0,0,1971.143738831256
|||;23040,23040,23040,23040,0,0,0,0,1976.143738831256
|||;23040,23040,23040,23040,0,0,0,0,1981.143738831256
|||;23040,23040,23040,23040,0,0,0,0,1986.143738831256
|||;23040,23040,23040,23040,0,0,0,0,1991.143738831256
|||;23040,23040,23040,23040,0,0,0,0,1996.143738831256
