5.172136306762695
4.328131198883057
4.361972093582153
4.182075262069702
4.378950595855713
3.8656058311462402
4.043355464935303
3.427345037460327
4.276613235473633
3.752455234527588
4.932390213012695
4.155529737472534
4.734750032424927
4.902432203292847
4.104522466659546
4.748904228210449
4.466842412948608
4.431236982345581
4.122909307479858
3.989194393157959
4.795588493347168
4.475385665893555
3.9159672260284424
4.873174667358398
4.652189254760742
4.863606214523315
4.288337707519531
4.13396954536438
4.7579169273376465
4.5041844844818115
4.745568037033081
5.238449573516846
3.956712007522583
4.853572130203247
4.262991905212402
5.239506721496582
3.962538719177246
4.133322238922119
4.133468389511108
4.89836573600769
4.163349628448486
4.227792501449585
4.221842527389526
4.282149791717529
4.759954214096069
4.109257221221924
4.088905572891235
4.165914297103882
3.578845739364624
4.736644268035889
4.4529502391815186
4.04304313659668
4.339918851852417
4.205470561981201
4.570115566253662
4.686326265335083
4.450057029724121
4.352147817611694
4.331058502197266
4.972994089126587
4.292966365814209
4.503282308578491
4.3464035987854
4.588723659515381
3.8129751682281494
4.539674997329712
4.570287466049194
4.075408458709717
3.954500675201416
4.854635238647461
4.6541221141815186
4.592180252075195
4.504678964614868
4.538042783737183
4.075507879257202
4.4991068840026855
4.378553628921509
4.282635450363159
4.731226921081543
5.363517761230469
4.326855421066284
5.054335117340088
4.456983804702759
4.273436546325684
4.319732904434204
5.628427028656006
5.827083587646484
4.8953776359558105
5.194796323776245
5.463193416595459
5.01967716217041
4.236510276794434
4.50214147567749
5.104436874389648
4.631479263305664
4.436692953109741
4.416413068771362
4.6135430335998535
5.107826471328735
4.260461330413818
5.155597686767578
4.558476448059082
4.430892467498779
4.060936212539673
3.582117795944214
4.345250368118286
4.416764497756958
3.9917609691619873
4.09237265586853
4.6184656620025635
3.9901485443115234
4.615067005157471
3.784702777862549
5.334465026855469
5.148802280426025
4.951636552810669
5.544800043106079
4.679357290267944
4.238738536834717
4.169386863708496
5.655874967575073
4.923535108566284
4.510859966278076
4.516353130340576
4.561879873275757
5.450878381729126
4.989530563354492
5.301366567611694
4.331683397293091
4.786273002624512
4.3077168464660645
3.929110288619995
4.13364052772522
5.884030342102051
4.072850227355957
4.126669406890869
4.538228273391724
5.249519109725952
5.277304649353027
4.301692008972168
4.28218150138855
5.128175735473633
4.909642696380615
3.902590751647949
5.657569408416748
4.23499321937561
5.1629638671875
4.700182676315308
5.024945974349976
4.563937425613403
4.511105298995972
4.671266555786133
4.4941246509552
5.011776924133301
4.606457471847534
4.840810775756836
4.953881025314331
4.8514084815979
4.482727527618408
4.306678771972656
4.439575433731079
3.9092490673065186
5.219149827957153
4.1666131019592285
4.552972793579102
5.177231788635254
3.9160900115966797
4.433168888092041
4.512728691101074
4.8086137771606445
5.536640405654907
4.705467462539673
4.873728275299072
4.555450201034546
4.51251482963562
4.981564998626709
4.554605007171631
5.278390407562256
4.720512628555298
4.592247009277344
5.30945897102356
4.622503042221069
4.554469347000122
4.759669303894043
4.896819114685059
4.225809335708618
4.516249656677246
4.3333539962768555
4.410522222518921
4.301833391189575
5.057728290557861
4.622510671615601
5.039438247680664
4.98277735710144
4.73773717880249
4.691574573516846
4.127390384674072
5.197437763214111
4.79969596862793
5.25158166885376
4.4222047328948975
4.527240991592407
5.052563190460205
4.412524223327637
5.124577283859253
4.696150302886963
4.627350568771362
5.183499813079834
4.929766416549683
5.260622978210449
4.883009672164917
5.129725456237793
4.43707013130188
4.929547309875488
4.501098394393921
5.559744119644165
4.2081239223480225
4.879541635513306
4.5096704959869385
4.38152813911438
4.252574682235718
4.974414348602295
5.443238973617554
4.635027885437012
4.684417247772217
4.209957122802734
3.5824904441833496
4.338789701461792
4.77031683921814
4.573682069778442
5.128007888793945
4.253208875656128
4.803886890411377
4.193918228149414
4.750897407531738
4.070921897888184
4.3331298828125
4.54163384437561
4.239892959594727
4.832897186279297
4.820037603378296
4.340973854064941
4.634676694869995
4.72448205947876
4.043063163757324
4.527573823928833
4.573913335800171
4.494162082672119
4.15536093711853
4.350734710693359
4.052365064620972
4.308855056762695
4.778670787811279
4.609693288803101
3.809650182723999
5.01315975189209
4.574213981628418
4.193373203277588
4.6545186042785645
4.9549853801727295
3.944075345993042
3.9770312309265137
4.439774990081787
4.0226359367370605
4.393093824386597
4.715075731277466
5.004037380218506
4.540902614593506
4.83491849899292
4.770920515060425
4.4800684452056885
4.093396186828613
4.035188436508179
3.737440586090088
4.943632364273071
5.332472801208496
4.205503702163696
4.821421146392822
5.001391649246216
3.580484390258789
4.3269524574279785
4.235025882720947
4.886974811553955
4.851529359817505
4.183874845504761
5.171233177185059
4.606293678283691
4.573091506958008
4.845008611679077
4.584339618682861
4.832007884979248
4.180974960327148
3.9668476581573486
4.348299980163574
4.099461078643799
4.582437992095947
4.310117244720459
5.013054847717285
4.59874963760376
4.819804668426514
4.020526170730591
5.2024524211883545
5.140945672988892
4.8364098072052
4.366253614425659
4.727877616882324
4.383086204528809
3.972957134246826
4.484330177307129
4.828765392303467
4.785642385482788
5.127814531326294
3.943394899368286
5.176811456680298
4.652665853500366
4.300575256347656
3.9313230514526367
4.86108922958374
3.781559705734253
4.377432107925415
4.201178073883057
4.664450168609619
4.05364203453064
4.369124174118042
4.4033424854278564
5.531370401382446
4.505630970001221
4.355108261108398
4.749042987823486
4.943166732788086
4.674433708190918
4.490943670272827
4.376798868179321
4.4730658531188965
4.264868497848511
4.174244165420532
4.338983774185181
4.003735780715942
4.743656158447266
4.7377870082855225
4.460424184799194
4.725265264511108
4.652559518814087
4.047553539276123
4.4500391483306885
4.554898023605347
3.658612012863159
5.386768817901611
4.79413366317749
4.493926048278809
4.452885389328003
3.926725387573242
5.498074054718018
4.669003486633301
4.52729344367981
3.924103021621704
4.631540060043335
4.152776718139648
4.236219882965088
4.224600553512573
4.269441604614258
4.046570777893066
4.236994743347168
3.913802146911621
4.600980281829834
4.540215492248535
4.836187124252319
5.038681745529175
4.3537819385528564
4.98537278175354
4.30062460899353
3.958040952682495
4.735807180404663
4.819620609283447
3.8088624477386475
3.927319288253784
4.317986011505127
5.02802848815918
5.16021728515625
4.779956579208374
4.500627040863037
4.174632787704468
4.434086799621582
5.29156494140625
5.769790172576904
3.569742202758789
4.239660978317261
4.998640775680542
4.334561824798584
4.276971340179443
3.8047034740448
5.023059844970703
4.127841472625732
4.669652938842773
4.50485634803772
4.657546043395996
5.342932462692261
4.761817216873169
3.973330020904541
4.062909126281738
5.5680670738220215
4.746889352798462
4.062542915344238
5.042522430419922
4.802806377410889
4.164273977279663
4.144935131072998
4.792977571487427
4.396876811981201
4.547848701477051
4.632186412811279
4.411257266998291
4.1514732837677
4.134877443313599
4.613590240478516
4.573240518569946
4.4598987102508545
3.945329189300537
4.378582239151001
4.315009355545044
4.672504901885986
5.086501359939575
4.121065378189087
5.060229539871216
4.1441943645477295
4.535893678665161
4.4570722579956055
4.415780305862427
4.8811914920806885
4.027692794799805
4.744831562042236
4.923854827880859
4.7850565910339355
4.989014387130737
4.7422261238098145
4.533623456954956
4.981570482254028
4.326854705810547
4.750020980834961
4.085754156112671
4.688579797744751
4.989678859710693
4.787806749343872
4.567770719528198
4.817978143692017
4.4761176109313965
3.7540814876556396
4.372751235961914
4.961250066757202
4.851984739303589
4.359479665756226
5.150233507156372
4.807519197463989
5.057853937149048
4.244668483734131
5.190667152404785
4.3968517780303955
4.1556596755981445
4.58292031288147
4.6048009395599365
4.329805374145508
4.310005187988281
4.688186407089233
4.605825901031494
4.2677812576293945
4.253282785415649
4.072447776794434
5.262999057769775
4.9257652759552
4.7567362785339355
4.177411317825317
4.737823724746704
4.291701555252075
4.607433080673218
4.4616758823394775
4.732486724853516
4.130048751831055
4.198111534118652
4.96643328666687
4.827530384063721
4.833582878112793
4.456827163696289
4.4764087200164795
4.754512071609497
5.315589427947998
3.871478319168091
4.162616968154907
4.596376895904541
4.538029432296753
5.012928009033203
5.33355188369751
4.3122851848602295
4.178722381591797
4.350056171417236
4.548564434051514
4.750493764877319
4.658602952957153
4.928912401199341
3.7937939167022705
3.934706926345825
5.420433521270752
5.00571084022522
4.275219440460205
5.0065858364105225
4.9445109367370605
4.9477972984313965
4.144762992858887
3.6543262004852295
5.153337717056274
5.063153982162476
5.101109504699707
4.89458703994751
4.332276105880737
4.681748151779175
4.31705379486084
4.53723669052124
3.92527174949646
4.3197081089019775
4.798514127731323
4.3620123863220215
4.639662027359009
4.050879955291748
4.790496110916138
4.55947208404541
4.44119668006897
4.319378137588501
4.71077823638916
4.731931686401367
3.988863229751587
4.486793041229248
5.021018028259277
4.770437717437744
4.858958005905151
4.8047778606414795
4.899463891983032
4.365322828292847
4.945303678512573
4.715068817138672
4.977626085281372
4.217003583908081
4.343712329864502
4.729500770568848
4.194368362426758
4.231916666030884
4.6940085887908936
5.24297833442688
4.476352691650391
4.874036550521851
5.29318642616272
4.800183534622192
4.7836668491363525
4.895830154418945
4.750080347061157
4.777298212051392
4.65491247177124
4.313253879547119
4.273426294326782
4.9322545528411865
4.272024869918823
4.771004915237427
4.494503498077393
4.609352350234985
4.716280460357666
4.8508477210998535
4.215581178665161
4.033475160598755
4.175995349884033
4.1699440479278564
4.874469757080078
4.608219385147095
4.936950445175171
5.451561212539673
4.9078638553619385
5.230199575424194
4.503671169281006
4.733055114746094
4.142808437347412
5.108309745788574
4.84057354927063
4.646557092666626
4.858699083328247
4.86532998085022
4.8499369621276855
4.147777080535889
4.330860376358032
4.575135946273804
4.4559454917907715
4.2177042961120605
4.0964295864105225
4.653944492340088
4.636640787124634
4.179912805557251
4.2867515087127686
4.244155645370483
4.017822742462158
4.41413140296936
4.057571172714233
4.970518112182617
3.9727160930633545
4.207240581512451
5.154481649398804
4.771213531494141
4.474649906158447
4.846411466598511
4.883898973464966
4.84326696395874
4.3722076416015625
4.708234071731567
4.368774175643921
4.33160400390625
5.024974346160889
4.959659099578857
4.515860557556152
4.543586730957031
4.778745174407959
4.845193147659302
4.954399108886719
4.554606676101685
4.531247138977051
