287mxtzj,0.08,(1500,5500,3),173.500561432,-137
534vuxro,0.05,(1500,5500,3),191.197091461293,-137
4omqjl,0.0416667,(1500,5500,3),197.150540900417,-570
287mbhjx,0.0240964,(1500,5500,3),271.570646672051,-569
72hofny,0.111111,(1500,5500,3),319.409588154233,60
23msudl,0.0512821,(1500,5500,3),477.799039095726,-571
9vxszy,0.0392157,(1500,5500,3),497.284068602614,-569
23muoln,0.111111,(1500,5500,3),635.366465711111,-570
70wjotp,0.0666667,(1500,5500,3),657.638558453333,569
70gxeft,0.111111,(1500,5500,3),658.119712274074,569
