287mxtzj,0.08,(1500,4500,3),172.558004641005,-137
534vuxro,0.05,(1500,4500,3),190.795721357513,-137
4omqjl,0.0833333,(1500,4500,3),197.842105936097,-570
287mbhjx,0.0120482,(1500,4500,3),270.817186524003,-569
23msudl,0.025641,(1500,4500,3),443.777888627873,-571
9vxszy,0.0392157,(1500,4500,3),496.89992905648,-569
544yhsom,0.0307692,(1500,4500,3),503.514748711837,-240
75awikp,0.0625,(1500,4500,3),609.890019927461,-56
23muoln,0.222222,(1500,4500,3),637.329989200568,-570
70gxeft,0.111111,(1500,4500,3),656.639895777778,569
70wjotp,0.133333,(1500,4500,3),659.002751694301,569
126lnrqy,0.0277778,(1500,4500,3),760.670693439028,-569
92wtvfc,0.0833333,(1500,4500,3),1086.213726683938,122
92jdeki,0.25,(1500,4500,3),1186.941759461131,-52
530lzmsa,0.25,(1500,4500,3),1277.959920932642,569
