247jwhbk,0.0625,(2500,6500,3),145.540291714304,-456
338aqmwl,0.153846,(2500,6500,3),350.547021431736,64
72hofny,0.111111,(2500,6500,3),372.313797732403,61
478cvshk,0.2,(2500,6500,3),391.254892811745,-603
162hsixd,0.333333,(2500,6500,3),508.035281029267,62
50jgozs,0.333333,(2500,6500,3),582.734828241609,455
214oqskb,0.4,(2500,6500,3),709.023273717403,-61
552jifbh time out, drop task.
163cvyib,0.222222,(2500,6500,3),1177.654391161722,-63
163dtemw,0.25,(2500,6500,3),1247.661753596859,-62
436ezrao,0.25,(2500,6500,3),1289.025878858639,337
