287mxtzj,0.08,(2500,5500,3),172.998335656,-137
534vuxro,0.05,(2500,5500,3),190.941083617143,-137
287mbhjx,0.0240964,(2500,5500,3),298.396016978657,-569
72hofny,0.111111,(2500,5500,3),318.588880793651,60
9vxszy,0.0392157,(2500,5500,3),527.080253087955,-569
9tpwml,0.153846,(2500,5500,3),756.875875298901,53
75awikp,0.125,(2500,5500,3),758.773676142857,53
126lnrqy,0.0555556,(2500,5500,3),791.667806603175,-569
332bytcu,0.25,(2500,5500,3),897.289525028571,637
214awkim,0.25,(2500,5500,3),917.307080257143,192
299idehv,0.2,(2500,5500,3),1031.647317582857,160
23zohcw,0.0526316,(2500,5500,3),1096.675064769925,54
15plmnj,0.0434783,(2500,5500,3),1146.904149842412,55
215pbzdq,0.25,(2500,5500,3),1662.351968314286,-192
