384ytqem,0.0555556,(2500,4500,3),227.339178092906,-611
287mxtzj,0.08,(2500,4500,3),256.855979874576,-137
287mbhjx,0.0240964,(2500,4500,3),271.413088854605,-569
534vuxro,0.05,(2500,4500,3),283.966216813559,-137
26gqtiw time out, drop task.
40prlky,0.25,(2500,4500,3),304.992451093069,52
102rwenf,0.2,(2500,4500,3),358.700263502825,51
287rhvtl,0.222222,(2500,4500,3),488.719511554265,53
9vxszy,0.0392157,(2500,4500,3),497.021947154758,-569
313imvql,0.25,(2500,4500,3),551.441476474576,-54
54lhmpa,0.25,(2500,4500,3),592.846602625125,122
9tpwml,0.153846,(2500,4500,3),756.81911724947,53
75awikp,0.125,(2500,4500,3),758.734148186039,53
126lnrqy,0.0555556,(2500,4500,3),761.599682477715,-569
23msudl,0.025641,(2500,4500,3),786.85489468463,-569
9ruotz,0.0377358,(2500,4500,3),835.186505826778,54
501ldnvu,0.25,(2500,4500,3),1022.004355757062,-54
299idehv,0.1,(2500,4500,3),1033.212609937853,160
92wtvfc,0.166667,(2500,4500,3),1086.164194379972,122
23zohcw,0.0526316,(2500,4500,3),1096.653549925024,54
15agusi,0.25,(2500,4500,3),1098.767175491525,54
15plmnj,0.0434783,(2500,4500,3),1146.884833480472,55
458cdzjk,0.333333,(2500,4500,3),1153.051082107345,-55
429fylha,0.0952381,(2500,4500,3),1303.762190705677,-55
403dnzkh,0.25,(2500,4500,3),1408.815824378531,-54
250wyqdf,0.25,(2500,4500,3),1861.849249642874,554
