289dmvqk,0.125,(2500,1500,3),262.85936986755,-431
289jvolh,0.05,(2500,1500,3),498.139755471456,195
242dbvsq,0.142857,(2500,1500,3),582.11640030842,193
208fqmes,0.181818,(2500,1500,3),640.837829789285,194
352vahco,0.0714286,(2500,1500,3),666.151321068865,195
11soegd,0.0833333,(2500,1500,3),1093.609973156733,194
60biqrl,0.0833333,(2500,1500,3),1117.183838033113,154
358hpbei,0.0625,(2500,1500,3),1287.650567013245,178
60tjgvz,0.0377358,(2500,1500,3),1317.966660372985,-324
151bcxvd,0.142857,(2500,1500,3),1463.944382544939,-193
