287mxtzj,0.04,(2500,5500,3),171.135815328,-137
534vuxro,0.025,(2500,5500,3),190.167986308571,-137
287mbhjx,0.0120482,(2500,5500,3),297.867430989329,-569
72hofny,0.111111,(2500,5500,3),318.588733793651,60
102rwenf,0.1,(2500,5500,3),358.400620457143,51
9vxszy,0.0196078,(2500,5500,3),526.321730543978,-569
9ruotz,0.0377358,(2500,5500,3),835.199793611639,54
332bytcu,0.25,(2500,5500,3),897.289339028571,637
214awkim,0.25,(2500,5500,3),917.306894257143,192
299idehv,0.2,(2500,5500,3),1031.647131582857,160
23zohcw,0.0526316,(2500,5500,3),1096.674878769925,54
429fylha,0.0952381,(2500,5500,3),1303.88226632517,-55
215pbzdq,0.25,(2500,5500,3),1662.351795314286,-192
