287mxtzj,0.04,(2500,4500,3),258.064700437288,-137
287mbhjx,0.0240964,(2500,4500,3),271.413274854605,-569
534vuxro,0.05,(2500,4500,3),283.966402813559,-137
40prlky,0.25,(2500,4500,3),304.992451093069,52
102rwenf,0.2,(2500,4500,3),358.700423502825,51
287rhvtl,0.222222,(2500,4500,3),488.719511554265,53
9vxszy,0.0196078,(2500,4500,3),496.292622577379,-569
313imvql,0.25,(2500,4500,3),551.441623474576,-54
270ytpma time out, drop task.
54lhmpa,0.25,(2500,4500,3),592.846602625125,122
9tpwml,0.153846,(2500,4500,3),756.81911724947,53
75awikp,0.125,(2500,4500,3),758.734148186039,53
126lnrqy,0.0555556,(2500,4500,3),761.599829477715,-569
23msudl,0.025641,(2500,4500,3),786.85508068463,-569
9ruotz,0.0377358,(2500,4500,3),835.186652826778,54
501ldnvu,0.25,(2500,4500,3),1022.004515757062,-54
92wtvfc,0.166667,(2500,4500,3),1086.164194379972,122
15agusi,0.25,(2500,4500,3),1098.767322491525,54
23zohcw,0.0526316,(2500,4500,3),1100.653549925024,54
15plmnj,0.0434783,(2500,4500,3),1147.885019480472,55
458cdzjk,0.333333,(2500,4500,3),1153.051242107345,-55
92ekbpw,0.333333,(2500,4500,3),1182.674630092904,-52
429fylha,0.0952381,(2500,4500,3),1303.762350705677,-55
403dnzkh,0.25,(2500,4500,3),1408.815984378531,-54
250wyqdf,0.25,(2500,4500,3),1861.849249642874,554
