29gcslr,0.05,(3500,4500,3),97.030628627219,-21
137sroit,0.25,(3500,4500,3),186.664375971619,146
384ytqem,0.0555556,(3500,4500,3),227.384045760026,-611
26gqtiw time out, drop task.
148soarz,0.0512821,(3500,4500,3),316.988568539675,-147
265ujwxr,0.2,(3500,4500,3),373.938243591716,165
71ejbpw,0.0434783,(3500,4500,3),581.189090189092,-164
185lysrp,0.0740741,(3500,4500,3),796.287699434583,-147
185bfjrq,0.1,(3500,4500,3),798.577765142503,-147
403uvsot,0.166667,(3500,4500,3),863.193267124137,23
9ruotz,0.0377358,(3500,4500,3),886.277863475382,55
185saoum,0.142857,(3500,4500,3),976.993942078614,179
517dhmzt,0.025,(3500,4500,3),1027.981572550296,-453
517skhda,0.0625,(3500,4500,3),1030.161537313609,-453
23zohcw,0.0526316,(3500,4500,3),1117.742499454064,54
15plmnj,0.0434783,(3500,4500,3),1147.016397840494,55
59txljf,0.0357143,(3500,4500,3),1168.363639186813,-242
2ylanf,0.0454545,(3500,4500,3),1184.982886001613,-87
250rdmqt,0.25,(3500,4500,3),1318.982291305244,87
34vusnz,0.25,(3500,4500,3),1645.492239573964,-86
544apczw,0.0769231,(3500,4500,3),1656.317219200728,-437
