306tywog,0.25,(3500,500,3),174.350942699689,227
196cqbxr,0.0384615,(3500,500,3),483.198978217391,-464
289jvolh,0.1,(3500,500,3),499.815751826087,195
122wphfj,0.25,(3500,500,3),591.058636117671,-228
352vahco,0.0714286,(3500,500,3),665.54847126087,195
289pngez,0.0769231,(3500,500,3),808.482164160535,-94
19rypzn,0.181818,(3500,500,3),875.03253228463,-178
358gnbfp,0.0869565,(3500,500,3),951.462585837429,177
488ojalk,0.25,(3500,500,3),980.421228768166,-178
358hpbei,0.125,(3500,500,3),1118.556235913043,178
11soegd,0.0833333,(3500,500,3),1267.141047449275,194
208egbak,0.0555556,(3500,500,3),1323.422376942029,685
60tjgvz,0.0377358,(3500,500,3),1743.752708018048,-520
