29gcslr,0.1,(3500,4500,3),98.393593254438,-21
137sroit,0.25,(3500,4500,3),186.664375971619,146
384ytqem,0.0555556,(3500,4500,3),227.383738760026,-611
148soarz,0.0512821,(3500,4500,3),316.988036539675,-147
265ujwxr,0.2,(3500,4500,3),373.937711591716,165
71ejbpw,0.0434783,(3500,4500,3),581.188532189092,-164
185lysrp,0.0740741,(3500,4500,3),796.287167434583,-147
185bfjrq,0.1,(3500,4500,3),798.577765142503,-147
9ruotz,0.0188679,(3500,4500,3),858.633006237691,54
403uvsot,0.333333,(3500,4500,3),862.011052686267,23
185saoum,0.285714,(3500,4500,3),980.893465157227,179
517skhda,0.03125,(3500,4500,3),1028.743459656805,-453
23zohcw,0.0263158,(3500,4500,3),1116.769172227032,54
15plmnj,0.0434783,(3500,4500,3),1147.015921840494,55
59txljf,0.0714286,(3500,4500,3),1166.428231373626,-242
2ylanf,0.0454545,(3500,4500,3),1184.982886001613,-87
429fylha,0.0952381,(3500,4500,3),1303.903878769837,-55
250rdmqt,0.25,(3500,4500,3),1318.982291305244,87
34vusnz,0.25,(3500,4500,3),1645.491733573964,-86
