247aiuws,0.0666667,(3500,5500,3),288.101154608,369
163etgdy,0.0645161,(3500,5500,3),333.468182963871,-288
35ytwug,0.0625,(3500,5500,3),437.893789398323,-183
270ytpma time out, drop task.
552jifbh time out, drop task.
517lgnia,0.0526316,(3500,5500,3),728.537925284211,284
338lvknq,0.153846,(3500,5500,3),808.781952836923,283
247vmecs,0.0416667,(3500,5500,3),908.368477733333,288
9ruotz,0.0377358,(3500,5500,3),943.686320674717,55
517dhmzt,0.05,(3500,5500,3),1082.8030328,-21
23zohcw,0.0526316,(3500,5500,3),1193.480481877895,55
15plmnj,0.0217391,(3500,5500,3),1197.380734212174,55
478gdmsv,0.166667,(3500,5500,3),1298.499068546667,-550
478uhdqg,0.25,(3500,5500,3),1448.154072,-246
71kxhmb,0.142857,(3500,5500,3),1496.76820412,289
