247jwhbk,0.125,(3500,6500,3),148.878253764706,-456
247aiuws,0.0666667,(3500,6500,3),287.203668388235,369
338aqmwl,0.0769231,(3500,6500,3),349.065899070302,64
28wktlc,0.142857,(3500,6500,3),438.098773095192,-289
478ayibr,0.25,(3500,6500,3),604.899637188701,-528
517lgnia,0.0526316,(3500,6500,3),727.97603184748,284
338lvknq,0.153846,(3500,6500,3),806.696002321267,283
478gdmsv,0.166667,(3500,6500,3),827.650427313725,-368
213arkxy,0.4,(3500,6500,3),1138.4167006,-330
213gorpn,0.25,(3500,6500,3),1251.132874625707,-328
213loebr,0.333333,(3500,6500,3),1318.232897705882,-327
211dkfqp,0.25,(3500,6500,3),1641.897303941176,-600
211xieaq,0.25,(3500,6500,3),1643.313968470588,-600
