306tywog,0.25,(3500,500,3),174.350942699689,227
254ckepd time out, drop task.
196cqbxr,0.0384615,(3500,500,3),483.198619217391,-464
289jvolh,0.05,(3500,500,3),497.762519913043,195
122wphfj,0.25,(3500,500,3),591.058636117671,-228
352vahco,0.0714286,(3500,500,3),665.54811226087,195
19rypzn,0.181818,(3500,500,3),875.03253228463,-178
358gnbfp,0.0869565,(3500,500,3),951.462213837429,177
488ojalk,0.25,(3500,500,3),980.421228768166,-178
358hpbei,0.0625,(3500,500,3),1118.920388956522,178
208egbak,0.111111,(3500,500,3),1324.751919884058,685
