247aiuws,0.0666667,(3500,5500,3),288.100981608,369
163etgdy,0.0645161,(3500,5500,3),333.468009963871,-288
28wktlc,0.142857,(3500,5500,3),440.23087668,-289
35ytwug,0.125,(3500,5500,3),447.228261078323,-183
517lgnia,0.0263158,(3500,5500,3),727.478164642105,284
185lysrp,0.037037,(3500,5500,3),798.177659009979,-147
338lvknq,0.0769231,(3500,5500,3),808.043812418462,283
247vmecs,0.0833333,(3500,5500,3),817.185849466667,287
9ruotz,0.0377358,(3500,5500,3),943.686173674717,55
517dhmzt,0.025,(3500,5500,3),1027.3348404,-453
517skhda,0.03125,(3500,5500,3),1029.19322828,-453
23zohcw,0.0263158,(3500,5500,3),1192.138473938947,55
15plmnj,0.0217391,(3500,5500,3),1197.380561212174,55
478uhdqg,0.25,(3500,5500,3),1448.153886,-246
