7udebm,0.333333,(4500,500,3),211.710568562655,684
189bgrdz,0.25,(4500,500,3),211.746360039906,684
6sduvp,0.105263,(4500,500,3),253.109053020976,685
16qrvus,0.166667,(4500,500,3),256.107514943578,685
16ysofp,0.25,(4500,500,3),288.629274421132,684
127vwmiy,0.142857,(4500,500,3),548.466941608057,6
196cqbxr,0.0769231,(4500,500,3),571.746533481481,-175
196uirfb,0.0833333,(4500,500,3),675.587379839077,6
225jhyzs,0.5,(4500,500,3),1118.883758888889,212
37douvg,0.25,(4500,500,3),1182.101842222222,-685
144ehkwg,0.2,(4500,500,3),1257.506825097638,684
208egbak,0.111111,(4500,500,3),1325.716955872225,685
242rmdek,0.153846,(4500,500,3),1421.763385900285,685
334yjfts,0.0769231,(4500,500,3),1431.339479609687,-684
466igkda,0.25,(4500,500,3),1442.185847074074,5
8cqkte,0.25,(4500,500,3),1446.736485592593,-6
124ubwsc,0.25,(4500,500,3),1483.432509,-6
78kdurf,0.25,(4500,500,3),1566.671853946148,176
447uzawe,0.25,(4500,500,3),1591.251801406817,684
240brjcq,0.285714,(4500,500,3),1662.684038179894,-684
207wriyx,0.142857,(4500,500,3),1722.231391205915,-685
148rpiwt,0.25,(4500,500,3),1793.091545888889,176
