71dnkqy,0.153846,(4500,3500,3),397.50039825269,646
104cmshv,0.142857,(4500,3500,3),423.529262740192,-646
71ejbpw,0.0869565,(4500,3500,3),519.624867590223,-164
195jrsib,0.0952381,(4500,3500,3),661.752945409326,208
137byiqw,0.333333,(4500,3500,3),713.933870333333,-646
137imqgc,0.25,(4500,3500,3),719.99368837276,-646
154gdioc,0.0909091,(4500,3500,3),888.801886131889,-245
154lchzb,0.117647,(4500,3500,3),942.322960392868,-244
103swkyb,0.222222,(4500,3500,3),966.053285965458,164
21mnjsq,0.0606061,(4500,3500,3),976.707308555503,-245
21fcwqx,0.0869565,(4500,3500,3),979.005197996621,-245
185mywrh,0.0909091,(4500,3500,3),1203.537903221385,-300
434gpmdk,0.0606061,(4500,3500,3),1367.203593501806,-244
517yezbm,0.153846,(4500,3500,3),1761.079566639697,-401
544apczw,0.0384615,(4500,3500,3),1843.743135427262,-437
517pmnrg,0.0526316,(4500,3500,3),1932.142092055772,245
