163etgdy,0.0645161,(4500,5500,3),378.466403740162,-287
35ytwug,0.0625,(4500,5500,3),437.89438168,-183
429enuhc,0.0625,(4500,5500,3),742.32864616,-20
517lgnia,0.0526316,(4500,5500,3),791.581548284211,285
247vmecs,0.0416667,(4500,5500,3),908.367701409269,288
517dhmzt,0.05,(4500,5500,3),1026.801739036779,-453
287zeocj,0.0588235,(4500,5500,3),1080.985997840142,19
517skhda,0.0625,(4500,5500,3),1082.058242404194,-21
195fbtim,0.05,(4500,5500,3),1293.207050912,-24
270ytpma,0.0333333,(4500,5500,3),1322.782272226667,-20
195hkbvr,0.0869565,(4500,5500,3),1627.207296620335,-110
15qozpf,0.0909091,(4500,5500,3),1683.952180421818,19
1fudzb,0.0571429,(4500,5500,3),1708.519600694857,-19
26gqtiw,0.0357143,(4500,5500,3),1712.737986902857,-19
195vaxrn,0.0540541,(4500,5500,3),1728.839294207717,-109
