148soarz time out, drop task.
71dnkqy,0.153846,(4500,3500,3),397.50003925269,646
104cmshv,0.142857,(4500,3500,3),423.528916740192,-646
71ejbpw,0.0869565,(4500,3500,3),519.624534590223,-164
195jrsib,0.0952381,(4500,3500,3),661.752651409326,208
137imqgc,0.25,(4500,3500,3),719.99368837276,-646
195fbtim,0.025,(4500,3500,3),868.319692694301,401
154lchzb,0.117647,(4500,3500,3),888.322627392868,-245
154gdioc,0.0909091,(4500,3500,3),888.801566131889,-245
103swkyb,0.222222,(4500,3500,3),966.052952965458,164
21mnjsq,0.0606061,(4500,3500,3),976.707001555503,-245
21fcwqx,0.0869565,(4500,3500,3),979.004877996621,-245
59txljf,0.0357143,(4500,3500,3),1156.203428227919,-242
185mywrh,0.0909091,(4500,3500,3),1203.537743221385,-300
434gpmdk,0.0606061,(4500,3500,3),1367.203221501806,-244
517yezbm,0.153846,(4500,3500,3),1761.079207639697,-401
185aiwxs,0.0454545,(4500,3500,3),1797.881417218088,117
544apczw,0.0384615,(4500,3500,3),1843.742949427262,-437
517pmnrg,0.0526316,(4500,3500,3),1932.142092055772,245
