71dnkqy,0.153846,(4500,3500,3),397.50022525269,646
104cmshv,0.142857,(4500,3500,3),423.529089740192,-646
71ejbpw,0.0434783,(4500,3500,3),517.952264295112,-164
195jrsib,0.0952381,(4500,3500,3),661.752798409326,208
137byiqw,0.333333,(4500,3500,3),713.933710333333,-646
137imqgc,0.25,(4500,3500,3),719.99368837276,-646
195fbtim,0.05,(4500,3500,3),866.172839388601,401
154gdioc,0.0909091,(4500,3500,3),888.801713131889,-245
154lchzb,0.117647,(4500,3500,3),942.322800392868,-244
103swkyb,0.222222,(4500,3500,3),966.053099965458,164
21mnjsq,0.0606061,(4500,3500,3),976.707148555503,-245
21fcwqx,0.0869565,(4500,3500,3),979.005037996621,-245
434gpmdk,0.0606061,(4500,3500,3),1367.203407501806,-244
517yezbm,0.153846,(4500,3500,3),1761.079393639697,-401
517pmnrg,0.0526316,(4500,3500,3),1932.142092055772,245
