29gcslr,0.1,(4500,4500,3),173.4726798,19
163etgdy,0.0645161,(4500,4500,3),332.559299096774,-288
12cfiay,0.25,(4500,4500,3),344.880506013419,-20
148soarz,0.025641,(4500,4500,3),381.933711025641,146
458iunzg,0.0952381,(4500,4500,3),544.035425,-20
83nemct,0.133333,(4500,4500,3),652.747660641569,406
296gesxq,0.25,(4500,4500,3),684.405217361484,20
429enuhc,0.0625,(4500,4500,3),741.662167,-20
71ejbpw,0.0869565,(4500,4500,3),748.417772086957,167
83muylw,0.0909091,(4500,4500,3),857.199966818182,429
250bkctj,0.142857,(4500,4500,3),896.663593142857,429
247vmecs,0.0416667,(4500,4500,3),908.971078666667,288
287pbloj,0.142857,(4500,4500,3),923.502286571429,-23
21mnjsq,0.0606061,(4500,4500,3),977.172721757576,-245
250palif,0.222222,(4500,4500,3),1021.573784111111,-19
250dycaw,0.25,(4500,4500,3),1028.999636984836,-19
398icuqb,0.222222,(4500,4500,3),1041.960557888889,-20
28yfrku,0.333333,(4500,4500,3),1048.10966,-21
195fbtim,0.025,(4500,4500,3),1078.5223982,406
517dhmzt,0.05,(4500,4500,3),1082.161273,-21
287zeocj,0.117647,(4500,4500,3),1082.496039,19
517skhda,0.0625,(4500,4500,3),1173.243915,22
247fvtlu,0.25,(4500,4500,3),1181.328042376314,19
534tbfcv,0.666667,(4500,4500,3),1223.516816,20
534dugoa,0.333333,(4500,4500,3),1223.863812876672,20
2ylanf,0.0227273,(4500,4500,3),1298.216433818182,-87
270ytpma,0.0333333,(4500,4500,3),1322.474407333333,-20
26gqtiw,0.0357143,(4500,4500,3),1448.225151142857,-25
15qozpf,0.0909091,(4500,4500,3),1514.844865454545,-23
304kwcge,0.08,(4500,4500,3),1596.80296732,-20
1fudzb,0.0571429,(4500,4500,3),1602.658497542857,-20
1nzxlo,0.2,(4500,4500,3),1603.9480246,-20
517yezbm,0.153846,(4500,4500,3),1762.037628820803,-401
