29gcslr,0.05,(4500,5500,3),172.46165337989,19
163etgdy,0.0645161,(4500,5500,3),378.466403740162,-287
35ytwug,0.0625,(4500,5500,3),437.89452868,-183
458iunzg,0.047619,(4500,5500,3),542.76181124,-20
247aiuws,0.0333333,(4500,5500,3),547.525607304,-454
429enuhc,0.0625,(4500,5500,3),742.32880616,-20
517lgnia,0.0526316,(4500,5500,3),791.581734284211,285
71ejbpw,0.0869565,(4500,5500,3),902.650894751304,-22
247vmecs,0.0833333,(4500,5500,3),907.185233142603,288
517dhmzt,0.025,(4500,5500,3),1028.333732636779,-453
517skhda,0.0625,(4500,5500,3),1082.058242404194,-21
276bhmjt,0.0588235,(4500,5500,3),1121.768361658824,-210
287zeocj,0.117647,(4500,5500,3),1161.670352400142,20
195fbtim,0.05,(4500,5500,3),1293.207223912,-24
270ytpma,0.0333333,(4500,5500,3),1391.782445226667,-19
304kwcge,0.04,(4500,5500,3),1598.4128556048,-20
195hkbvr,0.0869565,(4500,5500,3),1627.207296620335,-110
15qozpf,0.0454545,(4500,5500,3),1681.587973210909,19
147doxpw,0.5,(4500,5500,3),1698.38949488,-288
26gqtiw,0.0357143,(4500,5500,3),1712.738172902857,-19
195vaxrn,0.0540541,(4500,5500,3),1933.839294207717,588
