29gcslr,0.1,(4500,4500,3),173.4731858,19
451mlwiu,0.111111,(4500,4500,3),279.085435407168,-128
12cfiay,0.25,(4500,4500,3),344.880506013419,-20
163etgdy,0.0322581,(4500,4500,3),376.936164548387,-287
148soarz,0.0512821,(4500,4500,3),383.181777051282,146
71dnkqy,0.0769231,(4500,4500,3),513.982823846154,-164
458iunzg,0.0952381,(4500,4500,3),544.035892,-20
169bcmlj,0.5,(4500,4500,3),622.267649,20
83nemct,0.133333,(4500,4500,3),652.747660641569,406
296gesxq,0.25,(4500,4500,3),684.405217361484,20
429enuhc,0.0625,(4500,4500,3),741.66266,-20
71ejbpw,0.0869565,(4500,4500,3),748.418278086957,167
185lysrp,0.037037,(4500,4500,3),797.720841888889,-147
195jrsib,0.047619,(4500,4500,3),846.758578,208
83muylw,0.0909091,(4500,4500,3),857.200472818182,429
154gdioc,0.0909091,(4500,4500,3),886.710408909091,-245
250bkctj,0.142857,(4500,4500,3),896.664086142857,429
247vmecs,0.0833333,(4500,4500,3),907.391384333333,288
250palif,0.222222,(4500,4500,3),1021.574277111111,-19
517dhmzt,0.05,(4500,4500,3),1026.161753,-453
250dycaw,0.25,(4500,4500,3),1028.999636984836,-19
398icuqb,0.222222,(4500,4500,3),1041.961050888889,-20
28yfrku,0.333333,(4500,4500,3),1048.110032,-21
195fbtim,0.05,(4500,4500,3),1076.5779954,406
287pbloj,0.285714,(4500,4500,3),1078.763754142857,19
287zeocj,0.117647,(4500,4500,3),1163.496532,20
517skhda,0.0625,(4500,4500,3),1173.244434,22
247fvtlu,0.25,(4500,4500,3),1181.328042376314,19
534dugoa,0.333333,(4500,4500,3),1223.863812876672,20
2ylanf,0.0454545,(4500,4500,3),1296.074878636364,-87
270ytpma,0.0333333,(4500,4500,3),1322.474913333333,-20
195hkbvr,0.0434783,(4500,4500,3),1573.150782217391,-111
304kwcge,0.08,(4500,4500,3),1596.80346032,-20
1fudzb,0.0571429,(4500,4500,3),1602.659042542857,-20
1nzxlo,0.2,(4500,4500,3),1603.9485696,-20
26gqtiw,0.0357143,(4500,4500,3),1606.225683142857,-20
15qozpf,0.0909091,(4500,4500,3),1682.845332454545,19
517yezbm,0.153846,(4500,4500,3),1762.037628820803,-401
15ucgip,0.333333,(4500,4500,3),1776.778743247439,20
