29gcslr,0.1,(4500,4500,3),173.4728658,19
148soarz,0.025641,(4500,4500,3),318.933897025641,-147
163etgdy,0.0645161,(4500,4500,3),332.559459096774,-288
12cfiay,0.25,(4500,4500,3),344.880506013419,-20
265ujwxr,0.1,(4500,4500,3),370.470952890171,165
458iunzg,0.0952381,(4500,4500,3),544.035598,-20
83nemct,0.133333,(4500,4500,3),652.747660641569,406
296gesxq,0.25,(4500,4500,3),684.405217361484,20
429enuhc,0.03125,(4500,4500,3),743.572804,-20
71ejbpw,0.0869565,(4500,4500,3),748.417958086957,167
185lysrp,0.0740741,(4500,4500,3),796.572347777778,-147
195jrsib,0.047619,(4500,4500,3),846.758392,208
83muylw,0.0909091,(4500,4500,3),857.200152818182,429
250bkctj,0.142857,(4500,4500,3),896.663766142857,429
287pbloj,0.142857,(4500,4500,3),923.502459571429,-23
21mnjsq,0.0606061,(4500,4500,3),977.172907757576,-245
250palif,0.222222,(4500,4500,3),1021.573970111111,-19
517dhmzt,0.05,(4500,4500,3),1026.161446,-453
276bhmjt,0.0588235,(4500,4500,3),1028.238219764706,14
250dycaw,0.25,(4500,4500,3),1028.999636984836,-19
398icuqb,0.222222,(4500,4500,3),1041.960717888889,-20
28yfrku,0.333333,(4500,4500,3),1048.109846,-21
195fbtim,0.025,(4500,4500,3),1078.5225842,406
287zeocj,0.117647,(4500,4500,3),1082.496186,19
517skhda,0.0625,(4500,4500,3),1173.244075,22
247fvtlu,0.25,(4500,4500,3),1181.328042376314,19
2ylanf,0.0227273,(4500,4500,3),1298.216619818182,-87
270ytpma,0.0333333,(4500,4500,3),1322.474580333333,-20
434gpmdk,0.030303,(4500,4500,3),1366.331003515152,-244
15qozpf,0.0454545,(4500,4500,3),1513.033835727273,-23
195hkbvr,0.0434783,(4500,4500,3),1573.150410217391,-111
304kwcge,0.08,(4500,4500,3),1596.80312732,-20
1fudzb,0.0571429,(4500,4500,3),1602.658683542857,-20
1nzxlo,0.2,(4500,4500,3),1603.9482106,-20
26gqtiw,0.0357143,(4500,4500,3),1607.225337142857,-20
15ucgip,0.333333,(4500,4500,3),1776.778743247439,20
