242gvjen time out, drop task.
6sduvp,0.0526316,(4500,1500,3),250.431500128655,685
196cqbxr,0.0769231,(4500,1500,3),484.123916555399,-464
289pngez,0.0769231,(4500,1500,3),868.526152119658,-94
358gnbfp,0.0434783,(4500,1500,3),1117.499243399212,178
144ehkwg,0.1,(4500,1500,3),1244.691236422222,684
208egbak,0.111111,(4500,1500,3),1324.81135137037,685
242rmdek,0.153846,(4500,1500,3),1422.589806675214,685
334yjfts,0.0384615,(4500,1500,3),1431.441865478632,-684
60tjgvz,0.0188679,(4500,1500,3),1923.058704031447,-94
