16qrvus,0.0833333,(4500,500,3),164.57663099296,-176
189bgrdz,0.5,(4500,500,3),213.290312632498,684
6sduvp,0.105263,(4500,500,3),253.109053020976,685
16ysofp,0.25,(4500,500,3),288.629274421132,684
196cqbxr,0.0769231,(4500,500,3),484.746386481481,-464
127vwmiy,0.0714286,(4500,500,3),545.426626010174,6
196uirfb,0.0833333,(4500,500,3),675.587379839077,6
37douvg,0.25,(4500,500,3),1182.101682222222,-685
208egbak,0.111111,(4500,500,3),1325.716955872225,685
207npzke,0.0666667,(4500,500,3),1406.22751391358,-8
334yjfts,0.0769231,(4500,500,3),1431.339332609687,-684
466igkda,0.25,(4500,500,3),1442.185674074074,5
242rmdek,0.0769231,(4500,500,3),1444.007304450142,684
8cqkte,0.25,(4500,500,3),1446.736312592593,-6
124ubwsc,0.25,(4500,500,3),1483.432336,-6
78kdurf,0.25,(4500,500,3),1567.671853946148,176
447uzawe,0.25,(4500,500,3),1591.251801406817,684
207wriyx,0.142857,(4500,500,3),1722.231391205915,-685
148rpiwt,0.25,(4500,500,3),1793.091372888889,176
