403sjmvc,0.2,(5500,3500,3),150.848924935178,-124
56paodl,0.25,(5500,3500,3),245.503184727273,89
112hosen,0.25,(5500,3500,3),360.162098181818,-297
21qjhsy,0.0434783,(5500,3500,3),612.23465802027,-89
182kghzm,0.333333,(5500,3500,3),797.332150848485,-90
195jrsib,0.0952381,(5500,3500,3),866.801804363636,401
154lchzb,0.0588235,(5500,3500,3),888.871973812834,-245
182ktahd,0.2,(5500,3500,3),973.896167337,89
434kyviw,0.25,(5500,3500,3),976.570408022551,-89
21fcwqx,0.0869565,(5500,3500,3),978.042567680729,-245
21mnjsq,0.030303,(5500,3500,3),978.463518658475,-245
192pezxt,0.25,(5500,3500,3),1016.328317470472,89
434gpmdk,0.030303,(5500,3500,3),1366.866670931129,-244
552jifbh,0.0212766,(5500,3500,3),1468.806684586074,375
104hslmi,0.166667,(5500,3500,3),1603.054506838246,499
40qmuzv,0.25,(5500,3500,3),1873.895618363636,93
517pmnrg,0.0526316,(5500,3500,3),1987.506994550239,326
