287mbhjx time out, drop task.
451mlwiu,0.222222,(5500,4500,3),285.594208218477,-128
371xcmfd,0.142857,(5500,4500,3),558.074514558587,-13
21qjhsy,0.0217391,(5500,4500,3),577.004768738153,-93
429enuhc,0.0625,(5500,4500,3),741.440043691127,-20
106ngwyz,0.08,(5500,4500,3),1008.948871267416,210
276bhmjt,0.117647,(5500,4500,3),1068.846543127561,-210
169svgxw,0.133333,(5500,4500,3),1192.296299779026,-374
287zeocj,0.0588235,(5500,4500,3),1197.241242449438,20
35kfebu,0.142857,(5500,4500,3),1463.102799752524,13
53viqrz,0.25,(5500,4500,3),1536.152368606742,-13
446tnxaz,0.2,(5500,4500,3),1543.14098996152,-13
53pocth,0.25,(5500,4500,3),1545.890730050166,-13
552jifbh,0.0425532,(5500,4500,3),1577.157165331102,-13
304kwcge,0.04,(5500,4500,3),1597.595629790809,-20
534mlgzy,0.25,(5500,4500,3),1634.761374673786,13
130ynhka,0.25,(5500,4500,3),1664.653873006921,14
4jlnce,0.25,(5500,4500,3),1773.580484820225,13
15qozpf,0.0909091,(5500,4500,3),1811.57236904903,20
4ibhcd,0.1,(5500,4500,3),1873.131142977809,-375
