451mlwiu,0.222222,(5500,4500,3),282.594541218477,-128
371xcmfd,0.142857,(5500,4500,3),558.074834558587,-13
21qjhsy,0.0434783,(5500,4500,3),614.004002476307,-89
106ngwyz,0.08,(5500,4500,3),1008.949217267416,210
195jrsib,0.0952381,(5500,4500,3),1026.134085674157,401
276bhmjt,0.117647,(5500,4500,3),1068.846915127561,-210
169svgxw,0.133333,(5500,4500,3),1192.296658779026,-374
35kfebu,0.142857,(5500,4500,3),1463.102799752524,13
53viqrz,0.25,(5500,4500,3),1536.152701606742,-13
446tnxaz,0.2,(5500,4500,3),1543.14098996152,-13
53pocth,0.25,(5500,4500,3),1545.890730050166,-13
552jifbh,0.0425532,(5500,4500,3),1577.157524331102,-13
534mlgzy,0.25,(5500,4500,3),1634.761374673786,13
130ynhka,0.25,(5500,4500,3),1664.653873006921,14
4jlnce,0.25,(5500,4500,3),1773.580830820225,13
15plmnj,0.0434783,(5500,4500,3),1813.025281410357,20
4ibhcd,0.2,(5500,4500,3),1876.100144685674,-375
