403sjmvc,0.1,(5500,4500,3),140.362397617978,-124
451mlwiu,0.111111,(5500,4500,3),278.640961609238,-128
458iunzg,0.047619,(5500,4500,3),542.013439244008,-20
371xcmfd,0.142857,(5500,4500,3),558.074687558587,-13
21qjhsy,0.0434783,(5500,4500,3),614.003816476307,-89
9ruotz time out, drop task.
83muylw,0.0454545,(5500,4500,3),858.611361862104,429
106ngwyz,0.08,(5500,4500,3),1008.949057267416,210
276bhmjt,0.117647,(5500,4500,3),1068.846729127561,-210
169svgxw,0.133333,(5500,4500,3),1192.296472779026,-374
287zeocj,0.0588235,(5500,4500,3),1197.241428449438,20
35kfebu,0.142857,(5500,4500,3),1463.102799752524,13
195fbtim,0.025,(5500,4500,3),1477.446712595506,-113
53viqrz,0.25,(5500,4500,3),1536.152541606742,-13
446tnxaz,0.2,(5500,4500,3),1543.14098996152,-13
53pocth,0.25,(5500,4500,3),1545.890730050166,-13
552jifbh,0.0425532,(5500,4500,3),1577.157338331102,-13
304kwcge,0.04,(5500,4500,3),1597.595629790809,-20
534mlgzy,0.25,(5500,4500,3),1634.761374673786,13
130ynhka,0.25,(5500,4500,3),1664.653873006921,14
4jlnce,0.25,(5500,4500,3),1773.580644820225,13
15qozpf,0.0454545,(5500,4500,3),1812.898362024515,20
4ibhcd,0.2,(5500,4500,3),1876.100144685674,-375
