37yzrfv,0.0769231,(5500,2500,3),135.008368562334,682
183qupcg,0.222222,(5500,2500,3),342.57179466763,482
510ukfya,0.0833333,(5500,2500,3),396.680422586207,-683
175oeulm,0.25,(5500,2500,3),403.547893275862,158
481ligco,0.2,(5500,2500,3),553.883633137492,-162
104ifbuw,0.25,(5500,2500,3),1318.709050837802,157
104mpxju,0.25,(5500,2500,3),1410.925429569406,655
64nphdx,0.117647,(5500,2500,3),1679.213120640324,-50
36cjfly,0.333333,(5500,2500,3),1732.878097384809,-38
36ryfpu,0.125,(5500,2500,3),1736.218889559525,-38
