403sjmvc,0.2,(5500,3500,3),150.848924935178,-124
56paodl,0.25,(5500,3500,3),245.503037727273,89
112hosen,0.25,(5500,3500,3),360.161951181818,-297
9vxszy time out, drop task.
21qjhsy,0.0434783,(5500,3500,3),612.23465802027,-89
154gdioc,0.0454545,(5500,3500,3),888.329597460799,-245
182ktahd,0.2,(5500,3500,3),973.896167337,89
434kyviw,0.25,(5500,3500,3),976.570408022551,-89
21fcwqx,0.0869565,(5500,3500,3),978.042567680729,-245
21mnjsq,0.0606061,(5500,3500,3),978.185147573075,-245
192pezxt,0.25,(5500,3500,3),1016.328317470472,89
15plmnj time out, drop task.
552jifbh,0.0425532,(5500,3500,3),1467.343189172147,375
104hslmi,0.333333,(5500,3500,3),1613.79446708067,675
517yezbm,0.0769231,(5500,3500,3),1760.580918811189,-401
40qmuzv,0.25,(5500,3500,3),1873.895471363636,93
517pmnrg,0.0526316,(5500,3500,3),1987.506808550239,326
