21inrwq,0.222222,(6500,3500,3),257.242105109212,-75
418dxaom,0.153846,(6500,3500,3),413.891434415516,-596
317djzsk,0.0833333,(6500,3500,3),532.464147301994,-225
26tqhma,0.142857,(6500,3500,3),568.404264592186,222
21qjhsy,0.0434783,(6500,3500,3),612.045923724638,-89
481ligco,0.1,(6500,3500,3),627.656205974359,-162
434uqbrd,0.0487805,(6500,3500,3),652.774556740254,-75
446iefkp,0.0952381,(6500,3500,3),919.004253071632,222
552drosu,0.0689655,(6500,3500,3),1032.527601861774,222
192qcpav,0.181818,(6500,3500,3),1347.289260851593,75
192gvilt,0.25,(6500,3500,3),1507.943873957265,396
