334begyo,0.0606061,(6500,500,3),323.521700658847,-1
401fizsx,0.285714,(6500,500,3),396.660271004608,3
401ixmyu,0.25,(6500,500,3),414.558450612903,3
506jfvmn,0.25,(6500,500,3),433.166439590548,-385
51mlufa,0.166667,(6500,500,3),576.728469860215,3
8wvqfd,0.0555556,(6500,500,3),590.11626453405,-1
124orliy,0.037037,(6500,500,3),705.949159136201,-0
8dklhb,0.25,(6500,500,3),763.71311492813,3
8opxae,0.25,(6500,500,3),774.525061390637,3
207brwha,0.25,(6500,500,3),831.597275312935,3
207qckeo,0.028169,(6500,500,3),833.182810180827,3
254ckepd,0.0425532,(6500,500,3),878.516752673988,310
306mrhps,0.222222,(6500,500,3),905.656036959159,11
221tfvom,0.25,(6500,500,3),1035.860445959968,-3
175pbhix,0.153846,(6500,500,3),1085.451991007444,0
240zbidf,0.125,(6500,500,3),1182.594399096774,-10
18hnlad,0.181818,(6500,500,3),1271.819012789636,-11
18ygnud,0.111111,(6500,500,3),1273.67706046386,-11
149yzqnv,0.166667,(6500,500,3),1383.118028849462,10
