334begyo,0.0606061,(6500,500,3),323.522007658847,-1
401fizsx,0.285714,(6500,500,3),396.660630004608,3
401ixmyu,0.25,(6500,500,3),414.558770612903,3
506jfvmn,0.25,(6500,500,3),433.166439590548,-385
8wvqfd,0.111111,(6500,500,3),593.1232930681,-1
142hezuk,0.5,(6500,500,3),663.143698186402,-3
124orliy,0.0740741,(6500,500,3),707.490436272401,-0
8dklhb,0.25,(6500,500,3),763.71311492813,3
8opxae,0.25,(6500,500,3),774.525061390637,3
51mlufa,0.333333,(6500,500,3),813.87370972043,-11
207brwha,0.125,(6500,500,3),831.847019829064,3
207qckeo,0.028169,(6500,500,3),832.183169180827,3
254ckepd,0.0425532,(6500,500,3),878.517042673988,310
306mrhps,0.222222,(6500,500,3),905.656036959159,11
221tfvom,0.25,(6500,500,3),1035.860445959968,-3
175pbhix,0.153846,(6500,500,3),1085.452311007444,0
18hnlad,0.181818,(6500,500,3),1271.819012789636,-11
18ygnud,0.111111,(6500,500,3),1273.67706046386,-11
149yzqnv,0.166667,(6500,500,3),1884.118361849462,0
