254mcipg time out, drop task.
37yzrfv,0.0769231,(6500,1500,3),134.568447657518,682
331zdfgo,0.333333,(6500,1500,3),171.23856115746,680
334begyo,0.030303,(6500,1500,3),323.630512943962,-1
288zjiwt,0.25,(6500,1500,3),690.736434698492,-4
124orliy,0.037037,(6500,1500,3),705.399550094919,-0
254ckepd,0.0425532,(6500,1500,3),808.723847480274,310
207qckeo,0.028169,(6500,1500,3),831.627910961922,3
506xdloq,0.25,(6500,1500,3),880.265768924623,-310
175pbhix,0.0769231,(6500,1500,3),1080.615453000765,0
60tjgvz time out, drop task.
64nphdx,0.0588235,(6500,1500,3),1676.536120810523,-50
