334begyo,0.0606061,(6500,500,3),323.521860658847,-1
401fizsx,0.285714,(6500,500,3),396.660457004608,3
401ixmyu,0.25,(6500,500,3),414.558623612903,3
506jfvmn,0.25,(6500,500,3),433.166439590548,-385
8wvqfd,0.0555556,(6500,500,3),590.11645053405,-1
124orliy,0.0740741,(6500,500,3),707.490250272401,-0
8dklhb,0.25,(6500,500,3),763.71311492813,3
8opxae,0.25,(6500,500,3),774.525061390637,3
51mlufa,0.333333,(6500,500,3),813.87352372043,-11
207brwha,0.25,(6500,500,3),831.597275312935,3
207qckeo,0.028169,(6500,500,3),832.182996180827,3
254ckepd,0.0212766,(6500,500,3),877.476996336994,310
306mrhps,0.222222,(6500,500,3),905.656036959159,11
18hnlad,0.0909091,(6500,500,3),977.282759417202,3
221tfvom,0.25,(6500,500,3),1035.860445959968,-3
175pbhix,0.0769231,(6500,500,3),1081.939538503722,0
18ygnud,0.111111,(6500,500,3),1273.67706046386,-11
149yzqnv,0.166667,(6500,500,3),1572.118214849462,-3
