1aybtq,0.0666667,(7500,3500,3),99.22549439627,18
89mnieg,0.0416667,(7500,3500,3),108.929552617716,372
455rxwvi,0.25,(7500,3500,3),263.010459015333,-141
53qurdp,0.0487805,(7500,3500,3),302.120799712474,142
455bovef,0.25,(7500,3500,3),333.739430902098,-140
145orusl,0.0344828,(7500,3500,3),341.296632936098,450
243npqrj,0.0769231,(7500,3500,3),358.720197498973,-259
414fmuvz,0.222222,(7500,3500,3),403.591348752914,259
53lhvqg,0.0526316,(7500,3500,3),419.787934456095,-259
89slkgn,0.0869565,(7500,3500,3),493.101829262825,-33
455ulrwj,0.333333,(7500,3500,3),544.36805228136,260
62fuzth,0.222222,(7500,3500,3),768.09465625198,-105
552drosu,0.0344828,(7500,3500,3),1032.71091771618,222
192qcpav,0.181818,(7500,3500,3),1498.704848605849,396
309mtqiu,0.25,(7500,3500,3),1665.595927111888,142
182ojrua,0.25,(7500,3500,3),1721.257339846154,-140
182jdops,0.25,(7500,3500,3),1722.503441685315,-140
