401rbwqd,0.25,(7500,1500,3),110.102009102768,677
334begyo,0.030303,(7500,1500,3),321.919110334579,-1
139ivbmw,0.25,(7500,1500,3),371.384690479452,-230
254ntdyx,0.0555556,(7500,1500,3),377.685314010654,98
419tpxks,1,(7500,1500,3),441.243727794521,-231
31tdqay,0.0714286,(7500,1500,3),452.855806577299,34
139lnyts,0.333333,(7500,1500,3),463.05673318039,-95
8vsfpe,0.08,(7500,1500,3),472.460186756164,-2
207glmuw,0.142857,(7500,1500,3),587.176525483366,-2
8wvqfd,0.0555556,(7500,1500,3),590.664056741248,-1
331wsbfr,1,(7500,1500,3),603.270015575342,-677
31zkirp,0.153846,(7500,1500,3),647.496119510011,98
139jrksb,0.25,(7500,1500,3),683.635567957715,-305
254mcipg,0.03125,(7500,1500,3),806.956564780822,310
254ckepd,0.0425532,(7500,1500,3),807.138172120373,310
207qckeo,0.028169,(7500,1500,3),832.918268509743,3
309qzklr,0.285714,(7500,1500,3),981.185117691147,-96
309mrdeb,0.0769231,(7500,1500,3),1046.227043930337,-95
