401rbwqd,0.25,(7500,1500,3),110.102009102768,677
8vsfpe,0.08,(7500,1500,3),301.460039756164,102
334begyo,0.0606061,(7500,1500,3),323.102909669157,-1
124pxjce,0.0555556,(7500,1500,3),369.058641582971,102
139ivbmw,0.25,(7500,1500,3),371.384530479452,-230
254ntdyx,0.0555556,(7500,1500,3),377.685141010654,98
8wvqfd,0.111111,(7500,1500,3),592.217506482496,-1
31zkirp,0.153846,(7500,1500,3),647.495933510011,98
139jrksb,0.25,(7500,1500,3),683.635567957715,-305
124orliy,0.037037,(7500,1500,3),705.71827199239,-0
254ckepd,0.0425532,(7500,1500,3),806.138012120373,310
254mcipg,0.03125,(7500,1500,3),806.956417780822,310
309qzklr,0.285714,(7500,1500,3),981.185117691147,-96
309mrdeb,0.153846,(7500,1500,3),1049.188249072592,-95
149yzqnv,0.0833333,(7500,1500,3),1882.545961333333,0
