1aybtq,0.133333,(7500,3500,3),102.125114792541,18
89mnieg,0.0416667,(7500,3500,3),108.929392617716,372
455rxwvi,0.25,(7500,3500,3),263.010459015333,-141
53qurdp,0.0487805,(7500,3500,3),302.120799712474,142
455bovef,0.25,(7500,3500,3),333.739257902098,-140
145orusl,0.0689655,(7500,3500,3),342.328120872197,450
243npqrj,0.0384615,(7500,3500,3),381.389030549,-258
414fmuvz,0.222222,(7500,3500,3),403.591188752914,259
53lhvqg,0.0526316,(7500,3500,3),419.787934456095,-259
89slkgn,0.0869565,(7500,3500,3),493.101829262825,-33
62fuzth,0.111111,(7500,3500,3),764.261086586091,-105
145bdokt,0.5,(7500,3500,3),1063.969478493393,293
309mtqiu,0.25,(7500,3500,3),1665.595767111888,142
182ojrua,0.25,(7500,3500,3),1721.257192846154,-140
182jdops,0.25,(7500,3500,3),1722.503294685315,-140
