401rbwqd,0.25,(7500,1500,3),110.102009102768,677
334begyo,0.030303,(7500,1500,3),321.919404334579,-1
139lnyts,0.666667,(7500,1500,3),357.505580668975,-230
124pxjce,0.0555556,(7500,1500,3),369.058641582971,102
139ivbmw,0.25,(7500,1500,3),371.385010479452,-230
254ntdyx,0.0555556,(7500,1500,3),377.685608010654,98
8vsfpe,0.08,(7500,1500,3),472.460545756164,-2
207glmuw,0.0714286,(7500,1500,3),584.098846741683,-2
8wvqfd,0.111111,(7500,1500,3),592.217960482496,-1
31zkirp,0.0769231,(7500,1500,3),646.275630255005,98
139jrksb,0.25,(7500,1500,3),683.635567957715,-305
124orliy,0.0740741,(7500,1500,3),707.027329984779,-0
254ckepd,0.0425532,(7500,1500,3),806.138544120373,310
254mcipg,0.015625,(7500,1500,3),809.068108890411,310
207qckeo,0.0140845,(7500,1500,3),831.323821254872,3
309qzklr,0.285714,(7500,1500,3),981.185117691147,-96
309mrdeb,0.153846,(7500,1500,3),1049.188249072592,-95
