235tpoej,0.2,(2500,4500,3),363.192565461538,52
70fayzd,0.5,(2500,4500,3),392.159718185624,-54
60poqul,0.3,(2500,4500,3),432.410832384615,121
731ykroc,0.3,(2500,4500,3),451.319482659126,121
742intfc,0.1,(2500,4500,3),508.473188230769,-52
733ylqef,0.1,(2500,4500,3),531.621776384615,-149
313phgse,0.1,(2500,4500,3),602.871985384615,-53
742tdglx,0.1,(2500,4500,3),670.225048648455,51
318rqlkd,0.2,(2500,4500,3),673.787560153846,53
54ighfw,0.1,(2500,4500,3),682.709546710417,-52
649tievc,0.2,(2500,4500,3),688.027269846154,55
4ypwzv,0.2,(2500,4500,3),718.0075934957,55
742qudxi,0.1,(2500,4500,3),793.844747002245,402
412ltxcg,0.1,(2500,4500,3),812.676211769231,160
246aozgc,0.2,(2500,4500,3),818.769611836885,-54
796wxabp,0.3,(2500,4500,3),833.411153846154,159
828gsntl,0.2,(2500,4500,3),863.389182268597,54
280hqetg,0.3,(2500,4500,3),951.652296615385,364
126yfrws,0.2,(2500,4500,3),1005.644262268542,52
299jofyb,0.2,(2500,4500,3),1031.268033,160
501yarif,0.2,(2500,4500,3),1033.620716923077,-54
23unwxk,0.1,(2500,4500,3),1141.441121538462,55
487dgmlj,0.1,(2500,4500,3),1262.395063076923,-121
458dfyhn,0.3,(2500,4500,3),1263.951219413117,-54
633xgqpw,0.3,(2500,4500,3),1373.047743307692,-52
978afrqk,0.2,(2500,4500,3),1382.91628316926,54
403ctyva,0.1,(2500,4500,3),1410.916434623694,-54
429pczbr,0.3,(2500,4500,3),1432.057919846154,-55
402bkaim,0.5,(2500,4500,3),1551.521145,-54
250cpmxi,0.3,(2500,4500,3),1943.843039358375,554
854gepwo,1,(2500,4500,3),1943.892531692308,-52
