662bnpfw,0.2,(2500,5500,3),40.461055686804,-192
280xfeha,0.2,(2500,5500,3),87.293873949914,409
649vyfce,0.3,(2500,5500,3),156.434187725275,409
103bnpkt,0.2,(2500,5500,3),167.247589114065,407
267wxrmp,0.3,(2500,5500,3),183.060020446355,-302
103jcxdm,0.2,(2500,5500,3),216.195936465847,-279
280wsyjc,0.1,(2500,5500,3),262.050872476296,304
783jpbwi,0.4,(2500,5500,3),348.340830142857,302
959cwsjr,0.3,(2500,5500,3),426.424641351648,-282
313phgse,0.2,(2500,5500,3),552.86830985206,-54
102jtvcd,0.4,(2500,5500,3),563.128074461538,-304
742tdglx,0.7,(2500,5500,3),792.622901769231,402
332vnfsi,0.2,(2500,5500,3),896.540583835165,637
412ltxcg,0.8,(2500,5500,3),952.552787149831,-281
299jofyb,0.1,(2500,5500,3),1033.527464285714,160
607neqhu,0.3,(2500,5500,3),1133.352486362637,-281
12bifut,0.3,(2500,5500,3),1161.582332131868,-54
215lavwt,0.3,(2500,5500,3),1661.429535571429,-192
741vghxp,0.2,(2500,5500,3),1746.780432912088,402
741ulbqi,0.2,(2500,5500,3),1748.536858461538,402
