235tpoej,0.4,(2500,4500,3),362.178628923077,52
60poqul,0.5,(2500,4500,3),431.703016307692,121
733ujrxi,0.3,(2500,4500,3),531.668601461538,-149
733ylqef,0.1,(2500,4500,3),533.621629384615,-149
54cqvdj,0.5,(2500,4500,3),591.868389461538,122
313phgse,0.1,(2500,4500,3),602.871825384615,-53
649tievc,0.2,(2500,4500,3),632.027096846154,54
742intfc,0.2,(2500,4500,3),667.073456461538,51
318rqlkd,0.4,(2500,4500,3),673.202061307692,53
54ighfw,0.2,(2500,4500,3),683.605950402724,-52
412ltxcg,0.1,(2500,4500,3),698.676025769231,55
4ypwzv,0.3,(2500,4500,3),716.694101803392,55
246aozgc,0.2,(2500,4500,3),818.769611836885,-54
796wxabp,0.2,(2500,4500,3),833.805158230769,159
280hqetg,0.2,(2500,4500,3),856.715416076923,121
828gsntl,0.2,(2500,4500,3),863.389182268597,54
126yfrws,0.2,(2500,4500,3),1005.644262268542,52
299jofyb,0.1,(2500,4500,3),1032.471247,160
501yarif,0.2,(2500,4500,3),1033.620569923077,-54
23unwxk,0.1,(2500,4500,3),1141.440948538462,55
458dfyhn,0.2,(2500,4500,3),1261.990648336194,-54
487dgmlj,0.1,(2500,4500,3),1262.394877076923,-121
633xgqpw,0.3,(2500,4500,3),1373.047570307692,-52
978afrqk,0.2,(2500,4500,3),1382.91628316926,54
403ctyva,0.1,(2500,4500,3),1410.916434623694,-54
83xfauy,0.8,(2500,4500,3),1727.159934461538,-54
250cpmxi,0.3,(2500,4500,3),1943.843039358375,554
431vtpon,0.1,(2500,4500,3),1948.122944,56
