485vtmdk,0.2,(2500,1500,3),177.80054929832,194
218ljtkq,0.2,(2500,1500,3),298.078103846154,196
352foihb,0.3,(2500,1500,3),471.474142641026,194
121hnkyq,0.1,(2500,1500,3),813.204373241352,195
99dhjas,0.3,(2500,1500,3),914.041948538462,193
120uedlb,0.4,(2500,1500,3),921.226671521368,-194
731qtcdl,0.3,(2500,1500,3),1316.791094692308,371
11gqbwj,0.1,(2500,1500,3),1324.902934547009,195
524utqfj,0.2,(2500,1500,3),1563.975534299145,-194
524ykrts,0.2,(2500,1500,3),1753.759075094017,-193
384pwrjs,0.1,(2500,1500,3),1952.983532290598,-196
