485vtmdk,0.2,(2500,1500,3),177.80054929832,194
215ohtac,0.1,(2500,1500,3),240.100895905983,-371
218ljtkq,0.2,(2500,1500,3),298.077623846154,196
352foihb,0.3,(2500,1500,3),471.473662641026,194
558mrqew,0.1,(2500,1500,3),531.281569059829,-195
488opule,0.1,(2500,1500,3),772.104756250045,195
208jpqhi,0.1,(2500,1500,3),806.534546234297,195
99dhjas,0.1,(2500,1500,3),905.222623512821,193
731qtcdl,0.3,(2500,1500,3),1316.790553692308,371
60ivzse,0.1,(2500,1500,3),1321.812454581197,-324
524utqfj,0.2,(2500,1500,3),1563.975054299145,-194
524ykrts,0.1,(2500,1500,3),1748.775631547009,-193
384pwrjs,0.3,(2500,1500,3),1953.733860871795,-196
