169jazmp,0.3,(3500,5500,3),106.939979257318,-183
296ndaiu,0.3,(3500,5500,3),272.44479741548,206
163rtvop,0.1,(3500,5500,3),272.992639474576,453
608izgry,0.2,(3500,5500,3),279.637509625519,-246
556pxgtv,0.3,(3500,5500,3),343.796736,-183
452ebzdj,0.2,(3500,5500,3),354.829410176412,284
35lpdgm,0.2,(3500,5500,3),445.631023680027,-183
556ecsqk,0.1,(3500,5500,3),514.380385131118,206
185mcxfw,0.3,(3500,5500,3),523.420179966741,206
608raetv,0.2,(3500,5500,3),531.450279968746,286
28byrwz,0.1,(3500,5500,3),562.041424868082,284
4yvqnf,0.1,(3500,5500,3),944.429545491525,-87
162gumqn,0.2,(3500,5500,3),1232.32976840678,284
71dnoft,0.2,(3500,5500,3),1417.304744101695,-284
517oxbat,0.2,(3500,5500,3),1557.526758474576,-283
