169jazmp,0.2,(3500,5500,3),103.278849494606,-183
296ndaiu,0.3,(3500,5500,3),272.44479741548,206
608izgry,0.3,(3500,5500,3),286.177780269586,-246
556pxgtv,0.2,(3500,5500,3),339.602912,-183
452ebzdj,0.2,(3500,5500,3),350.829410176412,284
682fmwch,0.3,(3500,5500,3),363.776595419102,-543
35lpdgm,0.3,(3500,5500,3),451.211580696976,-183
556ecsqk,0.1,(3500,5500,3),514.380385131118,206
185mcxfw,0.2,(3500,5500,3),522.595549729453,206
28byrwz,0.1,(3500,5500,3),562.041424868082,284
534njfvg,0.1,(3500,5500,3),822.247990186441,-87
649qkpxg,0.2,(3500,5500,3),922.884363768412,-87
162gumqn,0.2,(3500,5500,3),1232.33027440678,284
71dnoft,0.1,(3500,5500,3),1416.146517050847,-284
517oxbat,0.2,(3500,5500,3),1557.526944474576,-283
