966fhikg,0.1,(3500,3500,3),216.620656540806,437
735egpqs,0.7,(3500,3500,3),378.59504284894,-471
735ujnms,0.2,(3500,3500,3),388.697987630631,-471
607xatip,0.2,(3500,3500,3),477.711182567568,-494
607vopke,0.3,(3500,3500,3),491.846813538844,-494
741slzvh,0.1,(3500,3500,3),580.976329252252,437
160ztmlv,0.2,(3500,3500,3),613.100855828829,-476
315pnmjl,0.2,(3500,3500,3),867.214888367379,-493
40amgrp,0.5,(3500,3500,3),927.024656738739,-437
40nivrg,0.2,(3500,3500,3),941.831487580409,-437
185nvecl,0.5,(3500,3500,3),1201.870215726284,-300
638myqzk,0.5,(3500,3500,3),1273.571608788288,-437
519dmjwf,0.3,(3500,3500,3),1438.863588757499,242
519mbuqk,0.1,(3500,3500,3),1443.659126691787,242
638auypf,0.3,(3500,3500,3),1492.75590472973,242
544xfhdv,0.1,(3500,3500,3),1598.553790167381,-437
492cdtie,0.3,(3500,3500,3),1612.426394594595,437
434ftukz,0.2,(3500,3500,3),1747.658155530078,437
