966fhikg,0.2,(3500,3500,3),221.532904468734,437
735ujnms,0.2,(3500,3500,3),388.697801630631,-471
607xatip,0.1,(3500,3500,3),476.362899783784,-494
607vopke,0.2,(3500,3500,3),486.783419520826,-494
741slzvh,0.1,(3500,3500,3),580.976182252252,437
160ztmlv,0.3,(3500,3500,3),611.637494243243,-476
160yunpv,0.4,(3500,3500,3),613.461302297297,-476
315pnmjl,0.2,(3500,3500,3),867.214888367379,-493
40nivrg,0.2,(3500,3500,3),941.831487580409,-437
519dmjwf,0.1,(3500,3500,3),1198.643677262004,-437
185nvecl,0.5,(3500,3500,3),1201.870215726284,-300
154etxgw,0.2,(3500,3500,3),1272.94806789856,437
519mbuqk,0.1,(3500,3500,3),1443.659126691787,242
638auypf,0.3,(3500,3500,3),1492.75573172973,242
434ftukz,0.3,(3500,3500,3),1752.645976503051,437
544xfhdv,0.7,(3500,3500,3),1908.334941302516,242
492cdtie,0.2,(3500,3500,3),1988.45866272973,-65
