590phfwa,0.3,(3500,1500,3),328.077442859155,195
706kcpdr,0.1,(3500,1500,3),354.058283605634,185
558mrqew,0.2,(3500,1500,3),534.553098112676,-195
488opule,0.5,(3500,1500,3),790.334598971831,195
208jpqhi,0.4,(3500,1500,3),815.670019338028,195
121hnkyq,0.1,(3500,1500,3),821.175900394366,195
302voduk,0.4,(3500,1500,3),1009.022261774648,195
618adlbw,0.2,(3500,1500,3),1252.522006607025,-94
11gqbwj,0.6,(3500,1500,3),1581.110382661972,-178
707dbmfi,0.1,(3500,1500,3),1587.455479788732,-178
60ivzse,0.7,(3500,1500,3),1853.027885042254,-94
