169jazmp,0.2,(3500,5500,3),103.278849494606,-183
296ndaiu,0.3,(3500,5500,3),272.44479741548,206
608izgry,0.2,(3500,5500,3),279.637509625519,-246
452ebzdj,0.1,(3500,5500,3),349.533212752683,284
682fmwch,0.4,(3500,5500,3),362.468528707237,-543
556pxgtv,0.3,(3500,5500,3),436.796883,182
35lpdgm,0.2,(3500,5500,3),445.631023680027,-183
185mcxfw,0.2,(3500,5500,3),459.595549729453,182
608raetv,0.1,(3500,5500,3),483.398155765356,285
556ecsqk,0.1,(3500,5500,3),514.380385131118,206
28byrwz,0.1,(3500,5500,3),562.041424868082,284
649qkpxg,0.1,(3500,5500,3),918.370155226039,-87
4yvqnf,0.1,(3500,5500,3),944.429718491525,-87
429lczup,0.1,(3500,5500,3),1158.606226152542,87
162gumqn,0.3,(3500,5500,3),1233.382078610169,284
71dnoft,0.2,(3500,5500,3),1417.304917101695,-284
