313cybpz,0.2,(3500,4500,3),151.895503679527,413
137rbsoz,0.3,(3500,4500,3),245.8258844,-625
106qfcak,0.4,(3500,4500,3),272.664297488,-87
904ahrzf,0.3,(3500,4500,3),387.881191072633,-23
148cptjb,0.3,(3500,4500,3),404.975756655558,146
246qfbor,0.3,(3500,4500,3),438.492845176,87
315ygphj,0.2,(3500,4500,3),561.341933328,-147
393bzmnq,0.4,(3500,4500,3),577.202164224,180
556ecsqk,0.2,(3500,4500,3),578.01051236,-88
393yqrkn,0.3,(3500,4500,3),587.018706443395,180
665cvslx,0.2,(3500,4500,3),588.059795698351,-87
779zqhbj,0.3,(3500,4500,3),726.29883792,-87
267vzrxm,0.5,(3500,4500,3),781.87561424,-87
733zsbaw,0.2,(3500,4500,3),793.411423776054,-187
185lwcif,0.1,(3500,4500,3),818.343912777192,-147
534njfvg,0.3,(3500,4500,3),821.883911664,-87
103sfaim,0.4,(3500,4500,3),902.650466811704,-145
757nevsg,0.2,(3500,4500,3),1091.50012416,87
757fqxhn,0.3,(3500,4500,3),1105.642702416544,87
4yvqnf,0.2,(3500,4500,3),1106.469632809306,-23
324fnkhg,0.2,(3500,4500,3),1112.84955,-159
324qrsmd,0.2,(3500,4500,3),1113.404623424,-159
828ydfrl,0.5,(3500,4500,3),1116.1266888,-87
429lczup,0.2,(3500,4500,3),1157.981760336,87
2sxoky,0.3,(3500,4500,3),1187.785648144,-87
2xtoiv,0.3,(3500,4500,3),1197.144170158385,-87
23unwxk,0.4,(3500,4500,3),1252.559185144,159
83hqifv,0.3,(3500,4500,3),1307.291409144,87
46ihsjt,0.6,(3500,4500,3),1446.563890352,-87
978cpegs,0.2,(3500,4500,3),1550.728952584,159
34oarvc,0.3,(3500,4500,3),1557.683096531901,147
90hvoyu,0.9,(3500,4500,3),1563.197248736,145
90tigfy,0.1,(3500,4500,3),1570.760574056,145
710hpzje,0.1,(3500,4500,3),1833.776344048,87
317mcths,0.3,(3500,4500,3),1857.143860332051,23
