169jazmp,0.3,(3500,5500,3),106.939979257318,-183
296ndaiu,0.1,(3500,5500,3),271.928233890056,206
103jcxdm,0.2,(3500,5500,3),283.495803508475,281
608izgry,0.3,(3500,5500,3),286.177780269586,-246
556pxgtv,0.2,(3500,5500,3),339.602765,-183
452ebzdj,0.2,(3500,5500,3),350.829410176412,284
682fmwch,0.3,(3500,5500,3),363.776595419102,-543
35lpdgm,0.3,(3500,5500,3),451.211580696976,-183
608raetv,0.1,(3500,5500,3),481.398155765356,285
556ecsqk,0.1,(3500,5500,3),514.380385131118,206
185mcxfw,0.2,(3500,5500,3),522.595549729453,206
28byrwz,0.1,(3500,5500,3),562.041424868082,284
649qkpxg,0.1,(3500,5500,3),918.370155226039,-87
4yvqnf,0.1,(3500,5500,3),944.429878491525,-87
162gumqn,0.2,(3500,5500,3),1232.33010140678,284
83xfauy,0.1,(3500,5500,3),1317.022057830508,87
71dnoft,0.1,(3500,5500,3),1416.146331050847,-284
