182jxlvo,0.4,(4500,4500,3),123.839229550265,114
246iwntg,0.5,(4500,4500,3),257.463838407407,23
501rldtx,0.3,(4500,4500,3),292.779760253968,-20
663mqcwg,0.1,(4500,4500,3),317.065602338624,114
12shacd,0.4,(4500,4500,3),331.234007375661,-20
12kcqpz,0.1,(4500,4500,3),338.6257178753,-20
299vfmak,0.7,(4500,4500,3),363.520093311922,114
904ahrzf,0.1,(4500,4500,3),378.778778820106,-23
573icydm,0.1,(4500,4500,3),451.22117657672,20
316mbvqh,0.9,(4500,4500,3),459.047929952381,19
458rgdnu,0.3,(4500,4500,3),550.817719873812,-20
592adcem,0.3,(4500,4500,3),592.658543539683,-429
369imtqu,0.4,(4500,4500,3),607.684808675033,20
452ijdxz,0.3,(4500,4500,3),683.446963619048,-21
713anvei,0.4,(4500,4500,3),698.878341369002,24
452vqops,0.4,(4500,4500,3),767.524823571429,22
431zxpoh,0.5,(4500,4500,3),961.700719153439,-20
368dawyc,0.5,(4500,4500,3),967.287864738265,-20
976psqrm,0.1,(4500,4500,3),1030.023260968254,20
665fmyrb,0.4,(4500,4500,3),1073.668873354497,20
947bphvq,0.3,(4500,4500,3),1074.53349364362,20
179ukbij,0.5,(4500,4500,3),1086.73615610582,406
662arjhu,0.2,(4500,4500,3),1321.525819259259,19
666ytxor,0.2,(4500,4500,3),1383.631586486772,-210
4rsodf,0.2,(4500,4500,3),1392.282434857143,20
438pfuzq,0.4,(4500,4500,3),1422.98200919704,-19
651jhdxk,0.1,(4500,4500,3),1427.137040867725,-19
9jupwi,0.2,(4500,4500,3),1472.465002550265,19
84hxoic,0.3,(4500,4500,3),1621.603940771053,20
632dwfzq,0.3,(4500,4500,3),1638.669403518933,-20
317mcths,0.1,(4500,4500,3),1748.884833989418,-19
