163rtvop,0.1,(4500,4500,3),183.917551098413,21
501rldtx,0.3,(4500,4500,3),292.779453253968,-20
67mcbwq,0.5,(4500,4500,3),313.027791523916,-20
663mqcwg,0.2,(4500,4500,3),316.348315677249,114
299vfmak,0.1,(4500,4500,3),328.816234518271,113
12shacd,0.5,(4500,4500,3),331.207586719577,-20
12kcqpz,0.3,(4500,4500,3),345.505264118686,-20
904ahrzf,0.1,(4500,4500,3),378.778631820106,-23
393bzmnq,0.1,(4500,4500,3),411.701199246751,165
458rgdnu,0.3,(4500,4500,3),550.817719873812,-20
592adcem,0.2,(4500,4500,3),592.241959693122,-429
713hvluf,0.3,(4500,4500,3),601.486742656147,20
369imtqu,0.1,(4500,4500,3),608.56793045281,20
216bixey,0.4,(4500,4500,3),661.669319591733,-21
452ijdxz,0.2,(4500,4500,3),682.776665412698,-21
713anvei,0.2,(4500,4500,3),696.507856882229,24
452vqops,0.1,(4500,4500,3),768.334255142857,22
368baeus,0.7,(4500,4500,3),807.326315444444,-25
184fgxkd,0.7,(4500,4500,3),937.737447555556,-24
431zxpoh,0.5,(4500,4500,3),961.700533153439,-20
368dawyc,0.5,(4500,4500,3),967.287864738265,-20
578zoxuc,0.2,(4500,4500,3),1071.608627502646,-210
947bphvq,0.2,(4500,4500,3),1072.269901008699,20
438pfuzq,0.2,(4500,4500,3),1321.25645135577,-20
662arjhu,0.2,(4500,4500,3),1321.525486259259,19
666ytxor,0.2,(4500,4500,3),1383.631400486772,-210
4rsodf,0.3,(4500,4500,3),1393.278059285714,20
651jhdxk,0.3,(4500,4500,3),1427.883088603175,-19
84hxoic,0.3,(4500,4500,3),1621.603940771053,20
84yxaln,0.5,(4500,4500,3),1623.902527380952,20
632dwfzq,0.2,(4500,4500,3),1634.741404534806,-20
317mcths,0.2,(4500,4500,3),1751.503166978836,-19
