975jblnx,0.1,(4500,5500,3),139.749734065934,-327
67jnfqe,0.1,(4500,5500,3),148.713275193754,112
67yklug,0.1,(4500,5500,3),192.832160680366,113
163rtvop,0.1,(4500,5500,3),274.044343703297,453
663mqcwg,0.1,(4500,5500,3),285.229727377753,113
299vfmak,0.1,(4500,5500,3),295.955456098901,112
975xaldb,0.3,(4500,5500,3),504.89620505415,-107
163mkojy,0.4,(4500,5500,3),522.838746460694,-285
772aqihd,0.5,(4500,5500,3),562.773990016283,287
28byrwz,0.3,(4500,5500,3),642.659314186813,285
608yolmb,0.3,(4500,5500,3),698.584945283268,-453
247qxvly,0.1,(4500,5500,3),743.889112933443,286
71dnoft,0.1,(4500,5500,3),1162.683466252287,-288
592cdyvq,0.3,(4500,5500,3),1201.610848237037,-108
71ifelc,0.3,(4500,5500,3),1351.934200464171,-285
651sunao,0.2,(4500,5500,3),1621.87379589011,453
662enokt,0.2,(4500,5500,3),1938.865854886346,588
