67jnfqe,0.1,(4500,5500,3),148.713275193754,112
246iwntg,0.1,(4500,5500,3),162.692295153846,-19
67yklug,0.1,(4500,5500,3),192.832160680366,113
163rtvop,0.2,(4500,5500,3),271.455390406593,453
299vfmak,0.1,(4500,5500,3),295.955629098901,112
608raetv,0.1,(4500,5500,3),333.973623406593,247
163mkojy,0.1,(4500,5500,3),459.117560702452,-286
975xaldb,0.3,(4500,5500,3),504.89620505415,-107
216bixey,0.2,(4500,5500,3),603.286608725275,-453
772aqihd,0.2,(4500,5500,3),623.583754587711,288
28byrwz,0.1,(4500,5500,3),643.579683395604,285
772xnbye,0.1,(4500,5500,3),676.148218677122,-453
608yolmb,0.2,(4500,5500,3),694.989827568982,-453
71dnoft,0.1,(4500,5500,3),1162.683466252287,-288
592cdyvq,0.2,(4500,5500,3),1203.024768588685,-108
71ifelc,0.2,(4500,5500,3),1351.68476714549,-285
651sunao,0.3,(4500,5500,3),1622.146607835165,453
662enokt,0.2,(4500,5500,3),1938.865854886346,588
