265dxehm,0.2,(4500,3500,3),75.608069503381,646
265pejuw,0.2,(4500,3500,3),176.922460894665,-164
393xulrg,0.2,(4500,3500,3),205.849853368786,-164
160xsqjo,0.2,(4500,3500,3),271.908854208376,-646
184myfzg,0.1,(4500,3500,3),340.863739462366,-209
83bzgms,0.2,(4500,3500,3),392.031926967742,-245
71gztso,0.3,(4500,3500,3),401.172440419355,646
64pxcwh,0.3,(4500,3500,3),431.436210774194,245
640dchis,0.3,(4500,3500,3),478.699656967742,-204
735qfksz,0.2,(4500,3500,3),658.590946567561,243
59wyhft,0.7,(4500,3500,3),858.795013806452,-245
814whpsf,0.3,(4500,3500,3),882.737144297296,244
21wirjh,0.3,(4500,3500,3),988.866504276516,-245
713hnrye,0.5,(4500,3500,3),1158.013927419355,245
492mykws,0.2,(4500,3500,3),1217.909816387097,-244
21swjka,0.4,(4500,3500,3),1218.507929177571,-243
107psjaq,0.7,(4500,3500,3),1381.151804419355,-244
658dshfz,0.2,(4500,3500,3),1467.944652580645,245
519mbuqk,0.1,(4500,3500,3),1546.130335569892,243
