265dxehm,0.3,(4500,3500,3),77.908171696929,646
265pejuw,0.2,(4500,3500,3),176.922460894665,-164
393xulrg,0.3,(4500,3500,3),209.209806573087,-164
160xsqjo,0.3,(4500,3500,3),274.705056875043,-646
184myfzg,0.2,(4500,3500,3),344.493985924731,-209
83bzgms,0.2,(4500,3500,3),392.031632967742,-245
71gztso,0.3,(4500,3500,3),401.172107419355,646
640dchis,0.2,(4500,3500,3),477.865833311828,-204
59wyhft,0.2,(4500,3500,3),765.956079516129,-325
814whpsf,0.2,(4500,3500,3),878.272240039231,244
21wirjh,0.3,(4500,3500,3),988.866504276516,-245
21swjka,0.2,(4500,3500,3),1048.525221564668,-244
492mykws,0.3,(4500,3500,3),1220.209624580645,-244
658dshfz,0.3,(4500,3500,3),1468.496499870968,245
519mbuqk,0.2,(4500,3500,3),1546.873267139785,243
