149shtkc,0.3,(4500,2500,3),161.174738803597,36
149cyahl,0.4,(4500,2500,3),317.871017058725,-42
870zirsk,0.2,(4500,2500,3),472.77450010582,117
104kaxqo,0.2,(4500,2500,3),626.260784685243,-119
432diaxz,0.3,(4500,2500,3),681.649120168103,117
342tosza,0.2,(4500,2500,3),688.337633656085,36
868oibge,0.2,(4500,2500,3),735.306295533151,39
104qnfls,0.2,(4500,2500,3),790.008216025425,-39
809nhlek,0.2,(4500,2500,3),838.762832412698,-653
147cagvf,0.3,(4500,2500,3),851.282143396825,119
64vuprl,0.3,(4500,2500,3),891.903670142857,36
64uanqw,0.2,(4500,2500,3),900.368841429884,36
117hfrua,0.1,(4500,2500,3),908.734103338624,117
148acplk,0.5,(4500,2500,3),1161.510572078409,117
540owqyf,0.2,(4500,2500,3),1752.753384962963,36
