246iwntg,0.1,(4500,4500,3),175.521451481481,-19
67yklug,0.1,(4500,4500,3),236.723850751323,114
501rldtx,0.3,(4500,4500,3),292.779293253968,-20
67mcbwq,0.4,(4500,4500,3),312.32171338635,-20
663mqcwg,0.3,(4500,4500,3),317.631228015873,114
12shacd,0.1,(4500,4500,3),331.312469343915,-20
12kcqpz,0.3,(4500,4500,3),345.505264118686,-20
573icydm,0.4,(4500,4500,3),452.470861306878,20
458rgdnu,0.2,(4500,4500,3),547.777404275928,-20
592adcem,0.3,(4500,4500,3),593.658024539683,-429
452ijdxz,0.2,(4500,4500,3),682.776479412698,-21
713hvluf,0.7,(4500,4500,3),697.666128560909,24
713anvei,0.4,(4500,4500,3),698.878341369002,24
452vqops,0.2,(4500,4500,3),768.730814285714,22
184fgxkd,0.3,(4500,4500,3),938.220938809524,-24
947qeusi,0.1,(4500,4500,3),957.385879804233,19
665fmyrb,0.1,(4500,4500,3),958.433344338624,19
578zoxuc,0.1,(4500,4500,3),1071.705386751323,-210
947bphvq,0.2,(4500,4500,3),1072.269901008699,20
976psqrm,0.2,(4500,4500,3),1117.684768936508,25
247mkeyh,0.6,(4500,4500,3),1168.562998079365,19
438pfuzq,0.2,(4500,4500,3),1321.25645135577,-20
662arjhu,0.3,(4500,4500,3),1322.098238888889,19
666ytxor,0.4,(4500,4500,3),1383.001724973545,-210
4rsodf,0.2,(4500,4500,3),1392.281954857143,20
651jhdxk,0.3,(4500,4500,3),1427.882941603175,-19
9jupwi,0.2,(4500,4500,3),1472.464842550265,19
318iqzdu,0.1,(4500,4500,3),1524.885632841084,20
2sxoky,0.3,(4500,4500,3),1526.325995301587,19
84hxoic,0.2,(4500,4500,3),1622.27512807264,20
84yxaln,0.5,(4500,4500,3),1623.902354380952,20
632dwfzq,0.3,(4500,4500,3),1638.669403518933,-20
317mcths,0.2,(4500,4500,3),1751.503019978836,-19
