265dxehm,0.3,(4500,3500,3),77.908171696929,646
265pejuw,0.3,(4500,3500,3),179.402963260256,-164
393xulrg,0.3,(4500,3500,3),209.209806573087,-164
160xsqjo,0.3,(4500,3500,3),274.705056875043,-646
184myfzg,0.1,(4500,3500,3),340.863579462366,-209
295vomab,0.4,(4500,3500,3),368.21650585818,208
83bzgms,0.3,(4500,3500,3),392.684883451613,-245
71gztso,0.2,(4500,3500,3),398.579027946237,646
64pxcwh,0.5,(4500,3500,3),431.569669623656,245
640dchis,0.3,(4500,3500,3),478.699509967742,-204
160yunpv,0.1,(4500,3500,3),498.770595647001,-647
854fbpvi,0.3,(4500,3500,3),573.791635193548,-245
735qfksz,0.4,(4500,3500,3),658.138251857883,243
814whpsf,0.2,(4500,3500,3),878.272240039231,244
21wirjh,0.2,(4500,3500,3),986.250701781892,-245
21swjka,0.2,(4500,3500,3),1048.525221564668,-244
492mykws,0.2,(4500,3500,3),1217.909669387097,-244
107psjaq,0.1,(4500,3500,3),1327.697914774194,-245
658dshfz,0.3,(4500,3500,3),1468.496672870968,245
519mbuqk,0.2,(4500,3500,3),1546.873453139785,243
