870zirsk,0.3,(4500,2500,3),473.45804015873,117
432ainjz,1,(4500,2500,3),503.529542222222,39
104kaxqo,0.3,(4500,2500,3),629.367676537095,-119
432diaxz,0.2,(4500,2500,3),677.432624083447,117
342tosza,0.3,(4500,2500,3),691.044734984127,36
868oibge,0.2,(4500,2500,3),735.306295533151,39
104qnfls,0.3,(4500,2500,3),792.493729506906,-39
809nhlek,0.3,(4500,2500,3),836.328467619048,-653
147cagvf,0.2,(4500,2500,3),849.062562931217,119
64vuprl,0.3,(4500,2500,3),891.903298142857,36
64uanqw,0.3,(4500,2500,3),904.008343313482,36
117hfrua,0.1,(4500,2500,3),908.733796338624,117
540owqyf,0.3,(4500,2500,3),1752.238552444444,36
