25tyupl,0.2,(5500,4500,3),216.689312221303,-375
540kphac,0.3,(5500,4500,3),247.233928567604,-13
540msatc,0.1,(5500,4500,3),356.256130875828,14
757ljshm,0.2,(5500,4500,3),419.736258994923,14
429uctsk,0.3,(5500,4500,3),448.437288610619,14
663paqgd,0.2,(5500,4500,3),521.795260973451,210
398mxwqk,0.2,(5500,4500,3),632.426345389092,-13
398knthq,0.5,(5500,4500,3),632.588933309735,-13
270frpca,0.3,(5500,4500,3),747.092835477977,375
765yorgx,0.3,(5500,4500,3),772.402462610619,-210
276vrbnu,1,(5500,4500,3),851.870870628319,-13
270dhgrm,0.3,(5500,4500,3),861.528636617583,-13
178sqxfh,0.1,(5500,4500,3),866.125585553256,13
913byvhs,0.4,(5500,4500,3),893.563012864329,13
651yjfms,0.1,(5500,4500,3),921.453430677157,14
578pjzgi,0.2,(5500,4500,3),956.255284371681,14
276qsuoh,0.1,(5500,4500,3),959.725481566372,14
710fzcbe,0.5,(5500,4500,3),966.881376495575,-13
573ofkcs,0.2,(5500,4500,3),1004.575427153266,-375
1tpafx,0.7,(5500,4500,3),1097.42606839823,-13
1sfmry,0.2,(5500,4500,3),1108.666850687004,-13
321ubjvx,0.3,(5500,4500,3),1124.025490513274,-14
66zbfmx,0.3,(5500,4500,3),1148.214037460177,-13
243thzuy,0.2,(5500,4500,3),1407.720253336786,14
620arhyk,0.5,(5500,4500,3),1408.052050778761,-13
243kcdfh,0.2,(5500,4500,3),1408.29565540708,14
267kqjlg,0.4,(5500,4500,3),1444.016099168142,210
317qxjvc,0.2,(5500,4500,3),1477.050376707965,-25
976dqjhr,0.5,(5500,4500,3),1479.005038300885,13
772btqwg,0.1,(5500,4500,3),1495.361856397151,-375
106lkxhq,0.2,(5500,4500,3),1541.523464529281,-224
534ersuw,0.4,(5500,4500,3),1648.295704168142,13
130xmypi,0.3,(5500,4500,3),1653.040561035398,14
856juhfr,0.3,(5500,4500,3),1692.423791899568,-374
976trhyj,0.2,(5500,4500,3),1697.928931220337,-374
856rtzmc,0.2,(5500,4500,3),1703.322381623767,-374
35qfine,0.1,(5500,4500,3),1710.060309206262,-375
779uwtia,0.2,(5500,4500,3),1725.213964343603,-375
534mgwko,0.1,(5500,4500,3),1747.97418280531,-375
130oxqsy,0.2,(5500,4500,3),1788.352173831858,-210
52yosuk,0.9,(5500,4500,3),1846.259118327434,13
318iqzdu,0.2,(5500,4500,3),1882.368972451327,-14
796xlvfk,0.3,(5500,4500,3),1942.943309371681,-375
796kjpzd,0.2,(5500,4500,3),1944.030229238098,-375
84ndlhr,0.5,(5500,4500,3),1952.797891123894,-14
52eypgh,0.1,(5500,4500,3),1954.771678253306,-375
