714drzng,0.3,(5500,500,3),432.254974482834,-7
6pwkdh,0.3,(5500,500,3),507.217481094118,7
16djgoc,0.2,(5500,500,3),614.419311923328,7
6rvosl,0.2,(5500,500,3),646.806349411765,9
189joapq,0.2,(5500,500,3),707.004645152941,10
123lotyb,0.2,(5500,500,3),728.529749749121,9
127rpvaf,0.2,(5500,500,3),748.289790147692,7
16tnhef,0.1,(5500,500,3),780.12108280908,9
221matco,0.3,(5500,500,3),875.334957974681,10
401pdlzg,0.2,(5500,500,3),893.641013811765,-8
334tfeak,0.3,(5500,500,3),1069.195860926249,-8
934cvtzp,0.3,(5500,500,3),1080.617244098881,-8
158shnoy,0.3,(5500,500,3),1121.236555417752,-10
898piyql,0.3,(5500,500,3),1266.782079188235,8
207ntbav,0.1,(5500,500,3),1301.058204835294,-9
10nyuwa,0.2,(5500,500,3),1308.143199576471,-8
617rjsok,0.7,(5500,500,3),1357.221823386978,-8
207cqhys,0.1,(5500,500,3),1425.429979494118,-7
254iuzvg,0.2,(5500,500,3),1451.245165107144,-10
352vpjou,0.4,(5500,500,3),1501.601007976471,8
144xyvca,0.2,(5500,500,3),1565.319362603583,9
447jcvid,0.2,(5500,500,3),1623.416036588235,6
172wxezj,0.2,(5500,500,3),1968.297993548263,8
