886xohsc,0.3,(5500,3500,3),192.941801735379,427
81qbkpj,0.3,(5500,3500,3),331.52460626087,-359
747cufnz,0.1,(5500,3500,3),450.446538910325,675
886gcefn,0.1,(5500,3500,3),501.997741039914,-89
154jgyue,0.5,(5500,3500,3),556.865490001759,-89
278jsplk,0.2,(5500,3500,3),592.156049146374,93
268smtdp,0.6,(5500,3500,3),618.381329173913,-89
21crsqy,0.2,(5500,3500,3),629.144491263733,-89
640esdyj,0.3,(5500,3500,3),851.387892782609,-295
747opejm,0.5,(5500,3500,3),956.858086327739,-89
182dksmv,0.1,(5500,3500,3),968.90309331013,89
107tkafp,0.4,(5500,3500,3),981.125952343817,-89
434kpihg,0.3,(5500,3500,3),994.445725187227,-89
747xjcva,0.2,(5500,3500,3),1061.773229008696,90
107murfv,0.3,(5500,3500,3),1067.037199144126,90
192sxrig,0.3,(5500,3500,3),1108.188682852055,93
640sjpye,0.1,(5500,3500,3),1310.830849220279,673
