25tyupl,0.2,(5500,4500,3),216.689312221303,-375
540kphac,0.3,(5500,4500,3),247.233928567604,-13
180ricxd,0.2,(5500,4500,3),396.336950869812,374
540msatc,0.4,(5500,4500,3),477.965647902376,-210
757ljshm,0.2,(5500,4500,3),507.736258994923,-210
368baeus,0.1,(5500,4500,3),578.882825396129,14
663paqgd,0.8,(5500,4500,3),617.266915893805,-14
398mxwqk,0.3,(5500,4500,3),722.921948928915,14
765yorgx,0.3,(5500,4500,3),772.402103610619,-210
270dhgrm,0.3,(5500,4500,3),861.528636617583,-13
178sqxfh,0.4,(5500,4500,3),868.49450647361,13
276qsuoh,0.1,(5500,4500,3),959.725122566372,14
710fljum,0.6,(5500,4500,3),967.045685292035,-13
573ofkcs,0.2,(5500,4500,3),1004.575427153266,-375
651yjfms,0.4,(5500,4500,3),1041.374759951493,-210
1tpafx,0.1,(5500,4500,3),1098.367098628319,-13
1sfmry,0.2,(5500,4500,3),1108.666850687004,-13
321ubjvx,0.3,(5500,4500,3),1124.025317513274,-14
594xsayf,0.5,(5500,4500,3),1126.302772840708,375
369doyce,0.5,(5500,4500,3),1138.389867672566,-375
66zbfmx,0.5,(5500,4500,3),1148.864289433628,-13
913byvhs,0.2,(5500,4500,3),1197.680980156365,376
243kcdfh,0.1,(5500,4500,3),1407.98982520354,14
620arhyk,0.5,(5500,4500,3),1409.051903778761,-13
267kqjlg,0.6,(5500,4500,3),1442.449591752212,210
665eagbo,0.5,(5500,4500,3),1457.162885345133,-14
976dqjhr,0.5,(5500,4500,3),1477.004865300885,13
772btqwg,0.1,(5500,4500,3),1495.361856397151,-375
243thzuy,0.3,(5500,4500,3),1517.993150469529,-210
130xmypi,0.5,(5500,4500,3),1541.171177725664,-13
106lkxhq,0.2,(5500,4500,3),1541.523464529281,-224
856juhfr,0.2,(5500,4500,3),1582.412897740276,-375
779epfyx,0.3,(5500,4500,3),1616.65323475487,13
534mgwko,0.3,(5500,4500,3),1647.890821415929,13
976trhyj,0.5,(5500,4500,3),1697.631911751311,-374
856rtzmc,0.2,(5500,4500,3),1703.322381623767,-374
35qfine,0.1,(5500,4500,3),1710.060309206262,-375
779uwtia,0.3,(5500,4500,3),1729.816563423249,-375
9jupwi,0.1,(5500,4500,3),1931.508287504425,-14
796kjpzd,0.3,(5500,4500,3),1942.966887928363,-375
796xlvfk,0.4,(5500,4500,3),1943.910381495575,-375
52eypgh,0.2,(5500,4500,3),1960.673398040916,-375
