936onabh,0.4,(6500,500,3),138.045802984398,385
466vqrmc,0.3,(6500,500,3),578.697136954128,3
51rnpbh,0.1,(6500,500,3),580.863863944954,3
142gacto,0.3,(6500,500,3),663.019493473775,-3
727uxohj,0.3,(6500,500,3),667.805550457324,-3
401ielqy,0.1,(6500,500,3),673.036169486239,-11
727lwjgo,0.2,(6500,500,3),683.986892686675,-3
189joapq,0.3,(6500,500,3),767.059537485162,11
201aeyvk,0.2,(6500,500,3),812.55511187156,0
949fbhrz,0.2,(6500,500,3),951.073465550459,11
306bkzsa,0.2,(6500,500,3),963.575285440367,11
306hlnqo,0.2,(6500,500,3),1112.083303713285,-3
