368qadte,0.1,(6500,4500,3),138.5739350479,223
360evrcx,0.2,(6500,4500,3),272.02455156,-223
398vanmh,0.3,(6500,4500,3),304.712740672393,223
438xulje,0.1,(6500,4500,3),499.47182444,224
312ixgsc,0.2,(6500,4500,3),683.394165630931,223
66zfpgw,0.2,(6500,4500,3),768.81686436,223
684kxioe,0.1,(6500,4500,3),943.96154644,222
106lkxhq,0.1,(6500,4500,3),1240.24838704,13
573qkigt,0.9,(6500,4500,3),1293.44208924181,-223
178zeupq,0.3,(6500,4500,3),1299.244086274202,-223
369wjobz,0.2,(6500,4500,3),1307.667013733333,376
130oxqsy,0.1,(6500,4500,3),1334.88404155221,374
316aplzd,0.9,(6500,4500,3),1388.64865352,-223
106ezyor,0.3,(6500,4500,3),1648.311980795582,-223
772btqwg,0.5,(6500,4500,3),1677.430951266667,-224
