936onabh,0.3,(6500,500,3),138.889502654123,385
466vqrmc,0.3,(6500,500,3),578.697504954128,3
142gacto,0.3,(6500,500,3),663.019493473775,-3
727uxohj,0.2,(6500,500,3),668.379891154572,-3
727lwjgo,0.3,(6500,500,3),684.297112429794,-3
51rnpbh,0.5,(6500,500,3),842.796271724771,-11
949fbhrz,0.3,(6500,500,3),956.768777825688,11
306bkzsa,0.3,(6500,500,3),975.80938066055,11
306hlnqo,0.2,(6500,500,3),1112.083303713285,-3
736lhjbv,0.2,(6500,500,3),1296.495443385321,0
254npigw,0.1,(6500,500,3),1328.868214651376,-11
