25tyupl,0.1,(6500,4500,3),211.897634066667,-375
360evrcx,0.3,(6500,4500,3),271.69356184,-223
398vanmh,0.2,(6500,4500,3),301.776727872393,223
180ricxd,0.1,(6500,4500,3),343.776611933333,358
312ixgsc,0.2,(6500,4500,3),683.394165630931,223
66zfpgw,0.2,(6500,4500,3),768.81735736,223
684uzxvt,0.6,(6500,4500,3),936.44773412,222
594xsayf,0.1,(6500,4500,3),953.934973641574,224
684kxioe,0.3,(6500,4500,3),1116.17628132,223
446ebdwu,0.4,(6500,4500,3),1116.36861276,223
202crtmj,0.1,(6500,4500,3),1135.298377500889,224
178zeupq,0.2,(6500,4500,3),1294.099073367535,-223
369wjobz,0.3,(6500,4500,3),1308.7219876,376
130oxqsy,0.2,(6500,4500,3),1340.00109243221,374
106ezyor,0.2,(6500,4500,3),1644.453221115582,-223
534mgwko,0.1,(6500,4500,3),1648.49751664,13
