360evrcx,0.3,(6500,4500,3),271.69320684,-223
398vanmh,0.1,(6500,4500,3),304.840715072393,223
180ricxd,0.1,(6500,4500,3),341.776464933333,358
438xulje,0.1,(6500,4500,3),499.47201044,224
26xocnj,0.4,(6500,4500,3),586.85154112,222
312ixgsc,0.1,(6500,4500,3),680.234456617597,223
66zfpgw,0.3,(6500,4500,3),772.67579704,223
130yijbx,0.9,(6500,4500,3),1113.56953752,223
684kxioe,0.3,(6500,4500,3),1116.17593532,223
446ebdwu,0.3,(6500,4500,3),1116.67517032,223
316aplzd,0.1,(6500,4500,3),1119.35695028,-375
202crtmj,0.1,(6500,4500,3),1135.298377500889,224
178zeupq,0.3,(6500,4500,3),1299.244086274202,-223
369wjobz,0.2,(6500,4500,3),1307.667173733333,376
130oxqsy,0.1,(6500,4500,3),1334.88404155221,374
106lkxhq,0.4,(6500,4500,3),1343.81158616,-375
772btqwg,0.1,(6500,4500,3),1596.107920653333,-374
106ezyor,0.3,(6500,4500,3),1648.311980795582,-223
35qfine,0.1,(6500,4500,3),1704.5497084,-375
