37bhvfw,0.1,(6500,1500,3),137.122984571429,682
884dbirs,0.4,(6500,1500,3),379.688517350649,45
416dzeql,0.4,(6500,1500,3),419.006141883117,45
416tchza,0.2,(6500,1500,3),426.220225792208,45
787kxhdc,0.1,(6500,1500,3),508.493035766234,4
818fpnej,0.3,(6500,1500,3),811.982133502109,45
254izfwj,0.2,(6500,1500,3),821.911118649351,310
736lhjbv,0.1,(6500,1500,3),877.091995390329,-4
308dgafn,0.2,(6500,1500,3),1064.320167126854,310
951xczhg,0.1,(6500,1500,3),1076.446778507594,-680
31unsca,0.2,(6500,1500,3),1186.384259982668,50
