727wtfdz,0.3,(7500,500,3),273.831082744535,-388
124jesni,0.3,(7500,500,3),367.660127147541,102
207ubgko,0.4,(7500,500,3),444.100103262852,102
8pwjdz,0.3,(7500,500,3),487.014622156595,-2
936eqlks,0.2,(7500,500,3),506.253611404372,567
10gjzfm,0.2,(7500,500,3),506.404132612022,-2
8enouc,0.1,(7500,500,3),591.998003918629,-1
10wjnlg,0.4,(7500,500,3),619.050527634525,-1
18onrem,0.1,(7500,500,3),803.603938901676,-1
419owyms,0.2,(7500,500,3),853.887243781421,-101
382verbj,0.2,(7500,500,3),951.166315783623,1
844izfkc,0.1,(7500,500,3),1294.543531785192,1
7zemwg,0.2,(7500,500,3),1537.895795672131,-102
291lomfe,0.3,(7500,500,3),1617.540538655738,1
815vmlty,0.3,(7500,500,3),1655.24719631993,2
291jidhn,0.1,(7500,500,3),1669.868794468436,2
125cthea,0.3,(7500,500,3),1791.152113262295,-102
