578qlmjt,0.3,(7500,4500,3),97.449816193548,-469
1gwzpr,0.2,(7500,4500,3),104.649528064516,18
26dnpge,0.2,(7500,4500,3),212.503867516129,-258
304wkajh,0.4,(7500,4500,3),325.29296002405,-225
26xocnj,0.1,(7500,4500,3),433.642752258065,-225
66pvkbf,0.3,(7500,4500,3),435.914600225806,-225
53spork,0.3,(7500,4500,3),544.649850625683,257
362awdbj,0.3,(7500,4500,3),573.318444096774,225
497uyjca,0.3,(7500,4500,3),623.66999783871,-226
684uzxvt,0.1,(7500,4500,3),649.75049183871,257
360gzhcn,0.3,(7500,4500,3),698.102050564633,-257
25txedq,0.2,(7500,4500,3),866.892173731183,-257
297umyxt,0.3,(7500,4500,3),946.811898713642,-257
178mkija,0.2,(7500,4500,3),1605.287581918266,225
