727wtfdz,0.2,(7500,500,3),273.049333236338,-388
124jesni,0.2,(7500,500,3),366.145280431694,102
207ubgko,0.1,(7500,500,3),440.754854738262,102
8pwjdz,0.2,(7500,500,3),482.476522746759,-2
936eqlks,0.3,(7500,500,3),507.058574606557,567
10gjzfm,0.3,(7500,500,3),507.575862918033,-2
8enouc,0.4,(7500,500,3),604.512156836662,-1
10wjnlg,0.2,(7500,500,3),612.357976989717,-1
18onrem,0.4,(7500,500,3),816.805682639381,-1
419owyms,0.4,(7500,500,3),853.296611562842,-101
382verbj,0.1,(7500,500,3),948.828506996738,1
201aeyvk,0.3,(7500,500,3),952.327960229508,1
382txuvr,1,(7500,500,3),1106.645419923497,-102
844izfkc,0.1,(7500,500,3),1294.543531785192,1
7zemwg,0.3,(7500,500,3),1539.070941508197,-102
291lomfe,0.2,(7500,500,3),1617.474611437158,1
815vmlty,0.1,(7500,500,3),1649.242236494793,2
125cthea,0.2,(7500,500,3),1793.164393508197,-102
