26cpxuh,0.2,(7500,3500,3),189.739531156069,-259
53wazhe,0.1,(7500,3500,3),207.542097508671,-139
455rcwjl,0.2,(7500,3500,3),258.27587834171,-141
455hydfx,0.2,(7500,3500,3),332.025711445087,-140
560btsqe,0.4,(7500,3500,3),338.661416433947,504
89nmtgp,0.2,(7500,3500,3),340.556757818044,138
145yjqks,0.2,(7500,3500,3),343.433557919075,450
560kypmb,0.4,(7500,3500,3),368.26980065896,-261
900fmwhz,0.4,(7500,3500,3),406.376569457457,141
497kyvdn,0.1,(7500,3500,3),423.416789476446,-105
53wepyt,0.2,(7500,3500,3),427.091968690894,-259
773rjxls,0.2,(7500,3500,3),449.208283011156,261
193ynjfg,0.3,(7500,3500,3),487.682306716763,-138
145jnhty,0.1,(7500,3500,3),525.680907445087,142
202fbnik,0.6,(7500,3500,3),552.201614751445,-432
773mikac,0.3,(7500,3500,3),563.444000035959,-504
468wpmfc,0.3,(7500,3500,3),613.528508641618,432
497uyjca,0.1,(7500,3500,3),623.722857896335,-226
145bmtsf,0.3,(7500,3500,3),639.760812358382,261
355weqku,0.2,(7500,3500,3),719.063500717674,-523
62ietlo,0.3,(7500,3500,3),769.795727977759,-105
660pboqc,0.3,(7500,3500,3),917.09187196085,-140
62aetju,0.1,(7500,3500,3),1001.064205252639,-141
25csrhi,0.5,(7500,3500,3),1222.214624456647,138
309qnxer,0.3,(7500,3500,3),1566.882028786127,-138
