727wtfdz,0.1,(7500,500,3),242.267583728142,-389
124jesni,0.3,(7500,500,3),367.660646147541,102
207ubgko,0.1,(7500,500,3),440.754854738262,102
8pwjdz,0.3,(7500,500,3),487.014622156595,-2
936eqlks,0.2,(7500,500,3),506.254091404372,567
10gjzfm,0.3,(7500,500,3),507.576048918033,-2
8enouc,0.2,(7500,500,3),596.16938822464,-1
10wjnlg,0.2,(7500,500,3),612.357976989717,-1
18onrem,0.3,(7500,500,3),812.405101393479,-1
419owyms,0.2,(7500,500,3),853.887723781421,-101
201aeyvk,0.3,(7500,500,3),952.328133229508,1
736lhjbv,0.1,(7500,500,3),1296.475918284153,0
844izfkc,0.8,(7500,500,3),1333.288334757869,2
7zemwg,0.3,(7500,500,3),1539.071127508197,-102
291lomfe,0.2,(7500,500,3),1617.474784437158,1
815vmlty,0.3,(7500,500,3),1655.24719631993,2
291jidhn,0.2,(7500,500,3),1672.275362337289,2
125cthea,0.3,(7500,500,3),1791.152580262295,-102
