634tvlpy,0.3,(1500,4500,3),126.343469,-569
333xhirp,0.1,(1500,4500,3),282.794637817143,-137
52gviyf,0.2,(1500,4500,3),370.721984708571,-569
318xyndz,0.4,(1500,4500,3),422.813660851429,-569
126lsidr,0.4,(1500,4500,3),620.723008313764,-570
2sbjvw,0.1,(1500,4500,3),632.478430525714,122
23tdcvw,0.1,(1500,4500,3),793.42451655471,-569
241kweou,0.1,(1500,4500,3),957.409731748571,122
246ondet,0.3,(1500,4500,3),1192.338681811429,570
241eundo,0.2,(1500,4500,3),1387.146411485714,570
458xiubc,0.3,(1500,4500,3),1394.035760188571,56
