634tvlpy,0.1,(1500,5500,3),121.003705660194,-569
662wzpyh,0.2,(1500,5500,3),126.231871339806,-59
783myots,0.1,(1500,5500,3),158.574206533981,51
828vogur,0.2,(1500,5500,3),247.511933391372,561
333xhirp,0.1,(1500,5500,3),284.754572231112,-137
956lsuvf,0.1,(1500,5500,3),361.349838504854,264
318xyndz,0.1,(1500,5500,3),416.52614127306,-569
70zeuhg,0.1,(1500,5500,3),528.437348699029,56
15bohvk,0.4,(1500,5500,3),693.618836213592,-570
805zqfok,0.3,(1500,5500,3),1037.61347831068,-264
163glyfo,0.3,(1500,5500,3),1476.262061145631,57
50cqzhm,0.2,(1500,5500,3),1523.051782174757,404
91cudan,0.2,(1500,5500,3),1649.409598135922,-137
163zugyx,0.2,(1500,5500,3),1681.86621107767,265
67tuahp,0.2,(1500,5500,3),1717.474856060732,-59
633bgsux,0.1,(1500,5500,3),1913.781658739737,-59
