634tvlpy,0.2,(1500,4500,3),122.148685,-569
333xhirp,0.1,(1500,4500,3),282.794451817143,-137
52gviyf,0.4,(1500,4500,3),379.253865417143,-569
318xyndz,0.1,(1500,4500,3),414.616286462857,-569
15bohvk,0.1,(1500,4500,3),492.637323331429,-571
126lsidr,0.2,(1500,4500,3),613.436903079479,-570
23tdcvw,0.4,(1500,4500,3),807.445475640425,-569
241kweou,0.1,(1500,4500,3),957.409584748571,122
246ondet,0.2,(1500,4500,3),1098.359643874286,569
501yiuef,0.4,(1500,4500,3),1301.677623108571,569
241eundo,0.2,(1500,4500,3),1387.145892485714,570
402qgraj,0.1,(1500,4500,3),1685.274644142857,56
