634tvlpy,0.2,(1500,4500,3),122.148832,-569
40edlzc,0.1,(1500,4500,3),193.116699268571,-51
52gviyf,0.2,(1500,4500,3),370.721638708571,-569
318xyndz,0.1,(1500,4500,3),414.616433462857,-569
70zeuhg,0.1,(1500,4500,3),516.736700971429,56
126lsidr,0.2,(1500,4500,3),613.436903079479,-570
246ondet,0.2,(1500,4500,3),1098.359790874286,569
501yiuef,0.3,(1500,4500,3),1303.866984331429,569
241eundo,0.3,(1500,4500,3),1388.220532228571,570
458xiubc,0.4,(1500,4500,3),1392.445451251429,56
402qgraj,0.7,(1500,4500,3),1828.655275,569
