530jkzca,0.2,(2500,3500,3),216.36673868857,65
814uiwsy,0.3,(2500,3500,3),227.907375456938,-438
384xoiqz,0.2,(2500,3500,3),238.3614772,-611
2ejnmu,0.2,(2500,3500,3),339.429725348113,-66
607hsjvu,0.2,(2500,3500,3),363.283520266667,-612
60tpzqv,0.1,(2500,3500,3),432.9044262,121
634xpcdq,0.1,(2500,3500,3),501.8667664,-122
966ekcrv,0.1,(2500,3500,3),587.796875217042,-65
40pwaho,0.2,(2500,3500,3),599.326586333333,-67
92xcvgq,0.2,(2500,3500,3),757.459214184649,-66
235qmzwf,0.3,(2500,3500,3),757.511812,66
92uqpmh,0.2,(2500,3500,3),763.834778289764,-66
634zdexk,0.1,(2500,3500,3),880.978185916765,-460
519auoim,0.3,(2500,3500,3),942.45679911049,65
741zgtrx,0.2,(2500,3500,3),988.198546475057,-65
638mzcgj,0.3,(2500,3500,3),1046.6090008,65
977wjeuv,0.1,(2500,3500,3),1094.543804002121,438
160tikyx,0.2,(2500,3500,3),1288.887926,661
126labzc,0.4,(2500,3500,3),1327.267819066667,-67
854samcp,0.2,(2500,3500,3),1455.953658666667,-65
59bklzo,0.1,(2500,3500,3),1494.943888426964,438
268duimv,0.4,(2500,3500,3),1656.474548133333,438
