662xjfqc,0.2,(2500,6500,3),321.460277581818,62
478xuser,0.3,(2500,6500,3),322.476881175108,-604
662zyhfq,0.3,(2500,6500,3),341.502861828942,62
662sdzav,0.3,(2500,6500,3),412.7447352,63
670ogkfz,0.3,(2500,6500,3),421.922550181818,-61
214dqcvi,0.1,(2500,6500,3),475.379907919365,-64
956fgdhe,0.1,(2500,6500,3),548.389407472727,60
691wjdvc,0.5,(2500,6500,3),582.661512272727,61
956hrlwc,0.3,(2500,6500,3),611.798489109091,61
72gejip,0.5,(2500,6500,3),651.843400657515,63
691mgriv,0.3,(2500,6500,3),731.78989946017,63
47xdnur,0.1,(2500,6500,3),851.240496363636,-604
47kteay,0.3,(2500,6500,3),853.906359927273,-604
956abwyo,0.5,(2500,6500,3),913.353227212105,368
211pqdym,0.7,(2500,6500,3),923.364881527273,-336
211jmzxy,0.5,(2500,6500,3),983.350825523604,-335
163teacg,0.2,(2500,6500,3),1178.932088527273,-63
956fcvrs,0.2,(2500,6500,3),1362.152556236364,-487
