805dnawr,0.3,(2500,4500,3),142.416179712682,555
805fishm,0.1,(2500,4500,3),207.011031536454,-457
40edlzc,0.3,(2500,4500,3),292.727959692308,52
947junwm,0.4,(2500,4500,3),311.823148296529,55
634xpcdq,0.2,(2500,4500,3),501.535660846154,-122
733zkcif,0.3,(2500,4500,3),531.693440615385,-149
280prxkl,0.3,(2500,4500,3),561.201497632235,52
649cuzox,0.3,(2500,4500,3),688.493458538462,55
412pclnr,0.3,(2500,4500,3),691.428478230769,55
2sbjvw,0.1,(2500,4500,3),713.837390921073,-52
280kxzsj,0.3,(2500,4500,3),746.707340923077,-122
280aerfd,0.2,(2500,4500,3),754.069033590337,-122
796vyath,0.1,(2500,4500,3),832.992061555464,159
75aucix,0.5,(2500,4500,3),850.586439615385,54
75owfry,0.1,(2500,4500,3),895.770308775735,55
241kweou,0.2,(2500,4500,3),961.55248053577,122
966ekcrv,0.5,(2500,4500,3),1002.111731564103,-52
23sfenl,0.1,(2500,4500,3),1093.051944871795,54
23vslno,0.1,(2500,4500,3),1146.985527512821,55
15znhrp,0.6,(2500,4500,3),1181.635409513664,54
487yeouz,0.3,(2500,4500,3),1261.437302769231,-121
633dtwig,0.3,(2500,4500,3),1379.797798773233,-52
215ubngl,0.3,(2500,4500,3),1388.251616076923,51
403neztc,0.2,(2500,4500,3),1407.748448313128,-54
978rpmhw,0.4,(2500,4500,3),1421.368782410256,55
978lsmwv,0.4,(2500,4500,3),1421.400019052134,55
854samcp,0.1,(2500,4500,3),1451.083757871795,-65
977ufnak,0.3,(2500,4500,3),1653.719619899339,-52
292mfrna,0.5,(2500,4500,3),1817.557231974359,-54
398sdukr,0.2,(2500,4500,3),1822.741404666667,-54
