662wzpyh,0.2,(2500,5500,3),46.135200624953,-192
280qyclf,0.2,(2500,5500,3),158.570648881177,-303
267dngux,0.2,(2500,5500,3),188.972005374742,-302
828sqwcy,0.1,(2500,5500,3),284.254884527607,-478
662zyhfq,0.1,(2500,5500,3),326.96317692638,62
956lsuvf,0.1,(2500,5500,3),359.173195809816,264
691wjdvc,0.2,(2500,5500,3),513.28312491411,60
214bfjmx,0.2,(2500,5500,3),623.993004202454,-62
412pclnr,0.1,(2500,5500,3),636.793231859465,54
101urkwd,0.3,(2500,5500,3),772.220416717791,-60
102pfhnb,0.1,(2500,5500,3),887.298069429448,189
332dqwuy,0.3,(2500,5500,3),898.555795779141,637
313cdkwr,0.3,(2500,5500,3),903.81524033091,302
607nvpji,0.3,(2500,5500,3),1131.950018650307,-281
215yriqv,0.3,(2500,5500,3),1531.685757128834,-304
215xjhoe,0.2,(2500,5500,3),1663.671119417178,-192
