805dnawr,0.2,(2500,4500,3),138.571401046015,555
805fishm,0.1,(2500,4500,3),207.011031536454,-457
947junwm,0.1,(2500,4500,3),260.255827681145,54
40edlzc,0.3,(2500,4500,3),292.728106692308,52
60tpzqv,0.2,(2500,4500,3),432.009336923077,121
313unsep,0.3,(2500,4500,3),436.191876903705,-55
634xpcdq,0.2,(2500,4500,3),501.535807846154,-122
733zkcif,0.2,(2500,4500,3),531.951158076923,-149
280kxzsj,0.2,(2500,4500,3),551.292907282051,52
280prxkl,0.4,(2500,4500,3),563.943927170696,52
966ekcrv,0.1,(2500,4500,3),586.474292512821,-65
796vyath,0.3,(2500,4500,3),662.7570814529,54
649cuzox,0.2,(2500,4500,3),688.385158358974,55
2sbjvw,0.4,(2500,4500,3),711.75853307492,-52
280aerfd,0.2,(2500,4500,3),754.069033590337,-122
75aucix,0.2,(2500,4500,3),841.875365846154,54
75owfry,0.1,(2500,4500,3),895.770308775735,55
241kweou,0.1,(2500,4500,3),957.815248125513,122
966mdnku,0.7,(2500,4500,3),1001.930809512821,-52
23sfenl,0.4,(2500,4500,3),1093.473723487179,54
15znhrp,0.1,(2500,4500,3),1101.604919257254,53
126qvtji,0.1,(2500,4500,3),1144.725129,-122
23vslno,0.1,(2500,4500,3),1253.985713512821,159
487yeouz,0.2,(2500,4500,3),1262.670752179487,-121
633dtwig,0.2,(2500,4500,3),1377.028482670669,-52
978lsmwv,0.1,(2500,4500,3),1380.769431975211,54
215ubngl,0.1,(2500,4500,3),1388.498038358974,51
403neztc,0.3,(2500,4500,3),1406.641802979795,-54
132oxqiv,0.4,(2500,4500,3),1413.508525769231,-149
978rpmhw,0.2,(2500,4500,3),1422.636032205128,55
854samcp,0.1,(2500,4500,3),1451.083943871795,-65
398sdukr,0.1,(2500,4500,3),1819.246311333333,-54
