662wzpyh,0.1,(2500,5500,3),41.760773140291,-192
783myots,0.1,(2500,5500,3),144.42936391411,51
280qyclf,0.2,(2500,5500,3),158.570648881177,-303
267dngux,0.2,(2500,5500,3),188.972005374742,-302
828vogur,0.1,(2500,5500,3),240.771020092025,561
662zyhfq,0.1,(2500,5500,3),326.96301692638,62
691wjdvc,0.1,(2500,5500,3),443.423188957055,-57
214dqcvi,0.1,(2500,5500,3),474.04101304908,-64
956fgdhe,0.2,(2500,5500,3),547.643695791411,60
649cuzox,0.1,(2500,5500,3),633.056896141204,54
72gejip,0.1,(2500,5500,3),652.270670030675,63
101urkwd,0.2,(2500,5500,3),772.157997478528,-60
23tdcvw,0.1,(2500,5500,3),817.899098644172,-569
102pfhnb,0.2,(2500,5500,3),887.642886858896,189
332dqwuy,0.1,(2500,5500,3),896.11541692638,637
313cdkwr,0.3,(2500,5500,3),903.81524033091,302
214ltvmf,0.3,(2500,5500,3),918.077544687117,192
607nvpji,0.3,(2500,5500,3),1131.949676650307,-281
607hanmt,0.2,(2500,5500,3),1132.714044858896,-281
215yriqv,0.2,(2500,5500,3),1533.15660508589,-304
215xjhoe,0.3,(2500,5500,3),1664.093145625767,-192
