662wzpyh,0.2,(2500,5500,3),46.135200624953,-192
267dngux,0.3,(2500,5500,3),191.982640761245,-302
280qyclf,0.2,(2500,5500,3),261.570648881177,304
783myots,0.5,(2500,5500,3),266.530645570552,-304
956lsuvf,0.1,(2500,5500,3),359.173342809816,264
956hrlwc,0.1,(2500,5500,3),550.956787800478,60
214bfjmx,0.1,(2500,5500,3),562.309953601227,-63
796vyath,0.1,(2500,5500,3),661.803952,54
101urkwd,0.2,(2500,5500,3),773.158464478528,-60
102pfhnb,0.1,(2500,5500,3),888.298229429448,189
332dqwuy,0.3,(2500,5500,3),898.555968779141,637
313cdkwr,0.2,(2500,5500,3),903.006915226616,302
214ltvmf,0.4,(2500,5500,3),916.658186582822,192
607hanmt,0.4,(2500,5500,3),1132.404518717791,-281
607nvpji,0.1,(2500,5500,3),1132.977794883436,-281
978rpmhw,0.1,(2500,5500,3),1302.560107531254,53
163glyfo,0.1,(2500,5500,3),1476.204696674847,57
215yriqv,0.2,(2500,5500,3),1533.15711108589,-304
215xjhoe,0.3,(2500,5500,3),1664.093612625767,-192
67tuahp,0.1,(2500,5500,3),1717.616924294479,-59
