133zyujl,0.2,(2500,2500,3),68.000034699417,154
980typzk,0.4,(2500,2500,3),118.272622618628,399
2atziq,0.2,(2500,2500,3),185.726572302245,-458
424koxdt,0.2,(2500,2500,3),239.613424222682,-400
34uzwjt,0.2,(2500,2500,3),288.901827278647,153
749ohiqu,0.4,(2500,2500,3),383.765880913514,399
487koixa,0.1,(2500,2500,3),467.400740113514,-154
749iuvxs,0.7,(2500,2500,3),497.626787054054,-153
547tpmgz,0.5,(2500,2500,3),508.082455513514,-154
749tkpyf,0.1,(2500,2500,3),617.159158048649,154
60dcoys,0.2,(2500,2500,3),872.977324583051,458
634zdexk,0.3,(2500,2500,3),938.458855145946,458
126sxacu,0.1,(2500,2500,3),1691.210574297297,-151
