133zyujl,0.3,(2500,2500,3),72.194338699417,154
980typzk,0.2,(2500,2500,3),111.06295412133,399
2atziq,0.1,(2500,2500,3),182.14440996711,-458
424koxdt,0.2,(2500,2500,3),239.613424222682,-400
34uzwjt,0.2,(2500,2500,3),288.901827278647,153
749iuvxs,0.1,(2500,2500,3),386.820931864865,399
487koixa,0.2,(2500,2500,3),470.778522227027,-154
547tpmgz,0.5,(2500,2500,3),507.082295513514,-154
749tkpyf,0.4,(2500,2500,3),630.489724194595,154
60dcoys,0.2,(2500,2500,3),872.977324583051,458
868iwxme,0.4,(2500,2500,3),1388.284949562162,399
126sxacu,0.2,(2500,2500,3),1695.064280594595,-151
