530jkzca,0.3,(2500,3500,3),220.630947755237,65
814uiwsy,0.1,(2500,3500,3),224.707153590271,-438
2atziq,0.3,(2500,3500,3),258.1301548,460
2ejnmu,0.2,(2500,3500,3),339.429725348113,-66
60tpzqv,0.2,(2500,3500,3),432.9954704,121
966ekcrv,0.1,(2500,3500,3),587.796875217042,-65
966mdnku,0.1,(2500,3500,3),712.032975066667,67
92xcvgq,0.2,(2500,3500,3),757.459214184649,-66
235qmzwf,0.3,(2500,3500,3),757.511972,66
92uqpmh,0.3,(2500,3500,3),767.784414556431,-66
634zdexk,0.1,(2500,3500,3),880.978185916765,-460
519auoim,0.3,(2500,3500,3),942.45679911049,65
741zgtrx,0.3,(2500,3500,3),992.987043541724,-65
638mzcgj,0.3,(2500,3500,3),1046.6091608,65
977wjeuv,0.7,(2500,3500,3),1223.597064802121,-65
487yeouz,0.1,(2500,3500,3),1262.183534266667,-121
160tikyx,0.2,(2500,3500,3),1288.888086,661
126labzc,0.3,(2500,3500,3),1321.2212038,-67
854samcp,0.2,(2500,3500,3),1455.953805666667,-65
59bklzo,0.8,(2500,3500,3),1611.12333589363,-65
