634tvlpy,0.1,(2500,4500,3),118.465124936836,-569
805dnawr,0.2,(2500,4500,3),138.571401046015,555
783myots,0.2,(2500,4500,3),148.270594235821,51
805fishm,0.4,(2500,4500,3),291.820331228761,-54
40edlzc,0.3,(2500,4500,3),292.727773692308,52
947junwm,0.4,(2500,4500,3),311.823148296529,55
607hsjvu,0.1,(2500,4500,3),356.658396576603,-612
60tpzqv,0.1,(2500,4500,3),433.411548461538,121
313unsep,0.4,(2500,4500,3),436.633357108833,-55
634xpcdq,0.3,(2500,4500,3),502.487812769231,-122
607kjicb,0.1,(2500,4500,3),515.385449435897,-411
733zkcif,0.3,(2500,4500,3),532.693267615385,-149
280prxkl,0.2,(2500,4500,3),558.459068093773,52
649cuzox,0.2,(2500,4500,3),632.384825358974,54
412pclnr,0.2,(2500,4500,3),637.691059820513,54
796vyath,0.3,(2500,4500,3),661.7570814529,54
280kxzsj,0.3,(2500,4500,3),747.707167923077,-122
280aerfd,0.2,(2500,4500,3),754.069033590337,-122
75aucix,0.1,(2500,4500,3),838.971296923077,54
75owfry,0.1,(2500,4500,3),895.770308775735,55
241kweou,0.3,(2500,4500,3),965.289712946026,122
23sfenl,0.1,(2500,4500,3),1093.051784871795,54
15znhrp,0.2,(2500,4500,3),1102.611017308536,53
126qvtji,0.1,(2500,4500,3),1144.724969,-122
487yeouz,0.1,(2500,4500,3),1263.903737589744,-121
978rpmhw,0.1,(2500,4500,3),1372.769192102564,54
633dtwig,0.3,(2500,4500,3),1379.797798773233,-52
215ubngl,0.3,(2500,4500,3),1388.251430076923,51
403neztc,0.3,(2500,4500,3),1406.641802979795,-54
978lsmwv,0.2,(2500,4500,3),1421.646294334186,55
292mfrna,0.1,(2500,4500,3),1582.576188794872,-159
977ufnak,0.3,(2500,4500,3),1653.719619899339,-52
398sdukr,0.5,(2500,4500,3),1866.226991666667,-53
