214mzujh,0.1,(3500,6500,3),153.491476348844,454
216xyrds,0.1,(3500,6500,3),181.066509698489,-289
91hjkat,0.1,(3500,6500,3),197.722000596162,-601
91gpfvt,0.1,(3500,6500,3),277.408456365462,-528
478xuser,0.1,(3500,6500,3),301.726569866667,-605
74iqzst,0.1,(3500,6500,3),308.486754611772,-454
639dvfkz,0.3,(3500,6500,3),633.139760333333,600
691xeqdy,0.1,(3500,6500,3),811.1031778,64
163jicvz,0.6,(3500,6500,3),858.534441266667,-369
213rfasp,0.2,(3500,6500,3),1136.714905466667,-330
213ivalt,0.2,(3500,6500,3),1138.390330844444,-330
211vcadk,0.3,(3500,6500,3),1243.878286733333,-331
213rdyhk,0.2,(3500,6500,3),1251.951280688889,-328
213fjmtg,0.6,(3500,6500,3),1317.101782533333,-327
213clstq,0.2,(3500,6500,3),1422.141169355556,289
517rdnsc,0.1,(3500,6500,3),1500.983930144519,253
903hydln,0.5,(3500,6500,3),1676.107864777778,329
592swkcm,0.2,(3500,6500,3),1898.149616088889,329
