573fpcbl,0.2,(3500,4500,3),97.97152201556,-86
735dxbzj,0.2,(3500,4500,3),224.707320054205,412
148lpnoe,0.3,(3500,4500,3),233.236135940541,86
369woxpz,0.2,(3500,4500,3),242.639134248649,-88
106haldp,0.7,(3500,4500,3),271.800296983784,-87
265eqgbt,0.2,(3500,4500,3),370.005803010811,165
67yfevb,0.3,(3500,4500,3),421.249451297297,-19
976yagwp,0.1,(3500,4500,3),653.369506037838,-88
185gexvm,0.2,(3500,4500,3),693.972701924324,86
12ycvtq,0.2,(3500,4500,3),741.443824171725,87
71oqhuj,0.1,(3500,4500,3),828.496475210811,-22
649jtxmy,0.2,(3500,4500,3),912.449167491892,-87
649aofsq,0.3,(3500,4500,3),921.239796162162,-87
83wsqif,0.1,(3500,4500,3),1007.576775324324,-19
828culem,0.3,(3500,4500,3),1116.575914783784,-87
828fqmih,0.2,(3500,4500,3),1124.064060317059,-87
2ykbmn,0.1,(3500,4500,3),1191.996399318777,-87
75owfry,0.3,(3500,4500,3),1206.214950037838,-413
34cuxbv,0.2,(3500,4500,3),1238.910849416216,436
315jpsgr,0.3,(3500,4500,3),1311.304900434243,-150
765yertp,0.7,(3500,4500,3),1398.345811318919,87
292fheqb,0.1,(3500,4500,3),1411.825334681127,87
186lywra,0.4,(3500,4500,3),1848.945579057978,87
