573fpcbl,0.2,(3500,4500,3),97.97152201556,-86
106haldp,0.2,(3500,4500,3),168.877146281081,159
735dxbzj,0.3,(3500,4500,3),228.810936400151,412
384xoiqz,0.1,(3500,4500,3),232.843860064865,-611
265eqgbt,0.3,(3500,4500,3),372.363522016216,165
901isxkl,0.2,(3500,4500,3),456.793156189189,-180
607kjicb,0.4,(3500,4500,3),603.171641378378,413
607hanmt,0.1,(3500,4500,3),608.971559756757,413
976ajxio,0.3,(3500,4500,3),646.721676859459,-88
976yagwp,0.1,(3500,4500,3),653.369320037838,-88
185gexvm,0.2,(3500,4500,3),693.972554924324,86
12ycvtq,0.3,(3500,4500,3),744.391172928481,87
649jtxmy,0.4,(3500,4500,3),911.300809983784,-87
649aofsq,0.3,(3500,4500,3),921.239623162162,-87
315jpsgr,0.2,(3500,4500,3),1042.470911245053,412
318glcqm,0.2,(3500,4500,3),1052.203035810068,-87
828culem,0.1,(3500,4500,3),1118.547474594595,-87
828fqmih,0.1,(3500,4500,3),1120.708617117059,-87
2ykbmn,0.2,(3500,4500,3),1195.487873999858,-87
75owfry,0.4,(3500,4500,3),1207.318406383784,-413
23vslno,0.2,(3500,4500,3),1251.460127378378,159
828ikwvl,0.1,(3500,4500,3),1292.940454054054,-23
292fheqb,0.3,(3500,4500,3),1417.946751329776,87
186vkiwt,0.5,(3500,4500,3),1846.194219675676,87
632nisey,0.1,(3500,4500,3),1855.594025075676,23
243wduix,0.2,(3500,4500,3),1953.662512980353,23
243ruaeb,0.1,(3500,4500,3),1955.542994718919,23
