682ynjpc,0.1,(3500,5500,3),68.091038672,-284
556qtcoz,0.2,(3500,5500,3),117.030700952,-550
214mzujh,0.1,(3500,5500,3),154.937214912,454
296xjtro,0.3,(3500,5500,3),179.291640585784,-181
315fsocn,0.2,(3500,5500,3),231.956221314346,182
608fylam,0.4,(3500,5500,3),266.904650184,-246
976ajxio,0.1,(3500,5500,3),517.655617285752,182
132oxqiv,0.1,(3500,5500,3),941.98993784,-543
478jmiaq,0.2,(3500,5500,3),1508.292268064,247
368nxqdp,0.1,(3500,5500,3),1596.713922144,-247
517rdnsc,0.3,(3500,5500,3),1608.20162492,284
371ziqof,0.2,(3500,5500,3),1677.825868355899,-247
651nxptv,0.3,(3500,5500,3),1862.119051986804,-452
517bsdkt,0.1,(3500,5500,3),1907.467578023402,-453
