556qtcoz,0.1,(3500,6500,3),111.704160288889,-550
214mzujh,0.2,(3500,6500,3),156.777014482178,454
216xyrds,0.2,(3500,6500,3),183.676298854044,-289
91hjkat,0.3,(3500,6500,3),202.661958640607,-601
314lvufw,0.4,(3500,6500,3),266.716698338242,329
91gpfvt,0.2,(3500,6500,3),280.460977609907,-528
74iqzst,0.3,(3500,6500,3),436.549138967327,-289
163jicvz,0.1,(3500,6500,3),531.925249711111,-285
639dvfkz,0.3,(3500,6500,3),633.139427333333,600
213ivalt,0.3,(3500,6500,3),1136.327996266667,-330
213rfasp,0.3,(3500,6500,3),1136.6627002,-330
211vcadk,0.2,(3500,6500,3),1241.174970822222,-331
213rdyhk,0.2,(3500,6500,3),1251.950934688889,-328
213fjmtg,0.1,(3500,6500,3),1318.906749755556,-327
213clstq,0.2,(3500,6500,3),1422.140823355556,289
478swhgz,0.2,(3500,6500,3),1617.114454165788,289
592swkcm,0.3,(3500,6500,3),1899.040678133333,329
