225mkzcg,0.2,(3500,3500,3),112.288846780056,298
738iubfm,0.3,(3500,3500,3),147.1445326,436
735dxbzj,0.1,(3500,3500,3),222.826586533333,412
160brihc,0.1,(3500,3500,3),271.872192266667,-646
607hsjvu,0.1,(3500,3500,3),358.003910133333,-612
607kjicb,0.1,(3500,3500,3),516.532146305503,-411
148arthf,0.1,(3500,3500,3),633.1904126,164
814dpqve,0.2,(3500,3500,3),656.674448918269,242
735vuyms,0.1,(3500,3500,3),665.783827720173,243
854bkjli,0.1,(3500,3500,3),692.936283333333,-244
34bnrcf,0.1,(3500,3500,3),932.551346133333,-477
34pzwgd,0.2,(3500,3500,3),1096.502106485584,300
185rgwel,0.7,(3500,3500,3),1202.906166181001,-300
34cuxbv,0.1,(3500,3500,3),1237.674017407044,436
90wjgxh,0.4,(3500,3500,3),1278.131596534062,436
747kxmnb,0.5,(3500,3500,3),1732.382210771106,437
544unsqe,0.4,(3500,3500,3),1906.548558511906,242
