127hywld,0.1,(3500,500,3),137.488176682392,173
558suxja,0.4,(3500,500,3),336.799784444444,178
706ghnqj,0.1,(3500,500,3),357.726528893466,185
601idwoy,0.4,(3500,500,3),458.074770407407,173
122vnukw,0.5,(3500,500,3),583.976688555556,-228
122aybox,0.1,(3500,500,3),591.368913042207,-228
601kervg,0.2,(3500,500,3),628.994645624297,227
122fycvo,0.3,(3500,500,3),659.766333111111,227
714phelo,0.2,(3500,500,3),774.011471148148,177
208cwnkd,0.1,(3500,500,3),806.833717148148,195
188fzrmv,0.5,(3500,500,3),1002.449824111111,-174
885yxtgk,0.2,(3500,500,3),1033.295248333333,-184
968lfskt,0.6,(3500,500,3),1158.818685888889,-178
558odyki,0.2,(3500,500,3),1203.828195814815,-228
207ujtly,0.3,(3500,500,3),1867.408133517577,178
617hcual,0.1,(3500,500,3),1885.975800536984,178
254zcirh,0.2,(3500,500,3),1971.782284851852,177
