127hywld,0.1,(3500,500,3),137.488176682392,173
558suxja,0.1,(3500,500,3),201.478886111111,177
601idwoy,0.2,(3500,500,3),257.666829703704,168
706ghnqj,0.1,(3500,500,3),357.726528893466,185
601kervg,0.2,(3500,500,3),628.994645624297,227
122aybox,0.4,(3500,500,3),646.855042819984,227
122fycvo,0.2,(3500,500,3),655.300349074074,227
714phelo,0.2,(3500,500,3),774.011618148148,177
208cwnkd,0.1,(3500,500,3),806.833903148148,195
546ojmzu,0.3,(3500,500,3),863.555875777778,178
358qsuyz,0.5,(3500,500,3),955.864701296296,177
188fzrmv,0.4,(3500,500,3),1002.673163888889,-174
885yxtgk,0.2,(3500,500,3),1033.295421333333,-184
172dqtak,0.1,(3500,500,3),1052.303634740741,194
524fuxtd,0.4,(3500,500,3),1118.906709703704,178
558odyki,0.4,(3500,500,3),1203.19773062963,-228
207ujtly,0.3,(3500,500,3),1867.408133517577,178
617hcual,0.2,(3500,500,3),1892.034239648095,178
254zcirh,0.1,(3500,500,3),1972.034681925926,177
