265gsxhb,0.1,(3500,3500,3),78.865625733333,646
225mkzcg,0.1,(3500,3500,3),108.164447846722,298
738iubfm,0.2,(3500,3500,3),140.469065733333,436
814dpqve,0.3,(3500,3500,3),662.686284651602,242
735vuyms,0.1,(3500,3500,3),668.783827720173,243
34bnrcf,0.4,(3500,3500,3),1016.418328533333,-298
34pzwgd,0.2,(3500,3500,3),1096.502106485584,300
185rgwel,0.2,(3500,3500,3),1201.274123514335,-300
34cuxbv,0.2,(3500,3500,3),1241.83336887371,436
154nlbok,0.5,(3500,3500,3),1272.321651333333,437
90wjgxh,0.4,(3500,3500,3),1278.131596534062,436
268duimv,0.1,(3500,3500,3),1307.786688442415,-242
544unsqe,0.2,(3500,3500,3),1600.810425178572,-437
747kxmnb,0.1,(3500,3500,3),1630.84195690444,-242
