127hywld,0.1,(3500,500,3),137.488176682392,173
558suxja,0.1,(3500,500,3),201.479046111111,177
706ghnqj,0.1,(3500,500,3),357.726528893466,185
122aybox,0.1,(3500,500,3),591.368913042207,-228
601kervg,0.2,(3500,500,3),628.994645624297,227
122fycvo,0.2,(3500,500,3),655.300522074074,227
714phelo,0.1,(3500,500,3),769.273755074074,177
546ojmzu,0.3,(3500,500,3),863.556061777778,178
524fuxtd,0.1,(3500,500,3),937.567366925926,-685
885yxtgk,0.1,(3500,500,3),1026.305074666667,-184
172dqtak,0.1,(3500,500,3),1052.303807740741,194
558odyki,0.3,(3500,500,3),1202.013229222222,-228
707qdrje,0.9,(3500,500,3),1588.618069666667,-178
617hcual,0.1,(3500,500,3),1885.975800536984,178
254zcirh,0.2,(3500,500,3),1971.782578851852,177
