573fpcbl,0.5,(3500,4500,3),110.146339572317,-86
738iubfm,0.1,(3500,4500,3),131.446972401885,436
735dxbzj,0.2,(3500,4500,3),224.707320054205,412
384xoiqz,0.1,(3500,4500,3),227.843674064865,-611
148lpnoe,0.4,(3500,4500,3),232.775230254054,86
369vzkxh,0.1,(3500,4500,3),248.220455767568,-88
265eqgbt,0.2,(3500,4500,3),370.005483010811,165
901isxkl,0.4,(3500,4500,3),456.821289378378,-180
607kjicb,0.1,(3500,4500,3),514.629054594595,-411
607hanmt,0.1,(3500,4500,3),608.971412756757,413
976yagwp,0.2,(3500,4500,3),657.291388075676,-88
185gexvm,0.2,(3500,4500,3),693.972407924324,86
12ycvtq,0.3,(3500,4500,3),744.391172928481,87
71oqhuj,0.1,(3500,4500,3),828.496289210811,-22
649jtxmy,0.3,(3500,4500,3),911.874755237838,-87
649aofsq,0.1,(3500,4500,3),916.024936054054,-87
828culem,0.3,(3500,4500,3),1116.575607783784,-87
765yertp,0.1,(3500,4500,3),1123.520517902703,-19
828fqmih,0.2,(3500,4500,3),1124.064060317059,-87
315jpsgr,0.2,(3500,4500,3),1132.470911245053,-188
23vslno,0.2,(3500,4500,3),1251.459967378378,159
292fheqb,0.3,(3500,4500,3),1417.946751329776,87
186vkiwt,0.2,(3500,4500,3),1667.93099027027,23
186lywra,0.3,(3500,4500,3),1847.705931230951,87
