127hywld,0.1,(3500,500,3),137.488176682392,173
306whyip,0.1,(3500,500,3),275.653016579502,-176
558suxja,0.4,(3500,500,3),336.799624444444,178
706ghnqj,0.1,(3500,500,3),357.726528893466,185
122vnukw,0.5,(3500,500,3),583.976502555556,-228
601idwoy,0.1,(3500,500,3),626.462452851852,227
601kervg,0.2,(3500,500,3),628.994645624297,227
122aybox,0.4,(3500,500,3),646.855042819984,227
122fycvo,0.3,(3500,500,3),659.766160111111,227
714phelo,0.2,(3500,500,3),774.011324148148,177
546ojmzu,0.4,(3500,500,3),861.352028703704,178
524fuxtd,0.3,(3500,500,3),956.126723777778,177
524zrjlv,0.2,(3500,500,3),957.355722481481,177
188fzrmv,0.1,(3500,500,3),1003.342292222222,-174
558odyki,0.1,(3500,500,3),1011.643348407407,186
885yxtgk,0.2,(3500,500,3),1033.295101333333,-184
968lfskt,0.2,(3500,500,3),1137.691661296296,-178
558sntkm,0.1,(3500,500,3),1388.848509915058,-176
207ujtly,0.4,(3500,500,3),1868.796618258318,178
617hcual,0.2,(3500,500,3),1892.034239648095,178
