117vcism,0.2,(4500,4500,3),185.641336993072,-166
501jfxnw,0.3,(4500,4500,3),291.628080272727,-20
67ynlqu,0.2,(4500,4500,3),313.210586978444,-20
652eswqg,0.3,(4500,4500,3),332.036880218182,24
29ivwrc,0.4,(4500,4500,3),348.469333990515,24
573bjzew,0.2,(4500,4500,3),453.612825769611,20
369woxpz,0.2,(4500,4500,3),506.186519509091,19
67yfevb,0.3,(4500,4500,3),533.596556585596,23
458nleob,0.2,(4500,4500,3),543.722692706529,-20
316phyju,0.1,(4500,4500,3),558.760645054545,20
83doxua,0.3,(4500,4500,3),652.919523327273,406
369ysetn,0.4,(4500,4500,3),701.98953145974,25
429ktfcn,0.3,(4500,4500,3),773.207333,-20
429usjqo,0.6,(4500,4500,3),773.541649327273,-20
592kcuyh,0.1,(4500,4500,3),848.234315927273,-114
452anifk,0.2,(4500,4500,3),921.929312890909,-167
431fyvwe,0.3,(4500,4500,3),961.181493290909,-20
83wsqif,0.3,(4500,4500,3),1019.958635473138,-19
765xaikb,0.6,(4500,4500,3),1023.209403890909,-20
665gwxjs,0.5,(4500,4500,3),1072.192235454545,20
250bptiz,0.2,(4500,4500,3),1076.82410262096,-19
52gqbis,0.1,(4500,4500,3),1113.049652472727,-23
371soamp,0.2,(4500,4500,3),1116.564940046785,-19
534rdgmy,0.3,(4500,4500,3),1133.467811309091,19
665vgqla,0.1,(4500,4500,3),1183.257620333297,25
267xlsyu,0.2,(4500,4500,3),1226.299193781818,20
195fenuy,0.5,(4500,4500,3),1293.804452636364,-24
438vhcou,0.4,(4500,4500,3),1316.984948690909,-20
4fxzlc,0.2,(4500,4500,3),1392.640432581818,20
52xufbr,0.1,(4500,4500,3),1400.731673683897,20
186fnesy,0.2,(4500,4500,3),1444.107168155485,429
318tfqiy,0.3,(4500,4500,3),1523.226058563636,20
318jncer,0.3,(4500,4500,3),1523.555852236364,20
318glcqm,0.2,(4500,4500,3),1523.778927763636,20
195vscdj,0.1,(4500,4500,3),1523.806319472727,-112
195qxgav,0.2,(4500,4500,3),1533.581427581818,-112
9uajxs,0.2,(4500,4500,3),1578.708327530832,20
828ikwvl,0.3,(4500,4500,3),1583.718642545455,20
312wdzgf,0.4,(4500,4500,3),1708.557280272727,-19
84jqyus,0.2,(4500,4500,3),1723.157368830507,25
243wduix,0.1,(4500,4500,3),1858.891069890909,-19
517bsdkt,0.1,(4500,4500,3),1908.469033945455,-453
