682ynjpc,0.1,(4500,5500,3),65.95747022478,-284
29vknjo,0.1,(4500,5500,3),100.900290680357,-21
299ynasb,0.5,(4500,5500,3),251.670736690448,111
324twhyb,0.2,(4500,5500,3),337.439191085671,111
216dyizf,0.2,(4500,5500,3),413.270681036352,286
975mbcux,0.3,(4500,5500,3),663.372718143048,109
592kcuyh,0.1,(4500,5500,3),846.564413505074,-114
757ueayh,0.2,(4500,5500,3),848.1342154,-19
592lvgzj,0.1,(4500,5500,3),963.610218308108,-112
765wpret,0.2,(4500,5500,3),1021.070526535135,-20
662ecuyh,0.3,(4500,5500,3),1033.879340713514,286
779zaqup,0.1,(4500,5500,3),1071.724111113514,19
779ciatg,0.1,(4500,5500,3),1078.99304347027,19
71oqhuj,0.4,(4500,5500,3),1101.469820843243,453
52gqbis,0.1,(4500,5500,3),1137.417172605405,-23
608fyxgs,0.3,(4500,5500,3),1261.343106756,-109
608tfhsw,0.3,(4500,5500,3),1269.804369443871,-109
368cwybd,0.2,(4500,5500,3),1417.819299049399,-286
195vscdj,0.1,(4500,5500,3),1479.90470808933,-113
371uigpk,0.3,(4500,5500,3),1481.487467301275,-286
651hnvwl,0.2,(4500,5500,3),1626.776513533455,453
195rnfsg,0.3,(4500,5500,3),1628.050980914476,-110
147mnqzg,0.2,(4500,5500,3),1648.897883318919,453
651nxptv,0.1,(4500,5500,3),1676.072818967568,526
517bsdkt,0.1,(4500,5500,3),1908.389895481081,-453
