120gjlfd,0.4,(4500,500,3),112.19559275231,214
7btkjo,0.4,(4500,500,3),220.408703285119,684
417znuyq,0.1,(4500,500,3),358.950602585601,6
949mkeva,0.3,(4500,500,3),362.475688356436,685
306whyip,0.6,(4500,500,3),407.877870554455,684
306nptou,0.3,(4500,500,3),411.870501400885,684
949zbefh,0.2,(4500,500,3),427.951418653465,6
675jwvql,0.2,(4500,500,3),507.51415860396,176
196uktqi,0.2,(4500,500,3),573.635337653465,-175
971knyvz,0.2,(4500,500,3),671.660630742574,5
546rqzci,0.3,(4500,500,3),678.425538188119,-684
714szxqm,0.2,(4500,500,3),745.222218571625,-685
714phelo,0.1,(4500,500,3),779.601591596545,177
358nizcb,0.2,(4500,500,3),796.479795106582,425
601jlpyn,0.3,(4500,500,3),798.627000531368,580
603homwn,0.3,(4500,500,3),822.774544594896,685
898hyubf,0.3,(4500,500,3),912.602583781652,684
524zrjlv,0.2,(4500,500,3),932.032322633663,-685
401pdafl,0.1,(4500,500,3),956.840987920792,-7
925hvnmu,0.3,(4500,500,3),983.760321009901,212
144gudkp,0.3,(4500,500,3),1244.064442574257,684
334dlsiq,0.3,(4500,500,3),1433.665517564356,-684
968kfael,0.3,(4500,500,3),1436.096215931975,684
143dmplj,0.5,(4500,500,3),1446.935734881188,-684
447hitqv,0.1,(4500,500,3),1596.773393494112,684
447arbyn,0.3,(4500,500,3),1597.180104012299,684
240uqjbc,0.4,(4500,500,3),1663.506534772277,-684
124bgiej,0.2,(4500,500,3),1697.154853435644,5
124hxajl,0.4,(4500,500,3),1698.947727613861,5
207cysat,0.2,(4500,500,3),1722.441145168317,-685
8clbnf,0.3,(4500,500,3),1726.657372811881,426
117oyzql,0.3,(4500,500,3),1731.157595653465,212
117yfkob,0.1,(4500,500,3),1731.744552,212
488rufja,0.2,(4500,500,3),1743.984688823635,-580
18vkfrl,0.4,(4500,500,3),1917.285532875159,-685
148metag,0.3,(4500,500,3),1962.097076377155,-558
148zdtbj,0.3,(4500,500,3),1963.849142475248,-558
288qycag,0.2,(4500,500,3),1987.054405486632,-684
