29vknjo,0.4,(4500,4500,3),172.676104272727,19
117vcism,0.1,(4500,4500,3),180.455652047618,-166
501jfxnw,0.3,(4500,4500,3),291.627907272727,-20
67ynlqu,0.2,(4500,4500,3),313.210586978444,-20
29ivwrc,0.2,(4500,4500,3),346.191462281424,24
652eswqg,0.2,(4500,4500,3),408.668978145455,-406
369woxpz,0.4,(4500,4500,3),508.532411018182,19
458nleob,0.3,(4500,4500,3),541.776749433802,-20
573opclq,0.1,(4500,4500,3),541.793137418182,25
573bjzew,0.4,(4500,4500,3),542.746796387793,25
316phyju,0.1,(4500,4500,3),557.760498054545,20
369vzkxh,0.5,(4500,4500,3),606.431409818182,20
369ysetn,0.1,(4500,4500,3),606.971262368831,20
83doxua,0.2,(4500,4500,3),651.535321218182,406
403fzkje,0.4,(4500,4500,3),676.852282709091,-20
371lyfpa,0.2,(4500,4500,3),772.094233327273,-210
429ktfcn,0.3,(4500,4500,3),773.207173,-20
71oqhuj,0.1,(4500,4500,3),828.026057218182,-22
592kcuyh,0.3,(4500,4500,3),913.470256781818,-113
452anifk,0.1,(4500,4500,3),921.646289945455,-167
250zuemt,0.4,(4500,4500,3),941.5404128,429
431fyvwe,0.2,(4500,4500,3),962.186298527273,-20
368guzpa,0.5,(4500,4500,3),967.778075784346,-20
368vqxbd,0.7,(4500,4500,3),968.1606952,-20
83wsqif,0.3,(4500,4500,3),1019.958635473138,-19
765xaikb,0.3,(4500,4500,3),1022.263771945455,-20
665lfdmo,0.3,(4500,4500,3),1071.334268872727,20
195fenuy,0.2,(4500,4500,3),1076.675261254545,406
665vgqla,0.1,(4500,4500,3),1080.257620333297,20
247qabre,0.5,(4500,4500,3),1166.982938909091,19
779ciatg,0.1,(4500,4500,3),1171.589725052632,20
267xlsyu,0.2,(4500,4500,3),1226.299007781818,20
4fxzlc,0.2,(4500,4500,3),1392.640285581818,20
52xufbr,0.1,(4500,4500,3),1400.731673683897,20
186fnesy,0.2,(4500,4500,3),1444.107168155485,429
243zelvp,0.1,(4500,4500,3),1516.185828163636,-210
318tfqiy,0.1,(4500,4500,3),1521.142317854545,20
318jncer,0.2,(4500,4500,3),1523.531133490909,20
9uajxs,0.2,(4500,4500,3),1578.708327530832,20
828fqmih,0.4,(4500,4500,3),1581.926244527273,20
828ikwvl,0.1,(4500,4500,3),1583.795235181818,20
304yvsrl,0.5,(4500,4500,3),1597.639550272727,-20
23vslno,0.3,(4500,4500,3),1676.424500636364,19
312wdzgf,0.3,(4500,4500,3),1708.456314454545,-19
84jqyus,0.3,(4500,4500,3),1727.237282721416,25
191sdnhq,0.5,(4500,4500,3),1847.377918818182,-20
243wduix,0.2,(4500,4500,3),1862.970836781818,-19
