682ynjpc,0.2,(4500,5500,3),70.401165273428,-284
299ynasb,0.1,(4500,5500,3),152.972029317475,269
324twhyb,0.4,(4500,5500,3),342.971137982969,111
216dyizf,0.3,(4500,5500,3),473.104670225542,287
975mbcux,0.4,(4500,5500,3),663.138691591697,109
757ueayh,0.2,(4500,5500,3),848.1340294,-19
371soamp,0.2,(4500,5500,3),885.629307789189,-25
71oqhuj,0.1,(4500,5500,3),903.496974210811,-22
250bptiz,0.5,(4500,5500,3),942.944118324324,429
247qabre,0.1,(4500,5500,3),976.512737460677,-453
662ecuyh,0.3,(4500,5500,3),1033.879167713514,286
665lfdmo,0.1,(4500,5500,3),1073.582754037838,20
779ciatg,0.1,(4500,5500,3),1078.99285747027,19
765wpret,0.2,(4500,5500,3),1121.070379535135,-19
438vhcou,0.1,(4500,5500,3),1152.832870508108,-25
779zaqup,0.2,(4500,5500,3),1171.201385227027,20
608fyxgs,0.2,(4500,5500,3),1262.511553372217,-109
608tfhsw,0.3,(4500,5500,3),1269.804369443871,-109
4fxzlc,0.1,(4500,5500,3),1392.31664545992,20
368cwybd,0.3,(4500,5500,3),1419.104290703453,-286
371uigpk,0.2,(4500,5500,3),1482.12958829587,-286
195vscdj,0.2,(4500,5500,3),1482.693353451492,-113
195qxgav,0.2,(4500,5500,3),1529.933212058025,-112
195rnfsg,0.3,(4500,5500,3),1628.050980914476,-110
651hnvwl,0.3,(4500,5500,3),1629.610502722645,453
147mnqzg,0.1,(4500,5500,3),1646.449169659459,453
651nxptv,0.1,(4500,5500,3),1676.072645967568,526
517bsdkt,0.2,(4500,5500,3),1906.720083962162,-453
