501jfxnw,0.2,(4500,4500,3),292.289555181818,-20
67ynlqu,0.3,(4500,4500,3),311.645944069353,-20
652eswqg,0.2,(4500,4500,3),325.668831145455,24
67yfevb,0.1,(4500,4500,3),422.869743494687,-19
913cvgex,0.1,(4500,4500,3),446.969890593418,25
573opclq,0.4,(4500,4500,3),451.837103672727,20
573bjzew,0.3,(4500,4500,3),453.179811078702,20
458nleob,0.2,(4500,4500,3),543.722692706529,-20
369ysetn,0.2,(4500,4500,3),607.644018732468,20
429usjqo,0.3,(4500,4500,3),617.641264163636,-25
316phyju,0.1,(4500,4500,3),651.760312054545,25
83doxua,0.5,(4500,4500,3),652.687234545455,406
403fzkje,0.2,(4500,4500,3),678.204383854545,-20
429ktfcn,0.4,(4500,4500,3),771.401291,-20
592kcuyh,0.1,(4500,4500,3),848.233982927273,-114
452anifk,0.2,(4500,4500,3),921.928966890909,-167
431fyvwe,0.3,(4500,4500,3),961.181160290909,-20
371soamp,0.4,(4500,4500,3),1017.206874010422,-20
83wsqif,0.3,(4500,4500,3),1019.958635473138,-19
247qabre,0.1,(4500,4500,3),1052.120657781818,-21
665lfdmo,0.3,(4500,4500,3),1071.334082872727,20
665gwxjs,0.3,(4500,4500,3),1073.036034872727,20
250bptiz,0.2,(4500,4500,3),1077.82410262096,-19
52gqbis,0.1,(4500,4500,3),1113.049505472727,-23
765yertp,0.1,(4500,4500,3),1121.931737927273,-19
534rdgmy,0.3,(4500,4500,3),1133.467625309091,19
765wpret,0.1,(4500,4500,3),1221.762047563636,23
267xlsyu,0.2,(4500,4500,3),1226.298834781818,20
779zaqup,0.2,(4500,4500,3),1266.608830836364,25
438vhcou,0.4,(4500,4500,3),1316.984762690909,-20
666ceyjv,0.1,(4500,4500,3),1343.497979054545,14
4fxzlc,0.2,(4500,4500,3),1392.640138581818,20
52xufbr,0.2,(4500,4500,3),1406.527439211169,20
318glcqm,0.3,(4500,4500,3),1523.421987145455,20
186fnesy,0.3,(4500,4500,3),1567.941063719121,-19
9uajxs,0.2,(4500,4500,3),1578.708327530832,20
828ikwvl,0.2,(4500,4500,3),1582.256672363636,20
243zelvp,0.3,(4500,4500,3),1618.471575490909,-25
312wdzgf,0.2,(4500,4500,3),1706.355361636364,-19
84jqyus,0.2,(4500,4500,3),1723.157368830507,25
191sdnhq,0.5,(4500,4500,3),1847.377732818182,-20
243wduix,0.2,(4500,4500,3),1862.970650781818,-19
