714ofmcn,0.6,(5500,500,3),239.116355121951,-10
714jelfq,0.3,(5500,500,3),357.745667837063,-8
328jksdi,0.3,(5500,500,3),393.624464804878,7
949zbefh,0.1,(5500,500,3),415.74754622751,6
189fotck,0.2,(5500,500,3),485.094379646564,7
6dzgvp,0.2,(5500,500,3),508.628708227642,7
328puexy,0.2,(5500,500,3),543.611069235772,9
6oqlkx,0.2,(5500,500,3),583.568738634146,8
293vwgis,0.3,(5500,500,3),596.231454536585,7
55ljusf,0.3,(5500,500,3),612.238683459051,7
417znuyq,0.3,(5500,500,3),616.376083341463,7
16puzgw,0.2,(5500,500,3),619.792840885125,7
189wdnms,0.2,(5500,500,3),637.606246874912,9
125pcewq,0.3,(5500,500,3),656.733532272446,7
16jlkwq,0.1,(5500,500,3),700.53976723746,8
949btqxg,0.1,(5500,500,3),711.493182898231,8
221lumgk,0.4,(5500,500,3),792.646078471545,9
123lzath,0.2,(5500,500,3),797.543671867551,10
417ecdzt,0.3,(5500,500,3),799.717271819797,9
949anrws,0.2,(5500,500,3),872.346170987072,10
125augro,0.4,(5500,500,3),878.500821609756,10
125dygwh,0.1,(5500,500,3),882.697343813008,10
401ipakn,0.3,(5500,500,3),901.473265495142,-8
127bqlpe,0.2,(5500,500,3),935.675104165033,10
934fwysx,0.5,(5500,500,3),957.791943650407,-10
196vwzln,0.4,(5500,500,3),996.372271993074,9
334qemdr,0.2,(5500,500,3),1062.614420026087,-8
196qsruw,0.2,(5500,500,3),1067.217130156712,10
934jqmwd,0.4,(5500,500,3),1071.570827325203,-8
10fwtqb,0.1,(5500,500,3),1182.632708276219,-10
590xaiqr,0.3,(5500,500,3),1285.980342317073,8
207rjwdg,0.1,(5500,500,3),1304.798270756098,-9
10igcdx,0.6,(5500,500,3),1306.173776912329,-8
10cvpdo,0.2,(5500,500,3),1307.553362260163,-8
637uwjtq,0.3,(5500,500,3),1571.346773365854,-7
637dnrbs,0.3,(5500,500,3),1571.894827243902,-7
288kdosy,0.3,(5500,500,3),1632.778479573677,-8
968nhsyo,0.3,(5500,500,3),1788.829715358895,8
759leqmr,0.2,(5500,500,3),1855.769853413522,9
