184cibgp,0.2,(5500,3500,3),108.467613655467,295
726sikwa,0.1,(5500,3500,3),120.830981254213,93
854zciwh,0.1,(5500,3500,3),181.177660598895,-89
886ortpu,0.3,(5500,3500,3),194.661620649066,427
81nfejy,0.1,(5500,3500,3),320.960770792593,-359
250zuemt,0.1,(5500,3500,3),413.097258866667,208
59wsufx,0.5,(5500,3500,3),512.781568097744,-89
56cedbr,0.3,(5500,3500,3),513.878611222222,-125
632dscov,0.1,(5500,3500,3),628.407268614815,-359
192liqsz,0.4,(5500,3500,3),637.143813985185,126
21gfwqd,0.1,(5500,3500,3),712.045556438536,90
107waxei,0.1,(5500,3500,3),791.198995088889,73
192uzenv,0.7,(5500,3500,3),823.72854757037,-90
434fpyxv,0.2,(5500,3500,3),890.992742066667,130
747usrjf,0.3,(5500,3500,3),1053.043277576094,90
434xzlbd,0.1,(5500,3500,3),1066.170571833816,90
640xerhc,0.3,(5500,3500,3),1128.583695222222,296
640oqpny,0.3,(5500,3500,3),1275.098734073788,675
519ephza,0.1,(5500,3500,3),1867.566956711111,325
