184cibgp,0.2,(5500,3500,3),108.467613655467,295
726sikwa,0.1,(5500,3500,3),120.830981254213,93
854zciwh,0.2,(5500,3500,3),184.502034880377,-89
886ortpu,0.2,(5500,3500,3),193.467316649066,427
81nfejy,0.2,(5500,3500,3),324.471744585185,-359
59wsufx,0.4,(5500,3500,3),513.158093845892,-89
56cedbr,0.3,(5500,3500,3),513.878758222222,-125
177nyvtm,0.1,(5500,3500,3),572.995500382147,-325
192uzenv,0.1,(5500,3500,3),642.749284081481,126
107waxei,0.1,(5500,3500,3),793.199155088889,73
29xnyfd,0.1,(5500,3500,3),841.629369108267,325
663jpdhu,0.1,(5500,3500,3),847.967811207407,-375
747usrjf,0.1,(5500,3500,3),966.485639887205,-89
434fpyxv,0.8,(5500,3500,3),976.514156266667,-89
434xzlbd,0.2,(5500,3500,3),1069.588152870853,90
195fenuy,0.1,(5500,3500,3),1076.303827511111,406
640xerhc,0.3,(5500,3500,3),1128.583855222222,296
713eurfa,0.1,(5500,3500,3),1162.117132303704,245
640oqpny,0.2,(5500,3500,3),1271.370463851565,675
519ephza,0.1,(5500,3500,3),1867.567142711111,325
