429vpmfa,0.2,(5500,4500,3),348.752888687978,-13
368zbogw,0.3,(5500,4500,3),472.736056925822,-13
192liqsz,0.1,(5500,4500,3),481.914314654971,-127
438iqnxa,0.1,(5500,4500,3),596.801884011696,374
913ibukx,0.2,(5500,4500,3),617.505030883041,210
765frqod,0.3,(5500,4500,3),656.791878719298,14
913hlwer,0.1,(5500,4500,3),737.038902502924,-14
913lwctg,0.4,(5500,4500,3),749.735811934654,-14
368vqxbd,0.1,(5500,4500,3),806.833570428953,-25
276bmlqv,0.6,(5500,4500,3),851.358797719298,-13
578zphqc,0.2,(5500,4500,3),864.119284659747,-13
913anphz,0.5,(5500,4500,3),877.932162598474,13
316osfpb,0.8,(5500,4500,3),901.087561005848,-14
503kivwe,0.1,(5500,4500,3),918.135603532069,-375
578liwfm,0.1,(5500,4500,3),960.068701479532,14
178zolur,0.2,(5500,4500,3),986.882758882794,-375
316axdlg,0.6,(5500,4500,3),1013.148554473684,13
904irhot,0.4,(5500,4500,3),1056.22867425731,-14
26qnhaz,0.1,(5500,4500,3),1057.293707223776,375
666ceyjv,0.1,(5500,4500,3),1065.607208983447,375
312ydral,0.3,(5500,4500,3),1092.035661894737,-13
304yvsrl,0.2,(5500,4500,3),1099.170219390313,-13
106votai,0.3,(5500,4500,3),1118.159651578947,-14
321uxape,0.3,(5500,4500,3),1121.406408035088,-14
82szhku,0.3,(5500,4500,3),1181.641841175439,-446
779zaqup,0.1,(5500,4500,3),1213.00102394152,20
369wbhst,0.2,(5500,4500,3),1237.169801865497,-374
106qfpja,0.2,(5500,4500,3),1244.93727566401,13
66rcisw,0.1,(5500,4500,3),1248.833482,14
620hgzcv,0.5,(5500,4500,3),1297.948293678363,375
976xuvdr,0.3,(5500,4500,3),1369.059501667645,-14
66jausf,0.4,(5500,4500,3),1385.746792910573,-210
684ijyvb,0.1,(5500,4500,3),1423.94611628655,375
35ekaly,0.4,(5500,4500,3),1464.04842773733,-14
975rhjvq,0.3,(5500,4500,3),1476.756370128879,-374
130xkcdq,0.2,(5500,4500,3),1545.013743454076,-13
552nsuib,0.5,(5500,4500,3),1578.736122678363,-13
552crazw,0.1,(5500,4500,3),1583.470503565485,-13
856suhir,0.6,(5500,4500,3),1583.564725263158,-375
779dirqn,0.4,(5500,4500,3),1618.21037602924,13
53tkhfl,0.3,(5500,4500,3),1658.840551428463,14
856raqsi,0.1,(5500,4500,3),1701.362034170688,-374
84jqyus,0.1,(5500,4500,3),1717.622140011696,25
779pruat,0.1,(5500,4500,3),1718.725168824561,-375
796stamj,0.2,(5500,4500,3),1726.856906122807,-14
796xidfe,0.3,(5500,4500,3),1727.65556477193,-14
52xufbr,0.3,(5500,4500,3),1737.120812666667,-14
247azkur,0.3,(5500,4500,3),1748.370731298246,-375
446icyam,0.2,(5500,4500,3),1788.109666058458,-210
130qmixl,0.2,(5500,4500,3),1788.282503131642,-210
796andif,0.3,(5500,4500,3),1838.420910017544,13
796alqgh,0.2,(5500,4500,3),1838.60247977193,13
947wquda,0.6,(5500,4500,3),1839.648767376246,-374
4kmhre,0.4,(5500,4500,3),1842.305244383582,13
318tfqiy,0.3,(5500,4500,3),1883.113050754386,-14
2ykbmn,0.1,(5500,4500,3),1958.385262409357,-14
4mdpvr,0.3,(5500,4500,3),1959.429385342939,-375
