146vzoyk,0.1,(6500,3500,3),96.994070176471,-106
355vjcqu,0.1,(6500,3500,3),185.042273027171,532
21trzin,0.7,(6500,3500,3),263.454787764706,-75
81nfejy,0.1,(6500,3500,3),320.934529280424,-359
25furnc,0.1,(6500,3500,3),391.912901294118,-224
119wmopc,0.2,(6500,3500,3),392.095978459295,-294
418rakzt,0.2,(6500,3500,3),422.344856811977,-596
914oswnd,0.1,(6500,3500,3),476.716314262324,71
270gmskr,0.1,(6500,3500,3),486.748603588235,223
666zsvgp,0.1,(6500,3500,3),608.586238705882,222
81jzwmt,0.6,(6500,3500,3),662.454186768963,75
1npfer,0.1,(6500,3500,3),683.299906235294,223
278blewm,0.4,(6500,3500,3),688.705497705882,-73
243fabcx,0.1,(6500,3500,3),701.088776352941,-225
632dscov,0.1,(6500,3500,3),742.474526529412,357
278kyjhb,0.2,(6500,3500,3),786.505980002942,75
434akocx,0.3,(6500,3500,3),792.83517705732,73
107waxei,0.3,(6500,3500,3),882.444522868084,130
202zsglc,0.1,(6500,3500,3),1033.915028647059,223
552brunj,0.1,(6500,3500,3),1039.520819058824,222
640zpcsq,0.3,(6500,3500,3),1383.58891,578
106cfuva,0.1,(6500,3500,3),1463.101088235294,-374
104yixwf,0.2,(6500,3500,3),1731.52280922269,578
