413bhzwi,0.1,(6500,1500,3),208.711641412569,-4
708rouac,0.2,(6500,1500,3),260.208919472012,-4
51omxed,0.2,(6500,1500,3),373.266687593122,310
201trbuc,0.1,(6500,1500,3),426.081493969519,-4
510dpixh,0.1,(6500,1500,3),548.238034269504,682
884jwovi,0.1,(6500,1500,3),595.280152148936,50
637ahzin,0.2,(6500,1500,3),608.755580695035,-309
288aiqgw,0.3,(6500,1500,3),668.077010638298,682
308melni,0.1,(6500,1500,3),747.531780475177,-48
142vpuni,0.1,(6500,1500,3),924.269022176476,0
199kdwxc,0.5,(6500,1500,3),983.270415921986,4
308xosyn,0.3,(6500,1500,3),1066.796733872939,310
196wnsay,0.1,(6500,1500,3),1492.105586007092,0
