100qnmfe,0.2,(6500,500,3),331.667720243399,-11
401euzga,0.3,(6500,500,3),407.909794705882,3
506cypvs,0.5,(6500,500,3),432.247655647059,-385
506vaify,0.5,(6500,500,3),433.175626,-385
727nhybu,0.2,(6500,500,3),482.950718150195,-385
413bhzwi,0.2,(6500,500,3),583.236504823529,0
466qjcri,0.3,(6500,500,3),600.173998058824,3
10wvote,0.2,(6500,500,3),763.491319411765,3
240flkvo,0.3,(6500,500,3),766.190815309998,3
334vtkxg,0.1,(6500,500,3),810.746212235294,-11
201trbuc,0.3,(6500,500,3),811.251065705882,0
708rouac,0.1,(6500,500,3),813.999861705882,1
16lbwym,0.1,(6500,500,3),854.881362,10
125augro,0.1,(6500,500,3),877.833225943363,10
125dygwh,0.1,(6500,500,3),882.214517083259,10
142vpuni,0.1,(6500,500,3),924.414741588235,0
555uonbh,0.2,(6500,500,3),966.498133647059,3
254aqsmz,0.1,(6500,500,3),1048.252577647059,3
196wnsay,0.1,(6500,500,3),1234.312939043134,-3
308xsoph,0.2,(6500,500,3),1367.380778121968,3
293xylgv,0.3,(6500,500,3),1422.375078882353,0
6ripkb,0.2,(6500,500,3),1423.85667823319,2
815ugpcw,0.1,(6500,500,3),1438.644646411765,0
555rmfhz,0.1,(6500,500,3),1559.089638588235,388
352uwoxd,0.3,(6500,500,3),1768.932332,-3
