401vigeb,0.1,(6500,500,3),243.133064176471,310
506vaify,0.1,(6500,500,3),366.301418,-386
401euzga,0.2,(6500,500,3),404.486688470588,3
708rouac,0.1,(6500,500,3),434.000008705882,-4
727nhybu,0.2,(6500,500,3),482.950718150195,-385
466qjcri,0.2,(6500,500,3),594.660384705882,3
10wvote,0.3,(6500,500,3),761.469913117647,3
240flkvo,0.2,(6500,500,3),762.952565898233,3
6ripkb,0.2,(6500,500,3),781.85667823319,11
123lzath,0.5,(6500,500,3),797.444108941176,10
142vpuni,0.1,(6500,500,3),924.414888588235,0
196wnsay,0.1,(6500,500,3),1234.312939043134,-3
555uonbh,0.3,(6500,500,3),1237.877653470588,-390
308xsoph,0.2,(6500,500,3),1367.380778121968,3
293xylgv,0.2,(6500,500,3),1421.965051588235,0
815ugpcw,0.1,(6500,500,3),1438.644806411765,0
352uwoxd,0.3,(6500,500,3),1768.932492,-3
242mitue,0.1,(6500,500,3),1929.465766235294,10
