714ofmcn,0.1,(6500,500,3),123.839336096669,-11
100qnmfe,0.2,(6500,500,3),327.667720243399,-11
413bhzwi,0.1,(6500,500,3),358.900930411765,-4
401vigeb,0.4,(6500,500,3),396.160661705882,3
401euzga,0.2,(6500,500,3),404.486329470588,3
506vaify,0.4,(6500,500,3),431.456848,-385
506cypvs,0.5,(6500,500,3),432.247469647059,-385
727nhybu,0.4,(6500,500,3),490.105707326665,-385
466qjcri,0.3,(6500,500,3),600.173825058824,3
10wvote,0.2,(6500,500,3),763.491133411765,3
240flkvo,0.3,(6500,500,3),766.190815309998,3
125augro,0.1,(6500,500,3),805.833225943363,9
934fwysx,0.1,(6500,500,3),844.054892653566,-11
142vpuni,0.4,(6500,500,3),936.719916352941,0
555uonbh,0.2,(6500,500,3),966.497986647059,3
254aqsmz,0.1,(6500,500,3),1048.252430647059,3
196wnsay,0.1,(6500,500,3),1234.312939043134,-3
308xsoph,0.2,(6500,500,3),1367.380778121968,3
6ripkb,0.2,(6500,500,3),1421.85667823319,2
293xylgv,0.4,(6500,500,3),1423.785080176471,0
815ugpcw,0.2,(6500,500,3),1441.882709823529,0
352uwoxd,0.2,(6500,500,3),1767.737842,-3
555igptn,0.1,(6500,500,3),1811.708290470588,565
