714ofmcn,0.1,(6500,500,3),123.839336096669,-11
401vigeb,0.5,(6500,500,3),397.170255882353,3
401euzga,0.3,(6500,500,3),407.910140705882,3
727nhybu,0.2,(6500,500,3),482.950718150195,-385
413bhzwi,0.2,(6500,500,3),583.236677823529,0
466qjcri,0.2,(6500,500,3),594.660570705882,3
16jlkwq,0.1,(6500,500,3),711.982476470588,8
123lzath,0.1,(6500,500,3),727.939999588235,9
10wvote,0.3,(6500,500,3),761.470060117647,3
240flkvo,0.2,(6500,500,3),762.952565898233,3
6ripkb,0.3,(6500,500,3),781.341651409661,11
16lbwym,0.6,(6500,500,3),926.474508,11
142vpuni,0.3,(6500,500,3),932.618600764706,0
125dygwh,0.5,(6500,500,3),952.472075671494,11
196wnsay,0.1,(6500,500,3),1234.312939043134,-3
555uonbh,0.3,(6500,500,3),1237.877826470588,-390
308xsoph,0.2,(6500,500,3),1367.380778121968,3
293xylgv,0.1,(6500,500,3),1423.555050294118,0
815ugpcw,0.1,(6500,500,3),1438.644992411765,0
555rmfhz,0.1,(6500,500,3),1559.089811588235,388
352uwoxd,0.2,(6500,500,3),1767.738361,-3
