355vjcqu,0.2,(6500,3500,3),191.148686203641,532
726fvcwa,0.5,(6500,3500,3),322.842918387952,75
119wmopc,0.2,(6500,3500,3),392.095978459295,-294
418rakzt,0.1,(6500,3500,3),418.243074223741,-596
914oswnd,0.2,(6500,3500,3),480.725575438794,71
1npfer,0.1,(6500,3500,3),489.299720235294,222
278blewm,0.1,(6500,3500,3),651.104677176471,-130
434akocx,0.2,(6500,3500,3),666.314732822026,-75
632dscov,0.1,(6500,3500,3),742.474340529412,357
278kyjhb,0.5,(6500,3500,3),787.36261247353,75
107waxei,0.1,(6500,3500,3),792.15691063279,73
446ncjve,0.1,(6500,3500,3),1118.930151,223
640zpcsq,0.3,(6500,3500,3),1383.588763,578
104yixwf,0.3,(6500,3500,3),1734.946101457984,578
40rnlug,0.3,(6500,3500,3),1871.806363235294,93
