124rztuk,0.6,(7500,500,3),368.817172043956,102
143velif,0.3,(7500,500,3),431.256166103516,-1
207dnuwj,0.1,(7500,500,3),442.851338176644,102
10fjhwi,0.3,(7500,500,3),518.147600355514,-2
382ndieb,0.1,(7500,500,3),807.913931142857,0
708vbcxd,0.3,(7500,500,3),817.728382467673,1
201trbuc,0.2,(7500,500,3),951.945620945055,1
736parkv,0.3,(7500,500,3),1446.448499483516,1
555rmfhz,0.1,(7500,500,3),1558.185339592528,388
293peqbr,0.2,(7500,500,3),1636.621480505495,2
125bokwy,0.4,(7500,500,3),1658.039774857143,2
555igptn,0.2,(7500,500,3),1811.20242521978,565
123daowe,0.4,(7500,500,3),1933.731228032967,101
