146vzoyk,0.1,(7500,3500,3),96.264564694707,-106
317twqxs,0.1,(7500,3500,3),101.545777852546,142
355vjcqu,0.1,(7500,3500,3),183.764432697674,532
26nflji,0.1,(7500,3500,3),189.001878813953,-259
555mohcs,0.1,(7500,3500,3),249.505808186047,-219
89btkhm,0.2,(7500,3500,3),334.624510409808,138
145orxty,0.1,(7500,3500,3),343.132956581395,450
866izmbw,0.5,(7500,3500,3),422.478773232558,138
66hytnr,0.1,(7500,3500,3),429.119483383292,-225
468nycvm,0.1,(7500,3500,3),463.069765232558,-106
355bfzeu,0.1,(7500,3500,3),483.008706,106
660stauc,0.2,(7500,3500,3),491.190331846957,261
130nrbjd,0.2,(7500,3500,3),571.992484395349,257
660xvpok,0.4,(7500,3500,3),602.896825823117,-504
145hlxkc,0.3,(7500,3500,3),630.968074976744,261
25tjwhi,0.1,(7500,3500,3),728.914854883721,225
660vgrec,0.1,(7500,3500,3),765.494356209302,-416
62ekuil,0.2,(7500,3500,3),1001.475648913327,-141
182nypda,0.2,(7500,3500,3),1511.823061627907,103
