276tgnxv,0.1,(7500,3500,3),73.136731363597,-469
146vzoyk,0.5,(7500,3500,3),182.286805438893,105
610jfswo,0.2,(7500,3500,3),186.741152719961,450
26nflji,0.1,(7500,3500,3),192.002025813953,-259
317twqxs,0.1,(7500,3500,3),192.545777852546,-259
304vfmlh,0.1,(7500,3500,3),315.061800162791,-225
89btkhm,0.1,(7500,3500,3),330.430206409808,138
145orxty,0.1,(7500,3500,3),343.133129581395,450
497hqvjc,0.2,(7500,3500,3),357.990456162791,-432
66hytnr,0.1,(7500,3500,3),429.119483383292,-225
660stauc,0.3,(7500,3500,3),492.262708405097,261
446htybe,0.1,(7500,3500,3),497.118884372093,18
660xvpok,0.1,(7500,3500,3),501.923940985908,261
468nycvm,0.4,(7500,3500,3),531.189694930233,105
145hlxkc,0.2,(7500,3500,3),628.505313651163,261
25tjwhi,0.1,(7500,3500,3),728.915001883721,225
660vgrec,0.1,(7500,3500,3),765.494542209302,-416
62ekuil,0.2,(7500,3500,3),1001.475648913327,-141
145lkhac,0.5,(7500,3500,3),1063.444892174689,293
182nypda,0.2,(7500,3500,3),1511.823247627907,103
