466fxusz,0.3,(7500,1500,3),91.212550724903,231
934ngiur,0.2,(7500,1500,3),171.26746213994,616
934elxwa,0.4,(7500,1500,3),293.365534232108,677
139naxyl,0.4,(7500,1500,3),303.27855,361
143velif,0.1,(7500,1500,3),431.530357,-1
637ahzin,0.1,(7500,1500,3),606.929809680796,-309
637trzus,0.1,(7500,1500,3),615.1848964,-309
139fldyk,0.3,(7500,1500,3),726.618268633936,308
308melni,0.2,(7500,1500,3),901.636939273839,46
146dmgce,0.2,(7500,1500,3),913.2569634,46
309oysip,0.5,(7500,1500,3),922.380133095943,-230
309azoik,0.2,(7500,1500,3),1051.756918906124,-95
