276tgnxv,0.1,(7500,3500,3),73.136731363597,-469
146vzoyk,0.2,(7500,3500,3),99.020124880753,-106
317twqxs,0.1,(7500,3500,3),103.545777852546,142
270lthwn,0.1,(7500,3500,3),169.800407813953,-225
610jfswo,0.2,(7500,3500,3),186.741152719961,450
918lxqof,0.1,(7500,3500,3),269.72181555814,-259
304vfmlh,0.2,(7500,3500,3),317.866490325581,-225
89btkhm,0.5,(7500,3500,3),347.207422409808,138
497hqvjc,0.1,(7500,3500,3),358.015772581395,-432
145orxty,0.5,(7500,3500,3),398.227884906977,-138
866izmbw,0.4,(7500,3500,3),421.430747186047,138
620bryek,0.1,(7500,3500,3),423.509303209302,18
666vdqez,0.2,(7500,3500,3),471.366081604651,-225
355bfzeu,0.2,(7500,3500,3),487.203343,106
660stauc,0.2,(7500,3500,3),491.190331846957,261
468nycvm,0.2,(7500,3500,3),532.776852465116,105
660xvpok,0.4,(7500,3500,3),602.896825823117,-504
145hlxkc,0.2,(7500,3500,3),628.505646651163,261
660vgrec,0.3,(7500,3500,3),839.005592627907,-141
62ekuil,0.3,(7500,3500,3),1004.206823611001,-141
145lkhac,0.5,(7500,3500,3),1063.444892174689,293
182nypda,0.3,(7500,3500,3),1512.45614444186,103
