466fxusz,0.3,(7500,1500,3),91.212550724903,231
139naxyl,0.4,(7500,1500,3),246.278377,-360
934ngiur,0.3,(7500,1500,3),277.56662373994,677
934elxwa,0.2,(7500,1500,3),284.819639832108,677
655pdwth,0.3,(7500,1500,3),296.172810847915,-48
10fjhwi,0.1,(7500,1500,3),510.9796448,-2
637ahzin,0.2,(7500,1500,3),607.730897680796,-309
637trzus,0.2,(7500,1500,3),619.6672388,-309
139fldyk,0.2,(7500,1500,3),727.637532633936,308
308melni,0.1,(7500,1500,3),734.892132873839,-48
146dmgce,0.1,(7500,1500,3),815.4717642,-47
382ndieb,0.1,(7500,1500,3),946.402094,1
309azoik,0.1,(7500,1500,3),1047.798544506124,-95
308xosyn,0.1,(7500,1500,3),1058.0362056,310
506fjzvg,0.1,(7500,1500,3),1486.6055378,97
815lfeqv,0.1,(7500,1500,3),1598.6541842,1
