207dnuwj,0.2,(7500,500,3),436.699957781039,102
10fjhwi,0.1,(7500,500,3),510.450361146723,-2
708vbcxd,0.4,(7500,500,3),820.102081984156,1
382ndieb,0.5,(7500,500,3),946.409692714286,1
382fmslj,0.4,(7500,500,3),986.252496917368,2
555rmfhz,0.2,(7500,500,3),1560.858632251868,388
815ugpcw,0.2,(7500,500,3),1596.386736538462,1
293peqbr,0.3,(7500,500,3),1637.984841758242,2
815lfeqv,0.4,(7500,500,3),1647.778640070214,2
125bokwy,0.1,(7500,500,3),1656.254767714286,2
293nvctx,0.3,(7500,500,3),1771.370856912088,-102
555igptn,0.1,(7500,500,3),1813.26193010989,565
123daowe,0.2,(7500,500,3),1934.066379516484,101
