5.870744705200195
4.887717962265015
5.024041175842285
4.683553457260132
4.320732116699219
4.700592994689941
4.404642820358276
4.383453130722046
3.990650177001953
4.672588348388672
4.5543622970581055
5.565814733505249
4.785446405410767
4.701514482498169
4.209446430206299
4.219829559326172
4.96324348449707
4.610136985778809
5.116195917129517
3.3743391036987305
4.273700952529907
4.507973670959473
5.541830539703369
5.0251030921936035
4.696223497390747
4.861934185028076
4.850754499435425
4.33104395866394
4.215866565704346
4.876587867736816
5.058053016662598
5.349529027938843
4.455562591552734
4.738747596740723
4.262914657592773
4.73717999458313
4.399758815765381
4.174168586730957
4.841955900192261
4.45311713218689
4.542710065841675
4.151436805725098
4.143678665161133
5.237428426742554
4.259827375411987
3.990565299987793
5.003581762313843
4.503937721252441
4.264767408370972
4.581543207168579
4.511517524719238
4.079735517501831
4.549252271652222
4.642619848251343
4.131540060043335
4.511803388595581
4.9594810009002686
4.242078542709351
4.759219408035278
4.610070705413818
4.447073459625244
4.236372470855713
4.6893861293792725
4.945989370346069
4.231865882873535
4.174044370651245
4.537583589553833
4.476076126098633
4.278201580047607
3.998758554458618
4.091500282287598
4.081956624984741
3.654146671295166
4.746948957443237
4.7406275272369385
4.386972427368164
4.178350925445557
3.8848025798797607
4.408105134963989
4.814769744873047
4.317950010299683
4.246216535568237
4.645268440246582
4.838374376296997
4.254031181335449
4.3228919506073
5.024533033370972
4.783451557159424
3.9612817764282227
4.815450191497803
4.191316604614258
4.514626502990723
4.468221426010132
3.592561960220337
4.06297755241394
3.8059191703796387
4.776484489440918
4.790462493896484
4.428251504898071
4.289591312408447
4.113779544830322
4.50265908241272
4.8421950340271
3.9957640171051025
5.192205905914307
4.408998966217041
4.25419282913208
4.358560085296631
4.630338668823242
4.533935785293579
4.861972332000732
4.44216513633728
4.44785213470459
4.91767954826355
4.41303825378418
4.209999322891235
3.9715652465820312
4.4924421310424805
4.706887722015381
4.005184888839722
3.5227463245391846
4.018975734710693
4.1692891120910645
4.008893013000488
4.454011917114258
4.614072322845459
5.0907652378082275
4.977369785308838
4.132415771484375
4.448793172836304
4.249773740768433
4.333513498306274
4.710838556289673
3.8575403690338135
4.552440166473389
4.431924104690552
4.364778518676758
4.463501214981079
4.804729223251343
4.193460941314697
4.751830101013184
3.845416307449341
4.521394968032837
4.2291259765625
4.605926275253296
4.517491579055786
3.999673366546631
3.381826639175415
4.0503623485565186
4.299651622772217
4.82990026473999
4.537513494491577
4.239242792129517
4.327517986297607
4.40464448928833
4.5168421268463135
4.392630338668823
4.449330806732178
4.281873941421509
4.884942531585693
4.457753896713257
4.702930688858032
4.15652060508728
4.3240296840667725
4.077641725540161
4.369795083999634
4.225102186203003
4.304141521453857
4.663097143173218
4.297960042953491
5.120574712753296
4.269127607345581
4.696803092956543
4.0739500522613525
4.07017707824707
4.134012699127197
4.456687688827515
4.2217841148376465
4.0853962898254395
4.22465968132019
4.818127632141113
3.808441638946533
4.4770567417144775
4.231407165527344
4.395850896835327
3.785078287124634
4.520871877670288
4.354560375213623
4.669859886169434
4.512206792831421
4.184657335281372
4.491211652755737
4.850125551223755
4.519674301147461
4.750534296035767
4.541958570480347
4.503681182861328
4.546175479888916
4.3402323722839355
4.739717483520508
4.148566246032715
4.2075583934783936
4.820465803146362
4.728683233261108
4.4565746784210205
5.485428094863892
4.178260326385498
3.8448710441589355
3.775247812271118
4.180471658706665
4.812747001647949
4.826372385025024
4.628921270370483
4.503667831420898
4.799012660980225
4.683239221572876
4.142163515090942
4.860627889633179
4.041018724441528
4.1917572021484375
4.370840549468994
4.4765520095825195
4.71937894821167
4.10493016242981
4.729430198669434
3.912207841873169
4.764158010482788
4.232513666152954
5.067429304122925
6.0417280197143555
5.032607555389404
4.596052885055542
4.373648643493652
3.8714795112609863
4.439332723617554
3.890695095062256
4.231358051300049
4.126871109008789
3.755357503890991
3.915961742401123
4.988595247268677
5.6317338943481445
3.579613208770752
4.832357406616211
3.9256820678710938
5.0467658042907715
4.408416509628296
4.461232423782349
4.574192047119141
4.632627248764038
4.717451572418213
5.5714030265808105
4.6644287109375
4.246250629425049
4.8292236328125
4.311882972717285
3.9184436798095703
5.656485080718994
5.087927579879761
5.047853708267212
6.045372486114502
4.776490211486816
4.234310626983643
5.235928058624268
3.8593695163726807
4.322829961776733
3.6981258392333984
3.736530303955078
4.126359939575195
5.318384647369385
5.116537094116211
4.710556268692017
4.334543228149414
4.4934632778167725
3.989798069000244
5.093225955963135
3.903792142868042
4.231478214263916
4.041139841079712
4.552106142044067
4.364659309387207
5.176574468612671
4.753569602966309
4.274139642715454
4.395634651184082
4.694401741027832
4.715380430221558
4.081799507141113
4.302644491195679
5.190612316131592
4.166927337646484
3.98234486579895
4.243786811828613
4.615219831466675
4.792710065841675
4.987751007080078
3.91253924369812
4.301084995269775
4.019923686981201
5.126853704452515
4.1814727783203125
4.036693811416626
3.497483491897583
3.7580463886260986
4.3365373611450195
3.8478243350982666
3.700803756713867
4.170193433761597
3.486680746078491
3.8153154850006104
3.9448366165161133
4.386227130889893
4.307582139968872
4.515974283218384
4.13326096534729
4.319498300552368
4.317827939987183
3.8594400882720947
4.858584642410278
4.437670469284058
4.000850200653076
3.94661545753479
