318ofeyw,0.2,(1500,4500,3),253.281751636515,-570
4upwvh,0.1,(1500,4500,3),361.240868400697,-569
9sjfqz,0.2,(1500,4500,3),518.807555466329,-569
212hgmzu,0.3,(1500,4500,3),618.984704396484,570
126ojbze,0.3,(1500,4500,3),625.839167186908,-570
15cawzi,0.3,(1500,4500,3),692.423183654206,-570
23evjdo,0.1,(1500,4500,3),791.253841660227,-569
978nrfkm,0.3,(1500,4500,3),1042.70957228972,-569
530bjzkt,0.4,(1500,4500,3),1278.203602149533,569
687tkdua,0.1,(1500,4500,3),1531.405913747664,-137
687kodwa,0.1,(1500,4500,3),1659.619344134928,-569
402ztnsy,0.3,(1500,4500,3),1828.441014542056,569
429jgcau,0.2,(1500,4500,3),1942.381354411215,570
