534swjxb,0.1,(1500,4500,3),196.374951448598,-137
634ocgjr,0.1,(1500,4500,3),210.313219069694,-56
318ofeyw,0.2,(1500,4500,3),253.281751636515,-570
4upwvh,0.5,(1500,4500,3),391.659372176398,-569
84qsxek,0.2,(1500,4500,3),442.993752869159,-570
212hgmzu,0.2,(1500,4500,3),533.280812060035,569
126ojbze,0.2,(1500,4500,3),619.371315224292,-570
15cawzi,0.5,(1500,4500,3),693.045441757009,-570
23evjdo,0.2,(1500,4500,3),795.957733996675,-569
530bjzkt,0.1,(1500,4500,3),989.858569037383,-52
978nrfkm,0.2,(1500,4500,3),1041.301114859813,-569
687kodwa,0.1,(1500,4500,3),1659.619344134928,-569
429xqdnb,0.3,(1500,4500,3),1833.562883429907,569
429jgcau,0.2,(1500,4500,3),1942.381514411215,570
429deito,0.5,(1500,4500,3),1943.339522495327,570
