287vwyrx,0.3,(1500,5500,3),63.709289127925,-440
956yjefd,0.2,(1500,5500,3),140.765376382874,-265
776eosui,0.3,(1500,5500,3),154.872563207074,265
691lzoib,0.2,(1500,5500,3),166.696941911243,264
828scmjv,0.2,(1500,5500,3),244.929360562688,561
162jzxla,0.2,(1500,5500,3),440.239596686601,-57
956leoyz,0.1,(1500,5500,3),482.057751143759,-57
23evjdo,0.1,(1500,5500,3),789.528410023669,-569
79acqzb,0.2,(1500,5500,3),873.244716846154,137
805igeox,0.2,(1500,5500,3),962.593952189349,57
79pemrt,0.3,(1500,5500,3),979.288980369389,442
687opjzm,0.6,(1500,5500,3),1271.15958560355,561
687qpval,0.1,(1500,5500,3),1319.659202231175,-478
163ivjmh,0.1,(1500,5500,3),1401.331206171598,-60
687tkdua,0.1,(1500,5500,3),1532.540296491124,-137
