783dlosi,0.3,(2500,5500,3),347.326414615385,302
959qmktv,0.4,(2500,5500,3),426.862214923077,-282
742abwso,0.4,(2500,5500,3),792.164128769231,402
2ayujv,0.1,(2500,5500,3),928.715710384615,54
412lomzh,0.2,(2500,5500,3),951.103087840193,-281
607mojdz,0.3,(2500,5500,3),1132.131808153846,-281
412uesic,0.2,(2500,5500,3),1136.872156118067,409
324bjfgi,0.1,(2500,5500,3),1217.900008923077,160
687qpval,0.1,(2500,5500,3),1321.551871230769,-478
163ivjmh,0.2,(2500,5500,3),1403.16433283191,-60
67mrned,0.3,(2500,5500,3),1567.608723692308,302
633vzqap,0.4,(2500,5500,3),1912.780197846154,-59
