34ykzft,0.1,(2500,3500,3),285.275117777778,153
2ypuil,0.3,(2500,3500,3),340.710437190709,-66
482jklah,0.1,(2500,3500,3),376.450923111373,458
241tsxfw,0.3,(2500,3500,3),681.483078877193,-66
92jgvoq,0.3,(2500,3500,3),758.507289228803,-66
235nvwxe,0.4,(2500,3500,3),871.411742714968,-460
487ewaor,0.4,(2500,3500,3),908.281960806543,460
854qruca,0.3,(2500,3500,3),1446.999091023418,-65
854mwkju,0.1,(2500,3500,3),1596.404328879715,67
59wjcvq,0.4,(2500,3500,3),1611.648049767846,-65
214sigho,0.3,(2500,3500,3),1868.086475210526,-460
