247ejtkx,0.1,(2500,6500,3),25.410636411765,529
338bydem,0.2,(2500,6500,3),82.38586556618,62
247ydhwj,0.3,(2500,6500,3),155.261952195165,-456
662gzdrm,0.2,(2500,6500,3),332.098238935317,62
50sqywg,0.3,(2500,6500,3),361.151003939934,64
956leoyz,0.4,(2500,6500,3),612.555735823529,61
162alrws,0.3,(2500,6500,3),631.117258961175,62
691hvysw,0.4,(2500,6500,3),806.431992744614,64
91smeap,0.5,(2500,6500,3),828.041908405998,-63
211sfokz,0.3,(2500,6500,3),922.829916764706,-336
211vlhpz,0.9,(2500,6500,3),923.883432823529,-336
211twmkr,0.2,(2500,6500,3),929.927991353623,-336
72jutpl,0.4,(2500,6500,3),962.294857910648,455
91wilkz,0.1,(2500,6500,3),1004.717346882353,-61
163zhqan,0.5,(2500,6500,3),1177.079530058824,-63
73aiuch,0.2,(2500,6500,3),1216.340131,-605
