625wdvso,0.3,(2500,1500,3),211.418590714286,-371
218pldkw,0.3,(2500,1500,3),292.614014142857,196
590rscwy,0.1,(2500,1500,3),317.539359478082,195
485uzmcw,0.1,(2500,1500,3),324.001908604403,195
144zgsha,0.2,(2500,1500,3),487.745724790835,194
155icmdy,0.4,(2500,1500,3),638.290595820347,193
832gatok,0.1,(2500,1500,3),659.054304122763,-196
152mnezo,0.2,(2500,1500,3),894.500805571429,193
172qudgj,0.1,(2500,1500,3),912.831752571429,194
11tjbxn,0.3,(2500,1500,3),1113.387217142857,194
151lhprg,0.2,(2500,1500,3),1466.497595285714,-193
358fhmwn,0.1,(2500,1500,3),1542.53231,-194
401wuzlv,0.2,(2500,1500,3),1799.027366428571,-194
