783dlosi,0.3,(2500,5500,3),347.326561615385,302
959qmktv,0.2,(2500,5500,3),428.876164461538,-282
691lzoib,0.1,(2500,5500,3),511.645000857631,60
956leoyz,0.1,(2500,5500,3),547.586590923077,60
102dyhgj,0.3,(2500,5500,3),563.424584,-304
4asvjk,0.1,(2500,5500,3),666.693438384615,54
607mojdz,0.2,(2500,5500,3),1132.105457769231,-281
412uesic,0.4,(2500,5500,3),1182.309340118067,-303
163ivjmh,0.2,(2500,5500,3),1403.16433283191,-60
67mrned,0.3,(2500,5500,3),1567.608909692308,302
633vzqap,0.2,(2500,5500,3),1913.633741923077,-59
