625wdvso,0.1,(2500,1500,3),200.975010571429,-371
218pldkw,0.3,(2500,1500,3),292.614161142857,196
485uzmcw,0.1,(2500,1500,3),323.001908604403,195
144zgsha,0.2,(2500,1500,3),487.745724790835,194
155icmdy,0.1,(2500,1500,3),624.808904391775,193
832gatok,0.1,(2500,1500,3),659.054304122763,-196
488klcrd,0.1,(2500,1500,3),773.327967662158,195
152mnezo,0.2,(2500,1500,3),894.500991571429,193
172qudgj,0.2,(2500,1500,3),911.176026142857,194
11tjbxn,0.2,(2500,1500,3),1106.646518428571,194
151lhprg,0.1,(2500,1500,3),1296.906706142857,-194
358fhmwn,0.3,(2500,1500,3),1543.406637,-194
401wuzlv,0.3,(2500,1500,3),1797.279834142857,-194
