2ypuil,0.3,(2500,3500,3),340.710437190709,-66
731kzawp,0.3,(2500,3500,3),452.991999333333,121
241tsxfw,0.3,(2500,3500,3),681.482732877193,-66
92jgvoq,0.1,(2500,3500,3),757.737535404242,-66
235nvwxe,0.1,(2500,3500,3),876.949550434266,-460
487ewaor,0.3,(2500,3500,3),907.406522022917,460
218rqtpv,0.6,(2500,3500,3),1002.730672964912,-66
126kmfxu,0.1,(2500,3500,3),1230.333889409357,121
854qruca,0.3,(2500,3500,3),1446.999091023418,-65
59wjcvq,0.1,(2500,3500,3),1498.519867873109,438
854mwkju,0.1,(2500,3500,3),1596.404328879715,67
214sigho,0.3,(2500,3500,3),1868.086142210526,-460
