625wdvso,0.3,(2500,1500,3),211.418417714286,-371
218pldkw,0.2,(2500,1500,3),288.756380428571,196
590rscwy,0.1,(2500,1500,3),317.539359478082,195
144zgsha,0.3,(2500,1500,3),492.951155647978,194
558zajvh,0.1,(2500,1500,3),529.769977,-195
155icmdy,0.2,(2500,1500,3),629.302801534632,193
832gatok,0.2,(2500,1500,3),663.360955551335,-196
152mnezo,0.1,(2500,1500,3),888.658406285714,193
172qudgj,0.2,(2500,1500,3),911.175520142857,194
11tjbxn,0.2,(2500,1500,3),1106.646038428571,194
151lhprg,0.1,(2500,1500,3),1296.906226142857,-194
152mpveb,0.1,(2500,1500,3),1328.705700369915,195
358fhmwn,0.3,(2500,1500,3),1543.406109,-194
401wuzlv,0.2,(2500,1500,3),1799.027037428571,-194
