856xoulk,0.3,(2500,4500,3),99.822310780488,554
805dbtrn,0.2,(2500,4500,3),139.206719592405,555
947beodx,0.5,(2500,4500,3),253.379969327775,54
40cvgbm,0.3,(2500,4500,3),304.744634475391,52
731etahg,0.4,(2500,4500,3),363.3784290802,-122
634ocgjr,0.5,(2500,4500,3),367.089539252033,52
779aycnm,0.1,(2500,4500,3),388.640911146341,53
731kzawp,0.2,(2500,4500,3),452.27580333222,121
54sofzh,0.5,(2500,4500,3),471.693753152672,-120
235iqase,0.1,(2500,4500,3),502.345399311917,-122
742lbinc,0.5,(2500,4500,3),506.13867496748,-52
742abwso,0.1,(2500,4500,3),514.063206214613,-52
103vxdui,0.3,(2500,4500,3),536.603092317073,-149
280abogh,0.2,(2500,4500,3),562.284186091446,52
2upxha,0.3,(2500,4500,3),713.999901408069,-52
4asvjk,0.2,(2500,4500,3),716.125065097561,55
796lsvke,0.1,(2500,4500,3),719.412104544715,55
828osyqd,0.5,(2500,4500,3),791.403025715447,53
246qcbtk,0.5,(2500,4500,3),816.547235707317,-54
246ksnbm,0.2,(2500,4500,3),826.541382154472,-54
75lqbku,0.3,(2500,4500,3),858.050620243902,54
828gkaqn,0.3,(2500,4500,3),862.624532266809,54
9xjtlb,0.2,(2500,4500,3),892.524818956695,55
75ryoqm,0.2,(2500,4500,3),902.442211377703,55
2ayujv,0.1,(2500,4500,3),927.556863456758,54
501pdzye,0.4,(2500,4500,3),1012.327754662135,-54
501adzry,0.3,(2500,4500,3),1028.225759,-54
84gykxr,0.3,(2500,4500,3),1087.926105662002,159
324bjfgi,0.1,(2500,4500,3),1216.864879878049,160
126kmfxu,0.3,(2500,4500,3),1242.31067780807,121
978zrcom,0.3,(2500,4500,3),1293.615387936052,53
458ykctp,0.1,(2500,4500,3),1313.31488504878,-53
487waizh,0.2,(2500,4500,3),1353.553099447154,120
402gmkpz,0.1,(2500,4500,3),1555.921935065041,-54
741jluws,0.2,(2500,4500,3),1596.074754121951,51
83inegf,0.4,(2500,4500,3),1596.800076544715,-55
431cvwsp,0.4,(2500,4500,3),1672.621987634146,-55
687kodwa,0.1,(2500,4500,3),1757.83436100813,-56
250hufcd,0.2,(2500,4500,3),1876.65031396748,-555
295tcerp,0.2,(2500,4500,3),1938.104026666667,-52
