783dlosi,0.2,(2500,5500,3),347.438590076923,302
959qmktv,0.2,(2500,5500,3),428.876337461538,-282
691lzoib,0.1,(2500,5500,3),511.645000857631,60
102dyhgj,0.3,(2500,5500,3),563.424744,-304
9xjtlb,0.1,(2500,5500,3),889.431317923077,55
2ayujv,0.1,(2500,5500,3),928.715870384615,54
84gykxr,0.1,(2500,5500,3),972.329448692308,55
412lomzh,0.8,(2500,5500,3),1023.300995532501,279
607mojdz,0.2,(2500,5500,3),1132.105604769231,-281
412uesic,0.2,(2500,5500,3),1136.872156118067,409
687opjzm,0.1,(2500,5500,3),1210.483327711501,190
163ivjmh,0.2,(2500,5500,3),1403.16433283191,-60
67mrned,0.2,(2500,5500,3),1566.067388461538,302
