856xoulk,0.3,(2500,4500,3),99.822457780488,554
805dbtrn,0.2,(2500,4500,3),139.206719592405,555
731etahg,0.2,(2500,4500,3),243.512420624916,-410
40cvgbm,0.3,(2500,4500,3),304.744634475391,52
731kzawp,0.1,(2500,4500,3),366.740499007016,-122
54codhg,0.1,(2500,4500,3),402.801382382114,-367
742abwso,0.1,(2500,4500,3),514.063206214613,-52
828osyqd,0.1,(2500,4500,3),661.670391943089,-56
4asvjk,0.3,(2500,4500,3),666.591838146341,54
333vpiau,0.5,(2500,4500,3),676.243441349593,52
2upxha,0.1,(2500,4500,3),712.51928950563,-52
280abogh,0.4,(2500,4500,3),748.01379441665,-122
23evjdo,0.1,(2500,4500,3),790.642382902439,-569
75lqbku,0.3,(2500,4500,3),858.050793243902,54
828gkaqn,0.2,(2500,4500,3),862.179626120468,54
246ksnbm,0.3,(2500,4500,3),866.292532731707,-53
2ayujv,0.2,(2500,4500,3),927.899469505539,54
501adzry,0.2,(2500,4500,3),1024.031641,-54
324bjfgi,0.2,(2500,4500,3),1216.080078756098,160
126kmfxu,0.3,(2500,4500,3),1242.31067780807,121
458eluok,0.7,(2500,4500,3),1262.616081764228,-54
978zrcom,0.2,(2500,4500,3),1291.363982927922,53
458ykctp,0.1,(2500,4500,3),1313.31503204878,-53
487waizh,0.3,(2500,4500,3),1353.554891170732,120
403pgvif,0.7,(2500,4500,3),1406.235726056911,-54
741jluws,0.2,(2500,4500,3),1596.074901121951,51
83inegf,0.5,(2500,4500,3),1597.093034430894,-55
402gmkpz,0.4,(2500,4500,3),1601.709620260163,-53
687kodwa,0.1,(2500,4500,3),1757.83454700813,-56
431cvwsp,0.5,(2500,4500,3),1801.671565292683,-54
854mwkju,0.1,(2500,4500,3),1836.457508577236,122
250hufcd,0.2,(2500,4500,3),1877.65049996748,-555
295tcerp,0.3,(2500,4500,3),1937.696579,-52
