809uwiyg,0.1,(3500,500,3),88.405544560256,-211
815fsoxm,0.1,(3500,500,3),128.702172130435,-212
306znjpo,0.2,(3500,500,3),171.040474640289,227
558oapce,0.1,(3500,500,3),198.517103,177
122gseir,0.1,(3500,500,3),208.183932347826,-184
601hwfrp,0.2,(3500,500,3),251.195914347826,168
590rscwy,0.1,(3500,500,3),315.413480826087,195
603pswmk,0.3,(3500,500,3),399.894067056322,173
122iunpf,0.2,(3500,500,3),406.230243942664,186
289trxky,0.1,(3500,500,3),500.405913391304,195
358dfmba,0.1,(3500,500,3),956.816129565217,177
208nkvrm,0.1,(3500,500,3),1007.128381434783,-178
968miluh,0.4,(3500,500,3),1138.643197304348,-178
208wnope,0.1,(3500,500,3),1186.114803608696,-177
121znkgy,0.1,(3500,500,3),1191.170346086957,-177
172bjqfg,0.3,(3500,500,3),1307.981067597293,-178
885yoxaf,0.1,(3500,500,3),1597.881410178761,227
254fcxeq,0.2,(3500,500,3),1974.066218,177
