78npaxt,0.2,(3500,2500,3),331.13714125641,-143
771kvntc,0.1,(3500,2500,3),553.031614905983,119
160shgry,0.5,(3500,2500,3),611.075614923077,-476
78kulzt,0.1,(3500,2500,3),676.837878512821,117
34pzmef,0.2,(3500,2500,3),841.34632134188,143
34ynekw,0.2,(3500,2500,3),857.500630797111,143
147ogakp,0.1,(3500,2500,3),861.65558259101,119
90bcfvd,0.2,(3500,2500,3),968.666341042735,143
227igchb,0.3,(3500,2500,3),978.003510666667,-118
90qjykd,0.3,(3500,2500,3),1026.479295435897,-477
482vptzo,0.3,(3500,2500,3),1272.532616398774,-118
634zwtsj,0.3,(3500,2500,3),1532.320497205128,-118
