196xvgru,0.1,(3500,1500,3),133.787550165775,-322
147dujic,0.1,(3500,1500,3),291.48246826738,464
590rscwy,0.2,(3500,1500,3),318.666414679144,195
485uzmcw,0.1,(3500,1500,3),323.434135069519,195
188oziwc,0.1,(3500,1500,3),354.946201545455,-679
558zajvh,0.3,(3500,1500,3),533.242052636364,-195
352zedvs,0.2,(3500,1500,3),671.088586796791,195
488klcrd,0.2,(3500,1500,3),774.640211336898,195
289xsouj,0.2,(3500,1500,3),811.798736563195,-94
172bjqfg,0.1,(3500,1500,3),1301.777103475936,-178
11doczy,0.4,(3500,1500,3),1339.743332860963,195
152mpveb,0.1,(3500,1500,3),1343.603592641711,195
707gbxpj,0.3,(3500,1500,3),1588.687889315508,-178
