809uwiyg,0.1,(3500,500,3),88.405544560256,-211
306znjpo,0.5,(3500,500,3),180.751200205507,227
558oapce,0.2,(3500,500,3),202.711714,177
601hwfrp,0.2,(3500,500,3),251.196221347826,168
590rscwy,0.1,(3500,500,3),315.413666826087,195
603pswmk,0.3,(3500,500,3),399.894067056322,173
122iunpf,0.2,(3500,500,3),406.230243942664,186
289trxky,0.1,(3500,500,3),500.406233391304,195
352zedvs,0.1,(3500,500,3),666.894189565217,195
714rusiy,0.5,(3500,500,3),780.385715043478,177
558nvwrd,0.3,(3500,500,3),1013.655336086957,186
358dfmba,0.5,(3500,500,3),1117.493540826087,178
968miluh,0.3,(3500,500,3),1135.702798478261,-178
208nkvrm,0.1,(3500,500,3),1181.128528434783,-177
121znkgy,0.3,(3500,500,3),1198.19154026087,-177
172bjqfg,0.2,(3500,500,3),1304.903724988597,-178
885yoxaf,0.1,(3500,500,3),1597.881410178761,227
