16svruq,0.1,(3500,500,3),42.491480130435,558
417imowj,0.1,(3500,500,3),67.595452608696,558
809uwiyg,0.1,(3500,500,3),88.405544560256,-211
815fsoxm,0.1,(3500,500,3),128.702319130435,-212
306znjpo,0.1,(3500,500,3),167.80356611855,227
558oapce,0.2,(3500,500,3),202.711861,177
601hwfrp,0.3,(3500,500,3),253.498702521739,168
603pswmk,0.2,(3500,500,3),397.363807578061,173
122iunpf,0.3,(3500,500,3),408.78329855136,186
289trxky,0.1,(3500,500,3),500.406419391304,195
558zajvh,0.1,(3500,500,3),527.946628401947,-195
352zedvs,0.1,(3500,500,3),666.894362565217,195
714rusiy,0.3,(3500,500,3),774.231189826087,177
358dfmba,0.3,(3500,500,3),963.655187695652,177
558nvwrd,0.3,(3500,500,3),1013.655509086957,186
968miluh,0.2,(3500,500,3),1132.762412652174,-178
208nkvrm,0.1,(3500,500,3),1181.128701434783,-177
121znkgy,0.3,(3500,500,3),1198.19170026087,-177
172bjqfg,0.2,(3500,500,3),1304.903724988597,-178
707gbxpj,0.1,(3500,500,3),1332.762843608696,195
885yoxaf,0.1,(3500,500,3),1597.881410178761,227
