384lakdc,0.1,(3500,3500,3),102.700858526882,411
633tcmjl,0.2,(3500,3500,3),430.278434079136,300
814zhowr,0.2,(3500,3500,3),643.782705344086,242
228ngsqz,0.3,(3500,3500,3),666.797936225806,-438
977qkiyv,0.3,(3500,3500,3),734.679760410752,-242
40tpvbh,0.2,(3500,3500,3),928.774109494624,-437
40kotdy,0.3,(3500,3500,3),942.701331038204,-437
90qjykd,0.1,(3500,3500,3),1028.878572978495,-477
21vbgyx,0.3,(3500,3500,3),1298.047990577943,-242
268oslrw,0.3,(3500,3500,3),1302.303807355504,-242
34jxgbp,0.1,(3500,3500,3),1371.020288125647,-179
90scqow,0.1,(3500,3500,3),1383.779078714429,-179
268kvfwp,0.1,(3500,3500,3),1419.419496817204,437
519axwjk,0.2,(3500,3500,3),1443.580726761812,242
544pejld,0.3,(3500,3500,3),1592.824919276803,-437
