369zqhoa,0.3,(3500,5500,3),191.596475445823,206
772icznl,0.1,(3500,5500,3),357.071081376812,284
772hlimz,0.1,(3500,5500,3),362.752886862396,284
682ngvem,0.5,(3500,5500,3),363.769661346442,-543
185uwyfd,0.3,(3500,5500,3),388.527479335756,-181
35vpuhk,0.2,(3500,5500,3),447.506212621365,-183
436xorim,0.1,(3500,5500,3),502.113902782609,327
247sodux,0.2,(3500,5500,3),558.712476623188,-289
35gftha,0.4,(3500,5500,3),610.244116008122,206
608epcvy,0.1,(3500,5500,3),651.369206173913,288
662glnit,0.1,(3500,5500,3),737.737857985507,-454
132gbwlz,0.1,(3500,5500,3),894.077011070992,181
662boxri,0.1,(3500,5500,3),908.28087084058,284
9vcfwo,0.1,(3500,5500,3),1116.93344388187,-87
213azeyf,0.2,(3500,5500,3),1498.158700289855,-550
903kbtoj,0.1,(3500,5500,3),1554.908449246377,327
371msdzt,0.2,(3500,5500,3),1676.789438652174,-247
34xkays,0.3,(3500,5500,3),1937.467642397213,-182
