384lakdc,0.1,(3500,3500,3),102.701031526882,411
160shgry,0.1,(3500,3500,3),408.270813870968,-204
633tcmjl,0.2,(3500,3500,3),430.278434079136,300
227cgqad,0.4,(3500,3500,3),433.930754402963,-437
814zhowr,0.3,(3500,3500,3),642.157742516129,242
228ngsqz,0.3,(3500,3500,3),666.798295225806,-438
977qkiyv,0.2,(3500,3500,3),731.725707593548,-242
34ynekw,0.1,(3500,3500,3),848.899913763441,143
40kotdy,0.2,(3500,3500,3),938.709977231752,-437
90qjykd,0.2,(3500,3500,3),1027.173990956989,-477
21womue,0.5,(3500,3500,3),1296.886882075269,-242
268kvfwp,0.2,(3500,3500,3),1422.373882634409,437
519axwjk,0.1,(3500,3500,3),1440.310973643533,242
638zbjah,0.8,(3500,3500,3),1491.398430905266,242
544pejld,0.4,(3500,3500,3),1592.260321599384,-437
