227cgqad,0.6,(3500,3500,3),432.530958790059,-437
633tcmjl,0.3,(3500,3500,3),432.601086294189,300
814zhowr,0.3,(3500,3500,3),642.157569516129,242
228ngsqz,0.4,(3500,3500,3),667.721812967742,-438
977qkiyv,0.3,(3500,3500,3),734.679760410752,-242
40tpvbh,0.4,(3500,3500,3),926.584362989247,-437
40kotdy,0.3,(3500,3500,3),942.701331038204,-437
90qjykd,0.1,(3500,3500,3),1028.878745978495,-477
21vbgyx,0.3,(3500,3500,3),1298.047990577943,-242
268oslrw,0.3,(3500,3500,3),1302.303807355504,-242
268kvfwp,0.2,(3500,3500,3),1422.373722634409,437
519axwjk,0.1,(3500,3500,3),1440.310973643533,242
544pejld,0.3,(3500,3500,3),1592.824919276803,-437
