247ejtkx,0.1,(3500,6500,3),24.740641624889,529
247mevyx,0.2,(3500,6500,3),171.555701696203,-368
91tjdul,0.1,(3500,6500,3),202.531263688736,-601
247ntrfu,0.1,(3500,6500,3),562.916998037975,-289
478cyain,0.2,(3500,6500,3),606.803669687793,-528
639kcsfb,0.2,(3500,6500,3),633.691598451717,600
662glnit,0.2,(3500,6500,3),740.824822540187,-454
436yrgti,0.2,(3500,6500,3),811.835115113924,331
436iwrlt,0.2,(3500,6500,3),816.83720356962,331
213qluga,0.2,(3500,6500,3),1018.364574772152,-332
213zkpot,0.3,(3500,6500,3),1067.842511063418,-331
211xzisq,0.3,(3500,6500,3),1243.627065822785,-331
903kbtoj,0.1,(3500,6500,3),1554.444068468354,327
71smpyb,0.3,(3500,6500,3),1594.010151189873,454
592hrmgq,0.2,(3500,6500,3),1822.096911886076,328
211hudxa,0.2,(3500,6500,3),1993.083828177215,-528
