369zqhoa,0.1,(3500,5500,3),185.153051909591,206
185uwyfd,0.3,(3500,5500,3),205.527479335756,543
772khxus,0.1,(3500,5500,3),430.922515028986,285
35vpuhk,0.2,(3500,5500,3),446.506212621365,-183
163rygmt,0.1,(3500,5500,3),522.918442768116,-285
247ntrfu,0.1,(3500,5500,3),563.474404015365,-289
35gftha,0.3,(3500,5500,3),606.961617225513,206
287yvbep,0.1,(3500,5500,3),787.11162873913,-87
132gbwlz,0.3,(3500,5500,3),891.520434607224,181
213azeyf,0.3,(3500,5500,3),1496.960701434783,-550
371msdzt,0.2,(3500,5500,3),1676.789278652174,-247
34xkays,0.3,(3500,5500,3),1937.467642397213,-182
