393ikpyu,0.1,(4500,3500,3),201.576887256794,-164
184rdcyg,0.2,(4500,3500,3),342.301646282828,-209
83qjpyk,0.2,(4500,3500,3),393.19678569697,-245
250gqcvw,0.3,(4500,3500,3),413.532769151515,208
104oftld,0.1,(4500,3500,3),423.272677292929,-646
977lxevo,0.2,(4500,3500,3),462.7440591461,-244
640dvyua,0.2,(4500,3500,3),476.534788,-204
192oemlv,0.3,(4500,3500,3),488.627736606061,-127
160shgry,0.2,(4500,3500,3),498.837550070823,-647
177axtgj,0.3,(4500,3500,3),661.92110530303,-245
738vsplw,0.2,(4500,3500,3),674.208857272727,164
652cxeyd,0.3,(4500,3500,3),777.857846333333,245
154eqjny,0.4,(4500,3500,3),793.309733979798,-325
814uljoc,0.5,(4500,3500,3),885.849795269252,244
771zliox,0.2,(4500,3500,3),906.532640838384,-164
771itkad,0.4,(4500,3500,3),907.238940683733,-164
21crhqi,0.7,(4500,3500,3),983.579231474747,-245
268trhfm,0.9,(4500,3500,3),1042.953457272727,-244
713okzgn,0.1,(4500,3500,3),1157.214418747475,245
107hrsgy,0.1,(4500,3500,3),1227.405958616162,-325
540hzjab,0.1,(4500,3500,3),1362.998629787879,326
107yuprb,0.6,(4500,3500,3),1382.805518939394,-244
658yhnob,0.2,(4500,3500,3),1467.862139626263,245
519xpoyr,0.3,(4500,3500,3),1639.632533060606,244
216yduif,0.2,(4500,3500,3),1732.282404878788,209
