870ycghq,0.2,(4500,2500,3),296.064362508475,-119
179mjord,0.2,(4500,2500,3),493.972607152542,-36
432ptdyf,0.3,(4500,2500,3),502.219397864407,39
432raplo,0.3,(4500,2500,3),516.978300970625,39
771kvntc,0.3,(4500,2500,3),566.48088130825,119
868whbea,0.3,(4500,2500,3),595.686562161482,-36
78kulzt,0.2,(4500,2500,3),681.172259007255,117
868rglme,0.2,(4500,2500,3),737.930622914028,39
147ogakp,0.1,(4500,2500,3),848.624281661017,119
342tliqv,0.4,(4500,2500,3),858.643144288136,-42
64ldqni,0.1,(4500,2500,3),902.512683616741,36
93uvkym,0.2,(4500,2500,3),983.730371016949,119
64hdbiw,0.1,(4500,2500,3),1074.714844992335,-42
713dfknv,0.2,(4500,2500,3),1564.639109661017,36
