870ycghq,0.7,(4500,2500,3),472.523560779661,117
179mjord,0.3,(4500,2500,3),493.161637728814,-36
432raplo,0.2,(4500,2500,3),512.393002529947,39
771kvntc,0.2,(4500,2500,3),559.727340969267,119
868whbea,0.3,(4500,2500,3),595.686562161482,-36
104oftld,0.7,(4500,2500,3),617.802834237288,-119
147miayq,0.1,(4500,2500,3),631.175680898659,322
78kulzt,0.2,(4500,2500,3),681.172259007255,117
342crahz,0.4,(4500,2500,3),682.931980050847,36
809nrulz,0.4,(4500,2500,3),693.786758033898,322
868rglme,0.3,(4500,2500,3),741.59175267674,39
147ogakp,0.3,(4500,2500,3),856.088214983051,119
342tliqv,0.4,(4500,2500,3),858.642638288136,-42
64ldqni,0.1,(4500,2500,3),902.512683616741,36
93uvkym,0.2,(4500,2500,3),983.729865016949,119
64hdbiw,0.5,(4500,2500,3),1092.345139771996,-42
713dfknv,0.3,(4500,2500,3),1569.650428491525,36
