652gezwj,0.2,(4500,4500,3),308.957636887755,24
67rsejo,0.3,(4500,4500,3),325.866277522722,-20
913tcsle,0.1,(4500,4500,3),336.152453541551,20
573vaqnb,0.2,(4500,4500,3),353.084685655172,19
29dtavk,0.2,(4500,4500,3),435.605614709108,-406
321lftqg,0.1,(4500,4500,3),457.758640765517,-23
192oemlv,0.2,(4500,4500,3),487.630400072129,-127
458zgvcn,0.1,(4500,4500,3),545.440222719408,-20
324padhc,0.3,(4500,4500,3),547.897898137189,-20
738pitel,0.4,(4500,4500,3),588.734822731034,-167
904iqfcm,0.5,(4500,4500,3),687.96970686328,20
713kjryi,0.7,(4500,4500,3),697.070547813785,24
713ueail,0.7,(4500,4500,3),699.001337489655,24
592kfuyc,0.2,(4500,4500,3),747.51250631689,-24
402kznjh,0.2,(4500,4500,3),766.6296384,-20
368buefr,0.1,(4500,4500,3),808.9250038004,-25
452svkco,0.2,(4500,4500,3),922.942577917241,-167
184sucio,0.5,(4500,4500,3),937.768407,-24
250emzvt,0.3,(4500,4500,3),942.196571468966,429
765vhrfn,0.3,(4500,4500,3),1023.44542157931,-20
292jbadg,0.3,(4500,4500,3),1063.66907538723,-20
947yaisc,0.2,(4500,4500,3),1068.134244089655,20
534zekcu,0.1,(4500,4500,3),1226.971667144954,20
438fhiyw,0.8,(4500,4500,3),1317.084086124138,-20
651udzaw,0.5,(4500,4500,3),1317.249783413793,-20
276dfabw,0.1,(4500,4500,3),1321.493269344828,24
665qugeh,0.2,(4500,4500,3),1349.266447017634,210
195ogdkz,0.1,(4500,4500,3),1406.853735951724,-114
147vfzhm,0.2,(4500,4500,3),1416.623167448276,-22
147eqhdw,0.3,(4500,4500,3),1417.539650675862,-22
710unsah,0.7,(4500,4500,3),1436.6949696,-20
710cbvyg,0.4,(4500,4500,3),1437.638443310345,-20
28qihan,0.3,(4500,4500,3),1491.040240737931,166
886zumvf,0.1,(4500,4500,3),1496.882060490454,21
9vcfwo,0.3,(4500,4500,3),1577.830531048276,20
9ixumo,0.1,(4500,4500,3),1584.566443050038,20
84tacry,0.1,(4500,4500,3),1627.461367022672,20
666gqorz,0.4,(4500,4500,3),1642.330862062069,-20
594xjpae,0.3,(4500,4500,3),1741.925674651381,-20
243qypzt,0.2,(4500,4500,3),1769.357615283899,-20
978jtxcz,0.1,(4500,4500,3),1816.111725075862,-23
978zblgi,0.1,(4500,4500,3),1999.742688777125,19
