925ykbos,0.3,(4500,1500,3),177.058992450893,430
196xvgru,0.4,(4500,1500,3),236.859987173913,-430
188oziwc,0.2,(4500,1500,3),357.623422043478,-679
147dujic,0.6,(4500,1500,3),381.285152217391,679
196drntv,0.2,(4500,1500,3),418.940217478261,-679
196guyzv,0.2,(4500,1500,3),424.252841130435,-679
188lkxya,0.1,(4500,1500,3),427.251438039725,-464
147miayq,0.1,(4500,1500,3),628.638564956522,322
809nrulz,0.1,(4500,1500,3),691.604953086957,322
225adjio,0.2,(4500,1500,3),886.470167430514,-464
352mdyql,0.1,(4500,1500,3),1225.712805956522,685
447ldwkj,0.3,(4500,1500,3),1274.913684649527,-679
618tcdxs,0.1,(4500,1500,3),1387.542130782609,-44
951dcoip,0.7,(4500,1500,3),1791.194807174493,-430
