663drvlw,0.2,(4500,5500,3),121.629512611715,110
772nuoiy,0.1,(4500,5500,3),160.403514943662,-351
772icznl,0.4,(4500,5500,3),427.744613575027,285
772hlimz,0.1,(4500,5500,3),428.612723746479,285
163rygmt,0.1,(4500,5500,3),522.768517101774,-285
772lwmxy,0.2,(4500,5500,3),560.393711749677,287
975ajryd,0.4,(4500,5500,3),661.917608779423,109
975uwxeo,0.2,(4500,5500,3),672.375896794332,109
431wlyiu,0.1,(4500,5500,3),753.437936070423,-210
662boxri,0.5,(4500,5500,3),1023.597053704225,286
608pxuoi,0.3,(4500,5500,3),1263.408771344527,-109
71xjaly,0.3,(4500,5500,3),1352.439869690141,-285
195ogdkz,0.2,(4500,5500,3),1476.83323906363,-113
368waqmk,0.3,(4500,5500,3),1477.928903130599,-285
886zumvf,0.2,(4500,5500,3),1497.821555732394,21
662nkube,0.2,(4500,5500,3),1596.203817352113,-112
651zwqdn,0.2,(4500,5500,3),1623.050965661972,453
