120qpkye,0.1,(4500,500,3),113.479372989741,214
221ieryx,0.3,(4500,500,3),126.32312533655,585
809uwiyg,0.1,(4500,500,3),138.736442902439,-176
233tghsc,0.2,(4500,500,3),152.588906876138,214
16svruq,0.6,(4500,500,3),177.657305274855,-176
189acyjs,0.3,(4500,500,3),212.164534755652,684
6vlczg,0.1,(4500,500,3),272.462364072851,684
417imowj,0.7,(4500,500,3),311.872853672641,685
16oxkun,0.2,(4500,500,3),313.994539267554,684
815fsoxm,0.3,(4500,500,3),316.679120893598,684
55fecwh,0.2,(4500,500,3),317.552888731707,684
417odhtn,0.5,(4500,500,3),337.219415595226,684
417zyhdn,0.2,(4500,500,3),343.328185979565,684
221zepqo,0.1,(4500,500,3),413.338954536585,6
221vycab,0.3,(4500,500,3),423.804249809843,6
675dcsxo,0.4,(4500,500,3),508.185326195122,176
100yspnh,0.3,(4500,500,3),716.141857,-6
401rgmjn,0.1,(4500,500,3),956.010883097561,-7
925lizfj,0.9,(4500,500,3),984.002102585366,212
595tfryx,0.4,(4500,500,3),1008.660765829268,-6
143gsfuy,0.1,(4500,500,3),1147.540848463415,-7
466yvaof,0.3,(4500,500,3),1217.637069804878,-6
352mdyql,0.2,(4500,500,3),1229.398844104174,685
144qexgz,0.2,(4500,500,3),1241.223809414634,684
144tgvzs,0.1,(4500,500,3),1244.121992609507,684
208wnope,0.5,(4500,500,3),1323.750882463415,685
158ipflx,0.4,(4500,500,3),1358.433610609756,-6
870bfrey,0.3,(4500,500,3),1371.713097536585,-558
870zecgn,0.3,(4500,500,3),1373.355616707317,-558
466twkmf,0.4,(4500,500,3),1442.009746585366,5
968pcwil,0.3,(4500,500,3),1444.404176902439,684
143orxbn,0.4,(4500,500,3),1471.198260219512,-685
10pvwoa,0.1,(4500,500,3),1671.339538829268,-684
885yoxaf,0.3,(4500,500,3),1672.780094073171,-211
124vnxio,0.3,(4500,500,3),1696.782757512195,5
884qzufl,0.3,(4500,500,3),1717.123467057843,425
8kaiob,0.6,(4500,500,3),1726.434523365854,426
8bgckl,0.3,(4500,500,3),1726.738930634146,426
617phsnt,0.2,(4500,500,3),1731.683446756098,-685
488wlomx,0.3,(4500,500,3),1743.465305211081,-580
288deapq,0.2,(4500,500,3),1988.498619006688,-684
