815fsoxm,0.1,(4500,500,3),129.216361869208,-212
233tghsc,0.2,(4500,500,3),139.588906876138,214
6vlczg,0.2,(4500,500,3),273.372768755778,684
123jtpdz,0.5,(4500,500,3),278.196529380324,684
16oxkun,0.5,(4500,500,3),313.418853023651,684
55fecwh,0.3,(4500,500,3),321.082082097561,684
417odhtn,0.1,(4500,500,3),325.02270300986,685
417zyhdn,0.3,(4500,500,3),347.266739735663,684
221mucwl,0.4,(4500,500,3),393.901248560976,684
949yizdu,0.5,(4500,500,3),399.670993016995,684
221zepqo,0.4,(4500,500,3),413.318189146341,6
221vycab,0.2,(4500,500,3),420.326046492769,6
100yspnh,0.2,(4500,500,3),717.838063,-6
714lhmue,0.3,(4500,500,3),723.735238097561,-684
358udymk,0.4,(4500,500,3),798.862425791756,425
898cuxqr,0.9,(4500,500,3),900.240881148908,684
225adjio,0.5,(4500,500,3),1118.686172658537,212
466yvaof,0.3,(4500,500,3),1216.636883804878,-6
352mdyql,0.2,(4500,500,3),1229.398844104174,685
144qexgz,0.1,(4500,500,3),1241.384795707317,684
144tgvzs,0.3,(4500,500,3),1249.6461978778,684
208nkvrm,0.4,(4500,500,3),1321.262665780488,685
870bfrey,0.1,(4500,500,3),1371.250165512195,-558
870zecgn,0.3,(4500,500,3),1373.355443707317,-558
466twkmf,0.3,(4500,500,3),1443.661806439024,5
968pcwil,0.3,(4500,500,3),1444.404003902439,684
242crawf,0.1,(4500,500,3),1447.699159146341,685
143gsfuy,0.9,(4500,500,3),1448.982498170732,-684
143orxbn,0.1,(4500,500,3),1456.083273804878,-684
10pvwoa,0.4,(4500,500,3),1671.530917317073,-684
885yoxaf,0.2,(4500,500,3),1671.56006804878,-211
124vnxio,0.3,(4500,500,3),1696.782610512195,5
884qzufl,0.3,(4500,500,3),1717.123467057843,425
617phsnt,0.1,(4500,500,3),1728.665446878049,-685
8bgckl,0.2,(4500,500,3),1728.672328756098,426
488wlomx,0.2,(4500,500,3),1743.652052528155,-580
288deapq,0.2,(4500,500,3),1988.498619006688,-684
