870ycghq,0.1,(4500,2500,3),204.972275254237,647
640dvyua,0.1,(4500,2500,3),478.315513932203,-204
179mjord,0.3,(4500,2500,3),493.161996728814,-36
432ptdyf,0.3,(4500,2500,3),502.219250864407,39
432raplo,0.3,(4500,2500,3),516.978300970625,39
771kvntc,0.2,(4500,2500,3),559.727340969267,119
868whbea,0.2,(4500,2500,3),591.207898568262,-36
78kulzt,0.2,(4500,2500,3),681.172259007255,117
342crahz,0.3,(4500,2500,3),682.271183288136,36
342tliqv,0.1,(4500,2500,3),689.541096322034,36
147miayq,0.6,(4500,2500,3),738.542905305439,-117
868rglme,0.3,(4500,2500,3),741.59175267674,39
147ogakp,0.4,(4500,2500,3),859.820780644068,119
64ldqni,0.1,(4500,2500,3),902.512683616741,36
93uvkym,0.2,(4500,2500,3),983.730198016949,119
64hdbiw,0.1,(4500,2500,3),1074.714844992335,-42
713dfknv,0.2,(4500,2500,3),1564.638923661017,36
618tcdxs,0.2,(4500,2500,3),1687.547706694915,-43
