393ikpyu,0.4,(4500,3500,3),210.283245559825,-164
184rdcyg,0.3,(4500,3500,3),345.245972424242,-209
83qjpyk,0.3,(4500,3500,3),393.183478545455,-245
160shgry,0.1,(4500,3500,3),408.02454643446,-204
250gqcvw,0.2,(4500,3500,3),411.032960434343,208
977lxevo,0.3,(4500,3500,3),465.031861327919,-244
640dvyua,0.1,(4500,3500,3),478.340337,-204
640hgace,0.3,(4500,3500,3),486.515906836975,-204
177axtgj,0.1,(4500,3500,3),573.71861810101,-325
771zliox,0.3,(4500,3500,3),726.943000757576,204
735yqsav,0.2,(4500,3500,3),739.230337092787,244
652cxeyd,0.3,(4500,3500,3),777.857699333333,245
771itkad,0.2,(4500,3500,3),796.943102299894,646
21crhqi,0.2,(4500,3500,3),878.501621707071,-325
492bejpx,0.1,(4500,3500,3),1045.572664179881,-325
492krbsx,0.5,(4500,3500,3),1152.443881252525,-245
713okzgn,0.3,(4500,3500,3),1156.599590242424,245
268oslrw,0.1,(4500,3500,3),1241.614622111111,-243
40wkcyu,1,(4500,3500,3),1323.571103367344,244
107hrsgy,0.4,(4500,3500,3),1323.684094464646,-245
107yuprb,0.1,(4500,3500,3),1330.634436989899,-245
540hzjab,0.1,(4500,3500,3),1362.998482787879,326
900clnhd,0.4,(4500,3500,3),1383.336544454545,-244
658yhnob,0.2,(4500,3500,3),1467.861953626263,245
519axwjk,0.2,(4500,3500,3),1548.184654525253,243
519xpoyr,0.2,(4500,3500,3),1636.115910373737,244
216yduif,0.2,(4500,3500,3),1732.282218878788,209
649lgmzc,0.1,(4500,3500,3),1765.722321979798,-401
