925ykbos,0.2,(4500,1500,3),173.252205668284,430
196xvgru,0.4,(4500,1500,3),236.859827173913,-430
147dujic,0.1,(4500,1500,3),291.427434869565,464
188oziwc,0.2,(4500,1500,3),357.623249043478,-679
196drntv,0.3,(4500,1500,3),417.564496217391,-679
196guyzv,0.2,(4500,1500,3),424.252694130435,-679
188lkxya,0.2,(4500,1500,3),429.918468300594,-464
144qexgz,0.2,(4500,1500,3),1230.606243696845,685
447ldwkj,0.2,(4500,1500,3),1272.087088475614,-679
951dcoip,0.1,(4500,1500,3),1611.824917783188,43
618tcdxs,0.5,(4500,1500,3),1686.574787913043,-43
617phsnt,0.1,(4500,1500,3),1728.337145535768,-685
