328qazmn,0.3,(5500,500,3),393.917506957746,7
100bapgi,0.2,(5500,500,3),447.217292883839,-10
123cxbig,0.3,(5500,500,3),564.006466943662,7
189hsudv,0.2,(5500,500,3),569.492793144262,8
123dxtfr,0.3,(5500,500,3),579.371781411009,7
949jphni,0.2,(5500,500,3),708.163998577465,8
6dsgel,0.3,(5500,500,3),715.764720647385,10
125qkuoa,0.2,(5500,500,3),730.228622194127,8
595tfryx,0.2,(5500,500,3),798.09040417016,-9
320uasdt,0.3,(5500,500,3),803.360598586684,10
334higmo,0.3,(5500,500,3),1063.824332401466,-8
334zsuyn,0.2,(5500,500,3),1067.967458740837,-8
934ymbfw,0.3,(5500,500,3),1073.707531084507,-8
143lwoeb,0.2,(5500,500,3),1082.151145690141,-8
603zfrdt,0.4,(5500,500,3),1183.533828070423,8
240aqhny,0.4,(5500,500,3),1237.946136202505,-9
898mkpcs,0.6,(5500,500,3),1301.644370358759,8
207mhgtu,0.3,(5500,500,3),1429.767379704225,-7
144zescj,0.2,(5500,500,3),1508.060858211268,8
288sucbx,0.4,(5500,500,3),1624.086660332082,-8
242ebsdm,0.2,(5500,500,3),1776.659889056338,8
155nmwcp,0.2,(5500,500,3),1853.380080475888,8
172lmedr,0.2,(5500,500,3),1971.769357404314,8
