221mucwl,0.1,(5500,500,3),287.880344943662,425
328qazmn,0.3,(5500,500,3),393.917151957746,7
100bapgi,0.3,(5500,500,3),450.87992454581,-10
123cxbig,0.3,(5500,500,3),564.006120943662,7
189hsudv,0.2,(5500,500,3),569.492793144262,8
123dxtfr,0.3,(5500,500,3),579.371781411009,7
949jphni,0.3,(5500,500,3),707.598525366197,8
6dsgel,0.3,(5500,500,3),715.764720647385,10
125qkuoa,0.2,(5500,500,3),730.228622194127,8
595tfryx,0.1,(5500,500,3),793.600726649033,-9
320uasdt,0.2,(5500,500,3),801.162024614853,10
334zsuyn,0.2,(5500,500,3),1067.967458740837,-8
934ymbfw,0.3,(5500,500,3),1073.707211084507,-8
143lwoeb,0.3,(5500,500,3),1081.674297535211,-8
240aqhny,0.1,(5500,500,3),1182.907354005322,-10
149kuvhe,0.3,(5500,500,3),1193.465978197183,7
898cqfpr,0.4,(5500,500,3),1266.652395859155,8
898mkpcs,0.1,(5500,500,3),1300.583885851716,8
158ipflx,0.1,(5500,500,3),1358.774752509169,-6
207mhgtu,0.3,(5500,500,3),1429.767085704225,-7
352qpfwb,0.5,(5500,500,3),1501.598887056338,8
144juncv,0.3,(5500,500,3),1507.558529690141,8
144zescj,0.3,(5500,500,3),1507.731670816901,8
288sucbx,0.3,(5500,500,3),1622.183459881378,-8
242ebsdm,0.2,(5500,500,3),1776.659543056338,8
155nmwcp,0.2,(5500,500,3),1853.380080475888,8
172lmedr,0.2,(5500,500,3),1971.769357404314,8
