297cflta,0.3,(5500,4500,3),157.651919597183,13
111arcmv,0.1,(5500,4500,3),162.308771619006,-375
451hojuv,0.4,(5500,4500,3),166.478074235568,448
757pabgq,0.2,(5500,4500,3),335.639180927042,-13
429kngbe,0.3,(5500,4500,3),347.461383738318,-13
180godhj,0.4,(5500,4500,3),397.271692506263,374
431twrfu,0.5,(5500,4500,3),462.858778252336,-13
429zsobt,0.1,(5500,4500,3),531.854911450591,-210
913tcsle,0.7,(5500,4500,3),737.30043128972,-14
503ftgmn,0.4,(5500,4500,3),787.874004102804,13
438lgjto,0.4,(5500,4500,3),801.203343975882,-13
438zwixo,0.3,(5500,4500,3),803.181948765165,-13
398shdoa,0.3,(5500,4500,3),824.059785504673,-210
663btawg,0.1,(5500,4500,3),918.289935393864,-374
578loxka,0.3,(5500,4500,3),956.434272311863,14
270vtwkf,0.6,(5500,4500,3),958.998370415361,14
178yugsv,0.1,(5500,4500,3),986.26692646729,-375
573bsfog,0.2,(5500,4500,3),1004.943825816309,-375
651mzqxy,0.3,(5500,4500,3),1041.355892449898,-210
651udzaw,0.1,(5500,4500,3),1047.601045302775,-210
317qfcer,0.4,(5500,4500,3),1057.012960971963,375
304nchoe,0.4,(5500,4500,3),1088.494408046729,-13
317yhxoq,0.1,(5500,4500,3),1177.99962082243,-13
710unsah,0.1,(5500,4500,3),1183.47152388785,-210
304fngze,0.4,(5500,4500,3),1197.36333681788,14
191pzqxa,0.3,(5500,4500,3),1272.857008205607,375
534zekcu,0.2,(5500,4500,3),1312.194825018692,25
53uhzjv,0.8,(5500,4500,3),1539.028967242991,-13
446irthc,0.5,(5500,4500,3),1541.686165439252,-13
665qugeh,0.1,(5500,4500,3),1583.233326205607,13
191prmao,0.3,(5500,4500,3),1611.058035434004,-210
287zlbya,0.2,(5500,4500,3),1752.013276816303,-375
243miuln,0.1,(5500,4500,3),1757.598422798149,-20
130wkmdt,0.2,(5500,4500,3),1788.736089980265,-210
684rdail,0.3,(5500,4500,3),1791.83764182243,-210
130gjacy,0.2,(5500,4500,3),1795.289309470327,-210
828eafoc,0.2,(5500,4500,3),1828.448363813084,210
4hgmdk,0.2,(5500,4500,3),1953.612001316363,-375
84fophl,0.3,(5500,4500,3),1970.08933420769,-14
