368xheuz,0.3,(6500,4500,3),139.238917323338,223
111arcmv,0.1,(6500,4500,3),149.541583135593,-375
360rufte,0.3,(6500,4500,3),271.349563220339,-223
180godhj,0.3,(6500,4500,3),342.644181389831,358
438jkcqo,0.2,(6500,4500,3),387.598197793175,223
297qeksi,0.2,(6500,4500,3),422.795885830508,-224
666axjph,0.1,(6500,4500,3),604.661582033898,222
663btawg,0.1,(6500,4500,3),727.592595101695,13
594qopwd,0.1,(6500,4500,3),857.584507405163,223
317qfcer,0.1,(6500,4500,3),885.982587191712,224
178yugsv,0.2,(6500,4500,3),987.515452785311,-375
191mpxls,0.3,(6500,4500,3),1015.332981392574,223
552nhylv,0.2,(6500,4500,3),1039.941899405179,222
53uhzjv,0.1,(6500,4500,3),1109.039251974329,223
130geajc,0.3,(6500,4500,3),1111.194395627119,223
573cyorg,0.3,(6500,4500,3),1124.688593372881,-374
503hcxjg,0.3,(6500,4500,3),1385.641968036615,-222
106ufylh,0.4,(6500,4500,3),1656.113768459058,-223
856yomnl,0.3,(6500,4500,3),1789.414628355448,-224
779yxljf,0.1,(6500,4500,3),1913.819124237288,-224
534usgqt,0.2,(6500,4500,3),1923.028543983051,-224
