714gsalr,0.1,(6500,500,3),121.25671618691,-11
936prdhq,0.1,(6500,500,3),218.829664719853,386
334bnlug,0.3,(6500,500,3),496.256079124472,3
142tmpfc,0.3,(6500,500,3),668.63919773924,-3
708lnirs,0.2,(6500,500,3),674.012269118989,0
727xoluw,0.1,(6500,500,3),676.995174656888,-3
207xztfh,0.2,(6500,500,3),833.09449587234,3
207osqhz,0.3,(6500,500,3),849.00077593617,3
51tblha,0.1,(6500,500,3),852.619095322206,-11
617qvwdx,0.4,(6500,500,3),878.334851787234,3
142whnre,0.3,(6500,500,3),928.480394489362,0
815tefvo,0.4,(6500,500,3),1083.215383085106,-3
815yfsnu,0.2,(6500,500,3),1090.975839913065,-3
898pxswi,0.1,(6500,500,3),1428.801119939746,10
