714wxslt,0.2,(6500,500,3),78.492783216521,390
714gsalr,0.3,(6500,500,3),128.217476016697,-11
936prdhq,0.1,(6500,500,3),218.829664719853,386
334bnlug,0.4,(6500,500,3),497.606554018089,3
142tmpfc,0.2,(6500,500,3),666.274324207325,-3
708lnirs,0.1,(6500,500,3),671.446604438138,0
727xoluw,0.3,(6500,500,3),678.724921720718,-3
207xztfh,0.3,(6500,500,3),833.704927808511,3
207osqhz,0.2,(6500,500,3),844.985099957447,3
51tblha,0.1,(6500,500,3),848.619095322206,-11
815yfsnu,0.4,(6500,500,3),1097.445776934341,-3
196iqloh,0.1,(6500,500,3),1496.899011553191,0
898pxswi,0.9,(6500,500,3),1646.961881131236,-3
