355lxzvf,0.5,(6500,3500,3),257.573856887035,643
886axslj,0.2,(6500,3500,3),317.4086304,-131
81lkunv,0.1,(6500,3500,3),321.464391231946,-359
886ajhcr,0.4,(6500,3500,3),333.034871634501,-131
914ayerl,0.3,(6500,3500,3),386.233792069768,-70
492gmcqh,1,(6500,3500,3),398.634195,-75
726dnryj,0.1,(6500,3500,3),467.907208949156,-104
154kiuah,0.2,(6500,3500,3),474.657386168208,130
438ubxko,0.1,(6500,3500,3),498.956534713993,224
418ckrmy,0.4,(6500,3500,3),503.50068,-549
747qjczk,0.2,(6500,3500,3),550.786790074554,578
497uteoh,0.2,(6500,3500,3),567.862007961452,292
497orcjw,0.1,(6500,3500,3),567.9866486,292
594ijxhz,0.1,(6500,3500,3),596.7837356,-225
666axjph,0.1,(6500,3500,3),605.0340818,222
756torsz,0.2,(6500,3500,3),673.8334766,595
900myuit,0.3,(6500,3500,3),683.8284044,-75
900thrcs,0.4,(6500,3500,3),684.039057,-75
107qkyou,0.4,(6500,3500,3),792.994343859705,73
434pndzx,0.3,(6500,3500,3),799.078436538905,73
107xzvrq,0.2,(6500,3500,3),889.440827076078,130
434grfcw,0.1,(6500,3500,3),919.694269,-93
640snwko,0.6,(6500,3500,3),1531.365138486898,-70
640afgtq,0.2,(6500,3500,3),1536.954118661261,-70
192vjndy,0.3,(6500,3500,3),1601.270283174053,-532
40tawrz,0.2,(6500,3500,3),1932.7060822,-130
