355lxzvf,0.2,(6500,3500,3),188.631648887035,532
146tbxao,0.1,(6500,3500,3),192.429033,105
886ajhcr,0.1,(6500,3500,3),319.013265234501,-131
726dnryj,0.2,(6500,3500,3),331.045231349156,75
497sumgz,0.1,(6500,3500,3),358.318517303957,-432
914ayerl,0.5,(6500,3500,3),386.933120069768,-70
25zbvsa,0.1,(6500,3500,3),391.5827268,-224
747msdep,0.1,(6500,3500,3),428.1273,499
154kiuah,0.1,(6500,3500,3),469.624221368208,130
747qjczk,0.3,(6500,3500,3),553.513087674554,578
107qkyou,0.2,(6500,3500,3),665.287310259705,-75
756wzrev,0.4,(6500,3500,3),671.4723682,595
756torsz,0.3,(6500,3500,3),671.5560684,595
900myuit,0.4,(6500,3500,3),683.4685002,-75
900thrcs,0.4,(6500,3500,3),684.039243,-75
202uxbwq,0.1,(6500,3500,3),752.2159094,292
434pndzx,0.3,(6500,3500,3),799.078436538905,73
107xzvrq,0.2,(6500,3500,3),889.440827076078,130
552nhylv,0.1,(6500,3500,3),1036.7016332,222
640snwko,0.1,(6500,3500,3),1387.146130486898,578
640afgtq,0.3,(6500,3500,3),1540.047417861261,-70
192vjndy,0.2,(6500,3500,3),1596.158475174053,-532
40tawrz,0.3,(6500,3500,3),1932.6362768,-130
