368xheuz,0.2,(6500,4500,3),136.75077088266,223
111arcmv,0.1,(6500,4500,3),149.542076135593,-375
360rufte,0.2,(6500,4500,3),273.330128813559,-223
431gbqfu,0.1,(6500,4500,3),341.90706696673,375
180godhj,0.2,(6500,4500,3),343.706131926554,358
438jkcqo,0.4,(6500,4500,3),388.228513544588,223
297qeksi,0.2,(6500,4500,3),422.796339830508,-224
25zbvsa,0.3,(6500,4500,3),468.974350385518,-223
666axjph,0.7,(6500,4500,3),783.296912237288,223
663btawg,0.2,(6500,4500,3),818.71598220339,-375
620wzurl,0.3,(6500,4500,3),848.477722067797,222
594qopwd,0.1,(6500,4500,3),857.584507405163,223
178yugsv,0.2,(6500,4500,3),987.515798785311,-375
191mpxls,0.4,(6500,4500,3),1018.058094160935,223
552nhylv,0.3,(6500,4500,3),1043.567484218738,222
130geajc,0.2,(6500,4500,3),1113.379769751412,223
573cyorg,0.1,(6500,4500,3),1118.33841479096,-374
191pzqxa,0.1,(6500,4500,3),1198.048692936338,374
446irthc,0.1,(6500,4500,3),1232.706058111779,224
503hcxjg,0.2,(6500,4500,3),1382.348136081813,-222
684rdail,0.1,(6500,4500,3),1422.841341212635,375
106ufylh,0.1,(6500,4500,3),1642.535597882787,-223
856yomnl,0.3,(6500,4500,3),1789.414628355448,-224
534usgqt,0.1,(6500,4500,3),1921.479296491525,-224
