714wxslt,0.4,(6500,500,3),85.810505088862,390
714gsalr,0.2,(6500,500,3),124.737096101803,-11
936prdhq,0.1,(6500,500,3),218.829664719853,386
334bnlug,0.3,(6500,500,3),496.256079124472,3
142tmpfc,0.2,(6500,500,3),666.274324207325,-3
708lnirs,0.1,(6500,500,3),671.446604438138,0
727xoluw,0.3,(6500,500,3),678.724921720718,-3
18ltgfc,0.2,(6500,500,3),807.215584978723,-1
207xztfh,0.3,(6500,500,3),833.705074808511,3
207osqhz,0.3,(6500,500,3),849.00108293617,3
51tblha,0.3,(6500,500,3),857.928905705185,-11
617qvwdx,0.4,(6500,500,3),878.335037787234,3
142whnre,0.4,(6500,500,3),931.247023319149,0
815tefvo,0.3,(6500,500,3),1081.89136006383,-3
815yfsnu,0.2,(6500,500,3),1090.975839913065,-3
240aqhny,0.1,(6500,500,3),1181.599316106383,-10
