368xheuz,0.2,(6500,4500,3),136.75077088266,223
111arcmv,0.2,(6500,4500,3),152.243332271186,-375
360rufte,0.2,(6500,4500,3),273.329955813559,-223
180godhj,0.1,(6500,4500,3),343.767563463277,358
438jkcqo,0.2,(6500,4500,3),386.598197793175,223
297qeksi,0.3,(6500,4500,3),423.350687745763,-224
25zbvsa,0.3,(6500,4500,3),468.974350385518,-223
666axjph,0.1,(6500,4500,3),604.661729033898,222
243tcifv,0.3,(6500,4500,3),767.929792237288,222
684bxgez,0.6,(6500,4500,3),938.570779305085,222
552nhylv,0.2,(6500,4500,3),1039.941899405179,222
130geajc,0.3,(6500,4500,3),1111.194754627119,223
573bsfog,0.1,(6500,4500,3),1111.465182079096,-374
573cyorg,0.1,(6500,4500,3),1118.33824179096,-374
178jgpwq,0.4,(6500,4500,3),1203.041766365742,-224
503hcxjg,0.3,(6500,4500,3),1385.641968036615,-222
106ufylh,0.2,(6500,4500,3),1647.061654741544,-223
856yomnl,0.2,(6500,4500,3),1786.547335790477,-224
779yxljf,0.2,(6500,4500,3),1916.449822474576,-224
534usgqt,0.3,(6500,4500,3),1921.578630474576,-224
