317lykpd,0.1,(7500,3500,3),99.134217618066,142
31lfmie,0.3,(7500,3500,3),131.404359872727,-450
353njgms,0.2,(7500,3500,3),139.567965536401,-504
434cvkzo,0.2,(7500,3500,3),165.690561390957,-138
26mbiux,0.1,(7500,3500,3),186.555772539394,-259
146tbxao,0.2,(7500,3500,3),193.753396065697,105
53tkvaz,0.1,(7500,3500,3),204.067651787879,-139
918qwgem,0.2,(7500,3500,3),268.959536333333,-259
455ktqys,0.1,(7500,3500,3),328.555314424242,-140
107zmniv,0.4,(7500,3500,3),382.432779230303,141
917zrnvu,0.1,(7500,3500,3),399.978469771643,142
866mwxoy,0.2,(7500,3500,3),428.49427671109,138
468pircy,0.5,(7500,3500,3),532.44387569697,105
497uteoh,0.3,(7500,3500,3),567.817546018182,292
726dnryj,0.5,(7500,3500,3),587.680908757576,103
660eytkb,0.1,(7500,3500,3),611.848941448772,-504
62eizuw,0.4,(7500,3500,3),673.380730357576,-432
355fqxsl,0.4,(7500,3500,3),718.259407949811,-523
202uxbwq,0.2,(7500,3500,3),756.193493048485,292
62qzhvb,0.2,(7500,3500,3),762.414927933974,-105
660aglhn,0.3,(7500,3500,3),845.056850292922,-141
81snigm,0.1,(7500,3500,3),971.61374412622,103
773gquek,0.2,(7500,3500,3),1177.116753018182,-140
663chgvj,0.1,(7500,3500,3),1471.812687339009,293
182qnhzm,0.2,(7500,3500,3),1657.885748145455,-141
106ejiwd,0.1,(7500,3500,3),1930.584504715152,225
