951jbkwy,0.1,(7500,3500,3),97.414744951515,-451
31lfmie,0.3,(7500,3500,3),131.404039872727,-450
353njgms,0.1,(7500,3500,3),135.551601706098,-504
555yntue,0.1,(7500,3500,3),163.655910391979,587
434cvkzo,0.2,(7500,3500,3),165.690561390957,-138
146tbxao,0.3,(7500,3500,3),194.185099338424,105
918qwgem,0.1,(7500,3500,3),297.163000666667,-258
455ktqys,0.3,(7500,3500,3),327.639025272727,-140
89ujkhy,0.2,(7500,3500,3),335.889774432407,138
107zmniv,0.2,(7500,3500,3),381.874491115152,141
497sumgz,0.3,(7500,3500,3),422.325342181818,-105
866mwxoy,0.3,(7500,3500,3),431.798879862605,138
468pircy,0.2,(7500,3500,3),463.826128478788,-106
849yvzwa,0.8,(7500,3500,3),491.933763745455,-103
497uteoh,0.1,(7500,3500,3),504.513021006061,106
660eytkb,0.4,(7500,3500,3),618.279333303318,-504
62eizuw,0.1,(7500,3500,3),671.371846339394,-432
355fqxsl,0.3,(7500,3500,3),717.954804798295,-523
202uxbwq,0.1,(7500,3500,3),751.973449024242,292
62qzhvb,0.2,(7500,3500,3),760.414927933974,-105
660aglhn,0.2,(7500,3500,3),842.311487674741,-141
81snigm,0.1,(7500,3500,3),971.61374412622,103
465tqazn,0.3,(7500,3500,3),1093.017811327273,450
773gquek,0.3,(7500,3500,3),1178.844544527273,-140
773cfxdm,0.4,(7500,3500,3),1178.976416663103,-140
663chgvj,0.3,(7500,3500,3),1607.523136599615,-523
182qnhzm,0.2,(7500,3500,3),1657.885376145455,-141
