66vnhbe,0.2,(7500,4500,3),243.097954285714,257
1bciko,0.2,(7500,4500,3),338.238252412698,-225
243nsbru,0.3,(7500,4500,3),458.836166047619,257
594ijxhz,0.3,(7500,4500,3),523.81191652381,-225
53nroej,0.4,(7500,4500,3),536.483673126984,257
243tcifv,0.1,(7500,4500,3),632.76077668254,-225
684qgrwn,0.3,(7500,4500,3),648.354107569949,257
620wzurl,0.1,(7500,4500,3),705.298269544459,-225
53geulc,0.2,(7500,4500,3),731.759732094062,-225
684bxgez,0.1,(7500,4500,3),802.088689539683,-225
25ebypt,0.3,(7500,4500,3),863.618447142857,-257
297rbaes,0.3,(7500,4500,3),949.85332566414,-257
503tzagj,0.2,(7500,4500,3),1607.937055603175,225
316xmvob,0.2,(7500,4500,3),1821.348767256775,-257
