334gypkv,0.2,(7500,500,3),207.067223811154,-2
727ujlrh,0.2,(7500,500,3),242.931064819153,-389
8rlgph,0.2,(7500,500,3),309.401230673778,102
143lmvir,0.5,(7500,500,3),321.705186461538,-2
803ncqyf,0.3,(7500,500,3),336.828167646154,-439
143oprat,0.1,(7500,500,3),421.270396245829,-1
199rucin,0.3,(7500,500,3),495.100011892308,102
936prdhq,0.7,(7500,500,3),508.067957846154,567
207nrkvh,0.3,(7500,500,3),589.085328618234,-2
10bhqkp,0.2,(7500,500,3),611.721444946137,-1
18ltgfc,0.1,(7500,500,3),802.962874906014,-1
189vqxup,0.2,(7500,500,3),1419.078746876923,2
555zxeyg,0.2,(7500,500,3),1562.361693094648,388
815iuxlo,0.1,(7500,500,3),1598.224029487179,1
291anwpq,0.1,(7500,500,3),1617.284318738462,1
815rpisc,0.3,(7500,500,3),1646.903388855634,2
123fqekl,0.1,(7500,500,3),1932.63683574359,101
