334gypkv,0.2,(7500,500,3),207.067223811154,-2
727ujlrh,0.3,(7500,500,3),244.21104545505,-389
8rlgph,0.3,(7500,500,3),311.853285319932,102
143lmvir,0.1,(7500,500,3),323.444365492308,-2
803ncqyf,0.3,(7500,500,3),336.828353646154,-439
143oprat,0.2,(7500,500,3),424.582820943265,-1
199rucin,0.2,(7500,500,3),492.906215261538,102
207nrkvh,0.2,(7500,500,3),586.267616700285,-2
10bhqkp,0.2,(7500,500,3),611.721444946137,-1
18ltgfc,0.3,(7500,500,3),810.878279377809,-1
708lnirs,0.4,(7500,500,3),813.775481589744,1
189vqxup,0.3,(7500,500,3),1416.338755815385,2
555zxeyg,0.2,(7500,500,3),1562.361693094648,388
127rfigw,0.2,(7500,500,3),1619.375133153106,1
815iuxlo,0.4,(7500,500,3),1646.531829948718,2
815rpisc,0.2,(7500,500,3),1648.795121860763,2
123fqekl,0.3,(7500,500,3),1931.810511230769,101
