803npthw,0.1,(7500,1500,3),136.580277815211,307
207jtrhz,0.1,(7500,1500,3),150.84883417769,230
884bxigt,0.3,(7500,1500,3),227.327179476989,-48
419bklsc,0.5,(7500,1500,3),232.161934157185,309
934ipwad,0.1,(7500,1500,3),283.289344610202,677
655iztwv,0.3,(7500,1500,3),295.441840982961,-48
254upsgy,0.1,(7500,1500,3),296.722767256881,-97
61qerzs,0.3,(7500,1500,3),351.132479351477,230
555sfrux,0.2,(7500,1500,3),606.712449623853,46
555mpkgu,0.1,(7500,1500,3),614.665848327823,46
139pyvdx,0.5,(7500,1500,3),727.285770948448,308
139hbngf,0.3,(7500,1500,3),767.893095513761,-305
146gtqds,0.1,(7500,1500,3),807.200919577982,-47
309ozuxw,0.1,(7500,1500,3),1051.399437077302,-95
506sqmob,0.1,(7500,1500,3),1487.333646220183,97
