849dtrma,0.3,(8500,3500,3),91.036377572608,372
317lykpd,0.1,(8500,3500,3),99.388843549669,142
31lfmie,0.1,(8500,3500,3),125.571019417219,-450
26mbiux,0.1,(8500,3500,3),186.997631761589,-259
53tkvaz,0.3,(8500,3500,3),210.727269020492,-139
900rsbej,0.1,(8500,3500,3),243.863119862361,-139
89ujkhy,0.2,(8500,3500,3),334.63462786755,138
455zeric,0.3,(8500,3500,3),543.156336523179,260
414ygdsw,0.2,(8500,3500,3),773.947662808818,-77
414faenw,0.3,(8500,3500,3),831.273405910594,76
726xkdjc,0.2,(8500,3500,3),896.224321165563,139
278vtzsk,0.3,(8500,3500,3),1457.455066350993,-372
