849dtrma,0.2,(8500,3500,3),87.258726287839,372
951jbkwy,0.1,(8500,3500,3),97.798668169893,-451
130exons,0.5,(8500,3500,3),189.48715774028,-16
900rsbej,0.1,(8500,3500,3),243.863119862361,-139
89ujkhy,0.1,(8500,3500,3),330.246045933775,138
552muxdg,0.1,(8500,3500,3),346.844122368905,-16
917zrnvu,0.1,(8500,3500,3),400.318110066225,142
455zeric,0.1,(8500,3500,3),532.15705084106,260
414ygdsw,0.3,(8500,3500,3),772.530842676368,-77
414faenw,0.2,(8500,3500,3),833.440200930462,76
726xkdjc,0.3,(8500,3500,3),897.224512748344,139
278vtzsk,0.2,(8500,3500,3),1458.066716900662,-372
