199wvaxh,0.3,(8500,500,3),150.01746048806,-100
61cmekz,0.2,(8500,500,3),861.71356862069,100
413korpt,0.3,(8500,500,3),1182.800336068966,100
708mfryh,0.3,(8500,500,3),1348.197630551724,100
142jcmry,0.2,(8500,500,3),1693.155795827586,-538
328muowg,0.3,(8500,500,3),1718.174910482759,100
7yznad,0.2,(8500,500,3),1746.219828655172,99
175qutal,0.3,(8500,500,3),1846.34790962069,100
175nphiq,0.4,(8500,500,3),1846.514175241379,100
6lsejh,0.2,(8500,500,3),1926.46443,100
6bumwy,0.3,(8500,500,3),1928.203787172414,100
