5.602532863616943
4.67690372467041
4.944381237030029
4.678664207458496
4.469921827316284
4.397200584411621
4.388331890106201
4.358274936676025
4.79309868812561
4.686918258666992
4.382236003875732
3.921107530593872
4.069445610046387
4.700620889663696
4.931780815124512
4.10330605506897
4.286083459854126
5.057695388793945
4.448525667190552
3.9738879203796387
4.675499439239502
4.251208782196045
4.242668867111206
4.548027515411377
3.85842227935791
4.470571756362915
4.174354076385498
4.031079053878784
4.614439964294434
5.38064169883728
5.093654632568359
5.403838157653809
4.412056922912598
4.488051891326904
4.289278745651245
4.082159042358398
4.260965585708618
4.822379112243652
4.386831521987915
4.893276929855347
4.297574996948242
4.373289585113525
4.671753168106079
4.514130115509033
5.282044172286987
3.953217029571533
4.71706223487854
4.604649305343628
4.082199335098267
4.0822718143463135
4.726597785949707
5.067209720611572
4.5704193115234375
4.188912630081177
4.459044456481934
4.8347790241241455
4.154819965362549
4.484928846359253
4.38470721244812
3.94846248626709
4.5367560386657715
3.8876307010650635
4.555246591567993
4.6730334758758545
4.461750507354736
4.1447813510894775
7.190983295440674
3.892266273498535
4.933258056640625
4.69185733795166
4.62712025642395
4.723888158798218
4.154032945632935
4.2319676876068115
4.54080605506897
4.562986135482788
3.931978702545166
4.6879661083221436
5.224474906921387
3.951749801635742
4.225203990936279
4.041239500045776
3.7247798442840576
4.010622262954712
4.619389533996582
4.326897859573364
3.6196610927581787
4.348480701446533
4.516725540161133
4.329814910888672
4.277041912078857
4.625017166137695
3.657473087310791
3.35978627204895
4.062663316726685
4.278573989868164
3.8365042209625244
4.5398688316345215
4.235476970672607
4.068637847900391
3.2913286685943604
4.304259777069092
4.140326499938965
3.7521779537200928
4.320159912109375
5.109168767929077
4.160619258880615
4.608837842941284
4.043416738510132
4.2152485847473145
3.9217026233673096
3.8992881774902344
4.248027801513672
4.527235746383667
4.383428573608398
3.3761541843414307
3.6517791748046875
4.473108530044556
4.425438642501831
3.8915445804595947
4.56567645072937
4.680557489395142
4.38603949546814
3.846390962600708
4.494107723236084
4.1066343784332275
4.093740463256836
3.708639621734619
3.9385175704956055
4.2731711864471436
4.2092766761779785
3.795896053314209
4.472053289413452
3.6874613761901855
3.8333921432495117
4.254770994186401
4.16521954536438
3.769862413406372
4.5306315422058105
4.278740167617798
4.586302042007446
4.654765367507935
4.017220973968506
4.53155517578125
4.2403564453125
4.290925025939941
3.99473237991333
5.184980392456055
4.76367974281311
4.250306844711304
4.5624330043792725
4.785870552062988
4.268172740936279
4.020190477371216
3.6997592449188232
3.8820436000823975
4.311036109924316
4.1855244636535645
3.7057111263275146
3.964998960494995
4.708261728286743
4.121367931365967
4.292897462844849
4.597208023071289
5.365374565124512
3.8390707969665527
3.520765781402588
3.827972650527954
3.5890135765075684
4.945327281951904
3.90582537651062
4.2099199295043945
4.18372368812561
4.797152042388916
4.090654134750366
4.381252765655518
4.102707624435425
4.048326730728149
4.491828441619873
4.648536920547485
4.232686996459961
4.606918811798096
4.679736375808716
3.9750287532806396
4.545494794845581
4.471065998077393
4.113361597061157
4.117535352706909
4.547116279602051
3.3801510334014893
3.880389451980591
4.075664281845093
3.840237855911255
4.405273914337158
4.444542169570923
3.5636417865753174
4.252431392669678
4.264922380447388
4.199994087219238
4.265241861343384
4.286622762680054
4.177793741226196
3.7919163703918457
3.4190080165863037
4.489150047302246
4.252964973449707
4.764004468917847
3.9770498275756836
4.45585298538208
4.189950466156006
3.186131477355957
3.7023162841796875
4.107593774795532
4.703460216522217
3.8445804119110107
4.559693336486816
4.677111625671387
4.477424144744873
4.285499811172485
4.223991632461548
4.101733207702637
3.8772835731506348
4.956125974655151
3.699420928955078
4.361459255218506
4.555901050567627
4.6305787563323975
3.7704577445983887
4.604976177215576
4.404062747955322
4.299988031387329
4.218479633331299
4.09566330909729
4.396842002868652
4.504340171813965
4.64725136756897
3.365133762359619
4.246993541717529
4.191202402114868
3.425412654876709
4.021790504455566
4.328717947006226
4.797595739364624
4.099596261978149
3.616476058959961
4.435178995132446
4.70359206199646
3.661029577255249
4.709789991378784
4.722808122634888
4.54815149307251
3.2880754470825195
3.550720453262329
4.4641313552856445
4.517017602920532
4.510950088500977
4.012828826904297
4.468891620635986
4.385820627212524
4.4168477058410645
3.296452760696411
4.708460807800293
4.34092903137207
3.8977646827697754
4.500797986984253
4.384033679962158
3.3946187496185303
4.459012031555176
4.7222678661346436
4.442824602127075
3.957828998565674
3.6167397499084473
3.954944610595703
4.018561363220215
4.151794910430908
4.207088232040405
3.928234338760376
4.2950921058654785
4.220703840255737
4.451829433441162
4.933253765106201
4.118037462234497
4.92664909362793
3.907027006149292
4.111061096191406
3.6260859966278076
3.941378355026245
3.7265543937683105
3.8752737045288086
4.095395803451538
3.9729390144348145
4.373308420181274
5.021377325057983
4.420809507369995
4.784466028213501
3.7568085193634033
4.5035998821258545
3.7361860275268555
3.937351703643799
4.380721807479858
4.000128984451294
4.855855941772461
4.1031458377838135
4.079964637756348
4.428879737854004
4.673805475234985
4.212052345275879
4.3374342918396
3.9138426780700684
3.939727306365967
4.483232259750366
4.443126201629639
4.226169586181641
4.658628463745117
4.811959266662598
4.597559928894043
3.864642381668091
4.072862386703491
4.096657037734985
4.711040735244751
3.940385103225708
3.621885061264038
4.180226802825928
4.0623698234558105
4.405824899673462
4.618476390838623
4.575403451919556
3.902050733566284
4.393587350845337
4.442774772644043
4.388873100280762
4.135227203369141
4.000842332839966
4.47425651550293
4.312342405319214
4.20467209815979
4.694465637207031
3.901036024093628
4.371441841125488
4.021102428436279
3.708960771560669
4.612013816833496
4.0909552574157715
4.964002370834351
3.8636252880096436
4.540938138961792
4.7226972579956055
4.608851671218872
4.563188076019287
4.913983345031738
4.4746246337890625
5.175002336502075
5.156726598739624
4.142978668212891
4.41204571723938
5.456747770309448
4.180799722671509
4.070967435836792
4.404529094696045
4.359408378601074
4.491557836532593
4.835620403289795
4.070621490478516
4.378792762756348
3.79390549659729
4.185256004333496
4.651321887969971
4.93438720703125
5.587519884109497
4.132529020309448
4.697950124740601
4.815793752670288
3.8379037380218506
4.181365251541138
4.619386672973633
4.93857216835022
4.9307496547698975
4.278015851974487
3.8817036151885986
4.36947774887085
3.8078114986419678
3.7743749618530273
4.639852523803711
4.503385543823242
4.56869912147522
3.785487174987793
4.367960214614868
4.44477105140686
3.806304454803467
3.7850229740142822
4.525689601898193
4.283872365951538
3.664348840713501
4.068627834320068
3.810270309448242
4.249801874160767
4.119479179382324
3.6514737606048584
4.755298376083374
4.307577848434448
5.1371331214904785
3.8060052394866943
4.977987766265869
5.163755178451538
3.993317127227783
3.670450210571289
3.9647305011749268
3.6564042568206787
4.201986789703369
5.204538106918335
4.159618139266968
3.495457649230957
4.15149450302124
3.8306961059570312
3.9598329067230225
4.361846446990967
4.001680374145508
3.9816508293151855
4.7265496253967285
3.4589264392852783
4.605812311172485
4.250507354736328
4.031142473220825
4.301609516143799
3.5771894454956055
4.557860612869263
4.311172962188721
4.316210508346558
4.2999114990234375
3.9640564918518066
4.375312089920044
4.048609256744385
4.047731399536133
4.368358850479126
4.233538389205933
4.8864758014678955
3.343996286392212
4.236593246459961
4.5595643520355225
5.055434465408325
4.0642640590667725
4.217339754104614
4.267269849777222
4.691492557525635
3.699249744415283
4.158811807632446
3.375589370727539
3.918658971786499
4.321474075317383
4.095385313034058
4.283242225646973
4.57214093208313
4.044860363006592
4.162692308425903
4.441711187362671
3.2327919006347656
4.289063453674316
3.692188024520874
4.012850522994995
3.8288631439208984
4.326195240020752
3.8268754482269287
3.9426729679107666
4.2677366733551025
4.527937889099121
4.235617637634277
3.924368381500244
4.503227949142456
3.7959139347076416
4.330493450164795
3.671851396560669
4.274419069290161
4.605658531188965
5.279710531234741
3.8239128589630127
4.436881065368652
4.27505898475647
4.2151288986206055
3.9356682300567627
4.629812002182007
4.108391761779785
4.2611165046691895
3.698317527770996
4.435271978378296
4.347722768783569
3.982747793197632
4.008673667907715
4.322553873062134
3.9539198875427246
3.531306743621826
3.8869564533233643
4.237100124359131
4.343088626861572
3.872302532196045
4.439999103546143
4.0489420890808105
3.5806186199188232
4.912123918533325
4.363593578338623
4.753091096878052
3.813868999481201
4.513271331787109
4.3057169914245605
4.627484560012817
4.335398197174072
4.012060880661011
4.098806381225586
3.4861886501312256
4.616541624069214
4.67170262336731
4.570192098617554
4.790083169937134
4.464087247848511
3.9176790714263916
4.052797079086304
4.456121921539307
3.727339506149292
4.4486846923828125
4.692035675048828
4.615955591201782
3.9787533283233643
3.6546971797943115
4.103989124298096
4.530458211898804
4.13727331161499
4.202329874038696
4.076925754547119
4.392863035202026
4.390839099884033
3.7841522693634033
4.678398609161377
3.8792808055877686
4.004354476928711
3.958953857421875
4.224493741989136
4.573099136352539
4.72709321975708
4.312433242797852
3.7483527660369873
5.035585165023804
4.423970699310303
3.6414124965667725
4.609140157699585
3.290459632873535
4.62671160697937
4.086282730102539
4.024509906768799
4.191293954849243
4.121163845062256
4.045358896255493
3.998569965362549
3.886120080947876
4.870833158493042
4.382059574127197
3.7920429706573486
4.568880558013916
4.411626577377319
4.486719369888306
4.574144601821899
4.254631042480469
4.246722936630249
3.984314441680908
4.012256145477295
4.537975788116455
4.007337331771851
3.268071413040161
3.949653387069702
3.680481195449829
4.732099533081055
4.497477293014526
4.022484540939331
4.255759954452515
4.847792625427246
4.502177715301514
4.234840631484985
4.127614974975586
4.5051963329315186
4.3131608963012695
4.340660572052002
4.438725233078003
3.78497052192688
4.616895437240601
4.384732723236084
5.076904535293579
3.7856786251068115
4.031592130661011
3.819301128387451
4.442208766937256
4.643208980560303
4.27909779548645
3.8641252517700195
4.240846633911133
4.016675233840942
5.150681495666504
4.033716917037964
4.896092176437378
4.666203737258911
4.34825325012207
4.069005250930786
4.731078624725342
3.8380961418151855
3.7828006744384766
4.340653896331787
4.088701963424683
4.873135566711426
4.579093933105469
4.900071859359741
4.371644735336304
3.704833745956421
4.421426773071289
3.747642755508423
4.273319482803345
3.9931581020355225
4.136965751647949
3.756216049194336
4.359053611755371
4.447445631027222
4.862529516220093
3.767350196838379
4.187051057815552
4.363893032073975
3.8214118480682373
4.763281583786011
3.9986302852630615
4.0803961753845215
4.0556299686431885
3.938114881515503
4.198099136352539
4.091416358947754
4.413856506347656
4.047773599624634
4.170296907424927
4.583906412124634
4.2883312702178955
4.066965579986572
4.8926849365234375
3.829092264175415
3.9796142578125
3.915072202682495
4.468703985214233
4.702839612960815
4.307916641235352
4.862230062484741
4.17257285118103
4.088658809661865
4.494564056396484
3.9537339210510254
4.7995898723602295
3.994257688522339
4.32644248008728
4.703580617904663
3.7748360633850098
3.9805407524108887
4.37009859085083
4.010093927383423
4.2794349193573
4.4195876121521
4.228544235229492
3.486316204071045
4.204442262649536
3.921496868133545
4.166423797607422
4.338981628417969
3.5460972785949707
4.867257595062256
4.44284725189209
4.063658714294434
4.423850059509277
4.265197992324829
4.189268589019775
4.624319791793823
4.427121877670288
4.455046892166138
4.2986369132995605
4.554960489273071
4.500097990036011
4.597959280014038
4.228299856185913
4.239972114562988
4.628673553466797
4.112955093383789
4.3911192417144775
4.32054591178894
4.507023811340332
5.146447420120239
4.237199306488037
4.8684070110321045
4.180243730545044
4.826799392700195
4.889680862426758
4.577179908752441
4.714794874191284
4.831340074539185
4.451855897903442
4.961656093597412
4.472130537033081
4.805169343948364
5.104734420776367
4.764784574508667
4.331795692443848
4.175912380218506
4.5627806186676025
4.453728914260864
4.541013479232788
3.965270757675171
4.353091239929199
4.031412839889526
4.603731155395508
4.647535085678101
4.350069761276245
4.683996677398682
4.433112859725952
5.555269956588745
4.638854026794434
4.68636417388916
4.070539236068726
4.5413289070129395
4.440058946609497
4.791000843048096
4.196821928024292
3.7791900634765625
4.416651010513306
4.177920341491699
4.426256418228149
3.9313292503356934
3.998035192489624
4.233180522918701
4.632897138595581
4.528311014175415
4.567709684371948
4.8272178173065186
5.00730562210083
4.779171943664551
4.028467893600464
4.133264064788818
4.646198272705078
4.65290641784668
3.786452531814575
4.770336151123047
4.508915424346924
4.503807544708252
4.8303656578063965
3.839064836502075
4.493834495544434
4.759829521179199
5.770063638687134
5.1624696254730225
3.9862523078918457
4.336324453353882
5.4266886711120605
4.658226728439331
4.148610591888428
4.894209146499634
5.156836748123169
4.895014762878418
4.325456619262695
4.075286865234375
4.978861331939697
