|||;22425,22425,22425,22425,0,0,0,0,1.052385509824
|||;22425,22425,22425,22425,0,0,0,0,6.052385509824
|||;22425,22425,22425,22425,0,0,0,0,11.052385509824
|||;22425,22425,22425,22425,0,0,0,0,16.052385509824
|||;22425,22425,22425,22425,0,0,0,0,21.052385509824
|||;22425,22425,22425,22425,0,0,0,0,26.052385509824
|||;22425,22425,22425,22425,0,0,0,0,31.052385509824
|||;22425,22425,22425,22425,0,0,0,0,36.052385509824
|||;22425,22425,22425,22425,0,0,0,0,41.052385509824
|||;22425,22425,22425,22425,0,0,0,0,46.052385509824
|||;22425,22425,22425,22425,0,0,0,0,51.052385509824
|||;22425,22425,22425,22425,0,0,0,0,56.052385509824
|||;22425,22425,22425,22425,0,0,0,0,61.052385509824
|||;22425,22425,22425,22425,0,0,0,0,66.052385509824
|||;22425,22425,22425,22425,0,0,0,0,71.052385509824
|||;22425,22425,22425,22425,0,0,0,0,76.052385509824
|||;22425,22425,22425,22425,0,0,0,0,81.052385509824
|||;22425,22425,22425,22425,0,0,0,0,86.052385509824
|||;22425,22425,22425,22425,0,0,0,0,91.052385509824
|||;22425,22425,22425,22425,0,0,0,0,96.052385509824
|||;22425,22425,22425,22425,0,0,0,0,101.052385509824
|||;22425,22425,22425,22425,0,0,0,0,106.052385509824
|||;22425,22425,22425,22425,0,0,0,0,111.052385509824
|||;22425,22425,22425,22425,0,0,0,0,116.052385509824
|||;22425,22425,22425,22425,0,0,0,0,121.052385509824
|||;22425,22425,22425,22425,0,0,0,0,126.052385509824
|||;22425,22425,22425,22425,0,0,0,0,131.052385509824
|||;22425,22425,22425,22425,0,0,0,0,136.052385509824
|||;22425,22425,22425,22425,0,0,0,0,141.052385509824
|||;22425,22425,22425,22425,0,0,0,0,146.052385509824
|||;22425,22425,22425,22425,0,0,0,0,151.052385509824
|||;22425,22425,22425,22425,0,0,0,0,156.052385509824
|||;22425,22425,22425,22425,0,0,0,0,161.052385509824
|||;22425,22425,22425,22425,0,0,0,0,166.052385509824
|||;22425,22425,22425,22425,0,0,0,0,171.052385509824
|||;22425,22425,22425,22425,0,0,0,0,176.052385509824
|||;22425,22425,22425,22425,0,0,0,0,181.052385509824
|||;22425,22425,22425,22425,0,0,0,0,186.052385509824
|||;22425,22425,22425,22425,0,0,0,0,191.052385509824
|||;22425,22425,22425,22425,0,0,0,0,196.052385509824
|||;22425,22425,22425,22425,0,0,0,0,201.052385509824
|||;22425,22425,22425,22425,0,0,0,0,206.052385509824
|||;22425,22425,22425,22425,0,0,0,0,211.052385509824
|||;22425,22425,22425,22425,0,0,0,0,216.052385509824
|||;22425,22425,22425,22425,0,0,0,0,221.052385509824
|||;22425,22425,22425,22425,0,0,0,0,226.052385509824
|||;22425,22425,22425,22425,0,0,0,0,231.052385509824
|||;22425,22425,22425,22425,0,0,0,0,236.052385509824
|||;22425,22425,22425,22425,0,0,0,0,241.052385509824
|||;22425,22425,22425,22425,0,0,0,0,246.052385509824
|||;22425,22425,22425,22425,0,0,0,0,251.052385509824
|||;22425,22425,22425,22425,0,0,0,0,256.052385509824
|||;22425,22425,22425,22425,0,0,0,0,261.052385509824
|||;22425,22425,22425,22425,0,0,0,0,266.052385509824
|||;22425,22425,22425,22425,0,0,0,0,271.052385509824
|||;22425,22425,22425,22425,0,0,0,0,276.052385509824
|||;22425,22425,22425,22425,0,0,0,0,281.052385509824
|||;22425,22425,22425,22425,0,0,0,0,286.052385509824
|||;22425,22425,22425,22425,0,0,0,0,291.052385509824
|||;22425,22425,22425,22425,0,0,0,0,296.052385509824
|||;22425,22425,22425,22425,0,0,0,0,301.052385509824
|||;22425,22425,22425,22425,0,0,0,0,306.052385509824
|||;22425,22425,22425,22425,0,0,0,0,311.052385509824
|||;22425,22425,22425,22425,0,0,0,0,316.052385509824
|||;22425,22425,22425,22425,0,0,0,0,321.052385509824
|||;22425,22425,22425,22425,0,0,0,0,326.052385509824
|||;22425,22425,22425,22425,0,0,0,0,331.052385509824
|||;22425,22425,22425,22425,0,0,0,0,336.052385509824
|||;22425,22425,22425,22425,0,0,0,0,341.052385509824
|||;22425,22425,22425,22425,0,0,0,0,346.052385509824
|||;22425,22425,22425,22425,0,0,0,0,351.052385509824
|||;22425,22425,22425,22425,0,0,0,0,356.052385509824
|||;22425,22425,22425,22425,0,0,0,0,361.052385509824
|||;22425,22425,22425,22425,0,0,0,0,366.052385509824
|||;22425,22425,22425,22425,0,0,0,0,371.052385509824
|||;22425,22425,22425,22425,0,0,0,0,376.052385509824
|||;22425,22425,22425,22425,0,0,0,0,381.052385509824
|||;22425,22425,22425,22425,0,0,0,0,386.052385509824
|||;22425,22425,22425,22425,0,0,0,0,391.052385509824
|||;22425,22425,22425,22425,0,0,0,0,396.052385509824
47rplwh(2),|47rplwh(2),|47rplwh(2),|47rplwh(2),;19460.5,20448.7,20448.7,19460.5,13.940630850776,8.72076498914,8.72076498914,13.940630850776,401.052385509824
47rplwh(2),|47rplwh(2),|47rplwh(2),|47rplwh(2),;19460.5,20448.7,20448.7,19460.5,8.940630850776,3.72076498914,3.72076498914,8.940630850776,406.052385509824
47rplwh(2),|||47rplwh(2),;19460.5,22425,22425,19460.5,3.940630850776,0,0,3.940630850776,411.052385509824
|||;22425,22425,22425,22425,0,0,0,0,416.052385509824
49dkwhs(2),|49dkwhs(2),|49dkwhs(2),|49dkwhs(2),;20796.8,19982.8,19982.8,20796.8,8.391809881655,12.586113881656,12.586113881656,8.391809881655,421.052385509824
49dkwhs(2),|49dkwhs(2),|49dkwhs(2),|49dkwhs(2),;20796.8,19982.8,19982.8,20796.8,3.391809881655,7.586113881656,7.586113881656,3.391809881655,426.052385509824
|49dkwhs(2),|49dkwhs(2),|;22425,19982.8,19982.8,22425,0,2.586113881656,2.586113881656,0,431.052385509824
|||;22425,22425,22425,22425,0,0,0,0,436.052385509824
|||;22425,22425,22425,22425,0,0,0,0,441.052385509824
211bgzrn(2),|211bgzrn(2),|211bgzrn(2),|211bgzrn(2),;20766.1,21319.1,21319.1,20766.1,5.114867796916,2.193906589369,2.193906589369,5.114867796916,446.052385509824
211bgzrn(3),|211bgzrn(3),|211bgzrn(3),|211bgzrn(3),;20766.1,21319.1,21319.1,20766.1,0.114867796916,0,0,0.114867796916,451.052385509824
211bgzrn(3),|211bgzrn(3),|211bgzrn(3),|211bgzrn(3),;20766.1,21319.1,21319.1,20766.1,0,0,0,0,456.052385509824
211bgzrn(3),|211bgzrn(3),|211bgzrn(3),|211bgzrn(3),;20766.1,21319.1,21319.1,20766.1,0,0,0,0,461.052385509824
211bgzrn(3),|211bgzrn(3),|211bgzrn(3),|211bgzrn(3),;20766.1,21319.1,21319.1,20766.1,0,0,0,0,466.052385509824
211bgzrn(3),|211bgzrn(3),|211bgzrn(3),|211bgzrn(3),;20766.1,21319.1,21319.1,20766.1,0,0,0,0,471.052385509824
211bgzrn(3),|211bgzrn(3),956fgdhe(0),|211bgzrn(3),|211bgzrn(3),;20766.1,20407.7,21319.1,20766.1,0,7.37185394009,0,0,476.052385509824
211bgzrn(3),|211bgzrn(3),956fgdhe(2),|211bgzrn(3),|211bgzrn(3),;20766.1,20407.7,21319.1,20766.1,0,2.37185394009,0,0,481.052385509824
211bgzrn(3),|211bgzrn(3),956fgdhe(3),|211bgzrn(3),|211bgzrn(3),;20766.1,20407.7,21319.1,20766.1,0,0,0,0,486.052385509824
211bgzrn(3),|211bgzrn(3),956fgdhe(3),|211bgzrn(3),|211bgzrn(3),;20766.1,20407.7,21319.1,20766.1,0,0,0,0,491.052385509824
211bgzrn(3),|211bgzrn(3),956fgdhe(3),|211bgzrn(3),|211bgzrn(3),;20766.1,20407.7,21319.1,20766.1,0,0,0,0,496.052385509824
211bgzrn(3),|211bgzrn(3),956fgdhe(3),|211bgzrn(3),|211bgzrn(3),;20766.1,20407.7,21319.1,20766.1,0,0,0,0,501.052385509824
211bgzrn(3),|211bgzrn(3),956fgdhe(3),|211bgzrn(3),|211bgzrn(3),;20766.1,20407.7,21319.1,20766.1,0,0,0,0,506.052385509824
211bgzrn(3),|211bgzrn(3),956fgdhe(3),|211bgzrn(3),|211bgzrn(3),;20766.1,20407.7,21319.1,20766.1,0,0,0,0,511.052385509824
211bgzrn(3),|211bgzrn(3),956fgdhe(3),|211bgzrn(3),|211bgzrn(3),;20766.1,20407.7,21319.1,20766.1,0,0,0,0,516.052385509824
211bgzrn(3),|211bgzrn(3),956fgdhe(3),|211bgzrn(3),|211bgzrn(3),;20766.1,20407.7,21319.1,20766.1,0,0,0,0,521.052385509824
211bgzrn(3),|211bgzrn(3),956fgdhe(3),|211bgzrn(3),|211bgzrn(3),;20766.1,20407.7,21319.1,20766.1,0,0,0,0,526.052385509824
211bgzrn(3),|211bgzrn(3),956fgdhe(3),|211bgzrn(3),|211bgzrn(3),;20766.1,20407.7,21319.1,20766.1,0,0,0,0,531.052385509824
211bgzrn(3),|211bgzrn(3),956fgdhe(3),|211bgzrn(3),|211bgzrn(3),;20766.1,20407.7,21319.1,20766.1,0,0,0,0,536.052385509824
211bgzrn(3),|211bgzrn(3),956fgdhe(3),|211bgzrn(3),|211bgzrn(3),;20766.1,20407.7,21319.1,20766.1,0,0,0,0,541.052385509824
211bgzrn(3),|211bgzrn(3),956fgdhe(3),|211bgzrn(3),|211bgzrn(3),;20766.1,20407.7,21319.1,20766.1,0,0,0,0,546.052385509824
211bgzrn(3),|211bgzrn(3),|211bgzrn(3),956hrlwc(2),|211bgzrn(3),956hrlwc(2),;20766.1,21319.1,20182.5,20197.8,0,0,3.296748793254,0.220649774386,551.052385509824
211bgzrn(3),|211bgzrn(3),|211bgzrn(3),|211bgzrn(3),;20766.1,21319.1,21319.1,20766.1,0,0,0,0,556.052385509824
211bgzrn(3),|211bgzrn(3),|211bgzrn(3),|211bgzrn(3),;20766.1,21319.1,21319.1,20766.1,0,0,0,0,561.052385509824
211bgzrn(3),|211bgzrn(3),|211bgzrn(3),|211bgzrn(3),;20766.1,21319.1,21319.1,20766.1,0,0,0,0,566.052385509824
211bgzrn(3),|211bgzrn(3),|211bgzrn(3),|211bgzrn(3),;20766.1,21319.1,21319.1,20766.1,0,0,0,0,571.052385509824
211bgzrn(3),|211bgzrn(3),|211bgzrn(3),|211bgzrn(3),;20766.1,21319.1,21319.1,20766.1,0,0,0,0,576.052385509824
211bgzrn(3),50uvpcm(0),|211bgzrn(3),50uvpcm(0),|211bgzrn(3),50uvpcm(0),|211bgzrn(3),50uvpcm(0),;19107.2,18830.8,18830.8,19107.2,9.299619061845,13.681060873166,13.681060873166,9.299619061845,581.052385509824
50uvpcm(2),|50uvpcm(2),|50uvpcm(2),|50uvpcm(2),;20766.1,19936.7,19936.7,20766.1,4.299619061845,8.681060873166,8.681060873166,4.299619061845,586.052385509824
50uvpcm(3),|50uvpcm(2),|50uvpcm(2),|50uvpcm(3),;20766.1,19936.7,19936.7,20766.1,0,3.681060873166,3.681060873166,0,591.052385509824
50uvpcm(3),|50uvpcm(3),|50uvpcm(3),|50uvpcm(3),;20766.1,19936.7,19936.7,20766.1,0,0,0,0,596.052385509824
50uvpcm(3),|50uvpcm(3),|50uvpcm(3),|50uvpcm(3),;20766.1,19936.7,19936.7,20766.1,0,0,0,0,601.052385509824
50uvpcm(3),|50uvpcm(3),|50uvpcm(3),|50uvpcm(3),;20766.1,19936.7,19936.7,20766.1,0,0,0,0,606.052385509824
50uvpcm(3),|50uvpcm(3),|50uvpcm(3),|50uvpcm(3),;20766.1,19936.7,19936.7,20766.1,0,0,0,0,611.052385509824
50uvpcm(3),|50uvpcm(3),|50uvpcm(3),|50uvpcm(3),;20766.1,19936.7,19936.7,20766.1,0,0,0,0,616.052385509824
50uvpcm(3),|50uvpcm(3),|50uvpcm(3),|50uvpcm(3),;20766.1,19936.7,19936.7,20766.1,0,0,0,0,621.052385509824
50uvpcm(3),|50uvpcm(3),|50uvpcm(3),|50uvpcm(3),;20766.1,19936.7,19936.7,20766.1,0,0,0,0,626.052385509824
50uvpcm(3),|50uvpcm(3),|50uvpcm(3),|50uvpcm(3),;20766.1,19936.7,19936.7,20766.1,0,0,0,0,631.052385509824
50uvpcm(3),|50uvpcm(3),|50uvpcm(3),|50uvpcm(3),;20766.1,19936.7,19936.7,20766.1,0,0,0,0,636.052385509824
50uvpcm(3),|50uvpcm(3),|50uvpcm(3),|50uvpcm(3),;20766.1,19936.7,19936.7,20766.1,0,0,0,0,641.052385509824
50uvpcm(3),|50uvpcm(3),|50uvpcm(3),|50uvpcm(3),;20766.1,19936.7,19936.7,20766.1,0,0,0,0,646.052385509824
50uvpcm(3),|50uvpcm(3),|50uvpcm(3),|50uvpcm(3),;20766.1,19936.7,19936.7,20766.1,0,0,0,0,651.052385509824
50uvpcm(3),|50uvpcm(3),|50uvpcm(3),|50uvpcm(3),;20766.1,19936.7,19936.7,20766.1,0,0,0,0,656.052385509824
50uvpcm(3),|50uvpcm(3),|50uvpcm(3),|50uvpcm(3),;20766.1,19936.7,19936.7,20766.1,0,0,0,0,661.052385509824
50uvpcm(3),|50uvpcm(3),|50uvpcm(3),|50uvpcm(3),;20766.1,19936.7,19936.7,20766.1,0,0,0,0,666.052385509824
50uvpcm(3),|50uvpcm(3),|50uvpcm(3),|50uvpcm(3),;20766.1,19936.7,19936.7,20766.1,0,0,0,0,671.052385509824
50uvpcm(3),211brfzp(0),|50uvpcm(3),|50uvpcm(3),211brfzp(0),|50uvpcm(3),;18738.6,19936.7,19260.9,20766.1,12.230855387272,0,5.266727991045,0,676.052385509824
50uvpcm(3),211brfzp(2),|50uvpcm(3),|50uvpcm(3),211brfzp(2),|50uvpcm(3),;18738.6,19936.7,19260.9,20766.1,7.230855387272,0,0.266727991045,0,681.052385509824
50uvpcm(3),211brfzp(2),|50uvpcm(3),|50uvpcm(3),|50uvpcm(3),;18738.6,19936.7,19936.7,20766.1,2.230855387272,0,0,0,686.052385509824
50uvpcm(3),211brfzp(3),|50uvpcm(3),|50uvpcm(3),|50uvpcm(3),;18738.6,19936.7,19936.7,20766.1,0,0,0,0,691.052385509824
50uvpcm(3),211brfzp(3),|50uvpcm(3),|50uvpcm(3),|50uvpcm(3),;18738.6,19936.7,19936.7,20766.1,0,0,0,0,696.052385509824
50uvpcm(3),211brfzp(3),|50uvpcm(3),|50uvpcm(3),|50uvpcm(3),211pqdym(0),;18738.6,19936.7,19936.7,20172.2,0,0,0,5.48846064215,701.052385509824
50uvpcm(3),|50uvpcm(3),|50uvpcm(3),|50uvpcm(3),211pqdym(2),;20766.1,19936.7,19936.7,20172.2,0,0,0,0.48846064215,706.052385509824
50uvpcm(3),|50uvpcm(3),|50uvpcm(3),|50uvpcm(3),;20766.1,19936.7,19936.7,20766.1,0,0,0,0,711.052385509824
50uvpcm(3),|50uvpcm(3),|50uvpcm(3),|50uvpcm(3),;20766.1,19936.7,19936.7,20766.1,0,0,0,0,716.052385509824
50uvpcm(3),|50uvpcm(3),|50uvpcm(3),|50uvpcm(3),;20766.1,19936.7,19936.7,20766.1,0,0,0,0,721.052385509824
50uvpcm(3),|50uvpcm(3),|50uvpcm(3),|50uvpcm(3),;20766.1,19936.7,19936.7,20766.1,0,0,0,0,726.052385509824
50uvpcm(3),|50uvpcm(3),|50uvpcm(3),|50uvpcm(3),;20766.1,19936.7,19936.7,20766.1,0,0,0,0,731.052385509824
50uvpcm(3),|50uvpcm(3),|50uvpcm(3),|50uvpcm(3),;20766.1,19936.7,19936.7,20766.1,0,0,0,0,736.052385509824
50uvpcm(3),|50uvpcm(3),|50uvpcm(3),|50uvpcm(3),;20766.1,19936.7,19936.7,20766.1,0,0,0,0,741.052385509824
50uvpcm(3),|50uvpcm(3),|50uvpcm(3),|50uvpcm(3),;20766.1,19936.7,19936.7,20766.1,0,0,0,0,746.052385509824
50uvpcm(3),|50uvpcm(3),|50uvpcm(3),|50uvpcm(3),;20766.1,19936.7,19936.7,20766.1,0,0,0,0,751.052385509824
50uvpcm(3),|50uvpcm(3),|50uvpcm(3),|50uvpcm(3),;20766.1,19936.7,19936.7,20766.1,0,0,0,0,756.052385509824
50uvpcm(3),|50uvpcm(3),|50uvpcm(3),|50uvpcm(3),;20766.1,19936.7,19936.7,20766.1,0,0,0,0,761.052385509824
50uvpcm(3),|50uvpcm(3),|50uvpcm(3),|50uvpcm(3),;20766.1,19936.7,19936.7,20766.1,0,0,0,0,766.052385509824
50uvpcm(3),|50uvpcm(3),|50uvpcm(3),|50uvpcm(3),;20766.1,19936.7,19936.7,20766.1,0,0,0,0,771.052385509824
50uvpcm(3),|50uvpcm(3),|50uvpcm(3),|50uvpcm(3),;20766.1,19936.7,19936.7,20766.1,0,0,0,0,776.052385509824
50uvpcm(3),|50uvpcm(3),|50uvpcm(3),|50uvpcm(3),;20766.1,19936.7,19936.7,20766.1,0,0,0,0,781.052385509824
50uvpcm(3),|50uvpcm(3),|50uvpcm(3),|50uvpcm(3),;20766.1,19936.7,19936.7,20766.1,0,0,0,0,786.052385509824
50uvpcm(3),|50uvpcm(3),|50uvpcm(3),|50uvpcm(3),;20766.1,19936.7,19936.7,20766.1,0,0,0,0,791.052385509824
50uvpcm(3),|50uvpcm(3),|50uvpcm(3),|50uvpcm(3),;20766.1,19936.7,19936.7,20766.1,0,0,0,0,796.052385509824
50uvpcm(3),|50uvpcm(3),|50uvpcm(3),|50uvpcm(3),;20766.1,19936.7,19936.7,20766.1,0,0,0,0,801.052385509824
50uvpcm(3),|50uvpcm(3),|50uvpcm(3),|50uvpcm(3),;20766.1,19936.7,19936.7,20766.1,0,0,0,0,806.052385509824
50uvpcm(3),|50uvpcm(3),|50uvpcm(3),|50uvpcm(3),;20766.1,19936.7,19936.7,20766.1,0,0,0,0,811.052385509824
50uvpcm(3),|50uvpcm(3),|50uvpcm(3),|50uvpcm(3),;20766.1,19936.7,19936.7,20766.1,0,0,0,0,816.052385509824
50uvpcm(3),|50uvpcm(3),|50uvpcm(3),|50uvpcm(3),;20766.1,19936.7,19936.7,20766.1,0,0,0,0,821.052385509824
50uvpcm(3),|50uvpcm(3),|50uvpcm(3),|50uvpcm(3),;20766.1,19936.7,19936.7,20766.1,0,0,0,0,826.052385509824
50uvpcm(3),|50uvpcm(3),|50uvpcm(3),|50uvpcm(3),;20766.1,19936.7,19936.7,20766.1,0,0,0,0,831.052385509824
50uvpcm(3),|50uvpcm(3),|50uvpcm(3),|50uvpcm(3),;20766.1,19936.7,19936.7,20766.1,0,0,0,0,836.052385509824
50uvpcm(3),|50uvpcm(3),|50uvpcm(3),|50uvpcm(3),;20766.1,19936.7,19936.7,20766.1,0,0,0,0,841.052385509824
50uvpcm(3),|50uvpcm(3),|50uvpcm(3),|50uvpcm(3),;20766.1,19936.7,19936.7,20766.1,0,0,0,0,846.052385509824
50uvpcm(3),|50uvpcm(3),|50uvpcm(3),|50uvpcm(3),;20766.1,19936.7,19936.7,20766.1,0,0,0,0,851.052385509824
50uvpcm(3),|50uvpcm(3),|50uvpcm(3),|50uvpcm(3),;20766.1,19936.7,19936.7,20766.1,0,0,0,0,856.052385509824
50uvpcm(3),|50uvpcm(3),|50uvpcm(3),|50uvpcm(3),;20766.1,19936.7,19936.7,20766.1,0,0,0,0,861.052385509824
50uvpcm(3),|50uvpcm(3),|50uvpcm(3),74dipsy(2),|50uvpcm(3),74dipsy(0),;20766.1,19936.7,18800.1,17356.2,0,0,5.842388657852,18.146784733324,866.052385509824
50uvpcm(3),|50uvpcm(3),|50uvpcm(3),74dipsy(2),|50uvpcm(3),74dipsy(2),;20766.1,19936.7,18800.1,17356.2,0,0,0.842388657852,13.146784733324,871.052385509824
50uvpcm(3),|50uvpcm(3),|50uvpcm(3),74dipsy(3),|50uvpcm(3),74dipsy(2),;20766.1,19936.7,18800.1,17356.2,0,0,0,8.146784733324,876.052385509824
50uvpcm(3),|50uvpcm(3),|50uvpcm(3),74dipsy(3),|50uvpcm(3),74dipsy(2),;20766.1,19936.7,18800.1,17356.2,0,0,0,3.146784733324,881.052385509824
50uvpcm(3),|50uvpcm(3),|50uvpcm(3),74dipsy(3),|50uvpcm(3),74dipsy(3),;20766.1,19936.7,18800.1,17356.2,0,0,0,0,886.052385509824
50uvpcm(3),|50uvpcm(3),|50uvpcm(3),74dipsy(3),|50uvpcm(3),74dipsy(3),;20766.1,19936.7,18800.1,17356.2,0,0,0,0,891.052385509824
50uvpcm(3),|50uvpcm(3),|50uvpcm(3),74dipsy(3),|50uvpcm(3),74dipsy(3),;20766.1,19936.7,18800.1,17356.2,0,0,0,0,896.052385509824
50uvpcm(3),|50uvpcm(3),|50uvpcm(3),74dipsy(3),|50uvpcm(3),74dipsy(3),;20766.1,19936.7,18800.1,17356.2,0,0,0,0,901.052385509824
50uvpcm(3),|50uvpcm(3),|50uvpcm(3),74dipsy(3),|50uvpcm(3),74dipsy(3),;20766.1,19936.7,18800.1,17356.2,0,0,0,0,906.052385509824
50uvpcm(3),|50uvpcm(3),|50uvpcm(3),74dipsy(3),|50uvpcm(3),74dipsy(3),;20766.1,19936.7,18800.1,17356.2,0,0,0,0,911.052385509824
50uvpcm(3),|50uvpcm(3),|50uvpcm(3),74dipsy(3),|50uvpcm(3),74dipsy(3),;20766.1,19936.7,18800.1,17356.2,0,0,0,0,916.052385509824
50uvpcm(3),|50uvpcm(3),|50uvpcm(3),74dipsy(3),|50uvpcm(3),74dipsy(3),;20766.1,19936.7,18800.1,17356.2,0,0,0,0,921.052385509824
50uvpcm(3),|50uvpcm(3),|50uvpcm(3),74dipsy(3),|50uvpcm(3),74dipsy(3),;20766.1,19936.7,18800.1,17356.2,0,0,0,0,926.052385509824
50uvpcm(3),|50uvpcm(3),|50uvpcm(3),74dipsy(3),|50uvpcm(3),74dipsy(3),;20766.1,19936.7,18800.1,17356.2,0,0,0,0,931.052385509824
50uvpcm(3),|50uvpcm(3),|50uvpcm(3),74dipsy(3),|50uvpcm(3),74dipsy(3),;20766.1,19936.7,18800.1,17356.2,0,0,0,0,936.052385509824
50uvpcm(3),|50uvpcm(3),|50uvpcm(3),74dipsy(3),|50uvpcm(3),74dipsy(3),;20766.1,19936.7,18800.1,17356.2,0,0,0,0,941.052385509824
50uvpcm(3),|50uvpcm(3),|50uvpcm(3),74dipsy(3),|50uvpcm(3),74dipsy(3),;20766.1,19936.7,18800.1,17356.2,0,0,0,0,946.052385509824
50uvpcm(3),|50uvpcm(3),|50uvpcm(3),74dipsy(3),|50uvpcm(3),74dipsy(3),;20766.1,19936.7,18800.1,17356.2,0,0,0,0,951.052385509824
50uvpcm(3),|50uvpcm(3),|50uvpcm(3),74dipsy(3),|50uvpcm(3),74dipsy(3),;20766.1,19936.7,18800.1,17356.2,0,0,0,0,956.052385509824
50uvpcm(3),|50uvpcm(3),|50uvpcm(3),74dipsy(3),|50uvpcm(3),74dipsy(3),;20766.1,19936.7,18800.1,17356.2,0,0,0,0,961.052385509824
50uvpcm(3),|50uvpcm(3),|50uvpcm(3),74dipsy(3),|50uvpcm(3),74dipsy(3),;20766.1,19936.7,18800.1,17356.2,0,0,0,0,966.052385509824
50uvpcm(3),|50uvpcm(3),|50uvpcm(3),74dipsy(3),|50uvpcm(3),74dipsy(3),;20766.1,19936.7,18800.1,17356.2,0,0,0,0,971.052385509824
50uvpcm(3),|50uvpcm(3),|50uvpcm(3),74dipsy(3),|50uvpcm(3),74dipsy(3),;20766.1,19936.7,18800.1,17356.2,0,0,0,0,976.052385509824
50uvpcm(3),|50uvpcm(3),|50uvpcm(3),74dipsy(3),|50uvpcm(3),74dipsy(3),;20766.1,19936.7,18800.1,17356.2,0,0,0,0,981.052385509824
50uvpcm(3),|50uvpcm(3),|50uvpcm(3),74dipsy(3),|50uvpcm(3),74dipsy(3),;20766.1,19936.7,18800.1,17356.2,0,0,0,0,986.052385509824
50uvpcm(3),|50uvpcm(3),|50uvpcm(3),74dipsy(3),|50uvpcm(3),74dipsy(3),;20766.1,19936.7,18800.1,17356.2,0,0,0,0,991.052385509824
50uvpcm(3),|50uvpcm(3),|50uvpcm(3),74dipsy(3),|50uvpcm(3),74dipsy(3),;20766.1,19936.7,18800.1,17356.2,0,0,0,0,996.052385509824
50uvpcm(3),|50uvpcm(3),|50uvpcm(3),74dipsy(3),|50uvpcm(3),74dipsy(3),;20766.1,19936.7,18800.1,17356.2,0,0,0,0,1001.052385509824
50uvpcm(3),592prwtq(0),|50uvpcm(3),592prwtq(0),|50uvpcm(3),74dipsy(3),592prwtq(0),|50uvpcm(3),74dipsy(3),592prwtq(0),;18323.9,18308.5,16357.9,15728,14.05246486654,9.43416086654,14.05246486654,9.43416086654,1006.052385509824
50uvpcm(3),592prwtq(2),|50uvpcm(3),592prwtq(2),|50uvpcm(3),74dipsy(3),592prwtq(2),|50uvpcm(3),74dipsy(3),592prwtq(2),;18323.9,18308.5,16357.9,15728,9.05246486654,4.43416086654,9.05246486654,4.43416086654,1011.052385509824
592prwtq(2),|592prwtq(3),|74dipsy(3),592prwtq(2),|74dipsy(3),592prwtq(3),;19982.8,20796.8,18846.2,17386.9,4.05246486654,0,4.05246486654,0,1016.052385509824
592prwtq(3),|592prwtq(3),|74dipsy(3),592prwtq(3),|74dipsy(3),592prwtq(3),;19982.8,20796.8,18846.2,17386.9,0,0,0,0,1021.052385509824
592prwtq(3),|592prwtq(3),|74dipsy(3),592prwtq(3),|74dipsy(3),592prwtq(3),;19982.8,20796.8,18846.2,17386.9,0,0,0,0,1026.052385509824
592prwtq(3),|592prwtq(3),|74dipsy(3),592prwtq(3),|74dipsy(3),592prwtq(3),;19982.8,20796.8,18846.2,17386.9,0,0,0,0,1031.052385509824
592prwtq(3),|592prwtq(3),|74dipsy(3),592prwtq(3),|74dipsy(3),592prwtq(3),;19982.8,20796.8,18846.2,17386.9,0,0,0,0,1036.052385509824
592prwtq(3),|592prwtq(3),|74dipsy(3),592prwtq(3),|74dipsy(3),592prwtq(3),;19982.8,20796.8,18846.2,17386.9,0,0,0,0,1041.052385509824
592prwtq(3),|592prwtq(3),|74dipsy(3),592prwtq(3),|74dipsy(3),592prwtq(3),;19982.8,20796.8,18846.2,17386.9,0,0,0,0,1046.052385509824
592prwtq(3),|592prwtq(3),|74dipsy(3),592prwtq(3),|74dipsy(3),592prwtq(3),;19982.8,20796.8,18846.2,17386.9,0,0,0,0,1051.052385509824
592prwtq(3),|592prwtq(3),|74dipsy(3),592prwtq(3),|74dipsy(3),592prwtq(3),;19982.8,20796.8,18846.2,17386.9,0,0,0,0,1056.052385509824
592prwtq(3),|592prwtq(3),|74dipsy(3),592prwtq(3),|74dipsy(3),592prwtq(3),;19982.8,20796.8,18846.2,17386.9,0,0,0,0,1061.052385509824
592prwtq(3),|592prwtq(3),|74dipsy(3),592prwtq(3),|74dipsy(3),592prwtq(3),;19982.8,20796.8,18846.2,17386.9,0,0,0,0,1066.052385509824
592prwtq(3),|592prwtq(3),|74dipsy(3),592prwtq(3),|74dipsy(3),592prwtq(3),;19982.8,20796.8,18846.2,17386.9,0,0,0,0,1071.052385509824
592prwtq(3),|592prwtq(3),|74dipsy(3),592prwtq(3),|74dipsy(3),592prwtq(3),;19982.8,20796.8,18846.2,17386.9,0,0,0,0,1076.052385509824
592prwtq(3),|592prwtq(3),|74dipsy(3),592prwtq(3),|74dipsy(3),592prwtq(3),;19982.8,20796.8,18846.2,17386.9,0,0,0,0,1081.052385509824
592prwtq(3),|592prwtq(3),|74dipsy(3),592prwtq(3),|74dipsy(3),592prwtq(3),;19982.8,20796.8,18846.2,17386.9,0,0,0,0,1086.052385509824
592prwtq(3),|592prwtq(3),|74dipsy(3),592prwtq(3),|74dipsy(3),592prwtq(3),;19982.8,20796.8,18846.2,17386.9,0,0,0,0,1091.052385509824
592prwtq(3),|592prwtq(3),|74dipsy(3),592prwtq(3),|74dipsy(3),592prwtq(3),;19982.8,20796.8,18846.2,17386.9,0,0,0,0,1096.052385509824
592prwtq(3),|592prwtq(3),|74dipsy(3),592prwtq(3),|74dipsy(3),592prwtq(3),;19982.8,20796.8,18846.2,17386.9,0,0,0,0,1101.052385509824
592prwtq(3),74nwycx(0),|592prwtq(3),|74dipsy(3),592prwtq(3),|74dipsy(3),592prwtq(3),74nwycx(0),;19112.4,20796.8,18846.2,16516.5,8.750128111656,0,0,8.750128111656,1106.052385509824
592prwtq(3),74nwycx(2),|592prwtq(3),|74dipsy(3),592prwtq(3),|74dipsy(3),592prwtq(3),74nwycx(2),;19112.4,20796.8,18846.2,16516.5,3.750128111656,0,0,3.750128111656,1111.052385509824
592prwtq(3),74nwycx(3),|592prwtq(3),|74dipsy(3),592prwtq(3),|74dipsy(3),592prwtq(3),74nwycx(3),;19112.4,20796.8,18846.2,16516.5,0,0,0,0,1116.052385509824
592prwtq(3),74nwycx(3),|592prwtq(3),|74dipsy(3),592prwtq(3),|74dipsy(3),592prwtq(3),74nwycx(3),;19112.4,20796.8,18846.2,16516.5,0,0,0,0,1121.052385509824
592prwtq(3),74nwycx(3),|592prwtq(3),|74dipsy(3),592prwtq(3),|74dipsy(3),592prwtq(3),74nwycx(3),;19112.4,20796.8,18846.2,16516.5,0,0,0,0,1126.052385509824
592prwtq(3),74nwycx(3),|592prwtq(3),|74dipsy(3),592prwtq(3),|74dipsy(3),592prwtq(3),74nwycx(3),;19112.4,20796.8,18846.2,16516.5,0,0,0,0,1131.052385509824
592prwtq(3),74nwycx(3),|592prwtq(3),|74dipsy(3),592prwtq(3),|74dipsy(3),592prwtq(3),74nwycx(3),;19112.4,20796.8,18846.2,16516.5,0,0,0,0,1136.052385509824
592prwtq(3),74nwycx(3),|592prwtq(3),|74dipsy(3),592prwtq(3),|74dipsy(3),592prwtq(3),74nwycx(3),;19112.4,20796.8,18846.2,16516.5,0,0,0,0,1141.052385509824
592prwtq(3),74nwycx(3),|592prwtq(3),|74dipsy(3),592prwtq(3),|74dipsy(3),592prwtq(3),74nwycx(3),;19112.4,20796.8,18846.2,16516.5,0,0,0,0,1146.052385509824
592prwtq(3),74nwycx(3),592hveqr(2),|592prwtq(3),592hveqr(2),|74dipsy(3),592prwtq(3),592hveqr(2),|74dipsy(3),592prwtq(3),74nwycx(3),592hveqr(2),;17177,18861.4,15943.2,13613.5,8.576760865555,8.576760865555,14.066442978762,14.066442978762,1151.052385509824
592prwtq(3),74nwycx(3),592hveqr(2),|592prwtq(3),592hveqr(2),|74dipsy(3),592prwtq(3),592hveqr(2),|74dipsy(3),592prwtq(3),74nwycx(3),592hveqr(2),;17177,18861.4,15943.2,13613.5,3.576760865555,3.576760865555,9.066442978762,9.066442978762,1156.052385509824
592prwtq(3),74nwycx(3),592hveqr(3),|592prwtq(3),592hveqr(3),|74dipsy(3),592prwtq(3),592hveqr(2),|74dipsy(3),592prwtq(3),74nwycx(3),592hveqr(2),;17177,18861.4,15943.2,13613.5,0,0,4.066442978762,4.066442978762,1161.052385509824
592prwtq(3),74nwycx(3),592hveqr(3),|592prwtq(3),592hveqr(3),|74dipsy(3),592prwtq(3),592hveqr(3),|74dipsy(3),592prwtq(3),74nwycx(3),592hveqr(3),;17177,18861.4,15943.2,13613.5,0,0,0,0,1166.052385509824
592prwtq(3),74nwycx(3),592hveqr(3),|592prwtq(3),592hveqr(3),|74dipsy(3),592prwtq(3),592hveqr(3),|74dipsy(3),592prwtq(3),74nwycx(3),592hveqr(3),;17177,18861.4,15943.2,13613.5,0,0,0,0,1171.052385509824
592prwtq(3),74nwycx(3),592hveqr(3),|592prwtq(3),592hveqr(3),|74dipsy(3),592prwtq(3),592hveqr(3),|74dipsy(3),592prwtq(3),74nwycx(3),592hveqr(3),;17177,18861.4,15943.2,13613.5,0,0,0,0,1176.052385509824
592prwtq(3),74nwycx(3),592hveqr(3),|592prwtq(3),592hveqr(3),|74dipsy(3),592prwtq(3),592hveqr(3),|74dipsy(3),592prwtq(3),74nwycx(3),592hveqr(3),;17177,18861.4,15943.2,13613.5,0,0,0,0,1181.052385509824
592prwtq(3),74nwycx(3),592hveqr(3),|592prwtq(3),592hveqr(3),|74dipsy(3),592prwtq(3),592hveqr(3),|74dipsy(3),592prwtq(3),74nwycx(3),592hveqr(3),;17177,18861.4,15943.2,13613.5,0,0,0,0,1186.052385509824
592prwtq(3),74nwycx(3),592hveqr(3),|592prwtq(3),592hveqr(3),|74dipsy(3),592prwtq(3),592hveqr(3),|74dipsy(3),592prwtq(3),74nwycx(3),592hveqr(3),;17177,18861.4,15943.2,13613.5,0,0,0,0,1191.052385509824
592prwtq(3),74nwycx(3),592hveqr(3),|592prwtq(3),592hveqr(3),|74dipsy(3),592prwtq(3),592hveqr(3),|74dipsy(3),592prwtq(3),74nwycx(3),592hveqr(3),;17177,18861.4,15943.2,13613.5,0,0,0,0,1196.052385509824
592prwtq(3),74nwycx(3),592hveqr(3),|592prwtq(3),592hveqr(3),|74dipsy(3),592prwtq(3),592hveqr(3),|74dipsy(3),592prwtq(3),74nwycx(3),592hveqr(3),;17177,18861.4,15943.2,13613.5,0,0,0,0,1201.052385509824
592prwtq(3),74nwycx(3),592hveqr(3),|592prwtq(3),592hveqr(3),|74dipsy(3),592prwtq(3),592hveqr(3),|74dipsy(3),592prwtq(3),74nwycx(3),592hveqr(3),;17177,18861.4,15943.2,13613.5,0,0,0,0,1206.052385509824
592prwtq(3),74nwycx(3),592hveqr(3),|592prwtq(3),592hveqr(3),|74dipsy(3),592prwtq(3),592hveqr(3),|74dipsy(3),592prwtq(3),74nwycx(3),592hveqr(3),;17177,18861.4,15943.2,13613.5,0,0,0,0,1211.052385509824
592prwtq(3),74nwycx(3),592hveqr(3),|592prwtq(3),592hveqr(3),|74dipsy(3),592prwtq(3),592hveqr(3),|74dipsy(3),592prwtq(3),74nwycx(3),592hveqr(3),;17177,18861.4,15943.2,13613.5,0,0,0,0,1216.052385509824
592prwtq(3),74nwycx(3),592hveqr(3),|592prwtq(3),592hveqr(3),|74dipsy(3),592prwtq(3),592hveqr(3),|74dipsy(3),592prwtq(3),74nwycx(3),592hveqr(3),;17177,18861.4,15943.2,13613.5,0,0,0,0,1221.052385509824
592prwtq(3),74nwycx(3),592hveqr(3),|592prwtq(3),592hveqr(3),|74dipsy(3),592prwtq(3),592hveqr(3),|74dipsy(3),592prwtq(3),74nwycx(3),592hveqr(3),;17177,18861.4,15943.2,13613.5,0,0,0,0,1226.052385509824
592prwtq(3),74nwycx(3),592hveqr(3),|592prwtq(3),592hveqr(3),|74dipsy(3),592prwtq(3),592hveqr(3),|74dipsy(3),592prwtq(3),74nwycx(3),592hveqr(3),;17177,18861.4,15943.2,13613.5,0,0,0,0,1231.052385509824
592prwtq(3),74nwycx(3),592hveqr(3),|592prwtq(3),592hveqr(3),|74dipsy(3),592prwtq(3),592hveqr(3),|74dipsy(3),592prwtq(3),74nwycx(3),592hveqr(3),;17177,18861.4,15943.2,13613.5,0,0,0,0,1236.052385509824
592prwtq(3),74nwycx(3),592hveqr(3),|592prwtq(3),592hveqr(3),|74dipsy(3),592prwtq(3),592hveqr(3),|74dipsy(3),592prwtq(3),74nwycx(3),592hveqr(3),;17177,18861.4,15943.2,13613.5,0,0,0,0,1241.052385509824
592prwtq(3),74nwycx(3),592hveqr(3),|592prwtq(3),592hveqr(3),|74dipsy(3),592prwtq(3),592hveqr(3),|74dipsy(3),592prwtq(3),74nwycx(3),592hveqr(3),;17177,18861.4,15943.2,13613.5,0,0,0,0,1246.052385509824
592prwtq(3),74nwycx(3),592hveqr(3),|592prwtq(3),592hveqr(3),|74dipsy(3),592prwtq(3),592hveqr(3),|74dipsy(3),592prwtq(3),74nwycx(3),592hveqr(3),;17177,18861.4,15943.2,13613.5,0,0,0,0,1251.052385509824
592prwtq(3),74nwycx(3),592hveqr(3),|592prwtq(3),592hveqr(3),|74dipsy(3),592prwtq(3),592hveqr(3),|74dipsy(3),592prwtq(3),74nwycx(3),592hveqr(3),;17177,18861.4,15943.2,13613.5,0,0,0,0,1256.052385509824
592prwtq(3),74nwycx(3),592hveqr(3),|592prwtq(3),592hveqr(3),|74dipsy(3),592prwtq(3),592hveqr(3),|74dipsy(3),592prwtq(3),74nwycx(3),592hveqr(3),;17177,18861.4,15943.2,13613.5,0,0,0,0,1261.052385509824
592prwtq(3),74nwycx(3),592hveqr(3),|592prwtq(3),592hveqr(3),|592prwtq(3),592hveqr(3),|74dipsy(3),592prwtq(3),74nwycx(3),592hveqr(3),;17177,18861.4,17079.8,13613.5,0,0,0,0,1266.052385509824
592prwtq(3),74nwycx(3),592hveqr(3),|592prwtq(3),592hveqr(3),|592prwtq(3),592hveqr(3),|74dipsy(3),592prwtq(3),74nwycx(3),592hveqr(3),;17177,18861.4,17079.8,13613.5,0,0,0,0,1271.052385509824
592prwtq(3),74nwycx(3),592hveqr(3),|592prwtq(3),592hveqr(3),|592prwtq(3),592hveqr(3),|74dipsy(3),592prwtq(3),74nwycx(3),592hveqr(3),;17177,18861.4,17079.8,13613.5,0,0,0,0,1276.052385509824
592prwtq(3),74nwycx(3),592hveqr(3),|592prwtq(3),592hveqr(3),|592prwtq(3),592hveqr(3),|74dipsy(3),592prwtq(3),74nwycx(3),592hveqr(3),;17177,18861.4,17079.8,13613.5,0,0,0,0,1281.052385509824
592prwtq(3),74nwycx(3),592hveqr(3),|592prwtq(3),592hveqr(3),|592prwtq(3),592hveqr(3),|74dipsy(3),592prwtq(3),74nwycx(3),592hveqr(3),;17177,18861.4,17079.8,13613.5,0,0,0,0,1286.052385509824
592prwtq(3),74nwycx(3),592hveqr(3),|592prwtq(3),592hveqr(3),|592prwtq(3),592hveqr(3),|74dipsy(3),592prwtq(3),74nwycx(3),592hveqr(3),;17177,18861.4,17079.8,13613.5,0,0,0,0,1291.052385509824
592prwtq(3),74nwycx(3),592hveqr(3),|592prwtq(3),592hveqr(3),|592prwtq(3),592hveqr(3),|74dipsy(3),592prwtq(3),74nwycx(3),592hveqr(3),;17177,18861.4,17079.8,13613.5,0,0,0,0,1296.052385509824
592prwtq(3),74nwycx(3),592hveqr(3),|592prwtq(3),592hveqr(3),|592prwtq(3),592hveqr(3),|74dipsy(3),592prwtq(3),74nwycx(3),592hveqr(3),;17177,18861.4,17079.8,13613.5,0,0,0,0,1301.052385509824
592prwtq(3),74nwycx(3),592hveqr(3),|592prwtq(3),592hveqr(3),|592prwtq(3),592hveqr(3),|74dipsy(3),592prwtq(3),74nwycx(3),592hveqr(3),;17177,18861.4,17079.8,13613.5,0,0,0,0,1306.052385509824
592prwtq(3),74nwycx(3),592hveqr(3),|592prwtq(3),592hveqr(3),|592prwtq(3),592hveqr(3),|74dipsy(3),592prwtq(3),74nwycx(3),592hveqr(3),;17177,18861.4,17079.8,13613.5,0,0,0,0,1311.052385509824
592prwtq(3),74nwycx(3),592hveqr(3),|592prwtq(3),592hveqr(3),|592prwtq(3),592hveqr(3),|74dipsy(3),592prwtq(3),74nwycx(3),592hveqr(3),;17177,18861.4,17079.8,13613.5,0,0,0,0,1316.052385509824
592prwtq(3),74nwycx(3),592hveqr(3),|592prwtq(3),592hveqr(3),|592prwtq(3),592hveqr(3),|74dipsy(3),592prwtq(3),74nwycx(3),592hveqr(3),;17177,18861.4,17079.8,13613.5,0,0,0,0,1321.052385509824
592prwtq(3),74nwycx(3),592hveqr(3),|592prwtq(3),592hveqr(3),|592prwtq(3),592hveqr(3),|74dipsy(3),592prwtq(3),74nwycx(3),592hveqr(3),;17177,18861.4,17079.8,13613.5,0,0,0,0,1326.052385509824
592prwtq(3),74nwycx(3),592hveqr(3),|592prwtq(3),592hveqr(3),|592prwtq(3),592hveqr(3),|74dipsy(3),592prwtq(3),74nwycx(3),592hveqr(3),;17177,18861.4,17079.8,13613.5,0,0,0,0,1331.052385509824
592prwtq(3),74nwycx(3),592hveqr(3),|592prwtq(3),592hveqr(3),|592prwtq(3),592hveqr(3),|74dipsy(3),592prwtq(3),74nwycx(3),592hveqr(3),;17177,18861.4,17079.8,13613.5,0,0,0,0,1336.052385509824
592prwtq(3),74nwycx(3),592hveqr(3),|592prwtq(3),592hveqr(3),|592prwtq(3),592hveqr(3),|74dipsy(3),592prwtq(3),74nwycx(3),592hveqr(3),;17177,18861.4,17079.8,13613.5,0,0,0,0,1341.052385509824
592prwtq(3),74nwycx(3),592hveqr(3),956fcvrs(0),|592prwtq(3),592hveqr(3),956fcvrs(0),|592prwtq(3),592hveqr(3),956fcvrs(0),|74dipsy(3),592prwtq(3),74nwycx(3),592hveqr(3),956fcvrs(0),;14381.5,17929.6,15216.1,12681.7,16.796956667048,7.194902226797,11.995929446923,7.194902226797,1346.052385509824
592prwtq(3),74nwycx(3),592hveqr(3),956fcvrs(2),|592prwtq(3),592hveqr(3),956fcvrs(2),|592prwtq(3),592hveqr(3),956fcvrs(2),|74dipsy(3),592prwtq(3),74nwycx(3),592hveqr(3),956fcvrs(2),;14381.5,17929.6,15216.1,12681.7,11.796956667048,2.194902226797,6.995929446923,2.194902226797,1351.052385509824
592prwtq(3),74nwycx(3),592hveqr(3),956fcvrs(2),|592prwtq(3),592hveqr(3),|592prwtq(3),592hveqr(3),956fcvrs(2),|74dipsy(3),592prwtq(3),74nwycx(3),592hveqr(3),;14381.5,18861.4,15216.1,13613.5,6.796956667048,0,1.995929446923,0,1356.052385509824
592prwtq(3),74nwycx(3),592hveqr(3),956fcvrs(2),|592prwtq(3),592hveqr(3),|592prwtq(3),592hveqr(3),|74dipsy(3),592prwtq(3),74nwycx(3),592hveqr(3),;14381.5,18861.4,17079.8,13613.5,1.796956667048,0,0,0,1361.052385509824
592prwtq(3),74nwycx(3),592hveqr(3),|592prwtq(3),592hveqr(3),|592prwtq(3),592hveqr(3),|74dipsy(3),592prwtq(3),74nwycx(3),592hveqr(3),;17177,18861.4,17079.8,13613.5,0,0,0,0,1366.052385509824
592prwtq(3),74nwycx(3),592hveqr(3),|592prwtq(3),592hveqr(3),|592prwtq(3),592hveqr(3),|74dipsy(3),592prwtq(3),74nwycx(3),592hveqr(3),;17177,18861.4,17079.8,13613.5,0,0,0,0,1371.052385509824
592prwtq(3),74nwycx(3),592hveqr(3),|592prwtq(3),592hveqr(3),|592prwtq(3),592hveqr(3),|74dipsy(3),592prwtq(3),74nwycx(3),592hveqr(3),;17177,18861.4,17079.8,13613.5,0,0,0,0,1376.052385509824
592prwtq(3),74nwycx(3),592hveqr(3),|592prwtq(3),592hveqr(3),|592prwtq(3),592hveqr(3),|74dipsy(3),592prwtq(3),74nwycx(3),592hveqr(3),;17177,18861.4,17079.8,13613.5,0,0,0,0,1381.052385509824
592prwtq(3),74nwycx(3),592hveqr(3),|592prwtq(3),592hveqr(3),|592prwtq(3),592hveqr(3),|74dipsy(3),592prwtq(3),74nwycx(3),592hveqr(3),;17177,18861.4,17079.8,13613.5,0,0,0,0,1386.052385509824
592prwtq(3),74nwycx(3),592hveqr(3),|592prwtq(3),592hveqr(3),|592prwtq(3),592hveqr(3),|74dipsy(3),592prwtq(3),74nwycx(3),592hveqr(3),;17177,18861.4,17079.8,13613.5,0,0,0,0,1391.052385509824
592prwtq(3),74nwycx(3),592hveqr(3),|592prwtq(3),592hveqr(3),|592prwtq(3),592hveqr(3),|74dipsy(3),592prwtq(3),74nwycx(3),592hveqr(3),;17177,18861.4,17079.8,13613.5,0,0,0,0,1396.052385509824
592prwtq(3),74nwycx(3),592hveqr(3),|592prwtq(3),592hveqr(3),|592prwtq(3),592hveqr(3),|74dipsy(3),592prwtq(3),74nwycx(3),592hveqr(3),;17177,18861.4,17079.8,13613.5,0,0,0,0,1401.052385509824
592prwtq(3),74nwycx(3),592hveqr(3),|592prwtq(3),592hveqr(3),|592prwtq(3),592hveqr(3),|74dipsy(3),592prwtq(3),74nwycx(3),592hveqr(3),;17177,18861.4,17079.8,13613.5,0,0,0,0,1406.052385509824
592prwtq(3),74nwycx(3),592hveqr(3),|592prwtq(3),592hveqr(3),|592prwtq(3),592hveqr(3),|74dipsy(3),592prwtq(3),74nwycx(3),592hveqr(3),;17177,18861.4,17079.8,13613.5,0,0,0,0,1411.052385509824
592prwtq(3),74nwycx(3),592hveqr(3),|592prwtq(3),592hveqr(3),|592prwtq(3),592hveqr(3),|74dipsy(3),592prwtq(3),74nwycx(3),592hveqr(3),;17177,18861.4,17079.8,13613.5,0,0,0,0,1416.052385509824
592prwtq(3),74nwycx(3),592hveqr(3),|592prwtq(3),592hveqr(3),|592prwtq(3),592hveqr(3),|74dipsy(3),592prwtq(3),74nwycx(3),592hveqr(3),;17177,18861.4,17079.8,13613.5,0,0,0,0,1421.052385509824
592prwtq(3),74nwycx(3),592hveqr(3),|592prwtq(3),592hveqr(3),|592prwtq(3),592hveqr(3),|74dipsy(3),592prwtq(3),74nwycx(3),592hveqr(3),;17177,18861.4,17079.8,13613.5,0,0,0,0,1426.052385509824
592prwtq(3),74nwycx(3),592hveqr(3),|592prwtq(3),592hveqr(3),|592prwtq(3),592hveqr(3),|74dipsy(3),592prwtq(3),74nwycx(3),592hveqr(3),;17177,18861.4,17079.8,13613.5,0,0,0,0,1431.052385509824
592prwtq(3),74nwycx(3),592hveqr(3),|592prwtq(3),592hveqr(3),|592prwtq(3),592hveqr(3),|74dipsy(3),592prwtq(3),74nwycx(3),592hveqr(3),;17177,18861.4,17079.8,13613.5,0,0,0,0,1436.052385509824
592prwtq(3),74nwycx(3),592hveqr(3),|592prwtq(3),592hveqr(3),|592prwtq(3),592hveqr(3),|74dipsy(3),592prwtq(3),74nwycx(3),592hveqr(3),;17177,18861.4,17079.8,13613.5,0,0,0,0,1441.052385509824
592prwtq(3),74nwycx(3),592hveqr(3),|592prwtq(3),592hveqr(3),|592prwtq(3),592hveqr(3),|74dipsy(3),592prwtq(3),74nwycx(3),592hveqr(3),;17177,18861.4,17079.8,13613.5,0,0,0,0,1446.052385509824
592prwtq(3),74nwycx(3),592hveqr(3),|592prwtq(3),592hveqr(3),|592prwtq(3),592hveqr(3),|74dipsy(3),592prwtq(3),74nwycx(3),592hveqr(3),;17177,18861.4,17079.8,13613.5,0,0,0,0,1451.052385509824
592prwtq(3),74nwycx(3),592hveqr(3),|592prwtq(3),592hveqr(3),|592prwtq(3),592hveqr(3),|74dipsy(3),592prwtq(3),74nwycx(3),592hveqr(3),;17177,18861.4,17079.8,13613.5,0,0,0,0,1456.052385509824
592prwtq(3),74nwycx(3),592hveqr(3),|592prwtq(3),592hveqr(3),|592prwtq(3),592hveqr(3),|74dipsy(3),592prwtq(3),74nwycx(3),592hveqr(3),;17177,18861.4,17079.8,13613.5,0,0,0,0,1461.052385509824
592prwtq(3),74nwycx(3),592hveqr(3),|592prwtq(3),592hveqr(3),|592prwtq(3),592hveqr(3),|74dipsy(3),592prwtq(3),74nwycx(3),592hveqr(3),;17177,18861.4,17079.8,13613.5,0,0,0,0,1466.052385509824
592prwtq(3),74nwycx(3),592hveqr(3),|592prwtq(3),592hveqr(3),|592prwtq(3),592hveqr(3),|74dipsy(3),592prwtq(3),74nwycx(3),592hveqr(3),;17177,18861.4,17079.8,13613.5,0,0,0,0,1471.052385509824
592prwtq(3),74nwycx(3),592hveqr(3),|592prwtq(3),592hveqr(3),|592prwtq(3),592hveqr(3),|74dipsy(3),592prwtq(3),74nwycx(3),592hveqr(3),;17177,18861.4,17079.8,13613.5,0,0,0,0,1476.052385509824
592prwtq(3),74nwycx(3),592hveqr(3),|592prwtq(3),592hveqr(3),|592prwtq(3),592hveqr(3),|74dipsy(3),592prwtq(3),74nwycx(3),592hveqr(3),;17177,18861.4,17079.8,13613.5,0,0,0,0,1481.052385509824
592prwtq(3),74nwycx(3),592hveqr(3),|592prwtq(3),592hveqr(3),|592prwtq(3),592hveqr(3),|74dipsy(3),592prwtq(3),74nwycx(3),592hveqr(3),;17177,18861.4,17079.8,13613.5,0,0,0,0,1486.052385509824
592prwtq(3),74nwycx(3),592hveqr(3),|592prwtq(3),592hveqr(3),|592prwtq(3),592hveqr(3),|74dipsy(3),592prwtq(3),74nwycx(3),592hveqr(3),;17177,18861.4,17079.8,13613.5,0,0,0,0,1491.052385509824
592prwtq(3),74nwycx(3),592hveqr(3),|592prwtq(3),592hveqr(3),|592prwtq(3),592hveqr(3),|74dipsy(3),592prwtq(3),74nwycx(3),592hveqr(3),;17177,18861.4,17079.8,13613.5,0,0,0,0,1496.052385509824
592prwtq(3),74nwycx(3),592hveqr(3),|592prwtq(3),592hveqr(3),|592prwtq(3),592hveqr(3),|74dipsy(3),592prwtq(3),74nwycx(3),592hveqr(3),;17177,18861.4,17079.8,13613.5,0,0,0,0,1501.052385509824
592prwtq(3),74nwycx(3),592hveqr(3),|592prwtq(3),592hveqr(3),|592prwtq(3),592hveqr(3),|74dipsy(3),592prwtq(3),74nwycx(3),592hveqr(3),;17177,18861.4,17079.8,13613.5,0,0,0,0,1506.052385509824
592prwtq(3),74nwycx(3),592hveqr(3),|592prwtq(3),592hveqr(3),|592prwtq(3),592hveqr(3),|74dipsy(3),592prwtq(3),74nwycx(3),592hveqr(3),;17177,18861.4,17079.8,13613.5,0,0,0,0,1511.052385509824
592prwtq(3),74nwycx(3),592hveqr(3),|592prwtq(3),592hveqr(3),|592prwtq(3),592hveqr(3),|74dipsy(3),592prwtq(3),74nwycx(3),592hveqr(3),;17177,18861.4,17079.8,13613.5,0,0,0,0,1516.052385509824
592prwtq(3),74nwycx(3),592hveqr(3),|592prwtq(3),592hveqr(3),|592prwtq(3),592hveqr(3),|74dipsy(3),592prwtq(3),74nwycx(3),592hveqr(3),;17177,18861.4,17079.8,13613.5,0,0,0,0,1521.052385509824
592prwtq(3),74nwycx(3),592hveqr(3),|592prwtq(3),592hveqr(3),|592prwtq(3),592hveqr(3),|74dipsy(3),592prwtq(3),74nwycx(3),592hveqr(3),;17177,18861.4,17079.8,13613.5,0,0,0,0,1526.052385509824
592prwtq(3),74nwycx(3),592hveqr(3),|592prwtq(3),592hveqr(3),|592prwtq(3),592hveqr(3),|74dipsy(3),592prwtq(3),74nwycx(3),592hveqr(3),;17177,18861.4,17079.8,13613.5,0,0,0,0,1531.052385509824
592prwtq(3),74nwycx(3),592hveqr(3),|592prwtq(3),592hveqr(3),|592prwtq(3),592hveqr(3),|74dipsy(3),592prwtq(3),74nwycx(3),592hveqr(3),;17177,18861.4,17079.8,13613.5,0,0,0,0,1536.052385509824
592prwtq(3),74nwycx(3),592hveqr(3),|592prwtq(3),592hveqr(3),|592prwtq(3),592hveqr(3),|74dipsy(3),592prwtq(3),74nwycx(3),592hveqr(3),;17177,18861.4,17079.8,13613.5,0,0,0,0,1541.052385509824
592prwtq(3),74nwycx(3),592hveqr(3),|592prwtq(3),592hveqr(3),|592prwtq(3),592hveqr(3),|74dipsy(3),592prwtq(3),74nwycx(3),592hveqr(3),;17177,18861.4,17079.8,13613.5,0,0,0,0,1546.052385509824
592prwtq(3),74nwycx(3),592hveqr(3),|592prwtq(3),592hveqr(3),|592prwtq(3),592hveqr(3),|74dipsy(3),592prwtq(3),74nwycx(3),592hveqr(3),;17177,18861.4,17079.8,13613.5,0,0,0,0,1551.052385509824
592prwtq(3),74nwycx(3),592hveqr(3),|592prwtq(3),592hveqr(3),|592prwtq(3),592hveqr(3),|74dipsy(3),592prwtq(3),74nwycx(3),592hveqr(3),;17177,18861.4,17079.8,13613.5,0,0,0,0,1556.052385509824
592prwtq(3),74nwycx(3),592hveqr(3),|592prwtq(3),592hveqr(3),|592prwtq(3),592hveqr(3),|74dipsy(3),592prwtq(3),74nwycx(3),592hveqr(3),;17177,18861.4,17079.8,13613.5,0,0,0,0,1561.052385509824
592prwtq(3),74nwycx(3),592hveqr(3),|592prwtq(3),592hveqr(3),|592prwtq(3),592hveqr(3),|74dipsy(3),592prwtq(3),74nwycx(3),592hveqr(3),;17177,18861.4,17079.8,13613.5,0,0,0,0,1566.052385509824
592prwtq(3),74nwycx(3),592hveqr(3),|592prwtq(3),592hveqr(3),|592prwtq(3),592hveqr(3),|74dipsy(3),592prwtq(3),74nwycx(3),592hveqr(3),;17177,18861.4,17079.8,13613.5,0,0,0,0,1571.052385509824
592prwtq(3),74nwycx(3),592hveqr(3),|592prwtq(3),592hveqr(3),|592prwtq(3),592hveqr(3),|74dipsy(3),592prwtq(3),74nwycx(3),592hveqr(3),;17177,18861.4,17079.8,13613.5,0,0,0,0,1576.052385509824
592prwtq(3),74nwycx(3),592hveqr(3),|592prwtq(3),592hveqr(3),|592prwtq(3),592hveqr(3),|74dipsy(3),592prwtq(3),74nwycx(3),592hveqr(3),;17177,18861.4,17079.8,13613.5,0,0,0,0,1581.052385509824
592prwtq(3),74nwycx(3),592hveqr(3),|592prwtq(3),592hveqr(3),|592prwtq(3),592hveqr(3),|74dipsy(3),592prwtq(3),74nwycx(3),592hveqr(3),;17177,18861.4,17079.8,13613.5,0,0,0,0,1586.052385509824
592prwtq(3),74nwycx(3),592hveqr(3),|592prwtq(3),592hveqr(3),|592prwtq(3),592hveqr(3),|74dipsy(3),592prwtq(3),74nwycx(3),592hveqr(3),;17177,18861.4,17079.8,13613.5,0,0,0,0,1591.052385509824
592prwtq(3),74nwycx(3),592hveqr(3),|592prwtq(3),592hveqr(3),|592prwtq(3),592hveqr(3),|74dipsy(3),592prwtq(3),74nwycx(3),592hveqr(3),;17177,18861.4,17079.8,13613.5,0,0,0,0,1596.052385509824
592prwtq(3),74nwycx(3),592hveqr(3),436mdzsj(0),|592prwtq(3),592hveqr(3),|592prwtq(3),592hveqr(3),|592prwtq(3),74nwycx(3),592hveqr(3),;16173.5,18861.4,17079.8,17023.4,11.182660688103,0,0,0,1601.052385509824
592prwtq(3),74nwycx(3),592hveqr(3),436mdzsj(0),|592prwtq(3),592hveqr(3),|592prwtq(3),592hveqr(3),|592prwtq(3),74nwycx(3),592hveqr(3),;16173.5,18861.4,17079.8,17023.4,6.182660688103,0,0,0,1606.052385509824
592prwtq(3),74nwycx(3),592hveqr(3),436mdzsj(2),|592prwtq(3),592hveqr(3),|592prwtq(3),592hveqr(3),|592prwtq(3),74nwycx(3),592hveqr(3),;16173.5,18861.4,17079.8,17023.4,1.182660688103,0,0,0,1611.052385509824
592prwtq(3),74nwycx(3),592hveqr(3),436mdzsj(3),|592prwtq(3),592hveqr(3),|592prwtq(3),592hveqr(3),|592prwtq(3),74nwycx(3),592hveqr(3),;16173.5,18861.4,17079.8,17023.4,0,0,0,0,1616.052385509824
592prwtq(3),74nwycx(3),592hveqr(3),436mdzsj(3),|592prwtq(3),592hveqr(3),|592prwtq(3),592hveqr(3),|592prwtq(3),74nwycx(3),592hveqr(3),;16173.5,18861.4,17079.8,17023.4,0,0,0,0,1621.052385509824
592prwtq(3),74nwycx(3),592hveqr(3),436mdzsj(3),|592prwtq(3),592hveqr(3),|592prwtq(3),592hveqr(3),|592prwtq(3),74nwycx(3),592hveqr(3),;16173.5,18861.4,17079.8,17023.4,0,0,0,0,1626.052385509824
592prwtq(3),74nwycx(3),592hveqr(3),436mdzsj(3),|592prwtq(3),592hveqr(3),|592prwtq(3),592hveqr(3),|592prwtq(3),74nwycx(3),592hveqr(3),;16173.5,18861.4,17079.8,17023.4,0,0,0,0,1631.052385509824
592prwtq(3),74nwycx(3),592hveqr(3),436mdzsj(3),|592prwtq(3),592hveqr(3),|592prwtq(3),592hveqr(3),|592prwtq(3),74nwycx(3),592hveqr(3),;16173.5,18861.4,17079.8,17023.4,0,0,0,0,1636.052385509824
592prwtq(3),74nwycx(3),592hveqr(3),436mdzsj(3),|592prwtq(3),592hveqr(3),|592prwtq(3),592hveqr(3),|592prwtq(3),74nwycx(3),592hveqr(3),;16173.5,18861.4,17079.8,17023.4,0,0,0,0,1641.052385509824
592prwtq(3),74nwycx(3),592hveqr(3),436mdzsj(3),|592prwtq(3),592hveqr(3),|592prwtq(3),592hveqr(3),|592prwtq(3),74nwycx(3),592hveqr(3),;16173.5,18861.4,17079.8,17023.4,0,0,0,0,1646.052385509824
592prwtq(3),74nwycx(3),592hveqr(3),436mdzsj(3),|592prwtq(3),592hveqr(3),|592prwtq(3),592hveqr(3),|592prwtq(3),74nwycx(3),592hveqr(3),;16173.5,18861.4,17079.8,17023.4,0,0,0,0,1651.052385509824
592prwtq(3),74nwycx(3),592hveqr(3),436mdzsj(3),|592prwtq(3),592hveqr(3),|592prwtq(3),592hveqr(3),|592prwtq(3),74nwycx(3),592hveqr(3),;16173.5,18861.4,17079.8,17023.4,0,0,0,0,1656.052385509824
592prwtq(3),74nwycx(3),592hveqr(3),436mdzsj(3),|592prwtq(3),592hveqr(3),|592prwtq(3),592hveqr(3),|592prwtq(3),74nwycx(3),592hveqr(3),;16173.5,18861.4,17079.8,17023.4,0,0,0,0,1661.052385509824
592prwtq(3),74nwycx(3),592hveqr(3),436mdzsj(3),|592prwtq(3),592hveqr(3),|592prwtq(3),592hveqr(3),|592prwtq(3),74nwycx(3),592hveqr(3),;16173.5,18861.4,17079.8,17023.4,0,0,0,0,1666.052385509824
592prwtq(3),74nwycx(3),592hveqr(3),436mdzsj(3),|592prwtq(3),592hveqr(3),|592prwtq(3),592hveqr(3),|592prwtq(3),74nwycx(3),592hveqr(3),;16173.5,18861.4,17079.8,17023.4,0,0,0,0,1671.052385509824
592prwtq(3),74nwycx(3),592hveqr(3),436mdzsj(3),|592prwtq(3),592hveqr(3),|592prwtq(3),592hveqr(3),|592prwtq(3),74nwycx(3),592hveqr(3),;16173.5,18861.4,17079.8,17023.4,0,0,0,0,1676.052385509824
592prwtq(3),74nwycx(3),592hveqr(3),436mdzsj(3),|592prwtq(3),592hveqr(3),|592prwtq(3),592hveqr(3),|592prwtq(3),74nwycx(3),592hveqr(3),;16173.5,18861.4,17079.8,17023.4,0,0,0,0,1681.052385509824
592prwtq(3),74nwycx(3),592hveqr(3),436mdzsj(3),|592prwtq(3),592hveqr(3),|592prwtq(3),592hveqr(3),|592prwtq(3),74nwycx(3),592hveqr(3),;16173.5,18861.4,17079.8,17023.4,0,0,0,0,1686.052385509824
592prwtq(3),74nwycx(3),592hveqr(3),436mdzsj(3),|592prwtq(3),592hveqr(3),|592prwtq(3),592hveqr(3),|592prwtq(3),74nwycx(3),592hveqr(3),;16173.5,18861.4,17079.8,17023.4,0,0,0,0,1691.052385509824
592prwtq(3),74nwycx(3),592hveqr(3),436mdzsj(3),|592prwtq(3),592hveqr(3),|592prwtq(3),592hveqr(3),|592prwtq(3),74nwycx(3),592hveqr(3),;16173.5,18861.4,17079.8,17023.4,0,0,0,0,1696.052385509824
592prwtq(3),74nwycx(3),592hveqr(3),436mdzsj(3),|592prwtq(3),592hveqr(3),|592prwtq(3),592hveqr(3),|592prwtq(3),74nwycx(3),592hveqr(3),;16173.5,18861.4,17079.8,17023.4,0,0,0,0,1701.052385509824
592prwtq(3),74nwycx(3),592hveqr(3),436mdzsj(3),|592prwtq(3),592hveqr(3),|592prwtq(3),592hveqr(3),|592prwtq(3),74nwycx(3),592hveqr(3),;16173.5,18861.4,17079.8,17023.4,0,0,0,0,1706.052385509824
592prwtq(3),74nwycx(3),592hveqr(3),436mdzsj(3),|592prwtq(3),592hveqr(3),|592prwtq(3),592hveqr(3),|592prwtq(3),74nwycx(3),592hveqr(3),;16173.5,18861.4,17079.8,17023.4,0,0,0,0,1711.052385509824
592prwtq(3),74nwycx(3),592hveqr(3),436mdzsj(3),|592prwtq(3),592hveqr(3),|592prwtq(3),592hveqr(3),|592prwtq(3),74nwycx(3),592hveqr(3),;16173.5,18861.4,17079.8,17023.4,0,0,0,0,1716.052385509824
592prwtq(3),74nwycx(3),592hveqr(3),436mdzsj(3),|592prwtq(3),592hveqr(3),|592prwtq(3),592hveqr(3),|592prwtq(3),74nwycx(3),592hveqr(3),;16173.5,18861.4,17079.8,17023.4,0,0,0,0,1721.052385509824
592prwtq(3),74nwycx(3),592hveqr(3),436mdzsj(3),|592prwtq(3),592hveqr(3),|592prwtq(3),592hveqr(3),|592prwtq(3),74nwycx(3),592hveqr(3),;16173.5,18861.4,17079.8,17023.4,0,0,0,0,1726.052385509824
592prwtq(3),74nwycx(3),592hveqr(3),436mdzsj(3),|592prwtq(3),592hveqr(3),|592prwtq(3),592hveqr(3),|592prwtq(3),74nwycx(3),592hveqr(3),;16173.5,18861.4,17079.8,17023.4,0,0,0,0,1731.052385509824
592prwtq(3),592hveqr(3),436mdzsj(3),|592prwtq(3),592hveqr(3),|592prwtq(3),592hveqr(3),|592prwtq(3),592hveqr(3),;17043.9,18861.4,17079.8,17893.8,0,0,0,0,1736.052385509824
592prwtq(3),592hveqr(3),436mdzsj(3),|592prwtq(3),592hveqr(3),|592prwtq(3),592hveqr(3),|592prwtq(3),592hveqr(3),;17043.9,18861.4,17079.8,17893.8,0,0,0,0,1741.052385509824
592prwtq(3),592hveqr(3),436mdzsj(3),|592prwtq(3),592hveqr(3),|592prwtq(3),592hveqr(3),|592prwtq(3),592hveqr(3),;17043.9,18861.4,17079.8,17893.8,0,0,0,0,1746.052385509824
592prwtq(3),592hveqr(3),436mdzsj(3),|592prwtq(3),592hveqr(3),|592prwtq(3),592hveqr(3),|592prwtq(3),592hveqr(3),;17043.9,18861.4,17079.8,17893.8,0,0,0,0,1751.052385509824
592prwtq(3),592hveqr(3),436mdzsj(3),|592prwtq(3),592hveqr(3),|592prwtq(3),592hveqr(3),|592prwtq(3),592hveqr(3),;17043.9,18861.4,17079.8,17893.8,0,0,0,0,1756.052385509824
592prwtq(3),592hveqr(3),436mdzsj(3),|592prwtq(3),592hveqr(3),|592prwtq(3),592hveqr(3),|592prwtq(3),592hveqr(3),;17043.9,18861.4,17079.8,17893.8,0,0,0,0,1761.052385509824
592prwtq(3),592hveqr(3),436mdzsj(3),|592prwtq(3),592hveqr(3),|592prwtq(3),592hveqr(3),|592prwtq(3),592hveqr(3),;17043.9,18861.4,17079.8,17893.8,0,0,0,0,1766.052385509824
592prwtq(3),592hveqr(3),436mdzsj(3),|592prwtq(3),592hveqr(3),|592prwtq(3),592hveqr(3),|592prwtq(3),592hveqr(3),;17043.9,18861.4,17079.8,17893.8,0,0,0,0,1771.052385509824
592prwtq(3),592hveqr(3),436mdzsj(3),|592prwtq(3),592hveqr(3),|592prwtq(3),592hveqr(3),|592prwtq(3),592hveqr(3),;17043.9,18861.4,17079.8,17893.8,0,0,0,0,1776.052385509824
592prwtq(3),592hveqr(3),436mdzsj(3),|592prwtq(3),592hveqr(3),|592prwtq(3),592hveqr(3),|592prwtq(3),592hveqr(3),;17043.9,18861.4,17079.8,17893.8,0,0,0,0,1781.052385509824
592prwtq(3),592hveqr(3),436mdzsj(3),|592prwtq(3),592hveqr(3),|592prwtq(3),592hveqr(3),|592prwtq(3),592hveqr(3),;17043.9,18861.4,17079.8,17893.8,0,0,0,0,1786.052385509824
592prwtq(3),592hveqr(3),436mdzsj(3),|592prwtq(3),592hveqr(3),|592prwtq(3),592hveqr(3),|592prwtq(3),592hveqr(3),;17043.9,18861.4,17079.8,17893.8,0,0,0,0,1791.052385509824
592prwtq(3),592hveqr(3),436mdzsj(3),|592prwtq(3),592hveqr(3),|592prwtq(3),592hveqr(3),|592prwtq(3),592hveqr(3),;17043.9,18861.4,17079.8,17893.8,0,0,0,0,1796.052385509824
592prwtq(3),592hveqr(3),436mdzsj(3),|592prwtq(3),592hveqr(3),|592prwtq(3),592hveqr(3),|592prwtq(3),592hveqr(3),;17043.9,18861.4,17079.8,17893.8,0,0,0,0,1801.052385509824
592prwtq(3),592hveqr(3),436mdzsj(3),|592prwtq(3),592hveqr(3),|592prwtq(3),592hveqr(3),|592prwtq(3),592hveqr(3),;17043.9,18861.4,17079.8,17893.8,0,0,0,0,1806.052385509824
592prwtq(3),592hveqr(3),436mdzsj(3),|592prwtq(3),592hveqr(3),|592prwtq(3),592hveqr(3),|592prwtq(3),592hveqr(3),;17043.9,18861.4,17079.8,17893.8,0,0,0,0,1811.052385509824
592prwtq(3),592hveqr(3),436mdzsj(3),|592prwtq(3),592hveqr(3),|592prwtq(3),592hveqr(3),|592prwtq(3),592hveqr(3),;17043.9,18861.4,17079.8,17893.8,0,0,0,0,1816.052385509824
592prwtq(3),592hveqr(3),436mdzsj(3),|592prwtq(3),592hveqr(3),|592prwtq(3),592hveqr(3),|592prwtq(3),592hveqr(3),;17043.9,18861.4,17079.8,17893.8,0,0,0,0,1821.052385509824
592prwtq(3),592hveqr(3),436mdzsj(3),|592prwtq(3),592hveqr(3),|592prwtq(3),592hveqr(3),|592prwtq(3),592hveqr(3),;17043.9,18861.4,17079.8,17893.8,0,0,0,0,1826.052385509824
592prwtq(3),592hveqr(3),436mdzsj(3),|592prwtq(3),592hveqr(3),|592prwtq(3),592hveqr(3),|592prwtq(3),592hveqr(3),;17043.9,18861.4,17079.8,17893.8,0,0,0,0,1831.052385509824
592prwtq(3),592hveqr(3),436mdzsj(3),|592prwtq(3),592hveqr(3),|592prwtq(3),592hveqr(3),|592prwtq(3),592hveqr(3),;17043.9,18861.4,17079.8,17893.8,0,0,0,0,1836.052385509824
592prwtq(3),592hveqr(3),436mdzsj(3),|592prwtq(3),592hveqr(3),|592prwtq(3),592hveqr(3),|592prwtq(3),592hveqr(3),;17043.9,18861.4,17079.8,17893.8,0,0,0,0,1841.052385509824
592prwtq(3),592hveqr(3),436mdzsj(3),|592prwtq(3),592hveqr(3),|592prwtq(3),592hveqr(3),|592prwtq(3),592hveqr(3),;17043.9,18861.4,17079.8,17893.8,0,0,0,0,1846.052385509824
592prwtq(3),592hveqr(3),436mdzsj(3),|592prwtq(3),592hveqr(3),|592prwtq(3),592hveqr(3),|592prwtq(3),592hveqr(3),;17043.9,18861.4,17079.8,17893.8,0,0,0,0,1851.052385509824
592prwtq(3),592hveqr(3),436mdzsj(3),|592prwtq(3),592hveqr(3),|592prwtq(3),592hveqr(3),|592prwtq(3),592hveqr(3),;17043.9,18861.4,17079.8,17893.8,0,0,0,0,1856.052385509824
592prwtq(3),592hveqr(3),436mdzsj(3),|592prwtq(3),592hveqr(3),|592prwtq(3),592hveqr(3),|592prwtq(3),592hveqr(3),;17043.9,18861.4,17079.8,17893.8,0,0,0,0,1861.052385509824
592prwtq(3),592hveqr(3),436mdzsj(3),|592prwtq(3),592hveqr(3),|592prwtq(3),592hveqr(3),|592prwtq(3),592hveqr(3),;17043.9,18861.4,17079.8,17893.8,0,0,0,0,1866.052385509824
592prwtq(3),592hveqr(3),436mdzsj(3),|592prwtq(3),592hveqr(3),|592prwtq(3),592hveqr(3),|592prwtq(3),592hveqr(3),;17043.9,18861.4,17079.8,17893.8,0,0,0,0,1871.052385509824
592prwtq(3),592hveqr(3),436mdzsj(3),|592prwtq(3),592hveqr(3),|592prwtq(3),592hveqr(3),|592prwtq(3),592hveqr(3),;17043.9,18861.4,17079.8,17893.8,0,0,0,0,1876.052385509824
592prwtq(3),592hveqr(3),436mdzsj(3),|592prwtq(3),592hveqr(3),|592prwtq(3),592hveqr(3),|592prwtq(3),592hveqr(3),;17043.9,18861.4,17079.8,17893.8,0,0,0,0,1881.052385509824
592prwtq(3),592hveqr(3),436mdzsj(3),|592prwtq(3),592hveqr(3),|592prwtq(3),592hveqr(3),|592prwtq(3),592hveqr(3),;17043.9,18861.4,17079.8,17893.8,0,0,0,0,1886.052385509824
592prwtq(3),592hveqr(3),436mdzsj(3),|592prwtq(3),592hveqr(3),|592prwtq(3),592hveqr(3),|592prwtq(3),592hveqr(3),;17043.9,18861.4,17079.8,17893.8,0,0,0,0,1891.052385509824
592prwtq(3),592hveqr(3),436mdzsj(3),|592prwtq(3),592hveqr(3),|592prwtq(3),592hveqr(3),|592prwtq(3),592hveqr(3),;17043.9,18861.4,17079.8,17893.8,0,0,0,0,1896.052385509824
592prwtq(3),592hveqr(3),436mdzsj(3),|592prwtq(3),592hveqr(3),|592prwtq(3),592hveqr(3),|592prwtq(3),592hveqr(3),;17043.9,18861.4,17079.8,17893.8,0,0,0,0,1901.052385509824
592prwtq(3),592hveqr(3),436mdzsj(3),|592prwtq(3),592hveqr(3),|592prwtq(3),592hveqr(3),|592prwtq(3),592hveqr(3),;17043.9,18861.4,17079.8,17893.8,0,0,0,0,1906.052385509824
592prwtq(3),592hveqr(3),436mdzsj(3),|592prwtq(3),592hveqr(3),|592prwtq(3),592hveqr(3),|592prwtq(3),592hveqr(3),;17043.9,18861.4,17079.8,17893.8,0,0,0,0,1911.052385509824
592prwtq(3),592hveqr(3),436mdzsj(3),|592prwtq(3),592hveqr(3),|592prwtq(3),592hveqr(3),|592prwtq(3),592hveqr(3),;17043.9,18861.4,17079.8,17893.8,0,0,0,0,1916.052385509824
592prwtq(3),592hveqr(3),436mdzsj(3),|592prwtq(3),592hveqr(3),|592prwtq(3),592hveqr(3),|592prwtq(3),592hveqr(3),;17043.9,18861.4,17079.8,17893.8,0,0,0,0,1921.052385509824
592prwtq(3),592hveqr(3),436mdzsj(3),|592prwtq(3),592hveqr(3),|592prwtq(3),592hveqr(3),|592prwtq(3),592hveqr(3),;17043.9,18861.4,17079.8,17893.8,0,0,0,0,1926.052385509824
592prwtq(3),592hveqr(3),|592prwtq(3),592hveqr(3),|592prwtq(3),592hveqr(3),|592prwtq(3),592hveqr(3),;18047.4,18861.4,17079.8,17893.8,0,0,0,0,1931.052385509824
592prwtq(3),592hveqr(3),|592prwtq(3),592hveqr(3),|592prwtq(3),592hveqr(3),|592prwtq(3),592hveqr(3),;18047.4,18861.4,17079.8,17893.8,0,0,0,0,1936.052385509824
592prwtq(3),592hveqr(3),|592prwtq(3),592hveqr(3),|592prwtq(3),592hveqr(3),|592prwtq(3),592hveqr(3),;18047.4,18861.4,17079.8,17893.8,0,0,0,0,1941.052385509824
592prwtq(3),592hveqr(3),|592prwtq(3),592hveqr(3),|592prwtq(3),592hveqr(3),|592prwtq(3),592hveqr(3),;18047.4,18861.4,17079.8,17893.8,0,0,0,0,1946.052385509824
592prwtq(3),592hveqr(3),|592prwtq(3),592hveqr(3),|592prwtq(3),592hveqr(3),|592prwtq(3),592hveqr(3),;18047.4,18861.4,17079.8,17893.8,0,0,0,0,1951.052385509824
592prwtq(3),592hveqr(3),|592prwtq(3),592hveqr(3),|592prwtq(3),592hveqr(3),|592prwtq(3),592hveqr(3),;18047.4,18861.4,17079.8,17893.8,0,0,0,0,1956.052385509824
592prwtq(3),592hveqr(3),|592prwtq(3),592hveqr(3),|592prwtq(3),592hveqr(3),|592prwtq(3),592hveqr(3),;18047.4,18861.4,17079.8,17893.8,0,0,0,0,1961.052385509824
592prwtq(3),592hveqr(3),|592prwtq(3),592hveqr(3),|592prwtq(3),592hveqr(3),|592prwtq(3),592hveqr(3),;18047.4,18861.4,17079.8,17893.8,0,0,0,0,1966.052385509824
592prwtq(3),592hveqr(3),|592prwtq(3),592hveqr(3),|592prwtq(3),592hveqr(3),|592prwtq(3),592hveqr(3),;18047.4,18861.4,17079.8,17893.8,0,0,0,0,1971.052385509824
592prwtq(3),592hveqr(3),|592prwtq(3),592hveqr(3),|592prwtq(3),592hveqr(3),|592prwtq(3),592hveqr(3),;18047.4,18861.4,17079.8,17893.8,0,0,0,0,1976.052385509824
592prwtq(3),592hveqr(3),|592prwtq(3),592hveqr(3),|592prwtq(3),592hveqr(3),|592prwtq(3),592hveqr(3),;18047.4,18861.4,17079.8,17893.8,0,0,0,0,1981.052385509824
592prwtq(3),592hveqr(3),|592prwtq(3),592hveqr(3),|592prwtq(3),592hveqr(3),|592prwtq(3),592hveqr(3),;18047.4,18861.4,17079.8,17893.8,0,0,0,0,1986.052385509824
592prwtq(3),592hveqr(3),|592prwtq(3),592hveqr(3),|592prwtq(3),592hveqr(3),|592prwtq(3),592hveqr(3),;18047.4,18861.4,17079.8,17893.8,0,0,0,0,1991.052385509824
592prwtq(3),592hveqr(3),|592prwtq(3),592hveqr(3),|592prwtq(3),592hveqr(3),|592prwtq(3),592hveqr(3),;18047.4,18861.4,17079.8,17893.8,0,0,0,0,1996.052385509824
