|||;32870,32870,32870,32870,0,0,0,0,1.094953821921
|||;32870,32870,32870,32870,0,0,0,0,6.094953821921
|||;32870,32870,32870,32870,0,0,0,0,11.094953821921
|||;32870,32870,32870,32870,0,0,0,0,16.094953821921
|||;32870,32870,32870,32870,0,0,0,0,21.094953821921
|||;32870,32870,32870,32870,0,0,0,0,26.094953821921
|||;32870,32870,32870,32870,0,0,0,0,31.094953821921
|||;32870,32870,32870,32870,0,0,0,0,36.094953821921
|||;32870,32870,32870,32870,0,0,0,0,41.094953821921
|||;32870,32870,32870,32870,0,0,0,0,46.094953821921
|||;32870,32870,32870,32870,0,0,0,0,51.094953821921
|||;32870,32870,32870,32870,0,0,0,0,56.094953821921
|||;32870,32870,32870,32870,0,0,0,0,61.094953821921
|||;32870,32870,32870,32870,0,0,0,0,66.094953821921
|||;32870,32870,32870,32870,0,0,0,0,71.094953821921
|||;32870,32870,32870,32870,0,0,0,0,76.094953821921
|||;32870,32870,32870,32870,0,0,0,0,81.094953821921
|||;32870,32870,32870,32870,0,0,0,0,86.094953821921
|||;32870,32870,32870,32870,0,0,0,0,91.094953821921
|||;32870,32870,32870,32870,0,0,0,0,96.094953821921
|||;32870,32870,32870,32870,0,0,0,0,101.094953821921
|980typzk(2),||;32870,32055.9,32870,32870,0,2.84683522854,0,0,106.094953821921
|980typzk(3),||;32870,32055.9,32870,32870,0,0,0,0,111.094953821921
|980typzk(3),||;32870,32055.9,32870,32870,0,0,0,0,116.094953821921
|980typzk(3),||;32870,32055.9,32870,32870,0,0,0,0,121.094953821921
|980typzk(3),||;32870,32055.9,32870,32870,0,0,0,0,126.094953821921
|980typzk(3),||;32870,32055.9,32870,32870,0,0,0,0,131.094953821921
|980typzk(3),||;32870,32055.9,32870,32870,0,0,0,0,136.094953821921
|980typzk(3),||;32870,32055.9,32870,32870,0,0,0,0,141.094953821921
|980typzk(3),||;32870,32055.9,32870,32870,0,0,0,0,146.094953821921
|980typzk(3),||;32870,32055.9,32870,32870,0,0,0,0,151.094953821921
|980typzk(3),||;32870,32055.9,32870,32870,0,0,0,0,156.094953821921
|980typzk(3),||;32870,32055.9,32870,32870,0,0,0,0,161.094953821921
|980typzk(3),||;32870,32055.9,32870,32870,0,0,0,0,166.094953821921
|980typzk(3),||;32870,32055.9,32870,32870,0,0,0,0,171.094953821921
|980typzk(3),||;32870,32055.9,32870,32870,0,0,0,0,176.094953821921
|980typzk(3),||;32870,32055.9,32870,32870,0,0,0,0,181.094953821921
|980typzk(3),||;32870,32055.9,32870,32870,0,0,0,0,186.094953821921
|980typzk(3),||;32870,32055.9,32870,32870,0,0,0,0,191.094953821921
|980typzk(3),||;32870,32055.9,32870,32870,0,0,0,0,196.094953821921
|980typzk(3),||;32870,32055.9,32870,32870,0,0,0,0,201.094953821921
|980typzk(3),||;32870,32055.9,32870,32870,0,0,0,0,206.094953821921
|980typzk(3),||;32870,32055.9,32870,32870,0,0,0,0,211.094953821921
|980typzk(3),||;32870,32055.9,32870,32870,0,0,0,0,216.094953821921
|980typzk(3),||;32870,32055.9,32870,32870,0,0,0,0,221.094953821921
|980typzk(3),||;32870,32055.9,32870,32870,0,0,0,0,226.094953821921
|980typzk(3),||;32870,32055.9,32870,32870,0,0,0,0,231.094953821921
|980typzk(3),||;32870,32055.9,32870,32870,0,0,0,0,236.094953821921
|980typzk(3),||;32870,32055.9,32870,32870,0,0,0,0,241.094953821921
|980typzk(3),||;32870,32055.9,32870,32870,0,0,0,0,246.094953821921
|980typzk(3),||;32870,32055.9,32870,32870,0,0,0,0,251.094953821921
|980typzk(3),||;32870,32055.9,32870,32870,0,0,0,0,256.094953821921
|980typzk(3),||;32870,32055.9,32870,32870,0,0,0,0,261.094953821921
|980typzk(3),||;32870,32055.9,32870,32870,0,0,0,0,266.094953821921
|980typzk(3),||;32870,32055.9,32870,32870,0,0,0,0,271.094953821921
|980typzk(3),||;32870,32055.9,32870,32870,0,0,0,0,276.094953821921
|980typzk(3),||;32870,32055.9,32870,32870,0,0,0,0,281.094953821921
|980typzk(3),||;32870,32055.9,32870,32870,0,0,0,0,286.094953821921
|980typzk(3),||;32870,32055.9,32870,32870,0,0,0,0,291.094953821921
352gyqrx(0),|980typzk(3),352gyqrx(0),|352gyqrx(0),|352gyqrx(0),;32148.1,29890.1,31426.2,31426.2,6.711444535472,15.532975396786,11.122209966129,11.122209966129,296.094953821921
352gyqrx(2),|980typzk(3),352gyqrx(2),|352gyqrx(2),|352gyqrx(2),;32148.1,29890.1,31426.2,31426.2,1.711444535472,10.532975396786,6.122209966129,6.122209966129,301.094953821921
|980typzk(3),352gyqrx(2),|352gyqrx(2),|352gyqrx(2),;32870,29890.1,31426.2,31426.2,0,5.532975396786,1.122209966129,1.122209966129,306.094953821921
|980typzk(3),352gyqrx(2),||352gyqrx(3),;32870,29890.1,32870,31426.2,0,0.532975396786,0,0,311.094953821921
|980typzk(3),352gyqrx(3),||352gyqrx(3),;32870,29890.1,32870,31426.2,0,0,0,0,316.094953821921
|980typzk(3),352gyqrx(3),||352gyqrx(3),;32870,29890.1,32870,31426.2,0,0,0,0,321.094953821921
|980typzk(3),352gyqrx(3),||352gyqrx(3),;32870,29890.1,32870,31426.2,0,0,0,0,326.094953821921
|980typzk(3),352gyqrx(3),||352gyqrx(3),;32870,29890.1,32870,31426.2,0,0,0,0,331.094953821921
|980typzk(3),352gyqrx(3),||352gyqrx(3),;32870,29890.1,32870,31426.2,0,0,0,0,336.094953821921
|980typzk(3),352gyqrx(3),||352gyqrx(3),;32870,29890.1,32870,31426.2,0,0,0,0,341.094953821921
|980typzk(3),352gyqrx(3),||352gyqrx(3),;32870,29890.1,32870,31426.2,0,0,0,0,346.094953821921
|980typzk(3),352gyqrx(3),||352gyqrx(3),706ghnqj(0),;32870,29890.1,32870,29808.3,0,0,0,10.697426447679,351.094953821921
|980typzk(3),352gyqrx(3),||352gyqrx(3),706ghnqj(2),;32870,29890.1,32870,29808.3,0,0,0,5.697426447679,356.094953821921
|980typzk(3),352gyqrx(3),||352gyqrx(3),706ghnqj(2),;32870,29890.1,32870,29808.3,0,0,0,0.697426447679,361.094953821921
|980typzk(3),352gyqrx(3),||352gyqrx(3),706ghnqj(3),;32870,29890.1,32870,29808.3,0,0,0,0,366.094953821921
|980typzk(3),352gyqrx(3),||352gyqrx(3),706ghnqj(3),;32870,29890.1,32870,29808.3,0,0,0,0,371.094953821921
|980typzk(3),352gyqrx(3),||352gyqrx(3),706ghnqj(3),;32870,29890.1,32870,29808.3,0,0,0,0,376.094953821921
|980typzk(3),352gyqrx(3),||352gyqrx(3),706ghnqj(3),;32870,29890.1,32870,29808.3,0,0,0,0,381.094953821921
|980typzk(3),352gyqrx(3),||352gyqrx(3),706ghnqj(3),;32870,29890.1,32870,29808.3,0,0,0,0,386.094953821921
|980typzk(3),352gyqrx(3),||352gyqrx(3),706ghnqj(3),;32870,29890.1,32870,29808.3,0,0,0,0,391.094953821921
|980typzk(3),352gyqrx(3),||352gyqrx(3),706ghnqj(3),;32870,29890.1,32870,29808.3,0,0,0,0,396.094953821921
|980typzk(3),352gyqrx(3),||352gyqrx(3),706ghnqj(3),;32870,29890.1,32870,29808.3,0,0,0,0,401.094953821921
|980typzk(3),352gyqrx(3),||352gyqrx(3),706ghnqj(3),;32870,29890.1,32870,29808.3,0,0,0,0,406.094953821921
|980typzk(3),352gyqrx(3),||352gyqrx(3),706ghnqj(3),;32870,29890.1,32870,29808.3,0,0,0,0,411.094953821921
|980typzk(3),352gyqrx(3),||352gyqrx(3),706ghnqj(3),;32870,29890.1,32870,29808.3,0,0,0,0,416.094953821921
|980typzk(3),352gyqrx(3),||352gyqrx(3),706ghnqj(3),;32870,29890.1,32870,29808.3,0,0,0,0,421.094953821921
|980typzk(3),352gyqrx(3),||352gyqrx(3),706ghnqj(3),;32870,29890.1,32870,29808.3,0,0,0,0,426.094953821921
|980typzk(3),352gyqrx(3),||352gyqrx(3),706ghnqj(3),;32870,29890.1,32870,29808.3,0,0,0,0,431.094953821921
|980typzk(3),352gyqrx(3),||352gyqrx(3),706ghnqj(3),;32870,29890.1,32870,29808.3,0,0,0,0,436.094953821921
|980typzk(3),352gyqrx(3),||352gyqrx(3),706ghnqj(3),;32870,29890.1,32870,29808.3,0,0,0,0,441.094953821921
|980typzk(3),352gyqrx(3),||352gyqrx(3),172dqtak(0),;32870,29890.1,32870,27453.1,0,0,0,28.844940939839,446.094953821921
|980typzk(3),352gyqrx(3),||352gyqrx(3),172dqtak(2),;32870,29890.1,32870,27453.1,0,0,0,23.844940939839,451.094953821921
|352gyqrx(3),||352gyqrx(3),172dqtak(2),;32870,30704.2,32870,27453.1,0,0,0,18.844940939839,456.094953821921
|352gyqrx(3),||352gyqrx(3),172dqtak(2),;32870,30704.2,32870,27453.1,0,0,0,13.844940939839,461.094953821921
|352gyqrx(3),||352gyqrx(3),172dqtak(2),;32870,30704.2,32870,27453.1,0,0,0,8.844940939839,466.094953821921
|352gyqrx(3),||352gyqrx(3),172dqtak(2),;32870,30704.2,32870,27453.1,0,0,0,3.844940939839,471.094953821921
|||172dqtak(3),;32870,32870,32870,28896.9,0,0,0,0,476.094953821921
|||172dqtak(3),;32870,32870,32870,28896.9,0,0,0,0,481.094953821921
|||172dqtak(3),;32870,32870,32870,28896.9,0,0,0,0,486.094953821921
121yuzgd(0),|121yuzgd(0),||172dqtak(3),121yuzgd(0),;29844.1,31861.4,32870,27888.3,21.56827818472,9.243160598345,0,9.243160598345,491.094953821921
121yuzgd(2),|121yuzgd(2),||172dqtak(3),121yuzgd(2),;29844.1,31861.4,32870,27888.3,16.56827818472,4.243160598345,0,4.243160598345,496.094953821921
121yuzgd(2),|121yuzgd(3),||172dqtak(3),121yuzgd(3),;29844.1,31861.4,32870,27888.3,11.56827818472,0,0,0,501.094953821921
121yuzgd(2),|121yuzgd(3),||172dqtak(3),121yuzgd(3),;29844.1,31861.4,32870,27888.3,6.56827818472,0,0,0,506.094953821921
121yuzgd(2),|121yuzgd(3),||172dqtak(3),121yuzgd(3),;29844.1,31861.4,32870,27888.3,1.56827818472,0,0,0,511.094953821921
121yuzgd(3),|121yuzgd(3),||172dqtak(3),121yuzgd(3),;29844.1,31861.4,32870,27888.3,0,0,0,0,516.094953821921
121yuzgd(3),618arbnu(0),|121yuzgd(3),618arbnu(0),|618arbnu(0),|172dqtak(3),121yuzgd(3),618arbnu(0),;27816.6,29833.9,30842.5,25860.8,16.399785223236,16.399785223236,16.399785223236,16.399785223236,521.094953821921
121yuzgd(3),618arbnu(2),|121yuzgd(3),618arbnu(2),|618arbnu(2),|172dqtak(3),121yuzgd(3),618arbnu(2),;27816.6,29833.9,30842.5,25860.8,11.399785223236,11.399785223236,11.399785223236,11.399785223236,526.094953821921
121yuzgd(3),618arbnu(2),|121yuzgd(3),618arbnu(2),|618arbnu(2),|172dqtak(3),121yuzgd(3),618arbnu(2),;27816.6,29833.9,30842.5,25860.8,6.399785223236,6.399785223236,6.399785223236,6.399785223236,531.094953821921
121yuzgd(3),618arbnu(2),|121yuzgd(3),618arbnu(2),|618arbnu(2),|172dqtak(3),121yuzgd(3),618arbnu(2),;27816.6,29833.9,30842.5,25860.8,1.399785223236,1.399785223236,1.399785223236,1.399785223236,536.094953821921
121yuzgd(3),618arbnu(3),|121yuzgd(3),618arbnu(3),|618arbnu(3),|172dqtak(3),121yuzgd(3),618arbnu(3),;27816.6,29833.9,30842.5,25860.8,0,0,0,0,541.094953821921
121yuzgd(3),618arbnu(3),|121yuzgd(3),618arbnu(3),|618arbnu(3),|172dqtak(3),121yuzgd(3),618arbnu(3),;27816.6,29833.9,30842.5,25860.8,0,0,0,0,546.094953821921
121yuzgd(3),618arbnu(3),|121yuzgd(3),618arbnu(3),|618arbnu(3),|172dqtak(3),121yuzgd(3),618arbnu(3),;27816.6,29833.9,30842.5,25860.8,0,0,0,0,551.094953821921
121yuzgd(3),618arbnu(3),|121yuzgd(3),618arbnu(3),|618arbnu(3),|172dqtak(3),121yuzgd(3),618arbnu(3),;27816.6,29833.9,30842.5,25860.8,0,0,0,0,556.094953821921
121yuzgd(3),618arbnu(3),|121yuzgd(3),618arbnu(3),|618arbnu(3),|172dqtak(3),121yuzgd(3),618arbnu(3),;27816.6,29833.9,30842.5,25860.8,0,0,0,0,561.094953821921
121yuzgd(3),618arbnu(3),|121yuzgd(3),618arbnu(3),|618arbnu(3),|172dqtak(3),121yuzgd(3),618arbnu(3),;27816.6,29833.9,30842.5,25860.8,0,0,0,0,566.094953821921
121yuzgd(3),618arbnu(3),|121yuzgd(3),618arbnu(3),|618arbnu(3),|172dqtak(3),121yuzgd(3),618arbnu(3),;27816.6,29833.9,30842.5,25860.8,0,0,0,0,571.094953821921
121yuzgd(3),618arbnu(3),242aydlv(0),|121yuzgd(3),618arbnu(3),242aydlv(0),|618arbnu(3),242aydlv(0),|172dqtak(3),121yuzgd(3),618arbnu(3),;26260.1,28277.4,29286,25860.8,13.094435113229,13.094435113229,13.094435113229,0,576.094953821921
121yuzgd(3),618arbnu(3),242aydlv(2),|121yuzgd(3),618arbnu(3),242aydlv(2),|618arbnu(3),242aydlv(2),|172dqtak(3),121yuzgd(3),618arbnu(3),;26260.1,28277.4,29286,25860.8,8.094435113229,8.094435113229,8.094435113229,0,581.094953821921
121yuzgd(3),618arbnu(3),242aydlv(2),|121yuzgd(3),618arbnu(3),242aydlv(2),|618arbnu(3),242aydlv(2),|172dqtak(3),121yuzgd(3),618arbnu(3),;26260.1,28277.4,29286,25860.8,3.094435113229,3.094435113229,3.094435113229,0,586.094953821921
121yuzgd(3),618arbnu(3),242aydlv(3),|121yuzgd(3),618arbnu(3),242aydlv(3),|618arbnu(3),242aydlv(3),|172dqtak(3),121yuzgd(3),618arbnu(3),;26260.1,28277.4,29286,25860.8,0,0,0,0,591.094953821921
121yuzgd(3),618arbnu(3),242aydlv(3),|121yuzgd(3),618arbnu(3),242aydlv(3),|618arbnu(3),242aydlv(3),|172dqtak(3),121yuzgd(3),618arbnu(3),;26260.1,28277.4,29286,25860.8,0,0,0,0,596.094953821921
121yuzgd(3),618arbnu(3),242aydlv(3),|121yuzgd(3),618arbnu(3),242aydlv(3),|618arbnu(3),242aydlv(3),|172dqtak(3),121yuzgd(3),618arbnu(3),;26260.1,28277.4,29286,25860.8,0,0,0,0,601.094953821921
121yuzgd(3),618arbnu(3),242aydlv(3),|121yuzgd(3),618arbnu(3),242aydlv(3),|618arbnu(3),242aydlv(3),|172dqtak(3),121yuzgd(3),618arbnu(3),;26260.1,28277.4,29286,25860.8,0,0,0,0,606.094953821921
121yuzgd(3),618arbnu(3),242aydlv(3),|121yuzgd(3),618arbnu(3),242aydlv(3),|618arbnu(3),242aydlv(3),|172dqtak(3),121yuzgd(3),618arbnu(3),;26260.1,28277.4,29286,25860.8,0,0,0,0,611.094953821921
121yuzgd(3),618arbnu(3),242aydlv(3),|121yuzgd(3),618arbnu(3),242aydlv(3),|618arbnu(3),242aydlv(3),|172dqtak(3),121yuzgd(3),618arbnu(3),;26260.1,28277.4,29286,25860.8,0,0,0,0,616.094953821921
121yuzgd(3),618arbnu(3),242aydlv(3),|121yuzgd(3),618arbnu(3),242aydlv(3),|618arbnu(3),242aydlv(3),|172dqtak(3),121yuzgd(3),618arbnu(3),;26260.1,28277.4,29286,25860.8,0,0,0,0,621.094953821921
121yuzgd(3),618arbnu(3),242aydlv(3),|121yuzgd(3),618arbnu(3),242aydlv(3),|618arbnu(3),242aydlv(3),|172dqtak(3),121yuzgd(3),618arbnu(3),;26260.1,28277.4,29286,25860.8,0,0,0,0,626.094953821921
121yuzgd(3),618arbnu(3),242aydlv(3),|121yuzgd(3),618arbnu(3),242aydlv(3),|618arbnu(3),242aydlv(3),|172dqtak(3),121yuzgd(3),618arbnu(3),;26260.1,28277.4,29286,25860.8,0,0,0,0,631.094953821921
618arbnu(3),242aydlv(3),|618arbnu(3),242aydlv(3),|618arbnu(3),242aydlv(3),|172dqtak(3),618arbnu(3),;29286,29286,29286,26869.4,0,0,0,0,636.094953821921
618arbnu(3),242aydlv(3),|618arbnu(3),242aydlv(3),|618arbnu(3),242aydlv(3),|172dqtak(3),618arbnu(3),;29286,29286,29286,26869.4,0,0,0,0,641.094953821921
618arbnu(3),242aydlv(3),|618arbnu(3),242aydlv(3),|618arbnu(3),242aydlv(3),|172dqtak(3),618arbnu(3),;29286,29286,29286,26869.4,0,0,0,0,646.094953821921
618arbnu(3),242aydlv(3),|618arbnu(3),242aydlv(3),|618arbnu(3),242aydlv(3),|172dqtak(3),618arbnu(3),;29286,29286,29286,26869.4,0,0,0,0,651.094953821921
618arbnu(3),242aydlv(3),|618arbnu(3),242aydlv(3),|618arbnu(3),242aydlv(3),|172dqtak(3),618arbnu(3),;29286,29286,29286,26869.4,0,0,0,0,656.094953821921
618arbnu(3),242aydlv(3),|618arbnu(3),242aydlv(3),|618arbnu(3),242aydlv(3),|172dqtak(3),618arbnu(3),;29286,29286,29286,26869.4,0,0,0,0,661.094953821921
618arbnu(3),242aydlv(3),|618arbnu(3),242aydlv(3),|618arbnu(3),242aydlv(3),|172dqtak(3),618arbnu(3),;29286,29286,29286,26869.4,0,0,0,0,666.094953821921
618arbnu(3),242aydlv(3),|618arbnu(3),242aydlv(3),|618arbnu(3),242aydlv(3),|172dqtak(3),618arbnu(3),;29286,29286,29286,26869.4,0,0,0,0,671.094953821921
618arbnu(3),242aydlv(3),|618arbnu(3),242aydlv(3),|618arbnu(3),242aydlv(3),|172dqtak(3),618arbnu(3),;29286,29286,29286,26869.4,0,0,0,0,676.094953821921
618arbnu(3),242aydlv(3),|618arbnu(3),242aydlv(3),|618arbnu(3),242aydlv(3),|172dqtak(3),618arbnu(3),;29286,29286,29286,26869.4,0,0,0,0,681.094953821921
618arbnu(3),242aydlv(3),|618arbnu(3),242aydlv(3),|618arbnu(3),242aydlv(3),|172dqtak(3),618arbnu(3),;29286,29286,29286,26869.4,0,0,0,0,686.094953821921
618arbnu(3),242aydlv(3),|618arbnu(3),242aydlv(3),|618arbnu(3),242aydlv(3),|172dqtak(3),618arbnu(3),;29286,29286,29286,26869.4,0,0,0,0,691.094953821921
618arbnu(3),242aydlv(3),|618arbnu(3),242aydlv(3),|618arbnu(3),242aydlv(3),|172dqtak(3),618arbnu(3),;29286,29286,29286,26869.4,0,0,0,0,696.094953821921
618arbnu(3),242aydlv(3),|618arbnu(3),242aydlv(3),|618arbnu(3),242aydlv(3),|172dqtak(3),618arbnu(3),;29286,29286,29286,26869.4,0,0,0,0,701.094953821921
618arbnu(3),242aydlv(3),618qcwrv(0),|618arbnu(3),242aydlv(3),618qcwrv(0),|618arbnu(3),242aydlv(3),618qcwrv(0),|172dqtak(3),618arbnu(3),618qcwrv(0),;28425.8,28425.8,26705.5,24288.9,6.391238139828,6.391238139828,16.67799831501,16.67799831501,706.094953821921
242aydlv(3),618qcwrv(2),|242aydlv(3),618qcwrv(2),|242aydlv(3),618qcwrv(2),|172dqtak(3),618qcwrv(2),;30453.3,30453.3,28733,26316.4,1.391238139828,1.391238139828,11.67799831501,11.67799831501,711.094953821921
242aydlv(3),|242aydlv(3),|242aydlv(3),618qcwrv(2),|172dqtak(3),618qcwrv(2),;31313.5,31313.5,28733,26316.4,0,0,6.67799831501,6.67799831501,716.094953821921
242aydlv(3),|242aydlv(3),|242aydlv(3),618qcwrv(2),|172dqtak(3),618qcwrv(2),;31313.5,31313.5,28733,26316.4,0,0,1.67799831501,1.67799831501,721.094953821921
242aydlv(3),|242aydlv(3),|242aydlv(3),|172dqtak(3),;31313.5,31313.5,31313.5,28896.9,0,0,0,0,726.094953821921
242aydlv(3),|242aydlv(3),|242aydlv(3),|172dqtak(3),;31313.5,31313.5,31313.5,28896.9,0,0,0,0,731.094953821921
242aydlv(3),|242aydlv(3),|242aydlv(3),|172dqtak(3),;31313.5,31313.5,31313.5,28896.9,0,0,0,0,736.094953821921
|||172dqtak(3),;32870,32870,32870,28896.9,0,0,0,0,741.094953821921
|||172dqtak(3),;32870,32870,32870,28896.9,0,0,0,0,746.094953821921
|||172dqtak(3),;32870,32870,32870,28896.9,0,0,0,0,751.094953821921
|||172dqtak(3),;32870,32870,32870,28896.9,0,0,0,0,756.094953821921
|||172dqtak(3),;32870,32870,32870,28896.9,0,0,0,0,761.094953821921
|||172dqtak(3),;32870,32870,32870,28896.9,0,0,0,0,766.094953821921
|||172dqtak(3),;32870,32870,32870,28896.9,0,0,0,0,771.094953821921
|||172dqtak(3),;32870,32870,32870,28896.9,0,0,0,0,776.094953821921
|||172dqtak(3),;32870,32870,32870,28896.9,0,0,0,0,781.094953821921
|||172dqtak(3),;32870,32870,32870,28896.9,0,0,0,0,786.094953821921
|||172dqtak(3),;32870,32870,32870,28896.9,0,0,0,0,791.094953821921
|||172dqtak(3),;32870,32870,32870,28896.9,0,0,0,0,796.094953821921
|||172dqtak(3),;32870,32870,32870,28896.9,0,0,0,0,801.094953821921
|121kczas(1),||172dqtak(3),121kczas(2),;32870,31119,32870,28313.2,0,14.020725783065,0,3.153742471574,806.094953821921
|121kczas(2),||172dqtak(3),;32870,31119,32870,28896.9,0,9.020725783065,0,0,811.094953821921
|121kczas(2),||172dqtak(3),;32870,31119,32870,28896.9,0,4.020725783065,0,0,816.094953821921
|||172dqtak(3),;32870,32870,32870,28896.9,0,0,0,0,821.094953821921
|||172dqtak(3),;32870,32870,32870,28896.9,0,0,0,0,826.094953821921
|||172dqtak(3),;32870,32870,32870,28896.9,0,0,0,0,831.094953821921
|||172dqtak(3),;32870,32870,32870,28896.9,0,0,0,0,836.094953821921
|||172dqtak(3),;32870,32870,32870,28896.9,0,0,0,0,841.094953821921
|||172dqtak(3),;32870,32870,32870,28896.9,0,0,0,0,846.094953821921
|||172dqtak(3),;32870,32870,32870,28896.9,0,0,0,0,851.094953821921
|||172dqtak(3),;32870,32870,32870,28896.9,0,0,0,0,856.094953821921
|||172dqtak(3),;32870,32870,32870,28896.9,0,0,0,0,861.094953821921
|||172dqtak(3),;32870,32870,32870,28896.9,0,0,0,0,866.094953821921
|||172dqtak(3),;32870,32870,32870,28896.9,0,0,0,0,871.094953821921
|||172dqtak(3),;32870,32870,32870,28896.9,0,0,0,0,876.094953821921
152mpoxb(0),|152mpoxb(0),||172dqtak(3),152mpoxb(0),;30596.7,31354.5,32870,26623.6,15.481427134378,10.851687533405,0,15.481427134378,881.094953821921
152mpoxb(2),|152mpoxb(2),||172dqtak(3),152mpoxb(2),;30596.7,31354.5,32870,26623.6,10.481427134378,5.851687533405,0,10.481427134378,886.094953821921
152mpoxb(2),|152mpoxb(2),||172dqtak(3),152mpoxb(2),;30596.7,31354.5,32870,26623.6,5.481427134378,0.851687533405,0,5.481427134378,891.094953821921
152mpoxb(2),|||172dqtak(3),152mpoxb(2),;30596.7,32870,32870,26623.6,0.481427134378,0,0,0.481427134378,896.094953821921
99zlgpi(0),|99zlgpi(0),|99zlgpi(0),|172dqtak(3),99zlgpi(0),;32096.9,32096.9,32096.9,27350.7,5.381483792023,5.381483792023,5.381483792023,10.105069465989,901.094953821921
99zlgpi(2),|99zlgpi(2),|99zlgpi(2),|172dqtak(3),99zlgpi(2),;32096.9,32096.9,32096.9,27350.7,0.381483792023,0.381483792023,0.381483792023,5.105069465989,906.094953821921
|||172dqtak(3),;32870,32870,32870,28896.9,0,0,0,0.105069465989,911.094953821921
|||;32870,32870,32870,32870,0,0,0,0,916.094953821921
|||;32870,32870,32870,32870,0,0,0,0,921.094953821921
120bnirc(2),|120bnirc(2),|120bnirc(2),|120bnirc(2),;31078,31078,30182,30182,9.357055545356,9.357055545356,14.714743136597,14.714743136597,926.094953821921
120bnirc(2),|120bnirc(2),|120bnirc(2),|120bnirc(2),;31078,31078,30182,30182,4.357055545356,4.357055545356,9.714743136597,9.714743136597,931.094953821921
||120bnirc(2),|120bnirc(2),;32870,32870,30182,30182,0,0,4.714743136597,4.714743136597,936.094953821921
|||;32870,32870,32870,32870,0,0,0,0,941.094953821921
|||;32870,32870,32870,32870,0,0,0,0,946.094953821921
|||;32870,32870,32870,32870,0,0,0,0,951.094953821921
|||;32870,32870,32870,32870,0,0,0,0,956.094953821921
|||;32870,32870,32870,32870,0,0,0,0,961.094953821921
|||;32870,32870,32870,32870,0,0,0,0,966.094953821921
|155tblns(2),||;32870,32224.9,32870,32870,0,0.936086460969,0,0,971.094953821921
|||;32870,32870,32870,32870,0,0,0,0,976.094953821921
|||;32870,32870,32870,32870,0,0,0,0,981.094953821921
|||;32870,32870,32870,32870,0,0,0,0,986.094953821921
|||;32870,32870,32870,32870,0,0,0,0,991.094953821921
|||;32870,32870,32870,32870,0,0,0,0,996.094953821921
|||;32870,32870,32870,32870,0,0,0,0,1001.094953821921
|||;32870,32870,32870,32870,0,0,0,0,1006.094953821921
|||;32870,32870,32870,32870,0,0,0,0,1011.094953821921
|||;32870,32870,32870,32870,0,0,0,0,1016.094953821921
|||;32870,32870,32870,32870,0,0,0,0,1021.094953821921
|||;32870,32870,32870,32870,0,0,0,0,1026.094953821921
|||;32870,32870,32870,32870,0,0,0,0,1031.094953821921
|||;32870,32870,32870,32870,0,0,0,0,1036.094953821921
|||;32870,32870,32870,32870,0,0,0,0,1041.094953821921
|||;32870,32870,32870,32870,0,0,0,0,1046.094953821921
|||;32870,32870,32870,32870,0,0,0,0,1051.094953821921
|||;32870,32870,32870,32870,0,0,0,0,1056.094953821921
|||;32870,32870,32870,32870,0,0,0,0,1061.094953821921
10fwtqb(2),334dlsiq(1),|||334dlsiq(2),;30847.6,32870,32870,31861.4,12.32584659708,0,0,1.681853242541,1066.094953821921
10fwtqb(3),334dlsiq(2),|||334dlsiq(3),;30847.6,32870,32870,31861.4,7.32584659708,0,0,0,1071.094953821921
10fwtqb(3),334dlsiq(3),|||334dlsiq(3),;30847.6,32870,32870,31861.4,2.32584659708,0,0,0,1076.094953821921
10fwtqb(3),334dlsiq(3),|||334dlsiq(3),;30847.6,32870,32870,31861.4,0,0,0,0,1081.094953821921
10fwtqb(3),334dlsiq(3),|||334dlsiq(3),;30847.6,32870,32870,31861.4,0,0,0,0,1086.094953821921
10fwtqb(3),334dlsiq(3),11ndwvs(0),|11ndwvs(0),|11ndwvs(0),|334dlsiq(3),11ndwvs(0),;30156.4,30796.4,30796.4,31170.2,4.965166654484,13.411313223827,13.411313223827,4.965166654484,1091.094953821921
10fwtqb(3),334dlsiq(3),|11ndwvs(2),|11ndwvs(2),|334dlsiq(3),;30847.6,30796.4,30796.4,31861.4,0,8.411313223827,8.411313223827,0,1096.094953821921
10fwtqb(3),334dlsiq(3),|11ndwvs(2),|11ndwvs(2),|334dlsiq(3),;30847.6,30796.4,30796.4,31861.4,0,3.411313223827,3.411313223827,0,1101.094953821921
10fwtqb(3),334dlsiq(3),|||334dlsiq(3),;30847.6,32870,32870,31861.4,0,0,0,0,1106.094953821921
10fwtqb(3),334dlsiq(3),|||334dlsiq(3),;30847.6,32870,32870,31861.4,0,0,0,0,1111.094953821921
10fwtqb(3),334dlsiq(3),|||334dlsiq(3),;30847.6,32870,32870,31861.4,0,0,0,0,1116.094953821921
10fwtqb(3),334dlsiq(3),|||334dlsiq(3),;30847.6,32870,32870,31861.4,0,0,0,0,1121.094953821921
10fwtqb(3),334dlsiq(3),|||334dlsiq(3),;30847.6,32870,32870,31861.4,0,0,0,0,1126.094953821921
10fwtqb(3),334dlsiq(3),|||334dlsiq(3),;30847.6,32870,32870,31861.4,0,0,0,0,1131.094953821921
10fwtqb(3),334dlsiq(3),|||334dlsiq(3),;30847.6,32870,32870,31861.4,0,0,0,0,1136.094953821921
10fwtqb(3),334dlsiq(3),|||334dlsiq(3),;30847.6,32870,32870,31861.4,0,0,0,0,1141.094953821921
10fwtqb(3),334dlsiq(3),|||334dlsiq(3),;30847.6,32870,32870,31861.4,0,0,0,0,1146.094953821921
10fwtqb(3),334dlsiq(3),|||334dlsiq(3),;30847.6,32870,32870,31861.4,0,0,0,0,1151.094953821921
10fwtqb(3),334dlsiq(3),|||334dlsiq(3),;30847.6,32870,32870,31861.4,0,0,0,0,1156.094953821921
10fwtqb(3),334dlsiq(3),|||334dlsiq(3),;30847.6,32870,32870,31861.4,0,0,0,0,1161.094953821921
10fwtqb(3),334dlsiq(3),|||334dlsiq(3),;30847.6,32870,32870,31861.4,0,0,0,0,1166.094953821921
10fwtqb(3),334dlsiq(3),|||334dlsiq(3),;30847.6,32870,32870,31861.4,0,0,0,0,1171.094953821921
10fwtqb(3),334dlsiq(3),|||334dlsiq(3),;30847.6,32870,32870,31861.4,0,0,0,0,1176.094953821921
10fwtqb(3),334dlsiq(3),|||334dlsiq(3),;30847.6,32870,32870,31861.4,0,0,0,0,1181.094953821921
10fwtqb(3),334dlsiq(3),|||334dlsiq(3),;30847.6,32870,32870,31861.4,0,0,0,0,1186.094953821921
10fwtqb(3),334dlsiq(3),|||334dlsiq(3),;30847.6,32870,32870,31861.4,0,0,0,0,1191.094953821921
10fwtqb(3),334dlsiq(3),|||334dlsiq(3),;30847.6,32870,32870,31861.4,0,0,0,0,1196.094953821921
10fwtqb(3),334dlsiq(3),|||334dlsiq(3),;30847.6,32870,32870,31861.4,0,0,0,0,1201.094953821921
10fwtqb(3),334dlsiq(3),|||334dlsiq(3),;30847.6,32870,32870,31861.4,0,0,0,0,1206.094953821921
10fwtqb(3),334dlsiq(3),|||334dlsiq(3),;30847.6,32870,32870,31861.4,0,0,0,0,1211.094953821921
10fwtqb(3),334dlsiq(3),|||334dlsiq(3),;30847.6,32870,32870,31861.4,0,0,0,0,1216.094953821921
10fwtqb(3),334dlsiq(3),|||334dlsiq(3),;30847.6,32870,32870,31861.4,0,0,0,0,1221.094953821921
10fwtqb(3),334dlsiq(3),|||334dlsiq(3),;30847.6,32870,32870,31861.4,0,0,0,0,1226.094953821921
10fwtqb(3),334dlsiq(3),|||334dlsiq(3),;30847.6,32870,32870,31861.4,0,0,0,0,1231.094953821921
10fwtqb(3),334dlsiq(3),|||334dlsiq(3),;30847.6,32870,32870,31861.4,0,0,0,0,1236.094953821921
10fwtqb(3),334dlsiq(3),|||334dlsiq(3),;30847.6,32870,32870,31861.4,0,0,0,0,1241.094953821921
10fwtqb(3),334dlsiq(3),|||334dlsiq(3),;30847.6,32870,32870,31861.4,0,0,0,0,1246.094953821921
10fwtqb(3),334dlsiq(3),|||334dlsiq(3),;30847.6,32870,32870,31861.4,0,0,0,0,1251.094953821921
10fwtqb(3),334dlsiq(3),|||334dlsiq(3),;30847.6,32870,32870,31861.4,0,0,0,0,1256.094953821921
10fwtqb(3),334dlsiq(3),|||334dlsiq(3),;30847.6,32870,32870,31861.4,0,0,0,0,1261.094953821921
10fwtqb(3),334dlsiq(3),|||334dlsiq(3),;30847.6,32870,32870,31861.4,0,0,0,0,1266.094953821921
10fwtqb(3),334dlsiq(3),|||334dlsiq(3),;30847.6,32870,32870,31861.4,0,0,0,0,1271.094953821921
10fwtqb(3),334dlsiq(3),|||334dlsiq(3),;30847.6,32870,32870,31861.4,0,0,0,0,1276.094953821921
10fwtqb(3),334dlsiq(3),|||334dlsiq(3),;30847.6,32870,32870,31861.4,0,0,0,0,1281.094953821921
10fwtqb(3),334dlsiq(3),|||334dlsiq(3),;30847.6,32870,32870,31861.4,0,0,0,0,1286.094953821921
10fwtqb(3),334dlsiq(3),|||334dlsiq(3),;30847.6,32870,32870,31861.4,0,0,0,0,1291.094953821921
10fwtqb(3),334dlsiq(3),151oplwc(0),|151oplwc(0),|207rjwdg(0),151oplwc(0),|334dlsiq(3),151oplwc(0),;28973.7,30996.1,31026.8,30924.4,13.123802285665,13.123802285665,20.338463104228,7.52119183311,1296.094953821921
10fwtqb(3),334dlsiq(3),151oplwc(2),|151oplwc(2),|207rjwdg(2),151oplwc(1),|334dlsiq(3),151oplwc(2),;28973.7,30996.1,31026.8,30924.4,8.123802285665,8.123802285665,15.338463104228,2.52119183311,1301.094953821921
10fwtqb(3),334dlsiq(3),151oplwc(2),|151oplwc(2),|207rjwdg(3),151oplwc(2),|334dlsiq(3),;28973.7,30996.1,31026.8,31861.4,3.123802285665,3.123802285665,10.338463104228,0,1306.094953821921
10fwtqb(3),334dlsiq(3),||207rjwdg(3),151oplwc(3),|334dlsiq(3),;30847.6,32870,31026.8,31861.4,0,0,5.338463104228,0,1311.094953821921
10fwtqb(3),334dlsiq(3),||207rjwdg(3),151oplwc(3),|334dlsiq(3),;30847.6,32870,31026.8,31861.4,0,0,0.338463104228,0,1316.094953821921
10fwtqb(3),334dlsiq(3),||207rjwdg(3),151oplwc(3),|334dlsiq(3),;30847.6,32870,31026.8,31861.4,0,0,0,0,1321.094953821921
10fwtqb(3),334dlsiq(3),||207rjwdg(3),151oplwc(3),|334dlsiq(3),;30847.6,32870,31026.8,31861.4,0,0,0,0,1326.094953821921
10fwtqb(3),334dlsiq(3),||207rjwdg(3),151oplwc(3),|334dlsiq(3),;30847.6,32870,31026.8,31861.4,0,0,0,0,1331.094953821921
10fwtqb(3),334dlsiq(3),||207rjwdg(3),151oplwc(3),|334dlsiq(3),;30847.6,32870,31026.8,31861.4,0,0,0,0,1336.094953821921
10fwtqb(3),334dlsiq(3),||207rjwdg(3),151oplwc(3),|334dlsiq(3),;30847.6,32870,31026.8,31861.4,0,0,0,0,1341.094953821921
10fwtqb(3),334dlsiq(3),||207rjwdg(3),151oplwc(3),|334dlsiq(3),;30847.6,32870,31026.8,31861.4,0,0,0,0,1346.094953821921
10fwtqb(3),334dlsiq(3),||207rjwdg(3),151oplwc(3),|334dlsiq(3),;30847.6,32870,31026.8,31861.4,0,0,0,0,1351.094953821921
10fwtqb(3),334dlsiq(3),||207rjwdg(3),151oplwc(3),|334dlsiq(3),;30847.6,32870,31026.8,31861.4,0,0,0,0,1356.094953821921
10fwtqb(3),334dlsiq(3),||207rjwdg(3),151oplwc(3),|334dlsiq(3),;30847.6,32870,31026.8,31861.4,0,0,0,0,1361.094953821921
10fwtqb(3),334dlsiq(3),||207rjwdg(3),151oplwc(3),|334dlsiq(3),;30847.6,32870,31026.8,31861.4,0,0,0,0,1366.094953821921
10fwtqb(3),334dlsiq(3),||207rjwdg(3),151oplwc(3),|334dlsiq(3),;30847.6,32870,31026.8,31861.4,0,0,0,0,1371.094953821921
10fwtqb(3),334dlsiq(3),||207rjwdg(3),151oplwc(3),|334dlsiq(3),;30847.6,32870,31026.8,31861.4,0,0,0,0,1376.094953821921
10fwtqb(3),334dlsiq(3),||207rjwdg(3),151oplwc(3),|334dlsiq(3),;30847.6,32870,31026.8,31861.4,0,0,0,0,1381.094953821921
10fwtqb(3),334dlsiq(3),||207rjwdg(3),151oplwc(3),|334dlsiq(3),;30847.6,32870,31026.8,31861.4,0,0,0,0,1386.094953821921
10fwtqb(3),334dlsiq(3),||207rjwdg(3),151oplwc(3),|334dlsiq(3),;30847.6,32870,31026.8,31861.4,0,0,0,0,1391.094953821921
10fwtqb(3),334dlsiq(3),||207rjwdg(3),151oplwc(3),|334dlsiq(3),;30847.6,32870,31026.8,31861.4,0,0,0,0,1396.094953821921
10fwtqb(3),334dlsiq(3),||207rjwdg(3),151oplwc(3),|334dlsiq(3),;30847.6,32870,31026.8,31861.4,0,0,0,0,1401.094953821921
10fwtqb(3),334dlsiq(3),||207rjwdg(3),151oplwc(3),|334dlsiq(3),;30847.6,32870,31026.8,31861.4,0,0,0,0,1406.094953821921
10fwtqb(3),334dlsiq(3),||207rjwdg(3),151oplwc(3),|334dlsiq(3),;30847.6,32870,31026.8,31861.4,0,0,0,0,1411.094953821921
10fwtqb(3),334dlsiq(3),||207rjwdg(3),151oplwc(3),|334dlsiq(3),;30847.6,32870,31026.8,31861.4,0,0,0,0,1416.094953821921
10fwtqb(3),334dlsiq(3),||207rjwdg(3),151oplwc(3),|334dlsiq(3),;30847.6,32870,31026.8,31861.4,0,0,0,0,1421.094953821921
10fwtqb(3),334dlsiq(3),||207rjwdg(3),151oplwc(3),|334dlsiq(3),;30847.6,32870,31026.8,31861.4,0,0,0,0,1426.094953821921
10fwtqb(3),334dlsiq(3),||207rjwdg(3),151oplwc(3),|334dlsiq(3),;30847.6,32870,31026.8,31861.4,0,0,0,0,1431.094953821921
10fwtqb(3),334dlsiq(3),||207rjwdg(3),151oplwc(3),|334dlsiq(3),;30847.6,32870,31026.8,31861.4,0,0,0,0,1436.094953821921
10fwtqb(3),334dlsiq(3),||207rjwdg(3),151oplwc(3),|334dlsiq(3),;30847.6,32870,31026.8,31861.4,0,0,0,0,1441.094953821921
10fwtqb(3),334dlsiq(3),||207rjwdg(3),151oplwc(3),|334dlsiq(3),;30847.6,32870,31026.8,31861.4,0,0,0,0,1446.094953821921
10fwtqb(3),334dlsiq(3),||207rjwdg(3),151oplwc(3),|334dlsiq(3),;30847.6,32870,31026.8,31861.4,0,0,0,0,1451.094953821921
10fwtqb(3),334dlsiq(3),||207rjwdg(3),151oplwc(3),|334dlsiq(3),;30847.6,32870,31026.8,31861.4,0,0,0,0,1456.094953821921
10fwtqb(3),334dlsiq(3),||207rjwdg(3),151oplwc(3),|334dlsiq(3),;30847.6,32870,31026.8,31861.4,0,0,0,0,1461.094953821921
10fwtqb(3),334dlsiq(3),||207rjwdg(3),151oplwc(3),|334dlsiq(3),;30847.6,32870,31026.8,31861.4,0,0,0,0,1466.094953821921
10fwtqb(3),334dlsiq(3),||207rjwdg(3),|334dlsiq(3),;30847.6,32870,31963.8,31861.4,0,0,0,0,1471.094953821921
10fwtqb(3),334dlsiq(3),||207rjwdg(3),|334dlsiq(3),;30847.6,32870,31963.8,31861.4,0,0,0,0,1476.094953821921
10fwtqb(3),334dlsiq(3),||207rjwdg(3),|334dlsiq(3),;30847.6,32870,31963.8,31861.4,0,0,0,0,1481.094953821921
10fwtqb(3),334dlsiq(3),||207rjwdg(3),|334dlsiq(3),;30847.6,32870,31963.8,31861.4,0,0,0,0,1486.094953821921
10fwtqb(3),334dlsiq(3),||207rjwdg(3),|334dlsiq(3),;30847.6,32870,31963.8,31861.4,0,0,0,0,1491.094953821921
10fwtqb(3),334dlsiq(3),||207rjwdg(3),|334dlsiq(3),;30847.6,32870,31963.8,31861.4,0,0,0,0,1496.094953821921
10fwtqb(3),334dlsiq(3),||207rjwdg(3),|334dlsiq(3),;30847.6,32870,31963.8,31861.4,0,0,0,0,1501.094953821921
10fwtqb(3),334dlsiq(3),||207rjwdg(3),|334dlsiq(3),;30847.6,32870,31963.8,31861.4,0,0,0,0,1506.094953821921
10fwtqb(3),334dlsiq(3),||207rjwdg(3),|334dlsiq(3),;30847.6,32870,31963.8,31861.4,0,0,0,0,1511.094953821921
10fwtqb(3),334dlsiq(3),||207rjwdg(3),|334dlsiq(3),;30847.6,32870,31963.8,31861.4,0,0,0,0,1516.094953821921
10fwtqb(3),334dlsiq(3),||207rjwdg(3),|334dlsiq(3),;30847.6,32870,31963.8,31861.4,0,0,0,0,1521.094953821921
10fwtqb(3),334dlsiq(3),||207rjwdg(3),|334dlsiq(3),;30847.6,32870,31963.8,31861.4,0,0,0,0,1526.094953821921
10fwtqb(3),334dlsiq(3),||207rjwdg(3),|334dlsiq(3),;30847.6,32870,31963.8,31861.4,0,0,0,0,1531.094953821921
10fwtqb(3),334dlsiq(3),||207rjwdg(3),|334dlsiq(3),;30847.6,32870,31963.8,31861.4,0,0,0,0,1536.094953821921
10fwtqb(3),334dlsiq(3),||207rjwdg(3),|334dlsiq(3),;30847.6,32870,31963.8,31861.4,0,0,0,0,1541.094953821921
10fwtqb(3),334dlsiq(3),358fispl(2),|358fispl(2),|207rjwdg(3),358fispl(2),|334dlsiq(3),358fispl(2),;29588.1,30980.7,31334,30601.9,5.944685447891,9.792374440592,2.09699645519,5.944685447891,1546.094953821921
10fwtqb(3),334dlsiq(3),358fispl(2),|358fispl(2),|207rjwdg(3),|334dlsiq(3),358fispl(2),;29588.1,30980.7,31963.8,30601.9,0.944685447891,4.792374440592,0,0.944685447891,1551.094953821921
10fwtqb(3),334dlsiq(3),||207rjwdg(3),|334dlsiq(3),;30847.6,32870,31963.8,31861.4,0,0,0,0,1556.094953821921
10fwtqb(3),334dlsiq(3),||207rjwdg(3),|334dlsiq(3),;30847.6,32870,31963.8,31861.4,0,0,0,0,1561.094953821921
10fwtqb(3),334dlsiq(3),||207rjwdg(3),|334dlsiq(3),;30847.6,32870,31963.8,31861.4,0,0,0,0,1566.094953821921
10fwtqb(3),334dlsiq(3),||207rjwdg(3),|334dlsiq(3),;30847.6,32870,31963.8,31861.4,0,0,0,0,1571.094953821921
10fwtqb(3),334dlsiq(3),||207rjwdg(3),|334dlsiq(3),;30847.6,32870,31963.8,31861.4,0,0,0,0,1576.094953821921
10fwtqb(3),334dlsiq(3),||207rjwdg(3),|334dlsiq(3),;30847.6,32870,31963.8,31861.4,0,0,0,0,1581.094953821921
10fwtqb(3),334dlsiq(3),||207rjwdg(3),|334dlsiq(3),;30847.6,32870,31963.8,31861.4,0,0,0,0,1586.094953821921
10fwtqb(3),334dlsiq(3),||207rjwdg(3),|334dlsiq(3),;30847.6,32870,31963.8,31861.4,0,0,0,0,1591.094953821921
10fwtqb(3),334dlsiq(3),||207rjwdg(3),|334dlsiq(3),;30847.6,32870,31963.8,31861.4,0,0,0,0,1596.094953821921
10fwtqb(3),334dlsiq(3),||207rjwdg(3),|334dlsiq(3),;30847.6,32870,31963.8,31861.4,0,0,0,0,1601.094953821921
10fwtqb(3),334dlsiq(3),||207rjwdg(3),|334dlsiq(3),;30847.6,32870,31963.8,31861.4,0,0,0,0,1606.094953821921
10fwtqb(3),334dlsiq(3),||207rjwdg(3),|334dlsiq(3),;30847.6,32870,31963.8,31861.4,0,0,0,0,1611.094953821921
10fwtqb(3),334dlsiq(3),||207rjwdg(3),|334dlsiq(3),;30847.6,32870,31963.8,31861.4,0,0,0,0,1616.094953821921
10fwtqb(3),334dlsiq(3),||207rjwdg(3),|334dlsiq(3),;30847.6,32870,31963.8,31861.4,0,0,0,0,1621.094953821921
10fwtqb(3),334dlsiq(3),||207rjwdg(3),|334dlsiq(3),;30847.6,32870,31963.8,31861.4,0,0,0,0,1626.094953821921
10fwtqb(3),334dlsiq(3),||207rjwdg(3),|334dlsiq(3),;30847.6,32870,31963.8,31861.4,0,0,0,0,1631.094953821921
10fwtqb(3),334dlsiq(3),||207rjwdg(3),|334dlsiq(3),;30847.6,32870,31963.8,31861.4,0,0,0,0,1636.094953821921
10fwtqb(3),334dlsiq(3),||207rjwdg(3),|334dlsiq(3),;30847.6,32870,31963.8,31861.4,0,0,0,0,1641.094953821921
10fwtqb(3),334dlsiq(3),||207rjwdg(3),|334dlsiq(3),;30847.6,32870,31963.8,31861.4,0,0,0,0,1646.094953821921
10fwtqb(3),334dlsiq(3),||207rjwdg(3),|334dlsiq(3),;30847.6,32870,31963.8,31861.4,0,0,0,0,1651.094953821921
10fwtqb(3),334dlsiq(3),||207rjwdg(3),|334dlsiq(3),;30847.6,32870,31963.8,31861.4,0,0,0,0,1656.094953821921
10fwtqb(3),334dlsiq(3),||207rjwdg(3),|334dlsiq(3),;30847.6,32870,31963.8,31861.4,0,0,0,0,1661.094953821921
10fwtqb(3),334dlsiq(3),||207rjwdg(3),|334dlsiq(3),;30847.6,32870,31963.8,31861.4,0,0,0,0,1666.094953821921
10fwtqb(3),334dlsiq(3),||207rjwdg(3),|334dlsiq(3),;30847.6,32870,31963.8,31861.4,0,0,0,0,1671.094953821921
10fwtqb(3),334dlsiq(3),||207rjwdg(3),|334dlsiq(3),;30847.6,32870,31963.8,31861.4,0,0,0,0,1676.094953821921
10fwtqb(3),334dlsiq(3),||207rjwdg(3),|334dlsiq(3),;30847.6,32870,31963.8,31861.4,0,0,0,0,1681.094953821921
10fwtqb(3),334dlsiq(3),||207rjwdg(3),|334dlsiq(3),;30847.6,32870,31963.8,31861.4,0,0,0,0,1686.094953821921
10fwtqb(3),334dlsiq(3),||207rjwdg(3),|334dlsiq(3),;30847.6,32870,31963.8,31861.4,0,0,0,0,1691.094953821921
10fwtqb(3),334dlsiq(3),||207rjwdg(3),|334dlsiq(3),;30847.6,32870,31963.8,31861.4,0,0,0,0,1696.094953821921
10fwtqb(3),334dlsiq(3),||207rjwdg(3),|334dlsiq(3),;30847.6,32870,31963.8,31861.4,0,0,0,0,1701.094953821921
10fwtqb(3),334dlsiq(3),||207rjwdg(3),|334dlsiq(3),;30847.6,32870,31963.8,31861.4,0,0,0,0,1706.094953821921
10fwtqb(3),334dlsiq(3),||207rjwdg(3),|334dlsiq(3),;30847.6,32870,31963.8,31861.4,0,0,0,0,1711.094953821921
10fwtqb(3),334dlsiq(3),||207rjwdg(3),|334dlsiq(3),;30847.6,32870,31963.8,31861.4,0,0,0,0,1716.094953821921
10fwtqb(3),334dlsiq(3),||207rjwdg(3),|334dlsiq(3),;30847.6,32870,31963.8,31861.4,0,0,0,0,1721.094953821921
10fwtqb(3),334dlsiq(3),||207rjwdg(3),|334dlsiq(3),;30847.6,32870,31963.8,31861.4,0,0,0,0,1726.094953821921
10fwtqb(3),334dlsiq(3),||207rjwdg(3),|334dlsiq(3),;30847.6,32870,31963.8,31861.4,0,0,0,0,1731.094953821921
10fwtqb(3),334dlsiq(3),||207rjwdg(3),|334dlsiq(3),;30847.6,32870,31963.8,31861.4,0,0,0,0,1736.094953821921
10fwtqb(3),334dlsiq(3),||207rjwdg(3),|334dlsiq(3),;30847.6,32870,31963.8,31861.4,0,0,0,0,1741.094953821921
10fwtqb(3),334dlsiq(3),||207rjwdg(3),|334dlsiq(3),;30847.6,32870,31963.8,31861.4,0,0,0,0,1746.094953821921
10fwtqb(3),334dlsiq(3),||207rjwdg(3),|334dlsiq(3),;30847.6,32870,31963.8,31861.4,0,0,0,0,1751.094953821921
10fwtqb(3),334dlsiq(3),||207rjwdg(3),|334dlsiq(3),;30847.6,32870,31963.8,31861.4,0,0,0,0,1756.094953821921
10fwtqb(3),334dlsiq(3),||207rjwdg(3),|334dlsiq(3),;30847.6,32870,31963.8,31861.4,0,0,0,0,1761.094953821921
10fwtqb(3),334dlsiq(3),||207rjwdg(3),|334dlsiq(3),;30847.6,32870,31963.8,31861.4,0,0,0,0,1766.094953821921
10fwtqb(3),334dlsiq(3),||207rjwdg(3),|334dlsiq(3),;30847.6,32870,31963.8,31861.4,0,0,0,0,1771.094953821921
10fwtqb(3),334dlsiq(3),||207rjwdg(3),|334dlsiq(3),;30847.6,32870,31963.8,31861.4,0,0,0,0,1776.094953821921
10fwtqb(3),334dlsiq(3),||207rjwdg(3),|334dlsiq(3),;30847.6,32870,31963.8,31861.4,0,0,0,0,1781.094953821921
10fwtqb(3),334dlsiq(3),||207rjwdg(3),|334dlsiq(3),;30847.6,32870,31963.8,31861.4,0,0,0,0,1786.094953821921
10fwtqb(3),334dlsiq(3),||207rjwdg(3),|334dlsiq(3),;30847.6,32870,31963.8,31861.4,0,0,0,0,1791.094953821921
10fwtqb(3),334dlsiq(3),||207rjwdg(3),|334dlsiq(3),;30847.6,32870,31963.8,31861.4,0,0,0,0,1796.094953821921
10fwtqb(3),||207rjwdg(3),|;31856.2,32870,31963.8,32870,0,0,0,0,1801.094953821921
10fwtqb(3),||207rjwdg(3),|;31856.2,32870,31963.8,32870,0,0,0,0,1806.094953821921
10fwtqb(3),||207rjwdg(3),|;31856.2,32870,31963.8,32870,0,0,0,0,1811.094953821921
10fwtqb(3),||207rjwdg(3),|;31856.2,32870,31963.8,32870,0,0,0,0,1816.094953821921
10fwtqb(3),||207rjwdg(3),|;31856.2,32870,31963.8,32870,0,0,0,0,1821.094953821921
10fwtqb(3),||207rjwdg(3),|;31856.2,32870,31963.8,32870,0,0,0,0,1826.094953821921
10fwtqb(3),||207rjwdg(3),|;31856.2,32870,31963.8,32870,0,0,0,0,1831.094953821921
10fwtqb(3),||207rjwdg(3),|;31856.2,32870,31963.8,32870,0,0,0,0,1836.094953821921
10fwtqb(3),||207rjwdg(3),|;31856.2,32870,31963.8,32870,0,0,0,0,1841.094953821921
10fwtqb(3),||207rjwdg(3),|;31856.2,32870,31963.8,32870,0,0,0,0,1846.094953821921
10fwtqb(3),||207rjwdg(3),|;31856.2,32870,31963.8,32870,0,0,0,0,1851.094953821921
10fwtqb(3),||207rjwdg(3),|;31856.2,32870,31963.8,32870,0,0,0,0,1856.094953821921
10fwtqb(3),||207rjwdg(3),|;31856.2,32870,31963.8,32870,0,0,0,0,1861.094953821921
10fwtqb(3),||207rjwdg(3),|;31856.2,32870,31963.8,32870,0,0,0,0,1866.094953821921
10fwtqb(3),||207rjwdg(3),|;31856.2,32870,31963.8,32870,0,0,0,0,1871.094953821921
10fwtqb(3),||207rjwdg(3),|;31856.2,32870,31963.8,32870,0,0,0,0,1876.094953821921
10fwtqb(3),||207rjwdg(3),|;31856.2,32870,31963.8,32870,0,0,0,0,1881.094953821921
10fwtqb(3),||207rjwdg(3),|;31856.2,32870,31963.8,32870,0,0,0,0,1886.094953821921
10fwtqb(3),||207rjwdg(3),|;31856.2,32870,31963.8,32870,0,0,0,0,1891.094953821921
10fwtqb(3),||207rjwdg(3),|;31856.2,32870,31963.8,32870,0,0,0,0,1896.094953821921
10fwtqb(3),||207rjwdg(3),|;31856.2,32870,31963.8,32870,0,0,0,0,1901.094953821921
10fwtqb(3),||207rjwdg(3),|;31856.2,32870,31963.8,32870,0,0,0,0,1906.094953821921
10fwtqb(3),||207rjwdg(3),|;31856.2,32870,31963.8,32870,0,0,0,0,1911.094953821921
10fwtqb(3),||207rjwdg(3),|;31856.2,32870,31963.8,32870,0,0,0,0,1916.094953821921
10fwtqb(3),||207rjwdg(3),|;31856.2,32870,31963.8,32870,0,0,0,0,1921.094953821921
10fwtqb(3),||207rjwdg(3),|;31856.2,32870,31963.8,32870,0,0,0,0,1926.094953821921
10fwtqb(3),||207rjwdg(3),|;31856.2,32870,31963.8,32870,0,0,0,0,1931.094953821921
10fwtqb(3),||207rjwdg(3),|;31856.2,32870,31963.8,32870,0,0,0,0,1936.094953821921
10fwtqb(3),||207rjwdg(3),|;31856.2,32870,31963.8,32870,0,0,0,0,1941.094953821921
10fwtqb(3),||207rjwdg(3),|;31856.2,32870,31963.8,32870,0,0,0,0,1946.094953821921
10fwtqb(3),||207rjwdg(3),|;31856.2,32870,31963.8,32870,0,0,0,0,1951.094953821921
10fwtqb(3),||207rjwdg(3),|;31856.2,32870,31963.8,32870,0,0,0,0,1956.094953821921
10fwtqb(3),||207rjwdg(3),|;31856.2,32870,31963.8,32870,0,0,0,0,1961.094953821921
10fwtqb(3),||207rjwdg(3),|;31856.2,32870,31963.8,32870,0,0,0,0,1966.094953821921
10fwtqb(3),||207rjwdg(3),|;31856.2,32870,31963.8,32870,0,0,0,0,1971.094953821921
10fwtqb(3),||207rjwdg(3),|;31856.2,32870,31963.8,32870,0,0,0,0,1976.094953821921
10fwtqb(3),||207rjwdg(3),|;31856.2,32870,31963.8,32870,0,0,0,0,1981.094953821921
10fwtqb(3),||207rjwdg(3),|;31856.2,32870,31963.8,32870,0,0,0,0,1986.094953821921
10fwtqb(3),||207rjwdg(3),|;31856.2,32870,31963.8,32870,0,0,0,0,1991.094953821921
10fwtqb(3),||207rjwdg(3),|;31856.2,32870,31963.8,32870,0,0,0,0,1996.094953821921
