|||;36761,36761,36761,36761,0,0,0,0,1.142901062721
|||;36761,36761,36761,36761,0,0,0,0,6.142901062721
|||;36761,36761,36761,36761,0,0,0,0,11.142901062721
|||;36761,36761,36761,36761,0,0,0,0,16.142901062721
|||;36761,36761,36761,36761,0,0,0,0,21.142901062721
|||;36761,36761,36761,36761,0,0,0,0,26.142901062721
|||;36761,36761,36761,36761,0,0,0,0,31.142901062721
|||;36761,36761,36761,36761,0,0,0,0,36.142901062721
|||;36761,36761,36761,36761,0,0,0,0,41.142901062721
|||;36761,36761,36761,36761,0,0,0,0,46.142901062721
|||;36761,36761,36761,36761,0,0,0,0,51.142901062721
|||;36761,36761,36761,36761,0,0,0,0,56.142901062721
|||;36761,36761,36761,36761,0,0,0,0,61.142901062721
|||;36761,36761,36761,36761,0,0,0,0,66.142901062721
|||;36761,36761,36761,36761,0,0,0,0,71.142901062721
|||;36761,36761,36761,36761,0,0,0,0,76.142901062721
|||;36761,36761,36761,36761,0,0,0,0,81.142901062721
|||;36761,36761,36761,36761,0,0,0,0,86.142901062721
|||;36761,36761,36761,36761,0,0,0,0,91.142901062721
|||;36761,36761,36761,36761,0,0,0,0,96.142901062721
|||;36761,36761,36761,36761,0,0,0,0,101.142901062721
|||;36761,36761,36761,36761,0,0,0,0,106.142901062721
|||;36761,36761,36761,36761,0,0,0,0,111.142901062721
|||;36761,36761,36761,36761,0,0,0,0,116.142901062721
|||;36761,36761,36761,36761,0,0,0,0,121.142901062721
|||;36761,36761,36761,36761,0,0,0,0,126.142901062721
|||;36761,36761,36761,36761,0,0,0,0,131.142901062721
|||;36761,36761,36761,36761,0,0,0,0,136.142901062721
|||;36761,36761,36761,36761,0,0,0,0,141.142901062721
|||;36761,36761,36761,36761,0,0,0,0,146.142901062721
|||;36761,36761,36761,36761,0,0,0,0,151.142901062721
|||;36761,36761,36761,36761,0,0,0,0,156.142901062721
|||;36761,36761,36761,36761,0,0,0,0,161.142901062721
|||;36761,36761,36761,36761,0,0,0,0,166.142901062721
|||;36761,36761,36761,36761,0,0,0,0,171.142901062721
|||;36761,36761,36761,36761,0,0,0,0,176.142901062721
2atziq(2),||2atziq(2),|;34334.1,36761,34334.1,36761,14.409524407813,0,14.409524407813,0,181.142901062721
2atziq(2),||2atziq(2),|;34334.1,36761,34334.1,36761,9.409524407813,0,9.409524407813,0,186.142901062721
2atziq(2),||2atziq(2),|;34334.1,36761,34334.1,36761,4.409524407813,0,4.409524407813,0,191.142901062721
2atziq(3),||2atziq(3),|;34334.1,36761,34334.1,36761,0,0,0,0,196.142901062721
2atziq(3),||2atziq(3),|;34334.1,36761,34334.1,36761,0,0,0,0,201.142901062721
2atziq(3),||2atziq(3),|;34334.1,36761,34334.1,36761,0,0,0,0,206.142901062721
2atziq(3),530jkzca(2),814uiwsy(1),482tiyuh(0),|530jkzca(2),814uiwsy(1),|2atziq(3),530jkzca(2),814uiwsy(1),|530jkzca(2),814uiwsy(1),;29168,33929.6,31932.8,33832.4,37.160685804724,18.061182121218,15.125169321218,18.725280254552,211.142901062721
2atziq(3),530jkzca(2),814uiwsy(1),482tiyuh(1),|530jkzca(2),814uiwsy(1),|2atziq(3),530jkzca(2),814uiwsy(1),|530jkzca(2),814uiwsy(1),;29168,33929.6,31932.8,33832.4,32.160685804724,13.061182121218,10.125169321218,13.725280254552,216.142901062721
2atziq(3),814uiwsy(2),482tiyuh(1),384xoiqz(0),|814uiwsy(2),384xoiqz(0),|2atziq(3),814uiwsy(2),|814uiwsy(2),;27591.1,33765.8,33806.7,35706.3,51.547522049316,22.61711916581,5.125169321218,8.725280254552,221.142901062721
2atziq(3),814uiwsy(2),482tiyuh(1),384xoiqz(1),|814uiwsy(2),384xoiqz(1),|2atziq(3),|814uiwsy(2),;27591.1,33765.8,34334.1,35706.3,46.547522049316,17.61711916581,0.125169321218,3.725280254552,226.142901062721
2atziq(3),482tiyuh(2),384xoiqz(1),|384xoiqz(2),|2atziq(3),|;29173.2,35347.9,34334.1,36761,41.547522049316,12.61711916581,0,0,231.142901062721
2atziq(3),482tiyuh(2),384xoiqz(1),|384xoiqz(2),|2atziq(3),|;29173.2,35347.9,34334.1,36761,36.547522049316,7.61711916581,0,0,236.142901062721
2atziq(3),482tiyuh(2),384xoiqz(1),||2atziq(3),|;29173.2,36761,34334.1,36761,31.547522049316,2.61711916581,0,0,241.142901062721
2atziq(3),482tiyuh(3),384xoiqz(2),||2atziq(3),|;29173.2,36761,34334.1,36761,26.547522049316,0,0,0,246.142901062721
2atziq(3),482tiyuh(3),384xoiqz(2),||2atziq(3),|;29173.2,36761,34334.1,36761,21.547522049316,0,0,0,251.142901062721
2atziq(3),482tiyuh(3),384xoiqz(2),||2atziq(3),|;29173.2,36761,34334.1,36761,16.547522049316,0,0,0,256.142901062721
482tiyuh(3),384xoiqz(2),|||;31600.1,36761,36761,36761,11.547522049316,0,0,0,261.142901062721
482tiyuh(3),384xoiqz(3),|||;31600.1,36761,36761,36761,6.547522049316,0,0,0,266.142901062721
482tiyuh(3),384xoiqz(3),|||;31600.1,36761,36761,36761,1.547522049316,0,0,0,271.142901062721
482tiyuh(3),384xoiqz(3),|||;31600.1,36761,36761,36761,0,0,0,0,276.142901062721
|||34uzwjt(2),;36761,36761,36761,35813.8,0,0,0,6.066978879536,281.142901062721
|||34uzwjt(2),;36761,36761,36761,35813.8,0,0,0,1.066978879536,286.142901062721
|||;36761,36761,36761,36761,0,0,0,0,291.142901062721
|||;36761,36761,36761,36761,0,0,0,0,296.142901062721
|||;36761,36761,36761,36761,0,0,0,0,301.142901062721
|||;36761,36761,36761,36761,0,0,0,0,306.142901062721
|||;36761,36761,36761,36761,0,0,0,0,311.142901062721
|||;36761,36761,36761,36761,0,0,0,0,316.142901062721
|||;36761,36761,36761,36761,0,0,0,0,321.142901062721
|||;36761,36761,36761,36761,0,0,0,0,326.142901062721
2ejnmu(2),|2ejnmu(2),|2ejnmu(2),|2ejnmu(2),;34288,35112.4,35112.4,35112.4,14.012358364476,8.385000497809,8.385000497809,8.385000497809,331.142901062721
2ejnmu(2),60tpzqv(1),|2ejnmu(2),60tpzqv(1),|2ejnmu(2),60tpzqv(1),|2ejnmu(2),60tpzqv(1),;33412.5,34236.9,33361.4,34236.9,22.022669362911,16.395311496244,22.600194696244,16.395311496244,336.142901062721
2ejnmu(2),60tpzqv(1),|60tpzqv(2),|60tpzqv(2),|60tpzqv(2),;33412.5,35885.5,35010,35885.5,17.022669362911,11.395311496244,17.600194696244,11.395311496244,341.142901062721
60tpzqv(2),|60tpzqv(3),|60tpzqv(2),|60tpzqv(3),;35885.5,35885.5,35010,35885.5,12.022669362911,6.395311496244,12.600194696244,6.395311496244,346.142901062721
60tpzqv(2),607hsjvu(0),|60tpzqv(3),607hsjvu(0),|60tpzqv(2),|60tpzqv(3),607hsjvu(0),;35097,34308.5,35010,34308.5,18.013084622632,17.871083555965,7.600194696244,17.871083555965,351.142901062721
60tpzqv(3),607hsjvu(2),|60tpzqv(3),607hsjvu(2),|60tpzqv(3),|60tpzqv(3),607hsjvu(2),;35097,34308.5,35010,34308.5,13.013084622632,12.871083555965,2.600194696244,12.871083555965,356.142901062721
60tpzqv(3),|60tpzqv(3),607hsjvu(2),|60tpzqv(3),|60tpzqv(3),607hsjvu(2),;35885.5,34308.5,35010,34308.5,8.013084622632,7.871083555965,0,7.871083555965,361.142901062721
60tpzqv(3),|60tpzqv(3),634xpcdq(0),|60tpzqv(3),|60tpzqv(3),;35885.5,35132.8,35010,35885.5,3.013084622632,13.838092867095,0,2.871083555965,366.142901062721
60tpzqv(3),|60tpzqv(3),634xpcdq(2),|60tpzqv(3),|60tpzqv(3),;35885.5,35132.8,35010,35885.5,0,8.838092867095,0,0,371.142901062721
60tpzqv(3),|60tpzqv(3),634xpcdq(3),|60tpzqv(3),|60tpzqv(3),;35885.5,35132.8,35010,35885.5,0,3.838092867095,0,0,376.142901062721
60tpzqv(3),|60tpzqv(3),634xpcdq(3),|60tpzqv(3),|60tpzqv(3),;35885.5,35132.8,35010,35885.5,0,0,0,0,381.142901062721
60tpzqv(3),|60tpzqv(3),634xpcdq(3),|60tpzqv(3),|60tpzqv(3),;35885.5,35132.8,35010,35885.5,0,0,0,0,386.142901062721
60tpzqv(3),|60tpzqv(3),634xpcdq(3),|60tpzqv(3),|60tpzqv(3),;35885.5,35132.8,35010,35885.5,0,0,0,0,391.142901062721
60tpzqv(3),|60tpzqv(3),634xpcdq(3),|60tpzqv(3),|60tpzqv(3),;35885.5,35132.8,35010,35885.5,0,0,0,0,396.142901062721
60tpzqv(3),|60tpzqv(3),634xpcdq(3),|60tpzqv(3),|60tpzqv(3),;35885.5,35132.8,35010,35885.5,0,0,0,0,401.142901062721
60tpzqv(3),|60tpzqv(3),634xpcdq(3),|60tpzqv(3),|60tpzqv(3),;35885.5,35132.8,35010,35885.5,0,0,0,0,406.142901062721
60tpzqv(3),|60tpzqv(3),634xpcdq(3),|60tpzqv(3),|60tpzqv(3),;35885.5,35132.8,35010,35885.5,0,0,0,0,411.142901062721
60tpzqv(3),|60tpzqv(3),634xpcdq(3),|60tpzqv(3),|60tpzqv(3),;35885.5,35132.8,35010,35885.5,0,0,0,0,416.142901062721
60tpzqv(3),|60tpzqv(3),634xpcdq(3),|60tpzqv(3),|60tpzqv(3),;35885.5,35132.8,35010,35885.5,0,0,0,0,421.142901062721
60tpzqv(3),|60tpzqv(3),634xpcdq(3),|60tpzqv(3),|60tpzqv(3),;35885.5,35132.8,35010,35885.5,0,0,0,0,426.142901062721
60tpzqv(3),|60tpzqv(3),634xpcdq(3),|60tpzqv(3),|60tpzqv(3),;35885.5,35132.8,35010,35885.5,0,0,0,0,431.142901062721
|634xpcdq(3),||;36761,36008.3,36761,36761,0,0,0,0,436.142901062721
|634xpcdq(3),||;36761,36008.3,36761,36761,0,0,0,0,441.142901062721
|634xpcdq(3),||;36761,36008.3,36761,36761,0,0,0,0,446.142901062721
|634xpcdq(3),||;36761,36008.3,36761,36761,0,0,0,0,451.142901062721
|634xpcdq(3),||;36761,36008.3,36761,36761,0,0,0,0,456.142901062721
|634xpcdq(3),||741krjft(0),487koixa(0),;36761,36008.3,36761,24442.3,0,0,0,91.702409551008,461.142901062721
|634xpcdq(3),||741krjft(2),487koixa(1),;36761,36008.3,36761,24442.3,0,0,0,86.702409551008,466.142901062721
|634xpcdq(3),||741krjft(2),487koixa(1),;36761,36008.3,36761,24442.3,0,0,0,81.702409551008,471.142901062721
|634xpcdq(3),||741krjft(2),487koixa(1),;36761,36008.3,36761,24442.3,0,0,0,76.702409551008,476.142901062721
|634xpcdq(3),||741krjft(2),487koixa(1),;36761,36008.3,36761,24442.3,0,0,0,71.702409551008,481.142901062721
|634xpcdq(3),||741krjft(2),487koixa(1),;36761,36008.3,36761,24442.3,0,0,0,66.702409551008,486.142901062721
|634xpcdq(3),||741krjft(2),487koixa(1),;36761,36008.3,36761,24442.3,0,0,0,61.702409551008,491.142901062721
|634xpcdq(3),||741krjft(2),487koixa(1),;36761,36008.3,36761,24442.3,0,0,0,56.702409551008,496.142901062721
|634xpcdq(3),||741krjft(2),487koixa(1),;36761,36008.3,36761,24442.3,0,0,0,51.702409551008,501.142901062721
|||741krjft(2),487koixa(1),;36761,36760.9,36761,24442.3,0,0,0,46.702409551008,506.142901062721
|||741krjft(2),487koixa(1),;36761,36760.9,36761,24442.3,0,0,0,41.702409551008,511.142901062721
|||741krjft(3),487koixa(2),;36761,36760.9,36761,24442.3,0,0,0,36.702409551008,516.142901062721
|||741krjft(3),487koixa(2),;36761,36760.9,36761,24442.3,0,0,0,31.702409551008,521.142901062721
|||741krjft(3),487koixa(2),;36761,36760.9,36761,24442.3,0,0,0,26.702409551008,526.142901062721
|||741krjft(3),487koixa(2),;36761,36760.9,36761,24442.3,0,0,0,21.702409551008,531.142901062721
|||741krjft(3),487koixa(2),;36761,36760.9,36761,24442.3,0,0,0,16.702409551008,536.142901062721
|||741krjft(3),487koixa(2),;36761,36760.9,36761,24442.3,0,0,0,11.702409551008,541.142901062721
|||741krjft(3),487koixa(3),;36761,36760.9,36761,24442.3,0,0,0,6.702409551008,546.142901062721
|||741krjft(3),487koixa(3),;36761,36760.9,36761,24442.3,0,0,0,1.702409551008,551.142901062721
|||741krjft(3),487koixa(3),;36761,36760.9,36761,24442.3,0,0,0,0,556.142901062721
|||741krjft(3),487koixa(3),;36761,36760.9,36761,24442.3,0,0,0,0,561.142901062721
|||741krjft(3),487koixa(3),;36761,36760.9,36761,24442.3,0,0,0,0,566.142901062721
|||741krjft(3),487koixa(3),;36761,36760.9,36761,24442.3,0,0,0,0,571.142901062721
|||741krjft(3),487koixa(3),;36761,36760.9,36761,24442.3,0,0,0,0,576.142901062721
966ekcrv(0),40pwaho(0),|966ekcrv(0),40pwaho(0),|966ekcrv(0),|741krjft(3),487koixa(3),966ekcrv(0),40pwaho(0),;32746.9,34334,35921.3,20428.2,34.229790367838,23.187838367838,6.724146104749,34.229790367838,581.142901062721
966ekcrv(2),40pwaho(1),|966ekcrv(2),40pwaho(1),|966ekcrv(2),|741krjft(3),487koixa(3),966ekcrv(2),40pwaho(1),;32746.9,34334,35921.3,20428.2,29.229790367838,18.187838367838,1.724146104749,29.229790367838,586.142901062721
40pwaho(2),|40pwaho(2),||741krjft(3),487koixa(3),40pwaho(2),;33586.6,35173.7,36761,21267.9,24.229790367838,13.187838367838,0,24.229790367838,591.142901062721
40pwaho(2),|40pwaho(2),||741krjft(3),487koixa(3),40pwaho(2),;33586.6,35173.7,36761,21267.9,19.229790367838,8.187838367838,0,19.229790367838,596.142901062721
40pwaho(2),|||741krjft(3),487koixa(3),40pwaho(2),;33586.6,36760.9,36761,21267.9,14.229790367838,3.187838367838,0,14.229790367838,601.142901062721
40pwaho(2),|||741krjft(3),487koixa(3),40pwaho(2),;33586.6,36760.9,36761,21267.9,9.229790367838,0,0,9.229790367838,606.142901062721
40pwaho(3),|||741krjft(3),487koixa(3),40pwaho(3),;33586.6,36760.9,36761,21267.9,4.229790367838,0,0,4.229790367838,611.142901062721
40pwaho(3),|||741krjft(3),487koixa(3),40pwaho(3),;33586.6,36760.9,36761,21267.9,0,0,0,0,616.142901062721
40pwaho(3),|||741krjft(3),487koixa(3),40pwaho(3),;33586.6,36760.9,36761,21267.9,0,0,0,0,621.142901062721
40pwaho(3),|||741krjft(3),487koixa(3),40pwaho(3),;33586.6,36760.9,36761,21267.9,0,0,0,0,626.142901062721
40pwaho(3),|||741krjft(3),487koixa(3),40pwaho(3),;33586.6,36760.9,36761,21267.9,0,0,0,0,631.142901062721
40pwaho(3),|||741krjft(3),487koixa(3),40pwaho(3),;33586.6,36760.9,36761,21267.9,0,0,0,0,636.142901062721
40pwaho(3),|||741krjft(3),487koixa(3),40pwaho(3),;33586.6,36760.9,36761,21267.9,0,0,0,0,641.142901062721
40pwaho(3),235qmzwf(0),|235qmzwf(0),|235qmzwf(0),|741krjft(3),487koixa(3),40pwaho(3),;30719.4,34610.5,34610.6,21267.9,20.749943222112,15.763255222112,15.763255222112,0,646.142901062721
40pwaho(3),235qmzwf(2),|235qmzwf(2),|235qmzwf(2),|741krjft(3),487koixa(3),40pwaho(3),;30719.4,34610.5,34610.6,21267.9,15.749943222112,10.763255222112,10.763255222112,0,651.142901062721
40pwaho(3),235qmzwf(2),|235qmzwf(2),|235qmzwf(2),|741krjft(3),487koixa(3),40pwaho(3),;30719.4,34610.5,34610.6,21267.9,10.749943222112,5.763255222112,5.763255222112,0,656.142901062721
40pwaho(3),235qmzwf(2),|235qmzwf(2),|235qmzwf(2),|741krjft(3),487koixa(3),40pwaho(3),;30719.4,34610.5,34610.6,21267.9,5.749943222112,0.763255222112,0.763255222112,0,661.142901062721
40pwaho(3),235qmzwf(2),|235qmzwf(3),|235qmzwf(3),|741krjft(3),487koixa(3),40pwaho(3),;30719.4,34610.5,34610.6,21267.9,0.749943222112,0,0,0,666.142901062721
40pwaho(3),235qmzwf(3),|235qmzwf(3),|235qmzwf(3),|741krjft(3),487koixa(3),40pwaho(3),;30719.4,34610.5,34610.6,21267.9,0,0,0,0,671.142901062721
40pwaho(3),235qmzwf(3),|235qmzwf(3),|235qmzwf(3),|741krjft(3),487koixa(3),40pwaho(3),;30719.4,34610.5,34610.6,21267.9,0,0,0,0,676.142901062721
40pwaho(3),235qmzwf(3),92xcvgq(0),|235qmzwf(3),92xcvgq(0),|235qmzwf(3),92xcvgq(0),|741krjft(3),487koixa(3),40pwaho(3),92xcvgq(0),;29040,32931.1,32931.2,17909.2,13.435347677435,13.435347677435,13.435347677435,24.899778610768,681.142901062721
40pwaho(3),235qmzwf(3),92xcvgq(2),|235qmzwf(3),92xcvgq(2),|235qmzwf(3),92xcvgq(2),|741krjft(3),487koixa(3),40pwaho(3),92xcvgq(2),;29040,32931.1,32931.2,17909.2,8.435347677435,8.435347677435,8.435347677435,19.899778610768,686.142901062721
40pwaho(3),235qmzwf(3),92xcvgq(2),|235qmzwf(3),92xcvgq(2),|235qmzwf(3),92xcvgq(2),|741krjft(3),487koixa(3),40pwaho(3),92xcvgq(2),;29040,32931.1,32931.2,17909.2,3.435347677435,3.435347677435,3.435347677435,14.899778610768,691.142901062721
40pwaho(3),235qmzwf(3),92xcvgq(3),|235qmzwf(3),92xcvgq(3),|235qmzwf(3),92xcvgq(3),|741krjft(3),487koixa(3),40pwaho(3),92xcvgq(2),;29040,32931.1,32931.2,17909.2,0,0,0,9.899778610768,696.142901062721
235qmzwf(3),92xcvgq(3),|235qmzwf(3),92xcvgq(3),|235qmzwf(3),92xcvgq(3),|741krjft(3),487koixa(3),92xcvgq(2),;32214.4,32931.1,32931.2,21083.6,0,0,0,4.899778610768,701.142901062721
235qmzwf(3),92xcvgq(3),966mdnku(0),|235qmzwf(3),92xcvgq(3),|235qmzwf(3),92xcvgq(3),966mdnku(0),|741krjft(3),487koixa(3),92xcvgq(3),966mdnku(0),;31666.6,32931.1,32383.4,20535.8,6.059645903925,0,6.059645903925,7.913054577415,706.142901062721
235qmzwf(3),92xcvgq(3),966mdnku(2),|235qmzwf(3),92xcvgq(3),|235qmzwf(3),92xcvgq(3),966mdnku(2),|741krjft(3),487koixa(3),92xcvgq(3),966mdnku(2),;31666.6,32931.1,32383.4,20535.8,1.059645903925,0,1.059645903925,2.913054577415,711.142901062721
235qmzwf(3),92xcvgq(3),|235qmzwf(3),92xcvgq(3),|235qmzwf(3),92xcvgq(3),|741krjft(3),487koixa(3),92xcvgq(3),;32214.4,32931.1,32931.2,21083.6,0,0,0,0,716.142901062721
235qmzwf(3),92xcvgq(3),|235qmzwf(3),92xcvgq(3),|235qmzwf(3),92xcvgq(3),|741krjft(3),487koixa(3),92xcvgq(3),;32214.4,32931.1,32931.2,21083.6,0,0,0,0,721.142901062721
235qmzwf(3),92xcvgq(3),|235qmzwf(3),92xcvgq(3),|235qmzwf(3),92xcvgq(3),|741krjft(3),487koixa(3),92xcvgq(3),;32214.4,32931.1,32931.2,21083.6,0,0,0,0,726.142901062721
235qmzwf(3),92xcvgq(3),|235qmzwf(3),92xcvgq(3),|235qmzwf(3),92xcvgq(3),|741krjft(3),487koixa(3),92xcvgq(3),;32214.4,32931.1,32931.2,21083.6,0,0,0,0,731.142901062721
235qmzwf(3),92xcvgq(3),|235qmzwf(3),92xcvgq(3),|235qmzwf(3),92xcvgq(3),|741krjft(3),487koixa(3),92xcvgq(3),;32214.4,32931.1,32931.2,21083.6,0,0,0,0,736.142901062721
235qmzwf(3),92xcvgq(3),|235qmzwf(3),92xcvgq(3),|235qmzwf(3),92xcvgq(3),|741krjft(3),487koixa(3),92xcvgq(3),;32214.4,32931.1,32931.2,21083.6,0,0,0,0,741.142901062721
235qmzwf(3),92xcvgq(3),|235qmzwf(3),92xcvgq(3),|235qmzwf(3),92xcvgq(3),|741krjft(3),487koixa(3),92xcvgq(3),;32214.4,32931.1,32931.2,21083.6,0,0,0,0,746.142901062721
235qmzwf(3),92xcvgq(3),|235qmzwf(3),92xcvgq(3),|235qmzwf(3),92xcvgq(3),|741krjft(3),487koixa(3),92xcvgq(3),;32214.4,32931.1,32931.2,21083.6,0,0,0,0,751.142901062721
235qmzwf(3),92xcvgq(3),92uqpmh(2),|235qmzwf(3),92xcvgq(3),92uqpmh(2),|235qmzwf(3),92xcvgq(3),92uqpmh(2),|741krjft(3),487koixa(3),92xcvgq(3),92uqpmh(2),;30478.7,31774,31195.5,19926.5,11.710424129107,7.76078786244,11.710424129107,7.76078786244,756.142901062721
92uqpmh(2),|92uqpmh(2),|92uqpmh(2),|741krjft(3),487koixa(3),92uqpmh(2),;35025.3,35603.8,35025.3,23285.2,6.710424129107,2.76078786244,6.710424129107,2.76078786244,761.142901062721
92uqpmh(2),||92uqpmh(2),|741krjft(3),487koixa(3),;35025.3,36760.9,35025.3,24442.3,1.710424129107,0,1.710424129107,0,766.142901062721
|||741krjft(3),487koixa(3),;36761,36760.9,36761,24442.3,0,0,0,0,771.142901062721
|||741krjft(3),487koixa(3),;36761,36760.9,36761,24442.3,0,0,0,0,776.142901062721
|||741krjft(3),487koixa(3),;36761,36760.9,36761,24442.3,0,0,0,0,781.142901062721
|||741krjft(3),487koixa(3),;36761,36760.9,36761,24442.3,0,0,0,0,786.142901062721
|||741krjft(3),487koixa(3),60dcoys(0),;36761,36760.9,36761,23664.1,0,0,0,8.498491245838,791.142901062721
|||741krjft(3),487koixa(3),60dcoys(2),;36761,36760.9,36761,23664.1,0,0,0,3.498491245838,796.142901062721
|||741krjft(3),487koixa(3),60dcoys(3),;36761,36760.9,36761,23664.1,0,0,0,0,801.142901062721
|||741krjft(3),487koixa(3),60dcoys(3),;36761,36760.9,36761,23664.1,0,0,0,0,806.142901062721
|||741krjft(3),487koixa(3),60dcoys(3),;36761,36760.9,36761,23664.1,0,0,0,0,811.142901062721
|||741krjft(3),487koixa(3),60dcoys(3),;36761,36760.9,36761,23664.1,0,0,0,0,816.142901062721
|||741krjft(3),487koixa(3),60dcoys(3),;36761,36760.9,36761,23664.1,0,0,0,0,821.142901062721
519auoim(2),|519auoim(2),|519auoim(2),|741krjft(3),487koixa(3),60dcoys(3),519auoim(2),;34764.2,33765.7,33765.8,21667.3,13.61706948479,20.43281348479,20.43281348479,13.61706948479,826.142901062721
519auoim(2),|519auoim(2),|519auoim(2),|741krjft(3),487koixa(3),60dcoys(3),519auoim(2),;34764.2,33765.7,33765.8,21667.3,8.61706948479,15.43281348479,15.43281348479,8.61706948479,831.142901062721
519auoim(2),|519auoim(2),|519auoim(2),|741krjft(3),487koixa(3),60dcoys(3),519auoim(2),;34764.2,33765.7,33765.8,21667.3,3.61706948479,10.43281348479,10.43281348479,3.61706948479,836.142901062721
519auoim(3),333iphfw(0),|519auoim(2),|519auoim(2),|741krjft(3),487koixa(3),60dcoys(3),519auoim(3),333iphfw(0),;34073,33765.7,33765.8,20976.1,8.889397812579,5.43281348479,5.43281348479,8.889397812579,841.142901062721
519auoim(3),333iphfw(2),|519auoim(2),|519auoim(2),|741krjft(3),487koixa(3),60dcoys(3),519auoim(3),333iphfw(2),;34073,33765.7,33765.8,20976.1,3.889397812579,0.43281348479,0.43281348479,3.889397812579,846.142901062721
519auoim(3),333iphfw(3),|519auoim(3),|519auoim(3),|741krjft(3),487koixa(3),60dcoys(3),519auoim(3),333iphfw(3),;34073,33765.7,33765.8,20976.1,0,0,0,0,851.142901062721
519auoim(3),333iphfw(3),|519auoim(3),|519auoim(3),|741krjft(3),487koixa(3),60dcoys(3),519auoim(3),333iphfw(3),;34073,33765.7,33765.8,20976.1,0,0,0,0,856.142901062721
519auoim(3),333iphfw(3),|519auoim(3),|519auoim(3),|741krjft(3),487koixa(3),60dcoys(3),519auoim(3),333iphfw(3),;34073,33765.7,33765.8,20976.1,0,0,0,0,861.142901062721
519auoim(3),333iphfw(3),|519auoim(3),|519auoim(3),|741krjft(3),487koixa(3),60dcoys(3),519auoim(3),333iphfw(3),;34073,33765.7,33765.8,20976.1,0,0,0,0,866.142901062721
519auoim(3),333iphfw(3),634zdexk(0),|519auoim(3),634zdexk(0),|519auoim(3),634zdexk(0),|741krjft(3),487koixa(3),60dcoys(3),519auoim(3),333iphfw(3),634zdexk(0),;33069.5,32762.2,32762.3,19972.6,9.956636779039,9.956636779039,9.956636779039,9.956636779039,871.142901062721
519auoim(3),333iphfw(3),634zdexk(2),|519auoim(3),634zdexk(2),|519auoim(3),634zdexk(2),|741krjft(3),487koixa(3),519auoim(3),333iphfw(3),634zdexk(2),;33069.5,32762.2,32762.3,20750.8,4.956636779039,4.956636779039,4.956636779039,4.956636779039,876.142901062721
519auoim(3),333iphfw(3),638mzcgj(1),|519auoim(3),638mzcgj(1),|519auoim(3),638mzcgj(1),|741krjft(3),487koixa(3),519auoim(3),333iphfw(3),638mzcgj(1),;32045.5,30724.4,30724.5,19726.8,18.957820640126,26.010422240126,26.010422240126,18.957820640126,881.142901062721
519auoim(3),333iphfw(3),638mzcgj(2),|519auoim(3),638mzcgj(2),|519auoim(3),638mzcgj(2),|741krjft(3),487koixa(3),519auoim(3),333iphfw(3),638mzcgj(2),;32045.5,30724.4,30724.5,19726.8,13.957820640126,21.010422240126,21.010422240126,13.957820640126,886.142901062721
519auoim(3),333iphfw(3),638mzcgj(2),|519auoim(3),638mzcgj(2),|519auoim(3),638mzcgj(2),|741krjft(3),487koixa(3),519auoim(3),333iphfw(3),638mzcgj(2),;32045.5,30724.4,30724.5,19726.8,8.957820640126,16.010422240126,16.010422240126,8.957820640126,891.142901062721
519auoim(3),333iphfw(3),638mzcgj(3),|519auoim(3),638mzcgj(2),|519auoim(3),638mzcgj(2),|741krjft(3),487koixa(3),519auoim(3),333iphfw(3),638mzcgj(3),;32045.5,30724.4,30724.5,19726.8,3.957820640126,11.010422240126,11.010422240126,3.957820640126,896.142901062721
519auoim(3),333iphfw(3),638mzcgj(3),|519auoim(3),638mzcgj(2),|519auoim(3),638mzcgj(2),|741krjft(3),487koixa(3),519auoim(3),333iphfw(3),638mzcgj(3),;32045.5,30724.4,30724.5,19726.8,0,6.010422240126,6.010422240126,0,901.142901062721
519auoim(3),333iphfw(3),638mzcgj(3),487yeouz(0),|519auoim(3),638mzcgj(3),|519auoim(3),638mzcgj(3),487yeouz(0),|741krjft(3),487koixa(3),519auoim(3),333iphfw(3),638mzcgj(3),;31159.7,30724.4,29838.7,19726.8,11.29850603404,1.010422240126,13.265875336887,0,906.142901062721
519auoim(3),333iphfw(3),638mzcgj(3),487yeouz(2),|519auoim(3),638mzcgj(3),|519auoim(3),638mzcgj(3),487yeouz(2),|741krjft(3),487koixa(3),519auoim(3),333iphfw(3),638mzcgj(3),;31159.7,30724.4,29838.7,19726.8,6.29850603404,0,8.265875336887,0,911.142901062721
519auoim(3),333iphfw(3),638mzcgj(3),487yeouz(2),|519auoim(3),638mzcgj(3),|519auoim(3),638mzcgj(3),487yeouz(2),|741krjft(3),487koixa(3),519auoim(3),333iphfw(3),638mzcgj(3),;31159.7,30724.4,29838.7,19726.8,1.29850603404,0,3.265875336887,0,916.142901062721
519auoim(3),333iphfw(3),638mzcgj(3),487yeouz(3),|519auoim(3),638mzcgj(3),|519auoim(3),638mzcgj(3),487yeouz(3),|741krjft(3),487koixa(3),519auoim(3),333iphfw(3),638mzcgj(3),;31159.7,30724.4,29838.7,19726.8,0,0,0,0,921.142901062721
519auoim(3),333iphfw(3),638mzcgj(3),487yeouz(3),|519auoim(3),638mzcgj(3),|519auoim(3),638mzcgj(3),487yeouz(3),|741krjft(3),487koixa(3),519auoim(3),333iphfw(3),638mzcgj(3),;31159.7,30724.4,29838.7,19726.8,0,0,0,0,926.142901062721
519auoim(3),333iphfw(3),638mzcgj(3),487yeouz(3),|519auoim(3),638mzcgj(3),|519auoim(3),638mzcgj(3),487yeouz(3),|741krjft(3),487koixa(3),519auoim(3),333iphfw(3),638mzcgj(3),;31159.7,30724.4,29838.7,19726.8,0,0,0,0,931.142901062721
519auoim(3),333iphfw(3),638mzcgj(3),487yeouz(3),|519auoim(3),638mzcgj(3),|519auoim(3),638mzcgj(3),487yeouz(3),|741krjft(3),487koixa(3),519auoim(3),333iphfw(3),638mzcgj(3),;31159.7,30724.4,29838.7,19726.8,0,0,0,0,936.142901062721
519auoim(3),333iphfw(3),638mzcgj(3),487yeouz(3),|519auoim(3),638mzcgj(3),|519auoim(3),638mzcgj(3),487yeouz(3),|741krjft(3),487koixa(3),519auoim(3),333iphfw(3),638mzcgj(3),;31159.7,30724.4,29838.7,19726.8,0,0,0,0,941.142901062721
333iphfw(3),638mzcgj(3),487yeouz(3),|638mzcgj(3),|638mzcgj(3),487yeouz(3),|741krjft(3),487koixa(3),333iphfw(3),638mzcgj(3),;33156.5,33719.6,32833.9,21723.6,0,0,0,0,946.142901062721
333iphfw(3),638mzcgj(3),487yeouz(3),|638mzcgj(3),|638mzcgj(3),487yeouz(3),|741krjft(3),487koixa(3),333iphfw(3),638mzcgj(3),;33156.5,33719.6,32833.9,21723.6,0,0,0,0,951.142901062721
333iphfw(3),638mzcgj(3),487yeouz(3),|638mzcgj(3),|638mzcgj(3),487yeouz(3),|741krjft(3),487koixa(3),333iphfw(3),638mzcgj(3),;33156.5,33719.6,32833.9,21723.6,0,0,0,0,956.142901062721
333iphfw(3),638mzcgj(3),487yeouz(3),|638mzcgj(3),|638mzcgj(3),487yeouz(3),|741krjft(3),487koixa(3),333iphfw(3),638mzcgj(3),;33156.5,33719.6,32833.9,21723.6,0,0,0,0,961.142901062721
333iphfw(3),638mzcgj(3),487yeouz(3),|638mzcgj(3),|638mzcgj(3),487yeouz(3),|741krjft(3),487koixa(3),333iphfw(3),638mzcgj(3),;33156.5,33719.6,32833.9,21723.6,0,0,0,0,966.142901062721
333iphfw(3),638mzcgj(3),487yeouz(3),|638mzcgj(3),|638mzcgj(3),487yeouz(3),|741krjft(3),487koixa(3),333iphfw(3),638mzcgj(3),;33156.5,33719.6,32833.9,21723.6,0,0,0,0,971.142901062721
333iphfw(3),638mzcgj(3),487yeouz(3),|638mzcgj(3),|638mzcgj(3),487yeouz(3),|741krjft(3),487koixa(3),333iphfw(3),638mzcgj(3),;33156.5,33719.6,32833.9,21723.6,0,0,0,0,976.142901062721
333iphfw(3),638mzcgj(3),487yeouz(3),741zgtrx(2),|638mzcgj(3),741zgtrx(2),|638mzcgj(3),487yeouz(3),741zgtrx(2),|487koixa(3),333iphfw(3),638mzcgj(3),741zgtrx(2),;31052.2,32316.7,30729.6,28062.2,11.902714277334,7.114217210667,11.902714277334,7.114217210667,981.142901062721
333iphfw(3),638mzcgj(3),487yeouz(3),741zgtrx(2),|638mzcgj(3),741zgtrx(2),|638mzcgj(3),487yeouz(3),741zgtrx(2),|487koixa(3),333iphfw(3),638mzcgj(3),741zgtrx(2),;31052.2,32316.7,30729.6,28062.2,6.902714277334,2.114217210667,6.902714277334,2.114217210667,986.142901062721
333iphfw(3),638mzcgj(3),487yeouz(3),741zgtrx(2),|638mzcgj(3),|638mzcgj(3),487yeouz(3),741zgtrx(2),|333iphfw(3),638mzcgj(3),;31052.2,33719.6,30729.6,34042.4,1.902714277334,0,1.902714277334,0,991.142901062721
333iphfw(3),638mzcgj(3),487yeouz(3),|638mzcgj(3),|638mzcgj(3),487yeouz(3),|333iphfw(3),638mzcgj(3),;33156.5,33719.6,32833.9,34042.4,0,0,0,0,996.142901062721
333iphfw(3),638mzcgj(3),487yeouz(3),|638mzcgj(3),|638mzcgj(3),487yeouz(3),|333iphfw(3),638mzcgj(3),;33156.5,33719.6,32833.9,34042.4,0,0,0,0,1001.142901062721
333iphfw(3),638mzcgj(3),487yeouz(3),|638mzcgj(3),|638mzcgj(3),487yeouz(3),|333iphfw(3),638mzcgj(3),;33156.5,33719.6,32833.9,34042.4,0,0,0,0,1006.142901062721
333iphfw(3),638mzcgj(3),487yeouz(3),|638mzcgj(3),|638mzcgj(3),487yeouz(3),|333iphfw(3),638mzcgj(3),;33156.5,33719.6,32833.9,34042.4,0,0,0,0,1011.142901062721
333iphfw(3),638mzcgj(3),487yeouz(3),|638mzcgj(3),|638mzcgj(3),487yeouz(3),|333iphfw(3),638mzcgj(3),;33156.5,33719.6,32833.9,34042.4,0,0,0,0,1016.142901062721
333iphfw(3),638mzcgj(3),487yeouz(3),|638mzcgj(3),|638mzcgj(3),487yeouz(3),|333iphfw(3),638mzcgj(3),;33156.5,33719.6,32833.9,34042.4,0,0,0,0,1021.142901062721
333iphfw(3),638mzcgj(3),487yeouz(3),|638mzcgj(3),|638mzcgj(3),487yeouz(3),|333iphfw(3),638mzcgj(3),;33156.5,33719.6,32833.9,34042.4,0,0,0,0,1026.142901062721
333iphfw(3),638mzcgj(3),487yeouz(3),|638mzcgj(3),|638mzcgj(3),487yeouz(3),|333iphfw(3),638mzcgj(3),;33156.5,33719.6,32833.9,34042.4,0,0,0,0,1031.142901062721
333iphfw(3),638mzcgj(3),487yeouz(3),160tikyx(0),|638mzcgj(3),160tikyx(0),|638mzcgj(3),487yeouz(3),160tikyx(0),|333iphfw(3),638mzcgj(3),160tikyx(0),;31082.9,32337.2,31451.5,31968.8,17.946649009841,13.048057009841,13.048057009841,17.946649009841,1036.142901062721
333iphfw(3),638mzcgj(3),487yeouz(3),160tikyx(2),|638mzcgj(3),160tikyx(2),|638mzcgj(3),487yeouz(3),160tikyx(2),|333iphfw(3),638mzcgj(3),160tikyx(2),;31082.9,32337.2,31451.5,31968.8,12.946649009841,8.048057009841,8.048057009841,12.946649009841,1041.142901062721
333iphfw(3),638mzcgj(3),487yeouz(3),160tikyx(2),|638mzcgj(3),160tikyx(2),|638mzcgj(3),487yeouz(3),160tikyx(2),|333iphfw(3),638mzcgj(3),160tikyx(2),;31082.9,32337.2,31451.5,31968.8,7.946649009841,3.048057009841,3.048057009841,7.946649009841,1046.142901062721
333iphfw(3),487yeouz(3),160tikyx(2),|160tikyx(3),|487yeouz(3),160tikyx(3),|333iphfw(3),160tikyx(2),;33110.4,35378.5,34492.8,33996.3,2.946649009841,0,0,2.946649009841,1051.142901062721
333iphfw(3),487yeouz(3),160tikyx(3),|160tikyx(3),|487yeouz(3),160tikyx(3),|333iphfw(3),160tikyx(3),;33110.4,35378.5,34492.8,33996.3,0,0,0,0,1056.142901062721
333iphfw(3),487yeouz(3),160tikyx(3),|160tikyx(3),|487yeouz(3),160tikyx(3),|333iphfw(3),160tikyx(3),;33110.4,35378.5,34492.8,33996.3,0,0,0,0,1061.142901062721
333iphfw(3),487yeouz(3),160tikyx(3),|160tikyx(3),|487yeouz(3),160tikyx(3),|333iphfw(3),160tikyx(3),;33110.4,35378.5,34492.8,33996.3,0,0,0,0,1066.142901062721
333iphfw(3),487yeouz(3),160tikyx(3),|160tikyx(3),|487yeouz(3),160tikyx(3),|333iphfw(3),160tikyx(3),;33110.4,35378.5,34492.8,33996.3,0,0,0,0,1071.142901062721
333iphfw(3),487yeouz(3),160tikyx(3),|160tikyx(3),|487yeouz(3),160tikyx(3),|333iphfw(3),160tikyx(3),;33110.4,35378.5,34492.8,33996.3,0,0,0,0,1076.142901062721
333iphfw(3),487yeouz(3),160tikyx(3),|160tikyx(3),|487yeouz(3),160tikyx(3),|333iphfw(3),160tikyx(3),;33110.4,35378.5,34492.8,33996.3,0,0,0,0,1081.142901062721
333iphfw(3),487yeouz(3),160tikyx(3),|160tikyx(3),|487yeouz(3),160tikyx(3),|333iphfw(3),160tikyx(3),;33110.4,35378.5,34492.8,33996.3,0,0,0,0,1086.142901062721
333iphfw(3),487yeouz(3),160tikyx(3),977wjeuv(2),|160tikyx(3),977wjeuv(2),|487yeouz(3),160tikyx(3),977wjeuv(2),|333iphfw(3),160tikyx(3),;32449.9,34718,29869.4,33996.3,3.493173262656,3.493173262656,30.546434062656,0,1091.142901062721
333iphfw(3),487yeouz(3),160tikyx(3),|160tikyx(3),|487yeouz(3),160tikyx(3),977wjeuv(2),|333iphfw(3),160tikyx(3),;33110.4,35378.5,29869.4,33996.3,0,0,25.546434062656,0,1096.142901062721
333iphfw(3),487yeouz(3),160tikyx(3),|160tikyx(3),|487yeouz(3),160tikyx(3),977wjeuv(2),|333iphfw(3),160tikyx(3),;33110.4,35378.5,29869.4,33996.3,0,0,20.546434062656,0,1101.142901062721
333iphfw(3),487yeouz(3),160tikyx(3),|160tikyx(3),|487yeouz(3),160tikyx(3),977wjeuv(2),|333iphfw(3),160tikyx(3),;33110.4,35378.5,29869.4,33996.3,0,0,15.546434062656,0,1106.142901062721
333iphfw(3),487yeouz(3),160tikyx(3),|160tikyx(3),|487yeouz(3),160tikyx(3),977wjeuv(2),|333iphfw(3),160tikyx(3),;33110.4,35378.5,29869.4,33996.3,0,0,10.546434062656,0,1111.142901062721
333iphfw(3),487yeouz(3),160tikyx(3),|160tikyx(3),|487yeouz(3),160tikyx(3),977wjeuv(2),|333iphfw(3),160tikyx(3),946ueymg(0),;33110.4,35378.5,29869.4,33008.1,0,0,5.546434062656,7.298136969066,1116.142901062721
333iphfw(3),487yeouz(3),160tikyx(3),|160tikyx(3),|487yeouz(3),160tikyx(3),977wjeuv(2),|333iphfw(3),160tikyx(3),946ueymg(2),;33110.4,35378.5,29869.4,33008.1,0,0,0.546434062656,2.298136969066,1121.142901062721
333iphfw(3),487yeouz(3),160tikyx(3),|160tikyx(3),|487yeouz(3),160tikyx(3),977wjeuv(3),|333iphfw(3),160tikyx(3),946ueymg(3),;33110.4,35378.5,29869.4,33008.1,0,0,0,0,1126.142901062721
333iphfw(3),487yeouz(3),160tikyx(3),|160tikyx(3),|487yeouz(3),160tikyx(3),977wjeuv(3),|333iphfw(3),160tikyx(3),946ueymg(3),;33110.4,35378.5,29869.4,33008.1,0,0,0,0,1131.142901062721
333iphfw(3),487yeouz(3),160tikyx(3),|160tikyx(3),|487yeouz(3),160tikyx(3),977wjeuv(3),|333iphfw(3),160tikyx(3),946ueymg(3),;33110.4,35378.5,29869.4,33008.1,0,0,0,0,1136.142901062721
333iphfw(3),487yeouz(3),160tikyx(3),126qvtji(0),|160tikyx(3),|487yeouz(3),160tikyx(3),977wjeuv(3),|333iphfw(3),160tikyx(3),946ueymg(3),126qvtji(0),;31912.3,35378.5,29869.4,31810,9.035900679882,0,0,9.035900679882,1141.142901062721
333iphfw(3),487yeouz(3),160tikyx(3),126qvtji(2),|160tikyx(3),|487yeouz(3),160tikyx(3),977wjeuv(3),|333iphfw(3),160tikyx(3),946ueymg(3),126qvtji(2),;31912.3,35378.5,29869.4,31810,4.035900679882,0,0,4.035900679882,1146.142901062721
333iphfw(3),487yeouz(3),160tikyx(3),126qvtji(3),|160tikyx(3),|487yeouz(3),160tikyx(3),977wjeuv(3),|333iphfw(3),160tikyx(3),946ueymg(3),126qvtji(3),;31912.3,35378.5,29869.4,31810,0,0,0,0,1151.142901062721
333iphfw(3),487yeouz(3),160tikyx(3),126qvtji(3),|160tikyx(3),|487yeouz(3),160tikyx(3),977wjeuv(3),|333iphfw(3),160tikyx(3),946ueymg(3),126qvtji(3),;31912.3,35378.5,29869.4,31810,0,0,0,0,1156.142901062721
487yeouz(3),160tikyx(3),126qvtji(3),|160tikyx(3),|487yeouz(3),160tikyx(3),977wjeuv(3),|160tikyx(3),946ueymg(3),126qvtji(3),;32603.5,35378.5,29869.4,32501.2,0,0,0,0,1161.142901062721
487yeouz(3),160tikyx(3),126qvtji(3),|160tikyx(3),|487yeouz(3),160tikyx(3),977wjeuv(3),|160tikyx(3),946ueymg(3),126qvtji(3),;32603.5,35378.5,29869.4,32501.2,0,0,0,0,1166.142901062721
487yeouz(3),160tikyx(3),126qvtji(3),|160tikyx(3),|487yeouz(3),160tikyx(3),977wjeuv(3),|160tikyx(3),946ueymg(3),126qvtji(3),;32603.5,35378.5,29869.4,32501.2,0,0,0,0,1171.142901062721
487yeouz(3),160tikyx(3),126qvtji(3),|160tikyx(3),|487yeouz(3),160tikyx(3),977wjeuv(3),|160tikyx(3),946ueymg(3),126qvtji(3),;32603.5,35378.5,29869.4,32501.2,0,0,0,0,1176.142901062721
487yeouz(3),160tikyx(3),126qvtji(3),|160tikyx(3),|487yeouz(3),160tikyx(3),977wjeuv(3),|160tikyx(3),946ueymg(3),126qvtji(3),;32603.5,35378.5,29869.4,32501.2,0,0,0,0,1181.142901062721
487yeouz(3),160tikyx(3),126qvtji(3),|160tikyx(3),|487yeouz(3),160tikyx(3),977wjeuv(3),|160tikyx(3),946ueymg(3),126qvtji(3),;32603.5,35378.5,29869.4,32501.2,0,0,0,0,1186.142901062721
487yeouz(3),160tikyx(3),126qvtji(3),|160tikyx(3),|487yeouz(3),160tikyx(3),977wjeuv(3),|160tikyx(3),946ueymg(3),126qvtji(3),;32603.5,35378.5,29869.4,32501.2,0,0,0,0,1191.142901062721
487yeouz(3),160tikyx(3),126qvtji(3),|160tikyx(3),|487yeouz(3),160tikyx(3),977wjeuv(3),|160tikyx(3),946ueymg(3),126qvtji(3),;32603.5,35378.5,29869.4,32501.2,0,0,0,0,1196.142901062721
487yeouz(3),160tikyx(3),126qvtji(3),|160tikyx(3),|487yeouz(3),160tikyx(3),977wjeuv(3),|160tikyx(3),946ueymg(3),126qvtji(3),;32603.5,35378.5,29869.4,32501.2,0,0,0,0,1201.142901062721
487yeouz(3),160tikyx(3),126qvtji(3),|160tikyx(3),|487yeouz(3),160tikyx(3),977wjeuv(3),|160tikyx(3),946ueymg(3),126qvtji(3),;32603.5,35378.5,29869.4,32501.2,0,0,0,0,1206.142901062721
487yeouz(3),160tikyx(3),126qvtji(3),|160tikyx(3),|487yeouz(3),160tikyx(3),977wjeuv(3),|160tikyx(3),946ueymg(3),126qvtji(3),;32603.5,35378.5,29869.4,32501.2,0,0,0,0,1211.142901062721
487yeouz(3),160tikyx(3),126qvtji(3),|160tikyx(3),|487yeouz(3),160tikyx(3),977wjeuv(3),|160tikyx(3),946ueymg(3),126qvtji(3),;32603.5,35378.5,29869.4,32501.2,0,0,0,0,1216.142901062721
487yeouz(3),160tikyx(3),126qvtji(3),|160tikyx(3),|487yeouz(3),160tikyx(3),977wjeuv(3),|160tikyx(3),946ueymg(3),126qvtji(3),;32603.5,35378.5,29869.4,32501.2,0,0,0,0,1221.142901062721
487yeouz(3),160tikyx(3),126qvtji(3),|160tikyx(3),|487yeouz(3),160tikyx(3),|160tikyx(3),946ueymg(3),126qvtji(3),;32603.5,35378.5,34492.8,32501.2,0,0,0,0,1226.142901062721
487yeouz(3),160tikyx(3),|160tikyx(3),|487yeouz(3),160tikyx(3),|160tikyx(3),946ueymg(3),;33801.6,35378.5,34492.8,33699.3,0,0,0,0,1231.142901062721
487yeouz(3),160tikyx(3),|160tikyx(3),|487yeouz(3),160tikyx(3),|160tikyx(3),946ueymg(3),;33801.6,35378.5,34492.8,33699.3,0,0,0,0,1236.142901062721
487yeouz(3),160tikyx(3),|160tikyx(3),|487yeouz(3),160tikyx(3),|160tikyx(3),946ueymg(3),;33801.6,35378.5,34492.8,33699.3,0,0,0,0,1241.142901062721
487yeouz(3),160tikyx(3),|160tikyx(3),|487yeouz(3),160tikyx(3),|160tikyx(3),946ueymg(3),;33801.6,35378.5,34492.8,33699.3,0,0,0,0,1246.142901062721
487yeouz(3),160tikyx(3),|160tikyx(3),|487yeouz(3),160tikyx(3),|160tikyx(3),946ueymg(3),;33801.6,35378.5,34492.8,33699.3,0,0,0,0,1251.142901062721
487yeouz(3),160tikyx(3),|160tikyx(3),|487yeouz(3),160tikyx(3),|160tikyx(3),946ueymg(3),;33801.6,35378.5,34492.8,33699.3,0,0,0,0,1256.142901062721
487yeouz(3),160tikyx(3),|160tikyx(3),|487yeouz(3),160tikyx(3),|160tikyx(3),946ueymg(3),;33801.6,35378.5,34492.8,33699.3,0,0,0,0,1261.142901062721
160tikyx(3),|160tikyx(3),|160tikyx(3),|160tikyx(3),946ueymg(3),;34687.4,35378.5,35378.6,33699.3,0,0,0,0,1266.142901062721
160tikyx(3),|160tikyx(3),|160tikyx(3),|160tikyx(3),946ueymg(3),;34687.4,35378.5,35378.6,33699.3,0,0,0,0,1271.142901062721
160tikyx(3),|160tikyx(3),|160tikyx(3),|160tikyx(3),946ueymg(3),;34687.4,35378.5,35378.6,33699.3,0,0,0,0,1276.142901062721
160tikyx(3),|160tikyx(3),|160tikyx(3),|160tikyx(3),946ueymg(3),;34687.4,35378.5,35378.6,33699.3,0,0,0,0,1281.142901062721
160tikyx(3),|160tikyx(3),|160tikyx(3),|160tikyx(3),946ueymg(3),;34687.4,35378.5,35378.6,33699.3,0,0,0,0,1286.142901062721
|||946ueymg(3),;36761,36760.9,36761,35772.9,0,0,0,0,1291.142901062721
|||946ueymg(3),;36761,36760.9,36761,35772.9,0,0,0,0,1296.142901062721
126labzc(0),|126labzc(0),268duimv(0),|126labzc(0),|946ueymg(3),126labzc(0),;35875.2,30739.8,34103.7,34001.4,8.241238495585,47.566705489906,20.565481695585,14.403360095585,1301.142901062721
126labzc(2),|126labzc(2),268duimv(1),|126labzc(2),|946ueymg(3),126labzc(2),;35875.2,30739.8,34103.7,34001.4,3.241238495585,42.566705489906,15.565481695585,9.403360095585,1306.142901062721
|126labzc(2),268duimv(1),|126labzc(2),|946ueymg(3),126labzc(2),;36761,30739.8,34103.7,34001.4,0,37.566705489906,10.565481695585,4.403360095585,1311.142901062721
|126labzc(2),268duimv(1),|126labzc(2),|946ueymg(3),;36761,30739.8,34103.7,35772.9,0,32.566705489906,5.565481695585,0,1316.142901062721
|126labzc(2),268duimv(1),|126labzc(2),|946ueymg(3),;36761,30739.8,34103.7,35772.9,0,27.566705489906,0.565481695585,0,1321.142901062721
|126labzc(2),268duimv(1),||946ueymg(3),;36761,30739.8,36761,35772.9,0,22.566705489906,0,0,1326.142901062721
|268duimv(2),||946ueymg(3),;36761,34282.8,36761,35772.9,0,17.566705489906,0,0,1331.142901062721
|268duimv(2),||946ueymg(3),;36761,34282.8,36761,35772.9,0,12.566705489906,0,0,1336.142901062721
|268duimv(2),||946ueymg(3),;36761,34282.8,36761,35772.9,0,7.566705489906,0,0,1341.142901062721
|268duimv(3),||946ueymg(3),;36761,34282.8,36761,35772.9,0,2.566705489906,0,0,1346.142901062721
|268duimv(3),||946ueymg(3),;36761,34282.8,36761,35772.9,0,0,0,0,1351.142901062721
|268duimv(3),||946ueymg(3),;36761,34282.8,36761,35772.9,0,0,0,0,1356.142901062721
|268duimv(3),||946ueymg(3),;36761,34282.8,36761,35772.9,0,0,0,0,1361.142901062721
|268duimv(3),||946ueymg(3),;36761,34282.8,36761,35772.9,0,0,0,0,1366.142901062721
|268duimv(3),||946ueymg(3),;36761,34282.8,36761,35772.9,0,0,0,0,1371.142901062721
|268duimv(3),||946ueymg(3),;36761,34282.8,36761,35772.9,0,0,0,0,1376.142901062721
|268duimv(3),||946ueymg(3),;36761,34282.8,36761,35772.9,0,0,0,0,1381.142901062721
|268duimv(3),||946ueymg(3),;36761,34282.8,36761,35772.9,0,0,0,0,1386.142901062721
|268duimv(3),||946ueymg(3),;36761,34282.8,36761,35772.9,0,0,0,0,1391.142901062721
|268duimv(3),||946ueymg(3),;36761,34282.8,36761,35772.9,0,0,0,0,1396.142901062721
|268duimv(3),||946ueymg(3),;36761,34282.8,36761,35772.9,0,0,0,0,1401.142901062721
|268duimv(3),||946ueymg(3),;36761,34282.8,36761,35772.9,0,0,0,0,1406.142901062721
|268duimv(3),||946ueymg(3),;36761,34282.8,36761,35772.9,0,0,0,0,1411.142901062721
|268duimv(3),||946ueymg(3),;36761,34282.8,36761,35772.9,0,0,0,0,1416.142901062721
|268duimv(3),||946ueymg(3),;36761,34282.8,36761,35772.9,0,0,0,0,1421.142901062721
|268duimv(3),||946ueymg(3),;36761,34282.8,36761,35772.9,0,0,0,0,1426.142901062721
|268duimv(3),||946ueymg(3),;36761,34282.8,36761,35772.9,0,0,0,0,1431.142901062721
|268duimv(3),||946ueymg(3),;36761,34282.8,36761,35772.9,0,0,0,0,1436.142901062721
|268duimv(3),||946ueymg(3),;36761,34282.8,36761,35772.9,0,0,0,0,1441.142901062721
854samcp(0),|268duimv(3),854samcp(0),|854samcp(0),|946ueymg(3),854samcp(0),;35583.4,33105.2,35583.4,34595.3,10.078937247939,10.078937247939,10.078937247939,10.078937247939,1446.142901062721
854samcp(2),|268duimv(3),854samcp(2),|854samcp(2),|946ueymg(3),854samcp(2),;35583.4,33105.2,35583.4,34595.3,5.078937247939,5.078937247939,5.078937247939,5.078937247939,1451.142901062721
|268duimv(3),||946ueymg(3),;36761,34282.8,36761,35772.9,0.078937247939,0.078937247939,0.078937247939,0.078937247939,1456.142901062721
|268duimv(3),||946ueymg(3),;36761,34282.8,36761,35772.9,0,0,0,0,1461.142901062721
|268duimv(3),||946ueymg(3),;36761,34282.8,36761,35772.9,0,0,0,0,1466.142901062721
|268duimv(3),||946ueymg(3),;36761,34282.8,36761,35772.9,0,0,0,0,1471.142901062721
|268duimv(3),||946ueymg(3),;36761,34282.8,36761,35772.9,0,0,0,0,1476.142901062721
|268duimv(3),||946ueymg(3),;36761,34282.8,36761,35772.9,0,0,0,0,1481.142901062721
|268duimv(3),||946ueymg(3),;36761,34282.8,36761,35772.9,0,0,0,0,1486.142901062721
|268duimv(3),59bklzo(0),|59bklzo(0),|946ueymg(3),;36761,33735,32378.3,35772.9,0,3.877333278586,30.056780745252,0,1491.142901062721
|268duimv(3),|59bklzo(2),|946ueymg(3),;36761,34282.8,32378.3,35772.9,0,0,25.056780745252,0,1496.142901062721
|268duimv(3),|59bklzo(2),|946ueymg(3),;36761,34282.8,32378.3,35772.9,0,0,20.056780745252,0,1501.142901062721
|268duimv(3),|59bklzo(2),|946ueymg(3),;36761,34282.8,32378.3,35772.9,0,0,15.056780745252,0,1506.142901062721
|268duimv(3),|59bklzo(2),|946ueymg(3),;36761,34282.8,32378.3,35772.9,0,0,10.056780745252,0,1511.142901062721
|268duimv(3),|59bklzo(2),|946ueymg(3),;36761,34282.8,32378.3,35772.9,0,0,5.056780745252,0,1516.142901062721
|268duimv(3),|59bklzo(3),|946ueymg(3),;36761,34282.8,32378.3,35772.9,0,0,0.056780745252,0,1521.142901062721
|268duimv(3),|59bklzo(3),|946ueymg(3),;36761,34282.8,32378.3,35772.9,0,0,0,0,1526.142901062721
|268duimv(3),|59bklzo(3),|946ueymg(3),;36761,34282.8,32378.3,35772.9,0,0,0,0,1531.142901062721
|268duimv(3),|59bklzo(3),|946ueymg(3),;36761,34282.8,32378.3,35772.9,0,0,0,0,1536.142901062721
|268duimv(3),|59bklzo(3),|946ueymg(3),;36761,34282.8,32378.3,35772.9,0,0,0,0,1541.142901062721
|268duimv(3),|59bklzo(3),|946ueymg(3),;36761,34282.8,32378.3,35772.9,0,0,0,0,1546.142901062721
|268duimv(3),|59bklzo(3),|946ueymg(3),;36761,34282.8,32378.3,35772.9,0,0,0,0,1551.142901062721
|268duimv(3),|59bklzo(3),|946ueymg(3),;36761,34282.8,32378.3,35772.9,0,0,0,0,1556.142901062721
|268duimv(3),|59bklzo(3),|;36761,34282.8,32378.3,36761.1,0,0,0,0,1561.142901062721
|268duimv(3),|59bklzo(3),|;36761,34282.8,32378.3,36761.1,0,0,0,0,1566.142901062721
|268duimv(3),|59bklzo(3),|;36761,34282.8,32378.3,36761.1,0,0,0,0,1571.142901062721
|268duimv(3),|59bklzo(3),|;36761,34282.8,32378.3,36761.1,0,0,0,0,1576.142901062721
|268duimv(3),|59bklzo(3),|;36761,34282.8,32378.3,36761.1,0,0,0,0,1581.142901062721
|268duimv(3),|59bklzo(3),|;36761,34282.8,32378.3,36761.1,0,0,0,0,1586.142901062721
|268duimv(3),|59bklzo(3),|;36761,34282.8,32378.3,36761.1,0,0,0,0,1591.142901062721
|268duimv(3),|59bklzo(3),|;36761,34282.8,32378.3,36761.1,0,0,0,0,1596.142901062721
|268duimv(3),|59bklzo(3),|;36761,34282.8,32378.3,36761.1,0,0,0,0,1601.142901062721
|268duimv(3),|59bklzo(3),|;36761,34282.8,32378.3,36761.1,0,0,0,0,1606.142901062721
|268duimv(3),||;36761,34282.8,36761,36761.1,0,0,0,0,1611.142901062721
|268duimv(3),||;36761,34282.8,36761,36761.1,0,0,0,0,1616.142901062721
|268duimv(3),||;36761,34282.8,36761,36761.1,0,0,0,0,1621.142901062721
|268duimv(3),||;36761,34282.8,36761,36761.1,0,0,0,0,1626.142901062721
|268duimv(3),||;36761,34282.8,36761,36761.1,0,0,0,0,1631.142901062721
|268duimv(3),||;36761,34282.8,36761,36761.1,0,0,0,0,1636.142901062721
|268duimv(3),||;36761,34282.8,36761,36761.1,0,0,0,0,1641.142901062721
|268duimv(3),||;36761,34282.8,36761,36761.1,0,0,0,0,1646.142901062721
|268duimv(3),||;36761,34282.8,36761,36761.1,0,0,0,0,1651.142901062721
|268duimv(3),||;36761,34282.8,36761,36761.1,0,0,0,0,1656.142901062721
|||;36761,36760.9,36761,36761.1,0,0,0,0,1661.142901062721
|||;36761,36760.9,36761,36761.1,0,0,0,0,1666.142901062721
|||;36761,36760.9,36761,36761.1,0,0,0,0,1671.142901062721
|||;36761,36760.9,36761,36761.1,0,0,0,0,1676.142901062721
|||;36761,36760.9,36761,36761.1,0,0,0,0,1681.142901062721
|||;36761,36760.9,36761,36761.1,0,0,0,0,1686.142901062721
|||;36761,36760.9,36761,36761.1,0,0,0,0,1691.142901062721
|||;36761,36760.9,36761,36761.1,0,0,0,0,1696.142901062721
|||;36761,36760.9,36761,36761.1,0,0,0,0,1701.142901062721
|||;36761,36760.9,36761,36761.1,0,0,0,0,1706.142901062721
|||;36761,36760.9,36761,36761.1,0,0,0,0,1711.142901062721
|||;36761,36760.9,36761,36761.1,0,0,0,0,1716.142901062721
|||;36761,36760.9,36761,36761.1,0,0,0,0,1721.142901062721
|||;36761,36760.9,36761,36761.1,0,0,0,0,1726.142901062721
|||;36761,36760.9,36761,36761.1,0,0,0,0,1731.142901062721
|||;36761,36760.9,36761,36761.1,0,0,0,0,1736.142901062721
|||;36761,36760.9,36761,36761.1,0,0,0,0,1741.142901062721
|107ekith(2),||107ekith(2),;36761,30775.6,36761,34196,0,37.946392598776,0,14.152766998776,1746.142901062721
|107ekith(2),||107ekith(2),;36761,30775.6,36761,34196,0,32.946392598776,0,9.152766998776,1751.142901062721
|107ekith(2),||107ekith(2),;36761,30775.6,36761,34196,0,27.946392598776,0,4.152766998776,1756.142901062721
|107ekith(2),||107ekith(3),;36761,30775.6,36761,34196,0,22.946392598776,0,0,1761.142901062721
|107ekith(2),||107ekith(3),;36761,30775.6,36761,34196,0,17.946392598776,0,0,1766.142901062721
|107ekith(2),||107ekith(3),;36761,30775.6,36761,34196,0,12.946392598776,0,0,1771.142901062721
|107ekith(2),||107ekith(3),;36761,30775.6,36761,34196,0,7.946392598776,0,0,1776.142901062721
|107ekith(2),||107ekith(3),;36761,30775.6,36761,34196,0,2.946392598776,0,0,1781.142901062721
|107ekith(3),||107ekith(3),;36761,30775.6,36761,34196,0,0,0,0,1786.142901062721
|107ekith(3),||107ekith(3),;36761,30775.6,36761,34196,0,0,0,0,1791.142901062721
|107ekith(3),||107ekith(3),;36761,30775.6,36761,34196,0,0,0,0,1796.142901062721
|107ekith(3),||107ekith(3),;36761,30775.6,36761,34196,0,0,0,0,1801.142901062721
|107ekith(3),||107ekith(3),;36761,30775.6,36761,34196,0,0,0,0,1806.142901062721
|107ekith(3),||107ekith(3),;36761,30775.6,36761,34196,0,0,0,0,1811.142901062721
|107ekith(3),||107ekith(3),;36761,30775.6,36761,34196,0,0,0,0,1816.142901062721
|107ekith(3),||107ekith(3),;36761,30775.6,36761,34196,0,0,0,0,1821.142901062721
|107ekith(3),||107ekith(3),;36761,30775.6,36761,34196,0,0,0,0,1826.142901062721
|107ekith(3),||107ekith(3),;36761,30775.6,36761,34196,0,0,0,0,1831.142901062721
|107ekith(3),||107ekith(3),;36761,30775.6,36761,34196,0,0,0,0,1836.142901062721
|107ekith(3),900yhvks(2),||107ekith(3),;36761,29290.8,36761,34196,0,9.581342396705,0,0,1841.142901062721
|107ekith(3),900yhvks(2),||107ekith(3),;36761,29290.8,36761,34196,0,4.581342396705,0,0,1846.142901062721
|107ekith(3),900yhvks(3),||107ekith(3),;36761,29290.8,36761,34196,0,0,0,0,1851.142901062721
|107ekith(3),900yhvks(3),||107ekith(3),;36761,29290.8,36761,34196,0,0,0,0,1856.142901062721
|107ekith(3),900yhvks(3),||107ekith(3),;36761,29290.8,36761,34196,0,0,0,0,1861.142901062721
|107ekith(3),900yhvks(3),||107ekith(3),;36761,29290.8,36761,34196,0,0,0,0,1866.142901062721
|107ekith(3),900yhvks(3),||107ekith(3),;36761,29290.8,36761,34196,0,0,0,0,1871.142901062721
|107ekith(3),900yhvks(3),||107ekith(3),;36761,29290.8,36761,34196,0,0,0,0,1876.142901062721
|107ekith(3),900yhvks(3),||107ekith(3),;36761,29290.8,36761,34196,0,0,0,0,1881.142901062721
|107ekith(3),900yhvks(3),||107ekith(3),;36761,29290.8,36761,34196,0,0,0,0,1886.142901062721
|107ekith(3),900yhvks(3),||107ekith(3),;36761,29290.8,36761,34196,0,0,0,0,1891.142901062721
|107ekith(3),900yhvks(3),||107ekith(3),;36761,29290.8,36761,34196,0,0,0,0,1896.142901062721
|107ekith(3),900yhvks(3),||107ekith(3),;36761,29290.8,36761,34196,0,0,0,0,1901.142901062721
|107ekith(3),900yhvks(3),||107ekith(3),;36761,29290.8,36761,34196,0,0,0,0,1906.142901062721
|107ekith(3),900yhvks(3),||107ekith(3),;36761,29290.8,36761,34196,0,0,0,0,1911.142901062721
|107ekith(3),900yhvks(3),||107ekith(3),;36761,29290.8,36761,34196,0,0,0,0,1916.142901062721
|107ekith(3),900yhvks(3),||107ekith(3),;36761,29290.8,36761,34196,0,0,0,0,1921.142901062721
|107ekith(3),900yhvks(3),||107ekith(3),;36761,29290.8,36761,34196,0,0,0,0,1926.142901062721
|107ekith(3),900yhvks(3),||107ekith(3),;36761,29290.8,36761,34196,0,0,0,0,1931.142901062721
|107ekith(3),900yhvks(3),||107ekith(3),;36761,29290.8,36761,34196,0,0,0,0,1936.142901062721
|107ekith(3),900yhvks(3),||107ekith(3),;36761,29290.8,36761,34196,0,0,0,0,1941.142901062721
|107ekith(3),900yhvks(3),||107ekith(3),;36761,29290.8,36761,34196,0,0,0,0,1946.142901062721
|107ekith(3),900yhvks(3),||107ekith(3),;36761,29290.8,36761,34196,0,0,0,0,1951.142901062721
|107ekith(3),900yhvks(3),||107ekith(3),;36761,29290.8,36761,34196,0,0,0,0,1956.142901062721
|107ekith(3),900yhvks(3),||107ekith(3),;36761,29290.8,36761,34196,0,0,0,0,1961.142901062721
|107ekith(3),900yhvks(3),||107ekith(3),;36761,29290.8,36761,34196,0,0,0,0,1966.142901062721
|107ekith(3),900yhvks(3),||107ekith(3),;36761,29290.8,36761,34196,0,0,0,0,1971.142901062721
|107ekith(3),900yhvks(3),||107ekith(3),;36761,29290.8,36761,34196,0,0,0,0,1976.142901062721
|107ekith(3),900yhvks(3),||107ekith(3),;36761,29290.8,36761,34196,0,0,0,0,1981.142901062721
|107ekith(3),900yhvks(3),||;36761,29290.8,36761,36761.1,0,0,0,0,1986.142901062721
|107ekith(3),900yhvks(3),||;36761,29290.8,36761,36761.1,0,0,0,0,1991.142901062721
|107ekith(3),900yhvks(3),||;36761,29290.8,36761,36761.1,0,0,0,0,1996.142901062721
