|||;28774,28774,28774,28774,0,0,0,0,1.170817646561
|||;28774,28774,28774,28774,0,0,0,0,6.170817646561
|||;28774,28774,28774,28774,0,0,0,0,11.170817646561
|||;28774,28774,28774,28774,0,0,0,0,16.170817646561
|||;28774,28774,28774,28774,0,0,0,0,21.170817646561
|||;28774,28774,28774,28774,0,0,0,0,26.170817646561
|||;28774,28774,28774,28774,0,0,0,0,31.170817646561
|||;28774,28774,28774,28774,0,0,0,0,36.170817646561
|||;28774,28774,28774,28774,0,0,0,0,41.170817646561
|||;28774,28774,28774,28774,0,0,0,0,46.170817646561
|||;28774,28774,28774,28774,0,0,0,0,51.170817646561
|||;28774,28774,28774,28774,0,0,0,0,56.170817646561
133zyujl(2),|133zyujl(2),|133zyujl(2),|133zyujl(2),;25932.4,25932.4,26879.6,26879.6,11.130640089977,11.130640089977,6.936336089977,6.936336089977,61.170817646561
133zyujl(2),|133zyujl(2),|133zyujl(2),|133zyujl(2),;25932.4,25932.4,26879.6,26879.6,6.130640089977,6.130640089977,1.936336089977,1.936336089977,66.170817646561
133zyujl(2),|133zyujl(2),||;25932.4,25932.4,28774,28774,1.130640089977,1.130640089977,0,0,71.170817646561
|||;28774,28774,28774,28774,0,0,0,0,76.170817646561
|||;28774,28774,28774,28774,0,0,0,0,81.170817646561
|||;28774,28774,28774,28774,0,0,0,0,86.170817646561
|||;28774,28774,28774,28774,0,0,0,0,91.170817646561
|||;28774,28774,28774,28774,0,0,0,0,96.170817646561
|||;28774,28774,28774,28774,0,0,0,0,101.170817646561
980typzk(2),||980typzk(2),|980typzk(2),;27145.8,28774,26331.8,25517.7,5.006798032585,0,8.611632281233,12.216466529882,106.170817646561
||980typzk(2),|980typzk(2),;28774,28774,26331.8,25517.7,0.006798032585,0,3.611632281233,7.216466529882,111.170817646561
|||980typzk(2),;28774,28774,28774,25517.7,0,0,0,2.216466529882,116.170817646561
|||;28774,28774,28774,28774,0,0,0,0,121.170817646561
|||;28774,28774,28774,28774,0,0,0,0,126.170817646561
|||;28774,28774,28774,28774,0,0,0,0,131.170817646561
|||;28774,28774,28774,28774,0,0,0,0,136.170817646561
|||;28774,28774,28774,28774,0,0,0,0,141.170817646561
|||749ohiqu(2),;28774,28774,28774,25927.3,0,0,0,13.037789281039,146.170817646561
|||749ohiqu(2),;28774,28774,28774,25927.3,0,0,0,8.037789281039,151.170817646561
|||749ohiqu(2),;28774,28774,28774,25927.3,0,0,0,3.037789281039,156.170817646561
|||749ohiqu(3),;28774,28774,28774,25927.3,0,0,0,0,161.170817646561
|||749ohiqu(3),;28774,28774,28774,25927.3,0,0,0,0,166.170817646561
|||749ohiqu(3),;28774,28774,28774,25927.3,0,0,0,0,171.170817646561
|||749ohiqu(3),;28774,28774,28774,25927.3,0,0,0,0,176.170817646561
2atziq(2),547tpmgz(1),|||749ohiqu(3),2atziq(2),547tpmgz(1),;23792.2,28774,28774,20136.6,24.640709910299,0,0,28.222872245434,181.170817646561
547tpmgz(2),|||749ohiqu(3),547tpmgz(1),;24601.2,28774,28774,21754.5,19.640709910299,0,0,23.222872245434,186.170817646561
547tpmgz(2),|||749ohiqu(3),547tpmgz(2),;24601.2,28774,28774,21754.5,14.640709910299,0,0,18.222872245434,191.170817646561
547tpmgz(2),|||749ohiqu(3),547tpmgz(2),;24601.2,28774,28774,21754.5,9.640709910299,0,0,13.222872245434,196.170817646561
547tpmgz(3),|||749ohiqu(3),547tpmgz(2),;24601.2,28774,28774,21754.5,4.640709910299,0,0,8.222872245434,201.170817646561
547tpmgz(3),|||749ohiqu(3),547tpmgz(3),;24601.2,28774,28774,21754.5,0,0,0,3.222872245434,206.170817646561
547tpmgz(3),|||749ohiqu(3),547tpmgz(3),;24601.2,28774,28774,21754.5,0,0,0,0,211.170817646561
547tpmgz(3),|||749ohiqu(3),547tpmgz(3),;24601.2,28774,28774,21754.5,0,0,0,0,216.170817646561
547tpmgz(3),|||749ohiqu(3),547tpmgz(3),;24601.2,28774,28774,21754.5,0,0,0,0,221.170817646561
547tpmgz(3),|||749ohiqu(3),547tpmgz(3),;24601.2,28774,28774,21754.5,0,0,0,0,226.170817646561
547tpmgz(3),424koxdt(0),|424koxdt(0),|424koxdt(0),|749ohiqu(3),547tpmgz(3),424koxdt(0),;23085.7,27258.5,26500.7,20239,8.558937551946,8.558937551946,11.914380751946,8.558937551946,231.170817646561
547tpmgz(3),424koxdt(2),|424koxdt(2),|424koxdt(2),|749ohiqu(3),547tpmgz(3),424koxdt(2),;23085.7,27258.5,26500.7,20239,3.558937551946,3.558937551946,6.914380751946,3.558937551946,236.170817646561
547tpmgz(3),||424koxdt(2),|749ohiqu(3),547tpmgz(3),;24601.2,28774,26500.7,21754.5,0,0,1.914380751946,0,241.170817646561
547tpmgz(3),|||749ohiqu(3),547tpmgz(3),;24601.2,28774,28774,21754.5,0,0,0,0,246.170817646561
547tpmgz(3),|||749ohiqu(3),547tpmgz(3),;24601.2,28774,28774,21754.5,0,0,0,0,251.170817646561
547tpmgz(3),|||749ohiqu(3),547tpmgz(3),;24601.2,28774,28774,21754.5,0,0,0,0,256.170817646561
547tpmgz(3),|||749ohiqu(3),547tpmgz(3),;24601.2,28774,28774,21754.5,0,0,0,0,261.170817646561
547tpmgz(3),|||749ohiqu(3),547tpmgz(3),;24601.2,28774,28774,21754.5,0,0,0,0,266.170817646561
547tpmgz(3),|||749ohiqu(3),547tpmgz(3),;24601.2,28774,28774,21754.5,0,0,0,0,271.170817646561
547tpmgz(3),34uzwjt(0),|34uzwjt(0),|34uzwjt(0),|749ohiqu(3),547tpmgz(3),34uzwjt(0),;22706.8,26879.6,26879.6,19860.1,12.838118295696,12.838118295696,12.838118295696,12.838118295696,276.170817646561
547tpmgz(3),34uzwjt(2),|34uzwjt(2),|34uzwjt(2),|749ohiqu(3),547tpmgz(3),34uzwjt(2),;22706.8,26879.6,26879.6,19860.1,7.838118295696,7.838118295696,7.838118295696,7.838118295696,281.170817646561
547tpmgz(3),34uzwjt(2),|34uzwjt(2),|34uzwjt(2),|749ohiqu(3),547tpmgz(3),34uzwjt(2),;22706.8,26879.6,26879.6,19860.1,2.838118295696,2.838118295696,2.838118295696,2.838118295696,286.170817646561
547tpmgz(3),|||749ohiqu(3),547tpmgz(3),;24601.2,28774,28774,21754.5,0,0,0,0,291.170817646561
547tpmgz(3),|||749ohiqu(3),547tpmgz(3),;24601.2,28774,28774,21754.5,0,0,0,0,296.170817646561
547tpmgz(3),|||749ohiqu(3),547tpmgz(3),;24601.2,28774,28774,21754.5,0,0,0,0,301.170817646561
547tpmgz(3),|||749ohiqu(3),547tpmgz(3),;24601.2,28774,28774,21754.5,0,0,0,0,306.170817646561
547tpmgz(3),|||749ohiqu(3),547tpmgz(3),;24601.2,28774,28774,21754.5,0,0,0,0,311.170817646561
547tpmgz(3),|||749ohiqu(3),547tpmgz(3),;24601.2,28774,28774,21754.5,0,0,0,0,316.170817646561
547tpmgz(3),|||749ohiqu(3),547tpmgz(3),;24601.2,28774,28774,21754.5,0,0,0,0,321.170817646561
547tpmgz(3),|||749ohiqu(3),547tpmgz(3),;24601.2,28774,28774,21754.5,0,0,0,0,326.170817646561
547tpmgz(3),|||749ohiqu(3),547tpmgz(3),;24601.2,28774,28774,21754.5,0,0,0,0,331.170817646561
547tpmgz(3),|||749ohiqu(3),547tpmgz(3),;24601.2,28774,28774,21754.5,0,0,0,0,336.170817646561
547tpmgz(3),|||749ohiqu(3),547tpmgz(3),;24601.2,28774,28774,21754.5,0,0,0,0,341.170817646561
547tpmgz(3),|||749ohiqu(3),547tpmgz(3),;24601.2,28774,28774,21754.5,0,0,0,0,346.170817646561
547tpmgz(3),|||749ohiqu(3),547tpmgz(3),;24601.2,28774,28774,21754.5,0,0,0,0,351.170817646561
547tpmgz(3),|||749ohiqu(3),547tpmgz(3),;24601.2,28774,28774,21754.5,0,0,0,0,356.170817646561
547tpmgz(3),|||749ohiqu(3),547tpmgz(3),;24601.2,28774,28774,21754.5,0,0,0,0,361.170817646561
547tpmgz(3),|||749ohiqu(3),547tpmgz(3),;24601.2,28774,28774,21754.5,0,0,0,0,366.170817646561
547tpmgz(3),|||749ohiqu(3),547tpmgz(3),;24601.2,28774,28774,21754.5,0,0,0,0,371.170817646561
547tpmgz(3),|||749ohiqu(3),547tpmgz(3),;24601.2,28774,28774,21754.5,0,0,0,0,376.170817646561
547tpmgz(3),749iuvxs(0),|749iuvxs(0),||749ohiqu(3),547tpmgz(3),749iuvxs(0),;23705.2,26982,28774,15482.5,5.903852138799,9.988103670331,0,30.409361327989,381.170817646561
547tpmgz(3),749iuvxs(2),|749iuvxs(2),||547tpmgz(3),749iuvxs(2),;23705.2,26982,28774,18329.2,0.903852138799,4.988103670331,0,25.409361327989,386.170817646561
547tpmgz(3),|||547tpmgz(3),749iuvxs(2),;24601.2,28774,28774,18329.2,0,0,0,20.409361327989,391.170817646561
547tpmgz(3),|||547tpmgz(3),749iuvxs(2),;24601.2,28774,28774,18329.2,0,0,0,15.409361327989,396.170817646561
547tpmgz(3),|||547tpmgz(3),749iuvxs(2),;24601.2,28774,28774,18329.2,0,0,0,10.409361327989,401.170817646561
547tpmgz(3),|||547tpmgz(3),749iuvxs(2),;24601.2,28774,28774,18329.2,0,0,0,5.409361327989,406.170817646561
547tpmgz(3),|||547tpmgz(3),749iuvxs(3),;24601.2,28774,28774,18329.2,0,0,0,0.409361327989,411.170817646561
547tpmgz(3),|||547tpmgz(3),749iuvxs(3),;24601.2,28774,28774,18329.2,0,0,0,0,416.170817646561
547tpmgz(3),|||547tpmgz(3),749iuvxs(3),;24601.2,28774,28774,18329.2,0,0,0,0,421.170817646561
547tpmgz(3),|||547tpmgz(3),749iuvxs(3),;24601.2,28774,28774,18329.2,0,0,0,0,426.170817646561
547tpmgz(3),|||547tpmgz(3),749iuvxs(3),;24601.2,28774,28774,18329.2,0,0,0,0,431.170817646561
547tpmgz(3),|||547tpmgz(3),749iuvxs(3),;24601.2,28774,28774,18329.2,0,0,0,0,436.170817646561
547tpmgz(3),|||547tpmgz(3),749iuvxs(3),;24601.2,28774,28774,18329.2,0,0,0,0,441.170817646561
547tpmgz(3),|||547tpmgz(3),749iuvxs(3),;24601.2,28774,28774,18329.2,0,0,0,0,446.170817646561
547tpmgz(3),|||547tpmgz(3),749iuvxs(3),;24601.2,28774,28774,18329.2,0,0,0,0,451.170817646561
547tpmgz(3),|||547tpmgz(3),749iuvxs(3),;24601.2,28774,28774,18329.2,0,0,0,0,456.170817646561
547tpmgz(3),487koixa(0),|487koixa(0),||547tpmgz(3),749iuvxs(3),487koixa(0),;23075.4,28011.1,28774,17566.3,9.923747921946,6.446299475099,0,6.446299475099,461.170817646561
547tpmgz(3),487koixa(2),|487koixa(2),||547tpmgz(3),749iuvxs(3),487koixa(2),;23075.4,28011.1,28774,17566.3,4.923747921946,1.446299475099,0,1.446299475099,466.170817646561
547tpmgz(3),|||547tpmgz(3),749iuvxs(3),;24601.2,28774,28774,18329.2,0,0,0,0,471.170817646561
547tpmgz(3),|||547tpmgz(3),749iuvxs(3),;24601.2,28774,28774,18329.2,0,0,0,0,476.170817646561
547tpmgz(3),|||547tpmgz(3),749iuvxs(3),;24601.2,28774,28774,18329.2,0,0,0,0,481.170817646561
547tpmgz(3),|||547tpmgz(3),749iuvxs(3),;24601.2,28774,28774,18329.2,0,0,0,0,486.170817646561
547tpmgz(3),|||547tpmgz(3),749iuvxs(3),;24601.2,28774,28774,18329.2,0,0,0,0,491.170817646561
547tpmgz(3),|||547tpmgz(3),749iuvxs(3),;24601.2,28774,28774,18329.2,0,0,0,0,496.170817646561
547tpmgz(3),|||547tpmgz(3),;24601.2,28774,28774,24601.2,0,0,0,0,501.170817646561
547tpmgz(3),|||547tpmgz(3),;24601.2,28774,28774,24601.2,0,0,0,0,506.170817646561
|||;28774,28774,28774,28774,0,0,0,0,511.170817646561
|||;28774,28774,28774,28774,0,0,0,0,516.170817646561
|||;28774,28774,28774,28774,0,0,0,0,521.170817646561
|||;28774,28774,28774,28774,0,0,0,0,526.170817646561
|||;28774,28774,28774,28774,0,0,0,0,531.170817646561
|||;28774,28774,28774,28774,0,0,0,0,536.170817646561
|||;28774,28774,28774,28774,0,0,0,0,541.170817646561
|||;28774,28774,28774,28774,0,0,0,0,546.170817646561
|||;28774,28774,28774,28774,0,0,0,0,551.170817646561
|||;28774,28774,28774,28774,0,0,0,0,556.170817646561
|||;28774,28774,28774,28774,0,0,0,0,561.170817646561
|||;28774,28774,28774,28774,0,0,0,0,566.170817646561
|||;28774,28774,28774,28774,0,0,0,0,571.170817646561
|||;28774,28774,28774,28774,0,0,0,0,576.170817646561
|||;28774,28774,28774,28774,0,0,0,0,581.170817646561
|||;28774,28774,28774,28774,0,0,0,0,586.170817646561
|||;28774,28774,28774,28774,0,0,0,0,591.170817646561
|||;28774,28774,28774,28774,0,0,0,0,596.170817646561
|||;28774,28774,28774,28774,0,0,0,0,601.170817646561
|||;28774,28774,28774,28774,0,0,0,0,606.170817646561
|||;28774,28774,28774,28774,0,0,0,0,611.170817646561
749tkpyf(2),|749tkpyf(2),|749tkpyf(2),|749tkpyf(2),;24759.9,26767,26767,27770.5,15.024234664441,5.875511233811,5.875511233811,1.301149518495,616.170817646561
749tkpyf(2),|749tkpyf(2),|749tkpyf(2),|;24759.9,26767,26767,28774,10.024234664441,0.875511233811,0.875511233811,0,621.170817646561
749tkpyf(2),|||;24759.9,28774,28774,28774,5.024234664441,0,0,0,626.170817646561
|||;28774,28774,28774,28774,0.024234664441,0,0,0,631.170817646561
|||;28774,28774,28774,28774,0,0,0,0,636.170817646561
|||;28774,28774,28774,28774,0,0,0,0,641.170817646561
|||;28774,28774,28774,28774,0,0,0,0,646.170817646561
|||;28774,28774,28774,28774,0,0,0,0,651.170817646561
|||;28774,28774,28774,28774,0,0,0,0,656.170817646561
|||;28774,28774,28774,28774,0,0,0,0,661.170817646561
|||;28774,28774,28774,28774,0,0,0,0,666.170817646561
|||;28774,28774,28774,28774,0,0,0,0,671.170817646561
|||;28774,28774,28774,28774,0,0,0,0,676.170817646561
|||;28774,28774,28774,28774,0,0,0,0,681.170817646561
|||;28774,28774,28774,28774,0,0,0,0,686.170817646561
|||;28774,28774,28774,28774,0,0,0,0,691.170817646561
|||;28774,28774,28774,28774,0,0,0,0,696.170817646561
|||;28774,28774,28774,28774,0,0,0,0,701.170817646561
|||;28774,28774,28774,28774,0,0,0,0,706.170817646561
|||;28774,28774,28774,28774,0,0,0,0,711.170817646561
|||;28774,28774,28774,28774,0,0,0,0,716.170817646561
|||;28774,28774,28774,28774,0,0,0,0,721.170817646561
|||;28774,28774,28774,28774,0,0,0,0,726.170817646561
|||;28774,28774,28774,28774,0,0,0,0,731.170817646561
|||;28774,28774,28774,28774,0,0,0,0,736.170817646561
|||;28774,28774,28774,28774,0,0,0,0,741.170817646561
|||;28774,28774,28774,28774,0,0,0,0,746.170817646561
|||;28774,28774,28774,28774,0,0,0,0,751.170817646561
|||;28774,28774,28774,28774,0,0,0,0,756.170817646561
|||;28774,28774,28774,28774,0,0,0,0,761.170817646561
|||;28774,28774,28774,28774,0,0,0,0,766.170817646561
|||;28774,28774,28774,28774,0,0,0,0,771.170817646561
|||;28774,28774,28774,28774,0,0,0,0,776.170817646561
|||;28774,28774,28774,28774,0,0,0,0,781.170817646561
|||;28774,28774,28774,28774,0,0,0,0,786.170817646561
|||;28774,28774,28774,28774,0,0,0,0,791.170817646561
60dcoys(2),|60dcoys(2),|60dcoys(2),|60dcoys(2),;27217.5,27995.8,25661,27217.5,4.948717970106,1.502587116052,11.840979678214,4.948717970106,796.170817646561
60dcoys(3),||60dcoys(2),|60dcoys(3),;27217.5,28774,25661,27217.5,0,0,6.840979678214,0,801.170817646561
60dcoys(3),||60dcoys(2),|60dcoys(3),;27217.5,28774,25661,27217.5,0,0,1.840979678214,0,806.170817646561
60dcoys(3),||60dcoys(3),|60dcoys(3),;27217.5,28774,25661,27217.5,0,0,0,0,811.170817646561
60dcoys(3),||60dcoys(3),|60dcoys(3),;27217.5,28774,25661,27217.5,0,0,0,0,816.170817646561
60dcoys(3),||60dcoys(3),|60dcoys(3),;27217.5,28774,25661,27217.5,0,0,0,0,821.170817646561
60dcoys(3),||60dcoys(3),|60dcoys(3),;27217.5,28774,25661,27217.5,0,0,0,0,826.170817646561
60dcoys(3),||60dcoys(3),|60dcoys(3),;27217.5,28774,25661,27217.5,0,0,0,0,831.170817646561
60dcoys(3),||60dcoys(3),|60dcoys(3),;27217.5,28774,25661,27217.5,0,0,0,0,836.170817646561
60dcoys(3),||60dcoys(3),|60dcoys(3),;27217.5,28774,25661,27217.5,0,0,0,0,841.170817646561
60dcoys(3),||60dcoys(3),|60dcoys(3),;27217.5,28774,25661,27217.5,0,0,0,0,846.170817646561
60dcoys(3),||60dcoys(3),|60dcoys(3),;27217.5,28774,25661,27217.5,0,0,0,0,851.170817646561
60dcoys(3),||60dcoys(3),|60dcoys(3),;27217.5,28774,25661,27217.5,0,0,0,0,856.170817646561
60dcoys(3),||60dcoys(3),|60dcoys(3),;27217.5,28774,25661,27217.5,0,0,0,0,861.170817646561
60dcoys(3),||60dcoys(3),|60dcoys(3),;27217.5,28774,25661,27217.5,0,0,0,0,866.170817646561
60dcoys(3),||60dcoys(3),634zdexk(0),|60dcoys(3),634zdexk(0),;27217.5,28774,22650.4,24206.9,0,0,16.801108807811,16.801108807811,871.170817646561
||634zdexk(2),|634zdexk(2),;28774,28774,25763.4,25763.4,0,0,11.801108807811,11.801108807811,876.170817646561
||634zdexk(2),|634zdexk(2),;28774,28774,25763.4,25763.4,0,0,6.801108807811,6.801108807811,881.170817646561
||634zdexk(2),|634zdexk(2),;28774,28774,25763.4,25763.4,0,0,1.801108807811,1.801108807811,886.170817646561
||634zdexk(3),|634zdexk(3),;28774,28774,25763.4,25763.4,0,0,0,0,891.170817646561
||634zdexk(3),|634zdexk(3),;28774,28774,25763.4,25763.4,0,0,0,0,896.170817646561
||634zdexk(3),|634zdexk(3),;28774,28774,25763.4,25763.4,0,0,0,0,901.170817646561
||634zdexk(3),|634zdexk(3),;28774,28774,25763.4,25763.4,0,0,0,0,906.170817646561
||634zdexk(3),|634zdexk(3),;28774,28774,25763.4,25763.4,0,0,0,0,911.170817646561
||634zdexk(3),|634zdexk(3),;28774,28774,25763.4,25763.4,0,0,0,0,916.170817646561
||634zdexk(3),|634zdexk(3),;28774,28774,25763.4,25763.4,0,0,0,0,921.170817646561
||634zdexk(3),|634zdexk(3),;28774,28774,25763.4,25763.4,0,0,0,0,926.170817646561
||634zdexk(3),|634zdexk(3),;28774,28774,25763.4,25763.4,0,0,0,0,931.170817646561
||634zdexk(3),|634zdexk(3),;28774,28774,25763.4,25763.4,0,0,0,0,936.170817646561
|||;28774,28774,28774,28774,0,0,0,0,941.170817646561
|||;28774,28774,28774,28774,0,0,0,0,946.170817646561
|||;28774,28774,28774,28774,0,0,0,0,951.170817646561
|||;28774,28774,28774,28774,0,0,0,0,956.170817646561
|||;28774,28774,28774,28774,0,0,0,0,961.170817646561
|||;28774,28774,28774,28774,0,0,0,0,966.170817646561
|||;28774,28774,28774,28774,0,0,0,0,971.170817646561
|||;28774,28774,28774,28774,0,0,0,0,976.170817646561
|||;28774,28774,28774,28774,0,0,0,0,981.170817646561
|||;28774,28774,28774,28774,0,0,0,0,986.170817646561
|||;28774,28774,28774,28774,0,0,0,0,991.170817646561
|||;28774,28774,28774,28774,0,0,0,0,996.170817646561
|||;28774,28774,28774,28774,0,0,0,0,1001.170817646561
|||;28774,28774,28774,28774,0,0,0,0,1006.170817646561
|||;28774,28774,28774,28774,0,0,0,0,1011.170817646561
|||;28774,28774,28774,28774,0,0,0,0,1016.170817646561
|||;28774,28774,28774,28774,0,0,0,0,1021.170817646561
|||;28774,28774,28774,28774,0,0,0,0,1026.170817646561
|||;28774,28774,28774,28774,0,0,0,0,1031.170817646561
|||;28774,28774,28774,28774,0,0,0,0,1036.170817646561
|||;28774,28774,28774,28774,0,0,0,0,1041.170817646561
|||;28774,28774,28774,28774,0,0,0,0,1046.170817646561
|||;28774,28774,28774,28774,0,0,0,0,1051.170817646561
|||;28774,28774,28774,28774,0,0,0,0,1056.170817646561
|||;28774,28774,28774,28774,0,0,0,0,1061.170817646561
|||;28774,28774,28774,28774,0,0,0,0,1066.170817646561
|||;28774,28774,28774,28774,0,0,0,0,1071.170817646561
|||;28774,28774,28774,28774,0,0,0,0,1076.170817646561
|||;28774,28774,28774,28774,0,0,0,0,1081.170817646561
|||;28774,28774,28774,28774,0,0,0,0,1086.170817646561
|||;28774,28774,28774,28774,0,0,0,0,1091.170817646561
|||;28774,28774,28774,28774,0,0,0,0,1096.170817646561
|||;28774,28774,28774,28774,0,0,0,0,1101.170817646561
|||;28774,28774,28774,28774,0,0,0,0,1106.170817646561
868iwxme(2),|868iwxme(2),||;26439.3,26439.3,28774,28774,10.52878548862,10.52878548862,0,0,1111.170817646561
868iwxme(2),|868iwxme(2),||;26439.3,26439.3,28774,28774,5.52878548862,5.52878548862,0,0,1116.170817646561
868iwxme(2),|868iwxme(2),||;26439.3,26439.3,28774,28774,0.52878548862,0.52878548862,0,0,1121.170817646561
868iwxme(3),|868iwxme(3),||;26439.3,26439.3,28774,28774,0,0,0,0,1126.170817646561
868iwxme(3),|868iwxme(3),||;26439.3,26439.3,28774,28774,0,0,0,0,1131.170817646561
868iwxme(3),|868iwxme(3),||;26439.3,26439.3,28774,28774,0,0,0,0,1136.170817646561
868iwxme(3),|868iwxme(3),||;26439.3,26439.3,28774,28774,0,0,0,0,1141.170817646561
868iwxme(3),|868iwxme(3),||;26439.3,26439.3,28774,28774,0,0,0,0,1146.170817646561
868iwxme(3),|868iwxme(3),||;26439.3,26439.3,28774,28774,0,0,0,0,1151.170817646561
868iwxme(3),|868iwxme(3),||;26439.3,26439.3,28774,28774,0,0,0,0,1156.170817646561
868iwxme(3),|868iwxme(3),||;26439.3,26439.3,28774,28774,0,0,0,0,1161.170817646561
868iwxme(3),|868iwxme(3),||;26439.3,26439.3,28774,28774,0,0,0,0,1166.170817646561
868iwxme(3),|868iwxme(3),||;26439.3,26439.3,28774,28774,0,0,0,0,1171.170817646561
868iwxme(3),|868iwxme(3),||;26439.3,26439.3,28774,28774,0,0,0,0,1176.170817646561
868iwxme(3),|868iwxme(3),||;26439.3,26439.3,28774,28774,0,0,0,0,1181.170817646561
868iwxme(3),|868iwxme(3),||;26439.3,26439.3,28774,28774,0,0,0,0,1186.170817646561
868iwxme(3),|868iwxme(3),||;26439.3,26439.3,28774,28774,0,0,0,0,1191.170817646561
868iwxme(3),|868iwxme(3),||;26439.3,26439.3,28774,28774,0,0,0,0,1196.170817646561
868iwxme(3),|868iwxme(3),||;26439.3,26439.3,28774,28774,0,0,0,0,1201.170817646561
868iwxme(3),|868iwxme(3),||;26439.3,26439.3,28774,28774,0,0,0,0,1206.170817646561
868iwxme(3),|868iwxme(3),||;26439.3,26439.3,28774,28774,0,0,0,0,1211.170817646561
868iwxme(3),|868iwxme(3),||;26439.3,26439.3,28774,28774,0,0,0,0,1216.170817646561
868iwxme(3),|868iwxme(3),||;26439.3,26439.3,28774,28774,0,0,0,0,1221.170817646561
868iwxme(3),|868iwxme(3),||;26439.3,26439.3,28774,28774,0,0,0,0,1226.170817646561
868iwxme(3),|868iwxme(3),||;26439.3,26439.3,28774,28774,0,0,0,0,1231.170817646561
868iwxme(3),|868iwxme(3),||;26439.3,26439.3,28774,28774,0,0,0,0,1236.170817646561
868iwxme(3),|868iwxme(3),||;26439.3,26439.3,28774,28774,0,0,0,0,1241.170817646561
868iwxme(3),|868iwxme(3),||;26439.3,26439.3,28774,28774,0,0,0,0,1246.170817646561
868iwxme(3),|868iwxme(3),||;26439.3,26439.3,28774,28774,0,0,0,0,1251.170817646561
868iwxme(3),|868iwxme(3),||;26439.3,26439.3,28774,28774,0,0,0,0,1256.170817646561
868iwxme(3),|868iwxme(3),||;26439.3,26439.3,28774,28774,0,0,0,0,1261.170817646561
868iwxme(3),|868iwxme(3),||;26439.3,26439.3,28774,28774,0,0,0,0,1266.170817646561
868iwxme(3),|868iwxme(3),||;26439.3,26439.3,28774,28774,0,0,0,0,1271.170817646561
868iwxme(3),|868iwxme(3),||;26439.3,26439.3,28774,28774,0,0,0,0,1276.170817646561
868iwxme(3),|868iwxme(3),||;26439.3,26439.3,28774,28774,0,0,0,0,1281.170817646561
868iwxme(3),|868iwxme(3),||;26439.3,26439.3,28774,28774,0,0,0,0,1286.170817646561
868iwxme(3),|868iwxme(3),||;26439.3,26439.3,28774,28774,0,0,0,0,1291.170817646561
868iwxme(3),|868iwxme(3),||;26439.3,26439.3,28774,28774,0,0,0,0,1296.170817646561
868iwxme(3),|868iwxme(3),||;26439.3,26439.3,28774,28774,0,0,0,0,1301.170817646561
868iwxme(3),|868iwxme(3),||;26439.3,26439.3,28774,28774,0,0,0,0,1306.170817646561
868iwxme(3),|868iwxme(3),||;26439.3,26439.3,28774,28774,0,0,0,0,1311.170817646561
868iwxme(3),|868iwxme(3),||;26439.3,26439.3,28774,28774,0,0,0,0,1316.170817646561
868iwxme(3),|868iwxme(3),||;26439.3,26439.3,28774,28774,0,0,0,0,1321.170817646561
868iwxme(3),|868iwxme(3),||;26439.3,26439.3,28774,28774,0,0,0,0,1326.170817646561
868iwxme(3),|868iwxme(3),||;26439.3,26439.3,28774,28774,0,0,0,0,1331.170817646561
868iwxme(3),|868iwxme(3),||;26439.3,26439.3,28774,28774,0,0,0,0,1336.170817646561
868iwxme(3),|868iwxme(3),||;26439.3,26439.3,28774,28774,0,0,0,0,1341.170817646561
868iwxme(3),|868iwxme(3),||;26439.3,26439.3,28774,28774,0,0,0,0,1346.170817646561
868iwxme(3),|868iwxme(3),||;26439.3,26439.3,28774,28774,0,0,0,0,1351.170817646561
868iwxme(3),|868iwxme(3),||;26439.3,26439.3,28774,28774,0,0,0,0,1356.170817646561
868iwxme(3),|868iwxme(3),||;26439.3,26439.3,28774,28774,0,0,0,0,1361.170817646561
868iwxme(3),|868iwxme(3),||;26439.3,26439.3,28774,28774,0,0,0,0,1366.170817646561
868iwxme(3),|868iwxme(3),||;26439.3,26439.3,28774,28774,0,0,0,0,1371.170817646561
868iwxme(3),|868iwxme(3),||;26439.3,26439.3,28774,28774,0,0,0,0,1376.170817646561
868iwxme(3),|868iwxme(3),||;26439.3,26439.3,28774,28774,0,0,0,0,1381.170817646561
868iwxme(3),|868iwxme(3),||;26439.3,26439.3,28774,28774,0,0,0,0,1386.170817646561
|||;28774,28774,28774,28774,0,0,0,0,1391.170817646561
|||;28774,28774,28774,28774,0,0,0,0,1396.170817646561
|||;28774,28774,28774,28774,0,0,0,0,1401.170817646561
|||;28774,28774,28774,28774,0,0,0,0,1406.170817646561
|||;28774,28774,28774,28774,0,0,0,0,1411.170817646561
|||;28774,28774,28774,28774,0,0,0,0,1416.170817646561
|||;28774,28774,28774,28774,0,0,0,0,1421.170817646561
|||;28774,28774,28774,28774,0,0,0,0,1426.170817646561
|||;28774,28774,28774,28774,0,0,0,0,1431.170817646561
|||;28774,28774,28774,28774,0,0,0,0,1436.170817646561
|||;28774,28774,28774,28774,0,0,0,0,1441.170817646561
|||;28774,28774,28774,28774,0,0,0,0,1446.170817646561
|||;28774,28774,28774,28774,0,0,0,0,1451.170817646561
|||;28774,28774,28774,28774,0,0,0,0,1456.170817646561
|||;28774,28774,28774,28774,0,0,0,0,1461.170817646561
|||;28774,28774,28774,28774,0,0,0,0,1466.170817646561
|||;28774,28774,28774,28774,0,0,0,0,1471.170817646561
|||;28774,28774,28774,28774,0,0,0,0,1476.170817646561
|||;28774,28774,28774,28774,0,0,0,0,1481.170817646561
|||;28774,28774,28774,28774,0,0,0,0,1486.170817646561
|||;28774,28774,28774,28774,0,0,0,0,1491.170817646561
|||;28774,28774,28774,28774,0,0,0,0,1496.170817646561
|||;28774,28774,28774,28774,0,0,0,0,1501.170817646561
|||;28774,28774,28774,28774,0,0,0,0,1506.170817646561
|||;28774,28774,28774,28774,0,0,0,0,1511.170817646561
|||;28774,28774,28774,28774,0,0,0,0,1516.170817646561
|||;28774,28774,28774,28774,0,0,0,0,1521.170817646561
|||;28774,28774,28774,28774,0,0,0,0,1526.170817646561
|||;28774,28774,28774,28774,0,0,0,0,1531.170817646561
|||;28774,28774,28774,28774,0,0,0,0,1536.170817646561
|||;28774,28774,28774,28774,0,0,0,0,1541.170817646561
|||;28774,28774,28774,28774,0,0,0,0,1546.170817646561
|||;28774,28774,28774,28774,0,0,0,0,1551.170817646561
|||;28774,28774,28774,28774,0,0,0,0,1556.170817646561
|||;28774,28774,28774,28774,0,0,0,0,1561.170817646561
|||;28774,28774,28774,28774,0,0,0,0,1566.170817646561
|||;28774,28774,28774,28774,0,0,0,0,1571.170817646561
|||;28774,28774,28774,28774,0,0,0,0,1576.170817646561
|||;28774,28774,28774,28774,0,0,0,0,1581.170817646561
|||;28774,28774,28774,28774,0,0,0,0,1586.170817646561
|||;28774,28774,28774,28774,0,0,0,0,1591.170817646561
|||;28774,28774,28774,28774,0,0,0,0,1596.170817646561
|||;28774,28774,28774,28774,0,0,0,0,1601.170817646561
|||;28774,28774,28774,28774,0,0,0,0,1606.170817646561
|||;28774,28774,28774,28774,0,0,0,0,1611.170817646561
|||;28774,28774,28774,28774,0,0,0,0,1616.170817646561
|||;28774,28774,28774,28774,0,0,0,0,1621.170817646561
|||;28774,28774,28774,28774,0,0,0,0,1626.170817646561
|||;28774,28774,28774,28774,0,0,0,0,1631.170817646561
|||;28774,28774,28774,28774,0,0,0,0,1636.170817646561
|||;28774,28774,28774,28774,0,0,0,0,1641.170817646561
|||;28774,28774,28774,28774,0,0,0,0,1646.170817646561
|||;28774,28774,28774,28774,0,0,0,0,1651.170817646561
|||;28774,28774,28774,28774,0,0,0,0,1656.170817646561
|||;28774,28774,28774,28774,0,0,0,0,1661.170817646561
|||;28774,28774,28774,28774,0,0,0,0,1666.170817646561
|||;28774,28774,28774,28774,0,0,0,0,1671.170817646561
|||;28774,28774,28774,28774,0,0,0,0,1676.170817646561
|||;28774,28774,28774,28774,0,0,0,0,1681.170817646561
|||;28774,28774,28774,28774,0,0,0,0,1686.170817646561
126sxacu(2),|126sxacu(2),|126sxacu(2),|126sxacu(2),;27033.2,26162.8,26162.8,27903.6,4.269676384368,8.237235014999,8.237235014999,0.302117753738,1691.170817646561
|126sxacu(2),|126sxacu(2),|;28774,26162.8,26162.8,28774,0,3.237235014999,3.237235014999,0,1696.170817646561
|||;28774,28774,28774,28774,0,0,0,0,1701.170817646561
|||;28774,28774,28774,28774,0,0,0,0,1706.170817646561
|||;28774,28774,28774,28774,0,0,0,0,1711.170817646561
|||;28774,28774,28774,28774,0,0,0,0,1716.170817646561
|||;28774,28774,28774,28774,0,0,0,0,1721.170817646561
|||;28774,28774,28774,28774,0,0,0,0,1726.170817646561
|||;28774,28774,28774,28774,0,0,0,0,1731.170817646561
|||;28774,28774,28774,28774,0,0,0,0,1736.170817646561
|||;28774,28774,28774,28774,0,0,0,0,1741.170817646561
|||;28774,28774,28774,28774,0,0,0,0,1746.170817646561
|||;28774,28774,28774,28774,0,0,0,0,1751.170817646561
|||;28774,28774,28774,28774,0,0,0,0,1756.170817646561
|||;28774,28774,28774,28774,0,0,0,0,1761.170817646561
|||;28774,28774,28774,28774,0,0,0,0,1766.170817646561
|||;28774,28774,28774,28774,0,0,0,0,1771.170817646561
|||;28774,28774,28774,28774,0,0,0,0,1776.170817646561
|||;28774,28774,28774,28774,0,0,0,0,1781.170817646561
|||;28774,28774,28774,28774,0,0,0,0,1786.170817646561
|||;28774,28774,28774,28774,0,0,0,0,1791.170817646561
|||;28774,28774,28774,28774,0,0,0,0,1796.170817646561
|||;28774,28774,28774,28774,0,0,0,0,1801.170817646561
|||;28774,28774,28774,28774,0,0,0,0,1806.170817646561
|||;28774,28774,28774,28774,0,0,0,0,1811.170817646561
|||;28774,28774,28774,28774,0,0,0,0,1816.170817646561
|||;28774,28774,28774,28774,0,0,0,0,1821.170817646561
|||;28774,28774,28774,28774,0,0,0,0,1826.170817646561
|||;28774,28774,28774,28774,0,0,0,0,1831.170817646561
|||;28774,28774,28774,28774,0,0,0,0,1836.170817646561
|||;28774,28774,28774,28774,0,0,0,0,1841.170817646561
|||;28774,28774,28774,28774,0,0,0,0,1846.170817646561
|||;28774,28774,28774,28774,0,0,0,0,1851.170817646561
|||;28774,28774,28774,28774,0,0,0,0,1856.170817646561
|||;28774,28774,28774,28774,0,0,0,0,1861.170817646561
|||;28774,28774,28774,28774,0,0,0,0,1866.170817646561
|||;28774,28774,28774,28774,0,0,0,0,1871.170817646561
|||;28774,28774,28774,28774,0,0,0,0,1876.170817646561
|||;28774,28774,28774,28774,0,0,0,0,1881.170817646561
|||;28774,28774,28774,28774,0,0,0,0,1886.170817646561
|||;28774,28774,28774,28774,0,0,0,0,1891.170817646561
|||;28774,28774,28774,28774,0,0,0,0,1896.170817646561
|||;28774,28774,28774,28774,0,0,0,0,1901.170817646561
|||;28774,28774,28774,28774,0,0,0,0,1906.170817646561
|||;28774,28774,28774,28774,0,0,0,0,1911.170817646561
|||;28774,28774,28774,28774,0,0,0,0,1916.170817646561
|||;28774,28774,28774,28774,0,0,0,0,1921.170817646561
|||;28774,28774,28774,28774,0,0,0,0,1926.170817646561
|||;28774,28774,28774,28774,0,0,0,0,1931.170817646561
|||;28774,28774,28774,28774,0,0,0,0,1936.170817646561
|||;28774,28774,28774,28774,0,0,0,0,1941.170817646561
|||;28774,28774,28774,28774,0,0,0,0,1946.170817646561
|||;28774,28774,28774,28774,0,0,0,0,1951.170817646561
|||;28774,28774,28774,28774,0,0,0,0,1956.170817646561
|||;28774,28774,28774,28774,0,0,0,0,1961.170817646561
|||;28774,28774,28774,28774,0,0,0,0,1966.170817646561
|||;28774,28774,28774,28774,0,0,0,0,1971.170817646561
|||;28774,28774,28774,28774,0,0,0,0,1976.170817646561
|||;28774,28774,28774,28774,0,0,0,0,1981.170817646561
|||;28774,28774,28774,28774,0,0,0,0,1986.170817646561
|||;28774,28774,28774,28774,0,0,0,0,1991.170817646561
|||;28774,28774,28774,28774,0,0,0,0,1996.170817646561
