|||;36556,36556,36556,36556,0,0,0,0,1.147798313471
|||;36556,36556,36556,36556,0,0,0,0,6.147798313471
|||;36556,36556,36556,36556,0,0,0,0,11.147798313471
|||;36556,36556,36556,36556,0,0,0,0,16.147798313471
|||;36556,36556,36556,36556,0,0,0,0,21.147798313471
|||;36556,36556,36556,36556,0,0,0,0,26.147798313471
|||;36556,36556,36556,36556,0,0,0,0,31.147798313471
|||;36556,36556,36556,36556,0,0,0,0,36.147798313471
|||;36556,36556,36556,36556,0,0,0,0,41.147798313471
|||;36556,36556,36556,36556,0,0,0,0,46.147798313471
|||;36556,36556,36556,36556,0,0,0,0,51.147798313471
|||;36556,36556,36556,36556,0,0,0,0,56.147798313471
|||;36556,36556,36556,36556,0,0,0,0,61.147798313471
|||;36556,36556,36556,36556,0,0,0,0,66.147798313471
|||;36556,36556,36556,36556,0,0,0,0,71.147798313471
|||;36556,36556,36556,36556,0,0,0,0,76.147798313471
|||;36556,36556,36556,36556,0,0,0,0,81.147798313471
|||;36556,36556,36556,36556,0,0,0,0,86.147798313471
|573fpcbl(2),|573fpcbl(2),|573fpcbl(2),;36556,31973.6,34723,34723,0,19.087078836846,6.912261280089,6.912261280089,91.147798313471
|573fpcbl(2),|573fpcbl(2),|573fpcbl(2),;36556,31973.6,34723,34723,0,14.087078836846,1.912261280089,1.912261280089,96.147798313471
|573fpcbl(2),||;36556,31973.6,36556,36556,0,9.087078836846,0,0,101.147798313471
|573fpcbl(2),||;36556,31973.6,36556,36556,0,4.087078836846,0,0,106.147798313471
|||;36556,36556,36556,36556,0,0,0,0,111.147798313471
|||;36556,36556,36556,36556,0,0,0,0,116.147798313471
|||;36556,36556,36556,36556,0,0,0,0,121.147798313471
|||;36556,36556,36556,36556,0,0,0,0,126.147798313471
738iubfm(2),|738iubfm(2),||;35578.1,35578.1,36556,36556,0.4907921677,0.4907921677,0,0,131.147798313471
|||;36556,36556,36556,36556,0,0,0,0,136.147798313471
|||;36556,36556,36556,36556,0,0,0,0,141.147798313471
|||;36556,36556,36556,36556,0,0,0,0,146.147798313471
148lpnoe(2),|148lpnoe(2),||148lpnoe(2),;34835.7,34262.2,36556,34835.7,4.394166116625,7.008087096805,0,4.394166116625,151.147798313471
148lpnoe(3),|148lpnoe(2),|280qyclf(3),|148lpnoe(3),;34835.7,34262.2,35900.6,34835.7,0,2.008087096805,0,0,156.147798313471
148lpnoe(3),106haldp(0),|148lpnoe(3),|280qyclf(3),106haldp(0),|148lpnoe(3),106haldp(0),;34252,34262.2,34733.2,30749.9,5.308935841712,0,7.969533982253,21.272524684955,161.147798313471
148lpnoe(3),106haldp(2),|148lpnoe(3),|280qyclf(3),106haldp(2),|148lpnoe(3),106haldp(2),;34252,34262.2,34733.2,30749.9,0.308935841712,0,2.969533982253,16.272524684955,166.147798313471
148lpnoe(3),|148lpnoe(3),|280qyclf(3),|148lpnoe(3),106haldp(2),;34835.7,34262.2,35900.6,30749.9,0,0,0,11.272524684955,171.147798313471
148lpnoe(3),|148lpnoe(3),|280qyclf(3),|148lpnoe(3),106haldp(2),;34835.7,34262.2,35900.6,30749.9,0,0,0,6.272524684955,176.147798313471
148lpnoe(3),|148lpnoe(3),|280qyclf(3),|148lpnoe(3),106haldp(2),369woxpz(0),;34835.7,34262.2,35900.6,28988.6,0,0,0,14.069894994673,181.147798313471
148lpnoe(3),|148lpnoe(3),|280qyclf(3),|148lpnoe(3),106haldp(3),369woxpz(2),;34835.7,34262.2,35900.6,28988.6,0,0,0,9.069894994673,186.147798313471
148lpnoe(3),|148lpnoe(3),|280qyclf(3),|148lpnoe(3),106haldp(3),369woxpz(2),;34835.7,34262.2,35900.6,28988.6,0,0,0,4.069894994673,191.147798313471
148lpnoe(3),|148lpnoe(3),|280qyclf(3),|148lpnoe(3),106haldp(3),369woxpz(3),;34835.7,34262.2,35900.6,28988.6,0,0,0,0,196.147798313471
148lpnoe(3),|148lpnoe(3),|280qyclf(3),|148lpnoe(3),106haldp(3),369woxpz(3),;34835.7,34262.2,35900.6,28988.6,0,0,0,0,201.147798313471
148lpnoe(3),|148lpnoe(3),|280qyclf(3),|148lpnoe(3),106haldp(3),369woxpz(3),;34835.7,34262.2,35900.6,28988.6,0,0,0,0,206.147798313471
148lpnoe(3),|148lpnoe(3),|280qyclf(3),|148lpnoe(3),106haldp(3),369woxpz(3),;34835.7,34262.2,35900.6,28988.6,0,0,0,0,211.147798313471
148lpnoe(3),735dxbzj(0),|148lpnoe(3),735dxbzj(0),|280qyclf(3),735dxbzj(0),|148lpnoe(3),106haldp(3),369woxpz(3),735dxbzj(0),;32982.3,32408.8,33120.4,27135.2,8.689076731368,8.689076731368,12.792693077314,8.689076731368,216.147798313471
148lpnoe(3),735dxbzj(2),|148lpnoe(3),735dxbzj(2),384xoiqz(0),|280qyclf(3),735dxbzj(2),384xoiqz(0),|148lpnoe(3),106haldp(3),369woxpz(3),735dxbzj(2),;32982.3,31702.2,32413.8,27135.2,3.689076731368,11.634838640824,15.73845498677,3.689076731368,221.147798313471
148lpnoe(3),901isxkl(0),|148lpnoe(3),384xoiqz(2),901isxkl(0),|280qyclf(3),735dxbzj(2),384xoiqz(1),901isxkl(0),|148lpnoe(3),106haldp(3),369woxpz(3),;32454.9,30381.2,30826.6,28988.6,14.580248367584,25.854206249807,22.722862739897,0,226.147798313471
148lpnoe(3),901isxkl(2),|148lpnoe(3),901isxkl(2),|280qyclf(3),384xoiqz(2),901isxkl(1),|148lpnoe(3),106haldp(3),369woxpz(3),;32454.9,31087.8,33606.8,28988.6,9.580248367584,20.854206249807,17.722862739897,0,231.147798313471
901isxkl(2),|901isxkl(2),|280qyclf(3),901isxkl(2),|106haldp(3),369woxpz(3),;34175.2,33381.6,34313.4,30708.9,4.580248367584,15.854206249807,12.722862739897,0,236.147798313471
901isxkl(3),369vzkxh(0),|901isxkl(2),369vzkxh(0),|280qyclf(3),901isxkl(3),|106haldp(3),369woxpz(3),;33391.8,32598.2,34313.4,30708.9,7.937556217439,19.211514099662,7.722862739897,0,241.147798313471
901isxkl(3),369vzkxh(2),|901isxkl(3),369vzkxh(2),|280qyclf(3),901isxkl(3),|106haldp(3),;33391.8,32598.2,34313.4,32470.2,2.937556217439,14.211514099662,2.722862739897,0,246.147798313471
901isxkl(3),|901isxkl(3),|280qyclf(3),901isxkl(3),|106haldp(3),;34175.2,33381.6,34313.4,32470.2,0,9.211514099662,0,0,251.147798313471
901isxkl(3),|901isxkl(3),|280qyclf(3),901isxkl(3),|106haldp(3),;34175.2,33381.6,34313.4,32470.2,0,4.211514099662,0,0,256.147798313471
901isxkl(3),|901isxkl(3),|280qyclf(3),901isxkl(3),|106haldp(3),;34175.2,33381.6,34313.4,32470.2,0,0,0,0,261.147798313471
901isxkl(3),|901isxkl(3),|280qyclf(3),901isxkl(3),|106haldp(3),;34175.2,33381.6,34313.4,32470.2,0,0,0,0,266.147798313471
901isxkl(3),|901isxkl(3),|280qyclf(3),901isxkl(3),|106haldp(3),;34175.2,33381.6,34313.4,32470.2,0,0,0,0,271.147798313471
901isxkl(3),|901isxkl(3),|280qyclf(3),901isxkl(3),|;34175.2,33381.6,34313.4,36556,0,0,0,0,276.147798313471
901isxkl(3),|901isxkl(3),|280qyclf(3),901isxkl(3),|;34175.2,33381.6,34313.4,36556,0,0,0,0,281.147798313471
901isxkl(3),|901isxkl(3),|280qyclf(3),901isxkl(3),|;34175.2,33381.6,34313.4,36556,0,0,0,0,286.147798313471
901isxkl(3),|901isxkl(3),|280qyclf(3),901isxkl(3),|;34175.2,33381.6,34313.4,36556,0,0,0,0,291.147798313471
901isxkl(3),|901isxkl(3),|280qyclf(3),901isxkl(3),|;34175.2,33381.6,34313.4,36556,0,0,0,0,296.147798313471
901isxkl(3),|901isxkl(3),|280qyclf(3),901isxkl(3),|;34175.2,33381.6,34313.4,36556,0,0,0,0,301.147798313471
901isxkl(3),|901isxkl(3),|280qyclf(3),901isxkl(3),|;34175.2,33381.6,34313.4,36556,0,0,0,0,306.147798313471
901isxkl(3),|901isxkl(3),|280qyclf(3),901isxkl(3),|;34175.2,33381.6,34313.4,36556,0,0,0,0,311.147798313471
901isxkl(3),67yfevb(2),|901isxkl(3),|280qyclf(3),901isxkl(3),|67yfevb(2),;32332,33381.6,34313.4,33791.2,8.376351965069,0,0,12.577296397501,316.147798313471
901isxkl(3),67yfevb(2),|901isxkl(3),|280qyclf(3),901isxkl(3),|67yfevb(2),;32332,33381.6,34313.4,33791.2,3.376351965069,0,0,7.577296397501,321.147798313471
901isxkl(3),67yfevb(3),|901isxkl(3),|280qyclf(3),901isxkl(3),|67yfevb(2),;32332,33381.6,34313.4,33791.2,0,0,0,2.577296397501,326.147798313471
901isxkl(3),67yfevb(3),|901isxkl(3),|280qyclf(3),901isxkl(3),|67yfevb(3),;32332,33381.6,34313.4,33791.2,0,0,0,0,331.147798313471
901isxkl(3),67yfevb(3),|901isxkl(3),|280qyclf(3),901isxkl(3),|67yfevb(3),;32332,33381.6,34313.4,33791.2,0,0,0,0,336.147798313471
901isxkl(3),67yfevb(3),|901isxkl(3),|280qyclf(3),901isxkl(3),|67yfevb(3),;32332,33381.6,34313.4,33791.2,0,0,0,0,341.147798313471
901isxkl(3),67yfevb(3),|901isxkl(3),|280qyclf(3),901isxkl(3),|67yfevb(3),;32332,33381.6,34313.4,33791.2,0,0,0,0,346.147798313471
901isxkl(3),67yfevb(3),|901isxkl(3),|280qyclf(3),901isxkl(3),|67yfevb(3),;32332,33381.6,34313.4,33791.2,0,0,0,0,351.147798313471
901isxkl(3),67yfevb(3),|901isxkl(3),|280qyclf(3),901isxkl(3),|67yfevb(3),;32332,33381.6,34313.4,33791.2,0,0,0,0,356.147798313471
901isxkl(3),67yfevb(3),|901isxkl(3),|280qyclf(3),901isxkl(3),|67yfevb(3),;32332,33381.6,34313.4,33791.2,0,0,0,0,361.147798313471
67yfevb(3),265eqgbt(2),|901isxkl(3),265eqgbt(2),|280qyclf(3),901isxkl(3),265eqgbt(2),|67yfevb(3),265eqgbt(2),;33647.8,32316.6,32716,32726.2,4.071658495475,4.071658495475,6.498870834213,4.071658495475,366.147798313471
67yfevb(3),|901isxkl(3),|280qyclf(3),901isxkl(3),265eqgbt(2),|67yfevb(3),;34712.8,33381.6,32716,33791.2,0,0,1.498870834213,0,371.147798313471
67yfevb(3),|901isxkl(3),|280qyclf(3),901isxkl(3),|67yfevb(3),;34712.8,33381.6,34313.4,33791.2,0,0,0,0,376.147798313471
67yfevb(3),|901isxkl(3),|280qyclf(3),901isxkl(3),|67yfevb(3),;34712.8,33381.6,34313.4,33791.2,0,0,0,0,381.147798313471
67yfevb(3),|901isxkl(3),|280qyclf(3),901isxkl(3),|67yfevb(3),;34712.8,33381.6,34313.4,33791.2,0,0,0,0,386.147798313471
67yfevb(3),|901isxkl(3),|280qyclf(3),901isxkl(3),|67yfevb(3),;34712.8,33381.6,34313.4,33791.2,0,0,0,0,391.147798313471
67yfevb(3),|901isxkl(3),|280qyclf(3),901isxkl(3),|67yfevb(3),;34712.8,33381.6,34313.4,33791.2,0,0,0,0,396.147798313471
67yfevb(3),|901isxkl(3),|280qyclf(3),901isxkl(3),|67yfevb(3),;34712.8,33381.6,34313.4,33791.2,0,0,0,0,401.147798313471
67yfevb(3),|901isxkl(3),|280qyclf(3),901isxkl(3),|67yfevb(3),216dyizf(0),;34712.8,33381.6,34313.4,33151.2,0,0,0,4.539957603267,406.147798313471
67yfevb(3),|901isxkl(3),|280qyclf(3),901isxkl(3),|67yfevb(3),216dyizf(3),;34712.8,33381.6,34313.4,33151.2,0,0,0,0,411.147798313471
67yfevb(3),|901isxkl(3),|280qyclf(3),901isxkl(3),|67yfevb(3),216dyizf(3),;34712.8,33381.6,34313.4,33151.2,0,0,0,0,416.147798313471
67yfevb(3),|901isxkl(3),|280qyclf(3),901isxkl(3),|67yfevb(3),216dyizf(3),;34712.8,33381.6,34313.4,33151.2,0,0,0,0,421.147798313471
|901isxkl(3),|280qyclf(3),901isxkl(3),|216dyizf(3),;36556,33381.6,34313.4,35916,0,0,0,0,426.147798313471
|901isxkl(3),|280qyclf(3),901isxkl(3),|216dyizf(3),;36556,33381.6,34313.4,35916,0,0,0,0,431.147798313471
|901isxkl(3),|280qyclf(3),901isxkl(3),|216dyizf(3),;36556,33381.6,34313.4,35916,0,0,0,0,436.147798313471
|901isxkl(3),|280qyclf(3),901isxkl(3),|216dyizf(3),;36556,33381.6,34313.4,35916,0,0,0,0,441.147798313471
|901isxkl(3),|280qyclf(3),901isxkl(3),|216dyizf(3),;36556,33381.6,34313.4,35916,0,0,0,0,446.147798313471
|901isxkl(3),|280qyclf(3),901isxkl(3),|216dyizf(3),;36556,33381.6,34313.4,35916,0,0,0,0,451.147798313471
|901isxkl(3),|280qyclf(3),901isxkl(3),|216dyizf(3),;36556,33381.6,34313.4,35916,0,0,0,0,456.147798313471
||280qyclf(3),|216dyizf(3),;36556,36556,35900.6,35916,0,0,0,0,461.147798313471
||280qyclf(3),|216dyizf(3),;36556,36556,35900.6,35916,0,0,0,0,466.147798313471
||280qyclf(3),|216dyizf(3),;36556,36556,35900.6,35916,0,0,0,0,471.147798313471
||280qyclf(3),|216dyizf(3),;36556,36556,35900.6,35916,0,0,0,0,476.147798313471
||280qyclf(3),|216dyizf(3),;36556,36556,35900.6,35916,0,0,0,0,481.147798313471
||280qyclf(3),|216dyizf(3),;36556,36556,35900.6,35916,0,0,0,0,486.147798313471
||280qyclf(3),|216dyizf(3),;36556,36556,35900.6,35916,0,0,0,0,491.147798313471
||280qyclf(3),|216dyizf(3),;36556,36556,35900.6,35916,0,0,0,0,496.147798313471
||280qyclf(3),|216dyizf(3),;36556,36556,35900.6,35916,0,0,0,0,501.147798313471
||280qyclf(3),|216dyizf(3),;36556,36556,35900.6,35916,0,0,0,0,506.147798313471
607kjicb(2),976ajxio(0),|607kjicb(2),|280qyclf(3),607kjicb(2),976ajxio(0),|216dyizf(3),;33422.6,35762.4,30468.3,35916,18.130534607942,3.703908224703,28.609557108843,0,511.147798313471
607kjicb(2),976ajxio(1),||280qyclf(3),607kjicb(2),976ajxio(1),|216dyizf(3),;33422.6,36556,30468.3,35916,13.130534607942,0,23.609557108843,0,516.147798313471
607kjicb(2),976ajxio(1),||280qyclf(3),607kjicb(2),976ajxio(1),|216dyizf(3),;33422.6,36556,30468.3,35916,8.130534607942,0,18.609557108843,0,521.147798313471
976ajxio(3),||280qyclf(3),607kjicb(3),976ajxio(2),|216dyizf(3),;35803.4,36556,30468.3,35916,3.130534607942,0,13.609557108843,0,526.147798313471
976ajxio(3),||280qyclf(3),607kjicb(3),976ajxio(2),|216dyizf(3),;35803.4,36556,30468.3,35916,0,0,8.609557108843,0,531.147798313471
976ajxio(3),||280qyclf(3),607kjicb(3),976ajxio(3),|216dyizf(3),;35803.4,36556,30468.3,35916,0,0,3.609557108843,0,536.147798313471
976ajxio(3),||280qyclf(3),607kjicb(3),976ajxio(3),|216dyizf(3),;35803.4,36556,30468.3,35916,0,0,0,0,541.147798313471
976ajxio(3),||280qyclf(3),607kjicb(3),976ajxio(3),|216dyizf(3),;35803.4,36556,30468.3,35916,0,0,0,0,546.147798313471
976ajxio(3),||280qyclf(3),607kjicb(3),976ajxio(3),|216dyizf(3),;35803.4,36556,30468.3,35916,0,0,0,0,551.147798313471
976ajxio(3),||280qyclf(3),607kjicb(3),976ajxio(3),|216dyizf(3),;35803.4,36556,30468.3,35916,0,0,0,0,556.147798313471
976ajxio(3),||280qyclf(3),607kjicb(3),976ajxio(3),|216dyizf(3),;35803.4,36556,30468.3,35916,0,0,0,0,561.147798313471
976ajxio(3),||280qyclf(3),607kjicb(3),976ajxio(3),|216dyizf(3),;35803.4,36556,30468.3,35916,0,0,0,0,566.147798313471
976ajxio(3),||280qyclf(3),607kjicb(3),976ajxio(3),|216dyizf(3),368vqxbd(0),;35803.4,36556,30468.3,35127.5,0,0,0,5.699502876784,571.147798313471
976ajxio(3),||280qyclf(3),607kjicb(3),976ajxio(3),|216dyizf(3),368vqxbd(2),;35803.4,36556,30468.3,35127.5,0,0,0,0.699502876784,576.147798313471
976ajxio(3),||280qyclf(3),607kjicb(3),976ajxio(3),|216dyizf(3),368vqxbd(3),;35803.4,36556,30468.3,35127.5,0,0,0,0,581.147798313471
||280qyclf(3),607kjicb(3),976ajxio(3),|368vqxbd(3),;36556,36556,30468.3,35767.5,0,0,0,0,586.147798313471
185gexvm(0),|185gexvm(0),|280qyclf(3),607kjicb(3),976ajxio(3),185gexvm(0),|368vqxbd(3),185gexvm(0),;33530.1,34538.7,28451,33750.2,17.829055873944,13.231355578449,13.231355578449,13.231355578449,591.147798313471
185gexvm(2),|185gexvm(2),|280qyclf(3),607kjicb(3),976ajxio(3),185gexvm(2),|368vqxbd(3),185gexvm(2),;33530.1,34538.7,28451,33750.2,12.829055873944,8.231355578449,8.231355578449,8.231355578449,596.147798313471
185gexvm(2),|185gexvm(2),|280qyclf(3),607kjicb(3),976ajxio(3),185gexvm(2),|368vqxbd(3),185gexvm(2),;33530.1,34538.7,28451,33750.2,7.829055873944,3.231355578449,3.231355578449,3.231355578449,601.147798313471
185gexvm(2),|185gexvm(3),607hanmt(2),|280qyclf(3),976ajxio(3),185gexvm(3),607hanmt(2),|368vqxbd(3),185gexvm(3),;33530.1,33873.1,30959.8,33750.2,2.829055873944,6.315741742485,6.315741742485,0,606.147798313471
185gexvm(3),|185gexvm(3),|280qyclf(3),976ajxio(3),185gexvm(3),|368vqxbd(3),185gexvm(3),;33530.1,34538.7,31625.4,33750.2,0,1.315741742485,1.315741742485,0,611.147798313471
185gexvm(3),|185gexvm(3),|280qyclf(3),976ajxio(3),185gexvm(3),|368vqxbd(3),185gexvm(3),;33530.1,34538.7,31625.4,33750.2,0,0,0,0,616.147798313471
185gexvm(3),|185gexvm(3),|280qyclf(3),976ajxio(3),185gexvm(3),|368vqxbd(3),185gexvm(3),;33530.1,34538.7,31625.4,33750.2,0,0,0,0,621.147798313471
185gexvm(3),|185gexvm(3),|280qyclf(3),976ajxio(3),185gexvm(3),|368vqxbd(3),185gexvm(3),;33530.1,34538.7,31625.4,33750.2,0,0,0,0,626.147798313471
185gexvm(3),|185gexvm(3),|280qyclf(3),976ajxio(3),185gexvm(3),|368vqxbd(3),185gexvm(3),;33530.1,34538.7,31625.4,33750.2,0,0,0,0,631.147798313471
185gexvm(3),|185gexvm(3),|280qyclf(3),976ajxio(3),185gexvm(3),|368vqxbd(3),185gexvm(3),;33530.1,34538.7,31625.4,33750.2,0,0,0,0,636.147798313471
185gexvm(3),|185gexvm(3),|280qyclf(3),976ajxio(3),185gexvm(3),|368vqxbd(3),185gexvm(3),;33530.1,34538.7,31625.4,33750.2,0,0,0,0,641.147798313471
185gexvm(3),976yagwp(0),|185gexvm(3),976yagwp(0),|280qyclf(3),976ajxio(3),185gexvm(3),976yagwp(0),|368vqxbd(3),185gexvm(3),976yagwp(0),;31758.6,32767.2,30739.6,32864.4,11.500857655415,11.500857655415,7.463283284244,7.463283284244,646.147798313471
185gexvm(3),976yagwp(2),|185gexvm(3),976yagwp(2),|280qyclf(3),185gexvm(3),976yagwp(2),|368vqxbd(3),185gexvm(3),976yagwp(2),;31758.6,32767.2,32997.5,32864.4,6.500857655415,6.500857655415,2.463283284244,2.463283284244,651.147798313471
185gexvm(3),976yagwp(2),|185gexvm(3),976yagwp(2),|280qyclf(3),185gexvm(3),|368vqxbd(3),185gexvm(3),;31758.6,32767.2,33883.3,33750.2,1.500857655415,1.500857655415,0,0,656.147798313471
185gexvm(3),|185gexvm(3),|280qyclf(3),185gexvm(3),|368vqxbd(3),185gexvm(3),;33530.1,34538.7,33883.3,33750.2,0,0,0,0,661.147798313471
185gexvm(3),|185gexvm(3),|280qyclf(3),185gexvm(3),|368vqxbd(3),185gexvm(3),;33530.1,34538.7,33883.3,33750.2,0,0,0,0,666.147798313471
185gexvm(3),|185gexvm(3),|280qyclf(3),185gexvm(3),|368vqxbd(3),185gexvm(3),;33530.1,34538.7,33883.3,33750.2,0,0,0,0,671.147798313471
185gexvm(3),|185gexvm(3),|280qyclf(3),185gexvm(3),|368vqxbd(3),185gexvm(3),;33530.1,34538.7,33883.3,33750.2,0,0,0,0,676.147798313471
185gexvm(3),|185gexvm(3),|280qyclf(3),185gexvm(3),|368vqxbd(3),185gexvm(3),;33530.1,34538.7,33883.3,33750.2,0,0,0,0,681.147798313471
185gexvm(3),|185gexvm(3),|280qyclf(3),185gexvm(3),|368vqxbd(3),185gexvm(3),;33530.1,34538.7,33883.3,33750.2,0,0,0,0,686.147798313471
185gexvm(3),|185gexvm(3),|280qyclf(3),185gexvm(3),|368vqxbd(3),185gexvm(3),;33530.1,34538.7,33883.3,33750.2,0,0,0,0,691.147798313471
||280qyclf(3),|368vqxbd(3),;36556,36556,35900.6,35767.5,0,0,0,0,696.147798313471
||280qyclf(3),|368vqxbd(3),;36556,36556,35900.6,35767.5,0,0,0,0,701.147798313471
||280qyclf(3),|368vqxbd(3),;36556,36556,35900.6,35767.5,0,0,0,0,706.147798313471
||280qyclf(3),|368vqxbd(3),;36556,36556,35900.6,35767.5,0,0,0,0,711.147798313471
||280qyclf(3),|368vqxbd(3),;36556,36556,35900.6,35767.5,0,0,0,0,716.147798313471
||280qyclf(3),|368vqxbd(3),;36556,36556,35900.6,35767.5,0,0,0,0,721.147798313471
||280qyclf(3),|368vqxbd(3),;36556,36556,35900.6,35767.5,0,0,0,0,726.147798313471
||280qyclf(3),|368vqxbd(3),;36556,36556,35900.6,35767.5,0,0,0,0,731.147798313471
12ycvtq(2),534rdgmy(0),|12ycvtq(2),|280qyclf(3),12ycvtq(2),|368vqxbd(3),12ycvtq(2),;34318.6,34559.2,33903.8,34436.3,15.383642293397,8.327755564255,8.327755564255,5.380406807499,736.147798313471
12ycvtq(2),534rdgmy(1),|12ycvtq(2),|280qyclf(3),12ycvtq(2),|368vqxbd(3),12ycvtq(2),;34318.6,34559.2,33903.8,34436.3,10.383642293397,3.327755564255,3.327755564255,0.380406807499,741.147798313471
534rdgmy(3),71oqhuj(0),|71oqhuj(0),|280qyclf(3),|368vqxbd(3),71oqhuj(0),;34774.3,35680.5,35900.6,34892,16.084303621485,9.028416892343,0,7.616683014617,746.147798313471
534rdgmy(3),71oqhuj(2),665gwxjs(0),|71oqhuj(2),|280qyclf(3),|368vqxbd(3),71oqhuj(2),;34170.1,35680.5,35900.6,34892,18.207490314715,4.028416892343,0,2.616683014617,751.147798313471
534rdgmy(3),71oqhuj(3),665gwxjs(2),|71oqhuj(3),|280qyclf(3),|368vqxbd(3),71oqhuj(3),;34170.1,35680.5,35900.6,34892,13.207490314715,0,0,0,756.147798313471
534rdgmy(3),71oqhuj(3),665gwxjs(3),|71oqhuj(3),|280qyclf(3),757ueayh(0),|368vqxbd(3),71oqhuj(3),;34170.1,35680.5,35142.8,34892,8.207490314715,0,8.774978269492,0,761.147798313471
534rdgmy(3),71oqhuj(3),665gwxjs(3),|71oqhuj(3),|280qyclf(3),757ueayh(0),|368vqxbd(3),71oqhuj(3),;34170.1,35680.5,35142.8,34892,3.207490314715,0,3.774978269492,0,766.147798313471
534rdgmy(3),71oqhuj(3),665gwxjs(3),|71oqhuj(3),|280qyclf(3),757ueayh(3),|368vqxbd(3),71oqhuj(3),;34170.1,35680.5,35142.8,34892,0,0,0,0,771.147798313471
534rdgmy(3),71oqhuj(3),665gwxjs(3),|71oqhuj(3),|280qyclf(3),757ueayh(3),|368vqxbd(3),71oqhuj(3),;34170.1,35680.5,35142.8,34892,0,0,0,0,776.147798313471
534rdgmy(3),71oqhuj(3),665gwxjs(3),|71oqhuj(3),|280qyclf(3),757ueayh(3),|368vqxbd(3),71oqhuj(3),;34170.1,35680.5,35142.8,34892,0,0,0,0,781.147798313471
534rdgmy(3),71oqhuj(3),665gwxjs(3),|71oqhuj(3),|280qyclf(3),757ueayh(3),|368vqxbd(3),71oqhuj(3),;34170.1,35680.5,35142.8,34892,0,0,0,0,786.147798313471
534rdgmy(3),71oqhuj(3),665gwxjs(3),|71oqhuj(3),|280qyclf(3),757ueayh(3),|368vqxbd(3),71oqhuj(3),;34170.1,35680.5,35142.8,34892,0,0,0,0,791.147798313471
534rdgmy(3),71oqhuj(3),665gwxjs(3),|71oqhuj(3),|280qyclf(3),757ueayh(3),|368vqxbd(3),71oqhuj(3),;34170.1,35680.5,35142.8,34892,0,0,0,0,796.147798313471
534rdgmy(3),71oqhuj(3),665gwxjs(3),|71oqhuj(3),|280qyclf(3),757ueayh(3),|368vqxbd(3),71oqhuj(3),;34170.1,35680.5,35142.8,34892,0,0,0,0,801.147798313471
534rdgmy(3),71oqhuj(3),665gwxjs(3),649jtxmy(0),|71oqhuj(3),649jtxmy(0),|280qyclf(3),757ueayh(3),649jtxmy(0),|368vqxbd(3),71oqhuj(3),649jtxmy(0),;33622.3,34037,32951.4,33796.3,5.029230813155,10.023686971713,12.520915050992,7.526458892434,806.147798313471
534rdgmy(3),71oqhuj(3),665gwxjs(3),|71oqhuj(3),649jtxmy(2),|280qyclf(3),757ueayh(3),649jtxmy(2),|368vqxbd(3),71oqhuj(3),649jtxmy(2),;34170.1,34037,32951.4,33796.3,0.029230813155,5.023686971713,7.520915050992,2.526458892434,811.147798313471
534rdgmy(3),71oqhuj(3),665gwxjs(3),|71oqhuj(3),649jtxmy(3),|280qyclf(3),757ueayh(3),649jtxmy(2),|368vqxbd(3),71oqhuj(3),649jtxmy(3),;34170.1,34037,32951.4,33796.3,0,0.023686971713,2.520915050992,0,816.147798313471
534rdgmy(3),71oqhuj(3),665gwxjs(3),|71oqhuj(3),649jtxmy(3),|280qyclf(3),757ueayh(3),649jtxmy(3),|368vqxbd(3),71oqhuj(3),649jtxmy(3),;34170.1,34037,32951.4,33796.3,0,0,0,0,821.147798313471
71oqhuj(3),665gwxjs(3),|71oqhuj(3),649jtxmy(3),|280qyclf(3),757ueayh(3),649jtxmy(3),|368vqxbd(3),71oqhuj(3),649jtxmy(3),;35076.3,34037,32951.4,33796.3,0,0,0,0,826.147798313471
665gwxjs(3),|649jtxmy(3),|280qyclf(3),757ueayh(3),649jtxmy(3),|368vqxbd(3),649jtxmy(3),;35951.8,34912.5,32951.4,34671.8,0,0,0,0,831.147798313471
665gwxjs(3),|649jtxmy(3),|280qyclf(3),757ueayh(3),649jtxmy(3),|368vqxbd(3),649jtxmy(3),;35951.8,34912.5,32951.4,34671.8,0,0,0,0,836.147798313471
665gwxjs(3),|649jtxmy(3),|280qyclf(3),757ueayh(3),649jtxmy(3),|368vqxbd(3),649jtxmy(3),;35951.8,34912.5,32951.4,34671.8,0,0,0,0,841.147798313471
665gwxjs(3),|649jtxmy(3),|280qyclf(3),757ueayh(3),649jtxmy(3),|368vqxbd(3),649jtxmy(3),;35951.8,34912.5,32951.4,34671.8,0,0,0,0,846.147798313471
665gwxjs(3),|649jtxmy(3),|280qyclf(3),649jtxmy(3),|368vqxbd(3),649jtxmy(3),;35951.8,34912.5,33709.2,34671.8,0,0,0,0,851.147798313471
665gwxjs(3),|649jtxmy(3),|280qyclf(3),649jtxmy(3),|368vqxbd(3),649jtxmy(3),;35951.8,34912.5,33709.2,34671.8,0,0,0,0,856.147798313471
665gwxjs(3),|649jtxmy(3),|280qyclf(3),649jtxmy(3),|368vqxbd(3),649jtxmy(3),;35951.8,34912.5,33709.2,34671.8,0,0,0,0,861.147798313471
665gwxjs(3),|649jtxmy(3),|280qyclf(3),649jtxmy(3),|368vqxbd(3),649jtxmy(3),;35951.8,34912.5,33709.2,34671.8,0,0,0,0,866.147798313471
665gwxjs(3),|649jtxmy(3),|280qyclf(3),649jtxmy(3),|368vqxbd(3),649jtxmy(3),;35951.8,34912.5,33709.2,34671.8,0,0,0,0,871.147798313471
665gwxjs(3),765wpret(0),|649jtxmy(3),|280qyclf(3),649jtxmy(3),|368vqxbd(3),649jtxmy(3),;35168.4,34912.5,33709.2,34671.8,6.568770787721,0,0,0,876.147798313471
665gwxjs(3),765wpret(2),|649jtxmy(3),|280qyclf(3),649jtxmy(3),|368vqxbd(3),649jtxmy(3),;35168.4,34912.5,33709.2,34671.8,1.568770787721,0,0,0,881.147798313471
665gwxjs(3),765wpret(3),|649jtxmy(3),|280qyclf(3),649jtxmy(3),|368vqxbd(3),649jtxmy(3),;35168.4,34912.5,33709.2,34671.8,0,0,0,0,886.147798313471
665gwxjs(3),765wpret(3),|649jtxmy(3),|280qyclf(3),649jtxmy(3),75owfry(2),|368vqxbd(3),649jtxmy(3),75owfry(2),;35168.4,34912.5,30002.3,31891.6,0,0,16.766311822784,12.542028810172,891.147798313471
665gwxjs(3),765wpret(3),|649jtxmy(3),|280qyclf(3),649jtxmy(3),75owfry(2),|368vqxbd(3),649jtxmy(3),75owfry(2),;35168.4,34912.5,30002.3,31891.6,0,0,11.766311822784,7.542028810172,896.147798313471
665gwxjs(3),765wpret(3),|649jtxmy(3),|280qyclf(3),649jtxmy(3),75owfry(2),|368vqxbd(3),649jtxmy(3),75owfry(2),;35168.4,34912.5,30002.3,31891.6,0,0,6.766311822784,2.542028810172,901.147798313471
665gwxjs(3),765wpret(3),|649jtxmy(3),|280qyclf(3),649jtxmy(3),75owfry(2),|368vqxbd(3),649jtxmy(3),75owfry(3),;35168.4,34912.5,30002.3,31891.6,0,0,1.766311822784,0,906.147798313471
665gwxjs(3),765wpret(3),649aofsq(0),|649jtxmy(3),649aofsq(0),|280qyclf(3),649jtxmy(3),75owfry(3),649aofsq(0),|368vqxbd(3),649jtxmy(3),75owfry(3),649aofsq(0),;33402,34323.7,28235.9,30125.2,10.423258514864,5.055385073422,10.423258514864,10.423258514864,911.147798313471
665gwxjs(3),765wpret(3),649aofsq(2),||280qyclf(3),75owfry(3),649aofsq(2),|368vqxbd(3),75owfry(3),649aofsq(2),;33402,36556,30427.3,31220.9,5.423258514864,0.055385073422,5.423258514864,5.423258514864,916.147798313471
665gwxjs(3),765wpret(3),649aofsq(2),||280qyclf(3),75owfry(3),649aofsq(2),|368vqxbd(3),75owfry(3),649aofsq(2),;33402,36556,30427.3,31220.9,0.423258514864,0,0.423258514864,0.423258514864,921.147798313471
665gwxjs(3),765wpret(3),||280qyclf(3),75owfry(3),|368vqxbd(3),75owfry(3),;35168.4,36556,32193.7,32987.3,0,0,0,0,926.147798313471
665gwxjs(3),765wpret(3),||280qyclf(3),75owfry(3),|368vqxbd(3),75owfry(3),;35168.4,36556,32193.7,32987.3,0,0,0,0,931.147798313471
665gwxjs(3),765wpret(3),||280qyclf(3),75owfry(3),|368vqxbd(3),75owfry(3),;35168.4,36556,32193.7,32987.3,0,0,0,0,936.147798313471
665gwxjs(3),765wpret(3),||280qyclf(3),75owfry(3),|368vqxbd(3),75owfry(3),;35168.4,36556,32193.7,32987.3,0,0,0,0,941.147798313471
665gwxjs(3),765wpret(3),||280qyclf(3),75owfry(3),|368vqxbd(3),75owfry(3),;35168.4,36556,32193.7,32987.3,0,0,0,0,946.147798313471
665gwxjs(3),765wpret(3),||280qyclf(3),75owfry(3),|368vqxbd(3),75owfry(3),;35168.4,36556,32193.7,32987.3,0,0,0,0,951.147798313471
665gwxjs(3),765wpret(3),||280qyclf(3),75owfry(3),|368vqxbd(3),75owfry(3),;35168.4,36556,32193.7,32987.3,0,0,0,0,956.147798313471
765wpret(3),||280qyclf(3),75owfry(3),|368vqxbd(3),75owfry(3),;35772.6,36556,32193.7,32987.3,0,0,0,0,961.147798313471
765wpret(3),||280qyclf(3),75owfry(3),|368vqxbd(3),75owfry(3),;35772.6,36556,32193.7,32987.3,0,0,0,0,966.147798313471
765wpret(3),||280qyclf(3),75owfry(3),|368vqxbd(3),75owfry(3),;35772.6,36556,32193.7,32987.3,0,0,0,0,971.147798313471
765wpret(3),||280qyclf(3),75owfry(3),|368vqxbd(3),75owfry(3),;35772.6,36556,32193.7,32987.3,0,0,0,0,976.147798313471
765wpret(3),||280qyclf(3),75owfry(3),|368vqxbd(3),75owfry(3),;35772.6,36556,32193.7,32987.3,0,0,0,0,981.147798313471
765wpret(3),||280qyclf(3),75owfry(3),|368vqxbd(3),75owfry(3),;35772.6,36556,32193.7,32987.3,0,0,0,0,986.147798313471
765wpret(3),||280qyclf(3),75owfry(3),|368vqxbd(3),75owfry(3),;35772.6,36556,32193.7,32987.3,0,0,0,0,991.147798313471
765wpret(3),||280qyclf(3),75owfry(3),|368vqxbd(3),75owfry(3),;35772.6,36556,32193.7,32987.3,0,0,0,0,996.147798313471
765wpret(3),||280qyclf(3),75owfry(3),|368vqxbd(3),75owfry(3),;35772.6,36556,32193.7,32987.3,0,0,0,0,1001.147798313471
765wpret(3),||280qyclf(3),75owfry(3),|368vqxbd(3),75owfry(3),83wsqif(2),;35772.6,36556,32193.7,32296.1,0,0,0,1.601560801419,1006.147798313471
765wpret(3),||280qyclf(3),75owfry(3),|368vqxbd(3),75owfry(3),;35772.6,36556,32193.7,32987.3,0,0,0,0,1011.147798313471
765wpret(3),828culem(2),|828culem(2),|280qyclf(3),75owfry(3),828culem(2),|368vqxbd(3),75owfry(3),828culem(2),;34185.4,34175.2,31400.1,30606.5,7.240391335303,10.857871263231,3.622911407375,10.857871263231,1016.147798313471
765wpret(3),828culem(2),765yertp(0),|828culem(2),765yertp(0),|280qyclf(3),75owfry(3),828culem(3),|368vqxbd(3),75owfry(3),828culem(2),765yertp(0),;33350.8,33340.6,31400.1,24764.6,12.967532994886,16.585012922814,0,40.062144339031,1021.147798313471
765wpret(3),828culem(3),765yertp(2),|828culem(2),765yertp(1),|280qyclf(3),75owfry(3),828culem(3),|368vqxbd(3),75owfry(3),828culem(2),765yertp(0),;33350.8,33340.6,31400.1,24764.6,7.967532994886,11.585012922814,0,35.062144339031,1026.147798313471
765wpret(3),828culem(3),765yertp(3),|828culem(3),765yertp(3),|280qyclf(3),75owfry(3),828culem(3),|368vqxbd(3),75owfry(3),828culem(3),765yertp(2),;33350.8,33340.6,31400.1,24764.6,2.967532994886,6.585012922814,0,30.062144339031,1031.147798313471
765wpret(3),828culem(3),765yertp(3),315jpsgr(0),|828culem(3),765yertp(3),315jpsgr(0),|280qyclf(3),75owfry(3),828culem(3),315jpsgr(0),|368vqxbd(3),75owfry(3),828culem(3),765yertp(2),315jpsgr(0),;31430.8,32060.6,30120.1,22844.6,10.287428105554,11.070918844292,6.412573608007,37.382039449698,1036.147798313471
765wpret(3),828culem(3),765yertp(3),315jpsgr(2),|828culem(3),765yertp(3),315jpsgr(2),|280qyclf(3),75owfry(3),828culem(3),315jpsgr(2),|368vqxbd(3),75owfry(3),828culem(3),765yertp(2),315jpsgr(1),;31430.8,32060.6,30120.1,22844.6,5.287428105554,6.070918844292,1.412573608007,32.382039449698,1041.147798313471
765wpret(3),828culem(3),765yertp(3),318glcqm(2),|828culem(3),765yertp(3),315jpsgr(3),|280qyclf(3),75owfry(3),828culem(3),318glcqm(2),|368vqxbd(3),75owfry(3),828culem(3),765yertp(2),315jpsgr(1),;32593,32060.6,29884.6,22844.6,8.048705414524,1.070918844292,7.529294116977,27.382039449698,1046.147798313471
765wpret(3),828culem(3),765yertp(3),|828culem(3),765yertp(3),315jpsgr(3),|280qyclf(3),75owfry(3),828culem(3),318glcqm(2),|368vqxbd(3),75owfry(3),828culem(3),765yertp(2),315jpsgr(1),;33350.8,32060.6,29884.6,22844.6,3.048705414524,0,2.529294116977,22.382039449698,1051.147798313471
765wpret(3),828culem(3),765yertp(3),|828culem(3),765yertp(3),315jpsgr(3),|280qyclf(3),75owfry(3),828culem(3),|368vqxbd(3),75owfry(3),828culem(3),765yertp(3),315jpsgr(2),;33350.8,32060.6,31400.1,22844.6,0,0,0,17.382039449698,1056.147798313471
765wpret(3),828culem(3),765yertp(3),|828culem(3),765yertp(3),315jpsgr(3),|280qyclf(3),75owfry(3),828culem(3),|368vqxbd(3),75owfry(3),828culem(3),765yertp(3),315jpsgr(2),;33350.8,32060.6,31400.1,22844.6,0,0,0,12.382039449698,1061.147798313471
765wpret(3),828culem(3),765yertp(3),|828culem(3),765yertp(3),315jpsgr(3),|280qyclf(3),75owfry(3),828culem(3),|75owfry(3),828culem(3),765yertp(3),315jpsgr(3),;33350.8,32060.6,31400.1,23633.1,0,0,0,7.382039449698,1066.147798313471
765wpret(3),828culem(3),765yertp(3),|828culem(3),765yertp(3),315jpsgr(3),|280qyclf(3),75owfry(3),828culem(3),|75owfry(3),828culem(3),765yertp(3),315jpsgr(3),;33350.8,32060.6,31400.1,23633.1,0,0,0,2.382039449698,1071.147798313471
765wpret(3),828culem(3),765yertp(3),|828culem(3),765yertp(3),315jpsgr(3),|280qyclf(3),75owfry(3),828culem(3),|75owfry(3),828culem(3),765yertp(3),315jpsgr(3),;33350.8,32060.6,31400.1,23633.1,0,0,0,0,1076.147798313471
765wpret(3),828culem(3),765yertp(3),|828culem(3),765yertp(3),315jpsgr(3),|280qyclf(3),75owfry(3),828culem(3),|75owfry(3),828culem(3),765yertp(3),315jpsgr(3),;33350.8,32060.6,31400.1,23633.1,0,0,0,0,1081.147798313471
765wpret(3),828culem(3),765yertp(3),|828culem(3),765yertp(3),315jpsgr(3),|280qyclf(3),75owfry(3),828culem(3),|75owfry(3),828culem(3),765yertp(3),315jpsgr(3),;33350.8,32060.6,31400.1,23633.1,0,0,0,0,1086.147798313471
765wpret(3),828culem(3),765yertp(3),|828culem(3),765yertp(3),315jpsgr(3),|280qyclf(3),75owfry(3),828culem(3),|75owfry(3),828culem(3),765yertp(3),315jpsgr(3),;33350.8,32060.6,31400.1,23633.1,0,0,0,0,1091.147798313471
765wpret(3),828culem(3),765yertp(3),|828culem(3),765yertp(3),315jpsgr(3),|280qyclf(3),75owfry(3),828culem(3),|75owfry(3),828culem(3),765yertp(3),315jpsgr(3),;33350.8,32060.6,31400.1,23633.1,0,0,0,0,1096.147798313471
765wpret(3),828culem(3),765yertp(3),|828culem(3),765yertp(3),315jpsgr(3),|280qyclf(3),75owfry(3),828culem(3),|75owfry(3),828culem(3),765yertp(3),315jpsgr(3),;33350.8,32060.6,31400.1,23633.1,0,0,0,0,1101.147798313471
765wpret(3),828culem(3),765yertp(3),|828culem(3),765yertp(3),315jpsgr(3),|280qyclf(3),75owfry(3),828culem(3),|75owfry(3),828culem(3),765yertp(3),315jpsgr(3),;33350.8,32060.6,31400.1,23633.1,0,0,0,0,1106.147798313471
765wpret(3),828culem(3),765yertp(3),|828culem(3),765yertp(3),315jpsgr(3),|280qyclf(3),75owfry(3),828culem(3),|75owfry(3),828culem(3),765yertp(3),315jpsgr(3),;33350.8,32060.6,31400.1,23633.1,0,0,0,0,1111.147798313471
765wpret(3),828culem(3),765yertp(3),828fqmih(0),|828culem(3),765yertp(3),315jpsgr(3),828fqmih(0),|280qyclf(3),75owfry(3),828culem(3),828fqmih(0),|75owfry(3),828culem(3),765yertp(3),315jpsgr(3),828fqmih(0),;32593,30545.1,30642.3,22117.6,4.664097339596,8.019540539596,4.664097339596,8.019540539596,1116.147798313471
765wpret(3),765yertp(3),|765yertp(3),315jpsgr(3),828fqmih(2),|280qyclf(3),75owfry(3),|75owfry(3),765yertp(3),315jpsgr(3),828fqmih(2),;34938,32925.9,32193.7,24498.4,0,3.019540539596,0,3.019540539596,1121.147798313471
|315jpsgr(3),|280qyclf(3),75owfry(3),|75owfry(3),765yertp(3),315jpsgr(3),;36556,35276,32193.7,26013.9,0,0,0,0,1126.147798313471
|315jpsgr(3),|280qyclf(3),75owfry(3),|75owfry(3),765yertp(3),315jpsgr(3),;36556,35276,32193.7,26013.9,0,0,0,0,1131.147798313471
||280qyclf(3),75owfry(3),|75owfry(3),765yertp(3),315jpsgr(3),;36556,36556,32193.7,26013.9,0,0,0,0,1136.147798313471
|23vslno(0),|280qyclf(3),75owfry(3),23vslno(0),|75owfry(3),765yertp(3),315jpsgr(3),;36556,35276,30913.7,26013.9,0,8.587527960699,8.587527960699,0,1141.147798313471
|23vslno(2),|280qyclf(3),75owfry(3),23vslno(2),|75owfry(3),765yertp(3),315jpsgr(3),;36556,35276,30913.7,26013.9,0,3.587527960699,3.587527960699,0,1146.147798313471
|23vslno(3),|280qyclf(3),75owfry(3),23vslno(3),|75owfry(3),765yertp(3),315jpsgr(3),;36556,35276,30913.7,26013.9,0,0,0,0,1151.147798313471
|23vslno(3),|280qyclf(3),75owfry(3),23vslno(3),|75owfry(3),765yertp(3),315jpsgr(3),;36556,35276,30913.7,26013.9,0,0,0,0,1156.147798313471
|23vslno(3),|280qyclf(3),75owfry(3),23vslno(3),|75owfry(3),765yertp(3),315jpsgr(3),;36556,35276,30913.7,26013.9,0,0,0,0,1161.147798313471
|23vslno(3),|280qyclf(3),75owfry(3),23vslno(3),|75owfry(3),765yertp(3),315jpsgr(3),;36556,35276,30913.7,26013.9,0,0,0,0,1166.147798313471
|23vslno(3),|280qyclf(3),75owfry(3),23vslno(3),|75owfry(3),765yertp(3),315jpsgr(3),;36556,35276,30913.7,26013.9,0,0,0,0,1171.147798313471
|23vslno(3),|280qyclf(3),75owfry(3),23vslno(3),|75owfry(3),765yertp(3),315jpsgr(3),;36556,35276,30913.7,26013.9,0,0,0,0,1176.147798313471
|23vslno(3),|280qyclf(3),75owfry(3),23vslno(3),|75owfry(3),765yertp(3),315jpsgr(3),;36556,35276,30913.7,26013.9,0,0,0,0,1181.147798313471
|23vslno(3),|280qyclf(3),75owfry(3),23vslno(3),2ykbmn(0),|75owfry(3),765yertp(3),315jpsgr(3),2ykbmn(0),;36556,35276,29336.7,25225.4,0,0,9.447540374188,5.956065693107,1186.147798313471
|23vslno(3),|280qyclf(3),75owfry(3),23vslno(3),2ykbmn(2),|75owfry(3),765yertp(3),315jpsgr(3),2ykbmn(2),;36556,35276,29336.7,25225.4,0,0,4.447540374188,0.956065693107,1191.147798313471
|23vslno(3),|280qyclf(3),75owfry(3),23vslno(3),|75owfry(3),765yertp(3),315jpsgr(3),;36556,35276,30913.7,26013.9,0,0,0,0,1196.147798313471
|23vslno(3),|280qyclf(3),75owfry(3),23vslno(3),|75owfry(3),765yertp(3),315jpsgr(3),;36556,35276,30913.7,26013.9,0,0,0,0,1201.147798313471
|23vslno(3),|280qyclf(3),75owfry(3),23vslno(3),|75owfry(3),765yertp(3),315jpsgr(3),;36556,35276,30913.7,26013.9,0,0,0,0,1206.147798313471
|23vslno(3),|280qyclf(3),23vslno(3),|765yertp(3),315jpsgr(3),;36556,35276,34620.6,28794.1,0,0,0,0,1211.147798313471
|23vslno(3),|280qyclf(3),23vslno(3),|765yertp(3),315jpsgr(3),;36556,35276,34620.6,28794.1,0,0,0,0,1216.147798313471
|23vslno(3),|280qyclf(3),23vslno(3),|765yertp(3),315jpsgr(3),;36556,35276,34620.6,28794.1,0,0,0,0,1221.147798313471
|23vslno(3),|280qyclf(3),23vslno(3),|765yertp(3),315jpsgr(3),;36556,35276,34620.6,28794.1,0,0,0,0,1226.147798313471
|23vslno(3),|280qyclf(3),23vslno(3),|765yertp(3),315jpsgr(3),;36556,35276,34620.6,28794.1,0,0,0,0,1231.147798313471
34cuxbv(2),|23vslno(3),|280qyclf(3),23vslno(3),|765yertp(3),315jpsgr(3),34cuxbv(2),;35946.7,35276,34620.6,27575.5,0.201432989644,0,0,2.978724031085,1236.147798313471
|23vslno(3),|280qyclf(3),23vslno(3),|765yertp(3),315jpsgr(3),;36556,35276,34620.6,28794.1,0,0,0,0,1241.147798313471
|23vslno(3),|280qyclf(3),23vslno(3),|765yertp(3),315jpsgr(3),;36556,35276,34620.6,28794.1,0,0,0,0,1246.147798313471
|23vslno(3),|280qyclf(3),23vslno(3),|765yertp(3),315jpsgr(3),;36556,35276,34620.6,28794.1,0,0,0,0,1251.147798313471
||280qyclf(3),|765yertp(3),315jpsgr(3),;36556,36556,35900.6,28794.1,0,0,0,0,1256.147798313471
||280qyclf(3),|765yertp(3),315jpsgr(3),;36556,36556,35900.6,28794.1,0,0,0,0,1261.147798313471
||280qyclf(3),|765yertp(3),315jpsgr(3),;36556,36556,35900.6,28794.1,0,0,0,0,1266.147798313471
||280qyclf(3),|765yertp(3),315jpsgr(3),;36556,36556,35900.6,28794.1,0,0,0,0,1271.147798313471
||280qyclf(3),|765yertp(3),315jpsgr(3),;36556,36556,35900.6,28794.1,0,0,0,0,1276.147798313471
||280qyclf(3),|765yertp(3),315jpsgr(3),;36556,36556,35900.6,28794.1,0,0,0,0,1281.147798313471
||280qyclf(3),|765yertp(3),315jpsgr(3),;36556,36556,35900.6,28794.1,0,0,0,0,1286.147798313471
||280qyclf(3),828ikwvl(2),|765yertp(3),315jpsgr(3),;36556,36556,35311.8,28794.1,0,0,1.969042230318,0,1291.147798313471
||280qyclf(3),|765yertp(3),315jpsgr(3),;36556,36556,35900.6,28794.1,0,0,0,0,1296.147798313471
||280qyclf(3),|765yertp(3),315jpsgr(3),;36556,36556,35900.6,28794.1,0,0,0,0,1301.147798313471
||280qyclf(3),|765yertp(3),315jpsgr(3),;36556,36556,35900.6,28794.1,0,0,0,0,1306.147798313471
||280qyclf(3),|765yertp(3),315jpsgr(3),;36556,36556,35900.6,28794.1,0,0,0,0,1311.147798313471
||280qyclf(3),|765yertp(3),;36556,36556,35900.6,30714.1,0,0,0,0,1316.147798313471
||280qyclf(3),|765yertp(3),;36556,36556,35900.6,30714.1,0,0,0,0,1321.147798313471
||280qyclf(3),|765yertp(3),;36556,36556,35900.6,30714.1,0,0,0,0,1326.147798313471
||280qyclf(3),|765yertp(3),;36556,36556,35900.6,30714.1,0,0,0,0,1331.147798313471
684ijyvb(0),||280qyclf(3),|765yertp(3),;35829,36556,35900.6,30714.1,3.922045369647,0,0,0,1336.147798313471
684ijyvb(3),||280qyclf(3),|765yertp(3),;35829,36556,35900.6,30714.1,0,0,0,0,1341.147798313471
684ijyvb(3),||280qyclf(3),|765yertp(3),;35829,36556,35900.6,30714.1,0,0,0,0,1346.147798313471
684ijyvb(3),||280qyclf(3),|765yertp(3),;35829,36556,35900.6,30714.1,0,0,0,0,1351.147798313471
684ijyvb(3),||280qyclf(3),|765yertp(3),;35829,36556,35900.6,30714.1,0,0,0,0,1356.147798313471
684ijyvb(3),||280qyclf(3),|765yertp(3),;35829,36556,35900.6,30714.1,0,0,0,0,1361.147798313471
684ijyvb(3),||280qyclf(3),|765yertp(3),;35829,36556,35900.6,30714.1,0,0,0,0,1366.147798313471
684ijyvb(3),||280qyclf(3),|765yertp(3),;35829,36556,35900.6,30714.1,0,0,0,0,1371.147798313471
684ijyvb(3),||280qyclf(3),|765yertp(3),;35829,36556,35900.6,30714.1,0,0,0,0,1376.147798313471
684ijyvb(3),||280qyclf(3),|765yertp(3),;35829,36556,35900.6,30714.1,0,0,0,0,1381.147798313471
684ijyvb(3),||280qyclf(3),|765yertp(3),;35829,36556,35900.6,30714.1,0,0,0,0,1386.147798313471
684ijyvb(3),||280qyclf(3),|765yertp(3),;35829,36556,35900.6,30714.1,0,0,0,0,1391.147798313471
684ijyvb(3),||280qyclf(3),|765yertp(3),;35829,36556,35900.6,30714.1,0,0,0,0,1396.147798313471
684ijyvb(3),||280qyclf(3),|;35829,36556,35900.6,36556,0,0,0,0,1401.147798313471
684ijyvb(3),292fheqb(0),|292fheqb(0),|280qyclf(3),292fheqb(0),|292fheqb(0),;33755.4,34482.4,33827,35864.8,11.88653762663,11.88653762663,11.88653762663,5.765120977981,1406.147798313471
684ijyvb(3),292fheqb(2),|292fheqb(2),|280qyclf(3),292fheqb(2),|292fheqb(2),;33755.4,34482.4,33827,35864.8,6.88653762663,6.88653762663,6.88653762663,0.765120977981,1411.147798313471
684ijyvb(3),292fheqb(2),|292fheqb(2),|280qyclf(3),292fheqb(2),|;33755.4,34482.4,33827,36556,1.88653762663,1.88653762663,1.88653762663,0,1416.147798313471
684ijyvb(3),||280qyclf(3),|;35829,36556,35900.6,36556,0,0,0,0,1421.147798313471
684ijyvb(3),||280qyclf(3),|;35829,36556,35900.6,36556,0,0,0,0,1426.147798313471
684ijyvb(3),||280qyclf(3),|;35829,36556,35900.6,36556,0,0,0,0,1431.147798313471
684ijyvb(3),||280qyclf(3),|;35829,36556,35900.6,36556,0,0,0,0,1436.147798313471
684ijyvb(3),||280qyclf(3),|;35829,36556,35900.6,36556,0,0,0,0,1441.147798313471
684ijyvb(3),||280qyclf(3),|;35829,36556,35900.6,36556,0,0,0,0,1446.147798313471
684ijyvb(3),||280qyclf(3),|;35829,36556,35900.6,36556,0,0,0,0,1451.147798313471
684ijyvb(3),||280qyclf(3),|;35829,36556,35900.6,36556,0,0,0,0,1456.147798313471
684ijyvb(3),||280qyclf(3),|;35829,36556,35900.6,36556,0,0,0,0,1461.147798313471
684ijyvb(3),||280qyclf(3),|;35829,36556,35900.6,36556,0,0,0,0,1466.147798313471
684ijyvb(3),||280qyclf(3),|;35829,36556,35900.6,36556,0,0,0,0,1471.147798313471
684ijyvb(3),||280qyclf(3),|195vscdj(0),;35829,36556,35900.6,35926.2,0,0,0,4.015879021439,1476.147798313471
684ijyvb(3),||280qyclf(3),|195vscdj(3),;35829,36556,35900.6,35926.2,0,0,0,0,1481.147798313471
684ijyvb(3),||280qyclf(3),|195vscdj(3),;35829,36556,35900.6,35926.2,0,0,0,0,1486.147798313471
684ijyvb(3),|||195vscdj(3),;35829,36556,36556,35926.2,0,0,0,0,1491.147798313471
684ijyvb(3),|||195vscdj(3),;35829,36556,36556,35926.2,0,0,0,0,1496.147798313471
684ijyvb(3),|||195vscdj(3),;35829,36556,36556,35926.2,0,0,0,0,1501.147798313471
684ijyvb(3),|||195vscdj(3),;35829,36556,36556,35926.2,0,0,0,0,1506.147798313471
684ijyvb(3),|||195vscdj(3),;35829,36556,36556,35926.2,0,0,0,0,1511.147798313471
684ijyvb(3),|||195vscdj(3),;35829,36556,36556,35926.2,0,0,0,0,1516.147798313471
684ijyvb(3),|||195vscdj(3),;35829,36556,36556,35926.2,0,0,0,0,1521.147798313471
684ijyvb(3),|||195vscdj(3),;35829,36556,36556,35926.2,0,0,0,0,1526.147798313471
684ijyvb(3),|||195vscdj(3),;35829,36556,36556,35926.2,0,0,0,0,1531.147798313471
684ijyvb(3),|||195vscdj(3),;35829,36556,36556,35926.2,0,0,0,0,1536.147798313471
684ijyvb(3),|||195vscdj(3),;35829,36556,36556,35926.2,0,0,0,0,1541.147798313471
684ijyvb(3),|||195vscdj(3),;35829,36556,36556,35926.2,0,0,0,0,1546.147798313471
684ijyvb(3),|||195vscdj(3),;35829,36556,36556,35926.2,0,0,0,0,1551.147798313471
684ijyvb(3),|||195vscdj(3),;35829,36556,36556,35926.2,0,0,0,0,1556.147798313471
684ijyvb(3),|||195vscdj(3),;35829,36556,36556,35926.2,0,0,0,0,1561.147798313471
684ijyvb(3),186vkiwt(0),|186vkiwt(0),|186vkiwt(0),|195vscdj(3),;34830.6,34559.2,31564,35926.2,7.610932798718,12.161955933854,25.815025339259,0,1566.147798313471
684ijyvb(3),186vkiwt(2),|186vkiwt(2),|186vkiwt(2),|195vscdj(3),;34830.6,34559.2,31564,35926.2,2.610932798718,7.161955933854,20.815025339259,0,1571.147798313471
684ijyvb(3),186vkiwt(3),|186vkiwt(2),|186vkiwt(2),|195vscdj(3),552crazw(0),;34830.6,34559.2,31564,34922.7,0,2.161955933854,15.815025339259,7.32980624794,1576.147798313471
684ijyvb(3),186vkiwt(3),|186vkiwt(3),|186vkiwt(2),|195vscdj(3),552crazw(2),;34830.6,34559.2,31564,34922.7,0,0,10.815025339259,2.32980624794,1581.147798313471
684ijyvb(3),186vkiwt(3),|186vkiwt(3),|186vkiwt(2),|195vscdj(3),552crazw(3),;34830.6,34559.2,31564,34922.7,0,0,5.815025339259,0,1586.147798313471
684ijyvb(3),186vkiwt(3),|186vkiwt(3),|186vkiwt(2),|195vscdj(3),552crazw(3),;34830.6,34559.2,31564,34922.7,0,0,0.815025339259,0,1591.147798313471
684ijyvb(3),186vkiwt(3),|186vkiwt(3),|186vkiwt(3),|195vscdj(3),552crazw(3),;34830.6,34559.2,31564,34922.7,0,0,0,0,1596.147798313471
684ijyvb(3),186vkiwt(3),|186vkiwt(3),|186vkiwt(3),|195vscdj(3),552crazw(3),;34830.6,34559.2,31564,34922.7,0,0,0,0,1601.147798313471
684ijyvb(3),186vkiwt(3),|186vkiwt(3),|186vkiwt(3),|195vscdj(3),552crazw(3),;34830.6,34559.2,31564,34922.7,0,0,0,0,1606.147798313471
684ijyvb(3),186vkiwt(3),|186vkiwt(3),|186vkiwt(3),|195vscdj(3),552crazw(3),;34830.6,34559.2,31564,34922.7,0,0,0,0,1611.147798313471
684ijyvb(3),186vkiwt(3),|186vkiwt(3),|186vkiwt(3),|195vscdj(3),552crazw(3),;34830.6,34559.2,31564,34922.7,0,0,0,0,1616.147798313471
684ijyvb(3),186vkiwt(3),|186vkiwt(3),|186vkiwt(3),|195vscdj(3),552crazw(3),;34830.6,34559.2,31564,34922.7,0,0,0,0,1621.147798313471
684ijyvb(3),186vkiwt(3),|186vkiwt(3),|186vkiwt(3),|195vscdj(3),552crazw(3),;34830.6,34559.2,31564,34922.7,0,0,0,0,1626.147798313471
684ijyvb(3),186vkiwt(3),|186vkiwt(3),|186vkiwt(3),|195vscdj(3),552crazw(3),;34830.6,34559.2,31564,34922.7,0,0,0,0,1631.147798313471
684ijyvb(3),186vkiwt(3),|186vkiwt(3),|186vkiwt(3),|195vscdj(3),552crazw(3),;34830.6,34559.2,31564,34922.7,0,0,0,0,1636.147798313471
684ijyvb(3),186vkiwt(3),|186vkiwt(3),|186vkiwt(3),|195vscdj(3),552crazw(3),;34830.6,34559.2,31564,34922.7,0,0,0,0,1641.147798313471
684ijyvb(3),186vkiwt(3),|186vkiwt(3),|186vkiwt(3),|195vscdj(3),552crazw(3),;34830.6,34559.2,31564,34922.7,0,0,0,0,1646.147798313471
684ijyvb(3),186vkiwt(3),|186vkiwt(3),|186vkiwt(3),|195vscdj(3),552crazw(3),;34830.6,34559.2,31564,34922.7,0,0,0,0,1651.147798313471
684ijyvb(3),186vkiwt(3),|186vkiwt(3),|186vkiwt(3),|195vscdj(3),552crazw(3),;34830.6,34559.2,31564,34922.7,0,0,0,0,1656.147798313471
684ijyvb(3),186vkiwt(3),|186vkiwt(3),|186vkiwt(3),|195vscdj(3),552crazw(3),;34830.6,34559.2,31564,34922.7,0,0,0,0,1661.147798313471
684ijyvb(3),186vkiwt(3),186lywra(0),|186vkiwt(3),186lywra(0),|186vkiwt(3),|195vscdj(3),552crazw(3),186lywra(0),;31958.3,31686.9,31564,31092.9,16.725435153322,16.725435153322,0,20.965082980349,1666.147798313471
684ijyvb(3),186lywra(2),651nxptv(0),|186lywra(2),|186vkiwt(3),|195vscdj(3),552crazw(3),186lywra(2),;32362.8,33683.7,31564,31092.9,18.789325964545,11.725435153322,0,15.965082980349,1671.147798313471
684ijyvb(3),186lywra(2),651nxptv(1),|186lywra(2),|186vkiwt(3),|195vscdj(3),552crazw(3),186lywra(2),;32362.8,33683.7,31564,31092.9,13.789325964545,6.725435153322,0,10.965082980349,1676.147798313471
684ijyvb(3),186lywra(2),651nxptv(1),|186lywra(2),|186vkiwt(3),|195vscdj(3),552crazw(3),186lywra(2),;32362.8,33683.7,31564,31092.9,8.789325964545,1.725435153322,0,5.965082980349,1681.147798313471
684ijyvb(3),186lywra(3),651nxptv(3),|186lywra(3),|186vkiwt(3),|195vscdj(3),552crazw(3),186lywra(2),;32362.8,33683.7,31564,31092.9,3.789325964545,0,0,0.965082980349,1686.147798313471
684ijyvb(3),186lywra(3),651nxptv(3),|186lywra(3),|186vkiwt(3),|195vscdj(3),552crazw(3),186lywra(3),;32362.8,33683.7,31564,31092.9,0,0,0,0,1691.147798313471
684ijyvb(3),186lywra(3),651nxptv(3),|186lywra(3),|186vkiwt(3),|195vscdj(3),552crazw(3),186lywra(3),;32362.8,33683.7,31564,31092.9,0,0,0,0,1696.147798313471
684ijyvb(3),186lywra(3),651nxptv(3),|186lywra(3),|186vkiwt(3),|195vscdj(3),552crazw(3),186lywra(3),;32362.8,33683.7,31564,31092.9,0,0,0,0,1701.147798313471
684ijyvb(3),186lywra(3),651nxptv(3),|186lywra(3),|186vkiwt(3),|195vscdj(3),552crazw(3),186lywra(3),;32362.8,33683.7,31564,31092.9,0,0,0,0,1706.147798313471
684ijyvb(3),186lywra(3),651nxptv(3),|186lywra(3),|186vkiwt(3),|195vscdj(3),552crazw(3),186lywra(3),312yzemo(0),;32362.8,33683.7,31564,22890.7,0,0,0,40.091653616748,1711.147798313471
684ijyvb(3),186lywra(3),651nxptv(3),|186lywra(3),|186vkiwt(3),|195vscdj(3),552crazw(3),186lywra(3),312yzemo(2),;32362.8,33683.7,31564,22890.7,0,0,0,35.091653616748,1716.147798313471
684ijyvb(3),186lywra(3),651nxptv(3),|186lywra(3),|186vkiwt(3),|195vscdj(3),552crazw(3),186lywra(3),312yzemo(2),;32362.8,33683.7,31564,22890.7,0,0,0,30.091653616748,1721.147798313471
684ijyvb(3),186lywra(3),651nxptv(3),|186lywra(3),|186vkiwt(3),|195vscdj(3),552crazw(3),186lywra(3),312yzemo(2),;32362.8,33683.7,31564,22890.7,0,0,0,25.091653616748,1726.147798313471
684ijyvb(3),186lywra(3),651nxptv(3),|186lywra(3),|186vkiwt(3),|195vscdj(3),552crazw(3),186lywra(3),312yzemo(2),;32362.8,33683.7,31564,22890.7,0,0,0,20.091653616748,1731.147798313471
684ijyvb(3),186lywra(3),651nxptv(3),|186lywra(3),|186vkiwt(3),|195vscdj(3),552crazw(3),186lywra(3),312yzemo(2),;32362.8,33683.7,31564,22890.7,0,0,0,15.091653616748,1736.147798313471
684ijyvb(3),186lywra(3),651nxptv(3),|186lywra(3),|186vkiwt(3),|195vscdj(3),552crazw(3),186lywra(3),312yzemo(2),;32362.8,33683.7,31564,22890.7,0,0,0,10.091653616748,1741.147798313471
684ijyvb(3),186lywra(3),651nxptv(3),|186lywra(3),|186vkiwt(3),|195vscdj(3),552crazw(3),186lywra(3),312yzemo(2),;32362.8,33683.7,31564,22890.7,0,0,0,5.091653616748,1746.147798313471
684ijyvb(3),186lywra(3),651nxptv(3),|186lywra(3),|186vkiwt(3),|195vscdj(3),552crazw(3),186lywra(3),312yzemo(3),;32362.8,33683.7,31564,22890.7,0,0,0,0.091653616748,1751.147798313471
684ijyvb(3),186lywra(3),651nxptv(3),|186lywra(3),|186vkiwt(3),|195vscdj(3),552crazw(3),186lywra(3),312yzemo(3),;32362.8,33683.7,31564,22890.7,0,0,0,0,1756.147798313471
684ijyvb(3),186lywra(3),651nxptv(3),|186lywra(3),|186vkiwt(3),|195vscdj(3),552crazw(3),186lywra(3),312yzemo(3),;32362.8,33683.7,31564,22890.7,0,0,0,0,1761.147798313471
684ijyvb(3),186lywra(3),651nxptv(3),|186lywra(3),|186vkiwt(3),|195vscdj(3),552crazw(3),186lywra(3),312yzemo(3),;32362.8,33683.7,31564,22890.7,0,0,0,0,1766.147798313471
684ijyvb(3),186lywra(3),651nxptv(3),|186lywra(3),|186vkiwt(3),|195vscdj(3),552crazw(3),186lywra(3),312yzemo(3),;32362.8,33683.7,31564,22890.7,0,0,0,0,1771.147798313471
684ijyvb(3),186lywra(3),651nxptv(3),|186lywra(3),|186vkiwt(3),|195vscdj(3),552crazw(3),186lywra(3),312yzemo(3),;32362.8,33683.7,31564,22890.7,0,0,0,0,1776.147798313471
684ijyvb(3),186lywra(3),651nxptv(3),|186lywra(3),|186vkiwt(3),|195vscdj(3),552crazw(3),186lywra(3),312yzemo(3),;32362.8,33683.7,31564,22890.7,0,0,0,0,1781.147798313471
684ijyvb(3),186lywra(3),651nxptv(3),|186lywra(3),|186vkiwt(3),|195vscdj(3),552crazw(3),186lywra(3),312yzemo(3),;32362.8,33683.7,31564,22890.7,0,0,0,0,1786.147798313471
684ijyvb(3),186lywra(3),651nxptv(3),|186lywra(3),|186vkiwt(3),|195vscdj(3),552crazw(3),186lywra(3),312yzemo(3),;32362.8,33683.7,31564,22890.7,0,0,0,0,1791.147798313471
684ijyvb(3),186lywra(3),651nxptv(3),|186lywra(3),|186vkiwt(3),|195vscdj(3),552crazw(3),186lywra(3),312yzemo(3),;32362.8,33683.7,31564,22890.7,0,0,0,0,1796.147798313471
684ijyvb(3),186lywra(3),651nxptv(3),|186lywra(3),|186vkiwt(3),|195vscdj(3),552crazw(3),186lywra(3),312yzemo(3),;32362.8,33683.7,31564,22890.7,0,0,0,0,1801.147798313471
684ijyvb(3),186lywra(3),651nxptv(3),|186lywra(3),|186vkiwt(3),|195vscdj(3),552crazw(3),186lywra(3),312yzemo(3),;32362.8,33683.7,31564,22890.7,0,0,0,0,1806.147798313471
684ijyvb(3),186lywra(3),651nxptv(3),|186lywra(3),|186vkiwt(3),|195vscdj(3),552crazw(3),186lywra(3),312yzemo(3),;32362.8,33683.7,31564,22890.7,0,0,0,0,1811.147798313471
684ijyvb(3),186lywra(3),651nxptv(3),304ewmjk(0),|186lywra(3),304ewmjk(0),|186vkiwt(3),|195vscdj(3),552crazw(3),186lywra(3),312yzemo(3),304ewmjk(0),;31374.6,30719.2,31564,20914.4,8.387270938232,17.395962887782,0,12.891616913007,1816.147798313471
684ijyvb(3),186lywra(3),651nxptv(3),304ewmjk(2),312mepig(0),|186lywra(3),304ewmjk(2),312mepig(0),|186vkiwt(3),312mepig(0),|195vscdj(3),552crazw(3),186lywra(3),312yzemo(3),304ewmjk(2),312mepig(0),;28609.8,29797.6,27877.6,19071.2,21.524815177814,22.131618262499,19.373042358543,21.828216720157,1821.147798313471
684ijyvb(3),186lywra(3),651nxptv(3),312mepig(2),|186lywra(3),304ewmjk(2),312mepig(1),|186vkiwt(3),312mepig(2),|195vscdj(3),552crazw(3),186lywra(3),312yzemo(3),304ewmjk(2),312mepig(1),;29598,29797.6,27877.6,19071.2,16.524815177814,17.131618262499,14.373042358543,16.828216720157,1826.147798313471
684ijyvb(3),186lywra(3),651nxptv(3),312mepig(2),|186lywra(3),304ewmjk(2),312mepig(1),|186vkiwt(3),312mepig(2),|195vscdj(3),552crazw(3),186lywra(3),312yzemo(3),304ewmjk(3),312mepig(2),;29598,29797.6,27877.6,19071.2,11.524815177814,12.131618262499,9.373042358543,11.828216720157,1831.147798313471
684ijyvb(3),186lywra(3),651nxptv(3),312mepig(2),|186lywra(3),304ewmjk(3),312mepig(2),|186vkiwt(3),312mepig(2),|195vscdj(3),552crazw(3),186lywra(3),312yzemo(3),304ewmjk(3),312mepig(2),;29598,29797.6,27877.6,19071.2,6.524815177814,7.131618262499,4.373042358543,6.828216720157,1836.147798313471
684ijyvb(3),186lywra(3),651nxptv(3),312mepig(3),|186lywra(3),304ewmjk(3),312mepig(3),|186vkiwt(3),312mepig(3),|195vscdj(3),552crazw(3),186lywra(3),312yzemo(3),304ewmjk(3),312mepig(3),;29598,29797.6,27877.6,19071.2,1.524815177814,2.131618262499,0,1.828216720157,1841.147798313471
684ijyvb(3),186lywra(3),651nxptv(3),312mepig(3),|186lywra(3),304ewmjk(3),312mepig(3),|186vkiwt(3),312mepig(3),|195vscdj(3),552crazw(3),186lywra(3),312yzemo(3),304ewmjk(3),312mepig(3),;29598,29797.6,27877.6,19071.2,0,0,0,0,1846.147798313471
684ijyvb(3),651nxptv(3),312mepig(3),|304ewmjk(3),312mepig(3),|312mepig(3),632nisey(0),243wduix(0),|195vscdj(3),552crazw(3),312yzemo(3),304ewmjk(3),312mepig(3),632nisey(0),243wduix(0),;32470.3,32669.9,30949.6,14386.4,0,0,14.312905983994,44.372997256066,1851.147798313471
684ijyvb(3),651nxptv(3),312mepig(3),|304ewmjk(3),312mepig(3),|312mepig(3),243wduix(2),|195vscdj(3),552crazw(3),312yzemo(3),304ewmjk(3),312mepig(3),632nisey(2),243wduix(1),;32470.3,32669.9,31773.9,14386.4,0,0,9.312905983994,39.372997256066,1856.147798313471
684ijyvb(3),651nxptv(3),312mepig(3),|304ewmjk(3),312mepig(3),|312mepig(3),243wduix(3),|195vscdj(3),552crazw(3),312yzemo(3),304ewmjk(3),312mepig(3),632nisey(2),243wduix(1),;32470.3,32669.9,31773.9,14386.4,0,0,4.312905983994,34.372997256066,1861.147798313471
684ijyvb(3),312mepig(3),|304ewmjk(3),312mepig(3),|312mepig(3),243wduix(3),|195vscdj(3),552crazw(3),312yzemo(3),304ewmjk(3),312mepig(3),632nisey(2),243wduix(1),;33064.2,32669.9,31773.9,14386.4,0,0,0,29.372997256066,1866.147798313471
684ijyvb(3),312mepig(3),|304ewmjk(3),312mepig(3),|312mepig(3),243wduix(3),|195vscdj(3),552crazw(3),312yzemo(3),304ewmjk(3),312mepig(3),632nisey(2),243wduix(1),;33064.2,32669.9,31773.9,14386.4,0,0,0,24.372997256066,1871.147798313471
684ijyvb(3),312mepig(3),|304ewmjk(3),312mepig(3),|312mepig(3),243wduix(3),|195vscdj(3),552crazw(3),312yzemo(3),304ewmjk(3),312mepig(3),632nisey(2),243wduix(1),;33064.2,32669.9,31773.9,14386.4,0,0,0,19.372997256066,1876.147798313471
684ijyvb(3),312mepig(3),|304ewmjk(3),312mepig(3),|312mepig(3),243wduix(3),|195vscdj(3),552crazw(3),312yzemo(3),304ewmjk(3),312mepig(3),632nisey(2),243wduix(1),;33064.2,32669.9,31773.9,14386.4,0,0,0,14.372997256066,1881.147798313471
684ijyvb(3),312mepig(3),|304ewmjk(3),312mepig(3),|312mepig(3),243wduix(3),|195vscdj(3),552crazw(3),312yzemo(3),304ewmjk(3),312mepig(3),632nisey(3),243wduix(2),;33064.2,32669.9,31773.9,14386.4,0,0,0,9.372997256066,1886.147798313471
684ijyvb(3),312mepig(3),|304ewmjk(3),312mepig(3),|312mepig(3),243wduix(3),|195vscdj(3),552crazw(3),312yzemo(3),304ewmjk(3),312mepig(3),632nisey(3),243wduix(3),;33064.2,32669.9,31773.9,14386.4,0,0,0,4.372997256066,1891.147798313471
684ijyvb(3),312mepig(3),|304ewmjk(3),312mepig(3),|312mepig(3),243wduix(3),|195vscdj(3),552crazw(3),312yzemo(3),304ewmjk(3),312mepig(3),632nisey(3),243wduix(3),;33064.2,32669.9,31773.9,14386.4,0,0,0,0,1896.147798313471
684ijyvb(3),312mepig(3),|304ewmjk(3),312mepig(3),|312mepig(3),243wduix(3),|195vscdj(3),552crazw(3),312yzemo(3),304ewmjk(3),312mepig(3),632nisey(3),243wduix(3),;33064.2,32669.9,31773.9,14386.4,0,0,0,0,1901.147798313471
684ijyvb(3),312mepig(3),|304ewmjk(3),312mepig(3),|312mepig(3),243wduix(3),|195vscdj(3),552crazw(3),312yzemo(3),304ewmjk(3),312mepig(3),632nisey(3),243wduix(3),;33064.2,32669.9,31773.9,14386.4,0,0,0,0,1906.147798313471
684ijyvb(3),312mepig(3),|304ewmjk(3),312mepig(3),|312mepig(3),243wduix(3),|195vscdj(3),552crazw(3),312yzemo(3),304ewmjk(3),312mepig(3),632nisey(3),243wduix(3),;33064.2,32669.9,31773.9,14386.4,0,0,0,0,1911.147798313471
684ijyvb(3),312mepig(3),|304ewmjk(3),312mepig(3),|312mepig(3),243wduix(3),|195vscdj(3),552crazw(3),312yzemo(3),304ewmjk(3),312mepig(3),632nisey(3),243wduix(3),;33064.2,32669.9,31773.9,14386.4,0,0,0,0,1916.147798313471
684ijyvb(3),312mepig(3),|304ewmjk(3),312mepig(3),|312mepig(3),243wduix(3),|195vscdj(3),552crazw(3),312yzemo(3),304ewmjk(3),312mepig(3),632nisey(3),243wduix(3),;33064.2,32669.9,31773.9,14386.4,0,0,0,0,1921.147798313471
684ijyvb(3),312mepig(3),|304ewmjk(3),312mepig(3),|312mepig(3),243wduix(3),|195vscdj(3),552crazw(3),312yzemo(3),304ewmjk(3),312mepig(3),632nisey(3),243wduix(3),;33064.2,32669.9,31773.9,14386.4,0,0,0,0,1926.147798313471
684ijyvb(3),312mepig(3),594pmszv(0),|304ewmjk(3),312mepig(3),594pmszv(0),|312mepig(3),243wduix(3),594pmszv(0),|195vscdj(3),552crazw(3),312yzemo(3),304ewmjk(3),312mepig(3),632nisey(3),243wduix(3),594pmszv(0),;31313.2,30043.3,29147.3,12635.4,11.125616923546,15.116514134357,15.116514134357,11.125616923546,1931.147798313471
684ijyvb(3),312mepig(3),594pmszv(2),|304ewmjk(3),312mepig(3),594pmszv(2),|312mepig(3),243wduix(3),594pmszv(2),|195vscdj(3),552crazw(3),312yzemo(3),304ewmjk(3),312mepig(3),632nisey(3),243wduix(3),594pmszv(2),;31313.2,30043.3,29147.3,12635.4,6.125616923546,10.116514134357,10.116514134357,6.125616923546,1936.147798313471
684ijyvb(3),312mepig(3),594pmszv(2),|304ewmjk(3),312mepig(3),594pmszv(2),|312mepig(3),243wduix(3),594pmszv(2),|195vscdj(3),552crazw(3),312yzemo(3),304ewmjk(3),312mepig(3),632nisey(3),243wduix(3),594pmszv(2),;31313.2,30043.3,29147.3,12635.4,1.125616923546,5.116514134357,5.116514134357,1.125616923546,1941.147798313471
684ijyvb(3),312mepig(3),|304ewmjk(3),312mepig(3),594pmszv(3),|312mepig(3),243wduix(3),594pmszv(3),|195vscdj(3),552crazw(3),312yzemo(3),304ewmjk(3),312mepig(3),632nisey(3),243wduix(3),594pmszv(3),;33064.2,30043.3,29147.3,12635.4,0,0.116514134357,0.116514134357,0,1946.147798313471
684ijyvb(3),312mepig(3),243ruaeb(0),|304ewmjk(3),312mepig(3),594pmszv(3),243ruaeb(0),|312mepig(3),243wduix(3),594pmszv(3),243ruaeb(0),|195vscdj(3),552crazw(3),312yzemo(3),304ewmjk(3),312mepig(3),632nisey(3),243wduix(3),594pmszv(3),;28702,27862.2,28420.3,12635.4,21.162091588805,11.219856432048,4.591699660877,0,1951.147798313471
684ijyvb(3),312mepig(3),243ruaeb(2),|304ewmjk(3),312mepig(3),594pmszv(3),243ruaeb(2),|312mepig(3),594pmszv(3),|195vscdj(3),552crazw(3),312yzemo(3),304ewmjk(3),312mepig(3),632nisey(3),243wduix(3),594pmszv(3),;28702,27862.2,30243,12635.4,16.162091588805,6.219856432048,0,0,1956.147798313471
684ijyvb(3),312mepig(3),243ruaeb(2),|304ewmjk(3),312mepig(3),594pmszv(3),243ruaeb(2),|312mepig(3),594pmszv(3),|195vscdj(3),552crazw(3),312yzemo(3),304ewmjk(3),312mepig(3),632nisey(3),243wduix(3),594pmszv(3),;28702,27862.2,30243,12635.4,11.162091588805,1.219856432048,0,0,1961.147798313471
684ijyvb(3),312mepig(3),243ruaeb(2),|304ewmjk(3),312mepig(3),594pmszv(3),243ruaeb(3),|312mepig(3),594pmszv(3),|195vscdj(3),552crazw(3),312yzemo(3),304ewmjk(3),312mepig(3),632nisey(3),243wduix(3),594pmszv(3),;28702,27862.2,30243,12635.4,6.162091588805,0,0,0,1966.147798313471
684ijyvb(3),312mepig(3),243ruaeb(2),|304ewmjk(3),312mepig(3),594pmszv(3),243ruaeb(3),|312mepig(3),594pmszv(3),|195vscdj(3),552crazw(3),312yzemo(3),304ewmjk(3),312mepig(3),632nisey(3),243wduix(3),594pmszv(3),;28702,27862.2,30243,12635.4,1.162091588805,0,0,0,1971.147798313471
684ijyvb(3),312mepig(3),243ruaeb(3),|304ewmjk(3),312mepig(3),594pmszv(3),243ruaeb(3),|312mepig(3),594pmszv(3),|195vscdj(3),552crazw(3),312yzemo(3),304ewmjk(3),312mepig(3),632nisey(3),243wduix(3),594pmszv(3),;28702,27862.2,30243,12635.4,0,0,0,0,1976.147798313471
684ijyvb(3),312mepig(3),243ruaeb(3),|304ewmjk(3),312mepig(3),594pmszv(3),243ruaeb(3),|312mepig(3),594pmszv(3),|195vscdj(3),552crazw(3),312yzemo(3),304ewmjk(3),312mepig(3),632nisey(3),243wduix(3),594pmszv(3),;28702,27862.2,30243,12635.4,0,0,0,0,1981.147798313471
684ijyvb(3),312mepig(3),243ruaeb(3),|304ewmjk(3),312mepig(3),594pmszv(3),243ruaeb(3),|312mepig(3),594pmszv(3),|195vscdj(3),552crazw(3),312yzemo(3),304ewmjk(3),312mepig(3),632nisey(3),243wduix(3),594pmszv(3),;28702,27862.2,30243,12635.4,0,0,0,0,1986.147798313471
684ijyvb(3),312mepig(3),243ruaeb(3),|304ewmjk(3),312mepig(3),594pmszv(3),243ruaeb(3),|312mepig(3),594pmszv(3),|195vscdj(3),552crazw(3),312yzemo(3),304ewmjk(3),312mepig(3),632nisey(3),243wduix(3),594pmszv(3),;28702,27862.2,30243,12635.4,0,0,0,0,1991.147798313471
684ijyvb(3),312mepig(3),243ruaeb(3),|304ewmjk(3),312mepig(3),594pmszv(3),243ruaeb(3),|312mepig(3),594pmszv(3),|195vscdj(3),552crazw(3),312yzemo(3),304ewmjk(3),312mepig(3),632nisey(3),243wduix(3),594pmszv(3),;28702,27862.2,30243,12635.4,0,0,0,0,1996.147798313471
