|||;31846,31846,31846,31846,0,0,0,0,1.105251632784
|||;31846,31846,31846,31846,0,0,0,0,6.105251632784
|||;31846,31846,31846,31846,0,0,0,0,11.105251632784
|||;31846,31846,31846,31846,0,0,0,0,16.105251632784
|||;31846,31846,31846,31846,0,0,0,0,21.105251632784
|||;31846,31846,31846,31846,0,0,0,0,26.105251632784
|||;31846,31846,31846,31846,0,0,0,0,31.105251632784
|||;31846,31846,31846,31846,0,0,0,0,36.105251632784
|||;31846,31846,31846,31846,0,0,0,0,41.105251632784
|||;31846,31846,31846,31846,0,0,0,0,46.105251632784
|||;31846,31846,31846,31846,0,0,0,0,51.105251632784
|||;31846,31846,31846,31846,0,0,0,0,56.105251632784
|||;31846,31846,31846,31846,0,0,0,0,61.105251632784
682ynjpc(2),|682ynjpc(2),|682ynjpc(2),|682ynjpc(2),;28835.4,30842.5,30842.5,30842.5,15.68285478881,2.268184111477,2.268184111477,2.268184111477,66.105251632784
682ynjpc(2),|||;28835.4,31846,31846,31846,10.68285478881,0,0,0,71.105251632784
682ynjpc(2),|||;28835.4,31846,31846,31846,5.68285478881,0,0,0,76.105251632784
682ynjpc(2),|||;28835.4,31846,31846,31846,0.68285478881,0,0,0,81.105251632784
|||;31846,31846,31846,31846,0,0,0,0,86.105251632784
|||;31846,31846,31846,31846,0,0,0,0,91.105251632784
|||;31846,31846,31846,31846,0,0,0,0,96.105251632784
|||;31846,31846,31846,31846,0,0,0,0,101.105251632784
|||;31846,31846,31846,31846,0,0,0,0,106.105251632784
556qtcoz(2),608fylam(0),|556qtcoz(2),|556qtcoz(2),608fylam(0),|556qtcoz(2),608fylam(0),;28016.2,30637.7,29327,28016.2,29.477128822339,6.199056085209,20.545860897006,29.477128822339,111.105251632784
556qtcoz(2),608fylam(1),|556qtcoz(2),|556qtcoz(2),608fylam(1),|556qtcoz(2),608fylam(1),;28016.2,30637.7,29327,28016.2,24.477128822339,1.199056085209,15.545860897006,24.477128822339,116.105251632784
608fylam(2),||608fylam(2),|608fylam(2),;29224.5,31846,30535.3,29224.5,19.477128822339,0,10.545860897006,19.477128822339,121.105251632784
608fylam(2),||608fylam(2),|608fylam(2),;29224.5,31846,30535.3,29224.5,14.477128822339,0,5.545860897006,14.477128822339,126.105251632784
608fylam(2),||608fylam(3),|608fylam(2),;29224.5,31846,30535.3,29224.5,9.477128822339,0,0.545860897006,9.477128822339,131.105251632784
608fylam(3),||608fylam(3),|608fylam(3),;29224.5,31846,30535.3,29224.5,4.477128822339,0,0,4.477128822339,136.105251632784
608fylam(3),||608fylam(3),|608fylam(3),;29224.5,31846,30535.3,29224.5,0,0,0,0,141.105251632784
608fylam(3),||608fylam(3),|608fylam(3),;29224.5,31846,30535.3,29224.5,0,0,0,0,146.105251632784
608fylam(3),||608fylam(3),|608fylam(3),214mzujh(2),;29224.5,31846,30535.3,28502.6,0,0,0,4.026523307858,151.105251632784
608fylam(3),||608fylam(3),|608fylam(3),;29224.5,31846,30535.3,29224.5,0,0,0,0,156.105251632784
608fylam(3),||608fylam(3),|608fylam(3),;29224.5,31846,30535.3,29224.5,0,0,0,0,161.105251632784
608fylam(3),296xjtro(2),|296xjtro(2),|608fylam(3),296xjtro(2),|608fylam(3),296xjtro(2),;27596.3,30217.8,28093.1,26782.3,7.929447783807,7.929447783807,13.264602471807,13.264602471807,166.105251632784
608fylam(3),296xjtro(2),|296xjtro(2),|608fylam(3),296xjtro(2),|608fylam(3),296xjtro(2),;27596.3,30217.8,28093.1,26782.3,2.929447783807,2.929447783807,8.264602471807,8.264602471807,171.105251632784
608fylam(3),||608fylam(3),296xjtro(2),|608fylam(3),296xjtro(2),;29224.5,31846,28093.1,26782.3,0,0,3.264602471807,3.264602471807,176.105251632784
608fylam(3),216xyrds(2),|216xyrds(2),|608fylam(3),|608fylam(3),;28651.1,30699.1,30535.3,29224.5,1.265143624158,5.097906674824,0,0,181.105251632784
608fylam(3),||608fylam(3),|608fylam(3),;29224.5,31846,30535.3,29224.5,0,0.097906674824,0,0,186.105251632784
608fylam(3),||608fylam(3),|608fylam(3),;29224.5,31846,30535.3,29224.5,0,0,0,0,191.105251632784
608fylam(3),||608fylam(3),|608fylam(3),;29224.5,31846,30535.3,29224.5,0,0,0,0,196.105251632784
608fylam(3),||608fylam(3),|608fylam(3),;29224.5,31846,30535.3,29224.5,0,0,0,0,201.105251632784
608fylam(3),||608fylam(3),|608fylam(3),;29224.5,31846,30535.3,29224.5,0,0,0,0,206.105251632784
608fylam(3),||608fylam(3),|608fylam(3),;29224.5,31846,30535.3,29224.5,0,0,0,0,211.105251632784
608fylam(3),||608fylam(3),|608fylam(3),;29224.5,31846,30535.3,29224.5,0,0,0,0,216.105251632784
608fylam(3),||608fylam(3),|608fylam(3),;29224.5,31846,30535.3,29224.5,0,0,0,0,221.105251632784
608fylam(3),315fsocn(2),|315fsocn(2),|608fylam(3),315fsocn(2),|608fylam(3),315fsocn(2),;28128.8,30750.3,28343.9,28128.8,5.915077188611,5.915077188611,13.095725636611,5.915077188611,226.105251632784
608fylam(3),315fsocn(2),|315fsocn(2),|608fylam(3),315fsocn(2),|608fylam(3),315fsocn(2),;28128.8,30750.3,28343.9,28128.8,0.915077188611,0.915077188611,8.095725636611,0.915077188611,231.105251632784
608fylam(3),||608fylam(3),315fsocn(2),|608fylam(3),;29224.5,31846,28343.9,29224.5,0,0,3.095725636611,0,236.105251632784
608fylam(3),||608fylam(3),315fsocn(3),|608fylam(3),;29224.5,31846,28343.9,29224.5,0,0,0,0,241.105251632784
608fylam(3),||608fylam(3),315fsocn(3),|608fylam(3),;29224.5,31846,28343.9,29224.5,0,0,0,0,246.105251632784
608fylam(3),||608fylam(3),315fsocn(3),|608fylam(3),;29224.5,31846,28343.9,29224.5,0,0,0,0,251.105251632784
608fylam(3),||608fylam(3),315fsocn(3),|608fylam(3),;29224.5,31846,28343.9,29224.5,0,0,0,0,256.105251632784
608fylam(3),||608fylam(3),315fsocn(3),|608fylam(3),;29224.5,31846,28343.9,29224.5,0,0,0,0,261.105251632784
608fylam(3),||608fylam(3),315fsocn(3),|608fylam(3),;29224.5,31846,28343.9,29224.5,0,0,0,0,266.105251632784
||315fsocn(3),|;31845.9,31846,29654.6,31845.9,0,0,0,0,271.105251632784
||315fsocn(3),|;31845.9,31846,29654.6,31845.9,0,0,0,0,276.105251632784
||315fsocn(3),34uzwjt(2),|;31845.9,31846,28707.4,31845.9,0,0,6.215979562806,0,281.105251632784
||315fsocn(3),34uzwjt(2),|;31845.9,31846,28707.4,31845.9,0,0,1.215979562806,0,286.105251632784
||315fsocn(3),34uzwjt(3),|;31845.9,31846,28707.4,31845.9,0,0,0,0,291.105251632784
||34uzwjt(3),|;31845.9,31846,30898.8,31845.9,0,0,0,0,296.105251632784
||34uzwjt(3),|;31845.9,31846,30898.8,31845.9,0,0,0,0,301.105251632784
||34uzwjt(3),74iqzst(2),|;31845.9,31846,30013,31845.9,0,0,4.375891070238,0,306.105251632784
||34uzwjt(3),74iqzst(3),|;31845.9,31846,30013,31845.9,0,0,0,0,311.105251632784
||34uzwjt(3),74iqzst(3),|;31845.9,31846,30013,31845.9,0,0,0,0,316.105251632784
||34uzwjt(3),74iqzst(3),|;31845.9,31846,30013,31845.9,0,0,0,0,321.105251632784
||34uzwjt(3),74iqzst(3),|;31845.9,31846,30013,31845.9,0,0,0,0,326.105251632784
||34uzwjt(3),74iqzst(3),|;31845.9,31846,30013,31845.9,0,0,0,0,331.105251632784
||34uzwjt(3),74iqzst(3),|;31845.9,31846,30013,31845.9,0,0,0,0,336.105251632784
||34uzwjt(3),74iqzst(3),|;31845.9,31846,30013,31845.9,0,0,0,0,341.105251632784
||34uzwjt(3),74iqzst(3),|;31845.9,31846,30013,31845.9,0,0,0,0,346.105251632784
||34uzwjt(3),74iqzst(3),|;31845.9,31846,30013,31845.9,0,0,0,0,351.105251632784
||34uzwjt(3),74iqzst(3),|;31845.9,31846,30013,31845.9,0,0,0,0,356.105251632784
||34uzwjt(3),74iqzst(3),|;31845.9,31846,30013,31845.9,0,0,0,0,361.105251632784
||34uzwjt(3),74iqzst(3),|;31845.9,31846,30013,31845.9,0,0,0,0,366.105251632784
||34uzwjt(3),74iqzst(3),|;31845.9,31846,30013,31845.9,0,0,0,0,371.105251632784
||34uzwjt(3),74iqzst(3),|;31845.9,31846,30013,31845.9,0,0,0,0,376.105251632784
||34uzwjt(3),74iqzst(3),|;31845.9,31846,30013,31845.9,0,0,0,0,381.105251632784
||34uzwjt(3),74iqzst(3),|;31845.9,31846,30013,31845.9,0,0,0,0,386.105251632784
||34uzwjt(3),74iqzst(3),|;31845.9,31846,30013,31845.9,0,0,0,0,391.105251632784
||34uzwjt(3),74iqzst(3),|;31845.9,31846,30013,31845.9,0,0,0,0,396.105251632784
||34uzwjt(3),74iqzst(3),|;31845.9,31846,30013,31845.9,0,0,0,0,401.105251632784
||34uzwjt(3),74iqzst(3),|;31845.9,31846,30013,31845.9,0,0,0,0,406.105251632784
||34uzwjt(3),74iqzst(3),|;31845.9,31846,30013,31845.9,0,0,0,0,411.105251632784
||34uzwjt(3),74iqzst(3),|;31845.9,31846,30013,31845.9,0,0,0,0,416.105251632784
||34uzwjt(3),74iqzst(3),|;31845.9,31846,30013,31845.9,0,0,0,0,421.105251632784
||34uzwjt(3),74iqzst(3),|;31845.9,31846,30013,31845.9,0,0,0,0,426.105251632784
||34uzwjt(3),74iqzst(3),|;31845.9,31846,30013,31845.9,0,0,0,0,431.105251632784
||34uzwjt(3),74iqzst(3),|;31845.9,31846,30013,31845.9,0,0,0,0,436.105251632784
||34uzwjt(3),|;31845.9,31846,30898.8,31845.9,0,0,0,0,441.105251632784
||34uzwjt(3),|;31845.9,31846,30898.8,31845.9,0,0,0,0,446.105251632784
||34uzwjt(3),|;31845.9,31846,30898.8,31845.9,0,0,0,0,451.105251632784
163jicvz(2),||34uzwjt(3),163jicvz(2),|;30837.3,31846,29890.2,31845.9,5.961701455432,0,5.961701455432,0,456.105251632784
163jicvz(2),||34uzwjt(3),163jicvz(2),|;30837.3,31846,29890.2,31845.9,0.961701455432,0,0.961701455432,0,461.105251632784
163jicvz(3),||34uzwjt(3),163jicvz(3),|;30837.3,31846,29890.2,31845.9,0,0,0,0,466.105251632784
163jicvz(3),||34uzwjt(3),163jicvz(3),|;30837.3,31846,29890.2,31845.9,0,0,0,0,471.105251632784
163jicvz(3),||34uzwjt(3),163jicvz(3),|;30837.3,31846,29890.2,31845.9,0,0,0,0,476.105251632784
163jicvz(3),||34uzwjt(3),163jicvz(3),|;30837.3,31846,29890.2,31845.9,0,0,0,0,481.105251632784
163jicvz(3),||34uzwjt(3),163jicvz(3),|;30837.3,31846,29890.2,31845.9,0,0,0,0,486.105251632784
163jicvz(3),||34uzwjt(3),163jicvz(3),|;30837.3,31846,29890.2,31845.9,0,0,0,0,491.105251632784
163jicvz(3),||34uzwjt(3),163jicvz(3),|;30837.3,31846,29890.2,31845.9,0,0,0,0,496.105251632784
163jicvz(3),||34uzwjt(3),163jicvz(3),|;30837.3,31846,29890.2,31845.9,0,0,0,0,501.105251632784
163jicvz(3),||34uzwjt(3),163jicvz(3),|;30837.3,31846,29890.2,31845.9,0,0,0,0,506.105251632784
163jicvz(3),976ajxio(0),|976ajxio(0),|34uzwjt(3),163jicvz(3),976ajxio(0),|976ajxio(0),;30084.7,31093.4,27632.3,31093.3,6.638428112112,6.638428112112,16.503431120112,6.638428112112,511.105251632784
163jicvz(3),976ajxio(2),|976ajxio(2),|34uzwjt(3),163jicvz(3),976ajxio(2),|976ajxio(2),;30084.7,31093.4,27632.3,31093.3,1.638428112112,1.638428112112,11.503431120112,1.638428112112,516.105251632784
163jicvz(3),||34uzwjt(3),163jicvz(3),976ajxio(2),|;30837.3,31846,27632.3,31845.9,0,0,6.503431120112,0,521.105251632784
||34uzwjt(3),976ajxio(2),|;31845.9,31846,28640.9,31845.9,0,0,1.503431120112,0,526.105251632784
||34uzwjt(3),976ajxio(3),|;31845.9,31846,28640.9,31845.9,0,0,0,0,531.105251632784
||34uzwjt(3),976ajxio(3),|;31845.9,31846,28640.9,31845.9,0,0,0,0,536.105251632784
||34uzwjt(3),976ajxio(3),|;31845.9,31846,28640.9,31845.9,0,0,0,0,541.105251632784
||34uzwjt(3),976ajxio(3),|;31845.9,31846,28640.9,31845.9,0,0,0,0,546.105251632784
||34uzwjt(3),976ajxio(3),|;31845.9,31846,28640.9,31845.9,0,0,0,0,551.105251632784
||34uzwjt(3),976ajxio(3),|;31845.9,31846,28640.9,31845.9,0,0,0,0,556.105251632784
||34uzwjt(3),976ajxio(3),|;31845.9,31846,28640.9,31845.9,0,0,0,0,561.105251632784
||34uzwjt(3),976ajxio(3),|;31845.9,31846,28640.9,31845.9,0,0,0,0,566.105251632784
||34uzwjt(3),976ajxio(3),|;31845.9,31846,28640.9,31845.9,0,0,0,0,571.105251632784
||34uzwjt(3),976ajxio(3),|;31845.9,31846,28640.9,31845.9,0,0,0,0,576.105251632784
||34uzwjt(3),976ajxio(3),|;31845.9,31846,28640.9,31845.9,0,0,0,0,581.105251632784
||34uzwjt(3),|;31845.9,31846,30898.8,31845.9,0,0,0,0,586.105251632784
||34uzwjt(3),|;31845.9,31846,30898.8,31845.9,0,0,0,0,591.105251632784
||34uzwjt(3),|;31845.9,31846,30898.8,31845.9,0,0,0,0,596.105251632784
||34uzwjt(3),|;31845.9,31846,30898.8,31845.9,0,0,0,0,601.105251632784
||34uzwjt(3),|;31845.9,31846,30898.8,31845.9,0,0,0,0,606.105251632784
||34uzwjt(3),|;31845.9,31846,30898.8,31845.9,0,0,0,0,611.105251632784
||34uzwjt(3),|;31845.9,31846,30898.8,31845.9,0,0,0,0,616.105251632784
||34uzwjt(3),|;31845.9,31846,30898.8,31845.9,0,0,0,0,621.105251632784
||34uzwjt(3),|;31845.9,31846,30898.8,31845.9,0,0,0,0,626.105251632784
||34uzwjt(3),|;31845.9,31846,30898.8,31845.9,0,0,0,0,631.105251632784
||34uzwjt(3),|;31845.9,31846,30898.8,31845.9,0,0,0,0,636.105251632784
||34uzwjt(3),|;31845.9,31846,30898.8,31845.9,0,0,0,0,641.105251632784
||34uzwjt(3),|;31845.9,31846,30898.8,31845.9,0,0,0,0,646.105251632784
||34uzwjt(3),|;31845.9,31846,30898.8,31845.9,0,0,0,0,651.105251632784
||34uzwjt(3),|;31845.9,31846,30898.8,31845.9,0,0,0,0,656.105251632784
||34uzwjt(3),765xaikb(0),|;31845.9,31846,30197.4,31845.9,0,0,5.115990344085,0,661.105251632784
||34uzwjt(3),765xaikb(3),|;31845.9,31846,30197.4,31845.9,0,0,0.115990344085,0,666.105251632784
||34uzwjt(3),765xaikb(3),|;31845.9,31846,30197.4,31845.9,0,0,0,0,671.105251632784
||34uzwjt(3),765xaikb(3),|;31845.9,31846,30197.4,31845.9,0,0,0,0,676.105251632784
||34uzwjt(3),765xaikb(3),|;31845.9,31846,30197.4,31845.9,0,0,0,0,681.105251632784
||34uzwjt(3),765xaikb(3),|;31845.9,31846,30197.4,31845.9,0,0,0,0,686.105251632784
||34uzwjt(3),765xaikb(3),|;31845.9,31846,30197.4,31845.9,0,0,0,0,691.105251632784
607nvpji(0),||34uzwjt(3),765xaikb(3),|;31072.8,31846,30197.4,31845.9,6.148336842257,0,0,0,696.105251632784
607nvpji(2),||34uzwjt(3),765xaikb(3),|;31072.8,31846,30197.4,31845.9,1.148336842257,0,0,0,701.105251632784
607nvpji(3),||34uzwjt(3),765xaikb(3),|;31072.8,31846,30197.4,31845.9,0,0,0,0,706.105251632784
607nvpji(3),||34uzwjt(3),765xaikb(3),|;31072.8,31846,30197.4,31845.9,0,0,0,0,711.105251632784
607nvpji(3),||34uzwjt(3),765xaikb(3),|;31072.8,31846,30197.4,31845.9,0,0,0,0,716.105251632784
607nvpji(3),||34uzwjt(3),765xaikb(3),|;31072.8,31846,30197.4,31845.9,0,0,0,0,721.105251632784
607nvpji(3),||34uzwjt(3),765xaikb(3),|;31072.8,31846,30197.4,31845.9,0,0,0,0,726.105251632784
607nvpji(3),||34uzwjt(3),765xaikb(3),|;31072.8,31846,30197.4,31845.9,0,0,0,0,731.105251632784
607nvpji(3),||34uzwjt(3),765xaikb(3),534rdgmy(0),|;31072.8,31846,29291.2,31845.9,0,0,8.073559625223,0,736.105251632784
607nvpji(3),||34uzwjt(3),765xaikb(3),534rdgmy(2),|;31072.8,31846,29291.2,31845.9,0,0,3.073559625223,0,741.105251632784
607nvpji(3),|71oqhuj(0),|34uzwjt(3),765xaikb(3),534rdgmy(3),|;31072.8,30970.5,29291.2,31845.9,0,9.634140356493,0,0,746.105251632784
607nvpji(3),|71oqhuj(2),|34uzwjt(3),765xaikb(3),534rdgmy(3),|;31072.8,30970.5,29291.2,31845.9,0,4.634140356493,0,0,751.105251632784
607nvpji(3),|71oqhuj(3),|34uzwjt(3),765xaikb(3),534rdgmy(3),|;31072.8,30970.5,29291.2,31845.9,0,0,0,0,756.105251632784
607nvpji(3),|71oqhuj(3),|34uzwjt(3),765xaikb(3),534rdgmy(3),|;31072.8,30970.5,29291.2,31845.9,0,0,0,0,761.105251632784
607nvpji(3),|71oqhuj(3),|34uzwjt(3),765xaikb(3),534rdgmy(3),|;31072.8,30970.5,29291.2,31845.9,0,0,0,0,766.105251632784
607nvpji(3),|71oqhuj(3),|34uzwjt(3),765xaikb(3),534rdgmy(3),|;31072.8,30970.5,29291.2,31845.9,0,0,0,0,771.105251632784
607nvpji(3),|71oqhuj(3),|34uzwjt(3),765xaikb(3),534rdgmy(3),|;31072.8,30970.5,29291.2,31845.9,0,0,0,0,776.105251632784
607nvpji(3),|71oqhuj(3),|34uzwjt(3),765xaikb(3),534rdgmy(3),|;31072.8,30970.5,29291.2,31845.9,0,0,0,0,781.105251632784
607nvpji(3),|71oqhuj(3),|34uzwjt(3),765xaikb(3),534rdgmy(3),|;31072.8,30970.5,29291.2,31845.9,0,0,0,0,786.105251632784
607nvpji(3),|71oqhuj(3),|34uzwjt(3),765xaikb(3),534rdgmy(3),|;31072.8,30970.5,29291.2,31845.9,0,0,0,0,791.105251632784
607nvpji(3),|71oqhuj(3),|34uzwjt(3),765xaikb(3),534rdgmy(3),|;31072.8,30970.5,29291.2,31845.9,0,0,0,0,796.105251632784
607nvpji(3),|71oqhuj(3),|34uzwjt(3),765xaikb(3),534rdgmy(3),|;31072.8,30970.5,29291.2,31845.9,0,0,0,0,801.105251632784
607nvpji(3),|71oqhuj(3),691xeqdy(0),|34uzwjt(3),765xaikb(3),534rdgmy(3),691xeqdy(0),|;31072.8,30325.4,28646.1,31845.9,0,6.531235731201,6.531235731201,0,806.105251632784
607nvpji(3),|71oqhuj(3),691xeqdy(2),|34uzwjt(3),765xaikb(3),534rdgmy(3),691xeqdy(2),|;31072.8,30325.4,28646.1,31845.9,0,1.531235731201,1.531235731201,0,811.105251632784
607nvpji(3),|71oqhuj(3),691xeqdy(3),|34uzwjt(3),765xaikb(3),534rdgmy(3),691xeqdy(3),|;31072.8,30325.4,28646.1,31845.9,0,0,0,0,816.105251632784
607nvpji(3),|71oqhuj(3),691xeqdy(3),|34uzwjt(3),765xaikb(3),534rdgmy(3),691xeqdy(3),|;31072.8,30325.4,28646.1,31845.9,0,0,0,0,821.105251632784
607nvpji(3),|71oqhuj(3),691xeqdy(3),|34uzwjt(3),765xaikb(3),691xeqdy(3),|;31072.8,30325.4,29552.3,31845.9,0,0,0,0,826.105251632784
607nvpji(3),|71oqhuj(3),691xeqdy(3),|34uzwjt(3),765xaikb(3),691xeqdy(3),|;31072.8,30325.4,29552.3,31845.9,0,0,0,0,831.105251632784
607nvpji(3),|71oqhuj(3),691xeqdy(3),|34uzwjt(3),765xaikb(3),691xeqdy(3),|;31072.8,30325.4,29552.3,31845.9,0,0,0,0,836.105251632784
607nvpji(3),|71oqhuj(3),691xeqdy(3),|34uzwjt(3),765xaikb(3),691xeqdy(3),|;31072.8,30325.4,29552.3,31845.9,0,0,0,0,841.105251632784
607nvpji(3),|71oqhuj(3),691xeqdy(3),|34uzwjt(3),765xaikb(3),691xeqdy(3),|;31072.8,30325.4,29552.3,31845.9,0,0,0,0,846.105251632784
607nvpji(3),|71oqhuj(3),691xeqdy(3),|34uzwjt(3),765xaikb(3),691xeqdy(3),|;31072.8,30325.4,29552.3,31845.9,0,0,0,0,851.105251632784
607nvpji(3),|71oqhuj(3),691xeqdy(3),|34uzwjt(3),765xaikb(3),691xeqdy(3),|;31072.8,30325.4,29552.3,31845.9,0,0,0,0,856.105251632784
607nvpji(3),|71oqhuj(3),691xeqdy(3),|34uzwjt(3),765xaikb(3),691xeqdy(3),|;31072.8,30325.4,29552.3,31845.9,0,0,0,0,861.105251632784
607nvpji(3),|71oqhuj(3),691xeqdy(3),|34uzwjt(3),765xaikb(3),691xeqdy(3),|;31072.8,30325.4,29552.3,31845.9,0,0,0,0,866.105251632784
607nvpji(3),|71oqhuj(3),691xeqdy(3),|34uzwjt(3),765xaikb(3),691xeqdy(3),|;31072.8,30325.4,29552.3,31845.9,0,0,0,0,871.105251632784
607nvpji(3),|71oqhuj(3),691xeqdy(3),|34uzwjt(3),765xaikb(3),691xeqdy(3),|;31072.8,30325.4,29552.3,31845.9,0,0,0,0,876.105251632784
607nvpji(3),|71oqhuj(3),691xeqdy(3),|34uzwjt(3),765xaikb(3),691xeqdy(3),|;31072.8,30325.4,29552.3,31845.9,0,0,0,0,881.105251632784
607nvpji(3),|71oqhuj(3),691xeqdy(3),|34uzwjt(3),765xaikb(3),691xeqdy(3),|;31072.8,30325.4,29552.3,31845.9,0,0,0,0,886.105251632784
607nvpji(3),|71oqhuj(3),691xeqdy(3),|34uzwjt(3),765xaikb(3),691xeqdy(3),|;31072.8,30325.4,29552.3,31845.9,0,0,0,0,891.105251632784
607nvpji(3),|71oqhuj(3),691xeqdy(3),|34uzwjt(3),765xaikb(3),691xeqdy(3),|;31072.8,30325.4,29552.3,31845.9,0,0,0,0,896.105251632784
607nvpji(3),|71oqhuj(3),|34uzwjt(3),765xaikb(3),|;31072.8,30970.5,30197.4,31845.9,0,0,0,0,901.105251632784
607nvpji(3),|71oqhuj(3),|34uzwjt(3),765xaikb(3),|;31072.8,30970.5,30197.4,31845.9,0,0,0,0,906.105251632784
607nvpji(3),|71oqhuj(3),|34uzwjt(3),765xaikb(3),|;31072.8,30970.5,30197.4,31845.9,0,0,0,0,911.105251632784
607nvpji(3),|71oqhuj(3),|34uzwjt(3),765xaikb(3),|;31072.8,30970.5,30197.4,31845.9,0,0,0,0,916.105251632784
607nvpji(3),|71oqhuj(3),|34uzwjt(3),765xaikb(3),|;31072.8,30970.5,30197.4,31845.9,0,0,0,0,921.105251632784
607nvpji(3),|71oqhuj(3),|34uzwjt(3),765xaikb(3),|;31072.8,30970.5,30197.4,31845.9,0,0,0,0,926.105251632784
607nvpji(3),|71oqhuj(3),|34uzwjt(3),765xaikb(3),|;31072.8,30970.5,30197.4,31845.9,0,0,0,0,931.105251632784
607nvpji(3),132oxqiv(0),|71oqhuj(3),132oxqiv(0),|34uzwjt(3),765xaikb(3),132oxqiv(0),|132oxqiv(0),;30458.4,29741.7,28968.6,31231.5,6.079341375767,10.185873215767,10.185873215767,6.079341375767,936.105251632784
607nvpji(3),132oxqiv(2),|71oqhuj(3),132oxqiv(2),|34uzwjt(3),765xaikb(3),132oxqiv(2),|132oxqiv(2),;30458.4,29741.7,28968.6,31231.5,1.079341375767,5.185873215767,5.185873215767,1.079341375767,941.105251632784
607nvpji(3),|71oqhuj(3),|34uzwjt(3),765xaikb(3),|;31072.8,30970.5,30197.4,31845.9,0,0.185873215767,0.185873215767,0,946.105251632784
607nvpji(3),|71oqhuj(3),|34uzwjt(3),765xaikb(3),|;31072.8,30970.5,30197.4,31845.9,0,0,0,0,951.105251632784
607nvpji(3),|71oqhuj(3),|34uzwjt(3),765xaikb(3),|;31072.8,30970.5,30197.4,31845.9,0,0,0,0,956.105251632784
607nvpji(3),|71oqhuj(3),|34uzwjt(3),765xaikb(3),|;31072.8,30970.5,30197.4,31845.9,0,0,0,0,961.105251632784
607nvpji(3),|71oqhuj(3),|34uzwjt(3),765xaikb(3),|;31072.8,30970.5,30197.4,31845.9,0,0,0,0,966.105251632784
607nvpji(3),|71oqhuj(3),247qabre(0),|34uzwjt(3),765xaikb(3),|;31072.8,30438,30197.4,31845.9,0,6.68234746737,0,0,971.105251632784
607nvpji(3),478jmiaq(0),|71oqhuj(3),247qabre(2),478jmiaq(0),|34uzwjt(3),765xaikb(3),478jmiaq(0),|478jmiaq(0),;28369.4,28635.8,27494,30043.7,19.685503538926,19.268365940414,19.685503538926,13.54525684026,976.105251632784
607nvpji(3),478jmiaq(2),|478jmiaq(2),|34uzwjt(3),765xaikb(3),478jmiaq(2),|478jmiaq(2),;28369.4,30043.8,27494,30043.7,14.685503538926,14.268365940414,14.685503538926,8.54525684026,981.105251632784
607nvpji(3),478jmiaq(2),|478jmiaq(2),|34uzwjt(3),765xaikb(3),478jmiaq(2),|478jmiaq(2),;28369.4,30043.8,27494,30043.7,9.685503538926,9.268365940414,9.685503538926,3.54525684026,986.105251632784
607nvpji(3),478jmiaq(2),|478jmiaq(3),|34uzwjt(3),765xaikb(3),478jmiaq(2),|478jmiaq(3),;28369.4,30043.8,27494,30043.7,4.685503538926,4.268365940414,4.685503538926,0,991.105251632784
607nvpji(3),478jmiaq(3),|478jmiaq(3),|34uzwjt(3),765xaikb(3),478jmiaq(3),|478jmiaq(3),;28369.4,30043.8,27494,30043.7,0,0,0,0,996.105251632784
607nvpji(3),478jmiaq(3),|478jmiaq(3),|34uzwjt(3),765xaikb(3),478jmiaq(3),|478jmiaq(3),;28369.4,30043.8,27494,30043.7,0,0,0,0,1001.105251632784
607nvpji(3),478jmiaq(3),|478jmiaq(3),|34uzwjt(3),765xaikb(3),478jmiaq(3),|478jmiaq(3),;28369.4,30043.8,27494,30043.7,0,0,0,0,1006.105251632784
607nvpji(3),478jmiaq(3),828culem(0),|478jmiaq(3),|34uzwjt(3),765xaikb(3),478jmiaq(3),|478jmiaq(3),;27575.8,30043.8,27494,30043.7,10.455581786801,0,0,0,1011.105251632784
607nvpji(3),478jmiaq(3),828culem(0),|478jmiaq(3),|34uzwjt(3),765xaikb(3),478jmiaq(3),|478jmiaq(3),;27575.8,30043.8,27494,30043.7,5.455581786801,0,0,0,1016.105251632784
607nvpji(3),478jmiaq(3),828culem(2),|478jmiaq(3),662ecuyh(0),|34uzwjt(3),765xaikb(3),478jmiaq(3),|478jmiaq(3),;27575.8,29347.5,27494,30043.7,0.455581786801,8.402356257379,0,0,1021.105251632784
607nvpji(3),478jmiaq(3),828culem(3),|478jmiaq(3),662ecuyh(2),|34uzwjt(3),765xaikb(3),478jmiaq(3),|478jmiaq(3),;27575.8,29347.5,27494,30043.7,0,3.402356257379,0,0,1026.105251632784
607nvpji(3),478jmiaq(3),828culem(3),|478jmiaq(3),|34uzwjt(3),765xaikb(3),478jmiaq(3),|478jmiaq(3),;27575.8,30043.8,27494,30043.7,0,0,0,0,1031.105251632784
607nvpji(3),478jmiaq(3),828culem(3),|478jmiaq(3),|34uzwjt(3),765xaikb(3),478jmiaq(3),|478jmiaq(3),;27575.8,30043.8,27494,30043.7,0,0,0,0,1036.105251632784
607nvpji(3),478jmiaq(3),828culem(3),|478jmiaq(3),|34uzwjt(3),765xaikb(3),478jmiaq(3),|478jmiaq(3),;27575.8,30043.8,27494,30043.7,0,0,0,0,1041.105251632784
607nvpji(3),478jmiaq(3),828culem(3),|478jmiaq(3),|34uzwjt(3),765xaikb(3),478jmiaq(3),|478jmiaq(3),;27575.8,30043.8,27494,30043.7,0,0,0,0,1046.105251632784
607nvpji(3),478jmiaq(3),828culem(3),|478jmiaq(3),|34uzwjt(3),765xaikb(3),478jmiaq(3),|478jmiaq(3),;27575.8,30043.8,27494,30043.7,0,0,0,0,1051.105251632784
607nvpji(3),478jmiaq(3),828culem(3),|478jmiaq(3),|34uzwjt(3),765xaikb(3),478jmiaq(3),|478jmiaq(3),;27575.8,30043.8,27494,30043.7,0,0,0,0,1056.105251632784
607nvpji(3),478jmiaq(3),828culem(3),|478jmiaq(3),|34uzwjt(3),765xaikb(3),478jmiaq(3),|478jmiaq(3),;27575.8,30043.8,27494,30043.7,0,0,0,0,1061.105251632784
607nvpji(3),478jmiaq(3),828culem(3),|478jmiaq(3),213clstq(0),|34uzwjt(3),765xaikb(3),478jmiaq(3),|478jmiaq(3),;27575.8,28272.3,27494,30043.7,0,15.210028569016,0,0,1066.105251632784
607nvpji(3),478jmiaq(3),828culem(3),|478jmiaq(3),213clstq(2),|34uzwjt(3),765xaikb(3),478jmiaq(3),|478jmiaq(3),;27575.8,28272.3,27494,30043.7,0,10.210028569016,0,0,1071.105251632784
607nvpji(3),478jmiaq(3),828culem(3),|478jmiaq(3),213clstq(2),|34uzwjt(3),765xaikb(3),478jmiaq(3),|478jmiaq(3),;27575.8,28272.3,27494,30043.7,0,5.210028569016,0,0,1076.105251632784
607nvpji(3),478jmiaq(3),828culem(3),|478jmiaq(3),213clstq(3),|34uzwjt(3),765xaikb(3),478jmiaq(3),|478jmiaq(3),;27575.8,28272.3,27494,30043.7,0,0.210028569016,0,0,1081.105251632784
607nvpji(3),478jmiaq(3),828culem(3),|478jmiaq(3),213clstq(3),|34uzwjt(3),765xaikb(3),478jmiaq(3),|478jmiaq(3),;27575.8,28272.3,27494,30043.7,0,0,0,0,1086.105251632784
607nvpji(3),478jmiaq(3),828culem(3),|478jmiaq(3),213clstq(3),|34uzwjt(3),765xaikb(3),478jmiaq(3),|478jmiaq(3),;27575.8,28272.3,27494,30043.7,0,0,0,0,1091.105251632784
607nvpji(3),478jmiaq(3),828culem(3),|478jmiaq(3),213clstq(3),|34uzwjt(3),765xaikb(3),478jmiaq(3),|478jmiaq(3),;27575.8,28272.3,27494,30043.7,0,0,0,0,1096.105251632784
607nvpji(3),478jmiaq(3),828culem(3),|478jmiaq(3),213clstq(3),|34uzwjt(3),765xaikb(3),478jmiaq(3),|478jmiaq(3),;27575.8,28272.3,27494,30043.7,0,0,0,0,1101.105251632784
607nvpji(3),478jmiaq(3),828culem(3),|478jmiaq(3),213clstq(3),|34uzwjt(3),765xaikb(3),478jmiaq(3),|478jmiaq(3),;27575.8,28272.3,27494,30043.7,0,0,0,0,1106.105251632784
607nvpji(3),478jmiaq(3),828culem(3),|478jmiaq(3),213clstq(3),|34uzwjt(3),765xaikb(3),478jmiaq(3),|478jmiaq(3),;27575.8,28272.3,27494,30043.7,0,0,0,0,1111.105251632784
607nvpji(3),478jmiaq(3),828culem(3),|478jmiaq(3),213clstq(3),|34uzwjt(3),765xaikb(3),478jmiaq(3),|478jmiaq(3),;27575.8,28272.3,27494,30043.7,0,0,0,0,1116.105251632784
607nvpji(3),478jmiaq(3),|478jmiaq(3),213clstq(3),|34uzwjt(3),765xaikb(3),478jmiaq(3),|478jmiaq(3),;28369.4,28272.3,27494,30043.7,0,0,0,0,1121.105251632784
607nvpji(3),478jmiaq(3),|478jmiaq(3),213clstq(3),|34uzwjt(3),765xaikb(3),478jmiaq(3),|478jmiaq(3),;28369.4,28272.3,27494,30043.7,0,0,0,0,1126.105251632784
607nvpji(3),478jmiaq(3),|478jmiaq(3),213clstq(3),|34uzwjt(3),765xaikb(3),478jmiaq(3),|478jmiaq(3),;28369.4,28272.3,27494,30043.7,0,0,0,0,1131.105251632784
478jmiaq(3),|478jmiaq(3),213clstq(3),|34uzwjt(3),765xaikb(3),478jmiaq(3),|478jmiaq(3),;29142.5,28272.3,27494,30043.7,0,0,0,0,1136.105251632784
478jmiaq(3),|478jmiaq(3),213clstq(3),|34uzwjt(3),765xaikb(3),478jmiaq(3),|478jmiaq(3),;29142.5,28272.3,27494,30043.7,0,0,0,0,1141.105251632784
478jmiaq(3),|478jmiaq(3),213clstq(3),|34uzwjt(3),765xaikb(3),478jmiaq(3),|478jmiaq(3),;29142.5,28272.3,27494,30043.7,0,0,0,0,1146.105251632784
478jmiaq(3),|478jmiaq(3),213clstq(3),|34uzwjt(3),765xaikb(3),478jmiaq(3),|478jmiaq(3),;29142.5,28272.3,27494,30043.7,0,0,0,0,1151.105251632784
478jmiaq(3),|478jmiaq(3),213clstq(3),|34uzwjt(3),765xaikb(3),478jmiaq(3),|478jmiaq(3),;29142.5,28272.3,27494,30043.7,0,0,0,0,1156.105251632784
478jmiaq(3),|478jmiaq(3),213clstq(3),|34uzwjt(3),765xaikb(3),478jmiaq(3),|478jmiaq(3),;29142.5,28272.3,27494,30043.7,0,0,0,0,1161.105251632784
478jmiaq(3),|478jmiaq(3),213clstq(3),|34uzwjt(3),765xaikb(3),478jmiaq(3),|478jmiaq(3),;29142.5,28272.3,27494,30043.7,0,0,0,0,1166.105251632784
478jmiaq(3),|478jmiaq(3),213clstq(3),|34uzwjt(3),765xaikb(3),478jmiaq(3),|478jmiaq(3),;29142.5,28272.3,27494,30043.7,0,0,0,0,1171.105251632784
478jmiaq(3),|478jmiaq(3),213clstq(3),|34uzwjt(3),765xaikb(3),478jmiaq(3),|478jmiaq(3),;29142.5,28272.3,27494,30043.7,0,0,0,0,1176.105251632784
478jmiaq(3),|478jmiaq(3),213clstq(3),|34uzwjt(3),765xaikb(3),478jmiaq(3),|478jmiaq(3),;29142.5,28272.3,27494,30043.7,0,0,0,0,1181.105251632784
478jmiaq(3),|478jmiaq(3),213clstq(3),|34uzwjt(3),765xaikb(3),478jmiaq(3),|478jmiaq(3),;29142.5,28272.3,27494,30043.7,0,0,0,0,1186.105251632784
478jmiaq(3),|478jmiaq(3),213clstq(3),|34uzwjt(3),765xaikb(3),478jmiaq(3),|478jmiaq(3),;29142.5,28272.3,27494,30043.7,0,0,0,0,1191.105251632784
478jmiaq(3),|478jmiaq(3),213clstq(3),478swhgz(0),|34uzwjt(3),478jmiaq(3),478swhgz(0),|478jmiaq(3),;29142.5,26838.7,27478.6,30043.7,0,13.151908485151,8.360954671818,0,1196.105251632784
478jmiaq(3),|478jmiaq(3),213clstq(3),478swhgz(2),|34uzwjt(3),478jmiaq(3),478swhgz(2),|478jmiaq(3),;29142.5,26838.7,27478.6,30043.7,0,8.151908485151,3.360954671818,0,1201.105251632784
478jmiaq(3),|478jmiaq(3),213clstq(3),478swhgz(2),|34uzwjt(3),478jmiaq(3),478swhgz(3),|478jmiaq(3),;29142.5,26838.7,27478.6,30043.7,0,3.151908485151,0,0,1206.105251632784
478jmiaq(3),|478jmiaq(3),213clstq(3),478swhgz(3),|34uzwjt(3),478jmiaq(3),478swhgz(3),|478jmiaq(3),;29142.5,26838.7,27478.6,30043.7,0,0,0,0,1211.105251632784
478jmiaq(3),|478jmiaq(3),213clstq(3),478swhgz(3),|34uzwjt(3),478jmiaq(3),478swhgz(3),|478jmiaq(3),;29142.5,26838.7,27478.6,30043.7,0,0,0,0,1216.105251632784
478jmiaq(3),|478jmiaq(3),213clstq(3),478swhgz(3),|34uzwjt(3),478jmiaq(3),478swhgz(3),|478jmiaq(3),;29142.5,26838.7,27478.6,30043.7,0,0,0,0,1221.105251632784
478jmiaq(3),|478jmiaq(3),213clstq(3),478swhgz(3),|34uzwjt(3),478jmiaq(3),478swhgz(3),|478jmiaq(3),;29142.5,26838.7,27478.6,30043.7,0,0,0,0,1226.105251632784
478jmiaq(3),|478jmiaq(3),213clstq(3),478swhgz(3),|34uzwjt(3),478jmiaq(3),478swhgz(3),|478jmiaq(3),;29142.5,26838.7,27478.6,30043.7,0,0,0,0,1231.105251632784
478jmiaq(3),|478jmiaq(3),213clstq(3),478swhgz(3),|34uzwjt(3),478jmiaq(3),478swhgz(3),|478jmiaq(3),;29142.5,26838.7,27478.6,30043.7,0,0,0,0,1236.105251632784
478jmiaq(3),|478jmiaq(3),213clstq(3),478swhgz(3),|34uzwjt(3),478jmiaq(3),478swhgz(3),|478jmiaq(3),;29142.5,26838.7,27478.6,30043.7,0,0,0,0,1241.105251632784
478jmiaq(3),|478jmiaq(3),213clstq(3),478swhgz(3),|34uzwjt(3),478jmiaq(3),478swhgz(3),|478jmiaq(3),;29142.5,26838.7,27478.6,30043.7,0,0,0,0,1246.105251632784
478jmiaq(3),|478jmiaq(3),213clstq(3),478swhgz(3),|34uzwjt(3),478jmiaq(3),478swhgz(3),|478jmiaq(3),;29142.5,26838.7,27478.6,30043.7,0,0,0,0,1251.105251632784
478jmiaq(3),|478jmiaq(3),213clstq(3),478swhgz(3),|34uzwjt(3),478jmiaq(3),478swhgz(3),|478jmiaq(3),;29142.5,26838.7,27478.6,30043.7,0,0,0,0,1256.105251632784
478jmiaq(3),368nxqdp(0),|478jmiaq(3),213clstq(3),478swhgz(3),368nxqdp(0),|34uzwjt(3),478jmiaq(3),478swhgz(3),368nxqdp(0),|478jmiaq(3),368nxqdp(0),;26577.4,25128.6,24058.4,29188.7,20.51453037567,14.688273565003,26.340787186337,8.862016754337,1261.105251632784
478jmiaq(3),368nxqdp(2),|478jmiaq(3),213clstq(3),478swhgz(3),368nxqdp(2),|34uzwjt(3),478jmiaq(3),478swhgz(3),368nxqdp(2),|478jmiaq(3),368nxqdp(2),;26577.4,25128.6,24058.4,29188.7,15.51453037567,9.688273565003,21.340787186337,3.862016754337,1266.105251632784
478jmiaq(3),368nxqdp(2),|478jmiaq(3),213clstq(3),478swhgz(3),368nxqdp(2),|34uzwjt(3),478jmiaq(3),478swhgz(3),368nxqdp(2),|478jmiaq(3),368nxqdp(3),;26577.4,25128.6,24058.4,29188.7,10.51453037567,4.688273565003,16.340787186337,0,1271.105251632784
478jmiaq(3),368nxqdp(2),|478jmiaq(3),213clstq(3),478swhgz(3),368nxqdp(3),|34uzwjt(3),478jmiaq(3),478swhgz(3),368nxqdp(2),|478jmiaq(3),368nxqdp(3),;26577.4,25128.6,24058.4,29188.7,5.51453037567,0,11.340787186337,0,1276.105251632784
478jmiaq(3),368nxqdp(2),|478jmiaq(3),213clstq(3),478swhgz(3),368nxqdp(3),|34uzwjt(3),478jmiaq(3),478swhgz(3),368nxqdp(2),|478jmiaq(3),368nxqdp(3),;26577.4,25128.6,24058.4,29188.7,0.51453037567,0,6.340787186337,0,1281.105251632784
478jmiaq(3),368nxqdp(3),|478jmiaq(3),213clstq(3),478swhgz(3),368nxqdp(3),|34uzwjt(3),478jmiaq(3),478swhgz(3),368nxqdp(2),|478jmiaq(3),368nxqdp(3),;26577.4,25128.6,24058.4,29188.7,0,0,1.340787186337,0,1286.105251632784
478jmiaq(3),368nxqdp(3),|478jmiaq(3),213clstq(3),478swhgz(3),368nxqdp(3),|34uzwjt(3),478jmiaq(3),478swhgz(3),368nxqdp(3),|478jmiaq(3),368nxqdp(3),;26577.4,25128.6,24058.4,29188.7,0,0,0,0,1291.105251632784
478jmiaq(3),368nxqdp(3),|478jmiaq(3),213clstq(3),478swhgz(3),368nxqdp(3),|34uzwjt(3),478jmiaq(3),478swhgz(3),368nxqdp(3),|478jmiaq(3),368nxqdp(3),;26577.4,25128.6,24058.4,29188.7,0,0,0,0,1296.105251632784
478jmiaq(3),368nxqdp(3),|478jmiaq(3),213clstq(3),478swhgz(3),368nxqdp(3),|34uzwjt(3),478jmiaq(3),478swhgz(3),368nxqdp(3),|478jmiaq(3),368nxqdp(3),;26577.4,25128.6,24058.4,29188.7,0,0,0,0,1301.105251632784
478jmiaq(3),368nxqdp(3),|478jmiaq(3),213clstq(3),478swhgz(3),368nxqdp(3),|34uzwjt(3),478jmiaq(3),478swhgz(3),368nxqdp(3),|478jmiaq(3),368nxqdp(3),;26577.4,25128.6,24058.4,29188.7,0,0,0,0,1306.105251632784
478jmiaq(3),368nxqdp(3),|478jmiaq(3),213clstq(3),478swhgz(3),368nxqdp(3),|34uzwjt(3),478jmiaq(3),478swhgz(3),368nxqdp(3),|478jmiaq(3),368nxqdp(3),;26577.4,25128.6,24058.4,29188.7,0,0,0,0,1311.105251632784
478jmiaq(3),368nxqdp(3),|478jmiaq(3),213clstq(3),478swhgz(3),368nxqdp(3),|34uzwjt(3),478jmiaq(3),478swhgz(3),368nxqdp(3),|478jmiaq(3),368nxqdp(3),;26577.4,25128.6,24058.4,29188.7,0,0,0,0,1316.105251632784
478jmiaq(3),368nxqdp(3),|478jmiaq(3),213clstq(3),478swhgz(3),368nxqdp(3),|34uzwjt(3),478jmiaq(3),478swhgz(3),368nxqdp(3),|478jmiaq(3),368nxqdp(3),;26577.4,25128.6,24058.4,29188.7,0,0,0,0,1321.105251632784
478jmiaq(3),368nxqdp(3),|478jmiaq(3),213clstq(3),478swhgz(3),368nxqdp(3),|34uzwjt(3),478jmiaq(3),478swhgz(3),368nxqdp(3),|478jmiaq(3),368nxqdp(3),;26577.4,25128.6,24058.4,29188.7,0,0,0,0,1326.105251632784
478jmiaq(3),368nxqdp(3),|478jmiaq(3),213clstq(3),478swhgz(3),368nxqdp(3),|34uzwjt(3),478jmiaq(3),478swhgz(3),368nxqdp(3),|478jmiaq(3),368nxqdp(3),;26577.4,25128.6,24058.4,29188.7,0,0,0,0,1331.105251632784
478jmiaq(3),368nxqdp(3),|478jmiaq(3),213clstq(3),478swhgz(3),368nxqdp(3),|34uzwjt(3),478jmiaq(3),478swhgz(3),368nxqdp(3),|478jmiaq(3),368nxqdp(3),;26577.4,25128.6,24058.4,29188.7,0,0,0,0,1336.105251632784
478jmiaq(3),368nxqdp(3),|478jmiaq(3),213clstq(3),478swhgz(3),368nxqdp(3),|34uzwjt(3),478jmiaq(3),478swhgz(3),368nxqdp(3),|478jmiaq(3),368nxqdp(3),;26577.4,25128.6,24058.4,29188.7,0,0,0,0,1341.105251632784
478jmiaq(3),368nxqdp(3),|478jmiaq(3),213clstq(3),478swhgz(3),368nxqdp(3),|34uzwjt(3),478jmiaq(3),478swhgz(3),368nxqdp(3),|478jmiaq(3),368nxqdp(3),;26577.4,25128.6,24058.4,29188.7,0,0,0,0,1346.105251632784
478jmiaq(3),368nxqdp(3),|478jmiaq(3),213clstq(3),478swhgz(3),368nxqdp(3),|34uzwjt(3),478jmiaq(3),478swhgz(3),368nxqdp(3),|478jmiaq(3),368nxqdp(3),;26577.4,25128.6,24058.4,29188.7,0,0,0,0,1351.105251632784
478jmiaq(3),368nxqdp(3),|478jmiaq(3),213clstq(3),478swhgz(3),368nxqdp(3),|34uzwjt(3),478jmiaq(3),478swhgz(3),368nxqdp(3),|478jmiaq(3),368nxqdp(3),;26577.4,25128.6,24058.4,29188.7,0,0,0,0,1356.105251632784
478jmiaq(3),368nxqdp(3),|478jmiaq(3),213clstq(3),478swhgz(3),368nxqdp(3),|34uzwjt(3),478jmiaq(3),478swhgz(3),368nxqdp(3),|478jmiaq(3),368nxqdp(3),;26577.4,25128.6,24058.4,29188.7,0,0,0,0,1361.105251632784
478jmiaq(3),368nxqdp(3),|478jmiaq(3),213clstq(3),478swhgz(3),368nxqdp(3),|34uzwjt(3),478jmiaq(3),478swhgz(3),368nxqdp(3),|478jmiaq(3),368nxqdp(3),;26577.4,25128.6,24058.4,29188.7,0,0,0,0,1366.105251632784
478jmiaq(3),368nxqdp(3),|478jmiaq(3),213clstq(3),478swhgz(3),368nxqdp(3),|34uzwjt(3),478jmiaq(3),478swhgz(3),368nxqdp(3),|478jmiaq(3),368nxqdp(3),;26577.4,25128.6,24058.4,29188.7,0,0,0,0,1371.105251632784
478jmiaq(3),368nxqdp(3),|478jmiaq(3),213clstq(3),478swhgz(3),368nxqdp(3),|34uzwjt(3),478jmiaq(3),478swhgz(3),368nxqdp(3),|478jmiaq(3),368nxqdp(3),;26577.4,25128.6,24058.4,29188.7,0,0,0,0,1376.105251632784
478jmiaq(3),368nxqdp(3),|478jmiaq(3),213clstq(3),478swhgz(3),368nxqdp(3),|34uzwjt(3),478jmiaq(3),478swhgz(3),368nxqdp(3),|478jmiaq(3),368nxqdp(3),;26577.4,25128.6,24058.4,29188.7,0,0,0,0,1381.105251632784
478jmiaq(3),368nxqdp(3),|478jmiaq(3),213clstq(3),478swhgz(3),368nxqdp(3),|34uzwjt(3),478jmiaq(3),478swhgz(3),368nxqdp(3),|478jmiaq(3),368nxqdp(3),;26577.4,25128.6,24058.4,29188.7,0,0,0,0,1386.105251632784
478jmiaq(3),368nxqdp(3),|478jmiaq(3),213clstq(3),478swhgz(3),368nxqdp(3),|34uzwjt(3),478jmiaq(3),478swhgz(3),368nxqdp(3),|478jmiaq(3),368nxqdp(3),;26577.4,25128.6,24058.4,29188.7,0,0,0,0,1391.105251632784
478jmiaq(3),368nxqdp(3),|478jmiaq(3),213clstq(3),478swhgz(3),368nxqdp(3),|34uzwjt(3),478jmiaq(3),478swhgz(3),368nxqdp(3),|478jmiaq(3),368nxqdp(3),;26577.4,25128.6,24058.4,29188.7,0,0,0,0,1396.105251632784
478jmiaq(3),368nxqdp(3),|478jmiaq(3),213clstq(3),478swhgz(3),368nxqdp(3),|34uzwjt(3),478jmiaq(3),478swhgz(3),368nxqdp(3),|478jmiaq(3),368nxqdp(3),;26577.4,25128.6,24058.4,29188.7,0,0,0,0,1401.105251632784
478jmiaq(3),368nxqdp(3),|478jmiaq(3),213clstq(3),478swhgz(3),368nxqdp(3),|34uzwjt(3),478jmiaq(3),478swhgz(3),368nxqdp(3),|478jmiaq(3),368nxqdp(3),;26577.4,25128.6,24058.4,29188.7,0,0,0,0,1406.105251632784
478jmiaq(3),368nxqdp(3),|478jmiaq(3),213clstq(3),478swhgz(3),368nxqdp(3),|34uzwjt(3),478jmiaq(3),478swhgz(3),368nxqdp(3),|478jmiaq(3),368nxqdp(3),;26577.4,25128.6,24058.4,29188.7,0,0,0,0,1411.105251632784
478jmiaq(3),368nxqdp(3),|478jmiaq(3),213clstq(3),478swhgz(3),368nxqdp(3),|34uzwjt(3),478jmiaq(3),478swhgz(3),368nxqdp(3),|478jmiaq(3),368nxqdp(3),;26577.4,25128.6,24058.4,29188.7,0,0,0,0,1416.105251632784
478jmiaq(3),368nxqdp(3),|478jmiaq(3),213clstq(3),478swhgz(3),368nxqdp(3),|34uzwjt(3),478jmiaq(3),478swhgz(3),368nxqdp(3),|478jmiaq(3),368nxqdp(3),;26577.4,25128.6,24058.4,29188.7,0,0,0,0,1421.105251632784
478jmiaq(3),368nxqdp(3),|478jmiaq(3),478swhgz(3),368nxqdp(3),|34uzwjt(3),478jmiaq(3),478swhgz(3),368nxqdp(3),|478jmiaq(3),368nxqdp(3),;26577.4,26900.1,24058.4,29188.7,0,0,0,0,1426.105251632784
478jmiaq(3),368nxqdp(3),|478jmiaq(3),478swhgz(3),368nxqdp(3),|34uzwjt(3),478jmiaq(3),478swhgz(3),368nxqdp(3),|478jmiaq(3),368nxqdp(3),;26577.4,26900.1,24058.4,29188.7,0,0,0,0,1431.105251632784
478jmiaq(3),368nxqdp(3),|478jmiaq(3),478swhgz(3),368nxqdp(3),|34uzwjt(3),478jmiaq(3),478swhgz(3),368nxqdp(3),|478jmiaq(3),368nxqdp(3),;26577.4,26900.1,24058.4,29188.7,0,0,0,0,1436.105251632784
478jmiaq(3),368nxqdp(3),|478jmiaq(3),478swhgz(3),368nxqdp(3),|34uzwjt(3),478jmiaq(3),478swhgz(3),368nxqdp(3),|478jmiaq(3),368nxqdp(3),;26577.4,26900.1,24058.4,29188.7,0,0,0,0,1441.105251632784
478jmiaq(3),368nxqdp(3),|478jmiaq(3),478swhgz(3),368nxqdp(3),|34uzwjt(3),478jmiaq(3),478swhgz(3),368nxqdp(3),|478jmiaq(3),368nxqdp(3),;26577.4,26900.1,24058.4,29188.7,0,0,0,0,1446.105251632784
478jmiaq(3),368nxqdp(3),|478jmiaq(3),478swhgz(3),368nxqdp(3),|34uzwjt(3),478jmiaq(3),478swhgz(3),368nxqdp(3),|478jmiaq(3),368nxqdp(3),;26577.4,26900.1,24058.4,29188.7,0,0,0,0,1451.105251632784
478jmiaq(3),368nxqdp(3),|478jmiaq(3),478swhgz(3),368nxqdp(3),|34uzwjt(3),478jmiaq(3),478swhgz(3),368nxqdp(3),|478jmiaq(3),368nxqdp(3),;26577.4,26900.1,24058.4,29188.7,0,0,0,0,1456.105251632784
478jmiaq(3),368nxqdp(3),|478jmiaq(3),478swhgz(3),368nxqdp(3),|34uzwjt(3),478jmiaq(3),478swhgz(3),368nxqdp(3),|478jmiaq(3),368nxqdp(3),;26577.4,26900.1,24058.4,29188.7,0,0,0,0,1461.105251632784
478jmiaq(3),368nxqdp(3),|478jmiaq(3),478swhgz(3),368nxqdp(3),|34uzwjt(3),478jmiaq(3),478swhgz(3),368nxqdp(3),|478jmiaq(3),368nxqdp(3),;26577.4,26900.1,24058.4,29188.7,0,0,0,0,1466.105251632784
478jmiaq(3),368nxqdp(3),|478jmiaq(3),478swhgz(3),368nxqdp(3),|34uzwjt(3),478jmiaq(3),478swhgz(3),368nxqdp(3),|478jmiaq(3),368nxqdp(3),;26577.4,26900.1,24058.4,29188.7,0,0,0,0,1471.105251632784
478jmiaq(3),368nxqdp(3),|478jmiaq(3),478swhgz(3),368nxqdp(3),|34uzwjt(3),478jmiaq(3),478swhgz(3),368nxqdp(3),|478jmiaq(3),368nxqdp(3),;26577.4,26900.1,24058.4,29188.7,0,0,0,0,1476.105251632784
478jmiaq(3),368nxqdp(3),371ziqof(0),|478jmiaq(3),478swhgz(3),368nxqdp(3),371ziqof(0),|34uzwjt(3),478jmiaq(3),478swhgz(3),368nxqdp(3),371ziqof(0),|478jmiaq(3),368nxqdp(3),371ziqof(0),;23935.5,25138.8,21416.5,27427.4,19.639033565958,13.867671261958,19.639033565958,13.867671261958,1481.105251632784
478jmiaq(3),368nxqdp(3),371ziqof(2),|478jmiaq(3),478swhgz(3),368nxqdp(3),371ziqof(2),|34uzwjt(3),478jmiaq(3),478swhgz(3),368nxqdp(3),371ziqof(2),|478jmiaq(3),368nxqdp(3),371ziqof(2),;23935.5,25138.8,21416.5,27427.4,14.639033565958,8.867671261958,14.639033565958,8.867671261958,1486.105251632784
478jmiaq(3),368nxqdp(3),371ziqof(2),|478jmiaq(3),478swhgz(3),368nxqdp(3),371ziqof(2),|34uzwjt(3),478jmiaq(3),478swhgz(3),368nxqdp(3),371ziqof(2),|478jmiaq(3),368nxqdp(3),371ziqof(2),;23935.5,25138.8,21416.5,27427.4,9.639033565958,3.867671261958,9.639033565958,3.867671261958,1491.105251632784
478jmiaq(3),368nxqdp(3),371ziqof(2),|478jmiaq(3),478swhgz(3),368nxqdp(3),371ziqof(3),517rdnsc(0),|34uzwjt(3),478jmiaq(3),478swhgz(3),368nxqdp(3),371ziqof(2),|478jmiaq(3),368nxqdp(3),371ziqof(3),517rdnsc(0),;23935.5,21426.8,21416.5,25200.2,4.639033565958,29.23368099589,4.639033565958,19.309562382557,1496.105251632784
478jmiaq(3),368nxqdp(3),371ziqof(3),|478jmiaq(3),478swhgz(3),368nxqdp(3),371ziqof(3),517rdnsc(2),|34uzwjt(3),478jmiaq(3),478swhgz(3),368nxqdp(3),371ziqof(3),|478jmiaq(3),368nxqdp(3),371ziqof(3),517rdnsc(2),;23935.5,21426.8,21416.5,25200.2,0,24.23368099589,0,14.309562382557,1501.105251632784
478jmiaq(3),368nxqdp(3),371ziqof(3),|478jmiaq(3),478swhgz(3),368nxqdp(3),371ziqof(3),517rdnsc(2),|34uzwjt(3),478jmiaq(3),478swhgz(3),368nxqdp(3),371ziqof(3),|478jmiaq(3),368nxqdp(3),371ziqof(3),517rdnsc(2),;23935.5,21426.8,21416.5,25200.2,0,19.23368099589,0,9.309562382557,1506.105251632784
368nxqdp(3),371ziqof(3),|478swhgz(3),368nxqdp(3),371ziqof(3),517rdnsc(2),|34uzwjt(3),478swhgz(3),368nxqdp(3),371ziqof(3),|368nxqdp(3),371ziqof(3),517rdnsc(2),;26638.9,23229,24119.9,27002.4,0,14.23368099589,0,4.309562382557,1511.105251632784
368nxqdp(3),371ziqof(3),|478swhgz(3),368nxqdp(3),371ziqof(3),517rdnsc(2),|34uzwjt(3),478swhgz(3),368nxqdp(3),371ziqof(3),|368nxqdp(3),371ziqof(3),517rdnsc(3),;26638.9,23229,24119.9,27002.4,0,9.23368099589,0,0,1516.105251632784
368nxqdp(3),371ziqof(3),|478swhgz(3),368nxqdp(3),371ziqof(3),517rdnsc(2),|34uzwjt(3),478swhgz(3),368nxqdp(3),371ziqof(3),|368nxqdp(3),371ziqof(3),517rdnsc(3),;26638.9,23229,24119.9,27002.4,0,4.23368099589,0,0,1521.105251632784
368nxqdp(3),371ziqof(3),|478swhgz(3),368nxqdp(3),371ziqof(3),517rdnsc(3),|34uzwjt(3),478swhgz(3),368nxqdp(3),371ziqof(3),|368nxqdp(3),371ziqof(3),517rdnsc(3),;26638.9,23229,24119.9,27002.4,0,0,0,0,1526.105251632784
368nxqdp(3),371ziqof(3),|478swhgz(3),368nxqdp(3),371ziqof(3),517rdnsc(3),|34uzwjt(3),478swhgz(3),368nxqdp(3),371ziqof(3),|368nxqdp(3),371ziqof(3),517rdnsc(3),;26638.9,23229,24119.9,27002.4,0,0,0,0,1531.105251632784
368nxqdp(3),371ziqof(3),|478swhgz(3),368nxqdp(3),371ziqof(3),517rdnsc(3),|34uzwjt(3),478swhgz(3),368nxqdp(3),371ziqof(3),|368nxqdp(3),371ziqof(3),517rdnsc(3),;26638.9,23229,24119.9,27002.4,0,0,0,0,1536.105251632784
368nxqdp(3),371ziqof(3),|478swhgz(3),368nxqdp(3),371ziqof(3),517rdnsc(3),|34uzwjt(3),478swhgz(3),368nxqdp(3),371ziqof(3),|368nxqdp(3),371ziqof(3),517rdnsc(3),;26638.9,23229,24119.9,27002.4,0,0,0,0,1541.105251632784
368nxqdp(3),371ziqof(3),|478swhgz(3),368nxqdp(3),371ziqof(3),517rdnsc(3),|34uzwjt(3),478swhgz(3),368nxqdp(3),371ziqof(3),|368nxqdp(3),371ziqof(3),517rdnsc(3),;26638.9,23229,24119.9,27002.4,0,0,0,0,1546.105251632784
368nxqdp(3),371ziqof(3),|478swhgz(3),368nxqdp(3),371ziqof(3),517rdnsc(3),|34uzwjt(3),478swhgz(3),368nxqdp(3),371ziqof(3),|368nxqdp(3),371ziqof(3),517rdnsc(3),;26638.9,23229,24119.9,27002.4,0,0,0,0,1551.105251632784
368nxqdp(3),371ziqof(3),|478swhgz(3),368nxqdp(3),371ziqof(3),517rdnsc(3),|34uzwjt(3),478swhgz(3),368nxqdp(3),371ziqof(3),|368nxqdp(3),371ziqof(3),517rdnsc(3),;26638.9,23229,24119.9,27002.4,0,0,0,0,1556.105251632784
368nxqdp(3),371ziqof(3),|478swhgz(3),368nxqdp(3),371ziqof(3),517rdnsc(3),|34uzwjt(3),478swhgz(3),368nxqdp(3),371ziqof(3),|368nxqdp(3),371ziqof(3),517rdnsc(3),;26638.9,23229,24119.9,27002.4,0,0,0,0,1561.105251632784
368nxqdp(3),371ziqof(3),|478swhgz(3),368nxqdp(3),371ziqof(3),517rdnsc(3),|34uzwjt(3),478swhgz(3),368nxqdp(3),371ziqof(3),|368nxqdp(3),371ziqof(3),517rdnsc(3),;26638.9,23229,24119.9,27002.4,0,0,0,0,1566.105251632784
368nxqdp(3),371ziqof(3),|478swhgz(3),368nxqdp(3),371ziqof(3),517rdnsc(3),195rnfsg(0),|34uzwjt(3),478swhgz(3),368nxqdp(3),371ziqof(3),|368nxqdp(3),371ziqof(3),517rdnsc(3),;26638.9,22686.3,24119.9,27002.4,0,5.429101794612,0,0,1571.105251632784
368nxqdp(3),371ziqof(3),|478swhgz(3),368nxqdp(3),371ziqof(3),517rdnsc(3),195rnfsg(2),|34uzwjt(3),478swhgz(3),368nxqdp(3),371ziqof(3),|368nxqdp(3),371ziqof(3),517rdnsc(3),;26638.9,22686.3,24119.9,27002.4,0,0.429101794612,0,0,1576.105251632784
368nxqdp(3),371ziqof(3),|478swhgz(3),368nxqdp(3),371ziqof(3),517rdnsc(3),195rnfsg(3),|34uzwjt(3),478swhgz(3),368nxqdp(3),371ziqof(3),|368nxqdp(3),371ziqof(3),517rdnsc(3),;26638.9,22686.3,24119.9,27002.4,0,0,0,0,1581.105251632784
368nxqdp(3),371ziqof(3),|478swhgz(3),368nxqdp(3),371ziqof(3),517rdnsc(3),195rnfsg(3),|34uzwjt(3),478swhgz(3),368nxqdp(3),371ziqof(3),|368nxqdp(3),371ziqof(3),517rdnsc(3),;26638.9,22686.3,24119.9,27002.4,0,0,0,0,1586.105251632784
368nxqdp(3),371ziqof(3),|478swhgz(3),368nxqdp(3),371ziqof(3),517rdnsc(3),195rnfsg(3),|34uzwjt(3),478swhgz(3),368nxqdp(3),371ziqof(3),|368nxqdp(3),371ziqof(3),517rdnsc(3),;26638.9,22686.3,24119.9,27002.4,0,0,0,0,1591.105251632784
368nxqdp(3),371ziqof(3),|478swhgz(3),368nxqdp(3),371ziqof(3),517rdnsc(3),195rnfsg(3),|34uzwjt(3),478swhgz(3),368nxqdp(3),371ziqof(3),|368nxqdp(3),371ziqof(3),517rdnsc(3),;26638.9,22686.3,24119.9,27002.4,0,0,0,0,1596.105251632784
371ziqof(3),|478swhgz(3),371ziqof(3),517rdnsc(3),195rnfsg(3),|478swhgz(3),371ziqof(3),|371ziqof(3),517rdnsc(3),;29204,24396.4,28487.3,27857.4,0,0,0,0,1601.105251632784
371ziqof(3),|478swhgz(3),371ziqof(3),517rdnsc(3),195rnfsg(3),|478swhgz(3),371ziqof(3),|371ziqof(3),517rdnsc(3),;29204,24396.4,28487.3,27857.4,0,0,0,0,1606.105251632784
371ziqof(3),|478swhgz(3),371ziqof(3),195rnfsg(3),|478swhgz(3),371ziqof(3),|371ziqof(3),;29204,28108.4,28487.3,30084.6,0,0,0,0,1611.105251632784
371ziqof(3),|478swhgz(3),371ziqof(3),195rnfsg(3),|478swhgz(3),371ziqof(3),|371ziqof(3),;29204,28108.4,28487.3,30084.6,0,0,0,0,1616.105251632784
371ziqof(3),|371ziqof(3),195rnfsg(3),|371ziqof(3),|371ziqof(3),;29204,29542,29204.1,30084.6,0,0,0,0,1621.105251632784
371ziqof(3),|371ziqof(3),195rnfsg(3),|371ziqof(3),|371ziqof(3),;29204,29542,29204.1,30084.6,0,0,0,0,1626.105251632784
371ziqof(3),|371ziqof(3),195rnfsg(3),|371ziqof(3),|371ziqof(3),;29204,29542,29204.1,30084.6,0,0,0,0,1631.105251632784
371ziqof(3),|371ziqof(3),195rnfsg(3),|371ziqof(3),|371ziqof(3),;29204,29542,29204.1,30084.6,0,0,0,0,1636.105251632784
371ziqof(3),|371ziqof(3),195rnfsg(3),|371ziqof(3),|371ziqof(3),;29204,29542,29204.1,30084.6,0,0,0,0,1641.105251632784
371ziqof(3),|371ziqof(3),195rnfsg(3),|371ziqof(3),|371ziqof(3),;29204,29542,29204.1,30084.6,0,0,0,0,1646.105251632784
371ziqof(3),|371ziqof(3),195rnfsg(3),|371ziqof(3),|371ziqof(3),;29204,29542,29204.1,30084.6,0,0,0,0,1651.105251632784
371ziqof(3),|371ziqof(3),195rnfsg(3),|371ziqof(3),|371ziqof(3),;29204,29542,29204.1,30084.6,0,0,0,0,1656.105251632784
371ziqof(3),|371ziqof(3),195rnfsg(3),|371ziqof(3),|371ziqof(3),;29204,29542,29204.1,30084.6,0,0,0,0,1661.105251632784
371ziqof(3),|371ziqof(3),195rnfsg(3),|371ziqof(3),|371ziqof(3),;29204,29542,29204.1,30084.6,0,0,0,0,1666.105251632784
371ziqof(3),|371ziqof(3),195rnfsg(3),651nxptv(0),|371ziqof(3),651nxptv(0),|371ziqof(3),651nxptv(0),;29204,28948.1,28610.2,28302.8,0,6.331257989538,6.331257989538,14.115886213538,1671.105251632784
371ziqof(3),|371ziqof(3),195rnfsg(3),651nxptv(2),|371ziqof(3),651nxptv(2),|371ziqof(3),651nxptv(2),;29204,28948.1,28610.2,28302.8,0,1.331257989538,1.331257989538,9.115886213538,1676.105251632784
|195rnfsg(3),||651nxptv(2),;31845.9,31303.3,31846,30064.1,0,0,0,4.115886213538,1681.105251632784
|195rnfsg(3),||651nxptv(3),;31845.9,31303.3,31846,30064.1,0,0,0,0,1686.105251632784
|195rnfsg(3),||651nxptv(3),;31845.9,31303.3,31846,30064.1,0,0,0,0,1691.105251632784
|195rnfsg(3),||651nxptv(3),;31845.9,31303.3,31846,30064.1,0,0,0,0,1696.105251632784
|195rnfsg(3),||651nxptv(3),;31845.9,31303.3,31846,30064.1,0,0,0,0,1701.105251632784
|195rnfsg(3),||651nxptv(3),;31845.9,31303.3,31846,30064.1,0,0,0,0,1706.105251632784
|195rnfsg(3),312yzemo(0),||651nxptv(3),;31845.9,30391.9,31846,30064.1,0,7.769150411453,0,0,1711.105251632784
|195rnfsg(3),312yzemo(2),||651nxptv(3),;31845.9,30391.9,31846,30064.1,0,2.769150411453,0,0,1716.105251632784
|195rnfsg(3),312yzemo(3),||651nxptv(3),;31845.9,30391.9,31846,30064.1,0,0,0,0,1721.105251632784
|195rnfsg(3),312yzemo(3),||651nxptv(3),;31845.9,30391.9,31846,30064.1,0,0,0,0,1726.105251632784
|195rnfsg(3),312yzemo(3),||651nxptv(3),;31845.9,30391.9,31846,30064.1,0,0,0,0,1731.105251632784
|195rnfsg(3),312yzemo(3),||651nxptv(3),;31845.9,30391.9,31846,30064.1,0,0,0,0,1736.105251632784
|195rnfsg(3),312yzemo(3),||651nxptv(3),;31845.9,30391.9,31846,30064.1,0,0,0,0,1741.105251632784
|312yzemo(3),||651nxptv(3),;31845.9,30934.6,31846,30064.1,0,0,0,0,1746.105251632784
|312yzemo(3),||651nxptv(3),;31845.9,30934.6,31846,30064.1,0,0,0,0,1751.105251632784
|312yzemo(3),||651nxptv(3),;31845.9,30934.6,31846,30064.1,0,0,0,0,1756.105251632784
|312yzemo(3),||651nxptv(3),;31845.9,30934.6,31846,30064.1,0,0,0,0,1761.105251632784
|312yzemo(3),||651nxptv(3),;31845.9,30934.6,31846,30064.1,0,0,0,0,1766.105251632784
|312yzemo(3),||651nxptv(3),;31845.9,30934.6,31846,30064.1,0,0,0,0,1771.105251632784
|312yzemo(3),||651nxptv(3),;31845.9,30934.6,31846,30064.1,0,0,0,0,1776.105251632784
|312yzemo(3),||651nxptv(3),;31845.9,30934.6,31846,30064.1,0,0,0,0,1781.105251632784
|312yzemo(3),||651nxptv(3),;31845.9,30934.6,31846,30064.1,0,0,0,0,1786.105251632784
|312yzemo(3),||651nxptv(3),;31845.9,30934.6,31846,30064.1,0,0,0,0,1791.105251632784
|||651nxptv(3),;31845.9,31846,31846,30064.1,0,0,0,0,1796.105251632784
|||651nxptv(3),;31845.9,31846,31846,30064.1,0,0,0,0,1801.105251632784
|||651nxptv(3),;31845.9,31846,31846,30064.1,0,0,0,0,1806.105251632784
|||651nxptv(3),;31845.9,31846,31846,30064.1,0,0,0,0,1811.105251632784
|||651nxptv(3),;31845.9,31846,31846,30064.1,0,0,0,0,1816.105251632784
|||651nxptv(3),;31845.9,31846,31846,30064.1,0,0,0,0,1821.105251632784
|||651nxptv(3),;31845.9,31846,31846,30064.1,0,0,0,0,1826.105251632784
|||651nxptv(3),;31845.9,31846,31846,30064.1,0,0,0,0,1831.105251632784
|||651nxptv(3),;31845.9,31846,31846,30064.1,0,0,0,0,1836.105251632784
|||651nxptv(3),;31845.9,31846,31846,30064.1,0,0,0,0,1841.105251632784
|||651nxptv(3),;31845.9,31846,31846,30064.1,0,0,0,0,1846.105251632784
|||651nxptv(3),;31845.9,31846,31846,30064.1,0,0,0,0,1851.105251632784
|||651nxptv(3),;31845.9,31846,31846,30064.1,0,0,0,0,1856.105251632784
|517bsdkt(0),||651nxptv(3),517bsdkt(0),;31845.9,30868.1,31846,29086.2,0,10.528331679868,0,10.528331679868,1861.105251632784
|517bsdkt(2),||517bsdkt(2),;31845.9,30868.1,31846,30868,0,5.528331679868,0,5.528331679868,1866.105251632784
|517bsdkt(2),||517bsdkt(2),;31845.9,30868.1,31846,30868,0,0.528331679868,0,0.528331679868,1871.105251632784
|517bsdkt(3),||517bsdkt(3),;31845.9,30868.1,31846,30868,0,0,0,0,1876.105251632784
|517bsdkt(3),||517bsdkt(3),;31845.9,30868.1,31846,30868,0,0,0,0,1881.105251632784
|517bsdkt(3),||517bsdkt(3),;31845.9,30868.1,31846,30868,0,0,0,0,1886.105251632784
|517bsdkt(3),||517bsdkt(3),;31845.9,30868.1,31846,30868,0,0,0,0,1891.105251632784
|517bsdkt(3),||517bsdkt(3),;31845.9,30868.1,31846,30868,0,0,0,0,1896.105251632784
|517bsdkt(3),||517bsdkt(3),;31845.9,30868.1,31846,30868,0,0,0,0,1901.105251632784
|517bsdkt(3),||517bsdkt(3),;31845.9,30868.1,31846,30868,0,0,0,0,1906.105251632784
|||;31845.9,31846,31846,31845.9,0,0,0,0,1911.105251632784
|||;31845.9,31846,31846,31845.9,0,0,0,0,1916.105251632784
|||;31845.9,31846,31846,31845.9,0,0,0,0,1921.105251632784
|||;31845.9,31846,31846,31845.9,0,0,0,0,1926.105251632784
|||;31845.9,31846,31846,31845.9,0,0,0,0,1931.105251632784
|||;31845.9,31846,31846,31845.9,0,0,0,0,1936.105251632784
|||;31845.9,31846,31846,31845.9,0,0,0,0,1941.105251632784
|||;31845.9,31846,31846,31845.9,0,0,0,0,1946.105251632784
|||;31845.9,31846,31846,31845.9,0,0,0,0,1951.105251632784
|||;31845.9,31846,31846,31845.9,0,0,0,0,1956.105251632784
|||;31845.9,31846,31846,31845.9,0,0,0,0,1961.105251632784
|||;31845.9,31846,31846,31845.9,0,0,0,0,1966.105251632784
|||;31845.9,31846,31846,31845.9,0,0,0,0,1971.105251632784
|||;31845.9,31846,31846,31845.9,0,0,0,0,1976.105251632784
|||;31845.9,31846,31846,31845.9,0,0,0,0,1981.105251632784
|||;31845.9,31846,31846,31845.9,0,0,0,0,1986.105251632784
|||;31845.9,31846,31846,31845.9,0,0,0,0,1991.105251632784
|||;31845.9,31846,31846,31845.9,0,0,0,0,1996.105251632784
