|||;35532,35532,35532,35532,0,0,0,0,1.177529718315
|||;35532,35532,35532,35532,0,0,0,0,6.177529718315
|||;35532,35532,35532,35532,0,0,0,0,11.177529718315
|||;35532,35532,35532,35532,0,0,0,0,16.177529718315
|||;35532,35532,35532,35532,0,0,0,0,21.177529718315
|||;35532,35532,35532,35532,0,0,0,0,26.177529718315
|||;35532,35532,35532,35532,0,0,0,0,31.177529718315
|||;35532,35532,35532,35532,0,0,0,0,36.177529718315
|||;35532,35532,35532,35532,0,0,0,0,41.177529718315
|||;35532,35532,35532,35532,0,0,0,0,46.177529718315
|||;35532,35532,35532,35532,0,0,0,0,51.177529718315
|||;35532,35532,35532,35532,0,0,0,0,56.177529718315
|||;35532,35532,35532,35532,0,0,0,0,61.177529718315
|||;35532,35532,35532,35532,0,0,0,0,66.177529718315
|||;35532,35532,35532,35532,0,0,0,0,71.177529718315
|||;35532,35532,35532,35532,0,0,0,0,76.177529718315
|||;35532,35532,35532,35532,0,0,0,0,81.177529718315
|||;35532,35532,35532,35532,0,0,0,0,86.177529718315
|||;35532,35532,35532,35532,0,0,0,0,91.177529718315
|||;35532,35532,35532,35532,0,0,0,0,96.177529718315
|||;35532,35532,35532,35532,0,0,0,0,101.177529718315
|225mkzcg(2),||;35532,33115.4,35532,35532,0,9.184284616544,0,0,106.177529718315
|225mkzcg(2),||;35532,33115.4,35532,35532,0,4.184284616544,0,0,111.177529718315
|225mkzcg(3),||;35532,33115.4,35532,35532,0,0,0,0,116.177529718315
|225mkzcg(3),||;35532,33115.4,35532,35532,0,0,0,0,121.177529718315
|225mkzcg(3),||;35532,33115.4,35532,35532,0,0,0,0,126.177529718315
|225mkzcg(3),||;35532,33115.4,35532,35532,0,0,0,0,131.177529718315
|225mkzcg(3),||;35532,33115.4,35532,35532,0,0,0,0,136.177529718315
|225mkzcg(3),||;35532,33115.4,35532,35532,0,0,0,0,141.177529718315
749ohiqu(2),|225mkzcg(3),749ohiqu(2),|749ohiqu(2),|749ohiqu(2),;34820.3,31692,34108.6,34820.3,3.275866717503,6.496906805901,6.496906805901,3.275866717503,146.177529718315
|225mkzcg(3),749ohiqu(2),|749ohiqu(2),|;35532,31692,34108.6,35532,0,1.496906805901,1.496906805901,0,151.177529718315
|225mkzcg(3),||;35532,33115.4,35532,35532,0,0,0,0,156.177529718315
|225mkzcg(3),||;35532,33115.4,35532,35532,0,0,0,0,161.177529718315
|||;35532,35532,35532,35532,0,0,0,0,166.177529718315
|||;35532,35532,35532,35532,0,0,0,0,171.177529718315
|||;35532,35532,35532,35532,0,0,0,0,176.177529718315
|||;35532,35532,35532,35532,0,0,0,0,181.177529718315
|||;35532,35532,35532,35532,0,0,0,0,186.177529718315
|||;35532,35532,35532,35532,0,0,0,0,191.177529718315
|||;35532,35532,35532,35532,0,0,0,0,196.177529718315
|||;35532,35532,35532,35532,0,0,0,0,201.177529718315
|||;35532,35532,35532,35532,0,0,0,0,206.177529718315
|||;35532,35532,35532,35532,0,0,0,0,211.177529718315
|||;35532,35532,35532,35532,0,0,0,0,216.177529718315
|||;35532,35532,35532,35532,0,0,0,0,221.177529718315
|||;35532,35532,35532,35532,0,0,0,0,226.177529718315
|||;35532,35532,35532,35532,0,0,0,0,231.177529718315
|424koxdt(2),||;35532,34774.2,35532,35532,0,0.369602387743,0,0,236.177529718315
|||;35532,35532,35532,35532,0,0,0,0,241.177529718315
|||;35532,35532,35532,35532,0,0,0,0,246.177529718315
|||;35532,35532,35532,35532,0,0,0,0,251.177529718315
|||;35532,35532,35532,35532,0,0,0,0,256.177529718315
|||;35532,35532,35532,35532,0,0,0,0,261.177529718315
|||;35532,35532,35532,35532,0,0,0,0,266.177529718315
|||;35532,35532,35532,35532,0,0,0,0,271.177529718315
|||;35532,35532,35532,35532,0,0,0,0,276.177529718315
|||;35532,35532,35532,35532,0,0,0,0,281.177529718315
|||;35532,35532,35532,35532,0,0,0,0,286.177529718315
|||;35532,35532,35532,35532,0,0,0,0,291.177529718315
|||;35532,35532,35532,35532,0,0,0,0,296.177529718315
|||;35532,35532,35532,35532,0,0,0,0,301.177529718315
|||;35532,35532,35532,35532,0,0,0,0,306.177529718315
|||;35532,35532,35532,35532,0,0,0,0,311.177529718315
|||;35532,35532,35532,35532,0,0,0,0,316.177529718315
|||;35532,35532,35532,35532,0,0,0,0,321.177529718315
|||;35532,35532,35532,35532,0,0,0,0,326.177529718315
|||;35532,35532,35532,35532,0,0,0,0,331.177529718315
|||;35532,35532,35532,35532,0,0,0,0,336.177529718315
|||;35532,35532,35532,35532,0,0,0,0,341.177529718315
|||;35532,35532,35532,35532,0,0,0,0,346.177529718315
|||;35532,35532,35532,35532,0,0,0,0,351.177529718315
|||;35532,35532,35532,35532,0,0,0,0,356.177529718315
|||;35532,35532,35532,35532,0,0,0,0,361.177529718315
|||;35532,35532,35532,35532,0,0,0,0,366.177529718315
|||;35532,35532,35532,35532,0,0,0,0,371.177529718315
|||;35532,35532,35532,35532,0,0,0,0,376.177529718315
|||;35532,35532,35532,35532,0,0,0,0,381.177529718315
|||;35532,35532,35532,35532,0,0,0,0,386.177529718315
|||;35532,35532,35532,35532,0,0,0,0,391.177529718315
|||;35532,35532,35532,35532,0,0,0,0,396.177529718315
|||;35532,35532,35532,35532,0,0,0,0,401.177529718315
|||;35532,35532,35532,35532,0,0,0,0,406.177529718315
|||;35532,35532,35532,35532,0,0,0,0,411.177529718315
|||;35532,35532,35532,35532,0,0,0,0,416.177529718315
|||;35532,35532,35532,35532,0,0,0,0,421.177529718315
|||;35532,35532,35532,35532,0,0,0,0,426.177529718315
||34hekmo(2),|;35532,35532,25496.8,35532,0,0,42.079087365206,0,431.177529718315
||34hekmo(2),|;35532,35532,25496.8,35532,0,0,37.079087365206,0,436.177529718315
||34hekmo(2),|;35532,35532,25496.8,35532,0,0,32.079087365206,0,441.177529718315
||34hekmo(2),|;35532,35532,25496.8,35532,0,0,27.079087365206,0,446.177529718315
||34hekmo(2),|;35532,35532,25496.8,35532,0,0,22.079087365206,0,451.177529718315
||34hekmo(2),|;35532,35532,25496.8,35532,0,0,17.079087365206,0,456.177529718315
||34hekmo(2),|;35532,35532,25496.8,35532,0,0,12.079087365206,0,461.177529718315
||34hekmo(2),|;35532,35532,25496.8,35532,0,0,7.079087365206,0,466.177529718315
||34hekmo(2),|;35532,35532,25496.8,35532,0,0,2.079087365206,0,471.177529718315
||34hekmo(3),|;35532,35532,25496.8,35532,0,0,0,0,476.177529718315
||34hekmo(3),|;35532,35532,25496.8,35532,0,0,0,0,481.177529718315
||34hekmo(3),|;35532,35532,25496.8,35532,0,0,0,0,486.177529718315
||34hekmo(3),|;35532,35532,25496.8,35532,0,0,0,0,491.177529718315
||34hekmo(3),|;35532,35532,25496.8,35532,0,0,0,0,496.177529718315
||34hekmo(3),|;35532,35532,25496.8,35532,0,0,0,0,501.177529718315
||34hekmo(3),|;35532,35532,25496.8,35532,0,0,0,0,506.177529718315
||34hekmo(3),|;35532,35532,25496.8,35532,0,0,0,0,511.177529718315
||34hekmo(3),|;35532,35532,25496.8,35532,0,0,0,0,516.177529718315
||34hekmo(3),|;35532,35532,25496.8,35532,0,0,0,0,521.177529718315
||34hekmo(3),|;35532,35532,25496.8,35532,0,0,0,0,526.177529718315
||34hekmo(3),|;35532,35532,25496.8,35532,0,0,0,0,531.177529718315
||34hekmo(3),|;35532,35532,25496.8,35532,0,0,0,0,536.177529718315
||34hekmo(3),|;35532,35532,25496.8,35532,0,0,0,0,541.177529718315
||34hekmo(3),|;35532,35532,25496.8,35532,0,0,0,0,546.177529718315
||34hekmo(3),|;35532,35532,25496.8,35532,0,0,0,0,551.177529718315
||34hekmo(3),|;35532,35532,25496.8,35532,0,0,0,0,556.177529718315
||34hekmo(3),|;35532,35532,25496.8,35532,0,0,0,0,561.177529718315
||34hekmo(3),|;35532,35532,25496.8,35532,0,0,0,0,566.177529718315
||34hekmo(3),|;35532,35532,25496.8,35532,0,0,0,0,571.177529718315
||34hekmo(3),|;35532,35532,25496.8,35532,0,0,0,0,576.177529718315
||34hekmo(3),|;35532,35532,25496.8,35532,0,0,0,0,581.177529718315
||34hekmo(3),|;35532,35532,25496.8,35532,0,0,0,0,586.177529718315
||34hekmo(3),|;35532,35532,25496.8,35532,0,0,0,0,591.177529718315
|185gexvm(2),|34hekmo(3),|;35532,34523.4,25496.8,35532,0,3.965294787034,0,0,596.177529718315
|185gexvm(3),|34hekmo(3),|;35532,34523.4,25496.8,35532,0,0,0,0,601.177529718315
|185gexvm(3),|34hekmo(3),|;35532,34523.4,25496.8,35532,0,0,0,0,606.177529718315
|185gexvm(3),|34hekmo(3),|;35532,34523.4,25496.8,35532,0,0,0,0,611.177529718315
|185gexvm(3),|34hekmo(3),|104wasry(0),;35532,34523.4,25496.8,34840.8,0,0,0,6.929562877,616.177529718315
|185gexvm(3),|34hekmo(3),|104wasry(2),;35532,34523.4,25496.8,34840.8,0,0,0,1.929562877,621.177529718315
|185gexvm(3),|34hekmo(3),|;35532,34523.4,25496.8,35532,0,0,0,0,626.177529718315
|185gexvm(3),|34hekmo(3),|;35532,34523.4,25496.8,35532,0,0,0,0,631.177529718315
|185gexvm(3),|34hekmo(3),|;35532,34523.4,25496.8,35532,0,0,0,0,636.177529718315
|185gexvm(3),|34hekmo(3),|;35532,34523.4,25496.8,35532,0,0,0,0,641.177529718315
|185gexvm(3),|34hekmo(3),|;35532,34523.4,25496.8,35532,0,0,0,0,646.177529718315
|185gexvm(3),|34hekmo(3),|;35532,34523.4,25496.8,35532,0,0,0,0,651.177529718315
|185gexvm(3),|34hekmo(3),|;35532,34523.4,25496.8,35532,0,0,0,0,656.177529718315
|185gexvm(3),|34hekmo(3),|;35532,34523.4,25496.8,35532,0,0,0,0,661.177529718315
|185gexvm(3),|34hekmo(3),|;35532,34523.4,25496.8,35532,0,0,0,0,666.177529718315
|185gexvm(3),|34hekmo(3),|;35532,34523.4,25496.8,35532,0,0,0,0,671.177529718315
|185gexvm(3),|34hekmo(3),|;35532,34523.4,25496.8,35532,0,0,0,0,676.177529718315
|185gexvm(3),|34hekmo(3),|;35532,34523.4,25496.8,35532,0,0,0,0,681.177529718315
|185gexvm(3),|34hekmo(3),|;35532,34523.4,25496.8,35532,0,0,0,0,686.177529718315
|185gexvm(3),|34hekmo(3),|;35532,34523.4,25496.8,35532,0,0,0,0,691.177529718315
|185gexvm(3),|34hekmo(3),|;35532,34523.4,25496.8,35532,0,0,0,0,696.177529718315
|185gexvm(3),|34hekmo(3),|;35532,34523.4,25496.8,35532,0,0,0,0,701.177529718315
|185gexvm(3),|34hekmo(3),|;35532,34523.4,25496.8,35532,0,0,0,0,706.177529718315
|185gexvm(3),|34hekmo(3),|;35532,34523.4,25496.8,35532,0,0,0,0,711.177529718315
|185gexvm(3),|34hekmo(3),|;35532,34523.4,25496.8,35532,0,0,0,0,716.177529718315
|185gexvm(3),|34hekmo(3),|;35532,34523.4,25496.8,35532,0,0,0,0,721.177529718315
|185gexvm(3),|34hekmo(3),|;35532,34523.4,25496.8,35532,0,0,0,0,726.177529718315
|185gexvm(3),|34hekmo(3),|;35532,34523.4,25496.8,35532,0,0,0,0,731.177529718315
|185gexvm(3),|34hekmo(3),|;35532,34523.4,25496.8,35532,0,0,0,0,736.177529718315
|185gexvm(3),|34hekmo(3),|;35532,34523.4,25496.8,35532,0,0,0,0,741.177529718315
|185gexvm(3),|34hekmo(3),|;35532,34523.4,25496.8,35532,0,0,0,0,746.177529718315
|185gexvm(3),|34hekmo(3),|;35532,34523.4,25496.8,35532,0,0,0,0,751.177529718315
|185gexvm(3),|34hekmo(3),|;35532,34523.4,25496.8,35532,0,0,0,0,756.177529718315
|185gexvm(3),|34hekmo(3),|;35532,34523.4,25496.8,35532,0,0,0,0,761.177529718315
|185gexvm(3),|34hekmo(3),|;35532,34523.4,25496.8,35532,0,0,0,0,766.177529718315
|185gexvm(3),|34hekmo(3),|;35532,34523.4,25496.8,35532,0,0,0,0,771.177529718315
|185gexvm(3),|34hekmo(3),|;35532,34523.4,25496.8,35532,0,0,0,0,776.177529718315
|185gexvm(3),|34hekmo(3),|;35532,34523.4,25496.8,35532,0,0,0,0,781.177529718315
|185gexvm(3),|34hekmo(3),|;35532,34523.4,25496.8,35532,0,0,0,0,786.177529718315
|185gexvm(3),|34hekmo(3),|;35532,34523.4,25496.8,35532,0,0,0,0,791.177529718315
|185gexvm(3),|34hekmo(3),|;35532,34523.4,25496.8,35532,0,0,0,0,796.177529718315
|185gexvm(3),|34hekmo(3),|;35532,34523.4,25496.8,35532,0,0,0,0,801.177529718315
|185gexvm(3),|34hekmo(3),|;35532,34523.4,25496.8,35532,0,0,0,0,806.177529718315
|185gexvm(3),|34hekmo(3),|;35532,34523.4,25496.8,35532,0,0,0,0,811.177529718315
|185gexvm(3),|34hekmo(3),|;35532,34523.4,25496.8,35532,0,0,0,0,816.177529718315
|185gexvm(3),|34hekmo(3),|;35532,34523.4,25496.8,35532,0,0,0,0,821.177529718315
|185gexvm(3),|34hekmo(3),|;35532,34523.4,25496.8,35532,0,0,0,0,826.177529718315
|185gexvm(3),|34hekmo(3),|;35532,34523.4,25496.8,35532,0,0,0,0,831.177529718315
|185gexvm(3),|34hekmo(3),|;35532,34523.4,25496.8,35532,0,0,0,0,836.177529718315
|185gexvm(3),|34hekmo(3),|;35532,34523.4,25496.8,35532,0,0,0,0,841.177529718315
|185gexvm(3),||;35532,34523.4,35532,35532,0,0,0,0,846.177529718315
|185gexvm(3),||;35532,34523.4,35532,35532,0,0,0,0,851.177529718315
|185gexvm(3),||;35532,34523.4,35532,35532,0,0,0,0,856.177529718315
|185gexvm(3),||;35532,34523.4,35532,35532,0,0,0,0,861.177529718315
|185gexvm(3),||;35532,34523.4,35532,35532,0,0,0,0,866.177529718315
|185gexvm(3),||;35532,34523.4,35532,35532,0,0,0,0,871.177529718315
|185gexvm(3),||;35532,34523.4,35532,35532,0,0,0,0,876.177529718315
93alfxb(0),|185gexvm(3),||;34569.4,34523.4,35532,35532,9.26382147082,0,0,0,881.177529718315
93alfxb(2),|185gexvm(3),||;34569.4,34523.4,35532,35532,4.26382147082,0,0,0,886.177529718315
93alfxb(3),|185gexvm(3),||;34569.4,34523.4,35532,35532,0,0,0,0,891.177529718315
93alfxb(3),|185gexvm(3),||;34569.4,34523.4,35532,35532,0,0,0,0,896.177529718315
93alfxb(3),|185gexvm(3),||;34569.4,34523.4,35532,35532,0,0,0,0,901.177529718315
93alfxb(3),|185gexvm(3),||;34569.4,34523.4,35532,35532,0,0,0,0,906.177529718315
93alfxb(3),|185gexvm(3),||;34569.4,34523.4,35532,35532,0,0,0,0,911.177529718315
93alfxb(3),|185gexvm(3),||;34569.4,34523.4,35532,35532,0,0,0,0,916.177529718315
93alfxb(3),34bnrcf(0),|185gexvm(3),34bnrcf(0),||;33550.5,31466.8,35532,35532,9.159722356723,18.382556566668,0,0,921.177529718315
93alfxb(3),34bnrcf(2),|185gexvm(3),34bnrcf(2),||;33550.5,31466.8,35532,35532,4.159722356723,13.382556566668,0,0,926.177529718315
93alfxb(3),|185gexvm(3),34bnrcf(2),||;34569.4,31466.8,35532,35532,0,8.382556566668,0,0,931.177529718315
93alfxb(3),|185gexvm(3),34bnrcf(2),||;34569.4,31466.8,35532,35532,0,3.382556566668,0,0,936.177529718315
93alfxb(3),|185gexvm(3),||;34569.4,34523.4,35532,35532,0,0,0,0,941.177529718315
93alfxb(3),|185gexvm(3),||;34569.4,34523.4,35532,35532,0,0,0,0,946.177529718315
93alfxb(3),|185gexvm(3),||;34569.4,34523.4,35532,35532,0,0,0,0,951.177529718315
93alfxb(3),|185gexvm(3),||;34569.4,34523.4,35532,35532,0,0,0,0,956.177529718315
93alfxb(3),|185gexvm(3),||;34569.4,34523.4,35532,35532,0,0,0,0,961.177529718315
93alfxb(3),|185gexvm(3),||;34569.4,34523.4,35532,35532,0,0,0,0,966.177529718315
93alfxb(3),|185gexvm(3),||;34569.4,34523.4,35532,35532,0,0,0,0,971.177529718315
93alfxb(3),|185gexvm(3),||;34569.4,34523.4,35532,35532,0,0,0,0,976.177529718315
93alfxb(3),|185gexvm(3),||;34569.4,34523.4,35532,35532,0,0,0,0,981.177529718315
|185gexvm(3),||;35532,34523.4,35532,35532,0,0,0,0,986.177529718315
|185gexvm(3),||;35532,34523.4,35532,35532,0,0,0,0,991.177529718315
|185gexvm(3),||;35532,34523.4,35532,35532,0,0,0,0,996.177529718315
|185gexvm(3),||;35532,34523.4,35532,35532,0,0,0,0,1001.177529718315
|185gexvm(3),||;35532,34523.4,35532,35532,0,0,0,0,1006.177529718315
|185gexvm(3),||;35532,34523.4,35532,35532,0,0,0,0,1011.177529718315
|185gexvm(3),||;35532,34523.4,35532,35532,0,0,0,0,1016.177529718315
|185gexvm(3),||;35532,34523.4,35532,35532,0,0,0,0,1021.177529718315
|185gexvm(3),||;35532,34523.4,35532,35532,0,0,0,0,1026.177529718315
|185gexvm(3),||;35532,34523.4,35532,35532,0,0,0,0,1031.177529718315
|185gexvm(3),||;35532,34523.4,35532,35532,0,0,0,0,1036.177529718315
|185gexvm(3),||;35532,34523.4,35532,35532,0,0,0,0,1041.177529718315
|185gexvm(3),||;35532,34523.4,35532,35532,0,0,0,0,1046.177529718315
|185gexvm(3),||;35532,34523.4,35532,35532,0,0,0,0,1051.177529718315
|185gexvm(3),||;35532,34523.4,35532,35532,0,0,0,0,1056.177529718315
|185gexvm(3),||;35532,34523.4,35532,35532,0,0,0,0,1061.177529718315
|185gexvm(3),||;35532,34523.4,35532,35532,0,0,0,0,1066.177529718315
|185gexvm(3),||;35532,34523.4,35532,35532,0,0,0,0,1071.177529718315
|185gexvm(3),||;35532,34523.4,35532,35532,0,0,0,0,1076.177529718315
|185gexvm(3),||;35532,34523.4,35532,35532,0,0,0,0,1081.177529718315
|185gexvm(3),||;35532,34523.4,35532,35532,0,0,0,0,1086.177529718315
384tqkzg(0),|185gexvm(3),384tqkzg(0),|384tqkzg(0),|384tqkzg(0),;32951.5,31942.9,33811.7,33811.7,12.362573261308,12.362573261308,8.469517614899,8.469517614899,1091.177529718315
384tqkzg(2),|185gexvm(3),384tqkzg(2),|384tqkzg(2),|384tqkzg(2),;32951.5,31942.9,33811.7,33811.7,7.362573261308,7.362573261308,3.469517614899,3.469517614899,1096.177529718315
384tqkzg(2),|185gexvm(3),384tqkzg(2),||;32951.5,31942.9,35532,35532,2.362573261308,2.362573261308,0,0,1101.177529718315
|185gexvm(3),||;35532,34523.4,35532,35532,0,0,0,0,1106.177529718315
|185gexvm(3),868iwxme(2),||;35532,33356,35532,35532,0,5.011113517688,0,0,1111.177529718315
|185gexvm(3),|946ueymg(0),|946ueymg(0),;35532,34523.4,31579.4,31579.4,0,0.011113517688,18.535853660065,18.535853660065,1116.177529718315
|185gexvm(3),|946ueymg(2),|946ueymg(2),;35532,34523.4,31579.4,31579.4,0,0,13.535853660065,13.535853660065,1121.177529718315
|185gexvm(3),|946ueymg(2),|946ueymg(2),;35532,34523.4,31579.4,31579.4,0,0,8.535853660065,8.535853660065,1126.177529718315
|185gexvm(3),|946ueymg(2),|946ueymg(2),;35532,34523.4,31579.4,31579.4,0,0,3.535853660065,3.535853660065,1131.177529718315
|185gexvm(3),|946ueymg(3),|946ueymg(3),;35532,34523.4,31579.4,31579.4,0,0,0,0,1136.177529718315
|185gexvm(3),|946ueymg(3),|946ueymg(3),;35532,34523.4,31579.4,31579.4,0,0,0,0,1141.177529718315
|185gexvm(3),|946ueymg(3),|946ueymg(3),;35532,34523.4,31579.4,31579.4,0,0,0,0,1146.177529718315
|185gexvm(3),|946ueymg(3),|946ueymg(3),;35532,34523.4,31579.4,31579.4,0,0,0,0,1151.177529718315
|185gexvm(3),|946ueymg(3),|946ueymg(3),;35532,34523.4,31579.4,31579.4,0,0,0,0,1156.177529718315
|185gexvm(3),|946ueymg(3),|946ueymg(3),;35532,34523.4,31579.4,31579.4,0,0,0,0,1161.177529718315
|185gexvm(3),|946ueymg(3),|946ueymg(3),;35532,34523.4,31579.4,31579.4,0,0,0,0,1166.177529718315
|185gexvm(3),|946ueymg(3),|946ueymg(3),;35532,34523.4,31579.4,31579.4,0,0,0,0,1171.177529718315
|185gexvm(3),|946ueymg(3),|946ueymg(3),;35532,34523.4,31579.4,31579.4,0,0,0,0,1176.177529718315
|185gexvm(3),|946ueymg(3),|946ueymg(3),;35532,34523.4,31579.4,31579.4,0,0,0,0,1181.177529718315
|185gexvm(3),|946ueymg(3),|946ueymg(3),;35532,34523.4,31579.4,31579.4,0,0,0,0,1186.177529718315
|185gexvm(3),|946ueymg(3),|946ueymg(3),;35532,34523.4,31579.4,31579.4,0,0,0,0,1191.177529718315
|185gexvm(3),|946ueymg(3),|946ueymg(3),;35532,34523.4,31579.4,31579.4,0,0,0,0,1196.177529718315
|185gexvm(3),|946ueymg(3),|946ueymg(3),;35532,34523.4,31579.4,31579.4,0,0,0,0,1201.177529718315
|185gexvm(3),|946ueymg(3),|946ueymg(3),;35532,34523.4,31579.4,31579.4,0,0,0,0,1206.177529718315
|185gexvm(3),|946ueymg(3),|946ueymg(3),;35532,34523.4,31579.4,31579.4,0,0,0,0,1211.177529718315
|185gexvm(3),|946ueymg(3),|946ueymg(3),;35532,34523.4,31579.4,31579.4,0,0,0,0,1216.177529718315
|185gexvm(3),|946ueymg(3),|946ueymg(3),;35532,34523.4,31579.4,31579.4,0,0,0,0,1221.177529718315
|185gexvm(3),|946ueymg(3),|946ueymg(3),;35532,34523.4,31579.4,31579.4,0,0,0,0,1226.177529718315
|185gexvm(3),|946ueymg(3),|946ueymg(3),;35532,34523.4,31579.4,31579.4,0,0,0,0,1231.177529718315
|185gexvm(3),|946ueymg(3),|946ueymg(3),;35532,34523.4,31579.4,31579.4,0,0,0,0,1236.177529718315
|185gexvm(3),|946ueymg(3),|946ueymg(3),;35532,34523.4,31579.4,31579.4,0,0,0,0,1241.177529718315
||946ueymg(3),|946ueymg(3),;35532,35532,31579.4,31579.4,0,0,0,0,1246.177529718315
||946ueymg(3),|946ueymg(3),;35532,35532,31579.4,31579.4,0,0,0,0,1251.177529718315
||946ueymg(3),|946ueymg(3),;35532,35532,31579.4,31579.4,0,0,0,0,1256.177529718315
||946ueymg(3),|946ueymg(3),;35532,35532,31579.4,31579.4,0,0,0,0,1261.177529718315
||946ueymg(3),|946ueymg(3),;35532,35532,31579.4,31579.4,0,0,0,0,1266.177529718315
||946ueymg(3),|946ueymg(3),;35532,35532,31579.4,31579.4,0,0,0,0,1271.177529718315
||946ueymg(3),|946ueymg(3),;35532,35532,31579.4,31579.4,0,0,0,0,1276.177529718315
||946ueymg(3),|946ueymg(3),;35532,35532,31579.4,31579.4,0,0,0,0,1281.177529718315
||946ueymg(3),|946ueymg(3),;35532,35532,31579.4,31579.4,0,0,0,0,1286.177529718315
||946ueymg(3),|946ueymg(3),;35532,35532,31579.4,31579.4,0,0,0,0,1291.177529718315
||946ueymg(3),|946ueymg(3),;35532,35532,31579.4,31579.4,0,0,0,0,1296.177529718315
||946ueymg(3),|946ueymg(3),;35532,35532,31579.4,31579.4,0,0,0,0,1301.177529718315
|||;35532,35532,35532,35532,0,0,0,0,1306.177529718315
|||;35532,35532,35532,35532,0,0,0,0,1311.177529718315
|||;35532,35532,35532,35532,0,0,0,0,1316.177529718315
|||;35532,35532,35532,35532,0,0,0,0,1321.177529718315
|||;35532,35532,35532,35532,0,0,0,0,1326.177529718315
|||;35532,35532,35532,35532,0,0,0,0,1331.177529718315
|||;35532,35532,35532,35532,0,0,0,0,1336.177529718315
|||;35532,35532,35532,35532,0,0,0,0,1341.177529718315
|||;35532,35532,35532,35532,0,0,0,0,1346.177529718315
|||;35532,35532,35532,35532,0,0,0,0,1351.177529718315
|||;35532,35532,35532,35532,0,0,0,0,1356.177529718315
|||;35532,35532,35532,35532,0,0,0,0,1361.177529718315
|||;35532,35532,35532,35532,0,0,0,0,1366.177529718315
|||;35532,35532,35532,35532,0,0,0,0,1371.177529718315
|||;35532,35532,35532,35532,0,0,0,0,1376.177529718315
|||;35532,35532,35532,35532,0,0,0,0,1381.177529718315
|||;35532,35532,35532,35532,0,0,0,0,1386.177529718315
|||;35532,35532,35532,35532,0,0,0,0,1391.177529718315
|||;35532,35532,35532,35532,0,0,0,0,1396.177529718315
|||;35532,35532,35532,35532,0,0,0,0,1401.177529718315
|||;35532,35532,35532,35532,0,0,0,0,1406.177529718315
|||;35532,35532,35532,35532,0,0,0,0,1411.177529718315
|||;35532,35532,35532,35532,0,0,0,0,1416.177529718315
185vbljn(2),|185vbljn(2),|185vbljn(2),|185vbljn(2),;32920.8,33791.2,33791.2,32920.8,10.577764086068,6.638362539107,6.638362539107,10.577764086068,1421.177529718315
185vbljn(2),|185vbljn(2),|185vbljn(2),|185vbljn(2),;32920.8,33791.2,33791.2,32920.8,5.577764086068,1.638362539107,1.638362539107,5.577764086068,1426.177529718315
185vbljn(2),|185vbljn(3),|185vbljn(3),|185vbljn(2),;32920.8,33791.2,33791.2,32920.8,0.577764086068,0,0,0.577764086068,1431.177529718315
185vbljn(3),|185vbljn(3),|185vbljn(3),|185vbljn(3),;32920.8,33791.2,33791.2,32920.8,0,0,0,0,1436.177529718315
185vbljn(3),|185vbljn(3),|185vbljn(3),|185vbljn(3),;32920.8,33791.2,33791.2,32920.8,0,0,0,0,1441.177529718315
185vbljn(3),|185vbljn(3),|185vbljn(3),|185vbljn(3),;32920.8,33791.2,33791.2,32920.8,0,0,0,0,1446.177529718315
185vbljn(3),|185vbljn(3),|185vbljn(3),|185vbljn(3),;32920.8,33791.2,33791.2,32920.8,0,0,0,0,1451.177529718315
185vbljn(3),|185vbljn(3),|185vbljn(3),|185vbljn(3),;32920.8,33791.2,33791.2,32920.8,0,0,0,0,1456.177529718315
185vbljn(3),|185vbljn(3),|185vbljn(3),|185vbljn(3),;32920.8,33791.2,33791.2,32920.8,0,0,0,0,1461.177529718315
185vbljn(3),|185vbljn(3),|185vbljn(3),|185vbljn(3),;32920.8,33791.2,33791.2,32920.8,0,0,0,0,1466.177529718315
185vbljn(3),|185vbljn(3),|185vbljn(3),|185vbljn(3),;32920.8,33791.2,33791.2,32920.8,0,0,0,0,1471.177529718315
185vbljn(3),|185vbljn(3),|185vbljn(3),|185vbljn(3),;32920.8,33791.2,33791.2,32920.8,0,0,0,0,1476.177529718315
185vbljn(3),|185vbljn(3),|185vbljn(3),|185vbljn(3),;32920.8,33791.2,33791.2,32920.8,0,0,0,0,1481.177529718315
185vbljn(3),|185vbljn(3),|185vbljn(3),|185vbljn(3),;32920.8,33791.2,33791.2,32920.8,0,0,0,0,1486.177529718315
185vbljn(3),|185vbljn(3),|185vbljn(3),|185vbljn(3),;32920.8,33791.2,33791.2,32920.8,0,0,0,0,1491.177529718315
185vbljn(3),|185vbljn(3),|185vbljn(3),|185vbljn(3),;32920.8,33791.2,33791.2,32920.8,0,0,0,0,1496.177529718315
185vbljn(3),|185vbljn(3),|185vbljn(3),|185vbljn(3),;32920.8,33791.2,33791.2,32920.8,0,0,0,0,1501.177529718315
185vbljn(3),|185vbljn(3),|185vbljn(3),|185vbljn(3),;32920.8,33791.2,33791.2,32920.8,0,0,0,0,1506.177529718315
185vbljn(3),|185vbljn(3),|185vbljn(3),|185vbljn(3),;32920.8,33791.2,33791.2,32920.8,0,0,0,0,1511.177529718315
|||;35532,35532,35532,35532,0,0,0,0,1516.177529718315
|||;35532,35532,35532,35532,0,0,0,0,1521.177529718315
|||;35532,35532,35532,35532,0,0,0,0,1526.177529718315
|||;35532,35532,35532,35532,0,0,0,0,1531.177529718315
|||;35532,35532,35532,35532,0,0,0,0,1536.177529718315
|||;35532,35532,35532,35532,0,0,0,0,1541.177529718315
|||;35532,35532,35532,35532,0,0,0,0,1546.177529718315
|||;35532,35532,35532,35532,0,0,0,0,1551.177529718315
|||;35532,35532,35532,35532,0,0,0,0,1556.177529718315
|||;35532,35532,35532,35532,0,0,0,0,1561.177529718315
|||;35532,35532,35532,35532,0,0,0,0,1566.177529718315
|||;35532,35532,35532,35532,0,0,0,0,1571.177529718315
|||;35532,35532,35532,35532,0,0,0,0,1576.177529718315
|||;35532,35532,35532,35532,0,0,0,0,1581.177529718315
|||;35532,35532,35532,35532,0,0,0,0,1586.177529718315
|||;35532,35532,35532,35532,0,0,0,0,1591.177529718315
|||;35532,35532,35532,35532,0,0,0,0,1596.177529718315
|||;35532,35532,35532,35532,0,0,0,0,1601.177529718315
|||;35532,35532,35532,35532,0,0,0,0,1606.177529718315
|||;35532,35532,35532,35532,0,0,0,0,1611.177529718315
|||;35532,35532,35532,35532,0,0,0,0,1616.177529718315
|||;35532,35532,35532,35532,0,0,0,0,1621.177529718315
|||;35532,35532,35532,35532,0,0,0,0,1626.177529718315
|||;35532,35532,35532,35532,0,0,0,0,1631.177529718315
|||;35532,35532,35532,35532,0,0,0,0,1636.177529718315
|||;35532,35532,35532,35532,0,0,0,0,1641.177529718315
|||;35532,35532,35532,35532,0,0,0,0,1646.177529718315
|||;35532,35532,35532,35532,0,0,0,0,1651.177529718315
|||;35532,35532,35532,35532,0,0,0,0,1656.177529718315
|||;35532,35532,35532,35532,0,0,0,0,1661.177529718315
|||;35532,35532,35532,35532,0,0,0,0,1666.177529718315
|||;35532,35532,35532,35532,0,0,0,0,1671.177529718315
|||;35532,35532,35532,35532,0,0,0,0,1676.177529718315
|||;35532,35532,35532,35532,0,0,0,0,1681.177529718315
|||;35532,35532,35532,35532,0,0,0,0,1686.177529718315
|||;35532,35532,35532,35532,0,0,0,0,1691.177529718315
|||;35532,35532,35532,35532,0,0,0,0,1696.177529718315
|||;35532,35532,35532,35532,0,0,0,0,1701.177529718315
|||;35532,35532,35532,35532,0,0,0,0,1706.177529718315
|||;35532,35532,35532,35532,0,0,0,0,1711.177529718315
|||;35532,35532,35532,35532,0,0,0,0,1716.177529718315
|||;35532,35532,35532,35532,0,0,0,0,1721.177529718315
|||;35532,35532,35532,35532,0,0,0,0,1726.177529718315
|||;35532,35532,35532,35532,0,0,0,0,1731.177529718315
|||;35532,35532,35532,35532,0,0,0,0,1736.177529718315
|||;35532,35532,35532,35532,0,0,0,0,1741.177529718315
|||;35532,35532,35532,35532,0,0,0,0,1746.177529718315
|||;35532,35532,35532,35532,0,0,0,0,1751.177529718315
|||;35532,35532,35532,35532,0,0,0,0,1756.177529718315
|||;35532,35532,35532,35532,0,0,0,0,1761.177529718315
|||;35532,35532,35532,35532,0,0,0,0,1766.177529718315
|||;35532,35532,35532,35532,0,0,0,0,1771.177529718315
|||;35532,35532,35532,35532,0,0,0,0,1776.177529718315
|||;35532,35532,35532,35532,0,0,0,0,1781.177529718315
|||;35532,35532,35532,35532,0,0,0,0,1786.177529718315
|||;35532,35532,35532,35532,0,0,0,0,1791.177529718315
|||;35532,35532,35532,35532,0,0,0,0,1796.177529718315
|||;35532,35532,35532,35532,0,0,0,0,1801.177529718315
|||;35532,35532,35532,35532,0,0,0,0,1806.177529718315
|||;35532,35532,35532,35532,0,0,0,0,1811.177529718315
|||;35532,35532,35532,35532,0,0,0,0,1816.177529718315
|||;35532,35532,35532,35532,0,0,0,0,1821.177529718315
|||;35532,35532,35532,35532,0,0,0,0,1826.177529718315
|||;35532,35532,35532,35532,0,0,0,0,1831.177529718315
|||;35532,35532,35532,35532,0,0,0,0,1836.177529718315
|||;35532,35532,35532,35532,0,0,0,0,1841.177529718315
|||;35532,35532,35532,35532,0,0,0,0,1846.177529718315
|||;35532,35532,35532,35532,0,0,0,0,1851.177529718315
|||;35532,35532,35532,35532,0,0,0,0,1856.177529718315
|||;35532,35532,35532,35532,0,0,0,0,1861.177529718315
|||;35532,35532,35532,35532,0,0,0,0,1866.177529718315
|||;35532,35532,35532,35532,0,0,0,0,1871.177529718315
|||;35532,35532,35532,35532,0,0,0,0,1876.177529718315
|||;35532,35532,35532,35532,0,0,0,0,1881.177529718315
|||;35532,35532,35532,35532,0,0,0,0,1886.177529718315
|||;35532,35532,35532,35532,0,0,0,0,1891.177529718315
|||;35532,35532,35532,35532,0,0,0,0,1896.177529718315
|||;35532,35532,35532,35532,0,0,0,0,1901.177529718315
|||;35532,35532,35532,35532,0,0,0,0,1906.177529718315
|||;35532,35532,35532,35532,0,0,0,0,1911.177529718315
|||;35532,35532,35532,35532,0,0,0,0,1916.177529718315
|||;35532,35532,35532,35532,0,0,0,0,1921.177529718315
|||;35532,35532,35532,35532,0,0,0,0,1926.177529718315
|||;35532,35532,35532,35532,0,0,0,0,1931.177529718315
|||;35532,35532,35532,35532,0,0,0,0,1936.177529718315
|||;35532,35532,35532,35532,0,0,0,0,1941.177529718315
|||;35532,35532,35532,35532,0,0,0,0,1946.177529718315
|||;35532,35532,35532,35532,0,0,0,0,1951.177529718315
|||;35532,35532,35532,35532,0,0,0,0,1956.177529718315
|||;35532,35532,35532,35532,0,0,0,0,1961.177529718315
|||;35532,35532,35532,35532,0,0,0,0,1966.177529718315
|||;35532,35532,35532,35532,0,0,0,0,1971.177529718315
|||;35532,35532,35532,35532,0,0,0,0,1976.177529718315
|||;35532,35532,35532,35532,0,0,0,0,1981.177529718315
|||;35532,35532,35532,35532,0,0,0,0,1986.177529718315
|||;35532,35532,35532,35532,0,0,0,0,1991.177529718315
|||;35532,35532,35532,35532,0,0,0,0,1996.177529718315
