|||;34918,34918,34918,34918,0,0,0,0,1.013646708119
|||;34918,34918,34918,34918,0,0,0,0,6.013646708119
|||;34918,34918,34918,34918,0,0,0,0,11.013646708119
|||;34918,34918,34918,34918,0,0,0,0,16.013646708119
|||;34918,34918,34918,34918,0,0,0,0,21.013646708119
|||;34918,34918,34918,34918,0,0,0,0,26.013646708119
|||;34918,34918,34918,34918,0,0,0,0,31.013646708119
|||;34918,34918,34918,34918,0,0,0,0,36.013646708119
|||;34918,34918,34918,34918,0,0,0,0,41.013646708119
|||;34918,34918,34918,34918,0,0,0,0,46.013646708119
|||;34918,34918,34918,34918,0,0,0,0,51.013646708119
|||;34918,34918,34918,34918,0,0,0,0,56.013646708119
|||;34918,34918,34918,34918,0,0,0,0,61.013646708119
|||;34918,34918,34918,34918,0,0,0,0,66.013646708119
|||;34918,34918,34918,34918,0,0,0,0,71.013646708119
265gsxhb(2),|265gsxhb(2),|265gsxhb(2),|265gsxhb(2),;33156.7,33156.7,33156.7,32276.1,7.969680560654,7.969680560654,7.969680560654,13.476705659891,76.013646708119
265gsxhb(2),|265gsxhb(2),|265gsxhb(2),|265gsxhb(2),;33156.7,33156.7,33156.7,32276.1,2.969680560654,2.969680560654,2.969680560654,8.476705659891,81.013646708119
|||265gsxhb(2),;34918,34918,34918,32276.1,0,0,0,3.476705659891,86.013646708119
|||;34918,34918,34918,34918,0,0,0,0,91.013646708119
|||;34918,34918,34918,34918,0,0,0,0,96.013646708119
184cibgp(2),|||184cibgp(2),;34262.6,34918,34918,31641.2,3.76703170195,0,0,20.501369981848,101.013646708119
184cibgp(3),|||184cibgp(2),;34262.6,34918,34918,31641.2,0,0,0,15.501369981848,106.013646708119
184cibgp(3),|||184cibgp(2),;34262.6,34918,34918,31641.2,0,0,0,10.501369981848,111.013646708119
184cibgp(3),|||184cibgp(2),;34262.6,34918,34918,31641.2,0,0,0,5.501369981848,116.013646708119
184cibgp(3),|||184cibgp(3),;34262.6,34918,34918,31641.2,0,0,0,0.501369981848,121.013646708119
184cibgp(3),|||184cibgp(3),;34262.6,34918,34918,31641.2,0,0,0,0,126.013646708119
184cibgp(3),|||184cibgp(3),;34262.6,34918,34918,31641.2,0,0,0,0,131.013646708119
184cibgp(3),|||184cibgp(3),;34262.6,34918,34918,31641.2,0,0,0,0,136.013646708119
|||184cibgp(3),;34918,34918,34918,31641.2,0,0,0,0,141.013646708119
|||184cibgp(3),;34918,34918,34918,31641.2,0,0,0,0,146.013646708119
|||184cibgp(3),;34918,34918,34918,31641.2,0,0,0,0,151.013646708119
|||184cibgp(3),;34918,34918,34918,31641.2,0,0,0,0,156.013646708119
|||184cibgp(3),;34918,34918,34918,31641.2,0,0,0,0,161.013646708119
117vcism(0),|117vcism(0),|117vcism(0),|184cibgp(3),117vcism(0),;34221.7,34221.7,34221.7,30248.6,7.801407962363,7.801407962363,7.801407962363,12.24646656796,166.013646708119
117vcism(2),|117vcism(2),|117vcism(2),|184cibgp(3),117vcism(2),;34221.7,34221.7,34221.7,30248.6,2.801407962363,2.801407962363,2.801407962363,7.24646656796,171.013646708119
|||184cibgp(3),117vcism(2),;34918,34918,34918,30248.6,0,0,0,2.24646656796,176.013646708119
|||184cibgp(3),;34918,34918,34918,31641.2,0,0,0,0,181.013646708119
|||184cibgp(3),;34918,34918,34918,31641.2,0,0,0,0,186.013646708119
|||184cibgp(3),;34918,34918,34918,31641.2,0,0,0,0,191.013646708119
|||184cibgp(3),;34918,34918,34918,31641.2,0,0,0,0,196.013646708119
|||184cibgp(3),;34918,34918,34918,31641.2,0,0,0,0,201.013646708119
|||184cibgp(3),;34918,34918,34918,31641.2,0,0,0,0,206.013646708119
|||184cibgp(3),;34918,34918,34918,31641.2,0,0,0,0,211.013646708119
|||184cibgp(3),;34918,34918,34918,31641.2,0,0,0,0,216.013646708119
|||184cibgp(3),;34918,34918,34918,31641.2,0,0,0,0,221.013646708119
|||184cibgp(3),;34918,34918,34918,31641.2,0,0,0,0,226.013646708119
342denwz(2),|342denwz(2),|342denwz(2),|184cibgp(3),342denwz(2),;33300.1,32491.1,32491.1,30023.3,8.355844536306,13.414623406535,13.414623406535,8.355844536306,231.013646708119
342denwz(2),|342denwz(2),|342denwz(2),|184cibgp(3),342denwz(2),;33300.1,32491.1,32491.1,30023.3,3.355844536306,8.414623406535,8.414623406535,3.355844536306,236.013646708119
|342denwz(2),|342denwz(2),|184cibgp(3),;34918,32491.1,32491.1,31641.2,0,3.414623406535,3.414623406535,0,241.013646708119
|||184cibgp(3),;34918,34918,34918,31641.2,0,0,0,0,246.013646708119
|||184cibgp(3),;34918,34918,34918,31641.2,0,0,0,0,251.013646708119
|||184cibgp(3),;34918,34918,34918,31641.2,0,0,0,0,256.013646708119
|||184cibgp(3),;34918,34918,34918,31641.2,0,0,0,0,261.013646708119
160brihc(0),|160brihc(0),|160brihc(0),|184cibgp(3),160brihc(0),;34185.8,32721.5,33453.7,30176.9,5.529228203544,14.686258310414,10.107743256979,10.107743256979,266.013646708119
160brihc(2),|160brihc(2),|160brihc(2),|184cibgp(3),160brihc(2),;34185.8,32721.5,33453.7,30176.9,0.529228203544,9.686258310414,5.107743256979,5.107743256979,271.013646708119
|160brihc(2),|160brihc(2),|184cibgp(3),160brihc(2),;34918,32721.5,33453.7,30176.9,0,4.686258310414,0.107743256979,0.107743256979,276.013646708119
250zuemt(0),977endrf(0),|250zuemt(0),977endrf(0),||184cibgp(3),250zuemt(0),977endrf(0),;31277.7,31277.7,34918,29014.6,29.27250493069,30.922843949223,0,22.80102254901,281.013646708119
250zuemt(2),977endrf(1),|250zuemt(2),977endrf(1),||184cibgp(3),250zuemt(2),977endrf(1),;31277.7,31277.7,34918,29014.6,24.27250493069,25.922843949223,0,17.80102254901,286.013646708119
250zuemt(2),977endrf(1),|250zuemt(2),977endrf(1),||184cibgp(3),977endrf(2),;31277.7,31277.7,34918,30028.4,19.27250493069,20.922843949223,0,12.80102254901,291.013646708119
250zuemt(2),977endrf(1),|250zuemt(2),977endrf(1),||184cibgp(3),977endrf(2),;31277.7,31277.7,34918,30028.4,14.27250493069,15.922843949223,0,7.80102254901,296.013646708119
250zuemt(3),977endrf(2),|250zuemt(3),977endrf(2),||184cibgp(3),977endrf(3),;31277.7,31277.7,34918,30028.4,9.27250493069,10.922843949223,0,2.80102254901,301.013646708119
250zuemt(3),977endrf(2),|250zuemt(3),977endrf(2),||184cibgp(3),977endrf(3),;31277.7,31277.7,34918,30028.4,4.27250493069,5.922843949223,0,0,306.013646708119
250zuemt(3),977endrf(3),|250zuemt(3),977endrf(3),71esbcn(0),|71esbcn(0),|184cibgp(3),977endrf(3),71esbcn(0),;31277.7,30130.8,33771.1,27734.6,0,11.765650092879,7.911932435537,15.083872099659,311.013646708119
250zuemt(3),977endrf(3),|250zuemt(3),977endrf(3),71esbcn(2),|71esbcn(2),|184cibgp(3),977endrf(3),71esbcn(2),;31277.7,30130.8,33771.1,27734.6,0,6.765650092879,2.911932435537,10.083872099659,316.013646708119
250zuemt(3),977endrf(3),|250zuemt(3),977endrf(3),||184cibgp(3),977endrf(3),71esbcn(2),;31277.7,31277.7,34918,27734.6,0,1.765650092879,0,5.083872099659,321.013646708119
250zuemt(3),977endrf(3),|250zuemt(3),977endrf(3),||184cibgp(3),977endrf(3),;31277.7,31277.7,34918,30028.4,0,0,0,0.083872099659,326.013646708119
250zuemt(3),977endrf(3),|250zuemt(3),977endrf(3),||184cibgp(3),977endrf(3),;31277.7,31277.7,34918,30028.4,0,0,0,0,331.013646708119
250zuemt(3),977endrf(3),|250zuemt(3),977endrf(3),||977endrf(3),;31277.7,31277.7,34918,33305.2,0,0,0,0,336.013646708119
250zuemt(3),977endrf(3),|250zuemt(3),977endrf(3),||977endrf(3),;31277.7,31277.7,34918,33305.2,0,0,0,0,341.013646708119
250zuemt(3),977endrf(3),|250zuemt(3),977endrf(3),||977endrf(3),;31277.7,31277.7,34918,33305.2,0,0,0,0,346.013646708119
250zuemt(3),977endrf(3),|250zuemt(3),977endrf(3),||977endrf(3),;31277.7,31277.7,34918,33305.2,0,0,0,0,351.013646708119
250zuemt(3),977endrf(3),|250zuemt(3),977endrf(3),||977endrf(3),;31277.7,31277.7,34918,33305.2,0,0,0,0,356.013646708119
250zuemt(3),977endrf(3),|250zuemt(3),977endrf(3),||977endrf(3),;31277.7,31277.7,34918,33305.2,0,0,0,0,361.013646708119
250zuemt(3),977endrf(3),|250zuemt(3),977endrf(3),||977endrf(3),;31277.7,31277.7,34918,33305.2,0,0,0,0,366.013646708119
250zuemt(3),977endrf(3),|250zuemt(3),977endrf(3),||977endrf(3),;31277.7,31277.7,34918,33305.2,0,0,0,0,371.013646708119
250zuemt(3),977endrf(3),|250zuemt(3),977endrf(3),||977endrf(3),;31277.7,31277.7,34918,33305.2,0,0,0,0,376.013646708119
250zuemt(3),977endrf(3),|250zuemt(3),977endrf(3),||977endrf(3),;31277.7,31277.7,34918,33305.2,0,0,0,0,381.013646708119
250zuemt(3),977endrf(3),|250zuemt(3),977endrf(3),||977endrf(3),;31277.7,31277.7,34918,33305.2,0,0,0,0,386.013646708119
250zuemt(3),977endrf(3),|250zuemt(3),977endrf(3),||977endrf(3),;31277.7,31277.7,34918,33305.2,0,0,0,0,391.013646708119
250zuemt(3),977endrf(3),|250zuemt(3),977endrf(3),||977endrf(3),;31277.7,31277.7,34918,33305.2,0,0,0,0,396.013646708119
250zuemt(3),977endrf(3),|250zuemt(3),977endrf(3),||;31277.7,31277.7,34918,34918,0,0,0,0,401.013646708119
250zuemt(3),977endrf(3),|250zuemt(3),977endrf(3),||;31277.7,31277.7,34918,34918,0,0,0,0,406.013646708119
250zuemt(3),977endrf(3),|250zuemt(3),977endrf(3),||;31277.7,31277.7,34918,34918,0,0,0,0,411.013646708119
977endrf(3),|977endrf(3),||;33305.2,33305.2,34918,34918,0,0,0,0,416.013646708119
977endrf(3),|977endrf(3),||;33305.2,33305.2,34918,34918,0,0,0,0,421.013646708119
977endrf(3),|977endrf(3),||;33305.2,33305.2,34918,34918,0,0,0,0,426.013646708119
977endrf(3),64fktcb(2),|977endrf(3),64fktcb(2),|64fktcb(2),|64fktcb(2),;32025.2,32025.2,32358,33638,7.685858698242,7.685858698242,15.690255644807,7.685858698242,431.013646708119
977endrf(3),64fktcb(2),|977endrf(3),64fktcb(2),|64fktcb(2),|64fktcb(2),;32025.2,32025.2,32358,33638,2.685858698242,2.685858698242,10.690255644807,2.685858698242,436.013646708119
977endrf(3),|977endrf(3),|64fktcb(2),|;33305.2,33305.2,32358,34918,0,0,5.690255644807,0,441.013646708119
977endrf(3),|977endrf(3),|64fktcb(2),|;33305.2,33305.2,32358,34918,0,0,0.690255644807,0,446.013646708119
977endrf(3),|977endrf(3),||;33305.2,33305.2,34918,34918,0,0,0,0,451.013646708119
977endrf(3),|977endrf(3),||;33305.2,33305.2,34918,34918,0,0,0,0,456.013646708119
|||;34918,34918,34918,34918,0,0,0,0,461.013646708119
|||;34918,34918,34918,34918,0,0,0,0,466.013646708119
|||;34918,34918,34918,34918,0,0,0,0,471.013646708119
137ldhpe(2),192liqsz(0),|137ldhpe(2),|192liqsz(0),|137ldhpe(2),;30576.2,32173.7,33095.3,34231.9,32.599416993342,16.784186697516,13.301012783637,3.645116407439,476.013646708119
137ldhpe(2),192liqsz(1),|137ldhpe(2),|192liqsz(2),|;30576.2,32173.7,33095.3,34918,27.599416993342,11.784186697516,8.301012783637,0,481.013646708119
137ldhpe(2),192liqsz(1),|137ldhpe(2),|192liqsz(2),|;30576.2,32173.7,33095.3,34918,22.599416993342,6.784186697516,3.301012783637,0,486.013646708119
137ldhpe(2),192liqsz(1),|137ldhpe(2),||;30576.2,32173.7,34918,34918,17.599416993342,1.784186697516,0,0,491.013646708119
137ldhpe(2),192liqsz(1),|137ldhpe(3),||;30576.2,32173.7,34918,34918,12.599416993342,0,0,0,496.013646708119
137ldhpe(3),192liqsz(2),|137ldhpe(3),||;30576.2,32173.7,34918,34918,7.599416993342,0,0,0,501.013646708119
137ldhpe(3),|137ldhpe(3),||;31487.6,32173.7,34918,34918,2.599416993342,0,0,0,506.013646708119
137ldhpe(3),|137ldhpe(3),||;31487.6,32173.7,34918,34918,0,0,0,0,511.013646708119
137ldhpe(3),|137ldhpe(3),||;31487.6,32173.7,34918,34918,0,0,0,0,516.013646708119
137ldhpe(3),|137ldhpe(3),||;31487.6,32173.7,34918,34918,0,0,0,0,521.013646708119
137ldhpe(3),|137ldhpe(3),||;31487.6,32173.7,34918,34918,0,0,0,0,526.013646708119
137ldhpe(3),|137ldhpe(3),||;31487.6,32173.7,34918,34918,0,0,0,0,531.013646708119
137ldhpe(3),|137ldhpe(3),||;31487.6,32173.7,34918,34918,0,0,0,0,536.013646708119
137ldhpe(3),|137ldhpe(3),||;31487.6,32173.7,34918,34918,0,0,0,0,541.013646708119
137ldhpe(3),|137ldhpe(3),||;31487.6,32173.7,34918,34918,0,0,0,0,546.013646708119
137ldhpe(3),|137ldhpe(3),||;31487.6,32173.7,34918,34918,0,0,0,0,551.013646708119
137ldhpe(3),|137ldhpe(3),||;31487.6,32173.7,34918,34918,0,0,0,0,556.013646708119
137ldhpe(3),|137ldhpe(3),||;31487.6,32173.7,34918,34918,0,0,0,0,561.013646708119
137ldhpe(3),|137ldhpe(3),|177nyvtm(0),|177nyvtm(0),;31487.6,32173.7,31590,32255.6,0,0,24.278007958159,20.029054879279,566.013646708119
137ldhpe(3),|137ldhpe(3),|177nyvtm(2),|177nyvtm(2),;31487.6,32173.7,31590,32255.6,0,0,19.278007958159,15.029054879279,571.013646708119
137ldhpe(3),|137ldhpe(3),|177nyvtm(2),|177nyvtm(2),;31487.6,32173.7,31590,32255.6,0,0,14.278007958159,10.029054879279,576.013646708119
137ldhpe(3),|137ldhpe(3),|177nyvtm(2),|177nyvtm(2),;31487.6,32173.7,31590,32255.6,0,0,9.278007958159,5.029054879279,581.013646708119
137ldhpe(3),|137ldhpe(3),|177nyvtm(2),|177nyvtm(3),;31487.6,32173.7,31590,32255.6,0,0,4.278007958159,0.029054879279,586.013646708119
137ldhpe(3),|137ldhpe(3),|177nyvtm(3),|177nyvtm(3),;31487.6,32173.7,31590,32255.6,0,0,0,0,591.013646708119
137ldhpe(3),|137ldhpe(3),|177nyvtm(3),|177nyvtm(3),;31487.6,32173.7,31590,32255.6,0,0,0,0,596.013646708119
137ldhpe(3),|137ldhpe(3),|177nyvtm(3),|177nyvtm(3),;31487.6,32173.7,31590,32255.6,0,0,0,0,601.013646708119
137ldhpe(3),|137ldhpe(3),|177nyvtm(3),|177nyvtm(3),;31487.6,32173.7,31590,32255.6,0,0,0,0,606.013646708119
137ldhpe(3),|137ldhpe(3),|177nyvtm(3),|177nyvtm(3),;31487.6,32173.7,31590,32255.6,0,0,0,0,611.013646708119
137ldhpe(3),|137ldhpe(3),|177nyvtm(3),|177nyvtm(3),;31487.6,32173.7,31590,32255.6,0,0,0,0,616.013646708119
137ldhpe(3),|137ldhpe(3),|177nyvtm(3),|177nyvtm(3),;31487.6,32173.7,31590,32255.6,0,0,0,0,621.013646708119
137ldhpe(3),148arthf(0),|137ldhpe(3),|177nyvtm(3),148arthf(0),|177nyvtm(3),148arthf(0),;30550.6,32173.7,27842.2,28507.8,6.772625742156,0,24.716281436813,24.716281436813,626.013646708119
137ldhpe(3),148arthf(2),|137ldhpe(3),|177nyvtm(3),148arthf(2),|177nyvtm(3),148arthf(2),;30550.6,32173.7,27842.2,28507.8,1.772625742156,0,19.716281436813,19.716281436813,631.013646708119
137ldhpe(3),854bkjli(0),|137ldhpe(3),192uzenv(0),854bkjli(0),|177nyvtm(3),148arthf(2),854bkjli(0),|177nyvtm(3),148arthf(2),854bkjli(0),;28518,30002.8,27099.8,27765.4,19.491064994363,19.27783430483,22.201850452272,22.201850452272,636.013646708119
137ldhpe(3),854bkjli(2),|137ldhpe(3),192uzenv(2),854bkjli(1),|177nyvtm(3),148arthf(2),854bkjli(1),|177nyvtm(3),148arthf(2),854bkjli(1),;28518,30002.8,27099.8,27765.4,14.491064994363,14.27783430483,17.201850452272,17.201850452272,641.013646708119
137ldhpe(3),854bkjli(2),|137ldhpe(3),854bkjli(2),|177nyvtm(3),148arthf(2),854bkjli(1),|177nyvtm(3),148arthf(2),854bkjli(1),;28518,30688.9,27099.8,27765.4,9.491064994363,9.27783430483,12.201850452272,12.201850452272,646.013646708119
137ldhpe(3),854bkjli(2),|137ldhpe(3),854bkjli(2),|177nyvtm(3),148arthf(3),854bkjli(2),|177nyvtm(3),148arthf(3),854bkjli(2),;28518,30688.9,27099.8,27765.4,4.491064994363,4.27783430483,7.201850452272,7.201850452272,651.013646708119
137ldhpe(3),735vuyms(0),|137ldhpe(3),735vuyms(0),|177nyvtm(3),148arthf(3),854bkjli(3),735vuyms(0),|177nyvtm(3),148arthf(3),854bkjli(3),735vuyms(0),;29777.5,29608.6,26244.8,26910.4,15.459798033488,20.704837837593,12.712312997758,12.712312997758,656.013646708119
137ldhpe(3),735vuyms(2),|137ldhpe(3),735vuyms(2),|177nyvtm(3),148arthf(3),854bkjli(3),735vuyms(2),|177nyvtm(3),148arthf(3),854bkjli(3),735vuyms(2),;29777.5,29608.6,26244.8,26910.4,10.459798033488,15.704837837593,7.712312997758,7.712312997758,661.013646708119
137ldhpe(3),735vuyms(2),228zjevy(0),|137ldhpe(3),735vuyms(2),228zjevy(1),|148arthf(3),854bkjli(3),228zjevy(2),|148arthf(3),854bkjli(3),228zjevy(2),;26951.3,28195.5,29014.7,29014.7,26.500812898839,22.540998473936,14.548473634101,14.548473634101,666.013646708119
137ldhpe(3),228zjevy(1),|137ldhpe(3),735vuyms(2),228zjevy(1),|148arthf(3),854bkjli(3),228zjevy(2),|148arthf(3),854bkjli(3),228zjevy(2),;28661.4,28195.5,29014.7,29014.7,21.500812898839,17.540998473936,9.548473634101,9.548473634101,671.013646708119
137ldhpe(3),228zjevy(2),117zwysn(1),|137ldhpe(3),228zjevy(1),117zwysn(1),|148arthf(3),854bkjli(3),228zjevy(3),117zwysn(2),|148arthf(3),854bkjli(3),228zjevy(3),117zwysn(2),;27903.6,30002.8,27499.2,26741.4,25.518500782888,21.558686357985,18.304764510517,23.043367502883,676.013646708119
137ldhpe(3),228zjevy(2),117zwysn(1),|137ldhpe(3),228zjevy(2),117zwysn(1),|148arthf(3),854bkjli(3),228zjevy(3),117zwysn(2),|148arthf(3),854bkjli(3),228zjevy(3),117zwysn(2),;27903.6,30002.8,27499.2,26741.4,20.518500782888,16.558686357985,13.304764510517,18.043367502883,681.013646708119
137ldhpe(3),228zjevy(2),117zwysn(1),|137ldhpe(3),228zjevy(3),117zwysn(1),|148arthf(3),854bkjli(3),228zjevy(3),|148arthf(3),854bkjli(3),228zjevy(3),117zwysn(2),;27903.6,30002.8,29014.7,26741.4,15.518500782888,11.558686357985,8.304764510517,13.043367502883,686.013646708119
137ldhpe(3),228zjevy(3),117zwysn(2),|137ldhpe(3),228zjevy(3),117zwysn(2),|148arthf(3),854bkjli(3),228zjevy(3),|148arthf(3),854bkjli(3),228zjevy(3),;27903.6,30002.8,29014.7,29014.7,10.518500782888,6.558686357985,3.304764510517,8.043367502883,691.013646708119
137ldhpe(3),228zjevy(3),|137ldhpe(3),228zjevy(3),|148arthf(3),854bkjli(3),228zjevy(3),|148arthf(3),854bkjli(3),228zjevy(3),;28661.4,30760.6,29014.7,29014.7,5.518500782888,1.558686357985,0,3.043367502883,696.013646708119
137ldhpe(3),228zjevy(3),|137ldhpe(3),228zjevy(3),|148arthf(3),854bkjli(3),228zjevy(3),|148arthf(3),854bkjli(3),228zjevy(3),;28661.4,30760.6,29014.7,29014.7,0.518500782888,0,0,0,701.013646708119
137ldhpe(3),228zjevy(3),21gfwqd(0),|137ldhpe(3),228zjevy(3),21gfwqd(0),|148arthf(3),854bkjli(3),228zjevy(3),|148arthf(3),854bkjli(3),228zjevy(3),;27115.2,26121.9,29014.7,29014.7,11.266096407861,31.007386097429,0,0,706.013646708119
137ldhpe(3),228zjevy(3),21gfwqd(2),|137ldhpe(3),228zjevy(3),21gfwqd(2),|148arthf(3),854bkjli(3),228zjevy(3),|148arthf(3),854bkjli(3),228zjevy(3),;27115.2,26121.9,29014.7,29014.7,6.266096407861,26.007386097429,0,0,711.013646708119
137ldhpe(3),228zjevy(3),21gfwqd(2),|137ldhpe(3),228zjevy(3),21gfwqd(2),|148arthf(3),854bkjli(3),228zjevy(3),137xkafg(0),|148arthf(3),854bkjli(3),228zjevy(3),137xkafg(0),;27115.2,26121.9,28077.7,28077.7,1.266096407861,21.007386097429,8.743790430851,8.743790430851,716.013646708119
228zjevy(3),21gfwqd(3),|228zjevy(3),21gfwqd(2),|148arthf(3),854bkjli(3),228zjevy(3),137xkafg(2),|148arthf(3),854bkjli(3),228zjevy(3),137xkafg(2),;30545.6,28866.2,28077.7,28077.7,0,16.007386097429,3.743790430851,3.743790430851,721.013646708119
228zjevy(3),21gfwqd(3),|228zjevy(3),21gfwqd(2),|148arthf(3),854bkjli(3),228zjevy(3),|148arthf(3),854bkjli(3),228zjevy(3),;30545.6,28866.2,29014.7,29014.7,0,11.007386097429,0,0,726.013646708119
228zjevy(3),21gfwqd(3),735uziql(0),|228zjevy(3),21gfwqd(2),735uziql(0),|148arthf(3),854bkjli(3),228zjevy(3),735uziql(0),|148arthf(3),854bkjli(3),228zjevy(3),735uziql(0),;29296.3,27616.9,27765.4,26516.1,10.207291042181,17.096074847729,10.207291042181,18.019582462028,731.013646708119
228zjevy(3),21gfwqd(3),735uziql(2),|228zjevy(3),21gfwqd(2),735uziql(1),|148arthf(3),854bkjli(3),228zjevy(3),735uziql(2),|148arthf(3),854bkjli(3),228zjevy(3),735uziql(2),;29296.3,27616.9,27765.4,26516.1,5.207291042181,12.096074847729,5.207291042181,13.019582462028,736.013646708119
228zjevy(3),21gfwqd(3),735uziql(2),|228zjevy(3),21gfwqd(3),735uziql(2),|148arthf(3),854bkjli(3),228zjevy(3),735uziql(2),|148arthf(3),854bkjli(3),228zjevy(3),735uziql(2),;29296.3,27616.9,27765.4,26516.1,0.207291042181,7.096074847729,0.207291042181,8.019582462028,741.013646708119
228zjevy(3),21gfwqd(3),|228zjevy(3),21gfwqd(3),735uziql(3),|148arthf(3),854bkjli(3),228zjevy(3),|148arthf(3),854bkjli(3),228zjevy(3),735uziql(2),;30545.6,27616.9,29014.7,26516.1,0,2.096074847729,0,3.019582462028,746.013646708119
228zjevy(3),21gfwqd(3),|228zjevy(3),21gfwqd(3),735uziql(3),|148arthf(3),854bkjli(3),228zjevy(3),|148arthf(3),854bkjli(3),228zjevy(3),735uziql(3),;30545.6,27616.9,29014.7,26516.1,0,0,0,0,751.013646708119
228zjevy(3),21gfwqd(3),186cztos(2),|228zjevy(3),21gfwqd(3),735uziql(3),186cztos(2),|148arthf(3),854bkjli(3),228zjevy(3),|148arthf(3),854bkjli(3),228zjevy(3),735uziql(3),;29777.6,26848.9,29014.7,26516.1,2.757992389415,2.757992389415,0,0,756.013646708119
228zjevy(3),21gfwqd(3),|228zjevy(3),21gfwqd(3),735uziql(3),|148arthf(3),854bkjli(3),228zjevy(3),|148arthf(3),854bkjli(3),228zjevy(3),735uziql(3),;30545.6,27616.9,29014.7,26516.1,0,0,0,0,761.013646708119
228zjevy(3),21gfwqd(3),|228zjevy(3),21gfwqd(3),735uziql(3),|148arthf(3),854bkjli(3),228zjevy(3),|148arthf(3),854bkjli(3),228zjevy(3),735uziql(3),;30545.6,27616.9,29014.7,26516.1,0,0,0,0,766.013646708119
228zjevy(3),21gfwqd(3),|228zjevy(3),21gfwqd(3),735uziql(3),|148arthf(3),854bkjli(3),228zjevy(3),|148arthf(3),854bkjli(3),228zjevy(3),735uziql(3),;30545.6,27616.9,29014.7,26516.1,0,0,0,0,771.013646708119
228zjevy(3),21gfwqd(3),|228zjevy(3),21gfwqd(3),735uziql(3),|148arthf(3),854bkjli(3),228zjevy(3),|148arthf(3),854bkjli(3),228zjevy(3),735uziql(3),;30545.6,27616.9,29014.7,26516.1,0,0,0,0,776.013646708119
228zjevy(3),21gfwqd(3),|228zjevy(3),21gfwqd(3),735uziql(3),|148arthf(3),854bkjli(3),228zjevy(3),|148arthf(3),854bkjli(3),228zjevy(3),735uziql(3),;30545.6,27616.9,29014.7,26516.1,0,0,0,0,781.013646708119
228zjevy(3),21gfwqd(3),|228zjevy(3),21gfwqd(3),735uziql(3),|148arthf(3),854bkjli(3),228zjevy(3),|148arthf(3),854bkjli(3),228zjevy(3),735uziql(3),;30545.6,27616.9,29014.7,26516.1,0,0,0,0,786.013646708119
228zjevy(3),21gfwqd(3),|228zjevy(3),21gfwqd(3),735uziql(3),|148arthf(3),854bkjli(3),228zjevy(3),|148arthf(3),854bkjli(3),228zjevy(3),735uziql(3),;30545.6,27616.9,29014.7,26516.1,0,0,0,0,791.013646708119
228zjevy(3),21gfwqd(3),|228zjevy(3),21gfwqd(3),735uziql(3),|148arthf(3),854bkjli(3),228zjevy(3),|148arthf(3),854bkjli(3),228zjevy(3),735uziql(3),;30545.6,27616.9,29014.7,26516.1,0,0,0,0,796.013646708119
228zjevy(3),21gfwqd(3),|228zjevy(3),21gfwqd(3),735uziql(3),|148arthf(3),854bkjli(3),228zjevy(3),|148arthf(3),854bkjli(3),228zjevy(3),735uziql(3),;30545.6,27616.9,29014.7,26516.1,0,0,0,0,801.013646708119
228zjevy(3),21gfwqd(3),|228zjevy(3),21gfwqd(3),735uziql(3),|148arthf(3),854bkjli(3),228zjevy(3),|148arthf(3),854bkjli(3),228zjevy(3),735uziql(3),;30545.6,27616.9,29014.7,26516.1,0,0,0,0,806.013646708119
228zjevy(3),21gfwqd(3),|228zjevy(3),21gfwqd(3),735uziql(3),|148arthf(3),854bkjli(3),228zjevy(3),|148arthf(3),854bkjli(3),228zjevy(3),735uziql(3),;30545.6,27616.9,29014.7,26516.1,0,0,0,0,811.013646708119
228zjevy(3),21gfwqd(3),|228zjevy(3),21gfwqd(3),735uziql(3),|148arthf(3),854bkjli(3),228zjevy(3),|148arthf(3),854bkjli(3),228zjevy(3),735uziql(3),;30545.6,27616.9,29014.7,26516.1,0,0,0,0,816.013646708119
228zjevy(3),21gfwqd(3),|228zjevy(3),21gfwqd(3),735uziql(3),|148arthf(3),854bkjli(3),228zjevy(3),|148arthf(3),854bkjli(3),228zjevy(3),735uziql(3),;30545.6,27616.9,29014.7,26516.1,0,0,0,0,821.013646708119
228zjevy(3),21gfwqd(3),|228zjevy(3),21gfwqd(3),735uziql(3),|148arthf(3),854bkjli(3),228zjevy(3),|148arthf(3),854bkjli(3),228zjevy(3),735uziql(3),;30545.6,27616.9,29014.7,26516.1,0,0,0,0,826.013646708119
228zjevy(3),21gfwqd(3),|228zjevy(3),21gfwqd(3),735uziql(3),|148arthf(3),854bkjli(3),228zjevy(3),|148arthf(3),854bkjli(3),228zjevy(3),735uziql(3),;30545.6,27616.9,29014.7,26516.1,0,0,0,0,831.013646708119
228zjevy(3),21gfwqd(3),|228zjevy(3),21gfwqd(3),735uziql(3),|148arthf(3),228zjevy(3),|148arthf(3),228zjevy(3),735uziql(3),;30545.6,27616.9,29757.1,27258.5,0,0,0,0,836.013646708119
228zjevy(3),21gfwqd(3),|228zjevy(3),21gfwqd(3),735uziql(3),|228zjevy(3),|228zjevy(3),735uziql(3),;30545.6,27616.9,33504.9,31006.3,0,0,0,0,841.013646708119
228zjevy(3),21gfwqd(3),|228zjevy(3),21gfwqd(3),735uziql(3),|228zjevy(3),|228zjevy(3),735uziql(3),;30545.6,27616.9,33504.9,31006.3,0,0,0,0,846.013646708119
228zjevy(3),21gfwqd(3),|228zjevy(3),21gfwqd(3),735uziql(3),|228zjevy(3),|228zjevy(3),735uziql(3),;30545.6,27616.9,33504.9,31006.3,0,0,0,0,851.013646708119
228zjevy(3),21gfwqd(3),|228zjevy(3),21gfwqd(3),735uziql(3),|228zjevy(3),|228zjevy(3),735uziql(3),;30545.6,27616.9,33504.9,31006.3,0,0,0,0,856.013646708119
228zjevy(3),21gfwqd(3),|228zjevy(3),21gfwqd(3),735uziql(3),|228zjevy(3),|228zjevy(3),735uziql(3),;30545.6,27616.9,33504.9,31006.3,0,0,0,0,861.013646708119
228zjevy(3),21gfwqd(3),|228zjevy(3),21gfwqd(3),735uziql(3),|228zjevy(3),|228zjevy(3),735uziql(3),;30545.6,27616.9,33504.9,31006.3,0,0,0,0,866.013646708119
228zjevy(3),21gfwqd(3),|228zjevy(3),21gfwqd(3),735uziql(3),|228zjevy(3),|228zjevy(3),735uziql(3),;30545.6,27616.9,33504.9,31006.3,0,0,0,0,871.013646708119
228zjevy(3),21gfwqd(3),|228zjevy(3),21gfwqd(3),735uziql(3),|228zjevy(3),|228zjevy(3),735uziql(3),;30545.6,27616.9,33504.9,31006.3,0,0,0,0,876.013646708119
228zjevy(3),|228zjevy(3),21gfwqd(3),735uziql(3),|228zjevy(3),|228zjevy(3),735uziql(3),;32091.8,27616.9,33504.9,31006.3,0,0,0,0,881.013646708119
228zjevy(3),738htzql(2),|228zjevy(3),21gfwqd(3),735uziql(3),738htzql(2),|228zjevy(3),738htzql(2),|228zjevy(3),735uziql(3),738htzql(2),;31579.8,27104.9,32480.9,30494.3,1.963092176629,1.963092176629,5.164850955255,1.963092176629,886.013646708119
228zjevy(3),|228zjevy(3),21gfwqd(3),735uziql(3),|228zjevy(3),738htzql(2),|228zjevy(3),735uziql(3),;32091.8,27616.9,32480.9,31006.3,0,0,0.164850955255,0,891.013646708119
228zjevy(3),|228zjevy(3),21gfwqd(3),735uziql(3),|228zjevy(3),|228zjevy(3),735uziql(3),;32091.8,27616.9,33504.9,31006.3,0,0,0,0,896.013646708119
228zjevy(3),|228zjevy(3),21gfwqd(3),735uziql(3),|228zjevy(3),|228zjevy(3),735uziql(3),;32091.8,27616.9,33504.9,31006.3,0,0,0,0,901.013646708119
228zjevy(3),|228zjevy(3),21gfwqd(3),|228zjevy(3),|228zjevy(3),;32091.8,28866.2,33504.9,33504.9,0,0,0,0,906.013646708119
228zjevy(3),|228zjevy(3),21gfwqd(3),|228zjevy(3),|228zjevy(3),;32091.8,28866.2,33504.9,33504.9,0,0,0,0,911.013646708119
228zjevy(3),|228zjevy(3),21gfwqd(3),|228zjevy(3),|228zjevy(3),;32091.8,28866.2,33504.9,33504.9,0,0,0,0,916.013646708119
228zjevy(3),|228zjevy(3),21gfwqd(3),|228zjevy(3),|228zjevy(3),;32091.8,28866.2,33504.9,33504.9,0,0,0,0,921.013646708119
228zjevy(3),|228zjevy(3),21gfwqd(3),|228zjevy(3),|228zjevy(3),;32091.8,28866.2,33504.9,33504.9,0,0,0,0,926.013646708119
228zjevy(3),|228zjevy(3),21gfwqd(3),|228zjevy(3),|228zjevy(3),;32091.8,28866.2,33504.9,33504.9,0,0,0,0,931.013646708119
228zjevy(3),|228zjevy(3),21gfwqd(3),|228zjevy(3),|228zjevy(3),;32091.8,28866.2,33504.9,33504.9,0,0,0,0,936.013646708119
228zjevy(3),154nlbok(0),|228zjevy(3),21gfwqd(3),|228zjevy(3),154nlbok(0),|228zjevy(3),154nlbok(0),;29158,28866.2,32527,32527,23.218498015986,0,10.733112814968,10.733112814968,941.013646708119
228zjevy(3),154nlbok(2),|228zjevy(3),21gfwqd(3),|228zjevy(3),154nlbok(2),|228zjevy(3),154nlbok(2),;29158,28866.2,32527,32527,18.218498015986,0,5.733112814968,5.733112814968,946.013646708119
228zjevy(3),154nlbok(2),|228zjevy(3),21gfwqd(3),|228zjevy(3),154nlbok(2),|228zjevy(3),154nlbok(2),;29158,28866.2,32527,32527,13.218498015986,0,0.733112814968,0.733112814968,951.013646708119
228zjevy(3),154nlbok(2),|228zjevy(3),21gfwqd(3),|228zjevy(3),|228zjevy(3),;29158,28866.2,33504.9,33504.9,8.218498015986,0,0,0,956.013646708119
228zjevy(3),154nlbok(2),|228zjevy(3),21gfwqd(3),|228zjevy(3),|228zjevy(3),;29158,28866.2,33504.9,33504.9,3.218498015986,0,0,0,961.013646708119
228zjevy(3),154nlbok(3),|228zjevy(3),21gfwqd(3),|228zjevy(3),|228zjevy(3),;29158,28866.2,33504.9,33504.9,0,0,0,0,966.013646708119
228zjevy(3),154nlbok(3),|228zjevy(3),21gfwqd(3),|228zjevy(3),|228zjevy(3),;29158,28866.2,33504.9,33504.9,0,0,0,0,971.013646708119
228zjevy(3),154nlbok(3),|228zjevy(3),21gfwqd(3),|228zjevy(3),|228zjevy(3),;29158,28866.2,33504.9,33504.9,0,0,0,0,976.013646708119
228zjevy(3),154nlbok(3),713hesyi(0),|228zjevy(3),21gfwqd(3),713hesyi(0),|228zjevy(3),713hesyi(0),|228zjevy(3),713hesyi(0),;27284.1,25118.4,31631,31631,12.850451567342,24.812888697113,12.850451567342,12.850451567342,981.013646708119
228zjevy(3),154nlbok(3),713hesyi(2),|228zjevy(3),713hesyi(2),|228zjevy(3),713hesyi(2),|228zjevy(3),713hesyi(2),;27284.1,29757.1,31631,31631,7.850451567342,19.812888697113,7.850451567342,7.850451567342,986.013646708119
228zjevy(3),154nlbok(3),713hesyi(2),147pzgxs(0),|228zjevy(3),713hesyi(2),147pzgxs(0),|228zjevy(3),713hesyi(2),147pzgxs(0),|228zjevy(3),713hesyi(2),147pzgxs(0),;26316.4,28789.4,29695.6,29695.6,15.103665604395,27.066102734166,21.154989695998,21.154989695998,991.013646708119
228zjevy(3),154nlbok(3),713hesyi(3),147pzgxs(2),103ufylz(0),|228zjevy(3),713hesyi(2),147pzgxs(1),103ufylz(0),|228zjevy(3),713hesyi(3),147pzgxs(2),103ufylz(0),|228zjevy(3),713hesyi(3),147pzgxs(2),103ufylz(0),;24227.4,28093.1,26910.3,28303,28.634145923267,31.706465841842,39.130528620468,30.240411409272,996.013646708119
228zjevy(3),154nlbok(3),713hesyi(3),147pzgxs(3),103ufylz(2),|228zjevy(3),713hesyi(2),147pzgxs(1),103ufylz(1),|228zjevy(3),713hesyi(3),147pzgxs(2),103ufylz(1),|228zjevy(3),713hesyi(3),147pzgxs(2),103ufylz(1),;24227.4,28093.1,26910.3,28303,23.634145923267,26.706465841842,34.130528620468,25.240411409272,1001.013646708119
228zjevy(3),154nlbok(3),713hesyi(3),147pzgxs(3),103ufylz(2),|228zjevy(3),713hesyi(3),147pzgxs(1),103ufylz(1),|228zjevy(3),713hesyi(3),147pzgxs(2),103ufylz(1),|228zjevy(3),713hesyi(3),147pzgxs(2),103ufylz(1),;24227.4,28093.1,26910.3,28303,18.634145923267,21.706465841842,29.130528620468,20.240411409272,1006.013646708119
228zjevy(3),154nlbok(3),713hesyi(3),147pzgxs(3),103ufylz(2),|228zjevy(3),713hesyi(3),147pzgxs(2),103ufylz(1),|228zjevy(3),713hesyi(3),147pzgxs(3),103ufylz(2),|228zjevy(3),713hesyi(3),147pzgxs(3),103ufylz(2),;24227.4,28093.1,26910.3,28303,13.634145923267,16.706465841842,24.130528620468,15.240411409272,1011.013646708119
228zjevy(3),154nlbok(3),713hesyi(3),147pzgxs(3),103ufylz(3),|228zjevy(3),713hesyi(3),147pzgxs(3),103ufylz(2),|228zjevy(3),713hesyi(3),147pzgxs(3),103ufylz(2),|228zjevy(3),713hesyi(3),147pzgxs(3),103ufylz(3),;24227.4,28093.1,26910.3,28303,8.634145923267,11.706465841842,19.130528620468,10.240411409272,1016.013646708119
228zjevy(3),154nlbok(3),713hesyi(3),147pzgxs(3),103ufylz(3),|228zjevy(3),713hesyi(3),147pzgxs(3),103ufylz(3),|228zjevy(3),713hesyi(3),147pzgxs(3),103ufylz(2),|228zjevy(3),713hesyi(3),147pzgxs(3),103ufylz(3),;24227.4,28093.1,26910.3,28303,3.634145923267,6.706465841842,14.130528620468,5.240411409272,1021.013646708119
228zjevy(3),154nlbok(3),713hesyi(3),147pzgxs(3),103ufylz(3),|228zjevy(3),713hesyi(3),147pzgxs(3),103ufylz(3),|228zjevy(3),713hesyi(3),147pzgxs(3),103ufylz(3),|228zjevy(3),713hesyi(3),147pzgxs(3),103ufylz(3),;24227.4,28093.1,26910.3,28303,0,1.706465841842,9.130528620468,0.240411409272,1026.013646708119
228zjevy(3),154nlbok(3),713hesyi(3),147pzgxs(3),103ufylz(3),|228zjevy(3),713hesyi(3),147pzgxs(3),103ufylz(3),|228zjevy(3),713hesyi(3),147pzgxs(3),103ufylz(3),|228zjevy(3),713hesyi(3),147pzgxs(3),103ufylz(3),;24227.4,28093.1,26910.3,28303,0,0,4.130528620468,0,1031.013646708119
228zjevy(3),154nlbok(3),713hesyi(3),147pzgxs(3),103ufylz(3),|228zjevy(3),713hesyi(3),147pzgxs(3),103ufylz(3),|228zjevy(3),713hesyi(3),147pzgxs(3),103ufylz(3),|228zjevy(3),713hesyi(3),147pzgxs(3),103ufylz(3),;24227.4,28093.1,26910.3,28303,0,0,0,0,1036.013646708119
228zjevy(3),154nlbok(3),713hesyi(3),147pzgxs(3),103ufylz(3),|228zjevy(3),713hesyi(3),147pzgxs(3),103ufylz(3),|228zjevy(3),713hesyi(3),147pzgxs(3),103ufylz(3),|228zjevy(3),713hesyi(3),147pzgxs(3),103ufylz(3),;24227.4,28093.1,26910.3,28303,0,0,0,0,1041.013646708119
228zjevy(3),154nlbok(3),713hesyi(3),147pzgxs(3),103ufylz(3),|228zjevy(3),713hesyi(3),147pzgxs(3),103ufylz(3),|228zjevy(3),713hesyi(3),147pzgxs(3),103ufylz(3),|228zjevy(3),713hesyi(3),147pzgxs(3),103ufylz(3),;24227.4,28093.1,26910.3,28303,0,0,0,0,1046.013646708119
228zjevy(3),154nlbok(3),713hesyi(3),147pzgxs(3),103ufylz(3),|228zjevy(3),713hesyi(3),147pzgxs(3),103ufylz(3),|228zjevy(3),713hesyi(3),147pzgxs(3),103ufylz(3),|228zjevy(3),713hesyi(3),147pzgxs(3),103ufylz(3),;24227.4,28093.1,26910.3,28303,0,0,0,0,1051.013646708119
228zjevy(3),154nlbok(3),713hesyi(3),147pzgxs(3),103ufylz(3),|228zjevy(3),713hesyi(3),147pzgxs(3),103ufylz(3),|228zjevy(3),713hesyi(3),147pzgxs(3),103ufylz(3),|228zjevy(3),713hesyi(3),147pzgxs(3),103ufylz(3),;24227.4,28093.1,26910.3,28303,0,0,0,0,1056.013646708119
228zjevy(3),154nlbok(3),713hesyi(3),103ufylz(3),|228zjevy(3),713hesyi(3),103ufylz(3),|228zjevy(3),713hesyi(3),103ufylz(3),|228zjevy(3),713hesyi(3),103ufylz(3),;25195.1,29060.8,28845.7,30238.4,0,0,0,0,1061.013646708119
228zjevy(3),154nlbok(3),713hesyi(3),103ufylz(3),434xzlbd(2),|228zjevy(3),713hesyi(3),103ufylz(3),|228zjevy(3),713hesyi(3),103ufylz(3),|228zjevy(3),713hesyi(3),103ufylz(3),434xzlbd(2),;24631.9,29060.8,28845.7,28548.8,0.374753107631,0,0,7.565289087275,1066.013646708119
228zjevy(3),154nlbok(3),713hesyi(3),103ufylz(3),434xzlbd(3),|228zjevy(3),713hesyi(3),103ufylz(3),|228zjevy(3),713hesyi(3),103ufylz(3),|228zjevy(3),713hesyi(3),103ufylz(3),434xzlbd(2),;24631.9,29060.8,28845.7,28548.8,0,0,0,2.565289087275,1071.013646708119
228zjevy(3),154nlbok(3),713hesyi(3),103ufylz(3),434xzlbd(3),|228zjevy(3),713hesyi(3),103ufylz(3),|228zjevy(3),713hesyi(3),103ufylz(3),|228zjevy(3),713hesyi(3),103ufylz(3),434xzlbd(3),;24631.9,29060.8,28845.7,28548.8,0,0,0,0,1076.013646708119
228zjevy(3),154nlbok(3),713hesyi(3),103ufylz(3),|228zjevy(3),713hesyi(3),103ufylz(3),|228zjevy(3),713hesyi(3),103ufylz(3),|228zjevy(3),713hesyi(3),103ufylz(3),434xzlbd(3),;25195.1,29060.8,28845.7,28548.8,0,0,0,0,1081.013646708119
228zjevy(3),154nlbok(3),713hesyi(3),103ufylz(3),|228zjevy(3),713hesyi(3),103ufylz(3),|228zjevy(3),713hesyi(3),103ufylz(3),|228zjevy(3),713hesyi(3),103ufylz(3),434xzlbd(3),;25195.1,29060.8,28845.7,28548.8,0,0,0,0,1086.013646708119
228zjevy(3),154nlbok(3),713hesyi(3),103ufylz(3),|228zjevy(3),713hesyi(3),103ufylz(3),|228zjevy(3),713hesyi(3),103ufylz(3),|228zjevy(3),713hesyi(3),103ufylz(3),434xzlbd(3),;25195.1,29060.8,28845.7,28548.8,0,0,0,0,1091.013646708119
228zjevy(3),154nlbok(3),713hesyi(3),103ufylz(3),|228zjevy(3),713hesyi(3),103ufylz(3),|228zjevy(3),713hesyi(3),103ufylz(3),|228zjevy(3),713hesyi(3),103ufylz(3),434xzlbd(3),;25195.1,29060.8,28845.7,28548.8,0,0,0,0,1096.013646708119
228zjevy(3),154nlbok(3),713hesyi(3),103ufylz(3),|228zjevy(3),713hesyi(3),103ufylz(3),|228zjevy(3),713hesyi(3),103ufylz(3),|228zjevy(3),713hesyi(3),103ufylz(3),434xzlbd(3),;25195.1,29060.8,28845.7,28548.8,0,0,0,0,1101.013646708119
228zjevy(3),713hesyi(3),103ufylz(3),|228zjevy(3),713hesyi(3),103ufylz(3),|228zjevy(3),713hesyi(3),103ufylz(3),|228zjevy(3),713hesyi(3),103ufylz(3),434xzlbd(3),;28128.9,29060.8,28845.7,28548.8,0,0,0,0,1106.013646708119
228zjevy(3),713hesyi(3),103ufylz(3),|228zjevy(3),713hesyi(3),103ufylz(3),|228zjevy(3),713hesyi(3),103ufylz(3),|228zjevy(3),713hesyi(3),103ufylz(3),434xzlbd(3),;28128.9,29060.8,28845.7,28548.8,0,0,0,0,1111.013646708119
228zjevy(3),713hesyi(3),103ufylz(3),|228zjevy(3),713hesyi(3),103ufylz(3),|228zjevy(3),713hesyi(3),103ufylz(3),|228zjevy(3),713hesyi(3),103ufylz(3),434xzlbd(3),;28128.9,29060.8,28845.7,28548.8,0,0,0,0,1116.013646708119
228zjevy(3),713hesyi(3),103ufylz(3),|228zjevy(3),713hesyi(3),103ufylz(3),|228zjevy(3),713hesyi(3),103ufylz(3),|228zjevy(3),713hesyi(3),103ufylz(3),434xzlbd(3),;28128.9,29060.8,28845.7,28548.8,0,0,0,0,1121.013646708119
228zjevy(3),713hesyi(3),103ufylz(3),|228zjevy(3),713hesyi(3),103ufylz(3),|228zjevy(3),713hesyi(3),103ufylz(3),|228zjevy(3),713hesyi(3),103ufylz(3),434xzlbd(3),;28128.9,29060.8,28845.7,28548.8,0,0,0,0,1126.013646708119
228zjevy(3),713hesyi(3),103ufylz(3),|228zjevy(3),713hesyi(3),103ufylz(3),|228zjevy(3),713hesyi(3),103ufylz(3),|228zjevy(3),713hesyi(3),103ufylz(3),434xzlbd(3),;28128.9,29060.8,28845.7,28548.8,0,0,0,0,1131.013646708119
228zjevy(3),713hesyi(3),103ufylz(3),|228zjevy(3),713hesyi(3),103ufylz(3),|228zjevy(3),713hesyi(3),103ufylz(3),|228zjevy(3),713hesyi(3),103ufylz(3),434xzlbd(3),;28128.9,29060.8,28845.7,28548.8,0,0,0,0,1136.013646708119
713hesyi(3),103ufylz(3),|713hesyi(3),103ufylz(3),|713hesyi(3),103ufylz(3),|713hesyi(3),103ufylz(3),434xzlbd(3),;30955.1,30473.9,30258.8,29961.9,0,0,0,0,1141.013646708119
713hesyi(3),103ufylz(3),|713hesyi(3),103ufylz(3),|713hesyi(3),103ufylz(3),|713hesyi(3),103ufylz(3),434xzlbd(3),;30955.1,30473.9,30258.8,29961.9,0,0,0,0,1146.013646708119
713hesyi(3),103ufylz(3),|713hesyi(3),103ufylz(3),|713hesyi(3),103ufylz(3),|713hesyi(3),103ufylz(3),434xzlbd(3),;30955.1,30473.9,30258.8,29961.9,0,0,0,0,1151.013646708119
713hesyi(3),103ufylz(3),|713hesyi(3),103ufylz(3),|713hesyi(3),103ufylz(3),|713hesyi(3),103ufylz(3),434xzlbd(3),;30955.1,30473.9,30258.8,29961.9,0,0,0,0,1156.013646708119
103ufylz(3),713eurfa(2),|103ufylz(3),|103ufylz(3),713eurfa(2),|103ufylz(3),434xzlbd(3),713eurfa(2),;30391.9,34221.7,30914.1,30008,12.703332438966,0,5.083146545837,8.893239492402,1161.013646708119
103ufylz(3),713eurfa(2),|103ufylz(3),|103ufylz(3),713eurfa(2),|103ufylz(3),434xzlbd(3),713eurfa(2),;30391.9,34221.7,30914.1,30008,7.703332438966,0,0.083146545837,3.893239492402,1166.013646708119
103ufylz(3),713eurfa(2),|103ufylz(3),|103ufylz(3),|103ufylz(3),434xzlbd(3),;30391.9,34221.7,32132.7,31835.8,2.703332438966,0,0,0,1171.013646708119
|||434xzlbd(3),;34918,34918,34918,33228.4,0,0,0,0,1176.013646708119
|||434xzlbd(3),;34918,34918,34918,33228.4,0,0,0,0,1181.013646708119
|||434xzlbd(3),;34918,34918,34918,33228.4,0,0,0,0,1186.013646708119
|||434xzlbd(3),;34918,34918,34918,33228.4,0,0,0,0,1191.013646708119
|||434xzlbd(3),;34918,34918,34918,33228.4,0,0,0,0,1196.013646708119
|||434xzlbd(3),;34918,34918,34918,33228.4,0,0,0,0,1201.013646708119
|||434xzlbd(3),;34918,34918,34918,33228.4,0,0,0,0,1206.013646708119
|||434xzlbd(3),;34918,34918,34918,33228.4,0,0,0,0,1211.013646708119
747edgmp(0),|747edgmp(0),||434xzlbd(3),747edgmp(0),;30130.8,33003.1,34918,30356.1,32.184402389491,13.8485356414,0,19.960491224097,1216.013646708119
747edgmp(2),|747edgmp(2),|713zibrw(2),|434xzlbd(3),747edgmp(2),;30130.8,33003.1,34022,30356.1,27.184402389491,8.8485356414,4.227398556487,14.960491224097,1221.013646708119
747edgmp(2),|747edgmp(2),||747edgmp(2),;30130.8,33003.1,34918,32045.7,22.184402389491,3.8485356414,0,9.960491224097,1226.013646708119
747edgmp(2),|747edgmp(3),||747edgmp(2),;30130.8,33003.1,34918,32045.7,17.184402389491,0,0,4.960491224097,1231.013646708119
747edgmp(2),|747edgmp(3),||747edgmp(3),;30130.8,33003.1,34918,32045.7,12.184402389491,0,0,0,1236.013646708119
747edgmp(2),|747edgmp(3),||747edgmp(3),;30130.8,33003.1,34918,32045.7,7.184402389491,0,0,0,1241.013646708119
747edgmp(2),|747edgmp(3),||747edgmp(3),;30130.8,33003.1,34918,32045.7,2.184402389491,0,0,0,1246.013646708119
747edgmp(3),|747edgmp(3),||747edgmp(3),;30130.8,33003.1,34918,32045.7,0,0,0,0,1251.013646708119
747edgmp(3),|747edgmp(3),||747edgmp(3),;30130.8,33003.1,34918,32045.7,0,0,0,0,1256.013646708119
747edgmp(3),|747edgmp(3),||747edgmp(3),;30130.8,33003.1,34918,32045.7,0,0,0,0,1261.013646708119
747edgmp(3),216ucanw(0),|747edgmp(3),216ucanw(0),|216ucanw(0),|747edgmp(3),;28523.1,31395.4,31702.6,32045.7,13.38604746744,13.38604746744,23.648903365658,0,1266.013646708119
747edgmp(3),216ucanw(2),|747edgmp(3),216ucanw(2),|216ucanw(2),|747edgmp(3),;28523.1,31395.4,31702.6,32045.7,8.38604746744,8.38604746744,18.648903365658,0,1271.013646708119
747edgmp(3),216ucanw(2),|747edgmp(3),216ucanw(2),|216ucanw(2),|747edgmp(3),;28523.1,31395.4,31702.6,32045.7,3.38604746744,3.38604746744,13.648903365658,0,1276.013646708119
747edgmp(3),216ucanw(3),|747edgmp(3),216ucanw(3),|216ucanw(2),|747edgmp(3),;28523.1,31395.4,31702.6,32045.7,0,0,8.648903365658,0,1281.013646708119
747edgmp(3),216ucanw(3),|747edgmp(3),216ucanw(3),|216ucanw(2),|747edgmp(3),;28523.1,31395.4,31702.6,32045.7,0,0,3.648903365658,0,1286.013646708119
747edgmp(3),216ucanw(3),|747edgmp(3),216ucanw(3),|216ucanw(3),|747edgmp(3),;28523.1,31395.4,31702.6,32045.7,0,0,0,0,1291.013646708119
747edgmp(3),216ucanw(3),|747edgmp(3),216ucanw(3),|216ucanw(3),|747edgmp(3),;28523.1,31395.4,31702.6,32045.7,0,0,0,0,1296.013646708119
747edgmp(3),216ucanw(3),|747edgmp(3),216ucanw(3),|216ucanw(3),|747edgmp(3),;28523.1,31395.4,31702.6,32045.7,0,0,0,0,1301.013646708119
747edgmp(3),216ucanw(3),|747edgmp(3),216ucanw(3),|216ucanw(3),|747edgmp(3),;28523.1,31395.4,31702.6,32045.7,0,0,0,0,1306.013646708119
747edgmp(3),216ucanw(3),|747edgmp(3),216ucanw(3),|216ucanw(3),|747edgmp(3),;28523.1,31395.4,31702.6,32045.7,0,0,0,0,1311.013646708119
747edgmp(3),216ucanw(3),747jilnh(0),|747edgmp(3),216ucanw(3),747jilnh(0),|216ucanw(3),|747edgmp(3),747jilnh(0),;25604.7,27504.2,31702.6,29127.3,20.248557823511,26.331899502901,0,20.248557823511,1316.013646708119
747edgmp(3),216ucanw(3),747jilnh(2),434ztuvj(1),|216ucanw(3),747jilnh(2),434ztuvj(1),|216ucanw(3),434ztuvj(2),|747jilnh(2),434ztuvj(1),;23331.4,28661.3,30187.1,28968.6,33.256472881872,29.862608576529,9.287840357876,37.995075874239,1321.013646708119
747edgmp(3),216ucanw(3),747jilnh(2),434ztuvj(1),|216ucanw(3),747jilnh(2),434ztuvj(1),|216ucanw(3),434ztuvj(2),|747jilnh(2),434ztuvj(1),;23331.4,28661.3,30187.1,28968.6,28.256472881872,24.862608576529,4.287840357876,32.995075874239,1326.013646708119
747edgmp(3),216ucanw(3),747jilnh(2),434ztuvj(1),|216ucanw(3),747jilnh(2),434ztuvj(1),|216ucanw(3),|747jilnh(2),434ztuvj(1),;23331.4,28661.3,31702.6,28968.6,23.256472881872,19.862608576529,0,27.995075874239,1331.013646708119
747edgmp(3),216ucanw(3),747jilnh(2),434ztuvj(1),|216ucanw(3),747jilnh(2),434ztuvj(1),|216ucanw(3),|747jilnh(2),434ztuvj(1),;23331.4,28661.3,31702.6,28968.6,18.256472881872,14.862608576529,0,22.995075874239,1336.013646708119
747edgmp(3),216ucanw(3),747jilnh(3),434ztuvj(2),|216ucanw(3),747jilnh(2),434ztuvj(1),|216ucanw(3),|747jilnh(3),434ztuvj(2),;23331.4,28661.3,31702.6,28968.6,13.256472881872,9.862608576529,0,17.995075874239,1341.013646708119
747edgmp(3),216ucanw(3),747jilnh(3),434ztuvj(2),|216ucanw(3),747jilnh(3),434ztuvj(2),|216ucanw(3),|747jilnh(3),434ztuvj(2),;23331.4,28661.3,31702.6,28968.6,8.256472881872,4.862608576529,0,12.995075874239,1346.013646708119
747edgmp(3),216ucanw(3),747jilnh(3),434ztuvj(3),|216ucanw(3),747jilnh(3),434ztuvj(3),|216ucanw(3),|747jilnh(3),434ztuvj(2),;23331.4,28661.3,31702.6,28968.6,3.256472881872,0,0,7.995075874239,1351.013646708119
747edgmp(3),216ucanw(3),747jilnh(3),434ztuvj(3),|216ucanw(3),747jilnh(3),434ztuvj(3),|216ucanw(3),|747jilnh(3),434ztuvj(3),;23331.4,28661.3,31702.6,28968.6,0,0,0,2.995075874239,1356.013646708119
747edgmp(3),216ucanw(3),747jilnh(3),434ztuvj(3),|216ucanw(3),747jilnh(3),434ztuvj(3),|216ucanw(3),|747jilnh(3),434ztuvj(3),;23331.4,28661.3,31702.6,28968.6,0,0,0,0,1361.013646708119
747edgmp(3),216ucanw(3),747jilnh(3),434ztuvj(3),|216ucanw(3),747jilnh(3),434ztuvj(3),|216ucanw(3),|747jilnh(3),434ztuvj(3),;23331.4,28661.3,31702.6,28968.6,0,0,0,0,1366.013646708119
747edgmp(3),216ucanw(3),747jilnh(3),434ztuvj(3),|216ucanw(3),747jilnh(3),434ztuvj(3),|216ucanw(3),|747jilnh(3),434ztuvj(3),;23331.4,28661.3,31702.6,28968.6,0,0,0,0,1371.013646708119
216ucanw(3),434ztuvj(3),|216ucanw(3),434ztuvj(3),|216ucanw(3),|434ztuvj(3),;31037,32552.5,31702.6,31887,0,0,0,0,1376.013646708119
216ucanw(3),|216ucanw(3),|216ucanw(3),|;33310.3,33310.3,31702.6,34918,0,0,0,0,1381.013646708119
216ucanw(3),|216ucanw(3),|216ucanw(3),|;33310.3,33310.3,31702.6,34918,0,0,0,0,1386.013646708119
216ucanw(3),|216ucanw(3),|216ucanw(3),|;33310.3,33310.3,31702.6,34918,0,0,0,0,1391.013646708119
216ucanw(3),|216ucanw(3),|216ucanw(3),|;33310.3,33310.3,31702.6,34918,0,0,0,0,1396.013646708119
216ucanw(3),|216ucanw(3),|216ucanw(3),|;33310.3,33310.3,31702.6,34918,0,0,0,0,1401.013646708119
216ucanw(3),|216ucanw(3),|216ucanw(3),|;33310.3,33310.3,31702.6,34918,0,0,0,0,1406.013646708119
216ucanw(3),|216ucanw(3),|216ucanw(3),|;33310.3,33310.3,31702.6,34918,0,0,0,0,1411.013646708119
216ucanw(3),|216ucanw(3),|216ucanw(3),|;33310.3,33310.3,31702.6,34918,0,0,0,0,1416.013646708119
216ucanw(3),|216ucanw(3),|216ucanw(3),|;33310.3,33310.3,31702.6,34918,0,0,0,0,1421.013646708119
216ucanw(3),|216ucanw(3),|216ucanw(3),|;33310.3,33310.3,31702.6,34918,0,0,0,0,1426.013646708119
216ucanw(3),|216ucanw(3),|216ucanw(3),|;33310.3,33310.3,31702.6,34918,0,0,0,0,1431.013646708119
216ucanw(3),|216ucanw(3),|216ucanw(3),|;33310.3,33310.3,31702.6,34918,0,0,0,0,1436.013646708119
216ucanw(3),|216ucanw(3),|216ucanw(3),|;33310.3,33310.3,31702.6,34918,0,0,0,0,1441.013646708119
216ucanw(3),|216ucanw(3),|216ucanw(3),|;33310.3,33310.3,31702.6,34918,0,0,0,0,1446.013646708119
216ucanw(3),|216ucanw(3),|216ucanw(3),|;33310.3,33310.3,31702.6,34918,0,0,0,0,1451.013646708119
216ucanw(3),|216ucanw(3),|216ucanw(3),|;33310.3,33310.3,31702.6,34918,0,0,0,0,1456.013646708119
216ucanw(3),|216ucanw(3),|216ucanw(3),|;33310.3,33310.3,31702.6,34918,0,0,0,0,1461.013646708119
216ucanw(3),|216ucanw(3),|216ucanw(3),|;33310.3,33310.3,31702.6,34918,0,0,0,0,1466.013646708119
216ucanw(3),|216ucanw(3),|216ucanw(3),|;33310.3,33310.3,31702.6,34918,0,0,0,0,1471.013646708119
216ucanw(3),|216ucanw(3),|216ucanw(3),|;33310.3,33310.3,31702.6,34918,0,0,0,0,1476.013646708119
216ucanw(3),|216ucanw(3),|216ucanw(3),|;33310.3,33310.3,31702.6,34918,0,0,0,0,1481.013646708119
216ucanw(3),|216ucanw(3),|216ucanw(3),|;33310.3,33310.3,31702.6,34918,0,0,0,0,1486.013646708119
216ucanw(3),|216ucanw(3),|216ucanw(3),|;33310.3,33310.3,31702.6,34918,0,0,0,0,1491.013646708119
216ucanw(3),|216ucanw(3),|216ucanw(3),|;33310.3,33310.3,31702.6,34918,0,0,0,0,1496.013646708119
216ucanw(3),|216ucanw(3),|216ucanw(3),|;33310.3,33310.3,31702.6,34918,0,0,0,0,1501.013646708119
216ucanw(3),|216ucanw(3),|216ucanw(3),|;33310.3,33310.3,31702.6,34918,0,0,0,0,1506.013646708119
216ucanw(3),|216ucanw(3),|216ucanw(3),|;33310.3,33310.3,31702.6,34918,0,0,0,0,1511.013646708119
216ucanw(3),|216ucanw(3),|216ucanw(3),|;33310.3,33310.3,31702.6,34918,0,0,0,0,1516.013646708119
216ucanw(3),|216ucanw(3),|216ucanw(3),|;33310.3,33310.3,31702.6,34918,0,0,0,0,1521.013646708119
216ucanw(3),|216ucanw(3),|216ucanw(3),|;33310.3,33310.3,31702.6,34918,0,0,0,0,1526.013646708119
216ucanw(3),|216ucanw(3),|216ucanw(3),|;33310.3,33310.3,31702.6,34918,0,0,0,0,1531.013646708119
216ucanw(3),|216ucanw(3),|216ucanw(3),|;33310.3,33310.3,31702.6,34918,0,0,0,0,1536.013646708119
216ucanw(3),|216ucanw(3),|216ucanw(3),|;33310.3,33310.3,31702.6,34918,0,0,0,0,1541.013646708119
216ucanw(3),|216ucanw(3),|216ucanw(3),|;33310.3,33310.3,31702.6,34918,0,0,0,0,1546.013646708119
216ucanw(3),|216ucanw(3),|216ucanw(3),|;33310.3,33310.3,31702.6,34918,0,0,0,0,1551.013646708119
216ucanw(3),|216ucanw(3),|216ucanw(3),|;33310.3,33310.3,31702.6,34918,0,0,0,0,1556.013646708119
216ucanw(3),|216ucanw(3),|216ucanw(3),|;33310.3,33310.3,31702.6,34918,0,0,0,0,1561.013646708119
216ucanw(3),|216ucanw(3),|216ucanw(3),|;33310.3,33310.3,31702.6,34918,0,0,0,0,1566.013646708119
216ucanw(3),|216ucanw(3),|216ucanw(3),|;33310.3,33310.3,31702.6,34918,0,0,0,0,1571.013646708119
216ucanw(3),|216ucanw(3),|216ucanw(3),|;33310.3,33310.3,31702.6,34918,0,0,0,0,1576.013646708119
216ucanw(3),|216ucanw(3),|216ucanw(3),|;33310.3,33310.3,31702.6,34918,0,0,0,0,1581.013646708119
216ucanw(3),|216ucanw(3),|216ucanw(3),|;33310.3,33310.3,31702.6,34918,0,0,0,0,1586.013646708119
216ucanw(3),|216ucanw(3),|216ucanw(3),|;33310.3,33310.3,31702.6,34918,0,0,0,0,1591.013646708119
216ucanw(3),|216ucanw(3),|216ucanw(3),|;33310.3,33310.3,31702.6,34918,0,0,0,0,1596.013646708119
216ucanw(3),|216ucanw(3),|216ucanw(3),|;33310.3,33310.3,31702.6,34918,0,0,0,0,1601.013646708119
216ucanw(3),|216ucanw(3),|216ucanw(3),|;33310.3,33310.3,31702.6,34918,0,0,0,0,1606.013646708119
216ucanw(3),|216ucanw(3),|216ucanw(3),|;33310.3,33310.3,31702.6,34918,0,0,0,0,1611.013646708119
216ucanw(3),|216ucanw(3),|216ucanw(3),|;33310.3,33310.3,31702.6,34918,0,0,0,0,1616.013646708119
216ucanw(3),|216ucanw(3),|216ucanw(3),|;33310.3,33310.3,31702.6,34918,0,0,0,0,1621.013646708119
216ucanw(3),|216ucanw(3),|216ucanw(3),|;33310.3,33310.3,31702.6,34918,0,0,0,0,1626.013646708119
216ucanw(3),|216ucanw(3),|216ucanw(3),|;33310.3,33310.3,31702.6,34918,0,0,0,0,1631.013646708119
216ucanw(3),|216ucanw(3),|216ucanw(3),|;33310.3,33310.3,31702.6,34918,0,0,0,0,1636.013646708119
216ucanw(3),|216ucanw(3),|216ucanw(3),|;33310.3,33310.3,31702.6,34918,0,0,0,0,1641.013646708119
216ucanw(3),|216ucanw(3),|216ucanw(3),|;33310.3,33310.3,31702.6,34918,0,0,0,0,1646.013646708119
216ucanw(3),|216ucanw(3),|216ucanw(3),|;33310.3,33310.3,31702.6,34918,0,0,0,0,1651.013646708119
216ucanw(3),|216ucanw(3),|216ucanw(3),|;33310.3,33310.3,31702.6,34918,0,0,0,0,1656.013646708119
216ucanw(3),|216ucanw(3),|216ucanw(3),|;33310.3,33310.3,31702.6,34918,0,0,0,0,1661.013646708119
216ucanw(3),|216ucanw(3),|216ucanw(3),|;33310.3,33310.3,31702.6,34918,0,0,0,0,1666.013646708119
216ucanw(3),|216ucanw(3),|216ucanw(3),|;33310.3,33310.3,31702.6,34918,0,0,0,0,1671.013646708119
216ucanw(3),|216ucanw(3),|216ucanw(3),|;33310.3,33310.3,31702.6,34918,0,0,0,0,1676.013646708119
216ucanw(3),|216ucanw(3),|216ucanw(3),|;33310.3,33310.3,31702.6,34918,0,0,0,0,1681.013646708119
216ucanw(3),|216ucanw(3),|216ucanw(3),|;33310.3,33310.3,31702.6,34918,0,0,0,0,1686.013646708119
216ucanw(3),|216ucanw(3),|216ucanw(3),|;33310.3,33310.3,31702.6,34918,0,0,0,0,1691.013646708119
216ucanw(3),|216ucanw(3),|216ucanw(3),|;33310.3,33310.3,31702.6,34918,0,0,0,0,1696.013646708119
216ucanw(3),|216ucanw(3),|216ucanw(3),|;33310.3,33310.3,31702.6,34918,0,0,0,0,1701.013646708119
216ucanw(3),|216ucanw(3),|216ucanw(3),|;33310.3,33310.3,31702.6,34918,0,0,0,0,1706.013646708119
216ucanw(3),|216ucanw(3),|216ucanw(3),|;33310.3,33310.3,31702.6,34918,0,0,0,0,1711.013646708119
216ucanw(3),|216ucanw(3),|216ucanw(3),|;33310.3,33310.3,31702.6,34918,0,0,0,0,1716.013646708119
216ucanw(3),|216ucanw(3),|216ucanw(3),|;33310.3,33310.3,31702.6,34918,0,0,0,0,1721.013646708119
216ucanw(3),|216ucanw(3),|216ucanw(3),|;33310.3,33310.3,31702.6,34918,0,0,0,0,1726.013646708119
216ucanw(3),|216ucanw(3),|216ucanw(3),|;33310.3,33310.3,31702.6,34918,0,0,0,0,1731.013646708119
|||;34918,34918,34918,34918,0,0,0,0,1736.013646708119
|||;34918,34918,34918,34918,0,0,0,0,1741.013646708119
|||;34918,34918,34918,34918,0,0,0,0,1746.013646708119
|||;34918,34918,34918,34918,0,0,0,0,1751.013646708119
|||;34918,34918,34918,34918,0,0,0,0,1756.013646708119
|||;34918,34918,34918,34918,0,0,0,0,1761.013646708119
649vbhlc(2),||649vbhlc(2),|;30647.9,34918,33494.6,34918,22.734508182057,0.018951337273,4.56206270623,0.018951337273,1766.013646708119
649vbhlc(2),|||;30647.9,34918,34918,34918,17.734508182057,0,0,0,1771.013646708119
649vbhlc(2),|||;30647.9,34918,34918,34918,12.734508182057,0,0,0,1776.013646708119
649vbhlc(2),|||;30647.9,34918,34918,34918,7.734508182057,0,0,0,1781.013646708119
649vbhlc(2),|||;30647.9,34918,34918,34918,2.734508182057,0,0,0,1786.013646708119
649vbhlc(3),|||;30647.9,34918,34918,34918,0,0,0,0,1791.013646708119
649vbhlc(3),|||;30647.9,34918,34918,34918,0,0,0,0,1796.013646708119
649vbhlc(3),578sevhp(2),|578sevhp(2),|578sevhp(2),|578sevhp(2),;27929.2,32199.3,33105.5,33105.5,14.605099896836,14.605099896836,8.937986858668,8.937986858668,1801.013646708119
649vbhlc(3),578sevhp(2),|578sevhp(2),|578sevhp(2),|578sevhp(2),;27929.2,32199.3,33105.5,33105.5,9.605099896836,9.605099896836,3.937986858668,3.937986858668,1806.013646708119
649vbhlc(3),578sevhp(2),|578sevhp(2),||;27929.2,32199.3,34918,34918,4.605099896836,4.605099896836,0,0,1811.013646708119
649vbhlc(3),|||;30647.9,34918,34918,34918,0,0,0,0,1816.013646708119
649vbhlc(3),|||;30647.9,34918,34918,34918,0,0,0,0,1821.013646708119
649vbhlc(3),|||;30647.9,34918,34918,34918,0,0,0,0,1826.013646708119
649vbhlc(3),|||;30647.9,34918,34918,34918,0,0,0,0,1831.013646708119
649vbhlc(3),|||;30647.9,34918,34918,34918,0,0,0,0,1836.013646708119
649vbhlc(3),|||;30647.9,34918,34918,34918,0,0,0,0,1841.013646708119
649vbhlc(3),|||;30647.9,34918,34918,34918,0,0,0,0,1846.013646708119
649vbhlc(3),|||;30647.9,34918,34918,34918,0,0,0,0,1851.013646708119
649vbhlc(3),|||;30647.9,34918,34918,34918,0,0,0,0,1856.013646708119
649vbhlc(3),608grdfw(2),|608grdfw(2),|608grdfw(2),|608grdfw(2),;29060.7,33330.8,33330.8,32537.2,9.742389870626,9.742389870626,9.742389870626,14.808449310829,1861.013646708119
649vbhlc(3),608grdfw(2),519ephza(1),|608grdfw(2),519ephza(1),|608grdfw(2),519ephza(1),|608grdfw(2),519ephza(1),;27309.7,32163.4,32163.4,31953.5,18.691135171472,15.041130163838,15.041130163838,16.457184596408,1866.013646708119
649vbhlc(3),608grdfw(3),519ephza(1),|608grdfw(3),519ephza(1),|608grdfw(3),519ephza(1),|608grdfw(2),519ephza(1),;27309.7,32163.4,32163.4,31953.5,13.691135171472,10.041130163838,10.041130163838,11.457184596408,1871.013646708119
649vbhlc(3),608grdfw(3),519ephza(2),|608grdfw(3),519ephza(2),|608grdfw(3),519ephza(2),|608grdfw(3),519ephza(1),;27309.7,32163.4,32163.4,31953.5,8.691135171472,5.041130163838,5.041130163838,6.457184596408,1876.013646708119
649vbhlc(3),608grdfw(3),519ephza(2),|608grdfw(3),|608grdfw(3),|608grdfw(3),;27309.7,33330.8,33330.8,32537.2,3.691135171472,0.041130163838,0.041130163838,1.457184596408,1881.013646708119
649vbhlc(3),608grdfw(3),|608grdfw(3),|608grdfw(3),|608grdfw(3),;29060.7,33330.8,33330.8,32537.2,0,0,0,0,1886.013646708119
649vbhlc(3),608grdfw(3),|608grdfw(3),|608grdfw(3),|608grdfw(3),;29060.7,33330.8,33330.8,32537.2,0,0,0,0,1891.013646708119
649vbhlc(3),608grdfw(3),|608grdfw(3),|608grdfw(3),|608grdfw(3),;29060.7,33330.8,33330.8,32537.2,0,0,0,0,1896.013646708119
649vbhlc(3),608grdfw(3),|608grdfw(3),|608grdfw(3),|608grdfw(3),;29060.7,33330.8,33330.8,32537.2,0,0,0,0,1901.013646708119
649vbhlc(3),608grdfw(3),446tnmyv(0),|608grdfw(3),446tnmyv(0),|608grdfw(3),|608grdfw(3),446tnmyv(0),;26889.8,31159.9,33330.8,31451.8,14.749667074844,14.749667074844,0,7.679271797491,1906.013646708119
649vbhlc(3),608grdfw(3),446tnmyv(2),|608grdfw(3),446tnmyv(2),|608grdfw(3),|608grdfw(3),446tnmyv(2),;26889.8,31159.9,33330.8,31451.8,9.749667074844,9.749667074844,0,2.679271797491,1911.013646708119
649vbhlc(3),608grdfw(3),446tnmyv(2),|608grdfw(3),446tnmyv(2),|608grdfw(3),|608grdfw(3),446tnmyv(3),;26889.8,31159.9,33330.8,31451.8,4.749667074844,4.749667074844,0,0,1916.013646708119
649vbhlc(3),608grdfw(3),446tnmyv(3),|608grdfw(3),446tnmyv(3),|608grdfw(3),|608grdfw(3),446tnmyv(3),;26889.8,31159.9,33330.8,31451.8,0,0,0,0,1921.013646708119
649vbhlc(3),608grdfw(3),446tnmyv(3),|608grdfw(3),446tnmyv(3),|608grdfw(3),|608grdfw(3),446tnmyv(3),;26889.8,31159.9,33330.8,31451.8,0,0,0,0,1926.013646708119
649vbhlc(3),608grdfw(3),446tnmyv(3),|608grdfw(3),446tnmyv(3),|608grdfw(3),|608grdfw(3),446tnmyv(3),;26889.8,31159.9,33330.8,31451.8,0,0,0,0,1931.013646708119
649vbhlc(3),608grdfw(3),446tnmyv(3),|608grdfw(3),446tnmyv(3),|608grdfw(3),|608grdfw(3),446tnmyv(3),;26889.8,31159.9,33330.8,31451.8,0,0,0,0,1936.013646708119
649vbhlc(3),608grdfw(3),446tnmyv(3),|608grdfw(3),446tnmyv(3),|608grdfw(3),|608grdfw(3),446tnmyv(3),;26889.8,31159.9,33330.8,31451.8,0,0,0,0,1941.013646708119
649vbhlc(3),608grdfw(3),446tnmyv(3),|608grdfw(3),446tnmyv(3),|608grdfw(3),|608grdfw(3),446tnmyv(3),;26889.8,31159.9,33330.8,31451.8,0,0,0,0,1946.013646708119
608grdfw(3),446tnmyv(3),|608grdfw(3),446tnmyv(3),|608grdfw(3),|608grdfw(3),446tnmyv(3),;31159.9,31159.9,33330.8,31451.8,0,0,0,0,1951.013646708119
608grdfw(3),446tnmyv(3),|608grdfw(3),446tnmyv(3),|608grdfw(3),|608grdfw(3),446tnmyv(3),;31159.9,31159.9,33330.8,31451.8,0,0,0,0,1956.013646708119
608grdfw(3),446tnmyv(3),|608grdfw(3),446tnmyv(3),|608grdfw(3),|608grdfw(3),446tnmyv(3),;31159.9,31159.9,33330.8,31451.8,0,0,0,0,1961.013646708119
608grdfw(3),446tnmyv(3),|608grdfw(3),446tnmyv(3),|608grdfw(3),|608grdfw(3),446tnmyv(3),;31159.9,31159.9,33330.8,31451.8,0,0,0,0,1966.013646708119
608grdfw(3),446tnmyv(3),|608grdfw(3),446tnmyv(3),|608grdfw(3),|608grdfw(3),446tnmyv(3),;31159.9,31159.9,33330.8,31451.8,0,0,0,0,1971.013646708119
608grdfw(3),446tnmyv(3),|608grdfw(3),446tnmyv(3),|608grdfw(3),|608grdfw(3),446tnmyv(3),;31159.9,31159.9,33330.8,31451.8,0,0,0,0,1976.013646708119
608grdfw(3),446tnmyv(3),|608grdfw(3),446tnmyv(3),|608grdfw(3),|608grdfw(3),446tnmyv(3),;31159.9,31159.9,33330.8,31451.8,0,0,0,0,1981.013646708119
608grdfw(3),446tnmyv(3),|608grdfw(3),446tnmyv(3),|608grdfw(3),|608grdfw(3),446tnmyv(3),;31159.9,31159.9,33330.8,31451.8,0,0,0,0,1986.013646708119
608grdfw(3),446tnmyv(3),|608grdfw(3),446tnmyv(3),|608grdfw(3),|608grdfw(3),446tnmyv(3),;31159.9,31159.9,33330.8,31451.8,0,0,0,0,1991.013646708119
608grdfw(3),446tnmyv(3),|608grdfw(3),446tnmyv(3),|608grdfw(3),|608grdfw(3),446tnmyv(3),;31159.9,31159.9,33330.8,31451.8,0,0,0,0,1996.013646708119
