|||;31641,31641,31641,31641,0,0,0,0,1.135432972291
|||;31641,31641,31641,31641,0,0,0,0,6.135432972291
|||;31641,31641,31641,31641,0,0,0,0,11.135432972291
|||;31641,31641,31641,31641,0,0,0,0,16.135432972291
|||;31641,31641,31641,31641,0,0,0,0,21.135432972291
|||;31641,31641,31641,31641,0,0,0,0,26.135432972291
|||;31641,31641,31641,31641,0,0,0,0,31.135432972291
|||;31641,31641,31641,31641,0,0,0,0,36.135432972291
|||;31641,31641,31641,31641,0,0,0,0,41.135432972291
|||;31641,31641,31641,31641,0,0,0,0,46.135432972291
|||;31641,31641,31641,31641,0,0,0,0,51.135432972291
|||;31641,31641,31641,31641,0,0,0,0,56.135432972291
|||;31641,31641,31641,31641,0,0,0,0,61.135432972291
||682ynjpc(2),|;31641,31641,29634,31641,0,0,4.4180575306,0,66.135432972291
|||;31641,31641,31641,31641,0,0,0,0,71.135432972291
|||;31641,31641,31641,31641,0,0,0,0,76.135432972291
|||;31641,31641,31641,31641,0,0,0,0,81.135432972291
|||;31641,31641,31641,31641,0,0,0,0,86.135432972291
|||573fpcbl(2),;31641,31641,31641,30724.5,0,0,0,3.105020769017,91.135432972291
|||573fpcbl(3),29vknjo(0),;31641,31641,31641,29905.3,0,0,0,7.120264380481,96.135432972291
|||573fpcbl(3),;31641,31641,31641,30724.5,0,0,0,2.120264380481,101.135432972291
|||573fpcbl(3),;31641,31641,31641,30724.5,0,0,0,0,106.135432972291
|||573fpcbl(3),;31641,31641,31641,30724.5,0,0,0,0,111.135432972291
|||573fpcbl(3),;31641,31641,31641,30724.5,0,0,0,0,116.135432972291
|||573fpcbl(3),;31641,31641,31641,30724.5,0,0,0,0,121.135432972291
|||573fpcbl(3),;31641,31641,31641,30724.5,0,0,0,0,126.135432972291
|||573fpcbl(3),;31641,31641,31641,30724.5,0,0,0,0,131.135432972291
|||573fpcbl(3),;31641,31641,31641,30724.5,0,0,0,0,136.135432972291
|||573fpcbl(3),;31641,31641,31641,30724.5,0,0,0,0,141.135432972291
|||573fpcbl(3),;31641,31641,31641,30724.5,0,0,0,0,146.135432972291
299ynasb(2),|299ynasb(2),|299ynasb(2),|573fpcbl(3),299ynasb(2),;30320,30320,30980.5,27422.1,4.854962647488,4.854962647488,1.930285804245,13.628993177218,151.135432972291
|||573fpcbl(3),299ynasb(2),;31641,31641,31641,27422.1,0,0,0,8.628993177218,156.135432972291
|||573fpcbl(3),299ynasb(2),;31641,31641,31641,27422.1,0,0,0,3.628993177218,161.135432972291
|||573fpcbl(3),299ynasb(3),;31641,31641,31641,27422.1,0,0,0,0,166.135432972291
|||573fpcbl(3),299ynasb(3),;31641,31641,31641,27422.1,0,0,0,0,171.135432972291
|||573fpcbl(3),299ynasb(3),;31641,31641,31641,27422.1,0,0,0,0,176.135432972291
573opclq(2),|573opclq(2),||573fpcbl(3),299ynasb(3),;30878.1,30115.2,31641,27422.1,2.650703143844,6.227484924025,0,0,181.135432972291
573opclq(3),|573opclq(2),||573fpcbl(3),299ynasb(3),;30878.1,30115.2,31641,27422.1,0,1.227484924025,0,0,186.135432972291
573opclq(3),|573opclq(3),||573fpcbl(3),299ynasb(3),;30878.1,30115.2,31641,27422.1,0,0,0,0,191.135432972291
573opclq(3),|573opclq(3),||573fpcbl(3),299ynasb(3),;30878.1,30115.2,31641,27422.1,0,0,0,0,196.135432972291
573opclq(3),|573opclq(3),||573fpcbl(3),299ynasb(3),;30878.1,30115.2,31641,27422.1,0,0,0,0,201.135432972291
573opclq(3),|573opclq(3),||573fpcbl(3),299ynasb(3),;30878.1,30115.2,31641,27422.1,0,0,0,0,206.135432972291
573opclq(3),|573opclq(3),||299ynasb(3),;30878.1,30115.2,31641,28338.6,0,0,0,0,211.135432972291
573opclq(3),|573opclq(3),||299ynasb(3),;30878.1,30115.2,31641,28338.6,0,0,0,0,216.135432972291
573opclq(3),|573opclq(3),||299ynasb(3),;30878.1,30115.2,31641,28338.6,0,0,0,0,221.135432972291
573opclq(3),|573opclq(3),||299ynasb(3),;30878.1,30115.2,31641,28338.6,0,0,0,0,226.135432972291
573opclq(3),|573opclq(3),||299ynasb(3),;30878.1,30115.2,31641,28338.6,0,0,0,0,231.135432972291
573opclq(3),|573opclq(3),67ynlqu(0),||299ynasb(3),;30878.1,29116.8,31641,28338.6,0,6.904977303532,0,0,236.135432972291
573opclq(3),|573opclq(3),67ynlqu(2),||299ynasb(3),;30878.1,29116.8,31641,28338.6,0,1.904977303532,0,0,241.135432972291
573opclq(3),|573opclq(3),||299ynasb(3),;30878.1,30115.2,31641,28338.6,0,0,0,0,246.135432972291
573opclq(3),|573opclq(3),||299ynasb(3),;30878.1,30115.2,31641,28338.6,0,0,0,0,251.135432972291
573opclq(3),|573opclq(3),||;30878.1,30115.2,31641,31641,0,0,0,0,256.135432972291
573opclq(3),|573opclq(3),||;30878.1,30115.2,31641,31641,0,0,0,0,261.135432972291
573opclq(3),|573opclq(3),||;30878.1,30115.2,31641,31641,0,0,0,0,266.135432972291
573opclq(3),|573opclq(3),||;30878.1,30115.2,31641,31641,0,0,0,0,271.135432972291
573opclq(3),|573opclq(3),||;30878.1,30115.2,31641,31641,0,0,0,0,276.135432972291
573opclq(3),|573opclq(3),||;30878.1,30115.2,31641,31641,0,0,0,0,281.135432972291
573opclq(3),|573opclq(3),||;30878.1,30115.2,31641,31641,0,0,0,0,286.135432972291
573opclq(3),|573opclq(3),||;30878.1,30115.2,31641,31641,0,0,0,0,291.135432972291
573opclq(3),|573opclq(3),||;30878.1,30115.2,31641,31641,0,0,0,0,296.135432972291
573opclq(3),|573opclq(3),||578jdezt(2),;30878.1,30115.2,31641,31082.9,0,0,0,1.26793188802,301.135432972291
573opclq(3),|573opclq(3),||578jdezt(3),;30878.1,30115.2,31641,31082.9,0,0,0,0,306.135432972291
573opclq(3),|573opclq(3),||578jdezt(3),;30878.1,30115.2,31641,31082.9,0,0,0,0,311.135432972291
573opclq(3),|573opclq(3),||578jdezt(3),;30878.1,30115.2,31641,31082.9,0,0,0,0,316.135432972291
573opclq(3),|573opclq(3),||578jdezt(3),;30878.1,30115.2,31641,31082.9,0,0,0,0,321.135432972291
573opclq(3),|573opclq(3),||578jdezt(3),;30878.1,30115.2,31641,31082.9,0,0,0,0,326.135432972291
573opclq(3),324twhyb(0),|573opclq(3),|324twhyb(0),|578jdezt(3),324twhyb(0),;28379.5,30115.2,29142.4,29833.6,11.9013728287,0,11.9013728287,6.369425931403,331.135432972291
573opclq(3),324twhyb(2),|573opclq(3),|324twhyb(2),|578jdezt(3),324twhyb(2),;28379.5,30115.2,29142.4,29833.6,6.9013728287,0,6.9013728287,1.369425931403,336.135432972291
573opclq(3),324twhyb(2),|573opclq(3),|324twhyb(2),|578jdezt(3),;28379.5,30115.2,29142.4,31082.9,1.9013728287,0,1.9013728287,0,341.135432972291
573opclq(3),|573opclq(3),||578jdezt(3),;30878.1,30115.2,31641,31082.9,0,0,0,0,346.135432972291
573opclq(3),|573opclq(3),||578jdezt(3),;30878.1,30115.2,31641,31082.9,0,0,0,0,351.135432972291
|||578jdezt(3),;31641,31641,31641,31082.9,0,0,0,0,356.135432972291
|||578jdezt(3),;31641,31641,31641,31082.9,0,0,0,0,361.135432972291
|||578jdezt(3),;31641,31641,31641,31082.9,0,0,0,0,366.135432972291
|||578jdezt(3),;31641,31641,31641,31082.9,0,0,0,0,371.135432972291
|||578jdezt(3),;31641,31641,31641,31082.9,0,0,0,0,376.135432972291
|||578jdezt(3),;31641,31641,31641,31082.9,0,0,0,0,381.135432972291
|||578jdezt(3),;31641,31641,31641,31082.9,0,0,0,0,386.135432972291
|||578jdezt(3),;31641,31641,31641,31082.9,0,0,0,0,391.135432972291
|||578jdezt(3),;31641,31641,31641,31082.9,0,0,0,0,396.135432972291
|||578jdezt(3),;31641,31641,31641,31082.9,0,0,0,0,401.135432972291
216dyizf(0),|458nleob(0),216dyizf(0),|216dyizf(0),|578jdezt(3),216dyizf(0),;31001,28773.8,29721,29802.9,4.38565627778,20.058964343233,10.053634656159,7.21964546697,406.135432972291
|458nleob(2),216dyizf(1),|216dyizf(2),|578jdezt(3),216dyizf(2),;31641,28773.8,29721,29802.9,0,15.058964343233,5.053634656159,2.21964546697,411.135432972291
|458nleob(3),216dyizf(2),|216dyizf(3),|578jdezt(3),;31641,28773.8,29721,31082.9,0,10.058964343233,0.053634656159,0,416.135432972291
|458nleob(3),216dyizf(2),|216dyizf(3),|578jdezt(3),;31641,28773.8,29721,31082.9,0,5.058964343233,0,0,421.135432972291
|458nleob(3),216dyizf(3),|216dyizf(3),|578jdezt(3),;31641,28773.8,29721,31082.9,0,0.058964343233,0,0,426.135432972291
|458nleob(3),216dyizf(3),|216dyizf(3),|578jdezt(3),;31641,28773.8,29721,31082.9,0,0,0,0,431.135432972291
|458nleob(3),216dyizf(3),|216dyizf(3),|578jdezt(3),;31641,28773.8,29721,31082.9,0,0,0,0,436.135432972291
|458nleob(3),216dyizf(3),|216dyizf(3),|578jdezt(3),;31641,28773.8,29721,31082.9,0,0,0,0,441.135432972291
|458nleob(3),216dyizf(3),|216dyizf(3),|578jdezt(3),;31641,28773.8,29721,31082.9,0,0,0,0,446.135432972291
|458nleob(3),216dyizf(3),|216dyizf(3),|578jdezt(3),;31641,28773.8,29721,31082.9,0,0,0,0,451.135432972291
|458nleob(3),216dyizf(3),316phyju(0),|216dyizf(3),|578jdezt(3),;31641,25794,29721,31082.9,0,18.598930462307,0,0,456.135432972291
|458nleob(3),216dyizf(3),316phyju(0),|216dyizf(3),|578jdezt(3),;31641,25794,29721,31082.9,0,13.598930462307,0,0,461.135432972291
|458nleob(3),216dyizf(3),316phyju(2),|216dyizf(3),|578jdezt(3),;31641,25794,29721,31082.9,0,8.598930462307,0,0,466.135432972291
|458nleob(3),216dyizf(3),316phyju(2),|216dyizf(3),|578jdezt(3),;31641,25794,29721,31082.9,0,3.598930462307,0,0,471.135432972291
|458nleob(3),316phyju(3),||578jdezt(3),;31641,27714,31641,31082.9,0,0,0,0,476.135432972291
|458nleob(3),316phyju(3),||578jdezt(3),;31641,27714,31641,31082.9,0,0,0,0,481.135432972291
|458nleob(3),316phyju(3),||578jdezt(3),;31641,27714,31641,31082.9,0,0,0,0,486.135432972291
|458nleob(3),316phyju(3),||578jdezt(3),;31641,27714,31641,31082.9,0,0,0,0,491.135432972291
438iqnxa(2),|458nleob(3),316phyju(3),||578jdezt(3),;31093.2,27714,31641,31082.9,1.775679702829,0,0,0,496.135432972291
438iqnxa(3),|458nleob(3),316phyju(3),||578jdezt(3),;31093.2,27714,31641,31082.9,0,0,0,0,501.135432972291
438iqnxa(3),|458nleob(3),316phyju(3),||578jdezt(3),;31093.2,27714,31641,31082.9,0,0,0,0,506.135432972291
438iqnxa(3),369ysetn(2),|458nleob(3),316phyju(3),||578jdezt(3),;30197.2,27714,31641,31082.9,3.372063261075,0,0,0,511.135432972291
438iqnxa(3),|458nleob(3),316phyju(3),||578jdezt(3),;31093.2,27714,31641,31082.9,0,0,0,0,516.135432972291
438iqnxa(3),|458nleob(3),316phyju(3),||578jdezt(3),;31093.2,27714,31641,31082.9,0,0,0,0,521.135432972291
438iqnxa(3),|458nleob(3),316phyju(3),||578jdezt(3),;31093.2,27714,31641,31082.9,0,0,0,0,526.135432972291
438iqnxa(3),|458nleob(3),316phyju(3),||578jdezt(3),;31093.2,27714,31641,31082.9,0,0,0,0,531.135432972291
438iqnxa(3),|458nleob(3),316phyju(3),||578jdezt(3),;31093.2,27714,31641,31082.9,0,0,0,0,536.135432972291
438iqnxa(3),|458nleob(3),316phyju(3),||578jdezt(3),;31093.2,27714,31641,31082.9,0,0,0,0,541.135432972291
438iqnxa(3),|316phyju(3),||578jdezt(3),;31093.2,28661.2,31641,31082.9,0,0,0,0,546.135432972291
438iqnxa(3),|316phyju(3),||578jdezt(3),;31093.2,28661.2,31641,31082.9,0,0,0,0,551.135432972291
438iqnxa(3),|316phyju(3),||578jdezt(3),;31093.2,28661.2,31641,31082.9,0,0,0,0,556.135432972291
438iqnxa(3),|||578jdezt(3),;31093.2,31641,31641,31082.9,0,0,0,0,561.135432972291
438iqnxa(3),|||578jdezt(3),;31093.2,31641,31641,31082.9,0,0,0,0,566.135432972291
438iqnxa(3),|||578jdezt(3),;31093.2,31641,31641,31082.9,0,0,0,0,571.135432972291
438iqnxa(3),|||578jdezt(3),;31093.2,31641,31641,31082.9,0,0,0,0,576.135432972291
438iqnxa(3),|||578jdezt(3),;31093.2,31641,31641,31082.9,0,0,0,0,581.135432972291
438iqnxa(3),|||578jdezt(3),;31093.2,31641,31641,31082.9,0,0,0,0,586.135432972291
438iqnxa(3),|||578jdezt(3),;31093.2,31641,31641,31082.9,0,0,0,0,591.135432972291
438iqnxa(3),|||578jdezt(3),;31093.2,31641,31641,31082.9,0,0,0,0,596.135432972291
438iqnxa(3),|||578jdezt(3),;31093.2,31641,31641,31082.9,0,0,0,0,601.135432972291
438iqnxa(3),|975mbcux(0),|975mbcux(0),|578jdezt(3),975mbcux(0),;31093.2,29767.1,29142.4,29209,0,9.310389822025,12.076363270674,9.310389822025,606.135432972291
438iqnxa(3),|975mbcux(2),|975mbcux(2),|578jdezt(3),975mbcux(2),;31093.2,29767.1,29142.4,29209,0,4.310389822025,7.076363270674,4.310389822025,611.135432972291
438iqnxa(3),|975mbcux(3),|975mbcux(2),|578jdezt(3),975mbcux(3),;31093.2,29767.1,29142.4,29209,0,0,2.076363270674,0,616.135432972291
438iqnxa(3),|975mbcux(3),|975mbcux(3),|578jdezt(3),975mbcux(3),;31093.2,29767.1,29142.4,29209,0,0,0,0,621.135432972291
438iqnxa(3),|975mbcux(3),|975mbcux(3),|578jdezt(3),975mbcux(3),;31093.2,29767.1,29142.4,29209,0,0,0,0,626.135432972291
438iqnxa(3),|975mbcux(3),|975mbcux(3),|578jdezt(3),975mbcux(3),;31093.2,29767.1,29142.4,29209,0,0,0,0,631.135432972291
438iqnxa(3),|975mbcux(3),|975mbcux(3),|578jdezt(3),975mbcux(3),;31093.2,29767.1,29142.4,29209,0,0,0,0,636.135432972291
438iqnxa(3),|975mbcux(3),|975mbcux(3),|578jdezt(3),975mbcux(3),;31093.2,29767.1,29142.4,29209,0,0,0,0,641.135432972291
438iqnxa(3),|975mbcux(3),|975mbcux(3),|578jdezt(3),975mbcux(3),;31093.2,29767.1,29142.4,29209,0,0,0,0,646.135432972291
438iqnxa(3),|975mbcux(3),|975mbcux(3),|578jdezt(3),975mbcux(3),;31093.2,29767.1,29142.4,29209,0,0,0,0,651.135432972291
438iqnxa(3),|975mbcux(3),|975mbcux(3),|578jdezt(3),975mbcux(3),;31093.2,29767.1,29142.4,29209,0,0,0,0,656.135432972291
438iqnxa(3),|975mbcux(3),|975mbcux(3),|578jdezt(3),975mbcux(3),;31093.2,29767.1,29142.4,29209,0,0,0,0,661.135432972291
438iqnxa(3),|||578jdezt(3),;31093.2,31641,31641,31082.9,0,0,0,0,666.135432972291
438iqnxa(3),|||578jdezt(3),;31093.2,31641,31641,31082.9,0,0,0,0,671.135432972291
438iqnxa(3),|||578jdezt(3),;31093.2,31641,31641,31082.9,0,0,0,0,676.135432972291
438iqnxa(3),|||578jdezt(3),;31093.2,31641,31641,31082.9,0,0,0,0,681.135432972291
438iqnxa(3),|||578jdezt(3),;31093.2,31641,31641,31082.9,0,0,0,0,686.135432972291
438iqnxa(3),|||578jdezt(3),;31093.2,31641,31641,31082.9,0,0,0,0,691.135432972291
438iqnxa(3),368guzpa(0),|||578jdezt(3),;30350.8,31641,31641,31082.9,7.527847271327,0,0,0,696.135432972291
438iqnxa(3),368guzpa(2),|||578jdezt(3),;30350.8,31641,31641,31082.9,2.527847271327,0,0,0,701.135432972291
438iqnxa(3),368guzpa(3),|||578jdezt(3),;30350.8,31641,31641,31082.9,0,0,0,0,706.135432972291
438iqnxa(3),368guzpa(3),|||578jdezt(3),;30350.8,31641,31641,31082.9,0,0,0,0,711.135432972291
438iqnxa(3),368guzpa(3),|||578jdezt(3),;30350.8,31641,31641,31082.9,0,0,0,0,716.135432972291
438iqnxa(3),368guzpa(3),|||578jdezt(3),;30350.8,31641,31641,31082.9,0,0,0,0,721.135432972291
438iqnxa(3),368guzpa(3),|||578jdezt(3),;30350.8,31641,31641,31082.9,0,0,0,0,726.135432972291
438iqnxa(3),368guzpa(3),|||578jdezt(3),;30350.8,31641,31641,31082.9,0,0,0,0,731.135432972291
438iqnxa(3),368guzpa(3),|||578jdezt(3),;30350.8,31641,31641,31082.9,0,0,0,0,736.135432972291
438iqnxa(3),368guzpa(3),|||578jdezt(3),;30350.8,31641,31641,31082.9,0,0,0,0,741.135432972291
438iqnxa(3),368guzpa(3),||71oqhuj(0),|578jdezt(3),71oqhuj(0),;30350.8,31641,30765.5,27580.8,0,0,7.629048355797,19.943739988229,746.135432972291
438iqnxa(3),368guzpa(3),||71oqhuj(2),|578jdezt(3),71oqhuj(2),;30350.8,31641,30765.5,27580.8,0,0,2.629048355797,14.943739988229,751.135432972291
438iqnxa(3),368guzpa(3),250bptiz(0),||71oqhuj(3),250bptiz(0),|578jdezt(3),71oqhuj(2),;29644.2,31641,27232.7,27580.8,6.486643071853,0,19.369539331312,9.943739988229,756.135432972291
438iqnxa(3),368guzpa(3),250bptiz(2),757ueayh(0),|757ueayh(0),|71oqhuj(3),250bptiz(2),757ueayh(0),|578jdezt(3),71oqhuj(2),757ueayh(0),;27370.9,30125.5,25717.2,26065.3,18.327142721483,12.340120144006,27.657262447609,18.231463104526,761.135432972291
438iqnxa(3),368guzpa(3),250bptiz(3),757ueayh(0),|757ueayh(0),|71oqhuj(3),250bptiz(2),757ueayh(0),|578jdezt(3),71oqhuj(3),757ueayh(0),;27370.9,30125.5,25717.2,26065.3,13.327142721483,7.340120144006,22.657262447609,13.231463104526,766.135432972291
438iqnxa(3),368guzpa(3),250bptiz(3),757ueayh(2),|757ueayh(2),|71oqhuj(3),250bptiz(2),757ueayh(1),|578jdezt(3),71oqhuj(3),757ueayh(2),;27370.9,30125.5,25717.2,26065.3,8.327142721483,2.340120144006,17.657262447609,8.231463104526,771.135432972291
438iqnxa(3),368guzpa(3),250bptiz(3),757ueayh(2),||71oqhuj(3),250bptiz(3),757ueayh(2),|578jdezt(3),71oqhuj(3),757ueayh(3),;27370.9,31641,25717.2,26065.3,3.327142721483,0,12.657262447609,3.231463104526,776.135432972291
438iqnxa(3),368guzpa(3),250bptiz(3),||71oqhuj(3),250bptiz(3),757ueayh(2),|578jdezt(3),71oqhuj(3),757ueayh(3),;29644.2,31641,25717.2,26065.3,0,0,7.657262447609,0,781.135432972291
438iqnxa(3),368guzpa(3),250bptiz(3),||71oqhuj(3),250bptiz(3),757ueayh(3),|578jdezt(3),71oqhuj(3),757ueayh(3),;29644.2,31641,25717.2,26065.3,0,0,2.657262447609,0,786.135432972291
438iqnxa(3),368guzpa(3),250bptiz(3),||71oqhuj(3),250bptiz(3),757ueayh(3),|578jdezt(3),71oqhuj(3),757ueayh(3),;29644.2,31641,25717.2,26065.3,0,0,0,0,791.135432972291
438iqnxa(3),368guzpa(3),250bptiz(3),||71oqhuj(3),250bptiz(3),757ueayh(3),|578jdezt(3),71oqhuj(3),757ueayh(3),;29644.2,31641,25717.2,26065.3,0,0,0,0,796.135432972291
438iqnxa(3),368guzpa(3),250bptiz(3),||71oqhuj(3),250bptiz(3),757ueayh(3),|578jdezt(3),71oqhuj(3),757ueayh(3),;29644.2,31641,25717.2,26065.3,0,0,0,0,801.135432972291
438iqnxa(3),368guzpa(3),250bptiz(3),||71oqhuj(3),250bptiz(3),757ueayh(3),|578jdezt(3),71oqhuj(3),757ueayh(3),;29644.2,31641,25717.2,26065.3,0,0,0,0,806.135432972291
438iqnxa(3),250bptiz(3),||71oqhuj(3),250bptiz(3),757ueayh(3),|578jdezt(3),71oqhuj(3),757ueayh(3),;30386.6,31641,25717.2,26065.3,0,0,0,0,811.135432972291
438iqnxa(3),250bptiz(3),||71oqhuj(3),250bptiz(3),757ueayh(3),|578jdezt(3),71oqhuj(3),757ueayh(3),;30386.6,31641,25717.2,26065.3,0,0,0,0,816.135432972291
438iqnxa(3),250bptiz(3),||71oqhuj(3),250bptiz(3),757ueayh(3),632knfar(0),|578jdezt(3),71oqhuj(3),757ueayh(3),;30386.6,31641,24985,26065.3,0,0,9.332211083151,0,821.135432972291
438iqnxa(3),250bptiz(3),||71oqhuj(3),250bptiz(3),757ueayh(3),632knfar(0),|578jdezt(3),71oqhuj(3),757ueayh(3),;30386.6,31641,24985,26065.3,0,0,4.332211083151,0,826.135432972291
438iqnxa(3),250bptiz(3),||71oqhuj(3),250bptiz(3),757ueayh(3),632knfar(3),|578jdezt(3),71oqhuj(3),757ueayh(3),;30386.6,31641,24985,26065.3,0,0,0,0,831.135432972291
438iqnxa(3),250bptiz(3),||71oqhuj(3),250bptiz(3),757ueayh(3),632knfar(3),|578jdezt(3),71oqhuj(3),757ueayh(3),;30386.6,31641,24985,26065.3,0,0,0,0,836.135432972291
438iqnxa(3),250bptiz(3),|592kcuyh(0),|71oqhuj(3),250bptiz(3),757ueayh(3),632knfar(3),|578jdezt(3),71oqhuj(3),757ueayh(3),592kcuyh(0),;30386.6,29429.2,24985,25512.3,0,12.869893587358,0,5.52419360898,841.135432972291
438iqnxa(3),250bptiz(3),|592kcuyh(2),|71oqhuj(3),250bptiz(3),757ueayh(3),632knfar(3),|578jdezt(3),71oqhuj(3),757ueayh(3),592kcuyh(2),;30386.6,29429.2,24985,25512.3,0,7.869893587358,0,0.52419360898,846.135432972291
438iqnxa(3),250bptiz(3),|592kcuyh(2),|71oqhuj(3),250bptiz(3),632knfar(3),|578jdezt(3),71oqhuj(3),;30386.6,29429.2,26500.5,27580.8,0,2.869893587358,0,0,851.135432972291
438iqnxa(3),250bptiz(3),|592kcuyh(3),|71oqhuj(3),250bptiz(3),632knfar(3),|578jdezt(3),71oqhuj(3),;30386.6,29429.2,26500.5,27580.8,0,0,0,0,856.135432972291
438iqnxa(3),250bptiz(3),|592kcuyh(3),|71oqhuj(3),250bptiz(3),632knfar(3),|578jdezt(3),71oqhuj(3),;30386.6,29429.2,26500.5,27580.8,0,0,0,0,861.135432972291
438iqnxa(3),250bptiz(3),|592kcuyh(3),|71oqhuj(3),250bptiz(3),632knfar(3),|578jdezt(3),71oqhuj(3),;30386.6,29429.2,26500.5,27580.8,0,0,0,0,866.135432972291
438iqnxa(3),250bptiz(3),|592kcuyh(3),371soamp(0),|71oqhuj(3),250bptiz(3),632knfar(3),371soamp(0),|578jdezt(3),71oqhuj(3),;30386.6,28446.2,24534.4,27580.8,0,10.431450799633,14.912458194227,0,871.135432972291
438iqnxa(3),250bptiz(3),765wpret(0),|592kcuyh(3),371soamp(0),765wpret(0),|71oqhuj(3),250bptiz(3),632knfar(3),371soamp(0),765wpret(0),|578jdezt(3),71oqhuj(3),765wpret(0),;28036.5,27662.8,22967.7,26014.1,13.926741664036,14.049399900825,22.203210062986,10.253938896468,876.135432972291
438iqnxa(3),250bptiz(3),765wpret(2),|592kcuyh(3),371soamp(2),765wpret(1),|71oqhuj(3),250bptiz(3),632knfar(3),371soamp(2),765wpret(1),|578jdezt(3),71oqhuj(3),765wpret(2),;28036.5,27662.8,22967.7,26014.1,8.926741664036,9.049399900825,17.203210062986,5.253938896468,881.135432972291
438iqnxa(3),250bptiz(3),765wpret(2),|592kcuyh(3),765wpret(3),|71oqhuj(3),250bptiz(3),632knfar(3),765wpret(2),|578jdezt(3),71oqhuj(3),765wpret(3),;28036.5,28645.8,24933.8,26014.1,3.926741664036,4.049399900825,12.203210062986,0.253938896468,886.135432972291
438iqnxa(3),250bptiz(3),765wpret(3),|592kcuyh(3),765wpret(3),|71oqhuj(3),250bptiz(3),632knfar(3),765wpret(2),779zaqup(0),|578jdezt(3),71oqhuj(3),765wpret(3),779zaqup(0),;28036.5,28645.8,23408,25251.2,0,0,18.535624392394,6.785243576937,891.135432972291
438iqnxa(3),250bptiz(3),765wpret(3),|592kcuyh(3),765wpret(3),|71oqhuj(3),250bptiz(3),632knfar(3),765wpret(3),779zaqup(2),|578jdezt(3),71oqhuj(3),765wpret(3),779zaqup(2),;28036.5,28645.8,23408,25251.2,0,0,13.535624392394,1.785243576937,896.135432972291
438iqnxa(3),250bptiz(3),765wpret(3),|592kcuyh(3),765wpret(3),|71oqhuj(3),250bptiz(3),632knfar(3),765wpret(3),779zaqup(2),|578jdezt(3),71oqhuj(3),765wpret(3),779zaqup(3),;28036.5,28645.8,23408,25251.2,0,0,8.535624392394,0,901.135432972291
438iqnxa(3),250bptiz(3),765wpret(3),|592kcuyh(3),765wpret(3),|250bptiz(3),632knfar(3),765wpret(3),779zaqup(3),|578jdezt(3),71oqhuj(3),765wpret(3),779zaqup(3),;28036.5,28645.8,24283.5,25251.2,0,0,3.535624392394,0,906.135432972291
438iqnxa(3),250bptiz(3),765wpret(3),|592kcuyh(3),765wpret(3),592lvgzj(0),|250bptiz(3),632knfar(3),765wpret(3),779zaqup(3),|578jdezt(3),71oqhuj(3),765wpret(3),779zaqup(3),592lvgzj(0),;28036.5,27657.6,24283.5,24263,0,10.751270150246,0,10.751270150246,911.135432972291
438iqnxa(3),250bptiz(3),765wpret(3),|765wpret(3),592lvgzj(0),|250bptiz(3),632knfar(3),765wpret(3),779zaqup(3),|578jdezt(3),71oqhuj(3),765wpret(3),779zaqup(3),592lvgzj(0),;28036.5,29869.4,24283.5,24263,0,5.751270150246,0,5.751270150246,916.135432972291
438iqnxa(3),250bptiz(3),765wpret(3),|765wpret(3),592lvgzj(2),|250bptiz(3),632knfar(3),765wpret(3),779zaqup(3),|578jdezt(3),71oqhuj(3),765wpret(3),779zaqup(3),592lvgzj(2),;28036.5,29869.4,24283.5,24263,0,0.751270150246,0,0.751270150246,921.135432972291
438iqnxa(3),250bptiz(3),765wpret(3),|765wpret(3),592lvgzj(3),|250bptiz(3),632knfar(3),765wpret(3),779zaqup(3),|578jdezt(3),71oqhuj(3),765wpret(3),779zaqup(3),592lvgzj(3),;28036.5,29869.4,24283.5,24263,0,0,0,0,926.135432972291
438iqnxa(3),765wpret(3),|765wpret(3),592lvgzj(3),|250bptiz(3),632knfar(3),765wpret(3),779zaqup(3),|578jdezt(3),71oqhuj(3),765wpret(3),779zaqup(3),592lvgzj(3),;28743.1,29869.4,24283.5,24263,0,0,0,0,931.135432972291
438iqnxa(3),765wpret(3),|765wpret(3),592lvgzj(3),|250bptiz(3),632knfar(3),765wpret(3),779zaqup(3),|578jdezt(3),71oqhuj(3),765wpret(3),779zaqup(3),592lvgzj(3),;28743.1,29869.4,24283.5,24263,0,0,0,0,936.135432972291
438iqnxa(3),765wpret(3),|765wpret(3),592lvgzj(3),|250bptiz(3),632knfar(3),765wpret(3),779zaqup(3),|578jdezt(3),71oqhuj(3),765wpret(3),779zaqup(3),592lvgzj(3),52gqbis(0),;28743.1,29869.4,24283.5,23351.6,0,0,0,7.523988773686,941.135432972291
438iqnxa(3),765wpret(3),|765wpret(3),592lvgzj(3),|632knfar(3),765wpret(3),779zaqup(3),|578jdezt(3),71oqhuj(3),765wpret(3),779zaqup(3),592lvgzj(3),52gqbis(2),;28743.1,29869.4,27816.3,23351.6,0,0,0,2.523988773686,946.135432972291
438iqnxa(3),765wpret(3),|765wpret(3),592lvgzj(3),|632knfar(3),765wpret(3),779zaqup(3),|578jdezt(3),71oqhuj(3),765wpret(3),779zaqup(3),592lvgzj(3),52gqbis(3),;28743.1,29869.4,27816.3,23351.6,0,0,0,0,951.135432972291
438iqnxa(3),765wpret(3),|765wpret(3),592lvgzj(3),665lfdmo(0),|632knfar(3),765wpret(3),779zaqup(3),665lfdmo(0),|578jdezt(3),71oqhuj(3),765wpret(3),779zaqup(3),592lvgzj(3),52gqbis(3),;28743.1,28983.6,26930.5,23351.6,0,9.718660809372,9.718660809372,0,956.135432972291
438iqnxa(3),765wpret(3),|765wpret(3),592lvgzj(3),665lfdmo(0),|632knfar(3),765wpret(3),779zaqup(3),665lfdmo(0),|578jdezt(3),71oqhuj(3),765wpret(3),779zaqup(3),592lvgzj(3),52gqbis(3),;28743.1,28983.6,26930.5,23351.6,0,4.718660809372,4.718660809372,0,961.135432972291
438iqnxa(3),765wpret(3),|765wpret(3),665lfdmo(3),|632knfar(3),765wpret(3),779zaqup(3),665lfdmo(3),|578jdezt(3),71oqhuj(3),765wpret(3),779zaqup(3),52gqbis(3),;28743.1,29971.8,26930.5,24339.8,0,0,0,0,966.135432972291
438iqnxa(3),765wpret(3),|765wpret(3),665lfdmo(3),|632knfar(3),765wpret(3),779zaqup(3),665lfdmo(3),|578jdezt(3),71oqhuj(3),765wpret(3),779zaqup(3),52gqbis(3),;28743.1,29971.8,26930.5,24339.8,0,0,0,0,971.135432972291
438iqnxa(3),765wpret(3),|765wpret(3),665lfdmo(3),247qabre(2),|632knfar(3),765wpret(3),779zaqup(3),665lfdmo(3),247qabre(2),|578jdezt(3),71oqhuj(3),765wpret(3),779zaqup(3),52gqbis(3),;28743.1,29439.3,26398,24339.8,0,0.451050871935,0.451050871935,0,976.135432972291
438iqnxa(3),765wpret(3),|765wpret(3),665lfdmo(3),|632knfar(3),765wpret(3),779zaqup(3),665lfdmo(3),|578jdezt(3),71oqhuj(3),765wpret(3),779zaqup(3),52gqbis(3),;28743.1,29971.8,26930.5,24339.8,0,0,0,0,981.135432972291
438iqnxa(3),765wpret(3),|765wpret(3),665lfdmo(3),|632knfar(3),765wpret(3),779zaqup(3),665lfdmo(3),|578jdezt(3),71oqhuj(3),765wpret(3),779zaqup(3),52gqbis(3),;28743.1,29971.8,26930.5,24339.8,0,0,0,0,986.135432972291
438iqnxa(3),765wpret(3),|765wpret(3),665lfdmo(3),|632knfar(3),765wpret(3),779zaqup(3),665lfdmo(3),|578jdezt(3),71oqhuj(3),765wpret(3),779zaqup(3),52gqbis(3),;28743.1,29971.8,26930.5,24339.8,0,0,0,0,991.135432972291
438iqnxa(3),765wpret(3),|765wpret(3),665lfdmo(3),|632knfar(3),765wpret(3),779zaqup(3),665lfdmo(3),|578jdezt(3),71oqhuj(3),765wpret(3),779zaqup(3),52gqbis(3),;28743.1,29971.8,26930.5,24339.8,0,0,0,0,996.135432972291
438iqnxa(3),765wpret(3),|765wpret(3),665lfdmo(3),|632knfar(3),765wpret(3),779zaqup(3),665lfdmo(3),|578jdezt(3),71oqhuj(3),765wpret(3),779zaqup(3),52gqbis(3),;28743.1,29971.8,26930.5,24339.8,0,0,0,0,1001.135432972291
438iqnxa(3),765wpret(3),|765wpret(3),665lfdmo(3),|632knfar(3),765wpret(3),779zaqup(3),665lfdmo(3),|578jdezt(3),71oqhuj(3),765wpret(3),779zaqup(3),52gqbis(3),;28743.1,29971.8,26930.5,24339.8,0,0,0,0,1006.135432972291
438iqnxa(3),765wpret(3),|765wpret(3),665lfdmo(3),|632knfar(3),765wpret(3),779zaqup(3),665lfdmo(3),|578jdezt(3),71oqhuj(3),765wpret(3),779zaqup(3),52gqbis(3),;28743.1,29971.8,26930.5,24339.8,0,0,0,0,1011.135432972291
438iqnxa(3),765wpret(3),|765wpret(3),665lfdmo(3),|632knfar(3),765wpret(3),779zaqup(3),665lfdmo(3),|578jdezt(3),71oqhuj(3),765wpret(3),779zaqup(3),52gqbis(3),;28743.1,29971.8,26930.5,24339.8,0,0,0,0,1016.135432972291
438iqnxa(3),765wpret(3),|765wpret(3),665lfdmo(3),662ecuyh(0),|632knfar(3),765wpret(3),779zaqup(3),665lfdmo(3),662ecuyh(0),|578jdezt(3),71oqhuj(3),779zaqup(3),52gqbis(3),662ecuyh(0),;28743.1,27882.8,24841.5,23817.5,0,13.149579546052,13.149579546052,13.149579546052,1021.135432972291
438iqnxa(3),|665lfdmo(3),662ecuyh(2),|632knfar(3),765wpret(3),779zaqup(3),665lfdmo(3),662ecuyh(2),|578jdezt(3),71oqhuj(3),779zaqup(3),52gqbis(3),662ecuyh(2),;31093.2,28666.2,24841.5,23817.5,0,8.149579546052,8.149579546052,8.149579546052,1026.135432972291
438iqnxa(3),|665lfdmo(3),662ecuyh(2),|632knfar(3),765wpret(3),779zaqup(3),665lfdmo(3),662ecuyh(2),|578jdezt(3),71oqhuj(3),779zaqup(3),52gqbis(3),662ecuyh(2),;31093.2,28666.2,24841.5,23817.5,0,3.149579546052,3.149579546052,3.149579546052,1031.135432972291
438iqnxa(3),|665lfdmo(3),|632knfar(3),765wpret(3),779zaqup(3),665lfdmo(3),|578jdezt(3),71oqhuj(3),779zaqup(3),52gqbis(3),;31093.2,30755.2,26930.5,25906.5,0,0,0,0,1036.135432972291
438iqnxa(3),|665lfdmo(3),|632knfar(3),765wpret(3),779zaqup(3),665lfdmo(3),438vhcou(0),|578jdezt(3),71oqhuj(3),779zaqup(3),52gqbis(3),;31093.2,30755.2,26131.8,25906.5,0,0,3.896674089113,0,1041.135432972291
438iqnxa(3),|665lfdmo(3),|632knfar(3),765wpret(3),779zaqup(3),665lfdmo(3),438vhcou(3),|578jdezt(3),71oqhuj(3),779zaqup(3),52gqbis(3),;31093.2,30755.2,26131.8,25906.5,0,0,0,0,1046.135432972291
438iqnxa(3),|665lfdmo(3),|632knfar(3),765wpret(3),779zaqup(3),665lfdmo(3),438vhcou(3),|578jdezt(3),71oqhuj(3),779zaqup(3),52gqbis(3),;31093.2,30755.2,26131.8,25906.5,0,0,0,0,1051.135432972291
438iqnxa(3),|665lfdmo(3),|632knfar(3),765wpret(3),779zaqup(3),665lfdmo(3),438vhcou(3),|578jdezt(3),71oqhuj(3),779zaqup(3),52gqbis(3),;31093.2,30755.2,26131.8,25906.5,0,0,0,0,1056.135432972291
438iqnxa(3),|665lfdmo(3),|632knfar(3),765wpret(3),779zaqup(3),665lfdmo(3),438vhcou(3),|578jdezt(3),71oqhuj(3),779zaqup(3),52gqbis(3),;31093.2,30755.2,26131.8,25906.5,0,0,0,0,1061.135432972291
438iqnxa(3),|665lfdmo(3),|632knfar(3),765wpret(3),779zaqup(3),665lfdmo(3),438vhcou(3),|578jdezt(3),71oqhuj(3),779zaqup(3),52gqbis(3),;31093.2,30755.2,26131.8,25906.5,0,0,0,0,1066.135432972291
438iqnxa(3),|665lfdmo(3),|632knfar(3),765wpret(3),779zaqup(3),665lfdmo(3),438vhcou(3),779ciatg(0),|578jdezt(3),71oqhuj(3),779zaqup(3),52gqbis(3),779ciatg(0),;31093.2,30755.2,25271.6,25046.3,0,0,8.089074302268,8.089074302268,1071.135432972291
438iqnxa(3),||632knfar(3),765wpret(3),779zaqup(3),438vhcou(3),779ciatg(2),|578jdezt(3),71oqhuj(3),52gqbis(3),779ciatg(2),;31093.2,31641,26157.4,25809.2,0,0,3.089074302268,3.089074302268,1076.135432972291
438iqnxa(3),||632knfar(3),765wpret(3),779zaqup(3),438vhcou(3),|578jdezt(3),71oqhuj(3),52gqbis(3),;31093.2,31641,27017.6,26669.4,0,0,0,0,1081.135432972291
438iqnxa(3),||632knfar(3),765wpret(3),779zaqup(3),438vhcou(3),|578jdezt(3),71oqhuj(3),52gqbis(3),;31093.2,31641,27017.6,26669.4,0,0,0,0,1086.135432972291
438iqnxa(3),||632knfar(3),765wpret(3),779zaqup(3),438vhcou(3),|578jdezt(3),71oqhuj(3),52gqbis(3),;31093.2,31641,27017.6,26669.4,0,0,0,0,1091.135432972291
438iqnxa(3),||632knfar(3),765wpret(3),779zaqup(3),438vhcou(3),|578jdezt(3),71oqhuj(3),52gqbis(3),;31093.2,31641,27017.6,26669.4,0,0,0,0,1096.135432972291
||632knfar(3),765wpret(3),779zaqup(3),438vhcou(3),|578jdezt(3),71oqhuj(3),52gqbis(3),;31641,31641,27017.6,26669.4,0,0,0,0,1101.135432972291
||632knfar(3),765wpret(3),779zaqup(3),438vhcou(3),|578jdezt(3),52gqbis(3),;31641,31641,27017.6,30171.5,0,0,0,0,1106.135432972291
||632knfar(3),765wpret(3),779zaqup(3),438vhcou(3),|578jdezt(3),52gqbis(3),;31641,31641,27017.6,30171.5,0,0,0,0,1111.135432972291
||632knfar(3),765wpret(3),779zaqup(3),438vhcou(3),|578jdezt(3),52gqbis(3),;31641,31641,27017.6,30171.5,0,0,0,0,1116.135432972291
||632knfar(3),779zaqup(3),438vhcou(3),|578jdezt(3),52gqbis(3),;31641,31641,28584.3,30171.5,0,0,0,0,1121.135432972291
||632knfar(3),779zaqup(3),438vhcou(3),|578jdezt(3),52gqbis(3),;31641,31641,28584.3,30171.5,0,0,0,0,1126.135432972291
||632knfar(3),779zaqup(3),438vhcou(3),|52gqbis(3),;31641,31641,28584.3,30729.6,0,0,0,0,1131.135432972291
||632knfar(3),779zaqup(3),438vhcou(3),|52gqbis(3),;31641,31641,28584.3,30729.6,0,0,0,0,1136.135432972291
||632knfar(3),779zaqup(3),438vhcou(3),|;31641,31641,28584.3,31641,0,0,0,0,1141.135432972291
||632knfar(3),779zaqup(3),438vhcou(3),|;31641,31641,28584.3,31641,0,0,0,0,1146.135432972291
||632knfar(3),779zaqup(3),438vhcou(3),|;31641,31641,28584.3,31641,0,0,0,0,1151.135432972291
||632knfar(3),779zaqup(3),|;31641,31641,29383,31641,0,0,0,0,1156.135432972291
||632knfar(3),779zaqup(3),|;31641,31641,29383,31641,0,0,0,0,1161.135432972291
||632knfar(3),779zaqup(3),|;31641,31641,29383,31641,0,0,0,0,1166.135432972291
||632knfar(3),779zaqup(3),|;31641,31641,29383,31641,0,0,0,0,1171.135432972291
||632knfar(3),|;31641,31641,30908.8,31641,0,0,0,0,1176.135432972291
368cwybd(0),|368cwybd(0),|632knfar(3),368cwybd(0),|368cwybd(0),;28738,29705.6,28005.8,29705.6,16.140434149177,11.855442495123,16.140434149177,11.855442495123,1181.135432972291
368cwybd(2),|368cwybd(2),|632knfar(3),368cwybd(2),|368cwybd(2),;28738,29705.6,28005.8,29705.6,11.140434149177,6.855442495123,11.140434149177,6.855442495123,1186.135432972291
368cwybd(2),608fyxgs(1),|368cwybd(2),608fyxgs(1),|632knfar(3),368cwybd(2),608fyxgs(1),|368cwybd(2),608fyxgs(1),;27007.4,27109.8,26275.2,27109.8,17.581124425449,17.127686155179,17.581124425449,17.127686155179,1191.135432972291
368cwybd(2),608fyxgs(1),|368cwybd(3),608fyxgs(2),|632knfar(3),368cwybd(2),608fyxgs(1),|368cwybd(3),608fyxgs(2),;27007.4,27109.8,26275.2,27109.8,12.581124425449,12.127686155179,12.581124425449,12.127686155179,1196.135432972291
368cwybd(3),608fyxgs(2),|368cwybd(3),608fyxgs(2),|632knfar(3),368cwybd(3),608fyxgs(2),|368cwybd(3),608fyxgs(2),;27007.4,27109.8,26275.2,27109.8,7.581124425449,7.127686155179,7.581124425449,7.127686155179,1201.135432972291
368cwybd(3),608fyxgs(3),|368cwybd(3),608fyxgs(3),|632knfar(3),368cwybd(3),608fyxgs(3),|368cwybd(3),608fyxgs(3),;27007.4,27109.8,26275.2,27109.8,2.581124425449,2.127686155179,2.581124425449,2.127686155179,1206.135432972291
368cwybd(3),608fyxgs(3),267xlsyu(0),|368cwybd(3),608fyxgs(3),|632knfar(3),368cwybd(3),608fyxgs(3),|368cwybd(3),608fyxgs(3),;26178,27109.8,26275.2,27109.8,7.241704891734,0,0,0,1211.135432972291
368cwybd(3),608fyxgs(3),267xlsyu(2),|368cwybd(3),608fyxgs(3),|632knfar(3),368cwybd(3),608fyxgs(3),|368cwybd(3),608fyxgs(3),;26178,27109.8,26275.2,27109.8,2.241704891734,0,0,0,1216.135432972291
368cwybd(3),608fyxgs(3),|368cwybd(3),608fyxgs(3),|632knfar(3),368cwybd(3),608fyxgs(3),|368cwybd(3),608fyxgs(3),;27007.4,27109.8,26275.2,27109.8,0,0,0,0,1221.135432972291
368cwybd(3),608fyxgs(3),|368cwybd(3),608fyxgs(3),|632knfar(3),368cwybd(3),608fyxgs(3),|368cwybd(3),608fyxgs(3),;27007.4,27109.8,26275.2,27109.8,0,0,0,0,1226.135432972291
368cwybd(3),608fyxgs(3),|368cwybd(3),608fyxgs(3),|632knfar(3),368cwybd(3),608fyxgs(3),|368cwybd(3),608fyxgs(3),;27007.4,27109.8,26275.2,27109.8,0,0,0,0,1231.135432972291
368cwybd(3),608fyxgs(3),|368cwybd(3),608fyxgs(3),|632knfar(3),368cwybd(3),608fyxgs(3),|368cwybd(3),608fyxgs(3),;27007.4,27109.8,26275.2,27109.8,0,0,0,0,1236.135432972291
368cwybd(3),608fyxgs(3),|368cwybd(3),608fyxgs(3),|632knfar(3),368cwybd(3),608fyxgs(3),|368cwybd(3),608fyxgs(3),;27007.4,27109.8,26275.2,27109.8,0,0,0,0,1241.135432972291
368cwybd(3),608fyxgs(3),|368cwybd(3),608fyxgs(3),|632knfar(3),368cwybd(3),608fyxgs(3),|368cwybd(3),608fyxgs(3),;27007.4,27109.8,26275.2,27109.8,0,0,0,0,1246.135432972291
368cwybd(3),608fyxgs(3),|368cwybd(3),608fyxgs(3),|632knfar(3),368cwybd(3),608fyxgs(3),|368cwybd(3),608fyxgs(3),;27007.4,27109.8,26275.2,27109.8,0,0,0,0,1251.135432972291
368cwybd(3),608fyxgs(3),|368cwybd(3),608fyxgs(3),|632knfar(3),368cwybd(3),608fyxgs(3),|368cwybd(3),608fyxgs(3),;27007.4,27109.8,26275.2,27109.8,0,0,0,0,1256.135432972291
368cwybd(3),608fyxgs(3),608tfhsw(2),|368cwybd(3),608fyxgs(3),608tfhsw(2),|632knfar(3),368cwybd(3),608fyxgs(3),608tfhsw(2),|368cwybd(3),608fyxgs(3),608tfhsw(2),;25655.7,25758.1,24247.7,25082.3,5.718237449523,5.718237449523,8.710930033306,8.710930033306,1261.135432972291
368cwybd(3),608tfhsw(2),|368cwybd(3),608tfhsw(2),|632knfar(3),368cwybd(3),608tfhsw(2),|368cwybd(3),608tfhsw(2),;27386.3,28353.9,25978.3,27678.1,0.718237449523,0.718237449523,3.710930033306,3.710930033306,1266.135432972291
368cwybd(3),|368cwybd(3),|632knfar(3),368cwybd(3),|368cwybd(3),;28738,29705.6,28005.8,29705.6,0,0,0,0,1271.135432972291
368cwybd(3),|368cwybd(3),|632knfar(3),368cwybd(3),|368cwybd(3),;28738,29705.6,28005.8,29705.6,0,0,0,0,1276.135432972291
368cwybd(3),|368cwybd(3),|632knfar(3),368cwybd(3),|368cwybd(3),;28738,29705.6,28005.8,29705.6,0,0,0,0,1281.135432972291
368cwybd(3),|368cwybd(3),|632knfar(3),368cwybd(3),|368cwybd(3),;28738,29705.6,28005.8,29705.6,0,0,0,0,1286.135432972291
368cwybd(3),|368cwybd(3),|632knfar(3),368cwybd(3),4fxzlc(2),|368cwybd(3),;28738,29705.6,27401.6,29705.6,0,0,2.288435677342,0,1291.135432972291
368cwybd(3),|368cwybd(3),|632knfar(3),368cwybd(3),4fxzlc(3),|368cwybd(3),;28738,29705.6,27401.6,29705.6,0,0,0,0,1296.135432972291
368cwybd(3),|368cwybd(3),|632knfar(3),368cwybd(3),4fxzlc(3),|368cwybd(3),;28738,29705.6,27401.6,29705.6,0,0,0,0,1301.135432972291
368cwybd(3),371uigpk(0),|368cwybd(3),371uigpk(0),|632knfar(3),368cwybd(3),4fxzlc(3),371uigpk(0),|368cwybd(3),371uigpk(0),;27673,28108.2,26336.6,28108.2,5.075528296648,7.433407302053,5.075528296648,7.433407302053,1306.135432972291
368cwybd(3),371uigpk(3),|368cwybd(3),371uigpk(2),|632knfar(3),368cwybd(3),4fxzlc(3),371uigpk(3),|368cwybd(3),371uigpk(2),;27673,28108.2,26336.6,28108.2,0.075528296648,2.433407302053,0.075528296648,2.433407302053,1311.135432972291
368cwybd(3),371uigpk(3),|368cwybd(3),371uigpk(3),|632knfar(3),368cwybd(3),4fxzlc(3),371uigpk(3),|368cwybd(3),371uigpk(3),;27673,28108.2,26336.6,28108.2,0,0,0,0,1316.135432972291
368cwybd(3),371uigpk(3),|368cwybd(3),371uigpk(3),|632knfar(3),368cwybd(3),4fxzlc(3),371uigpk(3),|368cwybd(3),371uigpk(3),;27673,28108.2,26336.6,28108.2,0,0,0,0,1321.135432972291
368cwybd(3),371uigpk(3),|368cwybd(3),371uigpk(3),|632knfar(3),368cwybd(3),4fxzlc(3),371uigpk(3),|368cwybd(3),371uigpk(3),;27673,28108.2,26336.6,28108.2,0,0,0,0,1326.135432972291
368cwybd(3),371uigpk(3),|368cwybd(3),371uigpk(3),|632knfar(3),368cwybd(3),4fxzlc(3),371uigpk(3),|368cwybd(3),371uigpk(3),;27673,28108.2,26336.6,28108.2,0,0,0,0,1331.135432972291
368cwybd(3),371uigpk(3),|368cwybd(3),371uigpk(3),|632knfar(3),368cwybd(3),4fxzlc(3),371uigpk(3),|368cwybd(3),371uigpk(3),;27673,28108.2,26336.6,28108.2,0,0,0,0,1336.135432972291
368cwybd(3),371uigpk(3),|368cwybd(3),371uigpk(3),|632knfar(3),368cwybd(3),4fxzlc(3),371uigpk(3),|368cwybd(3),371uigpk(3),;27673,28108.2,26336.6,28108.2,0,0,0,0,1341.135432972291
368cwybd(3),371uigpk(3),|368cwybd(3),371uigpk(3),|632knfar(3),368cwybd(3),4fxzlc(3),371uigpk(3),|368cwybd(3),371uigpk(3),;27673,28108.2,26336.6,28108.2,0,0,0,0,1346.135432972291
368cwybd(3),371uigpk(3),|368cwybd(3),371uigpk(3),|632knfar(3),368cwybd(3),4fxzlc(3),371uigpk(3),|368cwybd(3),371uigpk(3),;27673,28108.2,26336.6,28108.2,0,0,0,0,1351.135432972291
368cwybd(3),371uigpk(3),|368cwybd(3),371uigpk(3),|632knfar(3),368cwybd(3),4fxzlc(3),371uigpk(3),|368cwybd(3),371uigpk(3),;27673,28108.2,26336.6,28108.2,0,0,0,0,1356.135432972291
368cwybd(3),371uigpk(3),|368cwybd(3),371uigpk(3),|632knfar(3),368cwybd(3),4fxzlc(3),371uigpk(3),|368cwybd(3),371uigpk(3),;27673,28108.2,26336.6,28108.2,0,0,0,0,1361.135432972291
368cwybd(3),371uigpk(3),|368cwybd(3),371uigpk(3),|632knfar(3),368cwybd(3),4fxzlc(3),371uigpk(3),|368cwybd(3),371uigpk(3),;27673,28108.2,26336.6,28108.2,0,0,0,0,1366.135432972291
368cwybd(3),371uigpk(3),|368cwybd(3),371uigpk(3),|632knfar(3),368cwybd(3),4fxzlc(3),371uigpk(3),|368cwybd(3),371uigpk(3),;27673,28108.2,26336.6,28108.2,0,0,0,0,1371.135432972291
368cwybd(3),371uigpk(3),|368cwybd(3),371uigpk(3),|632knfar(3),368cwybd(3),4fxzlc(3),371uigpk(3),|368cwybd(3),371uigpk(3),;27673,28108.2,26336.6,28108.2,0,0,0,0,1376.135432972291
368cwybd(3),371uigpk(3),|368cwybd(3),371uigpk(3),|632knfar(3),368cwybd(3),4fxzlc(3),371uigpk(3),|368cwybd(3),371uigpk(3),;27673,28108.2,26336.6,28108.2,0,0,0,0,1381.135432972291
368cwybd(3),371uigpk(3),|368cwybd(3),371uigpk(3),|632knfar(3),368cwybd(3),4fxzlc(3),371uigpk(3),|368cwybd(3),371uigpk(3),;27673,28108.2,26336.6,28108.2,0,0,0,0,1386.135432972291
368cwybd(3),371uigpk(3),|368cwybd(3),371uigpk(3),|632knfar(3),368cwybd(3),4fxzlc(3),371uigpk(3),|368cwybd(3),371uigpk(3),;27673,28108.2,26336.6,28108.2,0,0,0,0,1391.135432972291
368cwybd(3),371uigpk(3),|368cwybd(3),371uigpk(3),|632knfar(3),368cwybd(3),371uigpk(3),|368cwybd(3),371uigpk(3),;27673,28108.2,26940.8,28108.2,0,0,0,0,1396.135432972291
368cwybd(3),371uigpk(3),|368cwybd(3),371uigpk(3),|632knfar(3),368cwybd(3),371uigpk(3),|368cwybd(3),371uigpk(3),;27673,28108.2,26940.8,28108.2,0,0,0,0,1401.135432972291
368cwybd(3),371uigpk(3),|368cwybd(3),371uigpk(3),|632knfar(3),368cwybd(3),371uigpk(3),|368cwybd(3),371uigpk(3),;27673,28108.2,26940.8,28108.2,0,0,0,0,1406.135432972291
368cwybd(3),371uigpk(3),|368cwybd(3),371uigpk(3),|368cwybd(3),371uigpk(3),|368cwybd(3),371uigpk(3),;27673,28108.2,27673,28108.2,0,0,0,0,1411.135432972291
368cwybd(3),371uigpk(3),|368cwybd(3),371uigpk(3),|368cwybd(3),371uigpk(3),|368cwybd(3),371uigpk(3),;27673,28108.2,27673,28108.2,0,0,0,0,1416.135432972291
371uigpk(3),|371uigpk(3),|371uigpk(3),|371uigpk(3),;30576,30043.6,30576,30043.6,0,0,0,0,1421.135432972291
371uigpk(3),|371uigpk(3),|371uigpk(3),|371uigpk(3),;30576,30043.6,30576,30043.6,0,0,0,0,1426.135432972291
371uigpk(3),186fnesy(0),|371uigpk(3),186fnesy(0),|371uigpk(3),|371uigpk(3),;29792.6,29260.2,30576,30043.6,4.953829501788,4.953829501788,0,0,1431.135432972291
371uigpk(3),|371uigpk(3),|371uigpk(3),|371uigpk(3),;30576,30043.6,30576,30043.6,0,0,0,0,1436.135432972291
371uigpk(3),|371uigpk(3),|371uigpk(3),|371uigpk(3),;30576,30043.6,30576,30043.6,0,0,0,0,1441.135432972291
371uigpk(3),|371uigpk(3),|371uigpk(3),|371uigpk(3),;30576,30043.6,30576,30043.6,0,0,0,0,1446.135432972291
371uigpk(3),|371uigpk(3),|371uigpk(3),|371uigpk(3),;30576,30043.6,30576,30043.6,0,0,0,0,1451.135432972291
371uigpk(3),|371uigpk(3),|371uigpk(3),|371uigpk(3),;30576,30043.6,30576,30043.6,0,0,0,0,1456.135432972291
371uigpk(3),|371uigpk(3),|371uigpk(3),|371uigpk(3),;30576,30043.6,30576,30043.6,0,0,0,0,1461.135432972291
371uigpk(3),|371uigpk(3),|371uigpk(3),|371uigpk(3),;30576,30043.6,30576,30043.6,0,0,0,0,1466.135432972291
371uigpk(3),|371uigpk(3),|371uigpk(3),|371uigpk(3),;30576,30043.6,30576,30043.6,0,0,0,0,1471.135432972291
371uigpk(3),|371uigpk(3),9uajxs(0),195vscdj(0),|371uigpk(3),195vscdj(0),|371uigpk(3),195vscdj(0),;30576,25896.4,29316.5,29413.8,0,23.38809888212,6.652889724782,3.864244362619,1476.135432972291
371uigpk(3),|371uigpk(3),9uajxs(2),195vscdj(1),|371uigpk(3),195vscdj(2),|371uigpk(3),;30576,25896.4,29316.5,30043.6,0,18.38809888212,1.652889724782,0,1481.135432972291
|195vscdj(2),||;31641,28492.2,31641,31641,0,13.38809888212,0,0,1486.135432972291
|195vscdj(2),||;31641,28492.2,31641,31641,0,8.38809888212,0,0,1491.135432972291
|195vscdj(3),||;31641,28492.2,31641,31641,0,3.38809888212,0,0,1496.135432972291
|195vscdj(3),||;31641,28492.2,31641,31641,0,0,0,0,1501.135432972291
|195vscdj(3),||;31641,28492.2,31641,31641,0,0,0,0,1506.135432972291
|195vscdj(3),||;31641,28492.2,31641,31641,0,0,0,0,1511.135432972291
|195vscdj(3),||;31641,28492.2,31641,31641,0,0,0,0,1516.135432972291
|195vscdj(3),||;31641,28492.2,31641,31641,0,0,0,0,1521.135432972291
195qxgav(2),|195qxgav(2),|195qxgav(2),|;29224.4,30432.7,30432.7,31641,9.230893490621,3.880321901432,3.880321901432,0,1526.135432972291
195qxgav(2),|||;29224.4,31641,31641,31641,4.230893490621,0,0,0,1531.135432972291
|||;31641,31641,31641,31641,0,0,0,0,1536.135432972291
|||;31641,31641,31641,31641,0,0,0,0,1541.135432972291
|||;31641,31641,31641,31641,0,0,0,0,1546.135432972291
|||;31641,31641,31641,31641,0,0,0,0,1551.135432972291
|||;31641,31641,31641,31641,0,0,0,0,1556.135432972291
|||;31641,31641,31641,31641,0,0,0,0,1561.135432972291
|||;31641,31641,31641,31641,0,0,0,0,1566.135432972291
|||;31641,31641,31641,31641,0,0,0,0,1571.135432972291
195rnfsg(2),||195rnfsg(2),|195rnfsg(2),;30012.8,31641,30012.8,30012.8,3.981152493735,0,3.981152493735,3.981152493735,1576.135432972291
195rnfsg(3),||195rnfsg(3),|195rnfsg(3),;30012.8,31641,30012.8,30012.8,0,0,0,0,1581.135432972291
195rnfsg(3),||195rnfsg(3),|195rnfsg(3),;30012.8,31641,30012.8,30012.8,0,0,0,0,1586.135432972291
195rnfsg(3),||195rnfsg(3),|195rnfsg(3),;30012.8,31641,30012.8,30012.8,0,0,0,0,1591.135432972291
195rnfsg(3),||195rnfsg(3),|195rnfsg(3),;30012.8,31641,30012.8,30012.8,0,0,0,0,1596.135432972291
195rnfsg(3),||195rnfsg(3),|195rnfsg(3),;30012.8,31641,30012.8,30012.8,0,0,0,0,1601.135432972291
195rnfsg(3),||195rnfsg(3),|195rnfsg(3),;30012.8,31641,30012.8,30012.8,0,0,0,0,1606.135432972291
195rnfsg(3),||195rnfsg(3),|195rnfsg(3),;30012.8,31641,30012.8,30012.8,0,0,0,0,1611.135432972291
195rnfsg(3),||195rnfsg(3),|195rnfsg(3),;30012.8,31641,30012.8,30012.8,0,0,0,0,1616.135432972291
195rnfsg(3),651hnvwl(2),|651hnvwl(2),|195rnfsg(3),651hnvwl(2),|195rnfsg(3),651hnvwl(2),;28732.8,29721,28092.8,28732.8,5.738908161026,8.572897350215,8.572897350215,5.738908161026,1621.135432972291
195rnfsg(3),651hnvwl(2),|651hnvwl(2),|195rnfsg(3),651hnvwl(2),|195rnfsg(3),651hnvwl(2),;28732.8,29721,28092.8,28732.8,0.738908161026,3.572897350215,3.572897350215,0.738908161026,1626.135432972291
|||;31641,31641,31641,31641,0,0,0,0,1631.135432972291
|||;31641,31641,31641,31641,0,0,0,0,1636.135432972291
|||;31641,31641,31641,31641,0,0,0,0,1641.135432972291
|147mnqzg(2),|147mnqzg(2),|147mnqzg(2),;31641,27770.3,31088,30535.1,0,15.601053636419,0.477653679662,2.998220339122,1646.135432972291
|147mnqzg(2),||;31641,27770.3,31641,31641,0,10.601053636419,0,0,1651.135432972291
|147mnqzg(2),||;31641,27770.3,31641,31641,0,5.601053636419,0,0,1656.135432972291
|147mnqzg(2),||;31641,27770.3,31641,31641,0,0.601053636419,0,0,1661.135432972291
|147mnqzg(3),||;31641,27770.3,31641,31641,0,0,0,0,1666.135432972291
651nxptv(0),|147mnqzg(3),651nxptv(0),|651nxptv(0),|651nxptv(0),;31047.1,27176.4,31047.1,31047.1,5.116037838932,5.116037838932,5.116037838932,5.116037838932,1671.135432972291
|147mnqzg(3),||;31641,27770.3,31641,31641,0.116037838932,0.116037838932,0.116037838932,0.116037838932,1676.135432972291
|147mnqzg(3),||;31641,27770.3,31641,31641,0,0,0,0,1681.135432972291
|147mnqzg(3),||;31641,27770.3,31641,31641,0,0,0,0,1686.135432972291
|147mnqzg(3),||;31641,27770.3,31641,31641,0,0,0,0,1691.135432972291
|147mnqzg(3),||;31641,27770.3,31641,31641,0,0,0,0,1696.135432972291
66hwaxf(2),|66hwaxf(2),|66hwaxf(2),|66hwaxf(2),;29726.1,29726.1,28768.7,28768.7,8.848732146264,8.848732146264,13.213046639957,13.213046639957,1701.135432972291
66hwaxf(2),|66hwaxf(2),|66hwaxf(2),|66hwaxf(2),;29726.1,29726.1,28768.7,28768.7,3.848732146264,3.848732146264,8.213046639957,8.213046639957,1706.135432972291
66hwaxf(3),|66hwaxf(3),|66hwaxf(2),|66hwaxf(2),;29726.1,29726.1,28768.7,28768.7,0,0,3.213046639957,3.213046639957,1711.135432972291
66hwaxf(3),|66hwaxf(3),|66hwaxf(3),|66hwaxf(3),;29726.1,29726.1,28768.7,28768.7,0,0,0,0,1716.135432972291
66hwaxf(3),|66hwaxf(3),|66hwaxf(3),|66hwaxf(3),;29726.1,29726.1,28768.7,28768.7,0,0,0,0,1721.135432972291
66hwaxf(3),|66hwaxf(3),|66hwaxf(3),|66hwaxf(3),;29726.1,29726.1,28768.7,28768.7,0,0,0,0,1726.135432972291
66hwaxf(3),|66hwaxf(3),|66hwaxf(3),|66hwaxf(3),;29726.1,29726.1,28768.7,28768.7,0,0,0,0,1731.135432972291
66hwaxf(3),|66hwaxf(3),|66hwaxf(3),|66hwaxf(3),;29726.1,29726.1,28768.7,28768.7,0,0,0,0,1736.135432972291
66hwaxf(3),|66hwaxf(3),|66hwaxf(3),|66hwaxf(3),;29726.1,29726.1,28768.7,28768.7,0,0,0,0,1741.135432972291
66hwaxf(3),|66hwaxf(3),|66hwaxf(3),|66hwaxf(3),;29726.1,29726.1,28768.7,28768.7,0,0,0,0,1746.135432972291
66hwaxf(3),|66hwaxf(3),|66hwaxf(3),|66hwaxf(3),;29726.1,29726.1,28768.7,28768.7,0,0,0,0,1751.135432972291
66hwaxf(3),|66hwaxf(3),|66hwaxf(3),|66hwaxf(3),;29726.1,29726.1,28768.7,28768.7,0,0,0,0,1756.135432972291
66hwaxf(3),|66hwaxf(3),|66hwaxf(3),|66hwaxf(3),;29726.1,29726.1,28768.7,28768.7,0,0,0,0,1761.135432972291
66hwaxf(3),|66hwaxf(3),|66hwaxf(3),|66hwaxf(3),;29726.1,29726.1,28768.7,28768.7,0,0,0,0,1766.135432972291
66hwaxf(3),|66hwaxf(3),|66hwaxf(3),|66hwaxf(3),;29726.1,29726.1,28768.7,28768.7,0,0,0,0,1771.135432972291
66hwaxf(3),|66hwaxf(3),|66hwaxf(3),|66hwaxf(3),;29726.1,29726.1,28768.7,28768.7,0,0,0,0,1776.135432972291
66hwaxf(3),|66hwaxf(3),|66hwaxf(3),|66hwaxf(3),;29726.1,29726.1,28768.7,28768.7,0,0,0,0,1781.135432972291
66hwaxf(3),|66hwaxf(3),|66hwaxf(3),|66hwaxf(3),;29726.1,29726.1,28768.7,28768.7,0,0,0,0,1786.135432972291
66hwaxf(3),|66hwaxf(3),|66hwaxf(3),|66hwaxf(3),;29726.1,29726.1,28768.7,28768.7,0,0,0,0,1791.135432972291
66hwaxf(3),|66hwaxf(3),|66hwaxf(3),|66hwaxf(3),;29726.1,29726.1,28768.7,28768.7,0,0,0,0,1796.135432972291
66hwaxf(3),|66hwaxf(3),|66hwaxf(3),|66hwaxf(3),;29726.1,29726.1,28768.7,28768.7,0,0,0,0,1801.135432972291
66hwaxf(3),|66hwaxf(3),|66hwaxf(3),|66hwaxf(3),;29726.1,29726.1,28768.7,28768.7,0,0,0,0,1806.135432972291
66hwaxf(3),|66hwaxf(3),|66hwaxf(3),|66hwaxf(3),;29726.1,29726.1,28768.7,28768.7,0,0,0,0,1811.135432972291
66hwaxf(3),|66hwaxf(3),|66hwaxf(3),|66hwaxf(3),;29726.1,29726.1,28768.7,28768.7,0,0,0,0,1816.135432972291
66hwaxf(3),|66hwaxf(3),|66hwaxf(3),|66hwaxf(3),;29726.1,29726.1,28768.7,28768.7,0,0,0,0,1821.135432972291
66hwaxf(3),|66hwaxf(3),|66hwaxf(3),|66hwaxf(3),;29726.1,29726.1,28768.7,28768.7,0,0,0,0,1826.135432972291
66hwaxf(3),|66hwaxf(3),|66hwaxf(3),|66hwaxf(3),;29726.1,29726.1,28768.7,28768.7,0,0,0,0,1831.135432972291
66hwaxf(3),|66hwaxf(3),|66hwaxf(3),|66hwaxf(3),;29726.1,29726.1,28768.7,28768.7,0,0,0,0,1836.135432972291
66hwaxf(3),|66hwaxf(3),|66hwaxf(3),|66hwaxf(3),;29726.1,29726.1,28768.7,28768.7,0,0,0,0,1841.135432972291
66hwaxf(3),|66hwaxf(3),|66hwaxf(3),|66hwaxf(3),;29726.1,29726.1,28768.7,28768.7,0,0,0,0,1846.135432972291
66hwaxf(3),|66hwaxf(3),|66hwaxf(3),|66hwaxf(3),;29726.1,29726.1,28768.7,28768.7,0,0,0,0,1851.135432972291
66hwaxf(3),|66hwaxf(3),|66hwaxf(3),|66hwaxf(3),;29726.1,29726.1,28768.7,28768.7,0,0,0,0,1856.135432972291
66hwaxf(3),517bsdkt(0),|66hwaxf(3),517bsdkt(0),|66hwaxf(3),517bsdkt(0),|66hwaxf(3),517bsdkt(0),;27770.3,28748.2,26812.9,27790.8,13.004591457189,8.546922642775,13.004591457189,8.546922642775,1861.135432972291
66hwaxf(3),517bsdkt(2),|66hwaxf(3),517bsdkt(2),|66hwaxf(3),517bsdkt(2),|66hwaxf(3),517bsdkt(2),;27770.3,28748.2,26812.9,27790.8,8.004591457189,3.546922642775,8.004591457189,3.546922642775,1866.135432972291
66hwaxf(3),517bsdkt(2),|66hwaxf(3),517bsdkt(3),|66hwaxf(3),517bsdkt(2),|66hwaxf(3),517bsdkt(3),;27770.3,28748.2,26812.9,27790.8,3.004591457189,0,3.004591457189,0,1871.135432972291
66hwaxf(3),517bsdkt(3),|66hwaxf(3),517bsdkt(3),|66hwaxf(3),517bsdkt(3),|66hwaxf(3),517bsdkt(3),;27770.3,28748.2,26812.9,27790.8,0,0,0,0,1876.135432972291
66hwaxf(3),517bsdkt(3),|66hwaxf(3),517bsdkt(3),|66hwaxf(3),517bsdkt(3),|66hwaxf(3),517bsdkt(3),;27770.3,28748.2,26812.9,27790.8,0,0,0,0,1881.135432972291
66hwaxf(3),517bsdkt(3),|66hwaxf(3),517bsdkt(3),|66hwaxf(3),517bsdkt(3),|66hwaxf(3),517bsdkt(3),;27770.3,28748.2,26812.9,27790.8,0,0,0,0,1886.135432972291
66hwaxf(3),517bsdkt(3),|66hwaxf(3),517bsdkt(3),|66hwaxf(3),517bsdkt(3),|66hwaxf(3),517bsdkt(3),;27770.3,28748.2,26812.9,27790.8,0,0,0,0,1891.135432972291
66hwaxf(3),517bsdkt(3),|66hwaxf(3),517bsdkt(3),|66hwaxf(3),517bsdkt(3),|66hwaxf(3),517bsdkt(3),;27770.3,28748.2,26812.9,27790.8,0,0,0,0,1896.135432972291
66hwaxf(3),517bsdkt(3),|66hwaxf(3),517bsdkt(3),|66hwaxf(3),517bsdkt(3),|66hwaxf(3),517bsdkt(3),;27770.3,28748.2,26812.9,27790.8,0,0,0,0,1901.135432972291
66hwaxf(3),517bsdkt(3),|66hwaxf(3),517bsdkt(3),|66hwaxf(3),517bsdkt(3),|66hwaxf(3),517bsdkt(3),;27770.3,28748.2,26812.9,27790.8,0,0,0,0,1906.135432972291
66hwaxf(3),|66hwaxf(3),|66hwaxf(3),|66hwaxf(3),;29726.1,29726.1,28768.7,28768.7,0,0,0,0,1911.135432972291
66hwaxf(3),|66hwaxf(3),|66hwaxf(3),|66hwaxf(3),;29726.1,29726.1,28768.7,28768.7,0,0,0,0,1916.135432972291
66hwaxf(3),|66hwaxf(3),|66hwaxf(3),|66hwaxf(3),;29726.1,29726.1,28768.7,28768.7,0,0,0,0,1921.135432972291
66hwaxf(3),|66hwaxf(3),|66hwaxf(3),|66hwaxf(3),;29726.1,29726.1,28768.7,28768.7,0,0,0,0,1926.135432972291
66hwaxf(3),|66hwaxf(3),|66hwaxf(3),|66hwaxf(3),;29726.1,29726.1,28768.7,28768.7,0,0,0,0,1931.135432972291
66hwaxf(3),|66hwaxf(3),|66hwaxf(3),|66hwaxf(3),;29726.1,29726.1,28768.7,28768.7,0,0,0,0,1936.135432972291
66hwaxf(3),|66hwaxf(3),|66hwaxf(3),|66hwaxf(3),;29726.1,29726.1,28768.7,28768.7,0,0,0,0,1941.135432972291
66hwaxf(3),|66hwaxf(3),|66hwaxf(3),|66hwaxf(3),;29726.1,29726.1,28768.7,28768.7,0,0,0,0,1946.135432972291
66hwaxf(3),|66hwaxf(3),|66hwaxf(3),|66hwaxf(3),;29726.1,29726.1,28768.7,28768.7,0,0,0,0,1951.135432972291
66hwaxf(3),|66hwaxf(3),|66hwaxf(3),|66hwaxf(3),;29726.1,29726.1,28768.7,28768.7,0,0,0,0,1956.135432972291
66hwaxf(3),|66hwaxf(3),|66hwaxf(3),|66hwaxf(3),;29726.1,29726.1,28768.7,28768.7,0,0,0,0,1961.135432972291
66hwaxf(3),|66hwaxf(3),|66hwaxf(3),|66hwaxf(3),;29726.1,29726.1,28768.7,28768.7,0,0,0,0,1966.135432972291
66hwaxf(3),|66hwaxf(3),|66hwaxf(3),|66hwaxf(3),;29726.1,29726.1,28768.7,28768.7,0,0,0,0,1971.135432972291
66hwaxf(3),|66hwaxf(3),|66hwaxf(3),|66hwaxf(3),;29726.1,29726.1,28768.7,28768.7,0,0,0,0,1976.135432972291
66hwaxf(3),|66hwaxf(3),|66hwaxf(3),|66hwaxf(3),;29726.1,29726.1,28768.7,28768.7,0,0,0,0,1981.135432972291
66hwaxf(3),|66hwaxf(3),|66hwaxf(3),|66hwaxf(3),;29726.1,29726.1,28768.7,28768.7,0,0,0,0,1986.135432972291
66hwaxf(3),|66hwaxf(3),|66hwaxf(3),|66hwaxf(3),;29726.1,29726.1,28768.7,28768.7,0,0,0,0,1991.135432972291
66hwaxf(3),|66hwaxf(3),|66hwaxf(3),|66hwaxf(3),;29726.1,29726.1,28768.7,28768.7,0,0,0,0,1996.135432972291
