|||;23040,23040,23040,23040,0,0,0,0,1.125214711206
|||;23040,23040,23040,23040,0,0,0,0,6.125214711206
|||;23040,23040,23040,23040,0,0,0,0,11.125214711206
|||;23040,23040,23040,23040,0,0,0,0,16.125214711206
|||;23040,23040,23040,23040,0,0,0,0,21.125214711206
|||;23040,23040,23040,23040,0,0,0,0,26.125214711206
|||;23040,23040,23040,23040,0,0,0,0,31.125214711206
|||;23040,23040,23040,23040,0,0,0,0,36.125214711206
|||;23040,23040,23040,23040,0,0,0,0,41.125214711206
|||;23040,23040,23040,23040,0,0,0,0,46.125214711206
|||;23040,23040,23040,23040,0,0,0,0,51.125214711206
|||;23040,23040,23040,23040,0,0,0,0,56.125214711206
|||;23040,23040,23040,23040,0,0,0,0,61.125214711206
|||;23040,23040,23040,23040,0,0,0,0,66.125214711206
|||;23040,23040,23040,23040,0,0,0,0,71.125214711206
|||;23040,23040,23040,23040,0,0,0,0,76.125214711206
|||;23040,23040,23040,23040,0,0,0,0,81.125214711206
|||;23040,23040,23040,23040,0,0,0,0,86.125214711206
|||;23040,23040,23040,23040,0,0,0,0,91.125214711206
|||;23040,23040,23040,23040,0,0,0,0,96.125214711206
|||;23040,23040,23040,23040,0,0,0,0,101.125214711206
|||;23040,23040,23040,23040,0,0,0,0,106.125214711206
|||;23040,23040,23040,23040,0,0,0,0,111.125214711206
|||;23040,23040,23040,23040,0,0,0,0,116.125214711206
|||;23040,23040,23040,23040,0,0,0,0,121.125214711206
|||;23040,23040,23040,23040,0,0,0,0,126.125214711206
|||;23040,23040,23040,23040,0,0,0,0,131.125214711206
|||;23040,23040,23040,23040,0,0,0,0,136.125214711206
|||;23040,23040,23040,23040,0,0,0,0,141.125214711206
|||;23040,23040,23040,23040,0,0,0,0,146.125214711206
|||;23040,23040,23040,23040,0,0,0,0,151.125214711206
|||;23040,23040,23040,23040,0,0,0,0,156.125214711206
|||;23040,23040,23040,23040,0,0,0,0,161.125214711206
|||;23040,23040,23040,23040,0,0,0,0,166.125214711206
|||;23040,23040,23040,23040,0,0,0,0,171.125214711206
|||;23040,23040,23040,23040,0,0,0,0,176.125214711206
|||;23040,23040,23040,23040,0,0,0,0,181.125214711206
|||;23040,23040,23040,23040,0,0,0,0,186.125214711206
|||;23040,23040,23040,23040,0,0,0,0,191.125214711206
|||;23040,23040,23040,23040,0,0,0,0,196.125214711206
|||;23040,23040,23040,23040,0,0,0,0,201.125214711206
|||;23040,23040,23040,23040,0,0,0,0,206.125214711206
|||;23040,23040,23040,23040,0,0,0,0,211.125214711206
|||;23040,23040,23040,23040,0,0,0,0,216.125214711206
|||;23040,23040,23040,23040,0,0,0,0,221.125214711206
|||;23040,23040,23040,23040,0,0,0,0,226.125214711206
|||;23040,23040,23040,23040,0,0,0,0,231.125214711206
|||;23040,23040,23040,23040,0,0,0,0,236.125214711206
|||;23040,23040,23040,23040,0,0,0,0,241.125214711206
|||;23040,23040,23040,23040,0,0,0,0,246.125214711206
|||;23040,23040,23040,23040,0,0,0,0,251.125214711206
|||;23040,23040,23040,23040,0,0,0,0,256.125214711206
|||;23040,23040,23040,23040,0,0,0,0,261.125214711206
|||;23040,23040,23040,23040,0,0,0,0,266.125214711206
|||;23040,23040,23040,23040,0,0,0,0,271.125214711206
|||;23040,23040,23040,23040,0,0,0,0,276.125214711206
|||;23040,23040,23040,23040,0,0,0,0,281.125214711206
|||;23040,23040,23040,23040,0,0,0,0,286.125214711206
|||;23040,23040,23040,23040,0,0,0,0,291.125214711206
|||;23040,23040,23040,23040,0,0,0,0,296.125214711206
|||;23040,23040,23040,23040,0,0,0,0,301.125214711206
|||;23040,23040,23040,23040,0,0,0,0,306.125214711206
|||;23040,23040,23040,23040,0,0,0,0,311.125214711206
|||;23040,23040,23040,23040,0,0,0,0,316.125214711206
|||;23040,23040,23040,23040,0,0,0,0,321.125214711206
|||;23040,23040,23040,23040,0,0,0,0,326.125214711206
|||;23040,23040,23040,23040,0,0,0,0,331.125214711206
|||;23040,23040,23040,23040,0,0,0,0,336.125214711206
|||;23040,23040,23040,23040,0,0,0,0,341.125214711206
|||;23040,23040,23040,23040,0,0,0,0,346.125214711206
|||;23040,23040,23040,23040,0,0,0,0,351.125214711206
|||;23040,23040,23040,23040,0,0,0,0,356.125214711206
|||;23040,23040,23040,23040,0,0,0,0,361.125214711206
|||;23040,23040,23040,23040,0,0,0,0,366.125214711206
|||;23040,23040,23040,23040,0,0,0,0,371.125214711206
|||;23040,23040,23040,23040,0,0,0,0,376.125214711206
|||;23040,23040,23040,23040,0,0,0,0,381.125214711206
|||;23040,23040,23040,23040,0,0,0,0,386.125214711206
|||;23040,23040,23040,23040,0,0,0,0,391.125214711206
|||;23040,23040,23040,23040,0,0,0,0,396.125214711206
|||;23040,23040,23040,23040,0,0,0,0,401.125214711206
|||;23040,23040,23040,23040,0,0,0,0,406.125214711206
|||;23040,23040,23040,23040,0,0,0,0,411.125214711206
|||;23040,23040,23040,23040,0,0,0,0,416.125214711206
|||;23040,23040,23040,23040,0,0,0,0,421.125214711206
|||;23040,23040,23040,23040,0,0,0,0,426.125214711206
|||;23040,23040,23040,23040,0,0,0,0,431.125214711206
|||;23040,23040,23040,23040,0,0,0,0,436.125214711206
|||;23040,23040,23040,23040,0,0,0,0,441.125214711206
|||;23040,23040,23040,23040,0,0,0,0,446.125214711206
|||;23040,23040,23040,23040,0,0,0,0,451.125214711206
|||;23040,23040,23040,23040,0,0,0,0,456.125214711206
|||;23040,23040,23040,23040,0,0,0,0,461.125214711206
|||;23040,23040,23040,23040,0,0,0,0,466.125214711206
|||;23040,23040,23040,23040,0,0,0,0,471.125214711206
|||;23040,23040,23040,23040,0,0,0,0,476.125214711206
|||;23040,23040,23040,23040,0,0,0,0,481.125214711206
|||;23040,23040,23040,23040,0,0,0,0,486.125214711206
|||;23040,23040,23040,23040,0,0,0,0,491.125214711206
|||;23040,23040,23040,23040,0,0,0,0,496.125214711206
|||;23040,23040,23040,23040,0,0,0,0,501.125214711206
|||;23040,23040,23040,23040,0,0,0,0,506.125214711206
|||;23040,23040,23040,23040,0,0,0,0,511.125214711206
|||;23040,23040,23040,23040,0,0,0,0,516.125214711206
|||;23040,23040,23040,23040,0,0,0,0,521.125214711206
|||;23040,23040,23040,23040,0,0,0,0,526.125214711206
|||;23040,23040,23040,23040,0,0,0,0,531.125214711206
|||;23040,23040,23040,23040,0,0,0,0,536.125214711206
|||;23040,23040,23040,23040,0,0,0,0,541.125214711206
|||;23040,23040,23040,23040,0,0,0,0,546.125214711206
|||;23040,23040,23040,23040,0,0,0,0,551.125214711206
|||;23040,23040,23040,23040,0,0,0,0,556.125214711206
|||;23040,23040,23040,23040,0,0,0,0,561.125214711206
|||;23040,23040,23040,23040,0,0,0,0,566.125214711206
|||;23040,23040,23040,23040,0,0,0,0,571.125214711206
|||;23040,23040,23040,23040,0,0,0,0,576.125214711206
|||;23040,23040,23040,23040,0,0,0,0,581.125214711206
868vhqxp(2),|868vhqxp(2),|868vhqxp(2),|868vhqxp(2),;20828.2,21565.4,20828.2,21565.4,6.823429706931,3.411114588287,6.823429706931,3.411114588287,586.125214711206
868vhqxp(2),||868vhqxp(2),|;20828.2,23040,20828.2,23040,1.823429706931,0,1.823429706931,0,591.125214711206
|||;23040,23040,23040,23040,0,0,0,0,596.125214711206
|||;23040,23040,23040,23040,0,0,0,0,601.125214711206
|||;23040,23040,23040,23040,0,0,0,0,606.125214711206
|||;23040,23040,23040,23040,0,0,0,0,611.125214711206
|||;23040,23040,23040,23040,0,0,0,0,616.125214711206
104wasry(2),|104wasry(2),|104wasry(2),|;22348.8,20275.2,20275.2,23040,1.962575020545,11.559711291731,11.559711291731,0,621.125214711206
|104wasry(2),|104wasry(2),|;23040,20275.2,20275.2,23040,0,6.559711291731,6.559711291731,0,626.125214711206
|104wasry(2),|104wasry(2),|;23040,20275.2,20275.2,23040,0,1.559711291731,1.559711291731,0,631.125214711206
|||;23040,23040,23040,23040,0,0,0,0,636.125214711206
|||;23040,23040,23040,23040,0,0,0,0,641.125214711206
|||;23040,23040,23040,23040,0,0,0,0,646.125214711206
|||;23040,23040,23040,23040,0,0,0,0,651.125214711206
|||;23040,23040,23040,23040,0,0,0,0,656.125214711206
|||;23040,23040,23040,23040,0,0,0,0,661.125214711206
|||;23040,23040,23040,23040,0,0,0,0,666.125214711206
|||;23040,23040,23040,23040,0,0,0,0,671.125214711206
||117zwysn(2),|117zwysn(2),;23040,23040,22282.2,22282.2,0,0,2.881511496861,2.881511496861,676.125214711206
|||;23040,23040,23040,23040,0,0,0,0,681.125214711206
|||;23040,23040,23040,23040,0,0,0,0,686.125214711206
|||;23040,23040,23040,23040,0,0,0,0,691.125214711206
|||;23040,23040,23040,23040,0,0,0,0,696.125214711206
|||;23040,23040,23040,23040,0,0,0,0,701.125214711206
|||;23040,23040,23040,23040,0,0,0,0,706.125214711206
|||;23040,23040,23040,23040,0,0,0,0,711.125214711206
|||;23040,23040,23040,23040,0,0,0,0,716.125214711206
|||137xkafg(2),;23040,23040,23040,15544.3,0,0,0,34.294874235759,721.125214711206
|||137xkafg(2),;23040,23040,23040,15544.3,0,0,0,29.294874235759,726.125214711206
|||137xkafg(2),;23040,23040,23040,15544.3,0,0,0,24.294874235759,731.125214711206
|||137xkafg(2),;23040,23040,23040,15544.3,0,0,0,19.294874235759,736.125214711206
|||137xkafg(2),;23040,23040,23040,15544.3,0,0,0,14.294874235759,741.125214711206
|||137xkafg(2),;23040,23040,23040,15544.3,0,0,0,9.294874235759,746.125214711206
|||137xkafg(2),;23040,23040,23040,15544.3,0,0,0,4.294874235759,751.125214711206
186cztos(2),|186cztos(2),|186cztos(2),|137xkafg(3),186cztos(2),;21504,22272,21504,13240.3,4.852776048898,1.298281133644,4.852776048898,13.657980911117,756.125214711206
|||137xkafg(3),186cztos(2),;23040,23040,23040,13240.3,0,0,0,8.657980911117,761.125214711206
|||137xkafg(3),;23040,23040,23040,15544.3,0,0,0,3.657980911117,766.125214711206
|||137xkafg(3),;23040,23040,23040,15544.3,0,0,0,0,771.125214711206
|||137xkafg(3),;23040,23040,23040,15544.3,0,0,0,0,776.125214711206
|||137xkafg(3),;23040,23040,23040,15544.3,0,0,0,0,781.125214711206
|||137xkafg(3),;23040,23040,23040,15544.3,0,0,0,0,786.125214711206
|||137xkafg(3),;23040,23040,23040,15544.3,0,0,0,0,791.125214711206
|||137xkafg(3),;23040,23040,23040,15544.3,0,0,0,0,796.125214711206
|||137xkafg(3),;23040,23040,23040,15544.3,0,0,0,0,801.125214711206
|||137xkafg(3),;23040,23040,23040,15544.3,0,0,0,0,806.125214711206
|||137xkafg(3),;23040,23040,23040,15544.3,0,0,0,0,811.125214711206
|||137xkafg(3),;23040,23040,23040,15544.3,0,0,0,0,816.125214711206
|||137xkafg(3),;23040,23040,23040,15544.3,0,0,0,0,821.125214711206
|||137xkafg(3),;23040,23040,23040,15544.3,0,0,0,0,826.125214711206
|||137xkafg(3),;23040,23040,23040,15544.3,0,0,0,0,831.125214711206
|||137xkafg(3),;23040,23040,23040,15544.3,0,0,0,0,836.125214711206
|||137xkafg(3),;23040,23040,23040,15544.3,0,0,0,0,841.125214711206
|||137xkafg(3),;23040,23040,23040,15544.3,0,0,0,0,846.125214711206
|||137xkafg(3),;23040,23040,23040,15544.3,0,0,0,0,851.125214711206
|||137xkafg(3),;23040,23040,23040,15544.3,0,0,0,0,856.125214711206
|||137xkafg(3),;23040,23040,23040,15544.3,0,0,0,0,861.125214711206
540ewbmz(0),|540ewbmz(0),|540ewbmz(0),|137xkafg(3),540ewbmz(0),;21678.1,21678.1,20997.1,13501.4,8.608083271643,8.608083271643,11.937068763168,11.937068763168,866.125214711206
540ewbmz(2),|540ewbmz(2),|540ewbmz(2),|137xkafg(3),540ewbmz(2),;21678.1,21678.1,20997.1,13501.4,3.608083271643,3.608083271643,6.937068763168,6.937068763168,871.125214711206
540ewbmz(3),|540ewbmz(3),|540ewbmz(2),|137xkafg(3),540ewbmz(2),;21678.1,21678.1,20997.1,13501.4,0,0,1.937068763168,1.937068763168,876.125214711206
540ewbmz(3),93alfxb(0),|540ewbmz(3),93alfxb(0),|540ewbmz(3),93alfxb(0),|137xkafg(3),540ewbmz(3),93alfxb(0),;18790.4,18790.4,20034.5,11576.3,18.449856040685,18.449856040685,9.327927927488,13.908228221274,881.125214711206
540ewbmz(3),93alfxb(2),|540ewbmz(3),93alfxb(2),|540ewbmz(3),93alfxb(2),|137xkafg(3),540ewbmz(3),93alfxb(2),738htzql(1),;18790.4,18790.4,20034.5,9016.3,13.449856040685,13.449856040685,4.327927927488,23.791628044911,886.125214711206
540ewbmz(3),93alfxb(2),64jruhc(0),|540ewbmz(3),93alfxb(2),64jruhc(0),|540ewbmz(3),93alfxb(3),64jruhc(0),|137xkafg(3),540ewbmz(3),93alfxb(2),738htzql(1),64jruhc(0),;17792,15795.2,18037.7,8017.9,17.814876515241,27.056563294902,13.313791791875,28.156648519467,891.125214711206
540ewbmz(3),93alfxb(2),64jruhc(1),|540ewbmz(3),93alfxb(2),64jruhc(1),|540ewbmz(3),93alfxb(3),64jruhc(2),|137xkafg(3),540ewbmz(3),93alfxb(3),738htzql(2),64jruhc(1),;17792,15795.2,18037.7,8017.9,12.814876515241,22.056563294902,8.313791791875,23.156648519467,896.125214711206
540ewbmz(3),93alfxb(3),64jruhc(2),|540ewbmz(3),93alfxb(3),64jruhc(2),|540ewbmz(3),93alfxb(3),64jruhc(2),|137xkafg(3),540ewbmz(3),93alfxb(3),738htzql(2),64jruhc(1),;17792,15795.2,18037.7,8017.9,7.814876515241,17.056563294902,3.313791791875,18.156648519467,901.125214711206
540ewbmz(3),93alfxb(3),64jruhc(3),|540ewbmz(3),93alfxb(3),64jruhc(2),|540ewbmz(3),93alfxb(3),|137xkafg(3),540ewbmz(3),93alfxb(3),738htzql(2),64jruhc(1),;17792,15795.2,20034.5,8017.9,2.814876515241,12.056563294902,0,13.156648519467,906.125214711206
540ewbmz(3),93alfxb(3),64jruhc(3),|540ewbmz(3),93alfxb(3),64jruhc(2),|540ewbmz(3),93alfxb(3),|137xkafg(3),540ewbmz(3),93alfxb(3),738htzql(3),64jruhc(2),;17792,15795.2,20034.5,8017.9,0,7.056563294902,0,8.156648519467,911.125214711206
540ewbmz(3),93alfxb(3),64jruhc(3),|540ewbmz(3),93alfxb(3),64jruhc(3),|540ewbmz(3),93alfxb(3),|137xkafg(3),540ewbmz(3),93alfxb(3),738htzql(3),64jruhc(3),;17792,15795.2,20034.5,8017.9,0,2.056563294902,0,3.156648519467,916.125214711206
540ewbmz(3),93alfxb(3),64jruhc(3),|540ewbmz(3),93alfxb(3),64jruhc(3),|540ewbmz(3),93alfxb(3),|137xkafg(3),540ewbmz(3),93alfxb(3),738htzql(3),64jruhc(3),;17792,15795.2,20034.5,8017.9,0,0,0,0,921.125214711206
540ewbmz(3),93alfxb(3),64jruhc(3),|540ewbmz(3),93alfxb(3),64jruhc(3),|540ewbmz(3),93alfxb(3),|137xkafg(3),540ewbmz(3),93alfxb(3),738htzql(3),64jruhc(3),;17792,15795.2,20034.5,8017.9,0,0,0,0,926.125214711206
540ewbmz(3),93alfxb(3),64jruhc(3),|540ewbmz(3),93alfxb(3),64jruhc(3),|540ewbmz(3),93alfxb(3),|137xkafg(3),540ewbmz(3),93alfxb(3),738htzql(3),64jruhc(3),;17792,15795.2,20034.5,8017.9,0,0,0,0,931.125214711206
540ewbmz(3),93alfxb(3),64jruhc(3),|540ewbmz(3),93alfxb(3),64jruhc(3),|540ewbmz(3),93alfxb(3),|137xkafg(3),540ewbmz(3),93alfxb(3),738htzql(3),64jruhc(3),;17792,15795.2,20034.5,8017.9,0,0,0,0,936.125214711206
540ewbmz(3),93alfxb(3),64jruhc(3),|540ewbmz(3),93alfxb(3),64jruhc(3),|540ewbmz(3),93alfxb(3),|137xkafg(3),540ewbmz(3),93alfxb(3),738htzql(3),64jruhc(3),;17792,15795.2,20034.5,8017.9,0,0,0,0,941.125214711206
540ewbmz(3),93alfxb(3),64jruhc(3),|540ewbmz(3),93alfxb(3),64jruhc(3),|540ewbmz(3),93alfxb(3),|137xkafg(3),540ewbmz(3),93alfxb(3),738htzql(3),64jruhc(3),;17792,15795.2,20034.5,8017.9,0,0,0,0,946.125214711206
540ewbmz(3),93alfxb(3),64jruhc(3),|540ewbmz(3),93alfxb(3),64jruhc(3),|540ewbmz(3),93alfxb(3),|137xkafg(3),540ewbmz(3),93alfxb(3),738htzql(3),64jruhc(3),;17792,15795.2,20034.5,8017.9,0,0,0,0,951.125214711206
540ewbmz(3),93alfxb(3),64jruhc(3),|540ewbmz(3),93alfxb(3),64jruhc(3),|540ewbmz(3),93alfxb(3),|137xkafg(3),540ewbmz(3),93alfxb(3),738htzql(3),64jruhc(3),;17792,15795.2,20034.5,8017.9,0,0,0,0,956.125214711206
540ewbmz(3),93alfxb(3),64jruhc(3),|540ewbmz(3),93alfxb(3),64jruhc(3),|540ewbmz(3),93alfxb(3),|137xkafg(3),540ewbmz(3),93alfxb(3),738htzql(3),64jruhc(3),;17792,15795.2,20034.5,8017.9,0,0,0,0,961.125214711206
540ewbmz(3),93alfxb(3),64jruhc(3),|540ewbmz(3),93alfxb(3),64jruhc(3),|540ewbmz(3),93alfxb(3),|137xkafg(3),540ewbmz(3),93alfxb(3),738htzql(3),64jruhc(3),;17792,15795.2,20034.5,8017.9,0,0,0,0,966.125214711206
540ewbmz(3),93alfxb(3),64jruhc(3),|540ewbmz(3),93alfxb(3),64jruhc(3),|540ewbmz(3),93alfxb(3),|137xkafg(3),540ewbmz(3),93alfxb(3),738htzql(3),64jruhc(3),;17792,15795.2,20034.5,8017.9,0,0,0,0,971.125214711206
540ewbmz(3),93alfxb(3),64jruhc(3),|540ewbmz(3),93alfxb(3),64jruhc(3),|540ewbmz(3),93alfxb(3),|137xkafg(3),540ewbmz(3),93alfxb(3),738htzql(3),64jruhc(3),;17792,15795.2,20034.5,8017.9,0,0,0,0,976.125214711206
540ewbmz(3),93alfxb(3),64jruhc(3),|540ewbmz(3),93alfxb(3),64jruhc(3),|540ewbmz(3),93alfxb(3),|137xkafg(3),540ewbmz(3),93alfxb(3),738htzql(3),64jruhc(3),;17792,15795.2,20034.5,8017.9,0,0,0,0,981.125214711206
540ewbmz(3),64jruhc(3),|540ewbmz(3),64jruhc(3),|540ewbmz(3),|137xkafg(3),540ewbmz(3),738htzql(3),64jruhc(3),;20679.7,18682.9,20997.1,9943.02,0,0,0,0,986.125214711206
540ewbmz(3),64jruhc(3),|540ewbmz(3),64jruhc(3),|540ewbmz(3),|137xkafg(3),540ewbmz(3),738htzql(3),64jruhc(3),;20679.7,18682.9,20997.1,9943.02,0,0,0,0,991.125214711206
540ewbmz(3),64jruhc(3),|540ewbmz(3),64jruhc(3),|540ewbmz(3),|137xkafg(3),540ewbmz(3),738htzql(3),64jruhc(3),;20679.7,18682.9,20997.1,9943.02,0,0,0,0,996.125214711206
540ewbmz(3),64jruhc(3),|540ewbmz(3),64jruhc(3),|540ewbmz(3),|137xkafg(3),540ewbmz(3),738htzql(3),64jruhc(3),;20679.7,18682.9,20997.1,9943.02,0,0,0,0,1001.125214711206
540ewbmz(3),64jruhc(3),|540ewbmz(3),64jruhc(3),|540ewbmz(3),|137xkafg(3),540ewbmz(3),738htzql(3),64jruhc(3),;20679.7,18682.9,20997.1,9943.02,0,0,0,0,1006.125214711206
540ewbmz(3),64jruhc(3),|540ewbmz(3),64jruhc(3),|540ewbmz(3),|137xkafg(3),540ewbmz(3),738htzql(3),64jruhc(3),;20679.7,18682.9,20997.1,9943.02,0,0,0,0,1011.125214711206
540ewbmz(3),64jruhc(3),|540ewbmz(3),64jruhc(3),|540ewbmz(3),|137xkafg(3),540ewbmz(3),738htzql(3),64jruhc(3),;20679.7,18682.9,20997.1,9943.02,0,0,0,0,1016.125214711206
540ewbmz(3),64jruhc(3),|540ewbmz(3),64jruhc(3),|540ewbmz(3),|137xkafg(3),540ewbmz(3),738htzql(3),64jruhc(3),;20679.7,18682.9,20997.1,9943.02,0,0,0,0,1021.125214711206
540ewbmz(3),64jruhc(3),|540ewbmz(3),64jruhc(3),|540ewbmz(3),|137xkafg(3),540ewbmz(3),738htzql(3),64jruhc(3),;20679.7,18682.9,20997.1,9943.02,0,0,0,0,1026.125214711206
540ewbmz(3),64jruhc(3),|540ewbmz(3),64jruhc(3),|540ewbmz(3),|137xkafg(3),540ewbmz(3),738htzql(3),64jruhc(3),;20679.7,18682.9,20997.1,9943.02,0,0,0,0,1031.125214711206
540ewbmz(3),64jruhc(3),|540ewbmz(3),64jruhc(3),|540ewbmz(3),|137xkafg(3),540ewbmz(3),738htzql(3),64jruhc(3),;20679.7,18682.9,20997.1,9943.02,0,0,0,0,1036.125214711206
540ewbmz(3),64jruhc(3),|540ewbmz(3),64jruhc(3),|540ewbmz(3),|137xkafg(3),540ewbmz(3),738htzql(3),64jruhc(3),;20679.7,18682.9,20997.1,9943.02,0,0,0,0,1041.125214711206
540ewbmz(3),64jruhc(3),|540ewbmz(3),64jruhc(3),|540ewbmz(3),|137xkafg(3),540ewbmz(3),738htzql(3),64jruhc(3),;20679.7,18682.9,20997.1,9943.02,0,0,0,0,1046.125214711206
540ewbmz(3),64jruhc(3),|540ewbmz(3),64jruhc(3),|540ewbmz(3),|137xkafg(3),540ewbmz(3),738htzql(3),64jruhc(3),;20679.7,18682.9,20997.1,9943.02,0,0,0,0,1051.125214711206
540ewbmz(3),64jruhc(3),|540ewbmz(3),64jruhc(3),|540ewbmz(3),|137xkafg(3),540ewbmz(3),738htzql(3),64jruhc(3),;20679.7,18682.9,20997.1,9943.02,0,0,0,0,1056.125214711206
540ewbmz(3),64jruhc(3),|540ewbmz(3),64jruhc(3),|540ewbmz(3),|137xkafg(3),540ewbmz(3),738htzql(3),64jruhc(3),;20679.7,18682.9,20997.1,9943.02,0,0,0,0,1061.125214711206
540ewbmz(3),64jruhc(3),738lifuy(0),|540ewbmz(3),64jruhc(3),|540ewbmz(3),|137xkafg(3),540ewbmz(3),738htzql(3),64jruhc(3),;20157.5,18682.9,20997.1,9943.02,4.789638064369,0,0,0,1066.125214711206
540ewbmz(3),64jruhc(3),|540ewbmz(3),64jruhc(3),|540ewbmz(3),|137xkafg(3),540ewbmz(3),64jruhc(3),;20679.7,18682.9,20997.1,12503,0,0,0,0,1071.125214711206
540ewbmz(3),|540ewbmz(3),|540ewbmz(3),|137xkafg(3),540ewbmz(3),;21678.1,21678.1,20997.1,13501.4,0,0,0,0,1076.125214711206
540ewbmz(3),|540ewbmz(3),|540ewbmz(3),|137xkafg(3),540ewbmz(3),;21678.1,21678.1,20997.1,13501.4,0,0,0,0,1081.125214711206
540ewbmz(3),|540ewbmz(3),|540ewbmz(3),|137xkafg(3),540ewbmz(3),;21678.1,21678.1,20997.1,13501.4,0,0,0,0,1086.125214711206
540ewbmz(3),|540ewbmz(3),|540ewbmz(3),|137xkafg(3),540ewbmz(3),;21678.1,21678.1,20997.1,13501.4,0,0,0,0,1091.125214711206
540ewbmz(3),|540ewbmz(3),|540ewbmz(3),|137xkafg(3),540ewbmz(3),;21678.1,21678.1,20997.1,13501.4,0,0,0,0,1096.125214711206
540ewbmz(3),|540ewbmz(3),|540ewbmz(3),|137xkafg(3),540ewbmz(3),;21678.1,21678.1,20997.1,13501.4,0,0,0,0,1101.125214711206
540ewbmz(3),|540ewbmz(3),|540ewbmz(3),|540ewbmz(3),;21678.1,21678.1,20997.1,20997.1,0,0,0,0,1106.125214711206
540ewbmz(3),|540ewbmz(3),|540ewbmz(3),|540ewbmz(3),;21678.1,21678.1,20997.1,20997.1,0,0,0,0,1111.125214711206
540ewbmz(3),|540ewbmz(3),|540ewbmz(3),|540ewbmz(3),;21678.1,21678.1,20997.1,20997.1,0,0,0,0,1116.125214711206
540ewbmz(3),|540ewbmz(3),|540ewbmz(3),|540ewbmz(3),;21678.1,21678.1,20997.1,20997.1,0,0,0,0,1121.125214711206
540ewbmz(3),|540ewbmz(3),|540ewbmz(3),|540ewbmz(3),;21678.1,21678.1,20997.1,20997.1,0,0,0,0,1126.125214711206
540ewbmz(3),|540ewbmz(3),|540ewbmz(3),|540ewbmz(3),;21678.1,21678.1,20997.1,20997.1,0,0,0,0,1131.125214711206
540ewbmz(3),|540ewbmz(3),|540ewbmz(3),|540ewbmz(3),;21678.1,21678.1,20997.1,20997.1,0,0,0,0,1136.125214711206
540ewbmz(3),|540ewbmz(3),|540ewbmz(3),|540ewbmz(3),;21678.1,21678.1,20997.1,20997.1,0,0,0,0,1141.125214711206
540ewbmz(3),|540ewbmz(3),|540ewbmz(3),|540ewbmz(3),;21678.1,21678.1,20997.1,20997.1,0,0,0,0,1146.125214711206
540ewbmz(3),|540ewbmz(3),|540ewbmz(3),|540ewbmz(3),;21678.1,21678.1,20997.1,20997.1,0,0,0,0,1151.125214711206
540ewbmz(3),|540ewbmz(3),|540ewbmz(3),|540ewbmz(3),;21678.1,21678.1,20997.1,20997.1,0,0,0,0,1156.125214711206
540ewbmz(3),|540ewbmz(3),|540ewbmz(3),|540ewbmz(3),;21678.1,21678.1,20997.1,20997.1,0,0,0,0,1161.125214711206
540ewbmz(3),|540ewbmz(3),|540ewbmz(3),|540ewbmz(3),;21678.1,21678.1,20997.1,20997.1,0,0,0,0,1166.125214711206
540ewbmz(3),|540ewbmz(3),|540ewbmz(3),|540ewbmz(3),;21678.1,21678.1,20997.1,20997.1,0,0,0,0,1171.125214711206
540ewbmz(3),|540ewbmz(3),|540ewbmz(3),|540ewbmz(3),;21678.1,21678.1,20997.1,20997.1,0,0,0,0,1176.125214711206
540ewbmz(3),|540ewbmz(3),|540ewbmz(3),|540ewbmz(3),;21678.1,21678.1,20997.1,20997.1,0,0,0,0,1181.125214711206
540ewbmz(3),|540ewbmz(3),|540ewbmz(3),|540ewbmz(3),;21678.1,21678.1,20997.1,20997.1,0,0,0,0,1186.125214711206
540ewbmz(3),|540ewbmz(3),|540ewbmz(3),|540ewbmz(3),;21678.1,21678.1,20997.1,20997.1,0,0,0,0,1191.125214711206
540ewbmz(3),|540ewbmz(3),|540ewbmz(3),|540ewbmz(3),;21678.1,21678.1,20997.1,20997.1,0,0,0,0,1196.125214711206
540ewbmz(3),|540ewbmz(3),|540ewbmz(3),|540ewbmz(3),;21678.1,21678.1,20997.1,20997.1,0,0,0,0,1201.125214711206
540ewbmz(3),|540ewbmz(3),|540ewbmz(3),|540ewbmz(3),;21678.1,21678.1,20997.1,20997.1,0,0,0,0,1206.125214711206
540ewbmz(3),|540ewbmz(3),|540ewbmz(3),|540ewbmz(3),;21678.1,21678.1,20997.1,20997.1,0,0,0,0,1211.125214711206
540ewbmz(3),|540ewbmz(3),|540ewbmz(3),|540ewbmz(3),;21678.1,21678.1,20997.1,20997.1,0,0,0,0,1216.125214711206
540ewbmz(3),|540ewbmz(3),713zibrw(2),|540ewbmz(3),713zibrw(2),|540ewbmz(3),713zibrw(2),;21678.1,18990.1,18309.1,18309.1,0,11.303484894194,11.303484894194,11.303484894194,1221.125214711206
540ewbmz(3),|540ewbmz(3),713zibrw(2),|540ewbmz(3),713zibrw(2),|540ewbmz(3),713zibrw(2),;21678.1,18990.1,18309.1,18309.1,0,6.303484894194,6.303484894194,6.303484894194,1226.125214711206
540ewbmz(3),|540ewbmz(3),713zibrw(2),|540ewbmz(3),713zibrw(2),|540ewbmz(3),713zibrw(2),;21678.1,18990.1,18309.1,18309.1,0,1.303484894194,1.303484894194,1.303484894194,1231.125214711206
540ewbmz(3),|540ewbmz(3),713zibrw(3),|540ewbmz(3),713zibrw(3),|540ewbmz(3),713zibrw(3),;21678.1,18990.1,18309.1,18309.1,0,0,0,0,1236.125214711206
540ewbmz(3),|540ewbmz(3),713zibrw(3),|540ewbmz(3),713zibrw(3),|540ewbmz(3),713zibrw(3),;21678.1,18990.1,18309.1,18309.1,0,0,0,0,1241.125214711206
540ewbmz(3),|540ewbmz(3),713zibrw(3),|540ewbmz(3),713zibrw(3),|540ewbmz(3),713zibrw(3),;21678.1,18990.1,18309.1,18309.1,0,0,0,0,1246.125214711206
540ewbmz(3),|540ewbmz(3),713zibrw(3),|540ewbmz(3),713zibrw(3),|540ewbmz(3),713zibrw(3),;21678.1,18990.1,18309.1,18309.1,0,0,0,0,1251.125214711206
540ewbmz(3),|540ewbmz(3),713zibrw(3),|540ewbmz(3),713zibrw(3),|540ewbmz(3),713zibrw(3),;21678.1,18990.1,18309.1,18309.1,0,0,0,0,1256.125214711206
540ewbmz(3),|540ewbmz(3),713zibrw(3),|540ewbmz(3),713zibrw(3),|540ewbmz(3),713zibrw(3),;21678.1,18990.1,18309.1,18309.1,0,0,0,0,1261.125214711206
540ewbmz(3),|540ewbmz(3),713zibrw(3),|540ewbmz(3),713zibrw(3),|540ewbmz(3),713zibrw(3),216ucanw(0),;21678.1,18990.1,18309.1,16701.4,0,0,0,10.871032922066,1266.125214711206
540ewbmz(3),|540ewbmz(3),713zibrw(3),|540ewbmz(3),713zibrw(3),|540ewbmz(3),713zibrw(3),216ucanw(2),;21678.1,18990.1,18309.1,16701.4,0,0,0,5.871032922066,1271.125214711206
540ewbmz(3),|540ewbmz(3),713zibrw(3),|540ewbmz(3),713zibrw(3),|540ewbmz(3),713zibrw(3),216ucanw(2),;21678.1,18990.1,18309.1,16701.4,0,0,0,0.871032922066,1276.125214711206
540ewbmz(3),|540ewbmz(3),713zibrw(3),|540ewbmz(3),713zibrw(3),|540ewbmz(3),713zibrw(3),216ucanw(3),;21678.1,18990.1,18309.1,16701.4,0,0,0,0,1281.125214711206
540ewbmz(3),|540ewbmz(3),713zibrw(3),|540ewbmz(3),713zibrw(3),|540ewbmz(3),713zibrw(3),216ucanw(3),;21678.1,18990.1,18309.1,16701.4,0,0,0,0,1286.125214711206
540ewbmz(3),|540ewbmz(3),713zibrw(3),|540ewbmz(3),713zibrw(3),|540ewbmz(3),713zibrw(3),216ucanw(3),;21678.1,18990.1,18309.1,16701.4,0,0,0,0,1291.125214711206
540ewbmz(3),|540ewbmz(3),713zibrw(3),|540ewbmz(3),713zibrw(3),|540ewbmz(3),713zibrw(3),216ucanw(3),;21678.1,18990.1,18309.1,16701.4,0,0,0,0,1296.125214711206
540ewbmz(3),|540ewbmz(3),713zibrw(3),|540ewbmz(3),713zibrw(3),|540ewbmz(3),713zibrw(3),216ucanw(3),;21678.1,18990.1,18309.1,16701.4,0,0,0,0,1301.125214711206
540ewbmz(3),|540ewbmz(3),713zibrw(3),|540ewbmz(3),713zibrw(3),|540ewbmz(3),713zibrw(3),216ucanw(3),;21678.1,18990.1,18309.1,16701.4,0,0,0,0,1306.125214711206
540ewbmz(3),|540ewbmz(3),713zibrw(3),|540ewbmz(3),713zibrw(3),|540ewbmz(3),713zibrw(3),216ucanw(3),;21678.1,18990.1,18309.1,16701.4,0,0,0,0,1311.125214711206
540ewbmz(3),|540ewbmz(3),713zibrw(3),|540ewbmz(3),713zibrw(3),|540ewbmz(3),713zibrw(3),216ucanw(3),;21678.1,18990.1,18309.1,16701.4,0,0,0,0,1316.125214711206
540ewbmz(3),|540ewbmz(3),713zibrw(3),|540ewbmz(3),713zibrw(3),|540ewbmz(3),713zibrw(3),216ucanw(3),;21678.1,18990.1,18309.1,16701.4,0,0,0,0,1321.125214711206
540ewbmz(3),|540ewbmz(3),713zibrw(3),|540ewbmz(3),713zibrw(3),|540ewbmz(3),713zibrw(3),216ucanw(3),;21678.1,18990.1,18309.1,16701.4,0,0,0,0,1326.125214711206
540ewbmz(3),|540ewbmz(3),713zibrw(3),|540ewbmz(3),713zibrw(3),|540ewbmz(3),713zibrw(3),216ucanw(3),;21678.1,18990.1,18309.1,16701.4,0,0,0,0,1331.125214711206
540ewbmz(3),|540ewbmz(3),713zibrw(3),|540ewbmz(3),713zibrw(3),|540ewbmz(3),713zibrw(3),216ucanw(3),;21678.1,18990.1,18309.1,16701.4,0,0,0,0,1336.125214711206
540ewbmz(3),|540ewbmz(3),713zibrw(3),|540ewbmz(3),713zibrw(3),|540ewbmz(3),713zibrw(3),216ucanw(3),;21678.1,18990.1,18309.1,16701.4,0,0,0,0,1341.125214711206
540ewbmz(3),|540ewbmz(3),713zibrw(3),|540ewbmz(3),713zibrw(3),|540ewbmz(3),713zibrw(3),216ucanw(3),;21678.1,18990.1,18309.1,16701.4,0,0,0,0,1346.125214711206
540ewbmz(3),|540ewbmz(3),713zibrw(3),|540ewbmz(3),713zibrw(3),|540ewbmz(3),713zibrw(3),216ucanw(3),;21678.1,18990.1,18309.1,16701.4,0,0,0,0,1351.125214711206
540ewbmz(3),|540ewbmz(3),713zibrw(3),|540ewbmz(3),713zibrw(3),|540ewbmz(3),713zibrw(3),216ucanw(3),;21678.1,18990.1,18309.1,16701.4,0,0,0,0,1356.125214711206
540ewbmz(3),|540ewbmz(3),713zibrw(3),|540ewbmz(3),713zibrw(3),|540ewbmz(3),713zibrw(3),216ucanw(3),;21678.1,18990.1,18309.1,16701.4,0,0,0,0,1361.125214711206
540ewbmz(3),|540ewbmz(3),713zibrw(3),|540ewbmz(3),713zibrw(3),|540ewbmz(3),713zibrw(3),216ucanw(3),;21678.1,18990.1,18309.1,16701.4,0,0,0,0,1366.125214711206
540ewbmz(3),|540ewbmz(3),713zibrw(3),|540ewbmz(3),713zibrw(3),|540ewbmz(3),713zibrw(3),216ucanw(3),;21678.1,18990.1,18309.1,16701.4,0,0,0,0,1371.125214711206
540ewbmz(3),|540ewbmz(3),713zibrw(3),|540ewbmz(3),713zibrw(3),|540ewbmz(3),713zibrw(3),216ucanw(3),;21678.1,18990.1,18309.1,16701.4,0,0,0,0,1376.125214711206
540ewbmz(3),|540ewbmz(3),713zibrw(3),|540ewbmz(3),713zibrw(3),|540ewbmz(3),713zibrw(3),216ucanw(3),;21678.1,18990.1,18309.1,16701.4,0,0,0,0,1381.125214711206
540ewbmz(3),|540ewbmz(3),713zibrw(3),|540ewbmz(3),713zibrw(3),|540ewbmz(3),713zibrw(3),216ucanw(3),;21678.1,18990.1,18309.1,16701.4,0,0,0,0,1386.125214711206
540ewbmz(3),|540ewbmz(3),713zibrw(3),|540ewbmz(3),713zibrw(3),|540ewbmz(3),713zibrw(3),216ucanw(3),;21678.1,18990.1,18309.1,16701.4,0,0,0,0,1391.125214711206
540ewbmz(3),|540ewbmz(3),713zibrw(3),|540ewbmz(3),713zibrw(3),|540ewbmz(3),713zibrw(3),216ucanw(3),;21678.1,18990.1,18309.1,16701.4,0,0,0,0,1396.125214711206
540ewbmz(3),|540ewbmz(3),713zibrw(3),|540ewbmz(3),713zibrw(3),|540ewbmz(3),713zibrw(3),216ucanw(3),;21678.1,18990.1,18309.1,16701.4,0,0,0,0,1401.125214711206
540ewbmz(3),|540ewbmz(3),713zibrw(3),|540ewbmz(3),713zibrw(3),|540ewbmz(3),713zibrw(3),216ucanw(3),;21678.1,18990.1,18309.1,16701.4,0,0,0,0,1406.125214711206
540ewbmz(3),|540ewbmz(3),713zibrw(3),|540ewbmz(3),713zibrw(3),|540ewbmz(3),713zibrw(3),216ucanw(3),;21678.1,18990.1,18309.1,16701.4,0,0,0,0,1411.125214711206
540ewbmz(3),|540ewbmz(3),713zibrw(3),|540ewbmz(3),713zibrw(3),|540ewbmz(3),713zibrw(3),216ucanw(3),;21678.1,18990.1,18309.1,16701.4,0,0,0,0,1416.125214711206
540ewbmz(3),|540ewbmz(3),|540ewbmz(3),|540ewbmz(3),216ucanw(3),;21678.1,21678.1,20997.1,19389.4,0,0,0,0,1421.125214711206
540ewbmz(3),|540ewbmz(3),|540ewbmz(3),|540ewbmz(3),216ucanw(3),;21678.1,21678.1,20997.1,19389.4,0,0,0,0,1426.125214711206
540ewbmz(3),|540ewbmz(3),|540ewbmz(3),|540ewbmz(3),216ucanw(3),;21678.1,21678.1,20997.1,19389.4,0,0,0,0,1431.125214711206
540ewbmz(3),|540ewbmz(3),|540ewbmz(3),|540ewbmz(3),216ucanw(3),;21678.1,21678.1,20997.1,19389.4,0,0,0,0,1436.125214711206
540ewbmz(3),|540ewbmz(3),|540ewbmz(3),|540ewbmz(3),216ucanw(3),;21678.1,21678.1,20997.1,19389.4,0,0,0,0,1441.125214711206
540ewbmz(3),|540ewbmz(3),|540ewbmz(3),|540ewbmz(3),216ucanw(3),;21678.1,21678.1,20997.1,19389.4,0,0,0,0,1446.125214711206
540ewbmz(3),|540ewbmz(3),|540ewbmz(3),|540ewbmz(3),216ucanw(3),;21678.1,21678.1,20997.1,19389.4,0,0,0,0,1451.125214711206
540ewbmz(3),|540ewbmz(3),|540ewbmz(3),|540ewbmz(3),216ucanw(3),;21678.1,21678.1,20997.1,19389.4,0,0,0,0,1456.125214711206
540ewbmz(3),|540ewbmz(3),|540ewbmz(3),|540ewbmz(3),216ucanw(3),;21678.1,21678.1,20997.1,19389.4,0,0,0,0,1461.125214711206
540ewbmz(3),|540ewbmz(3),|540ewbmz(3),|540ewbmz(3),216ucanw(3),;21678.1,21678.1,20997.1,19389.4,0,0,0,0,1466.125214711206
540ewbmz(3),|540ewbmz(3),|540ewbmz(3),|540ewbmz(3),216ucanw(3),;21678.1,21678.1,20997.1,19389.4,0,0,0,0,1471.125214711206
540ewbmz(3),|540ewbmz(3),|540ewbmz(3),|540ewbmz(3),216ucanw(3),;21678.1,21678.1,20997.1,19389.4,0,0,0,0,1476.125214711206
540ewbmz(3),|540ewbmz(3),|540ewbmz(3),|540ewbmz(3),216ucanw(3),;21678.1,21678.1,20997.1,19389.4,0,0,0,0,1481.125214711206
540ewbmz(3),|540ewbmz(3),|540ewbmz(3),|540ewbmz(3),216ucanw(3),;21678.1,21678.1,20997.1,19389.4,0,0,0,0,1486.125214711206
540ewbmz(3),|540ewbmz(3),|540ewbmz(3),|540ewbmz(3),216ucanw(3),;21678.1,21678.1,20997.1,19389.4,0,0,0,0,1491.125214711206
540ewbmz(3),|540ewbmz(3),|540ewbmz(3),|540ewbmz(3),216ucanw(3),;21678.1,21678.1,20997.1,19389.4,0,0,0,0,1496.125214711206
540ewbmz(3),|540ewbmz(3),|540ewbmz(3),|540ewbmz(3),216ucanw(3),;21678.1,21678.1,20997.1,19389.4,0,0,0,0,1501.125214711206
540ewbmz(3),|540ewbmz(3),|540ewbmz(3),|540ewbmz(3),216ucanw(3),;21678.1,21678.1,20997.1,19389.4,0,0,0,0,1506.125214711206
540ewbmz(3),|540ewbmz(3),|540ewbmz(3),|540ewbmz(3),216ucanw(3),;21678.1,21678.1,20997.1,19389.4,0,0,0,0,1511.125214711206
540ewbmz(3),|540ewbmz(3),|540ewbmz(3),|540ewbmz(3),216ucanw(3),;21678.1,21678.1,20997.1,19389.4,0,0,0,0,1516.125214711206
540ewbmz(3),|540ewbmz(3),|540ewbmz(3),|540ewbmz(3),216ucanw(3),;21678.1,21678.1,20997.1,19389.4,0,0,0,0,1521.125214711206
540ewbmz(3),|540ewbmz(3),|540ewbmz(3),|540ewbmz(3),216ucanw(3),;21678.1,21678.1,20997.1,19389.4,0,0,0,0,1526.125214711206
540ewbmz(3),|540ewbmz(3),|540ewbmz(3),|540ewbmz(3),216ucanw(3),;21678.1,21678.1,20997.1,19389.4,0,0,0,0,1531.125214711206
540ewbmz(3),|540ewbmz(3),|540ewbmz(3),|540ewbmz(3),216ucanw(3),;21678.1,21678.1,20997.1,19389.4,0,0,0,0,1536.125214711206
540ewbmz(3),|540ewbmz(3),|540ewbmz(3),|540ewbmz(3),216ucanw(3),;21678.1,21678.1,20997.1,19389.4,0,0,0,0,1541.125214711206
540ewbmz(3),|540ewbmz(3),|540ewbmz(3),|540ewbmz(3),216ucanw(3),;21678.1,21678.1,20997.1,19389.4,0,0,0,0,1546.125214711206
540ewbmz(3),|540ewbmz(3),|540ewbmz(3),|540ewbmz(3),216ucanw(3),;21678.1,21678.1,20997.1,19389.4,0,0,0,0,1551.125214711206
540ewbmz(3),|540ewbmz(3),|540ewbmz(3),|540ewbmz(3),216ucanw(3),;21678.1,21678.1,20997.1,19389.4,0,0,0,0,1556.125214711206
540ewbmz(3),|540ewbmz(3),|540ewbmz(3),|540ewbmz(3),216ucanw(3),;21678.1,21678.1,20997.1,19389.4,0,0,0,0,1561.125214711206
540ewbmz(3),|540ewbmz(3),|540ewbmz(3),|540ewbmz(3),216ucanw(3),;21678.1,21678.1,20997.1,19389.4,0,0,0,0,1566.125214711206
540ewbmz(3),|540ewbmz(3),|540ewbmz(3),|540ewbmz(3),216ucanw(3),;21678.1,21678.1,20997.1,19389.4,0,0,0,0,1571.125214711206
540ewbmz(3),|540ewbmz(3),|540ewbmz(3),|540ewbmz(3),216ucanw(3),;21678.1,21678.1,20997.1,19389.4,0,0,0,0,1576.125214711206
540ewbmz(3),|540ewbmz(3),|540ewbmz(3),|540ewbmz(3),216ucanw(3),;21678.1,21678.1,20997.1,19389.4,0,0,0,0,1581.125214711206
540ewbmz(3),|540ewbmz(3),|540ewbmz(3),|540ewbmz(3),216ucanw(3),;21678.1,21678.1,20997.1,19389.4,0,0,0,0,1586.125214711206
540ewbmz(3),|540ewbmz(3),|540ewbmz(3),|540ewbmz(3),216ucanw(3),;21678.1,21678.1,20997.1,19389.4,0,0,0,0,1591.125214711206
540ewbmz(3),|540ewbmz(3),|540ewbmz(3),|540ewbmz(3),216ucanw(3),;21678.1,21678.1,20997.1,19389.4,0,0,0,0,1596.125214711206
540ewbmz(3),|540ewbmz(3),|540ewbmz(3),|540ewbmz(3),216ucanw(3),;21678.1,21678.1,20997.1,19389.4,0,0,0,0,1601.125214711206
540ewbmz(3),|540ewbmz(3),|540ewbmz(3),|540ewbmz(3),216ucanw(3),;21678.1,21678.1,20997.1,19389.4,0,0,0,0,1606.125214711206
540ewbmz(3),|540ewbmz(3),|540ewbmz(3),|540ewbmz(3),216ucanw(3),;21678.1,21678.1,20997.1,19389.4,0,0,0,0,1611.125214711206
540ewbmz(3),|540ewbmz(3),|540ewbmz(3),|540ewbmz(3),216ucanw(3),;21678.1,21678.1,20997.1,19389.4,0,0,0,0,1616.125214711206
540ewbmz(3),|540ewbmz(3),|540ewbmz(3),|540ewbmz(3),216ucanw(3),;21678.1,21678.1,20997.1,19389.4,0,0,0,0,1621.125214711206
540ewbmz(3),|540ewbmz(3),|540ewbmz(3),|540ewbmz(3),216ucanw(3),;21678.1,21678.1,20997.1,19389.4,0,0,0,0,1626.125214711206
540ewbmz(3),|540ewbmz(3),|540ewbmz(3),|540ewbmz(3),216ucanw(3),;21678.1,21678.1,20997.1,19389.4,0,0,0,0,1631.125214711206
540ewbmz(3),|540ewbmz(3),|540ewbmz(3),|540ewbmz(3),216ucanw(3),;21678.1,21678.1,20997.1,19389.4,0,0,0,0,1636.125214711206
540ewbmz(3),|540ewbmz(3),|540ewbmz(3),|540ewbmz(3),216ucanw(3),;21678.1,21678.1,20997.1,19389.4,0,0,0,0,1641.125214711206
540ewbmz(3),|540ewbmz(3),|540ewbmz(3),|540ewbmz(3),216ucanw(3),;21678.1,21678.1,20997.1,19389.4,0,0,0,0,1646.125214711206
540ewbmz(3),|540ewbmz(3),|540ewbmz(3),|540ewbmz(3),216ucanw(3),;21678.1,21678.1,20997.1,19389.4,0,0,0,0,1651.125214711206
540ewbmz(3),|540ewbmz(3),|540ewbmz(3),|540ewbmz(3),216ucanw(3),;21678.1,21678.1,20997.1,19389.4,0,0,0,0,1656.125214711206
540ewbmz(3),|540ewbmz(3),|540ewbmz(3),|540ewbmz(3),216ucanw(3),;21678.1,21678.1,20997.1,19389.4,0,0,0,0,1661.125214711206
540ewbmz(3),|540ewbmz(3),|540ewbmz(3),|540ewbmz(3),216ucanw(3),;21678.1,21678.1,20997.1,19389.4,0,0,0,0,1666.125214711206
540ewbmz(3),|540ewbmz(3),|540ewbmz(3),|540ewbmz(3),216ucanw(3),;21678.1,21678.1,20997.1,19389.4,0,0,0,0,1671.125214711206
540ewbmz(3),|540ewbmz(3),|540ewbmz(3),|540ewbmz(3),216ucanw(3),;21678.1,21678.1,20997.1,19389.4,0,0,0,0,1676.125214711206
540ewbmz(3),|540ewbmz(3),|540ewbmz(3),|540ewbmz(3),216ucanw(3),;21678.1,21678.1,20997.1,19389.4,0,0,0,0,1681.125214711206
540ewbmz(3),|540ewbmz(3),|540ewbmz(3),618akovg(0),|540ewbmz(3),216ucanw(3),;21678.1,21678.1,20367.3,19389.4,0,0,3.362207036561,0,1686.125214711206
540ewbmz(3),|540ewbmz(3),|540ewbmz(3),|540ewbmz(3),216ucanw(3),;21678.1,21678.1,20997.1,19389.4,0,0,0,0,1691.125214711206
540ewbmz(3),|540ewbmz(3),|540ewbmz(3),|540ewbmz(3),216ucanw(3),;21678.1,21678.1,20997.1,19389.4,0,0,0,0,1696.125214711206
540ewbmz(3),|540ewbmz(3),|540ewbmz(3),|540ewbmz(3),216ucanw(3),;21678.1,21678.1,20997.1,19389.4,0,0,0,0,1701.125214711206
540ewbmz(3),|540ewbmz(3),|540ewbmz(3),|540ewbmz(3),216ucanw(3),;21678.1,21678.1,20997.1,19389.4,0,0,0,0,1706.125214711206
540ewbmz(3),|540ewbmz(3),|540ewbmz(3),|540ewbmz(3),216ucanw(3),;21678.1,21678.1,20997.1,19389.4,0,0,0,0,1711.125214711206
540ewbmz(3),|540ewbmz(3),|540ewbmz(3),|540ewbmz(3),216ucanw(3),;21678.1,21678.1,20997.1,19389.4,0,0,0,0,1716.125214711206
540ewbmz(3),|540ewbmz(3),|540ewbmz(3),|540ewbmz(3),216ucanw(3),;21678.1,21678.1,20997.1,19389.4,0,0,0,0,1721.125214711206
540ewbmz(3),|540ewbmz(3),|540ewbmz(3),|540ewbmz(3),216ucanw(3),;21678.1,21678.1,20997.1,19389.4,0,0,0,0,1726.125214711206
540ewbmz(3),|540ewbmz(3),|540ewbmz(3),|540ewbmz(3),216ucanw(3),;21678.1,21678.1,20997.1,19389.4,0,0,0,0,1731.125214711206
540ewbmz(3),|540ewbmz(3),|540ewbmz(3),|540ewbmz(3),;21678.1,21678.1,20997.1,20997.1,0,0,0,0,1736.125214711206
540ewbmz(3),|540ewbmz(3),|540ewbmz(3),|540ewbmz(3),;21678.1,21678.1,20997.1,20997.1,0,0,0,0,1741.125214711206
540ewbmz(3),|540ewbmz(3),|540ewbmz(3),|540ewbmz(3),;21678.1,21678.1,20997.1,20997.1,0,0,0,0,1746.125214711206
540ewbmz(3),|540ewbmz(3),|540ewbmz(3),|540ewbmz(3),;21678.1,21678.1,20997.1,20997.1,0,0,0,0,1751.125214711206
|||;23040,23040,23040,23040,0,0,0,0,1756.125214711206
|||;23040,23040,23040,23040,0,0,0,0,1761.125214711206
|||;23040,23040,23040,23040,0,0,0,0,1766.125214711206
|||;23040,23040,23040,23040,0,0,0,0,1771.125214711206
|||;23040,23040,23040,23040,0,0,0,0,1776.125214711206
|||;23040,23040,23040,23040,0,0,0,0,1781.125214711206
|||;23040,23040,23040,23040,0,0,0,0,1786.125214711206
|||;23040,23040,23040,23040,0,0,0,0,1791.125214711206
|||;23040,23040,23040,23040,0,0,0,0,1796.125214711206
|||;23040,23040,23040,23040,0,0,0,0,1801.125214711206
|||;23040,23040,23040,23040,0,0,0,0,1806.125214711206
|||;23040,23040,23040,23040,0,0,0,0,1811.125214711206
|||;23040,23040,23040,23040,0,0,0,0,1816.125214711206
|||;23040,23040,23040,23040,0,0,0,0,1821.125214711206
152mobqv(2),|152mobqv(2),|152mobqv(2),|152mobqv(2),;21442.6,20643.8,22241.3,21442.6,5.834531750839,9.843206462703,1.825857038974,5.834531750839,1826.125214711206
152mobqv(2),|152mobqv(2),|152mobqv(3),|152mobqv(2),;21442.6,20643.8,22241.3,21442.6,0.834531750839,4.843206462703,0,0.834531750839,1831.125214711206
152mobqv(3),|152mobqv(3),|152mobqv(3),|152mobqv(3),;21442.6,20643.8,22241.3,21442.6,0,0,0,0,1836.125214711206
152mobqv(3),|152mobqv(3),|152mobqv(3),|152mobqv(3),;21442.6,20643.8,22241.3,21442.6,0,0,0,0,1841.125214711206
152mobqv(3),|152mobqv(3),|152mobqv(3),|152mobqv(3),;21442.6,20643.8,22241.3,21442.6,0,0,0,0,1846.125214711206
152mobqv(3),|152mobqv(3),|152mobqv(3),|152mobqv(3),;21442.6,20643.8,22241.3,21442.6,0,0,0,0,1851.125214711206
152mobqv(3),|152mobqv(3),|152mobqv(3),|152mobqv(3),;21442.6,20643.8,22241.3,21442.6,0,0,0,0,1856.125214711206
152mobqv(3),|152mobqv(3),|152mobqv(3),|152mobqv(3),608grdfw(2),;21442.6,20643.8,22241.3,20649,0,0,0,3.378347732894,1861.125214711206
152mobqv(3),|152mobqv(3),|152mobqv(3),|152mobqv(3),608grdfw(3),;21442.6,20643.8,22241.3,20649,0,0,0,0,1866.125214711206
152mobqv(3),|152mobqv(3),|152mobqv(3),|152mobqv(3),608grdfw(3),;21442.6,20643.8,22241.3,20649,0,0,0,0,1871.125214711206
152mobqv(3),|152mobqv(3),|152mobqv(3),|152mobqv(3),608grdfw(3),;21442.6,20643.8,22241.3,20649,0,0,0,0,1876.125214711206
152mobqv(3),|152mobqv(3),|152mobqv(3),|152mobqv(3),608grdfw(3),;21442.6,20643.8,22241.3,20649,0,0,0,0,1881.125214711206
152mobqv(3),|152mobqv(3),|152mobqv(3),|152mobqv(3),608grdfw(3),;21442.6,20643.8,22241.3,20649,0,0,0,0,1886.125214711206
152mobqv(3),|152mobqv(3),|152mobqv(3),|152mobqv(3),608grdfw(3),;21442.6,20643.8,22241.3,20649,0,0,0,0,1891.125214711206
152mobqv(3),|152mobqv(3),|152mobqv(3),|152mobqv(3),608grdfw(3),;21442.6,20643.8,22241.3,20649,0,0,0,0,1896.125214711206
152mobqv(3),|152mobqv(3),|152mobqv(3),|152mobqv(3),608grdfw(3),;21442.6,20643.8,22241.3,20649,0,0,0,0,1901.125214711206
152mobqv(3),|152mobqv(3),|152mobqv(3),|152mobqv(3),608grdfw(3),;21442.6,20643.8,22241.3,20649,0,0,0,0,1906.125214711206
152mobqv(3),|152mobqv(3),|152mobqv(3),|152mobqv(3),608grdfw(3),;21442.6,20643.8,22241.3,20649,0,0,0,0,1911.125214711206
152mobqv(3),|152mobqv(3),|152mobqv(3),|152mobqv(3),608grdfw(3),;21442.6,20643.8,22241.3,20649,0,0,0,0,1916.125214711206
152mobqv(3),|152mobqv(3),|152mobqv(3),|152mobqv(3),608grdfw(3),;21442.6,20643.8,22241.3,20649,0,0,0,0,1921.125214711206
152mobqv(3),|152mobqv(3),|152mobqv(3),|152mobqv(3),608grdfw(3),;21442.6,20643.8,22241.3,20649,0,0,0,0,1926.125214711206
152mobqv(3),|152mobqv(3),|152mobqv(3),|152mobqv(3),608grdfw(3),;21442.6,20643.8,22241.3,20649,0,0,0,0,1931.125214711206
152mobqv(3),|152mobqv(3),|152mobqv(3),|152mobqv(3),608grdfw(3),;21442.6,20643.8,22241.3,20649,0,0,0,0,1936.125214711206
152mobqv(3),|152mobqv(3),|152mobqv(3),|152mobqv(3),608grdfw(3),;21442.6,20643.8,22241.3,20649,0,0,0,0,1941.125214711206
152mobqv(3),|152mobqv(3),|152mobqv(3),|152mobqv(3),608grdfw(3),;21442.6,20643.8,22241.3,20649,0,0,0,0,1946.125214711206
152mobqv(3),|152mobqv(3),|152mobqv(3),|152mobqv(3),608grdfw(3),;21442.6,20643.8,22241.3,20649,0,0,0,0,1951.125214711206
152mobqv(3),|152mobqv(3),|152mobqv(3),|152mobqv(3),608grdfw(3),;21442.6,20643.8,22241.3,20649,0,0,0,0,1956.125214711206
152mobqv(3),|152mobqv(3),|152mobqv(3),|152mobqv(3),608grdfw(3),;21442.6,20643.8,22241.3,20649,0,0,0,0,1961.125214711206
152mobqv(3),|152mobqv(3),|152mobqv(3),|152mobqv(3),608grdfw(3),;21442.6,20643.8,22241.3,20649,0,0,0,0,1966.125214711206
152mobqv(3),|152mobqv(3),|152mobqv(3),|152mobqv(3),608grdfw(3),;21442.6,20643.8,22241.3,20649,0,0,0,0,1971.125214711206
152mobqv(3),|152mobqv(3),|152mobqv(3),|152mobqv(3),608grdfw(3),;21442.6,20643.8,22241.3,20649,0,0,0,0,1976.125214711206
152mobqv(3),|152mobqv(3),|152mobqv(3),|152mobqv(3),608grdfw(3),;21442.6,20643.8,22241.3,20649,0,0,0,0,1981.125214711206
152mobqv(3),|152mobqv(3),|152mobqv(3),|152mobqv(3),608grdfw(3),;21442.6,20643.8,22241.3,20649,0,0,0,0,1986.125214711206
152mobqv(3),|152mobqv(3),|152mobqv(3),|152mobqv(3),608grdfw(3),;21442.6,20643.8,22241.3,20649,0,0,0,0,1991.125214711206
152mobqv(3),|152mobqv(3),|152mobqv(3),|152mobqv(3),608grdfw(3),;21442.6,20643.8,22241.3,20649,0,0,0,0,1996.125214711206
