|||;20172,20172,20172,20172,0,0,0,0,1.180343853675
|||;20172,20172,20172,20172,0,0,0,0,6.180343853675
|||;20172,20172,20172,20172,0,0,0,0,11.180343853675
|||;20172,20172,20172,20172,0,0,0,0,16.180343853675
|||;20172,20172,20172,20172,0,0,0,0,21.180343853675
|||;20172,20172,20172,20172,0,0,0,0,26.180343853675
|||;20172,20172,20172,20172,0,0,0,0,31.180343853675
|||;20172,20172,20172,20172,0,0,0,0,36.180343853675
|||;20172,20172,20172,20172,0,0,0,0,41.180343853675
|||;20172,20172,20172,20172,0,0,0,0,46.180343853675
|||;20172,20172,20172,20172,0,0,0,0,51.180343853675
|||;20172,20172,20172,20172,0,0,0,0,56.180343853675
|||;20172,20172,20172,20172,0,0,0,0,61.180343853675
|||;20172,20172,20172,20172,0,0,0,0,66.180343853675
|||;20172,20172,20172,20172,0,0,0,0,71.180343853675
|||;20172,20172,20172,20172,0,0,0,0,76.180343853675
|||;20172,20172,20172,20172,0,0,0,0,81.180343853675
|||;20172,20172,20172,20172,0,0,0,0,86.180343853675
|||;20172,20172,20172,20172,0,0,0,0,91.180343853675
||146vzoyk(2),|;20172,20172,19593.4,20172,0,0,0.971865329989,0,96.180343853675
|||;20172,20172,20172,20172,0,0,0,0,101.180343853675
|||;20172,20172,20172,20172,0,0,0,0,106.180343853675
|||;20172,20172,20172,20172,0,0,0,0,111.180343853675
|119wmopc(0),|119wmopc(0),|119wmopc(0),726sikwa(1),;20172,18421,18421,9435.36,0,12.045117274988,12.045117274988,70.882634961842,116.180343853675
|119wmopc(2),|119wmopc(2),|119wmopc(2),726sikwa(1),;20172,18421,18421,9435.36,0,7.045117274988,7.045117274988,65.882634961842,121.180343853675
|119wmopc(2),|119wmopc(2),|119wmopc(2),726sikwa(1),;20172,18421,18421,9435.36,0,2.045117274988,2.045117274988,60.882634961842,126.180343853675
|119wmopc(3),|119wmopc(3),|119wmopc(2),726sikwa(1),;20172,18421,18421,9435.36,0,0,0,55.882634961842,131.180343853675
|119wmopc(3),|119wmopc(3),|119wmopc(2),726sikwa(1),;20172,18421,18421,9435.36,0,0,0,50.882634961842,136.180343853675
21trzin(0),|119wmopc(3),|119wmopc(3),145orxty(0),21trzin(0),|119wmopc(2),726sikwa(1),;19619,18421,13705.5,9435.36,6.435837033746,0,35.347940420892,45.882634961842,141.180343853675
21trzin(2),|119wmopc(3),|119wmopc(3),145orxty(2),21trzin(1),|119wmopc(2),726sikwa(1),;19619,18421,13705.5,9435.36,1.435837033746,0,30.347940420892,40.882634961842,146.180343853675
|119wmopc(3),|119wmopc(3),145orxty(3),21trzin(2),|119wmopc(3),726sikwa(2),;20172,18421,13705.5,9435.36,0,0,25.347940420892,35.882634961842,151.180343853675
|119wmopc(3),|119wmopc(3),145orxty(3),21trzin(2),|119wmopc(3),726sikwa(2),;20172,18421,13705.5,9435.36,0,0,20.347940420892,30.882634961842,156.180343853675
|119wmopc(3),|119wmopc(3),145orxty(3),21trzin(2),|119wmopc(3),726sikwa(2),;20172,18421,13705.5,9435.36,0,0,15.347940420892,25.882634961842,161.180343853675
|119wmopc(3),|119wmopc(3),145orxty(3),21trzin(2),|119wmopc(3),726sikwa(2),;20172,18421,13705.5,9435.36,0,0,10.347940420892,20.882634961842,166.180343853675
|119wmopc(3),|119wmopc(3),145orxty(3),21trzin(2),|119wmopc(3),726sikwa(2),;20172,18421,13705.5,9435.36,0,0,5.347940420892,15.882634961842,171.180343853675
355vjcqu(0),|119wmopc(3),355vjcqu(0),|119wmopc(3),145orxty(3),21trzin(3),355vjcqu(0),|119wmopc(3),726sikwa(2),355vjcqu(0),;18144.5,16393.5,12691.7,6394.08,15.106226730576,15.106226730576,12.339112828673,35.086633722564,176.180343853675
355vjcqu(2),|119wmopc(3),355vjcqu(2),|119wmopc(3),145orxty(3),21trzin(3),355vjcqu(2),|119wmopc(3),726sikwa(2),355vjcqu(1),;18144.5,16393.5,12691.7,6394.08,10.106226730576,10.106226730576,7.339112828673,30.086633722564,181.180343853675
355vjcqu(2),|119wmopc(3),355vjcqu(2),|119wmopc(3),145orxty(3),21trzin(3),|119wmopc(3),726sikwa(3),355vjcqu(2),;18144.5,16393.5,13705.5,6394.08,5.106226730576,5.106226730576,2.339112828673,25.086633722564,186.180343853675
|119wmopc(3),|119wmopc(3),145orxty(3),21trzin(3),|119wmopc(3),726sikwa(3),355vjcqu(2),;20172,18421,13705.5,6394.08,0.106226730576,0.106226730576,0,20.086633722564,191.180343853675
|119wmopc(3),|119wmopc(3),145orxty(3),21trzin(3),|119wmopc(3),726sikwa(3),355vjcqu(2),;20172,18421,13705.5,6394.08,0,0,0,15.086633722564,196.180343853675
|119wmopc(3),|119wmopc(3),145orxty(3),21trzin(3),|119wmopc(3),726sikwa(3),355vjcqu(2),;20172,18421,13705.5,6394.08,0,0,0,10.086633722564,201.180343853675
|119wmopc(3),|119wmopc(3),145orxty(3),21trzin(3),|119wmopc(3),726sikwa(3),355vjcqu(3),;20172,18421,13705.5,6394.08,0,0,0,5.086633722564,206.180343853675
|119wmopc(3),|119wmopc(3),145orxty(3),21trzin(3),|119wmopc(3),726sikwa(3),355vjcqu(3),;20172,18421,13705.5,6394.08,0,0,0,0.086633722564,211.180343853675
|119wmopc(3),|119wmopc(3),145orxty(3),21trzin(3),|119wmopc(3),726sikwa(3),355vjcqu(3),;20172,18421,13705.5,6394.08,0,0,0,0,216.180343853675
726fvcwa(0),|119wmopc(3),726fvcwa(0),|119wmopc(3),145orxty(3),21trzin(3),|119wmopc(3),726sikwa(3),355vjcqu(3),726fvcwa(0),;17960.2,15656.2,13705.5,5841.12,14.404655653955,17.735426477484,0,4.412343183366,221.180343853675
726fvcwa(2),|119wmopc(3),726fvcwa(2),|119wmopc(3),145orxty(3),21trzin(3),|119wmopc(3),726sikwa(3),355vjcqu(3),;17960.2,15656.2,13705.5,6394.08,9.404655653955,12.735426477484,0,0,226.180343853675
726fvcwa(2),|119wmopc(3),726fvcwa(2),|119wmopc(3),145orxty(3),21trzin(3),|119wmopc(3),726sikwa(3),355vjcqu(3),;17960.2,15656.2,13705.5,6394.08,4.404655653955,7.735426477484,0,0,231.180343853675
726fvcwa(3),|119wmopc(3),726fvcwa(2),|119wmopc(3),145orxty(3),21trzin(3),|119wmopc(3),726sikwa(3),355vjcqu(3),;17960.2,15656.2,13705.5,6394.08,0,2.735426477484,0,0,236.180343853675
726fvcwa(3),|119wmopc(3),726fvcwa(3),|119wmopc(3),145orxty(3),21trzin(3),|119wmopc(3),726sikwa(3),355vjcqu(3),;17960.2,15656.2,13705.5,6394.08,0,0,0,0,241.180343853675
726fvcwa(3),|119wmopc(3),726fvcwa(3),|119wmopc(3),145orxty(3),21trzin(3),|119wmopc(3),726sikwa(3),355vjcqu(3),;17960.2,15656.2,13705.5,6394.08,0,0,0,0,246.180343853675
726fvcwa(3),|119wmopc(3),726fvcwa(3),|119wmopc(3),145orxty(3),21trzin(3),|119wmopc(3),726sikwa(3),355vjcqu(3),;17960.2,15656.2,13705.5,6394.08,0,0,0,0,251.180343853675
726fvcwa(3),|119wmopc(3),726fvcwa(3),|119wmopc(3),145orxty(3),21trzin(3),|119wmopc(3),726sikwa(3),355vjcqu(3),;17960.2,15656.2,13705.5,6394.08,0,0,0,0,256.180343853675
726fvcwa(3),|119wmopc(3),726fvcwa(3),|119wmopc(3),145orxty(3),21trzin(3),|119wmopc(3),726sikwa(3),;17960.2,15656.2,13705.5,9435.36,0,0,0,0,261.180343853675
726fvcwa(3),|119wmopc(3),726fvcwa(3),|119wmopc(3),145orxty(3),|119wmopc(3),726sikwa(3),;17960.2,15656.2,17576.2,9435.36,0,0,0,0,266.180343853675
726fvcwa(3),|119wmopc(3),726fvcwa(3),|119wmopc(3),145orxty(3),|119wmopc(3),726sikwa(3),;17960.2,15656.2,17576.2,9435.36,0,0,0,0,271.180343853675
726fvcwa(3),497hqvjc(0),|119wmopc(3),726fvcwa(3),|119wmopc(3),145orxty(3),|119wmopc(3),726sikwa(3),;16710.9,15656.2,17576.2,9435.36,11.501377318345,0,0,0,276.180343853675
726fvcwa(3),497hqvjc(2),|119wmopc(3),726fvcwa(3),|119wmopc(3),145orxty(3),|119wmopc(3),726sikwa(3),;16710.9,15656.2,17576.2,9435.36,6.501377318345,0,0,0,281.180343853675
726fvcwa(3),497hqvjc(2),|119wmopc(3),726fvcwa(3),|119wmopc(3),145orxty(3),|119wmopc(3),726sikwa(3),;16710.9,15656.2,17576.2,9435.36,1.501377318345,0,0,0,286.180343853675
726fvcwa(3),|119wmopc(3),726fvcwa(3),|119wmopc(3),145orxty(3),|119wmopc(3),726sikwa(3),;17960.2,15656.2,17576.2,9435.36,0,0,0,0,291.180343853675
726fvcwa(3),|119wmopc(3),726fvcwa(3),|119wmopc(3),145orxty(3),|119wmopc(3),726sikwa(3),;17960.2,15656.2,17576.2,9435.36,0,0,0,0,296.180343853675
726fvcwa(3),|119wmopc(3),726fvcwa(3),|119wmopc(3),145orxty(3),|119wmopc(3),726sikwa(3),;17960.2,15656.2,17576.2,9435.36,0,0,0,0,301.180343853675
726fvcwa(3),|119wmopc(3),726fvcwa(3),|119wmopc(3),145orxty(3),|119wmopc(3),726sikwa(3),;17960.2,15656.2,17576.2,9435.36,0,0,0,0,306.180343853675
726fvcwa(3),|119wmopc(3),726fvcwa(3),|119wmopc(3),145orxty(3),|119wmopc(3),726sikwa(3),;17960.2,15656.2,17576.2,9435.36,0,0,0,0,311.180343853675
726fvcwa(3),|119wmopc(3),726fvcwa(3),|119wmopc(3),145orxty(3),81nfejy(0),|119wmopc(3),726sikwa(3),81nfejy(0),;17960.2,15656.2,16997.6,8856.8,0,0,4.858440605055,4.858440605055,316.180343853675
726fvcwa(3),|119wmopc(3),726fvcwa(3),|119wmopc(3),145orxty(3),|119wmopc(3),;17960.2,15656.2,17576.2,14918.9,0,0,0,0,321.180343853675
|119wmopc(3),|119wmopc(3),145orxty(3),|119wmopc(3),;20172,18421,17576.2,14918.9,0,0,0,0,326.180343853675
|119wmopc(3),|119wmopc(3),145orxty(3),|119wmopc(3),;20172,18421,17576.2,14918.9,0,0,0,0,331.180343853675
|119wmopc(3),|119wmopc(3),145orxty(3),|119wmopc(3),;20172,18421,17576.2,14918.9,0,0,0,0,336.180343853675
|119wmopc(3),|119wmopc(3),145orxty(3),|119wmopc(3),;20172,18421,17576.2,14918.9,0,0,0,0,341.180343853675
|119wmopc(3),|119wmopc(3),145orxty(3),|119wmopc(3),;20172,18421,17576.2,14918.9,0,0,0,0,346.180343853675
|119wmopc(3),|119wmopc(3),145orxty(3),|119wmopc(3),;20172,18421,17576.2,14918.9,0,0,0,0,351.180343853675
|119wmopc(3),|119wmopc(3),145orxty(3),|119wmopc(3),;20172,18421,17576.2,14918.9,0,0,0,0,356.180343853675
|119wmopc(3),|119wmopc(3),145orxty(3),|119wmopc(3),;20172,18421,17576.2,14918.9,0,0,0,0,361.180343853675
|119wmopc(3),|119wmopc(3),145orxty(3),|119wmopc(3),;20172,18421,17576.2,14918.9,0,0,0,0,366.180343853675
|119wmopc(3),|119wmopc(3),145orxty(3),|119wmopc(3),;20172,18421,17576.2,14918.9,0,0,0,0,371.180343853675
|119wmopc(3),|119wmopc(3),145orxty(3),|119wmopc(3),;20172,18421,17576.2,14918.9,0,0,0,0,376.180343853675
|119wmopc(3),|119wmopc(3),145orxty(3),|119wmopc(3),;20172,18421,17576.2,14918.9,0,0,0,0,381.180343853675
|119wmopc(3),|119wmopc(3),145orxty(3),25furnc(0),|119wmopc(3),;20172,18421,16670,14918.9,0,0,5.978021576094,0,386.180343853675
|119wmopc(3),|119wmopc(3),145orxty(3),25furnc(2),|119wmopc(3),;20172,18421,16670,14918.9,0,0,0.978021576094,0,391.180343853675
||145orxty(3),|;20172,20172,19327.2,20172,0,0,0,0,396.180343853675
||145orxty(3),|;20172,20172,19327.2,20172,0,0,0,0,401.180343853675
||145orxty(3),|;20172,20172,19327.2,20172,0,0,0,0,406.180343853675
418rakzt(0),|418rakzt(0),|145orxty(3),418rakzt(0),|418rakzt(0),;17448.2,19491,17965.3,18129.1,19.462653579866,7.157305815161,11.259088403396,15.360870991631,411.180343853675
418rakzt(2),|418rakzt(2),|145orxty(3),418rakzt(2),|418rakzt(2),;17448.2,19491,17965.3,18129.1,14.462653579866,2.157305815161,6.259088403396,10.360870991631,416.180343853675
418rakzt(2),||145orxty(3),418rakzt(2),|418rakzt(2),;17448.2,20172,17965.3,18129.1,9.462653579866,0,1.259088403396,5.360870991631,421.180343853675
418rakzt(2),||145orxty(3),|418rakzt(2),;17448.2,20172,19327.2,18129.1,4.462653579866,0,0,0.360870991631,426.180343853675
||145orxty(3),|;20172,20172,19327.2,20172,0,0,0,0,431.180343853675
||145orxty(3),|;20172,20172,19327.2,20172,0,0,0,0,436.180343853675
||145orxty(3),|;20172,20172,19327.2,20172,0,0,0,0,441.180343853675
||145orxty(3),|;20172,20172,19327.2,20172,0,0,0,0,446.180343853675
||145orxty(3),|;20172,20172,19327.2,20172,0,0,0,0,451.180343853675
468nycvm(0),||145orxty(3),|;19393.8,20172,19327.2,20172,7.998851167859,0,0,0,456.180343853675
468nycvm(2),||145orxty(3),|;19393.8,20172,19327.2,20172,2.998851167859,0,0,0,461.180343853675
||145orxty(3),|;20172,20172,19327.2,20172,0,0,0,0,466.180343853675
914oswnd(0),|914oswnd(0),|145orxty(3),914oswnd(0),|914oswnd(0),;18175.2,18840.8,18661.6,18840.8,13.641034142981,9.631772966511,5.62251179004,9.631772966511,471.180343853675
914oswnd(2),|914oswnd(2),|145orxty(3),914oswnd(2),|914oswnd(2),;18175.2,18840.8,18661.6,18840.8,8.641034142981,4.631772966511,0.62251179004,4.631772966511,476.180343853675
914oswnd(2),||145orxty(3),270gmskr(0),|;18175.2,20172,18559.2,20172,3.641034142981,0,5.762404523824,0,481.180343853675
|1npfer(2),|145orxty(3),270gmskr(2),1npfer(1),|;20172,19516.6,17903.8,20172,0,3.303992898496,9.134595275995,0,486.180343853675
||145orxty(3),1npfer(2),|;20172,20172,18671.8,20172,0,0,4.134595275995,0,491.180343853675
||145orxty(3),1npfer(3),|;20172,20172,18671.8,20172,0,0,0,0,496.180343853675
||145orxty(3),1npfer(3),|;20172,20172,18671.8,20172,0,0,0,0,501.180343853675
||145orxty(3),1npfer(3),|;20172,20172,18671.8,20172,0,0,0,0,506.180343853675
||145orxty(3),1npfer(3),|;20172,20172,18671.8,20172,0,0,0,0,511.180343853675
||145orxty(3),1npfer(3),|;20172,20172,18671.8,20172,0,0,0,0,516.180343853675
||145orxty(3),1npfer(3),|;20172,20172,18671.8,20172,0,0,0,0,521.180343853675
||145orxty(3),1npfer(3),|;20172,20172,18671.8,20172,0,0,0,0,526.180343853675
||145orxty(3),1npfer(3),|;20172,20172,18671.8,20172,0,0,0,0,531.180343853675
||145orxty(3),1npfer(3),|;20172,20172,18671.8,20172,0,0,0,0,536.180343853675
||145orxty(3),1npfer(3),|;20172,20172,18671.8,20172,0,0,0,0,541.180343853675
||145orxty(3),1npfer(3),|;20172,20172,18671.8,20172,0,0,0,0,546.180343853675
||145orxty(3),1npfer(3),|;20172,20172,18671.8,20172,0,0,0,0,551.180343853675
81jzwmt(2),||145orxty(3),1npfer(3),81jzwmt(2),|81jzwmt(2),;19347.7,20172,13725.9,19347.7,3.555632479819,0,28.382211303349,3.555632479819,556.180343853675
||145orxty(3),1npfer(3),81jzwmt(2),|;20172,20172,13725.9,20172,0,0,23.382211303349,0,561.180343853675
||145orxty(3),1npfer(3),81jzwmt(2),|;20172,20172,13725.9,20172,0,0,18.382211303349,0,566.180343853675
||145orxty(3),1npfer(3),81jzwmt(2),|;20172,20172,13725.9,20172,0,0,13.382211303349,0,571.180343853675
||145orxty(3),1npfer(3),81jzwmt(2),|;20172,20172,13725.9,20172,0,0,8.382211303349,0,576.180343853675
||145orxty(3),1npfer(3),81jzwmt(2),|;20172,20172,13725.9,20172,0,0,3.382211303349,0,581.180343853675
||145orxty(3),1npfer(3),81jzwmt(3),|;20172,20172,13725.9,20172,0,0,0,0,586.180343853675
||145orxty(3),1npfer(3),81jzwmt(3),|;20172,20172,13725.9,20172,0,0,0,0,591.180343853675
||145orxty(3),1npfer(3),81jzwmt(3),|;20172,20172,13725.9,20172,0,0,0,0,596.180343853675
||145orxty(3),1npfer(3),81jzwmt(3),666zsvgp(0),|;20172,20172,12891.3,20172,0,0,7.641251198274,0,601.180343853675
||145orxty(3),1npfer(3),81jzwmt(3),666zsvgp(2),|;20172,20172,12891.3,20172,0,0,2.641251198274,0,606.180343853675
||145orxty(3),1npfer(3),81jzwmt(3),|;20172,20172,13725.9,20172,0,0,0,0,611.180343853675
||145orxty(3),1npfer(3),81jzwmt(3),|;20172,20172,13725.9,20172,0,0,0,0,616.180343853675
632dscov(0),|632dscov(0),|145orxty(3),1npfer(3),81jzwmt(3),632dscov(0),|632dscov(0),;19393.8,19393.8,12947.7,19393.8,7.528600489025,7.528600489025,7.528600489025,7.528600489025,621.180343853675
632dscov(2),|632dscov(2),|145orxty(3),1npfer(3),81jzwmt(3),632dscov(2),243fabcx(1),|632dscov(2),;19393.8,19393.8,12399.9,19393.8,2.528600489025,2.528600489025,9.724109419445,2.528600489025,626.180343853675
632dscov(3),|632dscov(3),|145orxty(3),1npfer(3),81jzwmt(3),632dscov(3),243fabcx(2),|632dscov(3),;19393.8,19393.8,12399.9,19393.8,0,0,4.724109419445,0,631.180343853675
632dscov(3),|632dscov(3),|145orxty(3),1npfer(3),81jzwmt(3),632dscov(3),243fabcx(3),|632dscov(3),;19393.8,19393.8,12399.9,19393.8,0,0,0,0,636.180343853675
632dscov(3),|632dscov(3),|145orxty(3),1npfer(3),81jzwmt(3),632dscov(3),243fabcx(3),|632dscov(3),;19393.8,19393.8,12399.9,19393.8,0,0,0,0,641.180343853675
632dscov(3),278blewm(0),|632dscov(3),278blewm(0),|145orxty(3),1npfer(3),81jzwmt(3),632dscov(3),243fabcx(3),278blewm(0),|632dscov(3),278blewm(0),;17135.9,18641.2,9389.34,17888.5,14.393516826408,5.130418473467,19.025066002878,9.761967649937,646.180343853675
632dscov(3),278blewm(2),434akocx(0),|632dscov(3),434akocx(0),|145orxty(3),1npfer(3),81jzwmt(3),632dscov(3),243fabcx(3),278blewm(2),434akocx(0),|632dscov(3),278blewm(2),434akocx(0),;13470,17560.9,6639.9,16972,35.840232384642,15.536245561113,34.951337325818,14.647350502289,651.180343853675
632dscov(3),278blewm(2),434akocx(1),107waxei(0),|632dscov(3),434akocx(2),107waxei(0),|145orxty(3),1npfer(3),81jzwmt(3),632dscov(3),243fabcx(3),278blewm(2),434akocx(1),107waxei(0),|632dscov(3),278blewm(3),434akocx(1),107waxei(0),;12533,16623.9,3829.02,16035,40.956011065263,20.652024241734,51.354728241733,19.76312918291,656.180343853675
632dscov(3),278blewm(3),434akocx(2),107waxei(1),|632dscov(3),434akocx(2),107waxei(1),|145orxty(3),1npfer(3),81jzwmt(3),632dscov(3),243fabcx(3),278blewm(2),434akocx(1),107waxei(1),|632dscov(3),278blewm(3),434akocx(2),107waxei(1),;12533,16623.9,3829.02,16035,35.956011065263,15.652024241734,46.354728241733,14.76312918291,661.180343853675
632dscov(3),278blewm(3),434akocx(2),107waxei(1),|632dscov(3),434akocx(2),107waxei(1),|145orxty(3),1npfer(3),632dscov(3),243fabcx(3),278blewm(3),434akocx(2),107waxei(1),|632dscov(3),278blewm(3),107waxei(2),;12533,16623.9,8774.94,16951.5,30.956011065263,10.652024241734,41.354728241733,9.76312918291,666.180343853675
632dscov(3),278blewm(3),434akocx(2),107waxei(1),|632dscov(3),107waxei(2),|145orxty(3),1npfer(3),632dscov(3),243fabcx(3),278blewm(3),434akocx(2),107waxei(1),|632dscov(3),278blewm(3),107waxei(3),;12533,18456.9,8774.94,16951.5,25.956011065263,5.652024241734,36.354728241733,4.76312918291,671.180343853675
632dscov(3),278blewm(3),434akocx(2),107waxei(1),|632dscov(3),107waxei(3),|145orxty(3),1npfer(3),632dscov(3),243fabcx(3),278blewm(3),434akocx(2),107waxei(1),|632dscov(3),278blewm(3),107waxei(3),;12533,18456.9,8774.94,16951.5,20.956011065263,0.652024241734,31.354728241733,0,676.180343853675
632dscov(3),278blewm(3),434akocx(2),107waxei(1),|632dscov(3),107waxei(3),|145orxty(3),1npfer(3),632dscov(3),243fabcx(3),278blewm(3),434akocx(2),107waxei(1),|632dscov(3),278blewm(3),107waxei(3),;12533,18456.9,8774.94,16951.5,15.956011065263,0,26.354728241733,0,681.180343853675
632dscov(3),278blewm(3),434akocx(3),107waxei(2),|632dscov(3),107waxei(3),|145orxty(3),632dscov(3),243fabcx(3),278blewm(3),434akocx(3),107waxei(2),|632dscov(3),278blewm(3),107waxei(3),;12533,18456.9,9430.3,16951.5,10.956011065263,0,21.354728241733,0,686.180343853675
632dscov(3),434akocx(3),107waxei(3),278kyjhb(0),|632dscov(3),107waxei(3),278kyjhb(0),|145orxty(3),632dscov(3),243fabcx(3),434akocx(3),107waxei(2),278kyjhb(0),|632dscov(3),107waxei(3),;11826.4,13516.1,10464.5,18456.8,29.354889450557,30.312107178678,33.801395803498,0,691.180343853675
632dscov(3),434akocx(3),107waxei(3),278kyjhb(2),|632dscov(3),107waxei(3),278kyjhb(2),|145orxty(3),632dscov(3),243fabcx(3),434akocx(3),107waxei(2),278kyjhb(1),|632dscov(3),107waxei(3),;11826.4,13516.1,10464.5,18456.8,24.354889450557,25.312107178678,28.801395803498,0,696.180343853675
632dscov(3),434akocx(3),107waxei(3),278kyjhb(2),|632dscov(3),107waxei(3),278kyjhb(2),|145orxty(3),632dscov(3),434akocx(3),107waxei(3),278kyjhb(2),|632dscov(3),107waxei(3),;11826.4,13516.1,11012.3,18456.8,19.354889450557,20.312107178678,23.801395803498,0,701.180343853675
632dscov(3),434akocx(3),107waxei(3),278kyjhb(2),|632dscov(3),107waxei(3),278kyjhb(2),|145orxty(3),632dscov(3),434akocx(3),107waxei(3),278kyjhb(2),|632dscov(3),107waxei(3),;11826.4,13516.1,11012.3,18456.8,14.354889450557,15.312107178678,18.801395803498,0,706.180343853675
632dscov(3),434akocx(3),107waxei(3),278kyjhb(3),|632dscov(3),107waxei(3),278kyjhb(2),|145orxty(3),632dscov(3),434akocx(3),107waxei(3),278kyjhb(2),|632dscov(3),107waxei(3),;11826.4,13516.1,11012.3,18456.8,9.354889450557,10.312107178678,13.801395803498,0,711.180343853675
632dscov(3),434akocx(3),107waxei(3),278kyjhb(3),|632dscov(3),107waxei(3),278kyjhb(2),|145orxty(3),632dscov(3),434akocx(3),107waxei(3),278kyjhb(3),|632dscov(3),107waxei(3),;11826.4,13516.1,11012.3,18456.8,4.354889450557,5.312107178678,8.801395803498,0,716.180343853675
632dscov(3),434akocx(3),107waxei(3),278kyjhb(3),|632dscov(3),107waxei(3),278kyjhb(2),|145orxty(3),632dscov(3),434akocx(3),107waxei(3),278kyjhb(3),|632dscov(3),107waxei(3),;11826.4,13516.1,11012.3,18456.8,0,0.312107178678,3.801395803498,0,721.180343853675
632dscov(3),434akocx(3),107waxei(3),278kyjhb(3),|632dscov(3),107waxei(3),278kyjhb(3),|145orxty(3),632dscov(3),434akocx(3),107waxei(3),278kyjhb(3),|632dscov(3),107waxei(3),;11826.4,13516.1,11012.3,18456.8,0,0,0,0,726.180343853675
632dscov(3),434akocx(3),107waxei(3),278kyjhb(3),|632dscov(3),107waxei(3),278kyjhb(3),|145orxty(3),632dscov(3),434akocx(3),107waxei(3),278kyjhb(3),|632dscov(3),107waxei(3),;11826.4,13516.1,11012.3,18456.8,0,0,0,0,731.180343853675
632dscov(3),434akocx(3),107waxei(3),278kyjhb(3),|632dscov(3),107waxei(3),278kyjhb(3),|145orxty(3),632dscov(3),434akocx(3),107waxei(3),278kyjhb(3),|632dscov(3),107waxei(3),;11826.4,13516.1,11012.3,18456.8,0,0,0,0,736.180343853675
632dscov(3),434akocx(3),107waxei(3),278kyjhb(3),|632dscov(3),107waxei(3),278kyjhb(3),|145orxty(3),632dscov(3),434akocx(3),107waxei(3),278kyjhb(3),|632dscov(3),107waxei(3),;11826.4,13516.1,11012.3,18456.8,0,0,0,0,741.180343853675
434akocx(3),107waxei(3),278kyjhb(3),|107waxei(3),278kyjhb(3),|145orxty(3),434akocx(3),107waxei(3),278kyjhb(3),|107waxei(3),;12604.6,14294.3,11790.5,19235,0,0,0,0,746.180343853675
434akocx(3),107waxei(3),278kyjhb(3),|107waxei(3),278kyjhb(3),|145orxty(3),434akocx(3),107waxei(3),278kyjhb(3),|107waxei(3),;12604.6,14294.3,11790.5,19235,0,0,0,0,751.180343853675
434akocx(3),107waxei(3),278kyjhb(3),|107waxei(3),278kyjhb(3),|145orxty(3),434akocx(3),107waxei(3),278kyjhb(3),|107waxei(3),;12604.6,14294.3,11790.5,19235,0,0,0,0,756.180343853675
434akocx(3),107waxei(3),278kyjhb(3),|107waxei(3),278kyjhb(3),|145orxty(3),434akocx(3),107waxei(3),278kyjhb(3),|107waxei(3),;12604.6,14294.3,11790.5,19235,0,0,0,0,761.180343853675
434akocx(3),107waxei(3),278kyjhb(3),|107waxei(3),278kyjhb(3),|145orxty(3),434akocx(3),107waxei(3),278kyjhb(3),|107waxei(3),;12604.6,14294.3,11790.5,19235,0,0,0,0,766.180343853675
434akocx(3),107waxei(3),278kyjhb(3),|107waxei(3),278kyjhb(3),|145orxty(3),434akocx(3),107waxei(3),278kyjhb(3),|107waxei(3),;12604.6,14294.3,11790.5,19235,0,0,0,0,771.180343853675
434akocx(3),107waxei(3),278kyjhb(3),|107waxei(3),278kyjhb(3),|145orxty(3),434akocx(3),107waxei(3),278kyjhb(3),|107waxei(3),;12604.6,14294.3,11790.5,19235,0,0,0,0,776.180343853675
434akocx(3),107waxei(3),278kyjhb(3),|107waxei(3),278kyjhb(3),|145orxty(3),434akocx(3),107waxei(3),278kyjhb(3),|107waxei(3),;12604.6,14294.3,11790.5,19235,0,0,0,0,781.180343853675
434akocx(3),107waxei(3),278kyjhb(3),|107waxei(3),278kyjhb(3),|145orxty(3),434akocx(3),107waxei(3),278kyjhb(3),|107waxei(3),;12604.6,14294.3,11790.5,19235,0,0,0,0,786.180343853675
434akocx(3),107waxei(3),|107waxei(3),|145orxty(3),434akocx(3),107waxei(3),|;15569.1,19235.1,13766.8,20172,0,0,0,0,791.180343853675
107waxei(3),||145orxty(3),107waxei(3),|;19235,20172.1,16516.2,20172,0,0,0,0,796.180343853675
107waxei(3),||145orxty(3),107waxei(3),|;19235,20172.1,16516.2,20172,0,0,0,0,801.180343853675
107waxei(3),||145orxty(3),107waxei(3),|;19235,20172.1,16516.2,20172,0,0,0,0,806.180343853675
107waxei(3),||145orxty(3),107waxei(3),|;19235,20172.1,16516.2,20172,0,0,0,0,811.180343853675
107waxei(3),||145orxty(3),107waxei(3),|;19235,20172.1,16516.2,20172,0,0,0,0,816.180343853675
107waxei(3),||145orxty(3),107waxei(3),|;19235,20172.1,16516.2,20172,0,0,0,0,821.180343853675
107waxei(3),||145orxty(3),107waxei(3),|;19235,20172.1,16516.2,20172,0,0,0,0,826.180343853675
107waxei(3),||145orxty(3),107waxei(3),|;19235,20172.1,16516.2,20172,0,0,0,0,831.180343853675
107waxei(3),||145orxty(3),107waxei(3),|;19235,20172.1,16516.2,20172,0,0,0,0,836.180343853675
107waxei(3),||145orxty(3),107waxei(3),|;19235,20172.1,16516.2,20172,0,0,0,0,841.180343853675
107waxei(3),||145orxty(3),107waxei(3),|;19235,20172.1,16516.2,20172,0,0,0,0,846.180343853675
107waxei(3),202zsglc(0),||145orxty(3),107waxei(3),202zsglc(0),|;18651.3,20172.1,15932.5,20172,5.91416252237,0,5.91416252237,0,851.180343853675
107waxei(3),202zsglc(2),||145orxty(3),107waxei(3),202zsglc(2),|;18651.3,20172.1,15932.5,20172,0.91416252237,0,0.91416252237,0,856.180343853675
107waxei(3),202zsglc(3),||145orxty(3),107waxei(3),202zsglc(3),|;18651.3,20172.1,15932.5,20172,0,0,0,0,861.180343853675
107waxei(3),202zsglc(3),||145orxty(3),107waxei(3),202zsglc(3),|;18651.3,20172.1,15932.5,20172,0,0,0,0,866.180343853675
107waxei(3),202zsglc(3),||145orxty(3),107waxei(3),202zsglc(3),|;18651.3,20172.1,15932.5,20172,0,0,0,0,871.180343853675
107waxei(3),202zsglc(3),||107waxei(3),202zsglc(3),|;18651.3,20172.1,16777.3,20172,0,0,0,0,876.180343853675
107waxei(3),202zsglc(3),||107waxei(3),202zsglc(3),|;18651.3,20172.1,16777.3,20172,0,0,0,0,881.180343853675
202zsglc(3),||202zsglc(3),|;19588.3,20172.1,19588.2,20172,0,0,0,0,886.180343853675
202zsglc(3),||202zsglc(3),|;19588.3,20172.1,19588.2,20172,0,0,0,0,891.180343853675
202zsglc(3),||202zsglc(3),|;19588.3,20172.1,19588.2,20172,0,0,0,0,896.180343853675
202zsglc(3),||202zsglc(3),|;19588.3,20172.1,19588.2,20172,0,0,0,0,901.180343853675
202zsglc(3),||202zsglc(3),|;19588.3,20172.1,19588.2,20172,0,0,0,0,906.180343853675
202zsglc(3),||202zsglc(3),|;19588.3,20172.1,19588.2,20172,0,0,0,0,911.180343853675
202zsglc(3),||202zsglc(3),|;19588.3,20172.1,19588.2,20172,0,0,0,0,916.180343853675
202zsglc(3),||202zsglc(3),|;19588.3,20172.1,19588.2,20172,0,0,0,0,921.180343853675
202zsglc(3),||202zsglc(3),|;19588.3,20172.1,19588.2,20172,0,0,0,0,926.180343853675
202zsglc(3),||202zsglc(3),|;19588.3,20172.1,19588.2,20172,0,0,0,0,931.180343853675
202zsglc(3),||202zsglc(3),|;19588.3,20172.1,19588.2,20172,0,0,0,0,936.180343853675
202zsglc(3),||202zsglc(3),|;19588.3,20172.1,19588.2,20172,0,0,0,0,941.180343853675
202zsglc(3),||202zsglc(3),|;19588.3,20172.1,19588.2,20172,0,0,0,0,946.180343853675
202zsglc(3),||202zsglc(3),|;19588.3,20172.1,19588.2,20172,0,0,0,0,951.180343853675
202zsglc(3),||202zsglc(3),|;19588.3,20172.1,19588.2,20172,0,0,0,0,956.180343853675
202zsglc(3),||202zsglc(3),|;19588.3,20172.1,19588.2,20172,0,0,0,0,961.180343853675
202zsglc(3),||202zsglc(3),|;19588.3,20172.1,19588.2,20172,0,0,0,0,966.180343853675
202zsglc(3),||202zsglc(3),|;19588.3,20172.1,19588.2,20172,0,0,0,0,971.180343853675
202zsglc(3),||202zsglc(3),|;19588.3,20172.1,19588.2,20172,0,0,0,0,976.180343853675
202zsglc(3),||202zsglc(3),|;19588.3,20172.1,19588.2,20172,0,0,0,0,981.180343853675
202zsglc(3),||202zsglc(3),|;19588.3,20172.1,19588.2,20172,0,0,0,0,986.180343853675
202zsglc(3),||202zsglc(3),|;19588.3,20172.1,19588.2,20172,0,0,0,0,991.180343853675
202zsglc(3),||202zsglc(3),|;19588.3,20172.1,19588.2,20172,0,0,0,0,996.180343853675
202zsglc(3),||202zsglc(3),|;19588.3,20172.1,19588.2,20172,0,0,0,0,1001.180343853675
202zsglc(3),||202zsglc(3),|;19588.3,20172.1,19588.2,20172,0,0,0,0,1006.180343853675
202zsglc(3),||202zsglc(3),|;19588.3,20172.1,19588.2,20172,0,0,0,0,1011.180343853675
202zsglc(3),||202zsglc(3),|;19588.3,20172.1,19588.2,20172,0,0,0,0,1016.180343853675
202zsglc(3),||202zsglc(3),|;19588.3,20172.1,19588.2,20172,0,0,0,0,1021.180343853675
202zsglc(3),||202zsglc(3),|;19588.3,20172.1,19588.2,20172,0,0,0,0,1026.180343853675
202zsglc(3),||202zsglc(3),552brunj(0),|;19588.3,20172.1,18641,20172,0,0,8.624604792506,0,1031.180343853675
||552brunj(2),|;20172,20172.1,19224.7,20172,0,0,3.624604792506,0,1036.180343853675
|||;20172,20172.1,20171.9,20172,0,0,0,0,1041.180343853675
|||;20172,20172.1,20171.9,20172,0,0,0,0,1046.180343853675
|||;20172,20172.1,20171.9,20172,0,0,0,0,1051.180343853675
|||;20172,20172.1,20171.9,20172,0,0,0,0,1056.180343853675
|||;20172,20172.1,20171.9,20172,0,0,0,0,1061.180343853675
|||;20172,20172.1,20171.9,20172,0,0,0,0,1066.180343853675
|||;20172,20172.1,20171.9,20172,0,0,0,0,1071.180343853675
|||;20172,20172.1,20171.9,20172,0,0,0,0,1076.180343853675
|||;20172,20172.1,20171.9,20172,0,0,0,0,1081.180343853675
|||;20172,20172.1,20171.9,20172,0,0,0,0,1086.180343853675
|||;20172,20172.1,20171.9,20172,0,0,0,0,1091.180343853675
|||;20172,20172.1,20171.9,20172,0,0,0,0,1096.180343853675
|||;20172,20172.1,20171.9,20172,0,0,0,0,1101.180343853675
|||;20172,20172.1,20171.9,20172,0,0,0,0,1106.180343853675
|||;20172,20172.1,20171.9,20172,0,0,0,0,1111.180343853675
182nypda(0),|446ncjve(2),||;19429.6,19562.8,20171.9,20172,6.052818884467,2.903775482178,0,0,1116.180343853675
182nypda(2),|||;19429.6,20172.1,20171.9,20172,1.052818884467,0,0,0,1121.180343853675
182nypda(3),|||;19429.6,20172.1,20171.9,20172,0,0,0,0,1126.180343853675
182nypda(3),|||;19429.6,20172.1,20171.9,20172,0,0,0,0,1131.180343853675
182nypda(3),|||;19429.6,20172.1,20171.9,20172,0,0,0,0,1136.180343853675
182nypda(3),|||;19429.6,20172.1,20171.9,20172,0,0,0,0,1141.180343853675
182nypda(3),|||;19429.6,20172.1,20171.9,20172,0,0,0,0,1146.180343853675
182nypda(3),|||;19429.6,20172.1,20171.9,20172,0,0,0,0,1151.180343853675
182nypda(3),|||;19429.6,20172.1,20171.9,20172,0,0,0,0,1156.180343853675
182nypda(3),|||;19429.6,20172.1,20171.9,20172,0,0,0,0,1161.180343853675
182nypda(3),|||;19429.6,20172.1,20171.9,20172,0,0,0,0,1166.180343853675
182nypda(3),|||;19429.6,20172.1,20171.9,20172,0,0,0,0,1171.180343853675
182nypda(3),|||;19429.6,20172.1,20171.9,20172,0,0,0,0,1176.180343853675
182nypda(3),|||;19429.6,20172.1,20171.9,20172,0,0,0,0,1181.180343853675
182nypda(3),|||;19429.6,20172.1,20171.9,20172,0,0,0,0,1186.180343853675
182nypda(3),|||;19429.6,20172.1,20171.9,20172,0,0,0,0,1191.180343853675
182nypda(3),|||;19429.6,20172.1,20171.9,20172,0,0,0,0,1196.180343853675
182nypda(3),|||;19429.6,20172.1,20171.9,20172,0,0,0,0,1201.180343853675
182nypda(3),|||;19429.6,20172.1,20171.9,20172,0,0,0,0,1206.180343853675
182nypda(3),|||;19429.6,20172.1,20171.9,20172,0,0,0,0,1211.180343853675
182nypda(3),|||;19429.6,20172.1,20171.9,20172,0,0,0,0,1216.180343853675
182nypda(3),|||;19429.6,20172.1,20171.9,20172,0,0,0,0,1221.180343853675
182nypda(3),|||;19429.6,20172.1,20171.9,20172,0,0,0,0,1226.180343853675
182nypda(3),|||;19429.6,20172.1,20171.9,20172,0,0,0,0,1231.180343853675
182nypda(3),|||;19429.6,20172.1,20171.9,20172,0,0,0,0,1236.180343853675
182nypda(3),|||;19429.6,20172.1,20171.9,20172,0,0,0,0,1241.180343853675
182nypda(3),|||;19429.6,20172.1,20171.9,20172,0,0,0,0,1246.180343853675
182nypda(3),|||;19429.6,20172.1,20171.9,20172,0,0,0,0,1251.180343853675
|||;20172,20172.1,20171.9,20172,0,0,0,0,1256.180343853675
|||;20172,20172.1,20171.9,20172,0,0,0,0,1261.180343853675
640oqpny(2),|||;19557.6,20172.1,20171.9,20172,1.604347162973,0,0,0,1266.180343853675
|||;20172,20172.1,20171.9,20172,0,0,0,0,1271.180343853675
|||;20172,20172.1,20171.9,20172,0,0,0,0,1276.180343853675
|||;20172,20172.1,20171.9,20172,0,0,0,0,1281.180343853675
|||;20172,20172.1,20171.9,20172,0,0,0,0,1286.180343853675
|||;20172,20172.1,20171.9,20172,0,0,0,0,1291.180343853675
|||;20172,20172.1,20171.9,20172,0,0,0,0,1296.180343853675
|||;20172,20172.1,20171.9,20172,0,0,0,0,1301.180343853675
|||;20172,20172.1,20171.9,20172,0,0,0,0,1306.180343853675
|640zpcsq(2),|640zpcsq(2),|640zpcsq(2),;20172,17560.9,17560.7,17560.8,0,12.884702534809,12.884702534809,12.884702534809,1311.180343853675
|640zpcsq(2),|640zpcsq(2),|640zpcsq(2),;20172,17560.9,17560.7,17560.8,0,7.884702534809,7.884702534809,7.884702534809,1316.180343853675
|640zpcsq(2),|640zpcsq(2),|640zpcsq(2),;20172,17560.9,17560.7,17560.8,0,2.884702534809,2.884702534809,2.884702534809,1321.180343853675
|640zpcsq(3),40rnlug(2),|640zpcsq(3),40rnlug(2),|640zpcsq(3),;20172,15425.9,16849,17560.8,0,15.02708921937,6.082771729174,0,1326.180343853675
|640zpcsq(3),40rnlug(2),|640zpcsq(3),40rnlug(3),|640zpcsq(3),;20172,15425.9,16849,17560.8,0,10.02708921937,1.082771729174,0,1331.180343853675
|640zpcsq(3),40rnlug(2),|640zpcsq(3),40rnlug(3),|640zpcsq(3),;20172,15425.9,16849,17560.8,0,5.02708921937,0,0,1336.180343853675
|640zpcsq(3),40rnlug(3),|640zpcsq(3),40rnlug(3),|640zpcsq(3),;20172,15425.9,16849,17560.8,0,0.02708921937,0,0,1341.180343853675
|640zpcsq(3),40rnlug(3),|640zpcsq(3),40rnlug(3),|640zpcsq(3),;20172,15425.9,16849,17560.8,0,0,0,0,1346.180343853675
|640zpcsq(3),40rnlug(3),|640zpcsq(3),40rnlug(3),|640zpcsq(3),;20172,15425.9,16849,17560.8,0,0,0,0,1351.180343853675
|640zpcsq(3),40rnlug(3),|640zpcsq(3),40rnlug(3),|640zpcsq(3),;20172,15425.9,16849,17560.8,0,0,0,0,1356.180343853675
|640zpcsq(3),40rnlug(3),|640zpcsq(3),40rnlug(3),|640zpcsq(3),;20172,15425.9,16849,17560.8,0,0,0,0,1361.180343853675
|640zpcsq(3),40rnlug(3),|640zpcsq(3),40rnlug(3),|640zpcsq(3),;20172,15425.9,16849,17560.8,0,0,0,0,1366.180343853675
|640zpcsq(3),40rnlug(3),|640zpcsq(3),40rnlug(3),|640zpcsq(3),;20172,15425.9,16849,17560.8,0,0,0,0,1371.180343853675
|640zpcsq(3),40rnlug(3),|640zpcsq(3),40rnlug(3),|640zpcsq(3),;20172,15425.9,16849,17560.8,0,0,0,0,1376.180343853675
|640zpcsq(3),40rnlug(3),|640zpcsq(3),40rnlug(3),|640zpcsq(3),;20172,15425.9,16849,17560.8,0,0,0,0,1381.180343853675
|40rnlug(3),|40rnlug(3),|;20172,18037.1,19460.2,20172,0,0,0,0,1386.180343853675
|40rnlug(3),|40rnlug(3),|;20172,18037.1,19460.2,20172,0,0,0,0,1391.180343853675
|40rnlug(3),|40rnlug(3),|;20172,18037.1,19460.2,20172,0,0,0,0,1396.180343853675
|40rnlug(3),|40rnlug(3),|;20172,18037.1,19460.2,20172,0,0,0,0,1401.180343853675
|40rnlug(3),|40rnlug(3),|;20172,18037.1,19460.2,20172,0,0,0,0,1406.180343853675
|40rnlug(3),|40rnlug(3),|;20172,18037.1,19460.2,20172,0,0,0,0,1411.180343853675
|40rnlug(3),|40rnlug(3),|;20172,18037.1,19460.2,20172,0,0,0,0,1416.180343853675
|40rnlug(3),|40rnlug(3),|;20172,18037.1,19460.2,20172,0,0,0,0,1421.180343853675
|40rnlug(3),|40rnlug(3),|;20172,18037.1,19460.2,20172,0,0,0,0,1426.180343853675
|40rnlug(3),|40rnlug(3),|;20172,18037.1,19460.2,20172,0,0,0,0,1431.180343853675
|40rnlug(3),|40rnlug(3),|;20172,18037.1,19460.2,20172,0,0,0,0,1436.180343853675
|40rnlug(3),|40rnlug(3),|;20172,18037.1,19460.2,20172,0,0,0,0,1441.180343853675
|40rnlug(3),|40rnlug(3),|;20172,18037.1,19460.2,20172,0,0,0,0,1446.180343853675
|40rnlug(3),|40rnlug(3),|;20172,18037.1,19460.2,20172,0,0,0,0,1451.180343853675
|40rnlug(3),|40rnlug(3),106cfuva(0),|;20172,18037.1,18543.7,20172,0,0,7.169106776752,0,1456.180343853675
|40rnlug(3),|40rnlug(3),106cfuva(2),|;20172,18037.1,18543.7,20172,0,0,2.169106776752,0,1461.180343853675
|40rnlug(3),|40rnlug(3),|;20172,18037.1,19460.2,20172,0,0,0,0,1466.180343853675
|40rnlug(3),|40rnlug(3),|;20172,18037.1,19460.2,20172,0,0,0,0,1471.180343853675
|40rnlug(3),|40rnlug(3),|;20172,18037.1,19460.2,20172,0,0,0,0,1476.180343853675
|40rnlug(3),|40rnlug(3),|;20172,18037.1,19460.2,20172,0,0,0,0,1481.180343853675
|40rnlug(3),|40rnlug(3),|;20172,18037.1,19460.2,20172,0,0,0,0,1486.180343853675
|40rnlug(3),|40rnlug(3),|;20172,18037.1,19460.2,20172,0,0,0,0,1491.180343853675
|40rnlug(3),|40rnlug(3),|;20172,18037.1,19460.2,20172,0,0,0,0,1496.180343853675
|40rnlug(3),|40rnlug(3),|;20172,18037.1,19460.2,20172,0,0,0,0,1501.180343853675
|40rnlug(3),|40rnlug(3),|;20172,18037.1,19460.2,20172,0,0,0,0,1506.180343853675
|40rnlug(3),|40rnlug(3),|;20172,18037.1,19460.2,20172,0,0,0,0,1511.180343853675
|40rnlug(3),|40rnlug(3),|;20172,18037.1,19460.2,20172,0,0,0,0,1516.180343853675
|40rnlug(3),|40rnlug(3),|;20172,18037.1,19460.2,20172,0,0,0,0,1521.180343853675
|40rnlug(3),|40rnlug(3),|;20172,18037.1,19460.2,20172,0,0,0,0,1526.180343853675
|40rnlug(3),|40rnlug(3),|;20172,18037.1,19460.2,20172,0,0,0,0,1531.180343853675
|40rnlug(3),|40rnlug(3),|;20172,18037.1,19460.2,20172,0,0,0,0,1536.180343853675
|40rnlug(3),|40rnlug(3),|;20172,18037.1,19460.2,20172,0,0,0,0,1541.180343853675
534lfvzc(2),|40rnlug(3),|40rnlug(3),|;19480.8,18037.1,19460.2,20172,4.253515587626,0,0,0,1546.180343853675
534lfvzc(3),|40rnlug(3),|40rnlug(3),|;19480.8,18037.1,19460.2,20172,0,0,0,0,1551.180343853675
534lfvzc(3),|40rnlug(3),|40rnlug(3),|;19480.8,18037.1,19460.2,20172,0,0,0,0,1556.180343853675
534lfvzc(3),|40rnlug(3),|40rnlug(3),|;19480.8,18037.1,19460.2,20172,0,0,0,0,1561.180343853675
534lfvzc(3),|40rnlug(3),|40rnlug(3),|;19480.8,18037.1,19460.2,20172,0,0,0,0,1566.180343853675
534lfvzc(3),|40rnlug(3),|40rnlug(3),|;19480.8,18037.1,19460.2,20172,0,0,0,0,1571.180343853675
534lfvzc(3),|40rnlug(3),|40rnlug(3),|;19480.8,18037.1,19460.2,20172,0,0,0,0,1576.180343853675
534lfvzc(3),|40rnlug(3),|40rnlug(3),|;19480.8,18037.1,19460.2,20172,0,0,0,0,1581.180343853675
534lfvzc(3),|40rnlug(3),|40rnlug(3),|;19480.8,18037.1,19460.2,20172,0,0,0,0,1586.180343853675
534lfvzc(3),169mvaqk(0),|40rnlug(3),|40rnlug(3),|;18636,18037.1,19460.2,20172,5.492499803825,0,0,0,1591.180343853675
534lfvzc(3),169mvaqk(2),|40rnlug(3),|40rnlug(3),|;18636,18037.1,19460.2,20172,0.492499803825,0,0,0,1596.180343853675
534lfvzc(3),|40rnlug(3),|40rnlug(3),|;19480.8,18037.1,19460.2,20172,0,0,0,0,1601.180343853675
534lfvzc(3),|40rnlug(3),|40rnlug(3),|;19480.8,18037.1,19460.2,20172,0,0,0,0,1606.180343853675
534lfvzc(3),|40rnlug(3),|40rnlug(3),|;19480.8,18037.1,19460.2,20172,0,0,0,0,1611.180343853675
534lfvzc(3),|40rnlug(3),|40rnlug(3),|;19480.8,18037.1,19460.2,20172,0,0,0,0,1616.180343853675
534lfvzc(3),|40rnlug(3),|40rnlug(3),|;19480.8,18037.1,19460.2,20172,0,0,0,0,1621.180343853675
534lfvzc(3),|40rnlug(3),|40rnlug(3),|;19480.8,18037.1,19460.2,20172,0,0,0,0,1626.180343853675
534lfvzc(3),|40rnlug(3),|40rnlug(3),|;19480.8,18037.1,19460.2,20172,0,0,0,0,1631.180343853675
534lfvzc(3),|40rnlug(3),|40rnlug(3),|;19480.8,18037.1,19460.2,20172,0,0,0,0,1636.180343853675
534lfvzc(3),|40rnlug(3),|40rnlug(3),|;19480.8,18037.1,19460.2,20172,0,0,0,0,1641.180343853675
534lfvzc(3),|40rnlug(3),|40rnlug(3),|;19480.8,18037.1,19460.2,20172,0,0,0,0,1646.180343853675
534lfvzc(3),|40rnlug(3),|40rnlug(3),|;19480.8,18037.1,19460.2,20172,0,0,0,0,1651.180343853675
534lfvzc(3),|40rnlug(3),|40rnlug(3),|;19480.8,18037.1,19460.2,20172,0,0,0,0,1656.180343853675
534lfvzc(3),|40rnlug(3),|40rnlug(3),|;19480.8,18037.1,19460.2,20172,0,0,0,0,1661.180343853675
534lfvzc(3),|40rnlug(3),|40rnlug(3),|;19480.8,18037.1,19460.2,20172,0,0,0,0,1666.180343853675
534lfvzc(3),|40rnlug(3),|40rnlug(3),|;19480.8,18037.1,19460.2,20172,0,0,0,0,1671.180343853675
534lfvzc(3),|40rnlug(3),|40rnlug(3),|;19480.8,18037.1,19460.2,20172,0,0,0,0,1676.180343853675
534lfvzc(3),|40rnlug(3),|40rnlug(3),|;19480.8,18037.1,19460.2,20172,0,0,0,0,1681.180343853675
534lfvzc(3),|40rnlug(3),|40rnlug(3),|;19480.8,18037.1,19460.2,20172,0,0,0,0,1686.180343853675
534lfvzc(3),|40rnlug(3),|40rnlug(3),|;19480.8,18037.1,19460.2,20172,0,0,0,0,1691.180343853675
534lfvzc(3),|40rnlug(3),|40rnlug(3),|;19480.8,18037.1,19460.2,20172,0,0,0,0,1696.180343853675
534lfvzc(3),|40rnlug(3),|40rnlug(3),|;19480.8,18037.1,19460.2,20172,0,0,0,0,1701.180343853675
534lfvzc(3),|40rnlug(3),|40rnlug(3),|;19480.8,18037.1,19460.2,20172,0,0,0,0,1706.180343853675
534lfvzc(3),|40rnlug(3),|40rnlug(3),|;19480.8,18037.1,19460.2,20172,0,0,0,0,1711.180343853675
534lfvzc(3),|40rnlug(3),|40rnlug(3),|;19480.8,18037.1,19460.2,20172,0,0,0,0,1716.180343853675
534lfvzc(3),|40rnlug(3),|40rnlug(3),|;19480.8,18037.1,19460.2,20172,0,0,0,0,1721.180343853675
534lfvzc(3),104yixwf(2),|40rnlug(3),104yixwf(2),|40rnlug(3),104yixwf(2),|104yixwf(2),;17775.8,16332.1,18323.6,19035.4,8.849662855871,8.849662855871,5.426370620577,5.426370620577,1726.180343853675
534lfvzc(3),104yixwf(2),|40rnlug(3),104yixwf(2),|40rnlug(3),104yixwf(2),|104yixwf(2),;17775.8,16332.1,18323.6,19035.4,3.849662855871,3.849662855871,0.426370620577,0.426370620577,1731.180343853675
534lfvzc(3),|40rnlug(3),|40rnlug(3),|;19480.8,18037.1,19460.2,20172,0,0,0,0,1736.180343853675
534lfvzc(3),|40rnlug(3),|40rnlug(3),|;19480.8,18037.1,19460.2,20172,0,0,0,0,1741.180343853675
534lfvzc(3),|40rnlug(3),|40rnlug(3),|;19480.8,18037.1,19460.2,20172,0,0,0,0,1746.180343853675
534lfvzc(3),|40rnlug(3),|40rnlug(3),|;19480.8,18037.1,19460.2,20172,0,0,0,0,1751.180343853675
534lfvzc(3),|40rnlug(3),|40rnlug(3),|;19480.8,18037.1,19460.2,20172,0,0,0,0,1756.180343853675
534lfvzc(3),|40rnlug(3),|40rnlug(3),|;19480.8,18037.1,19460.2,20172,0,0,0,0,1761.180343853675
534lfvzc(3),|40rnlug(3),|40rnlug(3),|;19480.8,18037.1,19460.2,20172,0,0,0,0,1766.180343853675
534lfvzc(3),|40rnlug(3),|40rnlug(3),|;19480.8,18037.1,19460.2,20172,0,0,0,0,1771.180343853675
534lfvzc(3),|40rnlug(3),||;19480.8,18037.1,20171.9,20172,0,0,0,0,1776.180343853675
534lfvzc(3),|40rnlug(3),||;19480.8,18037.1,20171.9,20172,0,0,0,0,1781.180343853675
534lfvzc(3),|40rnlug(3),||;19480.8,18037.1,20171.9,20172,0,0,0,0,1786.180343853675
534lfvzc(3),|40rnlug(3),||;19480.8,18037.1,20171.9,20172,0,0,0,0,1791.180343853675
534lfvzc(3),|40rnlug(3),||;19480.8,18037.1,20171.9,20172,0,0,0,0,1796.180343853675
534lfvzc(3),|40rnlug(3),||;19480.8,18037.1,20171.9,20172,0,0,0,0,1801.180343853675
534lfvzc(3),|40rnlug(3),||;19480.8,18037.1,20171.9,20172,0,0,0,0,1806.180343853675
534lfvzc(3),|40rnlug(3),||;19480.8,18037.1,20171.9,20172,0,0,0,0,1811.180343853675
534lfvzc(3),|40rnlug(3),||;19480.8,18037.1,20171.9,20172,0,0,0,0,1816.180343853675
534lfvzc(3),|40rnlug(3),||;19480.8,18037.1,20171.9,20172,0,0,0,0,1821.180343853675
534lfvzc(3),|40rnlug(3),||;19480.8,18037.1,20171.9,20172,0,0,0,0,1826.180343853675
534lfvzc(3),|40rnlug(3),||;19480.8,18037.1,20171.9,20172,0,0,0,0,1831.180343853675
534lfvzc(3),|40rnlug(3),||;19480.8,18037.1,20171.9,20172,0,0,0,0,1836.180343853675
|40rnlug(3),||;20172,18037.1,20171.9,20172,0,0,0,0,1841.180343853675
|40rnlug(3),||;20172,18037.1,20171.9,20172,0,0,0,0,1846.180343853675
|40rnlug(3),||;20172,18037.1,20171.9,20172,0,0,0,0,1851.180343853675
|40rnlug(3),||;20172,18037.1,20171.9,20172,0,0,0,0,1856.180343853675
|40rnlug(3),||;20172,18037.1,20171.9,20172,0,0,0,0,1861.180343853675
|40rnlug(3),||;20172,18037.1,20171.9,20172,0,0,0,0,1866.180343853675
|40rnlug(3),||;20172,18037.1,20171.9,20172,0,0,0,0,1871.180343853675
|||;20172,20172.1,20171.9,20172,0,0,0,0,1876.180343853675
|||;20172,20172.1,20171.9,20172,0,0,0,0,1881.180343853675
|||;20172,20172.1,20171.9,20172,0,0,0,0,1886.180343853675
|||;20172,20172.1,20171.9,20172,0,0,0,0,1891.180343853675
|||;20172,20172.1,20171.9,20172,0,0,0,0,1896.180343853675
|||;20172,20172.1,20171.9,20172,0,0,0,0,1901.180343853675
|||;20172,20172.1,20171.9,20172,0,0,0,0,1906.180343853675
|||;20172,20172.1,20171.9,20172,0,0,0,0,1911.180343853675
|||;20172,20172.1,20171.9,20172,0,0,0,0,1916.180343853675
|||;20172,20172.1,20171.9,20172,0,0,0,0,1921.180343853675
|||;20172,20172.1,20171.9,20172,0,0,0,0,1926.180343853675
|||;20172,20172.1,20171.9,20172,0,0,0,0,1931.180343853675
|||;20172,20172.1,20171.9,20172,0,0,0,0,1936.180343853675
|||;20172,20172.1,20171.9,20172,0,0,0,0,1941.180343853675
|||;20172,20172.1,20171.9,20172,0,0,0,0,1946.180343853675
|||;20172,20172.1,20171.9,20172,0,0,0,0,1951.180343853675
|||;20172,20172.1,20171.9,20172,0,0,0,0,1956.180343853675
|||;20172,20172.1,20171.9,20172,0,0,0,0,1961.180343853675
|||;20172,20172.1,20171.9,20172,0,0,0,0,1966.180343853675
|||;20172,20172.1,20171.9,20172,0,0,0,0,1971.180343853675
|||;20172,20172.1,20171.9,20172,0,0,0,0,1976.180343853675
|||;20172,20172.1,20171.9,20172,0,0,0,0,1981.180343853675
|||;20172,20172.1,20171.9,20172,0,0,0,0,1986.180343853675
|||;20172,20172.1,20171.9,20172,0,0,0,0,1991.180343853675
|||;20172,20172.1,20171.9,20172,0,0,0,0,1996.180343853675
