|||;32460,32460,32460,32460,0,0,0,0,1.133899622129
|||;32460,32460,32460,32460,0,0,0,0,6.133899622129
|||;32460,32460,32460,32460,0,0,0,0,11.133899622129
|||;32460,32460,32460,32460,0,0,0,0,16.133899622129
|||;32460,32460,32460,32460,0,0,0,0,21.133899622129
|||;32460,32460,32460,32460,0,0,0,0,26.133899622129
|||;32460,32460,32460,32460,0,0,0,0,31.133899622129
|||;32460,32460,32460,32460,0,0,0,0,36.133899622129
|||;32460,32460,32460,32460,0,0,0,0,41.133899622129
|||;32460,32460,32460,32460,0,0,0,0,46.133899622129
|||;32460,32460,32460,32460,0,0,0,0,51.133899622129
|||;32460,32460,32460,32460,0,0,0,0,56.133899622129
|||;32460,32460,32460,32460,0,0,0,0,61.133899622129
|||;32460,32460,32460,32460,0,0,0,0,66.133899622129
|||;32460,32460,32460,32460,0,0,0,0,71.133899622129
|||;32460,32460,32460,32460,0,0,0,0,76.133899622129
|||;32460,32460,32460,32460,0,0,0,0,81.133899622129
|||;32460,32460,32460,32460,0,0,0,0,86.133899622129
|||;32460,32460,32460,32460,0,0,0,0,91.133899622129
|||;32460,32460,32460,32460,0,0,0,0,96.133899622129
|||;32460,32460,32460,32460,0,0,0,0,101.133899622129
|||;32460,32460,32460,32460,0,0,0,0,106.133899622129
|||;32460,32460,32460,32460,0,0,0,0,111.133899622129
|||;32460,32460,32460,32460,0,0,0,0,116.133899622129
|||;32460,32460,32460,32460,0,0,0,0,121.133899622129
|||;32460,32460,32460,32460,0,0,0,0,126.133899622129
37ncxjh(2),|37ncxjh(2),|37ncxjh(2),|;31016.2,31016.2,30294.2,32460,7.406534105348,7.406534105348,11.694838105348,0,131.133899622129
37ncxjh(2),|37ncxjh(2),|37ncxjh(2),|;31016.2,31016.2,30294.2,32460,2.406534105348,2.406534105348,6.694838105348,0,136.133899622129
||37ncxjh(2),|;32460,32460,30294.2,32460,0,0,1.694838105348,0,141.133899622129
||37ncxjh(3),|;32460,32460,30294.2,32460,0,0,0,0,146.133899622129
|||;32460,32460,32460,32460,0,0,0,0,151.133899622129
|||;32460,32460,32460,32460,0,0,0,0,156.133899622129
|||;32460,32460,32460,32460,0,0,0,0,161.133899622129
|||934ngiur(2),;32460,32460,32460,30780.6,0,0,0,6.622337667274,166.133899622129
|||934ngiur(2),;32460,32460,32460,30780.6,0,0,0,1.622337667274,171.133899622129
|||;32460,32460,32460,32460,0,0,0,0,176.133899622129
|||;32460,32460,32460,32460,0,0,0,0,181.133899622129
|||;32460,32460,32460,32460,0,0,0,0,186.133899622129
|||;32460,32460,32460,32460,0,0,0,0,191.133899622129
|||;32460,32460,32460,32460,0,0,0,0,196.133899622129
|||;32460,32460,32460,32460,0,0,0,0,201.133899622129
413bhzwi(2),|413bhzwi(2),|413bhzwi(2),|413bhzwi(2),;31574.2,31574.2,31574.2,31574.2,2.708224814662,2.708224814662,2.708224814662,2.708224814662,206.133899622129
|||;32460,32460,32460,32460,0,0,0,0,211.133899622129
|||;32460,32460,32460,32460,0,0,0,0,216.133899622129
|||;32460,32460,32460,32460,0,0,0,0,221.133899622129
|||;32460,32460,32460,32460,0,0,0,0,226.133899622129
|||;32460,32460,32460,32460,0,0,0,0,231.133899622129
|||;32460,32460,32460,32460,0,0,0,0,236.133899622129
|||;32460,32460,32460,32460,0,0,0,0,241.133899622129
|||;32460,32460,32460,32460,0,0,0,0,246.133899622129
|||;32460,32460,32460,32460,0,0,0,0,251.133899622129
708rouac(2),|708rouac(2),|708rouac(2),|708rouac(2),;31313.1,31313.1,31313.1,31313.1,4.159460064488,4.159460064488,4.159460064488,4.159460064488,256.133899622129
|||;32460,32460,32460,32460,0,0,0,0,261.133899622129
|||;32460,32460,32460,32460,0,0,0,0,266.133899622129
|||;32460,32460,32460,32460,0,0,0,0,271.133899622129
|||;32460,32460,32460,32460,0,0,0,0,276.133899622129
|||;32460,32460,32460,32460,0,0,0,0,281.133899622129
|||;32460,32460,32460,32460,0,0,0,0,286.133899622129
|||;32460,32460,32460,32460,0,0,0,0,291.133899622129
|||;32460,32460,32460,32460,0,0,0,0,296.133899622129
|||;32460,32460,32460,32460,0,0,0,0,301.133899622129
|||;32460,32460,32460,32460,0,0,0,0,306.133899622129
|||;32460,32460,32460,32460,0,0,0,0,311.133899622129
|||;32460,32460,32460,32460,0,0,0,0,316.133899622129
|||;32460,32460,32460,32460,0,0,0,0,321.133899622129
|||;32460,32460,32460,32460,0,0,0,0,326.133899622129
|||;32460,32460,32460,32460,0,0,0,0,331.133899622129
|||;32460,32460,32460,32460,0,0,0,0,336.133899622129
|||;32460,32460,32460,32460,0,0,0,0,341.133899622129
|||;32460,32460,32460,32460,0,0,0,0,346.133899622129
|||;32460,32460,32460,32460,0,0,0,0,351.133899622129
|||;32460,32460,32460,32460,0,0,0,0,356.133899622129
|||;32460,32460,32460,32460,0,0,0,0,361.133899622129
|||;32460,32460,32460,32460,0,0,0,0,366.133899622129
51omxed(2),||51omxed(2),|51omxed(2),;28957.9,32460,31292.6,31292.6,15.78069179655,0,2.216134179528,2.216134179528,371.133899622129
51omxed(2),|||;28957.9,32460,32460,32460,10.78069179655,0,0,0,376.133899622129
51omxed(2),|||;28957.9,32460,32460,32460,5.78069179655,0,0,0,381.133899622129
51omxed(2),|||;28957.9,32460,32460,32460,0.78069179655,0,0,0,386.133899622129
|||;32460,32460,32460,32460,0,0,0,0,391.133899622129
637ahzin(2),|382ndieb(0),|637ahzin(2),|637ahzin(2),382ndieb(0),;30232.8,31461.6,30975.2,30719.2,13.344176693685,11.103652910041,8.9342186795,16.602060197486,396.133899622129
637ahzin(2),|382ndieb(0),|637ahzin(2),|637ahzin(3),382ndieb(0),;30232.8,31461.6,30975.2,30719.2,8.344176693685,6.103652910041,3.9342186795,11.602060197486,401.133899622129
637ahzin(2),|382ndieb(2),|637ahzin(3),|637ahzin(3),382ndieb(2),;30232.8,31461.6,30975.2,30719.2,3.344176693685,1.103652910041,0,6.602060197486,406.133899622129
637ahzin(3),||637ahzin(3),|637ahzin(3),382ndieb(3),;30232.8,32460,30975.2,30719.2,0,0,0,1.602060197486,411.133899622129
637ahzin(3),||637ahzin(3),|637ahzin(3),382ndieb(3),143velif(0),;30232.8,32460,30975.2,29797.6,0,0,0,8.409299402209,416.133899622129
637ahzin(3),201trbuc(0),510dpixh(0),|201trbuc(0),|637ahzin(3),201trbuc(0),510dpixh(0),|637ahzin(3),382ndieb(3),143velif(2),510dpixh(0),;25051.4,31630.6,29275.4,28056.8,37.536766165789,5.069662061629,16.402250421109,20.025516697859,421.133899622129
637ahzin(3),510dpixh(1),||637ahzin(3),510dpixh(1),|637ahzin(3),382ndieb(3),510dpixh(2),;25880.8,32460,30104.8,28978.4,32.536766165789,0.069662061629,11.402250421109,15.025516697859,426.133899622129
637ahzin(3),510dpixh(2),555ibfht(0),||637ahzin(3),510dpixh(2),|637ahzin(3),382ndieb(3),510dpixh(2),;25235.7,32460,30104.8,28978.4,35.759146454356,0,6.402250421109,10.025516697859,431.133899622129
637ahzin(3),510dpixh(2),555ibfht(1),||637ahzin(3),510dpixh(3),|637ahzin(3),382ndieb(3),510dpixh(3),;25235.7,32460,30104.8,28978.4,30.759146454356,0,1.402250421109,5.025516697859,436.133899622129
637ahzin(3),510dpixh(2),555ibfht(1),||637ahzin(3),510dpixh(3),|637ahzin(3),382ndieb(3),510dpixh(3),;25235.7,32460,30104.8,28978.4,25.759146454356,0,0,0.025516697859,441.133899622129
637ahzin(3),510dpixh(2),555ibfht(1),||637ahzin(3),510dpixh(3),|637ahzin(3),382ndieb(3),510dpixh(3),;25235.7,32460,30104.8,28978.4,20.759146454356,0,0,0,446.133899622129
637ahzin(3),510dpixh(2),555ibfht(1),||637ahzin(3),510dpixh(3),|637ahzin(3),382ndieb(3),510dpixh(3),;25235.7,32460,30104.8,28978.4,15.759146454356,0,0,0,451.133899622129
637ahzin(3),510dpixh(3),555ibfht(2),||637ahzin(3),510dpixh(3),|637ahzin(3),382ndieb(3),510dpixh(3),;25235.7,32460,30104.8,28978.4,10.759146454356,0,0,0,456.133899622129
637ahzin(3),510dpixh(3),555ibfht(3),||637ahzin(3),510dpixh(3),|637ahzin(3),382ndieb(3),510dpixh(3),;25235.7,32460,30104.8,28978.4,5.759146454356,0,0,0,461.133899622129
637ahzin(3),510dpixh(3),555ibfht(3),||637ahzin(3),510dpixh(3),|637ahzin(3),382ndieb(3),510dpixh(3),;25235.7,32460,30104.8,28978.4,0.759146454356,0,0,0,466.133899622129
637ahzin(3),510dpixh(3),555ibfht(3),||637ahzin(3),510dpixh(3),|637ahzin(3),382ndieb(3),510dpixh(3),;25235.7,32460,30104.8,28978.4,0,0,0,0,471.133899622129
637ahzin(3),510dpixh(3),555ibfht(3),||637ahzin(3),510dpixh(3),|637ahzin(3),382ndieb(3),510dpixh(3),;25235.7,32460,30104.8,28978.4,0,0,0,0,476.133899622129
637ahzin(3),510dpixh(3),555ibfht(3),||637ahzin(3),510dpixh(3),|637ahzin(3),382ndieb(3),510dpixh(3),;25235.7,32460,30104.8,28978.4,0,0,0,0,481.133899622129
637ahzin(3),510dpixh(3),555ibfht(3),||637ahzin(3),510dpixh(3),|637ahzin(3),382ndieb(3),510dpixh(3),;25235.7,32460,30104.8,28978.4,0,0,0,0,486.133899622129
637ahzin(3),510dpixh(3),555ibfht(3),||637ahzin(3),510dpixh(3),|637ahzin(3),382ndieb(3),510dpixh(3),;25235.7,32460,30104.8,28978.4,0,0,0,0,491.133899622129
637ahzin(3),510dpixh(3),555ibfht(3),||637ahzin(3),510dpixh(3),|637ahzin(3),382ndieb(3),510dpixh(3),;25235.7,32460,30104.8,28978.4,0,0,0,0,496.133899622129
637ahzin(3),510dpixh(3),555ibfht(3),||637ahzin(3),510dpixh(3),|637ahzin(3),382ndieb(3),510dpixh(3),;25235.7,32460,30104.8,28978.4,0,0,0,0,501.133899622129
637ahzin(3),510dpixh(3),555ibfht(3),||637ahzin(3),510dpixh(3),|637ahzin(3),382ndieb(3),510dpixh(3),;25235.7,32460,30104.8,28978.4,0,0,0,0,506.133899622129
637ahzin(3),510dpixh(3),555ibfht(3),||637ahzin(3),510dpixh(3),|637ahzin(3),382ndieb(3),510dpixh(3),;25235.7,32460,30104.8,28978.4,0,0,0,0,511.133899622129
637ahzin(3),510dpixh(3),555ibfht(3),||637ahzin(3),510dpixh(3),|637ahzin(3),382ndieb(3),510dpixh(3),;25235.7,32460,30104.8,28978.4,0,0,0,0,516.133899622129
637ahzin(3),510dpixh(3),555ibfht(3),||637ahzin(3),510dpixh(3),|637ahzin(3),382ndieb(3),510dpixh(3),;25235.7,32460,30104.8,28978.4,0,0,0,0,521.133899622129
637ahzin(3),510dpixh(3),555ibfht(3),||637ahzin(3),510dpixh(3),|637ahzin(3),382ndieb(3),510dpixh(3),;25235.7,32460,30104.8,28978.4,0,0,0,0,526.133899622129
637ahzin(3),510dpixh(3),555ibfht(3),||637ahzin(3),510dpixh(3),|637ahzin(3),382ndieb(3),510dpixh(3),;25235.7,32460,30104.8,28978.4,0,0,0,0,531.133899622129
637ahzin(3),510dpixh(3),555ibfht(3),||637ahzin(3),510dpixh(3),|637ahzin(3),382ndieb(3),510dpixh(3),;25235.7,32460,30104.8,28978.4,0,0,0,0,536.133899622129
637ahzin(3),510dpixh(3),555ibfht(3),||637ahzin(3),510dpixh(3),|637ahzin(3),382ndieb(3),510dpixh(3),;25235.7,32460,30104.8,28978.4,0,0,0,0,541.133899622129
637ahzin(3),510dpixh(3),555ibfht(3),288aiqgw(0),|288aiqgw(0),|637ahzin(3),510dpixh(3),288aiqgw(0),|637ahzin(3),382ndieb(3),510dpixh(3),288aiqgw(0),;23658.7,31671.5,27739.4,28189.9,9.670080690465,4.986401144365,14.353760236564,4.986401144365,546.133899622129
637ahzin(3),555ibfht(3),288aiqgw(2),|288aiqgw(3),|637ahzin(3),288aiqgw(2),|637ahzin(3),382ndieb(3),288aiqgw(3),;28010.7,31671.5,28609.8,29930.7,4.670080690465,0,9.353760236564,0,551.133899622129
637ahzin(3),555ibfht(3),288aiqgw(3),|288aiqgw(3),|637ahzin(3),288aiqgw(2),|637ahzin(3),382ndieb(3),288aiqgw(3),;28010.7,31671.5,28609.8,29930.7,0,0,4.353760236564,0,556.133899622129
637ahzin(3),555ibfht(3),288aiqgw(3),|288aiqgw(3),|637ahzin(3),288aiqgw(3),|637ahzin(3),382ndieb(3),288aiqgw(3),;28010.7,31671.5,28609.8,29930.7,0,0,0,0,561.133899622129
637ahzin(3),555ibfht(3),288aiqgw(3),|288aiqgw(3),|637ahzin(3),288aiqgw(3),|637ahzin(3),382ndieb(3),288aiqgw(3),;28010.7,31671.5,28609.8,29930.7,0,0,0,0,566.133899622129
637ahzin(3),555ibfht(3),288aiqgw(3),|288aiqgw(3),|637ahzin(3),288aiqgw(3),|637ahzin(3),382ndieb(3),288aiqgw(3),;28010.7,31671.5,28609.8,29930.7,0,0,0,0,571.133899622129
637ahzin(3),555ibfht(3),288aiqgw(3),|288aiqgw(3),|637ahzin(3),288aiqgw(3),|637ahzin(3),382ndieb(3),288aiqgw(3),;28010.7,31671.5,28609.8,29930.7,0,0,0,0,576.133899622129
637ahzin(3),555ibfht(3),288aiqgw(3),|288aiqgw(3),|637ahzin(3),288aiqgw(3),|637ahzin(3),382ndieb(3),288aiqgw(3),;28010.7,31671.5,28609.8,29930.7,0,0,0,0,581.133899622129
637ahzin(3),555ibfht(3),288aiqgw(3),884jwovi(0),|288aiqgw(3),|637ahzin(3),288aiqgw(3),884jwovi(0),|637ahzin(3),382ndieb(3),288aiqgw(3),;27073.7,31671.5,27672.8,29930.7,9.430391836764,0,9.430391836764,0,586.133899622129
637ahzin(3),555ibfht(3),288aiqgw(3),884jwovi(2),|288aiqgw(3),|637ahzin(3),288aiqgw(3),884jwovi(2),|637ahzin(3),382ndieb(3),288aiqgw(3),;27073.7,31671.5,27672.8,29930.7,4.430391836764,0,4.430391836764,0,591.133899622129
637ahzin(3),555ibfht(3),288aiqgw(3),|288aiqgw(3),|637ahzin(3),288aiqgw(3),|637ahzin(3),382ndieb(3),288aiqgw(3),;28010.7,31671.5,28609.8,29930.7,0,0,0,0,596.133899622129
637ahzin(3),555ibfht(3),288aiqgw(3),|288aiqgw(3),|637ahzin(3),288aiqgw(3),|637ahzin(3),382ndieb(3),288aiqgw(3),;28010.7,31671.5,28609.8,29930.7,0,0,0,0,601.133899622129
637ahzin(3),555ibfht(3),288aiqgw(3),|288aiqgw(3),637trzus(0),|637ahzin(3),288aiqgw(3),|637ahzin(3),382ndieb(3),288aiqgw(3),637trzus(0),;28010.7,30796,28609.8,29055.2,0,9.790951716611,0,9.790951716611,606.133899622129
288aiqgw(3),|288aiqgw(3),637trzus(2),|288aiqgw(3),|382ndieb(3),288aiqgw(3),637trzus(2),;30883,30796,30094.6,29797.6,0,4.790951716611,0,4.790951716611,611.133899622129
288aiqgw(3),|288aiqgw(3),|288aiqgw(3),|382ndieb(3),288aiqgw(3),;30883,31671.5,30094.6,30673.1,0,0,0,0,616.133899622129
288aiqgw(3),|288aiqgw(3),|288aiqgw(3),|382ndieb(3),288aiqgw(3),;30883,31671.5,30094.6,30673.1,0,0,0,0,621.133899622129
288aiqgw(3),|288aiqgw(3),|288aiqgw(3),|382ndieb(3),288aiqgw(3),;30883,31671.5,30094.6,30673.1,0,0,0,0,626.133899622129
288aiqgw(3),|288aiqgw(3),|288aiqgw(3),|382ndieb(3),288aiqgw(3),;30883,31671.5,30094.6,30673.1,0,0,0,0,631.133899622129
288aiqgw(3),|288aiqgw(3),|288aiqgw(3),|382ndieb(3),288aiqgw(3),;30883,31671.5,30094.6,30673.1,0,0,0,0,636.133899622129
288aiqgw(3),|288aiqgw(3),|288aiqgw(3),|382ndieb(3),288aiqgw(3),;30883,31671.5,30094.6,30673.1,0,0,0,0,641.133899622129
288aiqgw(3),|288aiqgw(3),|288aiqgw(3),|382ndieb(3),288aiqgw(3),;30883,31671.5,30094.6,30673.1,0,0,0,0,646.133899622129
288aiqgw(3),|288aiqgw(3),|288aiqgw(3),|382ndieb(3),288aiqgw(3),;30883,31671.5,30094.6,30673.1,0,0,0,0,651.133899622129
288aiqgw(3),|288aiqgw(3),|288aiqgw(3),|382ndieb(3),288aiqgw(3),;30883,31671.5,30094.6,30673.1,0,0,0,0,656.133899622129
288aiqgw(3),|288aiqgw(3),|288aiqgw(3),|382ndieb(3),288aiqgw(3),;30883,31671.5,30094.6,30673.1,0,0,0,0,661.133899622129
288aiqgw(3),|288aiqgw(3),|288aiqgw(3),|382ndieb(3),288aiqgw(3),;30883,31671.5,30094.6,30673.1,0,0,0,0,666.133899622129
|||382ndieb(3),;32460,32460,32460,31461.6,0,0,0,0,671.133899622129
|||382ndieb(3),;32460,32460,32460,31461.6,0,0,0,0,676.133899622129
|||382ndieb(3),;32460,32460,32460,31461.6,0,0,0,0,681.133899622129
|||382ndieb(3),;32460,32460,32460,31461.6,0,0,0,0,686.133899622129
|||382ndieb(3),;32460,32460,32460,31461.6,0,0,0,0,691.133899622129
|||382ndieb(3),;32460,32460,32460,31461.6,0,0,0,0,696.133899622129
|||382ndieb(3),;32460,32460,32460,31461.6,0,0,0,0,701.133899622129
|||382ndieb(3),;32460,32460,32460,31461.6,0,0,0,0,706.133899622129
|||382ndieb(3),;32460,32460,32460,31461.6,0,0,0,0,711.133899622129
|||382ndieb(3),;32460,32460,32460,31461.6,0,0,0,0,716.133899622129
|||382ndieb(3),;32460,32460,32460,31461.6,0,0,0,0,721.133899622129
|||382ndieb(3),;32460,32460,32460,31461.6,0,0,0,0,726.133899622129
308melni(2),||308melni(2),|382ndieb(3),;28753.1,32460,31533.3,31461.6,21.15249311055,0,4.637960685018,0,731.133899622129
308melni(2),||308melni(3),|382ndieb(3),;28753.1,32460,31533.3,31461.6,16.15249311055,0,0,0,736.133899622129
308melni(2),||308melni(3),|382ndieb(3),;28753.1,32460,31533.3,31461.6,11.15249311055,0,0,0,741.133899622129
308melni(2),||308melni(3),|382ndieb(3),;28753.1,32460,31533.3,31461.6,6.15249311055,0,0,0,746.133899622129
308melni(2),|||382ndieb(3),;28753.1,32460,32460,31461.6,1.15249311055,0,0,0,751.133899622129
308melni(3),|||382ndieb(3),;28753.1,32460,32460,31461.6,0,0,0,0,756.133899622129
308melni(3),|||382ndieb(3),;28753.1,32460,32460,31461.6,0,0,0,0,761.133899622129
308melni(3),|||382ndieb(3),;28753.1,32460,32460,31461.6,0,0,0,0,766.133899622129
308melni(3),||6ripkb(2),|382ndieb(3),;28753.1,32460,31881.4,31461.6,0,0,3.279447641873,0,771.133899622129
308melni(3),||6ripkb(3),|382ndieb(3),;28753.1,32460,31881.4,31461.6,0,0,0,0,776.133899622129
308melni(3),||6ripkb(3),|382ndieb(3),;28753.1,32460,31881.4,31461.6,0,0,0,0,781.133899622129
308melni(3),||6ripkb(3),|382ndieb(3),;28753.1,32460,31881.4,31461.6,0,0,0,0,786.133899622129
308melni(3),||6ripkb(3),|382ndieb(3),;28753.1,32460,31881.4,31461.6,0,0,0,0,791.133899622129
308melni(3),||6ripkb(3),|382ndieb(3),;28753.1,32460,31881.4,31461.6,0,0,0,0,796.133899622129
308melni(3),||6ripkb(3),|382ndieb(3),;28753.1,32460,31881.4,31461.6,0,0,0,0,801.133899622129
308melni(3),|146dmgce(0),|6ripkb(3),|382ndieb(3),;28753.1,29725.9,31881.4,31461.6,0,20.949420800472,0,0,806.133899622129
308melni(3),|146dmgce(2),|6ripkb(3),|;28753.1,29725.9,31881.4,32460,0,15.949420800472,0,0,811.133899622129
308melni(3),|146dmgce(2),|6ripkb(3),|;28753.1,29725.9,31881.4,32460,0,10.949420800472,0,0,816.133899622129
308melni(3),|146dmgce(2),|6ripkb(3),|;28753.1,29725.9,31881.4,32460,0,5.949420800472,0,0,821.133899622129
308melni(3),|146dmgce(2),|6ripkb(3),|;28753.1,29725.9,31881.4,32460,0,0.949420800472,0,0,826.133899622129
308melni(3),|146dmgce(3),|6ripkb(3),|;28753.1,29725.9,31881.4,32460,0,0,0,0,831.133899622129
308melni(3),|146dmgce(3),|6ripkb(3),|;28753.1,29725.9,31881.4,32460,0,0,0,0,836.133899622129
308melni(3),|146dmgce(3),199kdwxc(0),|6ripkb(3),199kdwxc(0),|;28753.1,25988.3,28143.8,32460,0,25.743017174525,25.743017174525,0,841.133899622129
308melni(3),|146dmgce(3),199kdwxc(2),|6ripkb(3),199kdwxc(2),|;28753.1,25988.3,28143.8,32460,0,20.743017174525,20.743017174525,0,846.133899622129
308melni(3),|146dmgce(3),199kdwxc(2),|6ripkb(3),199kdwxc(2),|;28753.1,25988.3,28143.8,32460,0,15.743017174525,15.743017174525,0,851.133899622129
308melni(3),|146dmgce(3),199kdwxc(2),|6ripkb(3),199kdwxc(2),|;28753.1,25988.3,28143.8,32460,0,10.743017174525,10.743017174525,0,856.133899622129
308melni(3),|146dmgce(3),199kdwxc(2),|6ripkb(3),199kdwxc(2),|;28753.1,25988.3,28143.8,32460,0,5.743017174525,5.743017174525,0,861.133899622129
308melni(3),|146dmgce(3),199kdwxc(2),|6ripkb(3),199kdwxc(2),|;28753.1,25988.3,28143.8,32460,0,0.743017174525,0.743017174525,0,866.133899622129
308melni(3),|146dmgce(3),199kdwxc(3),|6ripkb(3),199kdwxc(3),|;28753.1,25988.3,28143.8,32460,0,0,0,0,871.133899622129
308melni(3),|146dmgce(3),199kdwxc(3),|6ripkb(3),199kdwxc(3),|;28753.1,25988.3,28143.8,32460,0,0,0,0,876.133899622129
308melni(3),|146dmgce(3),199kdwxc(3),|6ripkb(3),199kdwxc(3),|;28753.1,25988.3,28143.8,32460,0,0,0,0,881.133899622129
308melni(3),|146dmgce(3),199kdwxc(3),|6ripkb(3),199kdwxc(3),|;28753.1,25988.3,28143.8,32460,0,0,0,0,886.133899622129
308melni(3),|146dmgce(3),199kdwxc(3),|6ripkb(3),199kdwxc(3),|;28753.1,25988.3,28143.8,32460,0,0,0,0,891.133899622129
308melni(3),|146dmgce(3),199kdwxc(3),|6ripkb(3),199kdwxc(3),|;28753.1,25988.3,28143.8,32460,0,0,0,0,896.133899622129
308melni(3),|146dmgce(3),199kdwxc(3),|6ripkb(3),199kdwxc(3),|;28753.1,25988.3,28143.8,32460,0,0,0,0,901.133899622129
|146dmgce(3),199kdwxc(3),|6ripkb(3),199kdwxc(3),|;32460,25988.3,28143.8,32460,0,0,0,0,906.133899622129
|146dmgce(3),199kdwxc(3),|6ripkb(3),199kdwxc(3),|;32460,25988.3,28143.8,32460,0,0,0,0,911.133899622129
|199kdwxc(3),|6ripkb(3),199kdwxc(3),|;32460,28722.4,28143.8,32460,0,0,0,0,916.133899622129
|199kdwxc(3),|6ripkb(3),199kdwxc(3),142vpuni(2),|;32460,28722.4,27462.8,32460,0,0,3.237578475383,0,921.133899622129
|199kdwxc(3),|6ripkb(3),199kdwxc(3),|;32460,28722.4,28143.8,32460,0,0,0,0,926.133899622129
|199kdwxc(3),|6ripkb(3),199kdwxc(3),|;32460,28722.4,28143.8,32460,0,0,0,0,931.133899622129
|199kdwxc(3),|6ripkb(3),199kdwxc(3),|;32460,28722.4,28143.8,32460,0,0,0,0,936.133899622129
|199kdwxc(3),|6ripkb(3),199kdwxc(3),|;32460,28722.4,28143.8,32460,0,0,0,0,941.133899622129
|199kdwxc(3),|6ripkb(3),199kdwxc(3),|;32460,28722.4,28143.8,32460,0,0,0,0,946.133899622129
|199kdwxc(3),|6ripkb(3),199kdwxc(3),|;32460,28722.4,28143.8,32460,0,0,0,0,951.133899622129
|199kdwxc(3),|6ripkb(3),199kdwxc(3),|;32460,28722.4,28143.8,32460,0,0,0,0,956.133899622129
|199kdwxc(3),|6ripkb(3),199kdwxc(3),|;32460,28722.4,28143.8,32460,0,0,0,0,961.133899622129
|199kdwxc(3),|6ripkb(3),199kdwxc(3),|;32460,28722.4,28143.8,32460,0,0,0,0,966.133899622129
|199kdwxc(3),|6ripkb(3),199kdwxc(3),|;32460,28722.4,28143.8,32460,0,0,0,0,971.133899622129
|199kdwxc(3),|6ripkb(3),199kdwxc(3),|;32460,28722.4,28143.8,32460,0,0,0,0,976.133899622129
|199kdwxc(3),|6ripkb(3),199kdwxc(3),|;32460,28722.4,28143.8,32460,0,0,0,0,981.133899622129
|||;32460,32460,32460,32460,0,0,0,0,986.133899622129
|||;32460,32460,32460,32460,0,0,0,0,991.133899622129
|||;32460,32460,32460,32460,0,0,0,0,996.133899622129
|||;32460,32460,32460,32460,0,0,0,0,1001.133899622129
|||;32460,32460,32460,32460,0,0,0,0,1006.133899622129
|||;32460,32460,32460,32460,0,0,0,0,1011.133899622129
|||;32460,32460,32460,32460,0,0,0,0,1016.133899622129
|||;32460,32460,32460,32460,0,0,0,0,1021.133899622129
|||;32460,32460,32460,32460,0,0,0,0,1026.133899622129
|||;32460,32460,32460,32460,0,0,0,0,1031.133899622129
|||;32460,32460,32460,32460,0,0,0,0,1036.133899622129
|||;32460,32460,32460,32460,0,0,0,0,1041.133899622129
|||;32460,32460,32460,32460,0,0,0,0,1046.133899622129
|||;32460,32460,32460,32460,0,0,0,0,1051.133899622129
308xosyn(2),|308xosyn(2),|308xosyn(2),|308xosyn(2),;31036.6,31036.6,30325,31036.6,6.629617839374,6.629617839374,10.764428165616,6.629617839374,1056.133899622129
308xosyn(2),|308xosyn(2),|308xosyn(2),|308xosyn(2),;31036.6,31036.6,30325,31036.6,1.629617839374,1.629617839374,5.764428165616,1.629617839374,1061.133899622129
||308xosyn(2),|;32460,32460,30325,32460,0,0,0.764428165616,0,1066.133899622129
|||;32460,32460,32460,32460,0,0,0,0,1071.133899622129
|||;32460,32460,32460,32460,0,0,0,0,1076.133899622129
|||;32460,32460,32460,32460,0,0,0,0,1081.133899622129
|||;32460,32460,32460,32460,0,0,0,0,1086.133899622129
|||;32460,32460,32460,32460,0,0,0,0,1091.133899622129
|||;32460,32460,32460,32460,0,0,0,0,1096.133899622129
|||;32460,32460,32460,32460,0,0,0,0,1101.133899622129
|||;32460,32460,32460,32460,0,0,0,0,1106.133899622129
|||;32460,32460,32460,32460,0,0,0,0,1111.133899622129
|||;32460,32460,32460,32460,0,0,0,0,1116.133899622129
|||;32460,32460,32460,32460,0,0,0,0,1121.133899622129
|||;32460,32460,32460,32460,0,0,0,0,1126.133899622129
|||;32460,32460,32460,32460,0,0,0,0,1131.133899622129
|||;32460,32460,32460,32460,0,0,0,0,1136.133899622129
|||;32460,32460,32460,32460,0,0,0,0,1141.133899622129
|||;32460,32460,32460,32460,0,0,0,0,1146.133899622129
|||;32460,32460,32460,32460,0,0,0,0,1151.133899622129
|||;32460,32460,32460,32460,0,0,0,0,1156.133899622129
|||;32460,32460,32460,32460,0,0,0,0,1161.133899622129
|||;32460,32460,32460,32460,0,0,0,0,1166.133899622129
|||;32460,32460,32460,32460,0,0,0,0,1171.133899622129
|||;32460,32460,32460,32460,0,0,0,0,1176.133899622129
|||;32460,32460,32460,32460,0,0,0,0,1181.133899622129
|||;32460,32460,32460,32460,0,0,0,0,1186.133899622129
|||;32460,32460,32460,32460,0,0,0,0,1191.133899622129
|||;32460,32460,32460,32460,0,0,0,0,1196.133899622129
|||;32460,32460,32460,32460,0,0,0,0,1201.133899622129
|||;32460,32460,32460,32460,0,0,0,0,1206.133899622129
|||;32460,32460,32460,32460,0,0,0,0,1211.133899622129
|||;32460,32460,32460,32460,0,0,0,0,1216.133899622129
|||;32460,32460,32460,32460,0,0,0,0,1221.133899622129
|||;32460,32460,32460,32460,0,0,0,0,1226.133899622129
196wnsay(2),|196wnsay(2),|196wnsay(2),|196wnsay(2),;30514.4,31487.2,31487.2,30514.4,8.981587344659,3.2030216709,3.2030216709,8.981587344659,1231.133899622129
196wnsay(2),|196wnsay(3),|196wnsay(3),|196wnsay(2),;30514.4,31487.2,31487.2,30514.4,3.981587344659,0,0,3.981587344659,1236.133899622129
196wnsay(3),|196wnsay(3),|196wnsay(3),|196wnsay(3),;30514.4,31487.2,31487.2,30514.4,0,0,0,0,1241.133899622129
196wnsay(3),|196wnsay(3),|196wnsay(3),|196wnsay(3),;30514.4,31487.2,31487.2,30514.4,0,0,0,0,1246.133899622129
196wnsay(3),|196wnsay(3),|196wnsay(3),|196wnsay(3),;30514.4,31487.2,31487.2,30514.4,0,0,0,0,1251.133899622129
196wnsay(3),|196wnsay(3),|196wnsay(3),|196wnsay(3),;30514.4,31487.2,31487.2,30514.4,0,0,0,0,1256.133899622129
196wnsay(3),|196wnsay(3),|196wnsay(3),|196wnsay(3),;30514.4,31487.2,31487.2,30514.4,0,0,0,0,1261.133899622129
196wnsay(3),|196wnsay(3),|196wnsay(3),|196wnsay(3),;30514.4,31487.2,31487.2,30514.4,0,0,0,0,1266.133899622129
196wnsay(3),|196wnsay(3),|196wnsay(3),|196wnsay(3),;30514.4,31487.2,31487.2,30514.4,0,0,0,0,1271.133899622129
196wnsay(3),|196wnsay(3),|196wnsay(3),|196wnsay(3),;30514.4,31487.2,31487.2,30514.4,0,0,0,0,1276.133899622129
196wnsay(3),|196wnsay(3),|196wnsay(3),|196wnsay(3),;30514.4,31487.2,31487.2,30514.4,0,0,0,0,1281.133899622129
196wnsay(3),|196wnsay(3),|196wnsay(3),|196wnsay(3),;30514.4,31487.2,31487.2,30514.4,0,0,0,0,1286.133899622129
196wnsay(3),|196wnsay(3),|196wnsay(3),|196wnsay(3),;30514.4,31487.2,31487.2,30514.4,0,0,0,0,1291.133899622129
196wnsay(3),|196wnsay(3),|196wnsay(3),|196wnsay(3),;30514.4,31487.2,31487.2,30514.4,0,0,0,0,1296.133899622129
196wnsay(3),|196wnsay(3),|196wnsay(3),|196wnsay(3),;30514.4,31487.2,31487.2,30514.4,0,0,0,0,1301.133899622129
196wnsay(3),|196wnsay(3),|196wnsay(3),|196wnsay(3),;30514.4,31487.2,31487.2,30514.4,0,0,0,0,1306.133899622129
196wnsay(3),|196wnsay(3),|196wnsay(3),|196wnsay(3),;30514.4,31487.2,31487.2,30514.4,0,0,0,0,1311.133899622129
196wnsay(3),|196wnsay(3),|196wnsay(3),|196wnsay(3),;30514.4,31487.2,31487.2,30514.4,0,0,0,0,1316.133899622129
196wnsay(3),|196wnsay(3),|196wnsay(3),|196wnsay(3),;30514.4,31487.2,31487.2,30514.4,0,0,0,0,1321.133899622129
196wnsay(3),|196wnsay(3),|196wnsay(3),|196wnsay(3),;30514.4,31487.2,31487.2,30514.4,0,0,0,0,1326.133899622129
196wnsay(3),|196wnsay(3),|196wnsay(3),|196wnsay(3),;30514.4,31487.2,31487.2,30514.4,0,0,0,0,1331.133899622129
196wnsay(3),|196wnsay(3),|196wnsay(3),|196wnsay(3),;30514.4,31487.2,31487.2,30514.4,0,0,0,0,1336.133899622129
196wnsay(3),|196wnsay(3),|196wnsay(3),|196wnsay(3),;30514.4,31487.2,31487.2,30514.4,0,0,0,0,1341.133899622129
196wnsay(3),|196wnsay(3),|196wnsay(3),|196wnsay(3),;30514.4,31487.2,31487.2,30514.4,0,0,0,0,1346.133899622129
196wnsay(3),|196wnsay(3),|196wnsay(3),|196wnsay(3),;30514.4,31487.2,31487.2,30514.4,0,0,0,0,1351.133899622129
196wnsay(3),|196wnsay(3),|196wnsay(3),|196wnsay(3),;30514.4,31487.2,31487.2,30514.4,0,0,0,0,1356.133899622129
196wnsay(3),|196wnsay(3),|196wnsay(3),|196wnsay(3),;30514.4,31487.2,31487.2,30514.4,0,0,0,0,1361.133899622129
196wnsay(3),|196wnsay(3),|196wnsay(3),|196wnsay(3),;30514.4,31487.2,31487.2,30514.4,0,0,0,0,1366.133899622129
196wnsay(3),|196wnsay(3),|196wnsay(3),|196wnsay(3),;30514.4,31487.2,31487.2,30514.4,0,0,0,0,1371.133899622129
196wnsay(3),|196wnsay(3),|196wnsay(3),|196wnsay(3),;30514.4,31487.2,31487.2,30514.4,0,0,0,0,1376.133899622129
196wnsay(3),|196wnsay(3),|196wnsay(3),|196wnsay(3),;30514.4,31487.2,31487.2,30514.4,0,0,0,0,1381.133899622129
196wnsay(3),|196wnsay(3),|196wnsay(3),|196wnsay(3),;30514.4,31487.2,31487.2,30514.4,0,0,0,0,1386.133899622129
196wnsay(3),|196wnsay(3),|196wnsay(3),|196wnsay(3),;30514.4,31487.2,31487.2,30514.4,0,0,0,0,1391.133899622129
196wnsay(3),|196wnsay(3),|196wnsay(3),|196wnsay(3),;30514.4,31487.2,31487.2,30514.4,0,0,0,0,1396.133899622129
196wnsay(3),|196wnsay(3),|196wnsay(3),|196wnsay(3),;30514.4,31487.2,31487.2,30514.4,0,0,0,0,1401.133899622129
196wnsay(3),|196wnsay(3),|196wnsay(3),|196wnsay(3),;30514.4,31487.2,31487.2,30514.4,0,0,0,0,1406.133899622129
196wnsay(3),|196wnsay(3),|196wnsay(3),|196wnsay(3),;30514.4,31487.2,31487.2,30514.4,0,0,0,0,1411.133899622129
196wnsay(3),|196wnsay(3),|196wnsay(3),|196wnsay(3),;30514.4,31487.2,31487.2,30514.4,0,0,0,0,1416.133899622129
196wnsay(3),|196wnsay(3),|196wnsay(3),|196wnsay(3),;30514.4,31487.2,31487.2,30514.4,0,0,0,0,1421.133899622129
196wnsay(3),|196wnsay(3),|196wnsay(3),|196wnsay(3),;30514.4,31487.2,31487.2,30514.4,0,0,0,0,1426.133899622129
196wnsay(3),|196wnsay(3),|196wnsay(3),|196wnsay(3),;30514.4,31487.2,31487.2,30514.4,0,0,0,0,1431.133899622129
196wnsay(3),|196wnsay(3),|196wnsay(3),|196wnsay(3),;30514.4,31487.2,31487.2,30514.4,0,0,0,0,1436.133899622129
196wnsay(3),|196wnsay(3),|196wnsay(3),|196wnsay(3),;30514.4,31487.2,31487.2,30514.4,0,0,0,0,1441.133899622129
196wnsay(3),|196wnsay(3),|196wnsay(3),|196wnsay(3),;30514.4,31487.2,31487.2,30514.4,0,0,0,0,1446.133899622129
196wnsay(3),|196wnsay(3),|196wnsay(3),|196wnsay(3),;30514.4,31487.2,31487.2,30514.4,0,0,0,0,1451.133899622129
196wnsay(3),|196wnsay(3),|196wnsay(3),|196wnsay(3),;30514.4,31487.2,31487.2,30514.4,0,0,0,0,1456.133899622129
196wnsay(3),|196wnsay(3),|196wnsay(3),|196wnsay(3),;30514.4,31487.2,31487.2,30514.4,0,0,0,0,1461.133899622129
196wnsay(3),|196wnsay(3),|196wnsay(3),|196wnsay(3),;30514.4,31487.2,31487.2,30514.4,0,0,0,0,1466.133899622129
196wnsay(3),|196wnsay(3),|196wnsay(3),|196wnsay(3),;30514.4,31487.2,31487.2,30514.4,0,0,0,0,1471.133899622129
196wnsay(3),|196wnsay(3),|196wnsay(3),|196wnsay(3),;30514.4,31487.2,31487.2,30514.4,0,0,0,0,1476.133899622129
196wnsay(3),|196wnsay(3),|196wnsay(3),|196wnsay(3),;30514.4,31487.2,31487.2,30514.4,0,0,0,0,1481.133899622129
196wnsay(3),|196wnsay(3),|196wnsay(3),|196wnsay(3),;30514.4,31487.2,31487.2,30514.4,0,0,0,0,1486.133899622129
196wnsay(3),|196wnsay(3),|196wnsay(3),|196wnsay(3),;30514.4,31487.2,31487.2,30514.4,0,0,0,0,1491.133899622129
|||;32460,32460,32460,32460,0,0,0,0,1496.133899622129
|||;32460,32460,32460,32460,0,0,0,0,1501.133899622129
|||;32460,32460,32460,32460,0,0,0,0,1506.133899622129
|||;32460,32460,32460,32460,0,0,0,0,1511.133899622129
|||;32460,32460,32460,32460,0,0,0,0,1516.133899622129
|||;32460,32460,32460,32460,0,0,0,0,1521.133899622129
|||;32460,32460,32460,32460,0,0,0,0,1526.133899622129
|||;32460,32460,32460,32460,0,0,0,0,1531.133899622129
|||;32460,32460,32460,32460,0,0,0,0,1536.133899622129
|||;32460,32460,32460,32460,0,0,0,0,1541.133899622129
|||;32460,32460,32460,32460,0,0,0,0,1546.133899622129
|||;32460,32460,32460,32460,0,0,0,0,1551.133899622129
|||;32460,32460,32460,32460,0,0,0,0,1556.133899622129
|||;32460,32460,32460,32460,0,0,0,0,1561.133899622129
|||;32460,32460,32460,32460,0,0,0,0,1566.133899622129
|||;32460,32460,32460,32460,0,0,0,0,1571.133899622129
|||;32460,32460,32460,32460,0,0,0,0,1576.133899622129
|||;32460,32460,32460,32460,0,0,0,0,1581.133899622129
|||;32460,32460,32460,32460,0,0,0,0,1586.133899622129
|||;32460,32460,32460,32460,0,0,0,0,1591.133899622129
|||;32460,32460,32460,32460,0,0,0,0,1596.133899622129
|||;32460,32460,32460,32460,0,0,0,0,1601.133899622129
|||;32460,32460,32460,32460,0,0,0,0,1606.133899622129
|||;32460,32460,32460,32460,0,0,0,0,1611.133899622129
|||;32460,32460,32460,32460,0,0,0,0,1616.133899622129
|||;32460,32460,32460,32460,0,0,0,0,1621.133899622129
|||;32460,32460,32460,32460,0,0,0,0,1626.133899622129
|||;32460,32460,32460,32460,0,0,0,0,1631.133899622129
|||;32460,32460,32460,32460,0,0,0,0,1636.133899622129
|||;32460,32460,32460,32460,0,0,0,0,1641.133899622129
|||;32460,32460,32460,32460,0,0,0,0,1646.133899622129
|||;32460,32460,32460,32460,0,0,0,0,1651.133899622129
|||;32460,32460,32460,32460,0,0,0,0,1656.133899622129
|||;32460,32460,32460,32460,0,0,0,0,1661.133899622129
|||;32460,32460,32460,32460,0,0,0,0,1666.133899622129
|||;32460,32460,32460,32460,0,0,0,0,1671.133899622129
|||;32460,32460,32460,32460,0,0,0,0,1676.133899622129
|||;32460,32460,32460,32460,0,0,0,0,1681.133899622129
|||;32460,32460,32460,32460,0,0,0,0,1686.133899622129
|||;32460,32460,32460,32460,0,0,0,0,1691.133899622129
|||;32460,32460,32460,32460,0,0,0,0,1696.133899622129
|||;32460,32460,32460,32460,0,0,0,0,1701.133899622129
|||;32460,32460,32460,32460,0,0,0,0,1706.133899622129
|||;32460,32460,32460,32460,0,0,0,0,1711.133899622129
|||;32460,32460,32460,32460,0,0,0,0,1716.133899622129
|||;32460,32460,32460,32460,0,0,0,0,1721.133899622129
|||;32460,32460,32460,32460,0,0,0,0,1726.133899622129
|||;32460,32460,32460,32460,0,0,0,0,1731.133899622129
|||;32460,32460,32460,32460,0,0,0,0,1736.133899622129
|||;32460,32460,32460,32460,0,0,0,0,1741.133899622129
|||;32460,32460,32460,32460,0,0,0,0,1746.133899622129
|||;32460,32460,32460,32460,0,0,0,0,1751.133899622129
|||;32460,32460,32460,32460,0,0,0,0,1756.133899622129
|||;32460,32460,32460,32460,0,0,0,0,1761.133899622129
|||;32460,32460,32460,32460,0,0,0,0,1766.133899622129
|||;32460,32460,32460,32460,0,0,0,0,1771.133899622129
|||;32460,32460,32460,32460,0,0,0,0,1776.133899622129
|||;32460,32460,32460,32460,0,0,0,0,1781.133899622129
|||;32460,32460,32460,32460,0,0,0,0,1786.133899622129
|||;32460,32460,32460,32460,0,0,0,0,1791.133899622129
|||;32460,32460,32460,32460,0,0,0,0,1796.133899622129
|||;32460,32460,32460,32460,0,0,0,0,1801.133899622129
|||;32460,32460,32460,32460,0,0,0,0,1806.133899622129
|||;32460,32460,32460,32460,0,0,0,0,1811.133899622129
|||;32460,32460,32460,32460,0,0,0,0,1816.133899622129
|||;32460,32460,32460,32460,0,0,0,0,1821.133899622129
|||;32460,32460,32460,32460,0,0,0,0,1826.133899622129
|||;32460,32460,32460,32460,0,0,0,0,1831.133899622129
|||;32460,32460,32460,32460,0,0,0,0,1836.133899622129
|||;32460,32460,32460,32460,0,0,0,0,1841.133899622129
|||;32460,32460,32460,32460,0,0,0,0,1846.133899622129
|||;32460,32460,32460,32460,0,0,0,0,1851.133899622129
|||;32460,32460,32460,32460,0,0,0,0,1856.133899622129
|||;32460,32460,32460,32460,0,0,0,0,1861.133899622129
|||;32460,32460,32460,32460,0,0,0,0,1866.133899622129
|||;32460,32460,32460,32460,0,0,0,0,1871.133899622129
|||;32460,32460,32460,32460,0,0,0,0,1876.133899622129
|||;32460,32460,32460,32460,0,0,0,0,1881.133899622129
|||;32460,32460,32460,32460,0,0,0,0,1886.133899622129
|||;32460,32460,32460,32460,0,0,0,0,1891.133899622129
|||;32460,32460,32460,32460,0,0,0,0,1896.133899622129
|||;32460,32460,32460,32460,0,0,0,0,1901.133899622129
|||;32460,32460,32460,32460,0,0,0,0,1906.133899622129
|||;32460,32460,32460,32460,0,0,0,0,1911.133899622129
|||;32460,32460,32460,32460,0,0,0,0,1916.133899622129
|||;32460,32460,32460,32460,0,0,0,0,1921.133899622129
|||;32460,32460,32460,32460,0,0,0,0,1926.133899622129
|||;32460,32460,32460,32460,0,0,0,0,1931.133899622129
|||;32460,32460,32460,32460,0,0,0,0,1936.133899622129
|||;32460,32460,32460,32460,0,0,0,0,1941.133899622129
|||;32460,32460,32460,32460,0,0,0,0,1946.133899622129
|||;32460,32460,32460,32460,0,0,0,0,1951.133899622129
|||;32460,32460,32460,32460,0,0,0,0,1956.133899622129
|||;32460,32460,32460,32460,0,0,0,0,1961.133899622129
|||;32460,32460,32460,32460,0,0,0,0,1966.133899622129
|||;32460,32460,32460,32460,0,0,0,0,1971.133899622129
|||;32460,32460,32460,32460,0,0,0,0,1976.133899622129
|||;32460,32460,32460,32460,0,0,0,0,1981.133899622129
|||;32460,32460,32460,32460,0,0,0,0,1986.133899622129
|||;32460,32460,32460,32460,0,0,0,0,1991.133899622129
|||;32460,32460,32460,32460,0,0,0,0,1996.133899622129
