|||;33689,33689,33689,33689,0,0,0,0,1.029043108448
|||;33689,33689,33689,33689,0,0,0,0,6.029043108448
|||;33689,33689,33689,33689,0,0,0,0,11.029043108448
|||;33689,33689,33689,33689,0,0,0,0,16.029043108448
|||;33689,33689,33689,33689,0,0,0,0,21.029043108448
|||;33689,33689,33689,33689,0,0,0,0,26.029043108448
|||;33689,33689,33689,33689,0,0,0,0,31.029043108448
|||;33689,33689,33689,33689,0,0,0,0,36.029043108448
|||;33689,33689,33689,33689,0,0,0,0,41.029043108448
|||;33689,33689,33689,33689,0,0,0,0,46.029043108448
|||;33689,33689,33689,33689,0,0,0,0,51.029043108448
|||;33689,33689,33689,33689,0,0,0,0,56.029043108448
|||;33689,33689,33689,33689,0,0,0,0,61.029043108448
|||;33689,33689,33689,33689,0,0,0,0,66.029043108448
|||;33689,33689,33689,33689,0,0,0,0,71.029043108448
|||;33689,33689,33689,33689,0,0,0,0,76.029043108448
|||;33689,33689,33689,33689,0,0,0,0,81.029043108448
|||;33689,33689,33689,33689,0,0,0,0,86.029043108448
|||;33689,33689,33689,33689,0,0,0,0,91.029043108448
|||;33689,33689,33689,33689,0,0,0,0,96.029043108448
|||;33689,33689,33689,33689,0,0,0,0,101.029043108448
|||;33689,33689,33689,33689,0,0,0,0,106.029043108448
|||;33689,33689,33689,33689,0,0,0,0,111.029043108448
|||;33689,33689,33689,33689,0,0,0,0,116.029043108448
|||;33689,33689,33689,33689,0,0,0,0,121.029043108448
|||;33689,33689,33689,33689,0,0,0,0,126.029043108448
|||;33689,33689,33689,33689,0,0,0,0,131.029043108448
|||;33689,33689,33689,33689,0,0,0,0,136.029043108448
|||;33689,33689,33689,33689,0,0,0,0,141.029043108448
|||;33689,33689,33689,33689,0,0,0,0,146.029043108448
|||;33689,33689,33689,33689,0,0,0,0,151.029043108448
|||;33689,33689,33689,33689,0,0,0,0,156.029043108448
|||;33689,33689,33689,33689,0,0,0,0,161.029043108448
|||;33689,33689,33689,33689,0,0,0,0,166.029043108448
|||;33689,33689,33689,33689,0,0,0,0,171.029043108448
|||;33689,33689,33689,33689,0,0,0,0,176.029043108448
|||;33689,33689,33689,33689,0,0,0,0,181.029043108448
|||;33689,33689,33689,33689,0,0,0,0,186.029043108448
|||;33689,33689,33689,33689,0,0,0,0,191.029043108448
|||;33689,33689,33689,33689,0,0,0,0,196.029043108448
|||;33689,33689,33689,33689,0,0,0,0,201.029043108448
|||;33689,33689,33689,33689,0,0,0,0,206.029043108448
|||;33689,33689,33689,33689,0,0,0,0,211.029043108448
|||;33689,33689,33689,33689,0,0,0,0,216.029043108448
|||;33689,33689,33689,33689,0,0,0,0,221.029043108448
|||;33689,33689,33689,33689,0,0,0,0,226.029043108448
|||;33689,33689,33689,33689,0,0,0,0,231.029043108448
|||;33689,33689,33689,33689,0,0,0,0,236.029043108448
|||;33689,33689,33689,33689,0,0,0,0,241.029043108448
|||;33689,33689,33689,33689,0,0,0,0,246.029043108448
|555mohcs(2),||555mohcs(2),;33689,31953.3,33689,31374.8,0,4.80924753682,0,7.808971283655,251.029043108448
|||555mohcs(2),;33689,33689,33689,31374.8,0,0,0,2.808971283655,256.029043108448
|||;33689,33689,33689,33689,0,0,0,0,261.029043108448
|||;33689,33689,33689,33689,0,0,0,0,266.029043108448
|||;33689,33689,33689,33689,0,0,0,0,271.029043108448
|||;33689,33689,33689,33689,0,0,0,0,276.029043108448
|497hqvjc(2),|497hqvjc(2),655pdwth(0),|497hqvjc(2),655pdwth(0),;33689,33064.4,32337.3,32337.3,0,2.528909704177,10.400950925115,10.400950925115,281.029043108448
||655pdwth(2),|655pdwth(2),;33689,33689,32961.9,32961.9,0,0,5.400950925115,5.400950925115,286.029043108448
|||;33689,33689,33688.9,33688.9,0,0,0.400950925115,0.400950925115,291.029043108448
|||;33689,33689,33688.9,33688.9,0,0,0,0,296.029043108448
|||;33689,33689,33688.9,33688.9,0,0,0,0,301.029043108448
|||;33689,33689,33688.9,33688.9,0,0,0,0,306.029043108448
|||;33689,33689,33688.9,33688.9,0,0,0,0,311.029043108448
|||;33689,33689,33688.9,33688.9,0,0,0,0,316.029043108448
|||;33689,33689,33688.9,33688.9,0,0,0,0,321.029043108448
|||;33689,33689,33688.9,33688.9,0,0,0,0,326.029043108448
|||;33689,33689,33688.9,33688.9,0,0,0,0,331.029043108448
|||;33689,33689,33688.9,33688.9,0,0,0,0,336.029043108448
|||;33689,33689,33688.9,33688.9,0,0,0,0,341.029043108448
|||;33689,33689,33688.9,33688.9,0,0,0,0,346.029043108448
|||;33689,33689,33688.9,33688.9,0,0,0,0,351.029043108448
|||;33689,33689,33688.9,33688.9,0,0,0,0,356.029043108448
|||;33689,33689,33688.9,33688.9,0,0,0,0,361.029043108448
|||;33689,33689,33688.9,33688.9,0,0,0,0,366.029043108448
|||;33689,33689,33688.9,33688.9,0,0,0,0,371.029043108448
|||;33689,33689,33688.9,33688.9,0,0,0,0,376.029043108448
|146nmfie(2),|146nmfie(2),|146nmfie(2),;33689,32721.3,27882.8,31753.5,0,1.546085637358,27.262270953814,6.689322700649,381.029043108448
||146nmfie(2),|146nmfie(2),;33689,33689,27882.8,31753.5,0,0,22.262270953814,1.689322700649,386.029043108448
||146nmfie(2),|146nmfie(3),;33689,33689,27882.8,31753.5,0,0,17.262270953814,0,391.029043108448
||146nmfie(2),|146nmfie(3),;33689,33689,27882.8,31753.5,0,0,12.262270953814,0,396.029043108448
||146nmfie(2),|146nmfie(3),;33689,33689,27882.8,31753.5,0,0,7.262270953814,0,401.029043108448
||146nmfie(2),|146nmfie(3),;33689,33689,27882.8,31753.5,0,0,2.262270953814,0,406.029043108448
||146nmfie(3),|146nmfie(3),;33689,33689,27882.8,31753.5,0,0,0,0,411.029043108448
||146nmfie(3),|146nmfie(3),;33689,33689,27882.8,31753.5,0,0,0,0,416.029043108448
||146nmfie(3),|146nmfie(3),;33689,33689,27882.8,31753.5,0,0,0,0,421.029043108448
||146nmfie(3),|146nmfie(3),;33689,33689,27882.8,31753.5,0,0,0,0,426.029043108448
555ibfht(0),|555ibfht(0),|146nmfie(3),555ibfht(0),|146nmfie(3),555ibfht(0),;33043.9,33043.9,26592.6,31108.4,4.931052442172,4.931052442172,8.359877151033,4.931052442172,431.029043108448
||146nmfie(3),555ibfht(2),|146nmfie(3),;33689,33689,26592.6,31753.5,0,0,3.359877151033,0,436.029043108448
||146nmfie(3),|146nmfie(3),;33689,33689,27882.8,31753.5,0,0,0,0,441.029043108448
||146nmfie(3),|146nmfie(3),;33689,33689,27882.8,31753.5,0,0,0,0,446.029043108448
||146nmfie(3),|146nmfie(3),;33689,33689,27882.8,31753.5,0,0,0,0,451.029043108448
||146nmfie(3),|146nmfie(3),;33689,33689,27882.8,31753.5,0,0,0,0,456.029043108448
||146nmfie(3),|146nmfie(3),;33689,33689,27882.8,31753.5,0,0,0,0,461.029043108448
||146nmfie(3),|146nmfie(3),;33689,33689,27882.8,31753.5,0,0,0,0,466.029043108448
||146nmfie(3),|146nmfie(3),;33689,33689,27882.8,31753.5,0,0,0,0,471.029043108448
||146nmfie(3),|146nmfie(3),;33689,33689,27882.8,31753.5,0,0,0,0,476.029043108448
||146nmfie(3),|;33689,33689,27882.8,33688.9,0,0,0,0,481.029043108448
||146nmfie(3),|;33689,33689,27882.8,33688.9,0,0,0,0,486.029043108448
||146nmfie(3),|;33689,33689,27882.8,33688.9,0,0,0,0,491.029043108448
||146nmfie(3),|;33689,33689,27882.8,33688.9,0,0,0,0,496.029043108448
||146nmfie(3),|;33689,33689,27882.8,33688.9,0,0,0,0,501.029043108448
||146nmfie(3),|;33689,33689,27882.8,33688.9,0,0,0,0,506.029043108448
||146nmfie(3),|;33689,33689,27882.8,33688.9,0,0,0,0,511.029043108448
||146nmfie(3),|;33689,33689,27882.8,33688.9,0,0,0,0,516.029043108448
||146nmfie(3),|;33689,33689,27882.8,33688.9,0,0,0,0,521.029043108448
||146nmfie(3),|;33689,33689,27882.8,33688.9,0,0,0,0,526.029043108448
||146nmfie(3),|;33689,33689,27882.8,33688.9,0,0,0,0,531.029043108448
||146nmfie(3),|;33689,33689,27882.8,33688.9,0,0,0,0,536.029043108448
||146nmfie(3),|;33689,33689,27882.8,33688.9,0,0,0,0,541.029043108448
||146nmfie(3),|;33689,33689,27882.8,33688.9,0,0,0,0,546.029043108448
||146nmfie(3),|;33689,33689,27882.8,33688.9,0,0,0,0,551.029043108448
||146nmfie(3),|;33689,33689,27882.8,33688.9,0,0,0,0,556.029043108448
||146nmfie(3),|;33689,33689,27882.8,33688.9,0,0,0,0,561.029043108448
||146nmfie(3),|;33689,33689,27882.8,33688.9,0,0,0,0,566.029043108448
||146nmfie(3),|;33689,33689,27882.8,33688.9,0,0,0,0,571.029043108448
||146nmfie(3),|;33689,33689,27882.8,33688.9,0,0,0,0,576.029043108448
||146nmfie(3),|;33689,33689,27882.8,33688.9,0,0,0,0,581.029043108448
||146nmfie(3),|;33689,33689,27882.8,33688.9,0,0,0,0,586.029043108448
||146nmfie(3),|;33689,33689,27882.8,33688.9,0,0,0,0,591.029043108448
|||;33689,33689,33688.9,33688.9,0,0,0,0,596.029043108448
|||;33689,33689,33688.9,33688.9,0,0,0,0,601.029043108448
|||;33689,33689,33688.9,33688.9,0,0,0,0,606.029043108448
|||;33689,33689,33688.9,33688.9,0,0,0,0,611.029043108448
|||;33689,33689,33688.9,33688.9,0,0,0,0,616.029043108448
|||;33689,33689,33688.9,33688.9,0,0,0,0,621.029043108448
|||;33689,33689,33688.9,33688.9,0,0,0,0,626.029043108448
|||;33689,33689,33688.9,33688.9,0,0,0,0,631.029043108448
|||;33689,33689,33688.9,33688.9,0,0,0,0,636.029043108448
|||;33689,33689,33688.9,33688.9,0,0,0,0,641.029043108448
|||;33689,33689,33688.9,33688.9,0,0,0,0,646.029043108448
|||;33689,33689,33688.9,33688.9,0,0,0,0,651.029043108448
|||;33689,33689,33688.9,33688.9,0,0,0,0,656.029043108448
|||;33689,33689,33688.9,33688.9,0,0,0,0,661.029043108448
|||;33689,33689,33688.9,33688.9,0,0,0,0,666.029043108448
|||;33689,33689,33688.9,33688.9,0,0,0,0,671.029043108448
|||;33689,33689,33688.9,33688.9,0,0,0,0,676.029043108448
|||;33689,33689,33688.9,33688.9,0,0,0,0,681.029043108448
|||;33689,33689,33688.9,33688.9,0,0,0,0,686.029043108448
468caxsn(2),|468caxsn(2),|468caxsn(2),|;28697,31692.2,31692.1,33688.9,26.130207059294,10.210663768155,10.210663768155,0,691.029043108448
468caxsn(2),|468caxsn(2),|468caxsn(2),|;28697,31692.2,31692.1,33688.9,21.130207059294,5.210663768155,5.210663768155,0,696.029043108448
468caxsn(2),|468caxsn(3),|468caxsn(3),|;28697,31692.2,31692.1,33688.9,16.130207059294,0.210663768155,0.210663768155,0,701.029043108448
468caxsn(2),|468caxsn(3),|468caxsn(3),|;28697,31692.2,31692.1,33688.9,11.130207059294,0,0,0,706.029043108448
468caxsn(2),|468caxsn(3),|468caxsn(3),|;28697,31692.2,31692.1,33688.9,6.130207059294,0,0,0,711.029043108448
468caxsn(2),|468caxsn(3),|468caxsn(3),|;28697,31692.2,31692.1,33688.9,1.130207059294,0,0,0,716.029043108448
468caxsn(3),|468caxsn(3),|468caxsn(3),|;28697,31692.2,31692.1,33688.9,0,0,0,0,721.029043108448
468caxsn(3),|468caxsn(3),|468caxsn(3),|;28697,31692.2,31692.1,33688.9,0,0,0,0,726.029043108448
468caxsn(3),|468caxsn(3),|468caxsn(3),|;28697,31692.2,31692.1,33688.9,0,0,0,0,731.029043108448
468caxsn(3),|468caxsn(3),|468caxsn(3),|;28697,31692.2,31692.1,33688.9,0,0,0,0,736.029043108448
468caxsn(3),|468caxsn(3),|468caxsn(3),|;28697,31692.2,31692.1,33688.9,0,0,0,0,741.029043108448
468caxsn(3),|468caxsn(3),|468caxsn(3),|;28697,31692.2,31692.1,33688.9,0,0,0,0,746.029043108448
468caxsn(3),|468caxsn(3),|468caxsn(3),|;28697,31692.2,31692.1,33688.9,0,0,0,0,751.029043108448
468caxsn(3),|468caxsn(3),|468caxsn(3),|;28697,31692.2,31692.1,33688.9,0,0,0,0,756.029043108448
468caxsn(3),|468caxsn(3),|468caxsn(3),|;28697,31692.2,31692.1,33688.9,0,0,0,0,761.029043108448
468caxsn(3),|468caxsn(3),|468caxsn(3),|;28697,31692.2,31692.1,33688.9,0,0,0,0,766.029043108448
468caxsn(3),|468caxsn(3),|468caxsn(3),|;28697,31692.2,31692.1,33688.9,0,0,0,0,771.029043108448
468caxsn(3),|468caxsn(3),|468caxsn(3),|;28697,31692.2,31692.1,33688.9,0,0,0,0,776.029043108448
468caxsn(3),|468caxsn(3),|468caxsn(3),|;28697,31692.2,31692.1,33688.9,0,0,0,0,781.029043108448
468caxsn(3),|468caxsn(3),|468caxsn(3),|;28697,31692.2,31692.1,33688.9,0,0,0,0,786.029043108448
468caxsn(3),|468caxsn(3),|468caxsn(3),|;28697,31692.2,31692.1,33688.9,0,0,0,0,791.029043108448
468caxsn(3),|468caxsn(3),|468caxsn(3),|;28697,31692.2,31692.1,33688.9,0,0,0,0,796.029043108448
468caxsn(3),|468caxsn(3),|468caxsn(3),|;28697,31692.2,31692.1,33688.9,0,0,0,0,801.029043108448
468caxsn(3),|468caxsn(3),|468caxsn(3),|;28697,31692.2,31692.1,33688.9,0,0,0,0,806.029043108448
468caxsn(3),|468caxsn(3),|468caxsn(3),|;28697,31692.2,31692.1,33688.9,0,0,0,0,811.029043108448
468caxsn(3),|468caxsn(3),|468caxsn(3),|;28697,31692.2,31692.1,33688.9,0,0,0,0,816.029043108448
468caxsn(3),|468caxsn(3),|468caxsn(3),|;28697,31692.2,31692.1,33688.9,0,0,0,0,821.029043108448
468caxsn(3),|468caxsn(3),|468caxsn(3),|;28697,31692.2,31692.1,33688.9,0,0,0,0,826.029043108448
468caxsn(3),|468caxsn(3),|468caxsn(3),|;28697,31692.2,31692.1,33688.9,0,0,0,0,831.029043108448
468caxsn(3),|468caxsn(3),|468caxsn(3),|;28697,31692.2,31692.1,33688.9,0,0,0,0,836.029043108448
468caxsn(3),|468caxsn(3),|468caxsn(3),|;28697,31692.2,31692.1,33688.9,0,0,0,0,841.029043108448
468caxsn(3),|468caxsn(3),|468caxsn(3),|;28697,31692.2,31692.1,33688.9,0,0,0,0,846.029043108448
468caxsn(3),|468caxsn(3),|468caxsn(3),|;28697,31692.2,31692.1,33688.9,0,0,0,0,851.029043108448
468caxsn(3),|468caxsn(3),|468caxsn(3),|;28697,31692.2,31692.1,33688.9,0,0,0,0,856.029043108448
468caxsn(3),|468caxsn(3),|468caxsn(3),|;28697,31692.2,31692.1,33688.9,0,0,0,0,861.029043108448
468caxsn(3),|468caxsn(3),|468caxsn(3),|;28697,31692.2,31692.1,33688.9,0,0,0,0,866.029043108448
468caxsn(3),|468caxsn(3),|468caxsn(3),|;28697,31692.2,31692.1,33688.9,0,0,0,0,871.029043108448
468caxsn(3),|468caxsn(3),|468caxsn(3),|;28697,31692.2,31692.1,33688.9,0,0,0,0,876.029043108448
468caxsn(3),|468caxsn(3),|468caxsn(3),|;28697,31692.2,31692.1,33688.9,0,0,0,0,881.029043108448
468caxsn(3),|468caxsn(3),|468caxsn(3),|;28697,31692.2,31692.1,33688.9,0,0,0,0,886.029043108448
468caxsn(3),|468caxsn(3),|468caxsn(3),|;28697,31692.2,31692.1,33688.9,0,0,0,0,891.029043108448
468caxsn(3),|468caxsn(3),|468caxsn(3),|;28697,31692.2,31692.1,33688.9,0,0,0,0,896.029043108448
468caxsn(3),|468caxsn(3),|468caxsn(3),|;28697,31692.2,31692.1,33688.9,0,0,0,0,901.029043108448
468caxsn(3),|468caxsn(3),|468caxsn(3),|;28697,31692.2,31692.1,33688.9,0,0,0,0,906.029043108448
468caxsn(3),|468caxsn(3),|468caxsn(3),|;28697,31692.2,31692.1,33688.9,0,0,0,0,911.029043108448
468caxsn(3),481yulix(2),|468caxsn(3),481yulix(2),|468caxsn(3),481yulix(2),|481yulix(2),;27765.2,30760.4,25169.2,32757.1,4.679277006146,4.679277006146,34.395757816272,4.679277006146,916.029043108448
468caxsn(3),|468caxsn(3),|468caxsn(3),481yulix(2),|;28697,31692.2,25169.2,33688.9,0,0,29.395757816272,0,921.029043108448
468caxsn(3),|468caxsn(3),|468caxsn(3),481yulix(2),|;28697,31692.2,25169.2,33688.9,0,0,24.395757816272,0,926.029043108448
468caxsn(3),|468caxsn(3),|468caxsn(3),481yulix(2),|;28697,31692.2,25169.2,33688.9,0,0,19.395757816272,0,931.029043108448
468caxsn(3),|468caxsn(3),|468caxsn(3),481yulix(2),|;28697,31692.2,25169.2,33688.9,0,0,14.395757816272,0,936.029043108448
468caxsn(3),|468caxsn(3),|468caxsn(3),481yulix(2),|;28697,31692.2,25169.2,33688.9,0,0,9.395757816272,0,941.029043108448
468caxsn(3),|468caxsn(3),|468caxsn(3),481yulix(2),|;28697,31692.2,25169.2,33688.9,0,0,4.395757816272,0,946.029043108448
468caxsn(3),|468caxsn(3),|468caxsn(3),481yulix(3),|;28697,31692.2,25169.2,33688.9,0,0,0,0,951.029043108448
468caxsn(3),|468caxsn(3),|468caxsn(3),481yulix(3),|;28697,31692.2,25169.2,33688.9,0,0,0,0,956.029043108448
||481yulix(3),|;33689,33689,27166,33688.9,0,0,0,0,961.029043108448
||481yulix(3),|;33689,33689,27166,33688.9,0,0,0,0,966.029043108448
||481yulix(3),|;33689,33689,27166,33688.9,0,0,0,0,971.029043108448
||481yulix(3),|;33689,33689,27166,33688.9,0,0,0,0,976.029043108448
||481yulix(3),|;33689,33689,27166,33688.9,0,0,0,0,981.029043108448
||481yulix(3),|;33689,33689,27166,33688.9,0,0,0,0,986.029043108448
||481yulix(3),|;33689,33689,27166,33688.9,0,0,0,0,991.029043108448
||481yulix(3),|;33689,33689,27166,33688.9,0,0,0,0,996.029043108448
||481yulix(3),|;33689,33689,27166,33688.9,0,0,0,0,1001.029043108448
||481yulix(3),|;33689,33689,27166,33688.9,0,0,0,0,1006.029043108448
||481yulix(3),|;33689,33689,27166,33688.9,0,0,0,0,1011.029043108448
||481yulix(3),|;33689,33689,27166,33688.9,0,0,0,0,1016.029043108448
||481yulix(3),|;33689,33689,27166,33688.9,0,0,0,0,1021.029043108448
||481yulix(3),|;33689,33689,27166,33688.9,0,0,0,0,1026.029043108448
||481yulix(3),|;33689,33689,27166,33688.9,0,0,0,0,1031.029043108448
||481yulix(3),|;33689,33689,27166,33688.9,0,0,0,0,1036.029043108448
||481yulix(3),|;33689,33689,27166,33688.9,0,0,0,0,1041.029043108448
||481yulix(3),|;33689,33689,27166,33688.9,0,0,0,0,1046.029043108448
||481yulix(3),|;33689,33689,27166,33688.9,0,0,0,0,1051.029043108448
||481yulix(3),|;33689,33689,27166,33688.9,0,0,0,0,1056.029043108448
||481yulix(3),|;33689,33689,27166,33688.9,0,0,0,0,1061.029043108448
||481yulix(3),|;33689,33689,27166,33688.9,0,0,0,0,1066.029043108448
||481yulix(3),|;33689,33689,27166,33688.9,0,0,0,0,1071.029043108448
||481yulix(3),|;33689,33689,27166,33688.9,0,0,0,0,1076.029043108448
||481yulix(3),|;33689,33689,27166,33688.9,0,0,0,0,1081.029043108448
||481yulix(3),|;33689,33689,27166,33688.9,0,0,0,0,1086.029043108448
||481yulix(3),|;33689,33689,27166,33688.9,0,0,0,0,1091.029043108448
||481yulix(3),|;33689,33689,27166,33688.9,0,0,0,0,1096.029043108448
||481yulix(3),|;33689,33689,27166,33688.9,0,0,0,0,1101.029043108448
||481yulix(3),|;33689,33689,27166,33688.9,0,0,0,0,1106.029043108448
||481yulix(3),|;33689,33689,27166,33688.9,0,0,0,0,1111.029043108448
||481yulix(3),|;33689,33689,27166,33688.9,0,0,0,0,1116.029043108448
||481yulix(3),|;33689,33689,27166,33688.9,0,0,0,0,1121.029043108448
||481yulix(3),|;33689,33689,27166,33688.9,0,0,0,0,1126.029043108448
||481yulix(3),|;33689,33689,27166,33688.9,0,0,0,0,1131.029043108448
||481yulix(3),|;33689,33689,27166,33688.9,0,0,0,0,1136.029043108448
||481yulix(3),|;33689,33689,27166,33688.9,0,0,0,0,1141.029043108448
||481yulix(3),|;33689,33689,27166,33688.9,0,0,0,0,1146.029043108448
||481yulix(3),|;33689,33689,27166,33688.9,0,0,0,0,1151.029043108448
||481yulix(3),|;33689,33689,27166,33688.9,0,0,0,0,1156.029043108448
||481yulix(3),|;33689,33689,27166,33688.9,0,0,0,0,1161.029043108448
||481yulix(3),|;33689,33689,27166,33688.9,0,0,0,0,1166.029043108448
||481yulix(3),|;33689,33689,27166,33688.9,0,0,0,0,1171.029043108448
||481yulix(3),|;33689,33689,27166,33688.9,0,0,0,0,1176.029043108448
||481yulix(3),|;33689,33689,27166,33688.9,0,0,0,0,1181.029043108448
||481yulix(3),|;33689,33689,27166,33688.9,0,0,0,0,1186.029043108448
||481yulix(3),|;33689,33689,27166,33688.9,0,0,0,0,1191.029043108448
||481yulix(3),|;33689,33689,27166,33688.9,0,0,0,0,1196.029043108448
||481yulix(3),|;33689,33689,27166,33688.9,0,0,0,0,1201.029043108448
||481yulix(3),|;33689,33689,27166,33688.9,0,0,0,0,1206.029043108448
||481yulix(3),|;33689,33689,27166,33688.9,0,0,0,0,1211.029043108448
||481yulix(3),|;33689,33689,27166,33688.9,0,0,0,0,1216.029043108448
||481yulix(3),|;33689,33689,27166,33688.9,0,0,0,0,1221.029043108448
||481yulix(3),|;33689,33689,27166,33688.9,0,0,0,0,1226.029043108448
||481yulix(3),|;33689,33689,27166,33688.9,0,0,0,0,1231.029043108448
||481yulix(3),|;33689,33689,27166,33688.9,0,0,0,0,1236.029043108448
||481yulix(3),|;33689,33689,27166,33688.9,0,0,0,0,1241.029043108448
||481yulix(3),|;33689,33689,27166,33688.9,0,0,0,0,1246.029043108448
||481yulix(3),|;33689,33689,27166,33688.9,0,0,0,0,1251.029043108448
||481yulix(3),|;33689,33689,27166,33688.9,0,0,0,0,1256.029043108448
||481yulix(3),|;33689,33689,27166,33688.9,0,0,0,0,1261.029043108448
||481yulix(3),|;33689,33689,27166,33688.9,0,0,0,0,1266.029043108448
||481yulix(3),|;33689,33689,27166,33688.9,0,0,0,0,1271.029043108448
||481yulix(3),|;33689,33689,27166,33688.9,0,0,0,0,1276.029043108448
||481yulix(3),|;33689,33689,27166,33688.9,0,0,0,0,1281.029043108448
||481yulix(3),|;33689,33689,27166,33688.9,0,0,0,0,1286.029043108448
||481yulix(3),|;33689,33689,27166,33688.9,0,0,0,0,1291.029043108448
||481yulix(3),|;33689,33689,27166,33688.9,0,0,0,0,1296.029043108448
||481yulix(3),|;33689,33689,27166,33688.9,0,0,0,0,1301.029043108448
||481yulix(3),|;33689,33689,27166,33688.9,0,0,0,0,1306.029043108448
||481yulix(3),|;33689,33689,27166,33688.9,0,0,0,0,1311.029043108448
||481yulix(3),|;33689,33689,27166,33688.9,0,0,0,0,1316.029043108448
||481yulix(3),|;33689,33689,27166,33688.9,0,0,0,0,1321.029043108448
||481yulix(3),|;33689,33689,27166,33688.9,0,0,0,0,1326.029043108448
||481yulix(3),|;33689,33689,27166,33688.9,0,0,0,0,1331.029043108448
||481yulix(3),|;33689,33689,27166,33688.9,0,0,0,0,1336.029043108448
||481yulix(3),|;33689,33689,27166,33688.9,0,0,0,0,1341.029043108448
||481yulix(3),|;33689,33689,27166,33688.9,0,0,0,0,1346.029043108448
||481yulix(3),|;33689,33689,27166,33688.9,0,0,0,0,1351.029043108448
||481yulix(3),|;33689,33689,27166,33688.9,0,0,0,0,1356.029043108448
||481yulix(3),|;33689,33689,27166,33688.9,0,0,0,0,1361.029043108448
||481yulix(3),|;33689,33689,27166,33688.9,0,0,0,0,1366.029043108448
|||;33689,33689,33688.9,33688.9,0,0,0,0,1371.029043108448
|||;33689,33689,33688.9,33688.9,0,0,0,0,1376.029043108448
|||;33689,33689,33688.9,33688.9,0,0,0,0,1381.029043108448
|||;33689,33689,33688.9,33688.9,0,0,0,0,1386.029043108448
|||;33689,33689,33688.9,33688.9,0,0,0,0,1391.029043108448
|||;33689,33689,33688.9,33688.9,0,0,0,0,1396.029043108448
|||;33689,33689,33688.9,33688.9,0,0,0,0,1401.029043108448
|||;33689,33689,33688.9,33688.9,0,0,0,0,1406.029043108448
|||;33689,33689,33688.9,33688.9,0,0,0,0,1411.029043108448
|||;33689,33689,33688.9,33688.9,0,0,0,0,1416.029043108448
|||;33689,33689,33688.9,33688.9,0,0,0,0,1421.029043108448
|||;33689,33689,33688.9,33688.9,0,0,0,0,1426.029043108448
|||;33689,33689,33688.9,33688.9,0,0,0,0,1431.029043108448
|||;33689,33689,33688.9,33688.9,0,0,0,0,1436.029043108448
|||;33689,33689,33688.9,33688.9,0,0,0,0,1441.029043108448
|||;33689,33689,33688.9,33688.9,0,0,0,0,1446.029043108448
|||;33689,33689,33688.9,33688.9,0,0,0,0,1451.029043108448
|||;33689,33689,33688.9,33688.9,0,0,0,0,1456.029043108448
|||;33689,33689,33688.9,33688.9,0,0,0,0,1461.029043108448
|||;33689,33689,33688.9,33688.9,0,0,0,0,1466.029043108448
|||;33689,33689,33688.9,33688.9,0,0,0,0,1471.029043108448
|||;33689,33689,33688.9,33688.9,0,0,0,0,1476.029043108448
|||;33689,33689,33688.9,33688.9,0,0,0,0,1481.029043108448
|||;33689,33689,33688.9,33688.9,0,0,0,0,1486.029043108448
|||;33689,33689,33688.9,33688.9,0,0,0,0,1491.029043108448
|||;33689,33689,33688.9,33688.9,0,0,0,0,1496.029043108448
|||;33689,33689,33688.9,33688.9,0,0,0,0,1501.029043108448
|||;33689,33689,33688.9,33688.9,0,0,0,0,1506.029043108448
|||;33689,33689,33688.9,33688.9,0,0,0,0,1511.029043108448
|||;33689,33689,33688.9,33688.9,0,0,0,0,1516.029043108448
|||;33689,33689,33688.9,33688.9,0,0,0,0,1521.029043108448
|||;33689,33689,33688.9,33688.9,0,0,0,0,1526.029043108448
|||;33689,33689,33688.9,33688.9,0,0,0,0,1531.029043108448
|||;33689,33689,33688.9,33688.9,0,0,0,0,1536.029043108448
|||;33689,33689,33688.9,33688.9,0,0,0,0,1541.029043108448
|||;33689,33689,33688.9,33688.9,0,0,0,0,1546.029043108448
|||;33689,33689,33688.9,33688.9,0,0,0,0,1551.029043108448
|||;33689,33689,33688.9,33688.9,0,0,0,0,1556.029043108448
|||;33689,33689,33688.9,33688.9,0,0,0,0,1561.029043108448
|||;33689,33689,33688.9,33688.9,0,0,0,0,1566.029043108448
|||;33689,33689,33688.9,33688.9,0,0,0,0,1571.029043108448
|||;33689,33689,33688.9,33688.9,0,0,0,0,1576.029043108448
|||;33689,33689,33688.9,33688.9,0,0,0,0,1581.029043108448
|||;33689,33689,33688.9,33688.9,0,0,0,0,1586.029043108448
|||;33689,33689,33688.9,33688.9,0,0,0,0,1591.029043108448
|||;33689,33689,33688.9,33688.9,0,0,0,0,1596.029043108448
|||;33689,33689,33688.9,33688.9,0,0,0,0,1601.029043108448
|||;33689,33689,33688.9,33688.9,0,0,0,0,1606.029043108448
|||;33689,33689,33688.9,33688.9,0,0,0,0,1611.029043108448
|||;33689,33689,33688.9,33688.9,0,0,0,0,1616.029043108448
|||;33689,33689,33688.9,33688.9,0,0,0,0,1621.029043108448
|||;33689,33689,33688.9,33688.9,0,0,0,0,1626.029043108448
|||;33689,33689,33688.9,33688.9,0,0,0,0,1631.029043108448
|||;33689,33689,33688.9,33688.9,0,0,0,0,1636.029043108448
|||;33689,33689,33688.9,33688.9,0,0,0,0,1641.029043108448
|||;33689,33689,33688.9,33688.9,0,0,0,0,1646.029043108448
|||;33689,33689,33688.9,33688.9,0,0,0,0,1651.029043108448
|||;33689,33689,33688.9,33688.9,0,0,0,0,1656.029043108448
|||;33689,33689,33688.9,33688.9,0,0,0,0,1661.029043108448
|||;33689,33689,33688.9,33688.9,0,0,0,0,1666.029043108448
|||;33689,33689,33688.9,33688.9,0,0,0,0,1671.029043108448
|||;33689,33689,33688.9,33688.9,0,0,0,0,1676.029043108448
|||;33689,33689,33688.9,33688.9,0,0,0,0,1681.029043108448
|||;33689,33689,33688.9,33688.9,0,0,0,0,1686.029043108448
|||;33689,33689,33688.9,33688.9,0,0,0,0,1691.029043108448
|||;33689,33689,33688.9,33688.9,0,0,0,0,1696.029043108448
|||;33689,33689,33688.9,33688.9,0,0,0,0,1701.029043108448
|||;33689,33689,33688.9,33688.9,0,0,0,0,1706.029043108448
|||;33689,33689,33688.9,33688.9,0,0,0,0,1711.029043108448
|||;33689,33689,33688.9,33688.9,0,0,0,0,1716.029043108448
|||;33689,33689,33688.9,33688.9,0,0,0,0,1721.029043108448
|||;33689,33689,33688.9,33688.9,0,0,0,0,1726.029043108448
|||;33689,33689,33688.9,33688.9,0,0,0,0,1731.029043108448
|||;33689,33689,33688.9,33688.9,0,0,0,0,1736.029043108448
|||;33689,33689,33688.9,33688.9,0,0,0,0,1741.029043108448
|||;33689,33689,33688.9,33688.9,0,0,0,0,1746.029043108448
|||;33689,33689,33688.9,33688.9,0,0,0,0,1751.029043108448
|||;33689,33689,33688.9,33688.9,0,0,0,0,1756.029043108448
|||;33689,33689,33688.9,33688.9,0,0,0,0,1761.029043108448
|||;33689,33689,33688.9,33688.9,0,0,0,0,1766.029043108448
|||;33689,33689,33688.9,33688.9,0,0,0,0,1771.029043108448
|||;33689,33689,33688.9,33688.9,0,0,0,0,1776.029043108448
|||;33689,33689,33688.9,33688.9,0,0,0,0,1781.029043108448
|||;33689,33689,33688.9,33688.9,0,0,0,0,1786.029043108448
|||;33689,33689,33688.9,33688.9,0,0,0,0,1791.029043108448
417afhmw(2),|417afhmw(2),|417afhmw(2),|417afhmw(2),;31799.7,31799.7,32429.4,32429.4,9.961977001736,9.961977001736,6.53279097642,6.53279097642,1796.029043108448
417afhmw(2),|417afhmw(2),|417afhmw(2),|417afhmw(2),;31799.7,31799.7,32429.4,32429.4,4.961977001736,4.961977001736,1.53279097642,1.53279097642,1801.029043108448
417afhmw(3),|417afhmw(3),|417afhmw(3),|417afhmw(3),;31799.7,31799.7,32429.4,32429.4,0,0,0,0,1806.029043108448
417afhmw(3),|417afhmw(3),|417afhmw(3),|417afhmw(3),;31799.7,31799.7,32429.4,32429.4,0,0,0,0,1811.029043108448
417afhmw(3),|417afhmw(3),|417afhmw(3),|417afhmw(3),;31799.7,31799.7,32429.4,32429.4,0,0,0,0,1816.029043108448
417afhmw(3),|417afhmw(3),|417afhmw(3),|417afhmw(3),;31799.7,31799.7,32429.4,32429.4,0,0,0,0,1821.029043108448
417afhmw(3),|417afhmw(3),|417afhmw(3),|417afhmw(3),;31799.7,31799.7,32429.4,32429.4,0,0,0,0,1826.029043108448
417afhmw(3),|417afhmw(3),|417afhmw(3),|417afhmw(3),;31799.7,31799.7,32429.4,32429.4,0,0,0,0,1831.029043108448
417afhmw(3),|417afhmw(3),|417afhmw(3),|417afhmw(3),;31799.7,31799.7,32429.4,32429.4,0,0,0,0,1836.029043108448
417afhmw(3),|417afhmw(3),|417afhmw(3),|417afhmw(3),;31799.7,31799.7,32429.4,32429.4,0,0,0,0,1841.029043108448
417afhmw(3),|417afhmw(3),|417afhmw(3),|417afhmw(3),;31799.7,31799.7,32429.4,32429.4,0,0,0,0,1846.029043108448
417afhmw(3),|417afhmw(3),|417afhmw(3),|417afhmw(3),;31799.7,31799.7,32429.4,32429.4,0,0,0,0,1851.029043108448
417afhmw(3),|417afhmw(3),|417afhmw(3),|417afhmw(3),;31799.7,31799.7,32429.4,32429.4,0,0,0,0,1856.029043108448
417afhmw(3),|417afhmw(3),|417afhmw(3),|417afhmw(3),;31799.7,31799.7,32429.4,32429.4,0,0,0,0,1861.029043108448
417afhmw(3),|417afhmw(3),|417afhmw(3),|417afhmw(3),;31799.7,31799.7,32429.4,32429.4,0,0,0,0,1866.029043108448
417afhmw(3),|417afhmw(3),|417afhmw(3),|417afhmw(3),;31799.7,31799.7,32429.4,32429.4,0,0,0,0,1871.029043108448
417afhmw(3),|417afhmw(3),|417afhmw(3),|417afhmw(3),;31799.7,31799.7,32429.4,32429.4,0,0,0,0,1876.029043108448
417afhmw(3),|417afhmw(3),|417afhmw(3),|417afhmw(3),;31799.7,31799.7,32429.4,32429.4,0,0,0,0,1881.029043108448
417afhmw(3),|417afhmw(3),|417afhmw(3),|417afhmw(3),;31799.7,31799.7,32429.4,32429.4,0,0,0,0,1886.029043108448
417afhmw(3),|417afhmw(3),|417afhmw(3),|417afhmw(3),;31799.7,31799.7,32429.4,32429.4,0,0,0,0,1891.029043108448
417afhmw(3),|417afhmw(3),|417afhmw(3),|417afhmw(3),;31799.7,31799.7,32429.4,32429.4,0,0,0,0,1896.029043108448
417afhmw(3),|417afhmw(3),|417afhmw(3),|417afhmw(3),;31799.7,31799.7,32429.4,32429.4,0,0,0,0,1901.029043108448
417afhmw(3),|417afhmw(3),|417afhmw(3),|417afhmw(3),;31799.7,31799.7,32429.4,32429.4,0,0,0,0,1906.029043108448
417afhmw(3),|417afhmw(3),|417afhmw(3),|417afhmw(3),;31799.7,31799.7,32429.4,32429.4,0,0,0,0,1911.029043108448
417afhmw(3),|417afhmw(3),|417afhmw(3),|417afhmw(3),;31799.7,31799.7,32429.4,32429.4,0,0,0,0,1916.029043108448
417afhmw(3),|417afhmw(3),|417afhmw(3),|417afhmw(3),;31799.7,31799.7,32429.4,32429.4,0,0,0,0,1921.029043108448
417afhmw(3),|417afhmw(3),|417afhmw(3),|417afhmw(3),;31799.7,31799.7,32429.4,32429.4,0,0,0,0,1926.029043108448
417afhmw(3),|417afhmw(3),|417afhmw(3),|417afhmw(3),;31799.7,31799.7,32429.4,32429.4,0,0,0,0,1931.029043108448
417afhmw(3),|417afhmw(3),|417afhmw(3),|417afhmw(3),;31799.7,31799.7,32429.4,32429.4,0,0,0,0,1936.029043108448
417afhmw(3),|417afhmw(3),|417afhmw(3),|417afhmw(3),;31799.7,31799.7,32429.4,32429.4,0,0,0,0,1941.029043108448
417afhmw(3),|417afhmw(3),|417afhmw(3),|417afhmw(3),;31799.7,31799.7,32429.4,32429.4,0,0,0,0,1946.029043108448
417afhmw(3),|417afhmw(3),|417afhmw(3),|417afhmw(3),;31799.7,31799.7,32429.4,32429.4,0,0,0,0,1951.029043108448
417afhmw(3),|417afhmw(3),|417afhmw(3),|417afhmw(3),;31799.7,31799.7,32429.4,32429.4,0,0,0,0,1956.029043108448
417afhmw(3),|417afhmw(3),|417afhmw(3),|417afhmw(3),;31799.7,31799.7,32429.4,32429.4,0,0,0,0,1961.029043108448
417afhmw(3),|417afhmw(3),|417afhmw(3),|417afhmw(3),;31799.7,31799.7,32429.4,32429.4,0,0,0,0,1966.029043108448
417afhmw(3),|417afhmw(3),|417afhmw(3),|417afhmw(3),;31799.7,31799.7,32429.4,32429.4,0,0,0,0,1971.029043108448
417afhmw(3),|417afhmw(3),|417afhmw(3),|417afhmw(3),;31799.7,31799.7,32429.4,32429.4,0,0,0,0,1976.029043108448
417afhmw(3),|417afhmw(3),|417afhmw(3),|417afhmw(3),;31799.7,31799.7,32429.4,32429.4,0,0,0,0,1981.029043108448
417afhmw(3),|417afhmw(3),|417afhmw(3),|417afhmw(3),;31799.7,31799.7,32429.4,32429.4,0,0,0,0,1986.029043108448
417afhmw(3),|417afhmw(3),|417afhmw(3),|417afhmw(3),;31799.7,31799.7,32429.4,32429.4,0,0,0,0,1991.029043108448
417afhmw(3),|417afhmw(3),|417afhmw(3),|417afhmw(3),;31799.7,31799.7,32429.4,32429.4,0,0,0,0,1996.029043108448
