|||;36966,36966,36966,36966,0,0,0,0,1.145705846692
|||;36966,36966,36966,36966,0,0,0,0,6.145705846692
|||;36966,36966,36966,36966,0,0,0,0,11.145705846692
|||;36966,36966,36966,36966,0,0,0,0,16.145705846692
|||;36966,36966,36966,36966,0,0,0,0,21.145705846692
|||;36966,36966,36966,36966,0,0,0,0,26.145705846692
|||;36966,36966,36966,36966,0,0,0,0,31.145705846692
|||;36966,36966,36966,36966,0,0,0,0,36.145705846692
|||;36966,36966,36966,36966,0,0,0,0,41.145705846692
|||;36966,36966,36966,36966,0,0,0,0,46.145705846692
|||;36966,36966,36966,36966,0,0,0,0,51.145705846692
|||;36966,36966,36966,36966,0,0,0,0,56.145705846692
|||;36966,36966,36966,36966,0,0,0,0,61.145705846692
|||;36966,36966,36966,36966,0,0,0,0,66.145705846692
||276tgnxv(2),|276tgnxv(2),;36966,36966,34662,33126,0,0,16.887252599608,29.186206445761,71.145705846692
||276tgnxv(2),|276tgnxv(2),;36966,36966,34662,33126,0,0,11.887252599608,24.186206445761,76.145705846692
||276tgnxv(2),|276tgnxv(2),;36966,36966,34662,33126,0,0,6.887252599608,19.186206445761,81.145705846692
||276tgnxv(2),|276tgnxv(2),;36966,36966,34662,33126,0,0,1.887252599608,14.186206445761,86.145705846692
||276tgnxv(3),|276tgnxv(2),;36966,36966,34662,33126,0,0,0,9.186206445761,91.145705846692
||276tgnxv(3),|276tgnxv(2),;36966,36966,34662,33126,0,0,0,4.186206445761,96.145705846692
||276tgnxv(3),|276tgnxv(3),;36966,36966,34662,33126,0,0,0,0,101.145705846692
||276tgnxv(3),|276tgnxv(3),;36966,36966,34662,33126,0,0,0,0,106.145705846692
||276tgnxv(3),|276tgnxv(3),;36966,36966,34662,33126,0,0,0,0,111.145705846692
||276tgnxv(3),|276tgnxv(3),;36966,36966,34662,33126,0,0,0,0,116.145705846692
||276tgnxv(3),|276tgnxv(3),;36966,36966,34662,33126,0,0,0,0,121.145705846692
||276tgnxv(3),|276tgnxv(3),;36966,36966,34662,33126,0,0,0,0,126.145705846692
||276tgnxv(3),|276tgnxv(3),;36966,36966,34662,33126,0,0,0,0,131.145705846692
||276tgnxv(3),|276tgnxv(3),;36966,36966,34662,33126,0,0,0,0,136.145705846692
||276tgnxv(3),|276tgnxv(3),;36966,36966,34662,33126,0,0,0,0,141.145705846692
|||;36966,36966,36966,36966,0,0,0,0,146.145705846692
|||;36966,36966,36966,36966,0,0,0,0,151.145705846692
|||;36966,36966,36966,36966,0,0,0,0,156.145705846692
|||;36966,36966,36966,36966,0,0,0,0,161.145705846692
270lthwn(2),|270lthwn(2),|270lthwn(2),|270lthwn(2),;35040.9,36003.4,34078.3,35040.9,12.354515907421,4.772504830498,19.936526984344,12.354515907421,166.145705846692
270lthwn(2),||270lthwn(2),|270lthwn(2),;35040.9,36966,34078.3,35040.9,7.354515907421,0,14.936526984344,7.354515907421,171.145705846692
270lthwn(2),||270lthwn(2),|270lthwn(2),;35040.9,36966,34078.3,35040.9,2.354515907421,0,9.936526984344,2.354515907421,176.145705846692
|26nflji(0),|270lthwn(2),|;36966,35040.9,34078.3,36966,0,18.610922806385,4.936526984344,0,181.145705846692
|26nflji(2),||;36966,35040.9,36966,36966,0,13.610922806385,0,0,186.145705846692
|26nflji(2),||;36966,35040.9,36966,36966,0,8.610922806385,0,0,191.145705846692
|26nflji(2),||;36966,35040.9,36966,36966,0,3.610922806385,0,0,196.145705846692
|||;36966,36966,36966,36966,0,0,0,0,201.145705846692
|||;36966,36966,36966,36966,0,0,0,0,206.145705846692
|||;36966,36966,36966,36966,0,0,0,0,211.145705846692
|||;36966,36966,36966,36966,0,0,0,0,216.145705846692
|||;36966,36966,36966,36966,0,0,0,0,221.145705846692
|||;36966,36966,36966,36966,0,0,0,0,226.145705846692
|||;36966,36966,36966,36966,0,0,0,0,231.145705846692
|||;36966,36966,36966,36966,0,0,0,0,236.145705846692
|||;36966,36966,36966,36966,0,0,0,0,241.145705846692
|||;36966,36966,36966,36966,0,0,0,0,246.145705846692
|||;36966,36966,36966,36966,0,0,0,0,251.145705846692
|||;36966,36966,36966,36966,0,0,0,0,256.145705846692
|||;36966,36966,36966,36966,0,0,0,0,261.145705846692
||918lxqof(2),|918lxqof(2),;36966,36966,36111,32690.8,0,0,6.394576457206,33.334913687975,266.145705846692
||918lxqof(2),|918lxqof(2),;36966,36966,36111,32690.8,0,0,1.394576457206,28.334913687975,271.145705846692
|||918lxqof(2),;36966,36966,36966,32690.8,0,0,0,23.334913687975,276.145705846692
|||918lxqof(2),;36966,36966,36966,32690.8,0,0,0,18.334913687975,281.145705846692
|||918lxqof(2),;36966,36966,36966,32690.8,0,0,0,13.334913687975,286.145705846692
|||918lxqof(2),;36966,36966,36966,32690.8,0,0,0,8.334913687975,291.145705846692
191ruzok(2),|191ruzok(2),|191ruzok(2),|918lxqof(2),191ruzok(1),;36100.7,36100.7,33504.9,30095,3.059811958256,3.059811958256,23.845043958256,28.348456826257,296.145705846692
191ruzok(3),|191ruzok(3),|191ruzok(2),|918lxqof(3),191ruzok(2),;36100.7,36100.7,33504.9,30095,0,0,18.845043958256,23.348456826257,301.145705846692
191ruzok(3),|191ruzok(3),356qsemz(0),|191ruzok(2),356qsemz(0),|918lxqof(3),191ruzok(2),356qsemz(0),;36100.7,34114.1,29531.8,27115.2,0,19.97048078871,51.50942290135,48.188845615505,306.145705846692
191ruzok(3),304vfmlh(0),|191ruzok(3),356qsemz(2),304vfmlh(0),|191ruzok(2),356qsemz(1),304vfmlh(0),|918lxqof(3),191ruzok(2),356qsemz(1),304vfmlh(0),;35511.9,33525.3,28943,25348.8,5.82334479502,22.756245430422,54.295187543062,60.250474872601,311.145705846692
191ruzok(3),304vfmlh(2),|191ruzok(3),356qsemz(2),304vfmlh(1),|191ruzok(2),356qsemz(1),304vfmlh(1),|918lxqof(3),191ruzok(2),356qsemz(1),304vfmlh(1),;35511.9,33525.3,28943,25348.8,0.82334479502,17.756245430422,49.295187543062,55.250474872601,316.145705846692
191ruzok(3),|191ruzok(3),356qsemz(2),304vfmlh(1),|191ruzok(3),356qsemz(2),304vfmlh(1),|918lxqof(3),191ruzok(3),356qsemz(1),304vfmlh(1),;36100.7,33525.3,28943,25348.8,0,12.756245430422,44.295187543062,50.250474872601,321.145705846692
191ruzok(3),666vdqez(0),|191ruzok(3),304vfmlh(1),666vdqez(0),|191ruzok(3),356qsemz(2),304vfmlh(1),|918lxqof(3),191ruzok(3),356qsemz(2),304vfmlh(1),;31262.3,32608.9,28943,25348.8,44.653618386899,37.890121817859,39.295187543062,45.250474872601,326.145705846692
191ruzok(3),666vdqez(0),|191ruzok(3),666vdqez(0),|191ruzok(3),356qsemz(2),304vfmlh(1),|918lxqof(3),191ruzok(3),356qsemz(2),304vfmlh(1),;31262.3,33197.7,28943,25348.8,39.653618386899,32.890121817859,34.295187543062,40.250474872601,331.145705846692
191ruzok(3),666vdqez(2),|191ruzok(3),666vdqez(2),|191ruzok(3),356qsemz(2),304vfmlh(1),|918lxqof(3),191ruzok(3),356qsemz(2),304vfmlh(1),;31262.3,33197.7,28943,25348.8,34.653618386899,27.890121817859,29.295187543062,35.250474872601,336.145705846692
191ruzok(3),666vdqez(2),|191ruzok(3),666vdqez(2),|191ruzok(3),356qsemz(2),304vfmlh(1),|918lxqof(3),191ruzok(3),356qsemz(2),304vfmlh(1),;31262.3,33197.7,28943,25348.8,29.653618386899,22.890121817859,24.295187543062,30.250474872601,341.145705846692
191ruzok(3),666vdqez(2),|191ruzok(3),666vdqez(2),|191ruzok(3),356qsemz(2),304vfmlh(1),|918lxqof(3),191ruzok(3),356qsemz(3),304vfmlh(2),;31262.3,33197.7,28943,25348.8,24.653618386899,17.890121817859,19.295187543062,25.250474872601,346.145705846692
191ruzok(3),666vdqez(2),|191ruzok(3),666vdqez(2),|191ruzok(3),356qsemz(2),304vfmlh(1),|918lxqof(3),191ruzok(3),356qsemz(3),304vfmlh(2),;31262.3,33197.7,28943,25348.8,19.653618386899,12.890121817859,14.295187543062,20.250474872601,351.145705846692
191ruzok(3),666vdqez(2),|191ruzok(3),666vdqez(3),|191ruzok(3),356qsemz(3),304vfmlh(2),|918lxqof(3),191ruzok(3),356qsemz(3),304vfmlh(2),;31262.3,33197.7,28943,25348.8,14.653618386899,7.890121817859,9.295187543062,15.250474872601,356.145705846692
191ruzok(3),666vdqez(2),|191ruzok(3),666vdqez(3),|191ruzok(3),356qsemz(3),|918lxqof(3),191ruzok(3),356qsemz(3),;31262.3,33197.7,29531.8,27115.2,9.653618386899,2.890121817859,4.295187543062,10.250474872601,361.145705846692
191ruzok(3),666vdqez(2),|191ruzok(3),666vdqez(3),|191ruzok(3),356qsemz(3),|918lxqof(3),191ruzok(3),356qsemz(3),;31262.3,33197.7,29531.8,27115.2,4.653618386899,0,0,5.250474872601,366.145705846692
191ruzok(3),666vdqez(3),|191ruzok(3),666vdqez(3),|191ruzok(3),356qsemz(3),|918lxqof(3),191ruzok(3),356qsemz(3),;31262.3,33197.7,29531.8,27115.2,0,0,0,0.250474872601,371.145705846692
191ruzok(3),666vdqez(3),|191ruzok(3),666vdqez(3),|191ruzok(3),356qsemz(3),|918lxqof(3),191ruzok(3),356qsemz(3),;31262.3,33197.7,29531.8,27115.2,0,0,0,0,376.145705846692
191ruzok(3),666vdqez(3),|191ruzok(3),666vdqez(3),|191ruzok(3),356qsemz(3),|918lxqof(3),191ruzok(3),356qsemz(3),;31262.3,33197.7,29531.8,27115.2,0,0,0,0,381.145705846692
191ruzok(3),666vdqez(3),|191ruzok(3),666vdqez(3),|191ruzok(3),356qsemz(3),|191ruzok(3),356qsemz(3),;31262.3,33197.7,29531.8,31390.4,0,0,0,0,386.145705846692
191ruzok(3),666vdqez(3),|191ruzok(3),666vdqez(3),|191ruzok(3),356qsemz(3),|191ruzok(3),356qsemz(3),;31262.3,33197.7,29531.8,31390.4,0,0,0,0,391.145705846692
191ruzok(3),666vdqez(3),446htybe(0),|191ruzok(3),666vdqez(3),446htybe(0),|191ruzok(3),356qsemz(3),446htybe(0),|191ruzok(3),356qsemz(3),446htybe(0),;28451.4,32260.7,28594.8,28579.5,23.002661069936,7.997937377628,7.997937377628,23.002661069936,396.145705846692
666vdqez(3),446htybe(2),|666vdqez(3),446htybe(2),|191ruzok(3),356qsemz(3),446htybe(2),|191ruzok(3),356qsemz(3),446htybe(2),;29316.7,33126,28594.8,28579.5,18.002661069936,2.997937377628,2.997937377628,18.002661069936,401.145705846692
666vdqez(3),446htybe(2),|666vdqez(3),446htybe(3),|191ruzok(3),356qsemz(3),446htybe(3),|191ruzok(3),356qsemz(3),446htybe(2),;29316.7,33126,28594.8,28579.5,13.002661069936,0,0,13.002661069936,406.145705846692
666vdqez(3),446htybe(2),|666vdqez(3),446htybe(3),|191ruzok(3),356qsemz(3),446htybe(3),|191ruzok(3),356qsemz(3),446htybe(2),;29316.7,33126,28594.8,28579.5,8.002661069936,0,0,8.002661069936,411.145705846692
666vdqez(3),446htybe(2),620bryek(0),|666vdqez(3),446htybe(3),620bryek(0),|191ruzok(3),356qsemz(3),446htybe(3),620bryek(0),|191ruzok(3),356qsemz(3),446htybe(2),620bryek(0),;27739.7,31549,26229.4,27791,20.309668943076,16.241747026448,22.555210000807,13.996205968717,416.145705846692
666vdqez(3),446htybe(3),620bryek(2),66hytnr(0),|666vdqez(3),446htybe(3),620bryek(2),66hytnr(0),|191ruzok(3),356qsemz(3),446htybe(3),620bryek(2),66hytnr(0),|191ruzok(3),356qsemz(3),446htybe(3),620bryek(2),66hytnr(0),;24867.4,30591.6,25272,25876.1,44.992209474041,25.591591762541,31.9050547369,31.012398602246,421.145705846692
666vdqez(3),446htybe(3),620bryek(2),66hytnr(1),|666vdqez(3),446htybe(3),620bryek(2),66hytnr(1),|191ruzok(3),356qsemz(3),446htybe(3),620bryek(2),66hytnr(1),|191ruzok(3),356qsemz(3),446htybe(3),620bryek(3),66hytnr(1),;24867.4,30591.6,25272,25876.1,39.992209474041,20.591591762541,26.9050547369,26.012398602246,426.145705846692
666vdqez(3),446htybe(3),620bryek(2),66hytnr(1),|666vdqez(3),446htybe(3),620bryek(2),66hytnr(1),|191ruzok(3),356qsemz(3),446htybe(3),620bryek(2),66hytnr(1),|191ruzok(3),356qsemz(3),446htybe(3),620bryek(3),66hytnr(2),;24867.4,30591.6,25272,25876.1,34.992209474041,15.591591762541,21.9050547369,21.012398602246,431.145705846692
666vdqez(3),446htybe(3),620bryek(3),66hytnr(2),|666vdqez(3),446htybe(3),620bryek(3),66hytnr(2),|191ruzok(3),356qsemz(3),446htybe(3),620bryek(2),66hytnr(1),|191ruzok(3),356qsemz(3),446htybe(3),620bryek(3),66hytnr(2),;24867.4,30591.6,25272,25876.1,29.992209474041,10.591591762541,16.9050547369,16.012398602246,436.145705846692
666vdqez(3),446htybe(3),620bryek(3),66hytnr(2),|666vdqez(3),446htybe(3),620bryek(3),|191ruzok(3),356qsemz(3),446htybe(3),620bryek(3),66hytnr(2),|191ruzok(3),356qsemz(3),446htybe(3),620bryek(3),66hytnr(2),;24867.4,31549,25272,25876.1,24.992209474041,5.591591762541,11.9050547369,11.012398602246,441.145705846692
666vdqez(3),446htybe(3),620bryek(3),66hytnr(2),|666vdqez(3),446htybe(3),620bryek(3),|191ruzok(3),356qsemz(3),446htybe(3),620bryek(3),|191ruzok(3),356qsemz(3),446htybe(3),620bryek(3),;24867.4,31549,26229.4,27791,19.992209474041,0.591591762541,6.9050547369,6.012398602246,446.145705846692
666vdqez(3),446htybe(3),620bryek(3),66hytnr(2),|666vdqez(3),446htybe(3),620bryek(3),|191ruzok(3),356qsemz(3),446htybe(3),620bryek(3),|191ruzok(3),356qsemz(3),446htybe(3),620bryek(3),;24867.4,31549,26229.4,27791,14.992209474041,0,1.9050547369,1.012398602246,451.145705846692
666vdqez(3),446htybe(3),620bryek(3),|666vdqez(3),446htybe(3),620bryek(3),|191ruzok(3),446htybe(3),620bryek(3),|191ruzok(3),446htybe(3),620bryek(3),;27739.7,31549,30202.5,30770.8,9.992209474041,0,0,0,456.145705846692
666vdqez(3),446htybe(3),620bryek(3),130nrbjd(0),|666vdqez(3),446htybe(3),620bryek(3),130nrbjd(0),|191ruzok(3),446htybe(3),620bryek(3),130nrbjd(0),|191ruzok(3),446htybe(3),620bryek(3),130nrbjd(0),;25712.2,28507.7,29188.7,28743.3,27.240229284336,25.418715502065,9.184096425142,17.301405963603,461.145705846692
666vdqez(3),446htybe(3),620bryek(3),130nrbjd(2),|666vdqez(3),446htybe(3),620bryek(3),130nrbjd(2),|191ruzok(3),446htybe(3),620bryek(3),130nrbjd(2),|191ruzok(3),446htybe(3),620bryek(3),130nrbjd(2),;25712.2,28507.7,29188.7,28743.3,22.240229284336,20.418715502065,4.184096425142,12.301405963603,466.145705846692
666vdqez(3),446htybe(3),620bryek(3),130nrbjd(2),|666vdqez(3),446htybe(3),620bryek(3),130nrbjd(2),|191ruzok(3),446htybe(3),620bryek(3),130nrbjd(3),|191ruzok(3),446htybe(3),620bryek(3),130nrbjd(2),;25712.2,28507.7,29188.7,28743.3,17.240229284336,15.418715502065,0,7.301405963603,471.145705846692
446htybe(3),620bryek(3),130nrbjd(2),|446htybe(3),620bryek(3),130nrbjd(2),|191ruzok(3),446htybe(3),620bryek(3),130nrbjd(3),|191ruzok(3),446htybe(3),620bryek(3),130nrbjd(2),;30550.6,31410.7,29188.7,28743.3,12.240229284336,10.418715502065,0,2.301405963603,476.145705846692
446htybe(3),620bryek(3),130nrbjd(3),|446htybe(3),620bryek(3),130nrbjd(2),|191ruzok(3),446htybe(3),620bryek(3),130nrbjd(3),|191ruzok(3),446htybe(3),620bryek(3),130nrbjd(3),;30550.6,31410.7,29188.7,28743.3,7.240229284336,5.418715502065,0,0,481.145705846692
446htybe(3),620bryek(3),130nrbjd(3),|446htybe(3),620bryek(3),130nrbjd(3),|191ruzok(3),446htybe(3),620bryek(3),130nrbjd(3),|191ruzok(3),446htybe(3),620bryek(3),130nrbjd(3),;30550.6,31410.7,29188.7,28743.3,2.240229284336,0.418715502065,0,0,486.145705846692
446htybe(3),620bryek(3),130nrbjd(3),|446htybe(3),620bryek(3),130nrbjd(3),|191ruzok(3),446htybe(3),620bryek(3),130nrbjd(3),|191ruzok(3),446htybe(3),620bryek(3),130nrbjd(3),;30550.6,31410.7,29188.7,28743.3,0,0,0,0,491.145705846692
446htybe(3),620bryek(3),130nrbjd(3),|446htybe(3),620bryek(3),130nrbjd(3),|191ruzok(3),446htybe(3),620bryek(3),130nrbjd(3),|191ruzok(3),446htybe(3),620bryek(3),130nrbjd(3),;30550.6,31410.7,29188.7,28743.3,0,0,0,0,496.145705846692
446htybe(3),620bryek(3),130nrbjd(3),|620bryek(3),130nrbjd(3),|191ruzok(3),620bryek(3),130nrbjd(3),|191ruzok(3),446htybe(3),620bryek(3),130nrbjd(3),;30550.6,32347.7,30125.7,28743.3,0,0,0,0,501.145705846692
446htybe(3),620bryek(3),130nrbjd(3),|620bryek(3),130nrbjd(3),|191ruzok(3),620bryek(3),130nrbjd(3),|191ruzok(3),446htybe(3),620bryek(3),130nrbjd(3),;30550.6,32347.7,30125.7,28743.3,0,0,0,0,506.145705846692
446htybe(3),620bryek(3),130nrbjd(3),|620bryek(3),130nrbjd(3),|620bryek(3),130nrbjd(3),|446htybe(3),620bryek(3),130nrbjd(3),;30550.6,32347.7,33586.8,31339.1,0,0,0,0,511.145705846692
446htybe(3),620bryek(3),130nrbjd(3),|620bryek(3),130nrbjd(3),|620bryek(3),130nrbjd(3),|446htybe(3),620bryek(3),130nrbjd(3),;30550.6,32347.7,33586.8,31339.1,0,0,0,0,516.145705846692
446htybe(3),620bryek(3),130nrbjd(3),|620bryek(3),130nrbjd(3),|620bryek(3),130nrbjd(3),|446htybe(3),620bryek(3),130nrbjd(3),;30550.6,32347.7,33586.8,31339.1,0,0,0,0,521.145705846692
446htybe(3),620bryek(3),130nrbjd(3),|620bryek(3),130nrbjd(3),|620bryek(3),130nrbjd(3),|446htybe(3),620bryek(3),130nrbjd(3),;30550.6,32347.7,33586.8,31339.1,0,0,0,0,526.145705846692
446htybe(3),130nrbjd(3),|130nrbjd(3),|620bryek(3),130nrbjd(3),|446htybe(3),130nrbjd(3),;32127.6,33924.7,33586.8,32127.6,0,0,0,0,531.145705846692
446htybe(3),130nrbjd(3),53brszu(0),|130nrbjd(3),53brszu(0),|620bryek(3),130nrbjd(3),53brszu(0),|446htybe(3),130nrbjd(3),53brszu(0),;30724.7,32521.8,30781,30724.7,11.62620253621,11.62620253621,22.676580382364,11.62620253621,536.145705846692
446htybe(3),130nrbjd(3),53brszu(2),|130nrbjd(3),53brszu(2),|620bryek(3),130nrbjd(3),53brszu(2),|446htybe(3),130nrbjd(3),53brszu(2),;30724.7,32521.8,30781,30724.7,6.62620253621,6.62620253621,17.676580382364,6.62620253621,541.145705846692
446htybe(3),130nrbjd(3),53brszu(2),|130nrbjd(3),53brszu(2),|620bryek(3),130nrbjd(3),53brszu(2),|446htybe(3),130nrbjd(3),53brszu(2),;30724.7,32521.8,30781,30724.7,1.62620253621,1.62620253621,12.676580382364,1.62620253621,546.145705846692
446htybe(3),130nrbjd(3),|130nrbjd(3),|620bryek(3),130nrbjd(3),53brszu(2),|446htybe(3),130nrbjd(3),;32127.6,33924.7,30781,32127.6,0,0,7.676580382364,0,551.145705846692
446htybe(3),130nrbjd(3),|130nrbjd(3),|620bryek(3),130nrbjd(3),53brszu(2),|446htybe(3),130nrbjd(3),;32127.6,33924.7,30781,32127.6,0,0,2.676580382364,0,556.145705846692
446htybe(3),130nrbjd(3),|130nrbjd(3),|620bryek(3),130nrbjd(3),53brszu(3),|446htybe(3),130nrbjd(3),;32127.6,33924.7,30781,32127.6,0,0,0,0,561.145705846692
446htybe(3),130nrbjd(3),|130nrbjd(3),|620bryek(3),130nrbjd(3),53brszu(3),|446htybe(3),130nrbjd(3),;32127.6,33924.7,30781,32127.6,0,0,0,0,566.145705846692
446htybe(3),130nrbjd(3),362ifoxa(0),|130nrbjd(3),|620bryek(3),130nrbjd(3),53brszu(3),362ifoxa(0),|446htybe(3),130nrbjd(3),362ifoxa(0),;26444.4,33924.7,29833.8,29286,46.885679288751,0,9.580571596444,24.502614673367,571.145705846692
446htybe(3),130nrbjd(3),362ifoxa(2),|130nrbjd(3),|620bryek(3),53brszu(3),362ifoxa(2),|446htybe(3),130nrbjd(3),362ifoxa(2),;26444.4,33924.7,30847.6,29286,41.885679288751,0,4.580571596444,19.502614673367,576.145705846692
446htybe(3),130nrbjd(3),362ifoxa(2),|130nrbjd(3),|620bryek(3),53brszu(3),|446htybe(3),130nrbjd(3),362ifoxa(2),;26444.4,33924.7,31794.8,29286,36.885679288751,0,0,14.502614673367,581.145705846692
446htybe(3),130nrbjd(3),362ifoxa(2),|130nrbjd(3),|620bryek(3),53brszu(3),|446htybe(3),130nrbjd(3),362ifoxa(2),;26444.4,33924.7,31794.8,29286,31.885679288751,0,0,9.502614673367,586.145705846692
446htybe(3),130nrbjd(3),362ifoxa(2),|130nrbjd(3),|620bryek(3),53brszu(3),|446htybe(3),130nrbjd(3),362ifoxa(2),;26444.4,33924.7,31794.8,29286,26.885679288751,0,0,4.502614673367,591.145705846692
446htybe(3),130nrbjd(3),362ifoxa(2),|130nrbjd(3),|620bryek(3),53brszu(3),|446htybe(3),130nrbjd(3),;26444.4,33924.7,31794.8,32127.6,21.885679288751,0,0,0,596.145705846692
130nrbjd(3),362ifoxa(2),|130nrbjd(3),|620bryek(3),53brszu(3),|130nrbjd(3),;29255.3,33924.7,31794.8,34938.5,16.885679288751,0,0,0,601.145705846692
130nrbjd(3),362ifoxa(2),|130nrbjd(3),|620bryek(3),53brszu(3),|130nrbjd(3),;29255.3,33924.7,31794.8,34938.5,11.885679288751,0,0,0,606.145705846692
130nrbjd(3),362ifoxa(2),|130nrbjd(3),|620bryek(3),53brszu(3),|130nrbjd(3),;29255.3,33924.7,31794.8,34938.5,6.885679288751,0,0,0,611.145705846692
130nrbjd(3),362ifoxa(2),|130nrbjd(3),|620bryek(3),53brszu(3),|130nrbjd(3),;29255.3,33924.7,31794.8,34938.5,1.885679288751,0,0,0,616.145705846692
130nrbjd(3),362ifoxa(3),|130nrbjd(3),|620bryek(3),53brszu(3),|130nrbjd(3),;29255.3,33924.7,31794.8,34938.5,0,0,0,0,621.145705846692
130nrbjd(3),362ifoxa(3),243fabcx(2),|130nrbjd(3),243fabcx(2),|620bryek(3),53brszu(3),243fabcx(2),|130nrbjd(3),243fabcx(2),;28159.6,33376.9,30699.1,33295,8.505905141043,4.119278269248,8.505905141043,12.892532012838,626.145705846692
130nrbjd(3),362ifoxa(3),243fabcx(2),|130nrbjd(3),|620bryek(3),53brszu(3),243fabcx(2),|130nrbjd(3),243fabcx(2),;28159.6,33924.7,30699.1,33295,3.505905141043,0,3.505905141043,7.892532012838,631.145705846692
130nrbjd(3),362ifoxa(3),|130nrbjd(3),|620bryek(3),53brszu(3),|130nrbjd(3),243fabcx(2),;29255.3,33924.7,31794.8,33295,0,0,0,2.892532012838,636.145705846692
130nrbjd(3),362ifoxa(3),|130nrbjd(3),|620bryek(3),53brszu(3),|130nrbjd(3),;29255.3,33924.7,31794.8,34938.5,0,0,0,0,641.145705846692
130nrbjd(3),362ifoxa(3),|130nrbjd(3),|620bryek(3),53brszu(3),|130nrbjd(3),;29255.3,33924.7,31794.8,34938.5,0,0,0,0,646.145705846692
130nrbjd(3),362ifoxa(3),|130nrbjd(3),|620bryek(3),53brszu(3),|130nrbjd(3),;29255.3,33924.7,31794.8,34938.5,0,0,0,0,651.145705846692
130nrbjd(3),362ifoxa(3),|130nrbjd(3),|620bryek(3),53brszu(3),|130nrbjd(3),;29255.3,33924.7,31794.8,34938.5,0,0,0,0,656.145705846692
130nrbjd(3),362ifoxa(3),|130nrbjd(3),|620bryek(3),53brszu(3),|130nrbjd(3),;29255.3,33924.7,31794.8,34938.5,0,0,0,0,661.145705846692
130nrbjd(3),362ifoxa(3),|130nrbjd(3),|620bryek(3),53brszu(3),|130nrbjd(3),;29255.3,33924.7,31794.8,34938.5,0,0,0,0,666.145705846692
130nrbjd(3),362ifoxa(3),|130nrbjd(3),|620bryek(3),53brszu(3),|130nrbjd(3),;29255.3,33924.7,31794.8,34938.5,0,0,0,0,671.145705846692
130nrbjd(3),362ifoxa(3),|130nrbjd(3),|620bryek(3),53brszu(3),|130nrbjd(3),;29255.3,33924.7,31794.8,34938.5,0,0,0,0,676.145705846692
130nrbjd(3),362ifoxa(3),|130nrbjd(3),|620bryek(3),53brszu(3),|130nrbjd(3),;29255.3,33924.7,31794.8,34938.5,0,0,0,0,681.145705846692
130nrbjd(3),362ifoxa(3),|130nrbjd(3),|620bryek(3),53brszu(3),|130nrbjd(3),;29255.3,33924.7,31794.8,34938.5,0,0,0,0,686.145705846692
130nrbjd(3),362ifoxa(3),|130nrbjd(3),|620bryek(3),53brszu(3),|130nrbjd(3),;29255.3,33924.7,31794.8,34938.5,0,0,0,0,691.145705846692
130nrbjd(3),362ifoxa(3),|130nrbjd(3),|620bryek(3),53brszu(3),|130nrbjd(3),;29255.3,33924.7,31794.8,34938.5,0,0,0,0,696.145705846692
130nrbjd(3),362ifoxa(3),|130nrbjd(3),|620bryek(3),53brszu(3),|130nrbjd(3),;29255.3,33924.7,31794.8,34938.5,0,0,0,0,701.145705846692
130nrbjd(3),362ifoxa(3),|130nrbjd(3),|53brszu(3),|130nrbjd(3),;29255.3,33924.7,34160.2,34938.5,0,0,0,0,706.145705846692
130nrbjd(3),362ifoxa(3),|130nrbjd(3),|53brszu(3),|130nrbjd(3),;29255.3,33924.7,34160.2,34938.5,0,0,0,0,711.145705846692
130nrbjd(3),362ifoxa(3),552ijwde(0),|130nrbjd(3),552ijwde(0),|53brszu(3),552ijwde(0),|130nrbjd(3),552ijwde(0),;27381.4,32987.7,32286.3,32127.6,15.987706328802,8.607344482648,15.987706328802,23.368068174956,716.145705846692
130nrbjd(3),552ijwde(2),|130nrbjd(3),552ijwde(2),|53brszu(3),552ijwde(2),|130nrbjd(3),552ijwde(2),;33064.6,32987.7,32286.3,32127.6,10.987706328802,3.607344482648,10.987706328802,18.368068174956,721.145705846692
130nrbjd(3),552ijwde(2),25tjwhi(1),|130nrbjd(3),25tjwhi(2),|53brszu(3),552ijwde(2),25tjwhi(1),|130nrbjd(3),552ijwde(2),25tjwhi(1),;32352.9,33213,30151.3,29992.6,16.152222585785,8.77186073963,27.363919816554,34.744281662708,726.145705846692
130nrbjd(3),552ijwde(2),25tjwhi(1),|130nrbjd(3),25tjwhi(3),|53brszu(3),552ijwde(2),25tjwhi(1),|130nrbjd(3),552ijwde(2),25tjwhi(1),;32352.9,33213,30151.3,29992.6,11.152222585785,3.77186073963,22.363919816554,29.744281662708,731.145705846692
130nrbjd(3),552ijwde(3),25tjwhi(2),|130nrbjd(3),25tjwhi(3),|552ijwde(3),25tjwhi(2),|130nrbjd(3),552ijwde(2),25tjwhi(1),;32352.9,33213,32957.1,29992.6,6.152222585785,0,17.363919816554,24.744281662708,736.145705846692
130nrbjd(3),552ijwde(3),25tjwhi(3),|130nrbjd(3),25tjwhi(3),|552ijwde(3),25tjwhi(2),|130nrbjd(3),552ijwde(3),25tjwhi(2),;32352.9,33213,32957.1,29992.6,1.152222585785,0,12.363919816554,19.744281662708,741.145705846692
130nrbjd(3),552ijwde(3),25tjwhi(3),|130nrbjd(3),25tjwhi(3),|552ijwde(3),25tjwhi(2),|130nrbjd(3),552ijwde(3),25tjwhi(2),;32352.9,33213,32957.1,29992.6,0,0,7.363919816554,14.744281662708,746.145705846692
130nrbjd(3),552ijwde(3),25tjwhi(3),|130nrbjd(3),25tjwhi(3),|552ijwde(3),25tjwhi(3),|130nrbjd(3),552ijwde(3),25tjwhi(2),;32352.9,33213,32957.1,29992.6,0,0,2.363919816554,9.744281662708,751.145705846692
130nrbjd(3),552ijwde(3),25tjwhi(3),|130nrbjd(3),25tjwhi(3),|552ijwde(3),25tjwhi(3),|130nrbjd(3),552ijwde(3),25tjwhi(2),;32352.9,33213,32957.1,29992.6,0,0,0,4.744281662708,756.145705846692
552ijwde(3),25tjwhi(3),|25tjwhi(3),|552ijwde(3),25tjwhi(3),|552ijwde(3),25tjwhi(3),;34380.4,36254.3,32957.1,32020.1,0,0,0,0,761.145705846692
552ijwde(3),25tjwhi(3),|25tjwhi(3),|552ijwde(3),25tjwhi(3),|552ijwde(3),25tjwhi(3),;34380.4,36254.3,32957.1,32020.1,0,0,0,0,766.145705846692
552ijwde(3),25tjwhi(3),|25tjwhi(3),|552ijwde(3),25tjwhi(3),|552ijwde(3),25tjwhi(3),;34380.4,36254.3,32957.1,32020.1,0,0,0,0,771.145705846692
552ijwde(3),25tjwhi(3),|25tjwhi(3),|552ijwde(3),25tjwhi(3),|552ijwde(3),25tjwhi(3),;34380.4,36254.3,32957.1,32020.1,0,0,0,0,776.145705846692
552ijwde(3),25tjwhi(3),|25tjwhi(3),|552ijwde(3),25tjwhi(3),|552ijwde(3),25tjwhi(3),;34380.4,36254.3,32957.1,32020.1,0,0,0,0,781.145705846692
552ijwde(3),25tjwhi(3),|25tjwhi(3),|552ijwde(3),25tjwhi(3),|552ijwde(3),25tjwhi(3),;34380.4,36254.3,32957.1,32020.1,0,0,0,0,786.145705846692
552ijwde(3),25tjwhi(3),|25tjwhi(3),|552ijwde(3),25tjwhi(3),|552ijwde(3),25tjwhi(3),;34380.4,36254.3,32957.1,32020.1,0,0,0,0,791.145705846692
552ijwde(3),25tjwhi(3),|25tjwhi(3),|552ijwde(3),25tjwhi(3),|552ijwde(3),25tjwhi(3),;34380.4,36254.3,32957.1,32020.1,0,0,0,0,796.145705846692
552ijwde(3),25tjwhi(3),|25tjwhi(3),|552ijwde(3),25tjwhi(3),|552ijwde(3),25tjwhi(3),;34380.4,36254.3,32957.1,32020.1,0,0,0,0,801.145705846692
552ijwde(3),25tjwhi(3),|25tjwhi(3),|552ijwde(3),25tjwhi(3),|552ijwde(3),25tjwhi(3),;34380.4,36254.3,32957.1,32020.1,0,0,0,0,806.145705846692
552ijwde(3),25tjwhi(3),|25tjwhi(3),|552ijwde(3),25tjwhi(3),|552ijwde(3),25tjwhi(3),;34380.4,36254.3,32957.1,32020.1,0,0,0,0,811.145705846692
552ijwde(3),25tjwhi(3),|25tjwhi(3),|552ijwde(3),25tjwhi(3),|552ijwde(3),25tjwhi(3),;34380.4,36254.3,32957.1,32020.1,0,0,0,0,816.145705846692
552ijwde(3),25tjwhi(3),|25tjwhi(3),|552ijwde(3),25tjwhi(3),|552ijwde(3),25tjwhi(3),;34380.4,36254.3,32957.1,32020.1,0,0,0,0,821.145705846692
552ijwde(3),25tjwhi(3),|25tjwhi(3),|552ijwde(3),25tjwhi(3),|552ijwde(3),25tjwhi(3),;34380.4,36254.3,32957.1,32020.1,0,0,0,0,826.145705846692
552ijwde(3),25tjwhi(3),|25tjwhi(3),|552ijwde(3),25tjwhi(3),|552ijwde(3),25tjwhi(3),;34380.4,36254.3,32957.1,32020.1,0,0,0,0,831.145705846692
552ijwde(3),25tjwhi(3),|25tjwhi(3),|552ijwde(3),25tjwhi(3),|552ijwde(3),25tjwhi(3),;34380.4,36254.3,32957.1,32020.1,0,0,0,0,836.145705846692
552ijwde(3),25tjwhi(3),|25tjwhi(3),|552ijwde(3),25tjwhi(3),|552ijwde(3),25tjwhi(3),;34380.4,36254.3,32957.1,32020.1,0,0,0,0,841.145705846692
552ijwde(3),25tjwhi(3),|25tjwhi(3),|552ijwde(3),25tjwhi(3),|552ijwde(3),25tjwhi(3),;34380.4,36254.3,32957.1,32020.1,0,0,0,0,846.145705846692
552ijwde(3),25tjwhi(3),|25tjwhi(3),|552ijwde(3),25tjwhi(3),|552ijwde(3),25tjwhi(3),;34380.4,36254.3,32957.1,32020.1,0,0,0,0,851.145705846692
552ijwde(3),25tjwhi(3),|25tjwhi(3),|552ijwde(3),25tjwhi(3),|552ijwde(3),25tjwhi(3),;34380.4,36254.3,32957.1,32020.1,0,0,0,0,856.145705846692
552ijwde(3),25tjwhi(3),|25tjwhi(3),|552ijwde(3),25tjwhi(3),|552ijwde(3),25tjwhi(3),;34380.4,36254.3,32957.1,32020.1,0,0,0,0,861.145705846692
552ijwde(3),||552ijwde(3),|552ijwde(3),;35092.1,36966,35092.1,34155.1,0,0,0,0,866.145705846692
552ijwde(3),||552ijwde(3),|552ijwde(3),;35092.1,36966,35092.1,34155.1,0,0,0,0,871.145705846692
552ijwde(3),||552ijwde(3),|552ijwde(3),;35092.1,36966,35092.1,34155.1,0,0,0,0,876.145705846692
552ijwde(3),||552ijwde(3),|552ijwde(3),;35092.1,36966,35092.1,34155.1,0,0,0,0,881.145705846692
|||;36966,36966,36966,36966,0,0,0,0,886.145705846692
|||;36966,36966,36966,36966,0,0,0,0,891.145705846692
|||;36966,36966,36966,36966,0,0,0,0,896.145705846692
|||;36966,36966,36966,36966,0,0,0,0,901.145705846692
|||;36966,36966,36966,36966,0,0,0,0,906.145705846692
|||;36966,36966,36966,36966,0,0,0,0,911.145705846692
|||;36966,36966,36966,36966,0,0,0,0,916.145705846692
|||;36966,36966,36966,36966,0,0,0,0,921.145705846692
|||;36966,36966,36966,36966,0,0,0,0,926.145705846692
|||;36966,36966,36966,36966,0,0,0,0,931.145705846692
|||;36966,36966,36966,36966,0,0,0,0,936.145705846692
|||;36966,36966,36966,36966,0,0,0,0,941.145705846692
|||;36966,36966,36966,36966,0,0,0,0,946.145705846692
|||;36966,36966,36966,36966,0,0,0,0,951.145705846692
|||;36966,36966,36966,36966,0,0,0,0,956.145705846692
|||;36966,36966,36966,36966,0,0,0,0,961.145705846692
|||;36966,36966,36966,36966,0,0,0,0,966.145705846692
|||;36966,36966,36966,36966,0,0,0,0,971.145705846692
|||;36966,36966,36966,36966,0,0,0,0,976.145705846692
|||;36966,36966,36966,36966,0,0,0,0,981.145705846692
|||;36966,36966,36966,36966,0,0,0,0,986.145705846692
|||;36966,36966,36966,36966,0,0,0,0,991.145705846692
|||;36966,36966,36966,36966,0,0,0,0,996.145705846692
|||;36966,36966,36966,36966,0,0,0,0,1001.145705846692
|||;36966,36966,36966,36966,0,0,0,0,1006.145705846692
|||;36966,36966,36966,36966,0,0,0,0,1011.145705846692
|||;36966,36966,36966,36966,0,0,0,0,1016.145705846692
|||;36966,36966,36966,36966,0,0,0,0,1021.145705846692
|||;36966,36966,36966,36966,0,0,0,0,1026.145705846692
|||;36966,36966,36966,36966,0,0,0,0,1031.145705846692
|552brunj(2),|552brunj(2),|;36966,36018.8,35071.6,36966,0,5.414777279127,12.999132150922,0,1036.145705846692
|552brunj(2),|552brunj(2),|;36966,36018.8,35071.6,36966,0,0.414777279127,7.999132150922,0,1041.145705846692
||552brunj(2),|;36966,36966,35071.6,36966,0,0,2.999132150922,0,1046.145705846692
|||;36966,36966,36966,36966,0,0,0,0,1051.145705846692
|||;36966,36966,36966,36966,0,0,0,0,1056.145705846692
|||;36966,36966,36966,36966,0,0,0,0,1061.145705846692
|||;36966,36966,36966,36966,0,0,0,0,1066.145705846692
|||;36966,36966,36966,36966,0,0,0,0,1071.145705846692
|||;36966,36966,36966,36966,0,0,0,0,1076.145705846692
|||;36966,36966,36966,36966,0,0,0,0,1081.145705846692
|||;36966,36966,36966,36966,0,0,0,0,1086.145705846692
|||;36966,36966,36966,36966,0,0,0,0,1091.145705846692
|||;36966,36966,36966,36966,0,0,0,0,1096.145705846692
|||;36966,36966,36966,36966,0,0,0,0,1101.145705846692
|||;36966,36966,36966,36966,0,0,0,0,1106.145705846692
|||;36966,36966,36966,36966,0,0,0,0,1111.145705846692
|||;36966,36966,36966,36966,0,0,0,0,1116.145705846692
|||;36966,36966,36966,36966,0,0,0,0,1121.145705846692
|||;36966,36966,36966,36966,0,0,0,0,1126.145705846692
|||;36966,36966,36966,36966,0,0,0,0,1131.145705846692
|||;36966,36966,36966,36966,0,0,0,0,1136.145705846692
|||;36966,36966,36966,36966,0,0,0,0,1141.145705846692
||503kecgb(2),|;36966,36966,36218.5,36966,0,0,4.441387266965,0,1146.145705846692
||503kecgb(3),|;36966,36966,36218.5,36966,0,0,0,0,1151.145705846692
||503kecgb(3),|;36966,36966,36218.5,36966,0,0,0,0,1156.145705846692
||503kecgb(3),|;36966,36966,36218.5,36966,0,0,0,0,1161.145705846692
||503kecgb(3),|;36966,36966,36218.5,36966,0,0,0,0,1166.145705846692
||503kecgb(3),|;36966,36966,36218.5,36966,0,0,0,0,1171.145705846692
||503kecgb(3),|;36966,36966,36218.5,36966,0,0,0,0,1176.145705846692
||503kecgb(3),|;36966,36966,36218.5,36966,0,0,0,0,1181.145705846692
||503kecgb(3),|;36966,36966,36218.5,36966,0,0,0,0,1186.145705846692
||503kecgb(3),|;36966,36966,36218.5,36966,0,0,0,0,1191.145705846692
||503kecgb(3),|;36966,36966,36218.5,36966,0,0,0,0,1196.145705846692
||503kecgb(3),|;36966,36966,36218.5,36966,0,0,0,0,1201.145705846692
||503kecgb(3),|;36966,36966,36218.5,36966,0,0,0,0,1206.145705846692
||503kecgb(3),|;36966,36966,36218.5,36966,0,0,0,0,1211.145705846692
||503kecgb(3),|;36966,36966,36218.5,36966,0,0,0,0,1216.145705846692
||503kecgb(3),|;36966,36966,36218.5,36966,0,0,0,0,1221.145705846692
||503kecgb(3),|;36966,36966,36218.5,36966,0,0,0,0,1226.145705846692
||503kecgb(3),|;36966,36966,36218.5,36966,0,0,0,0,1231.145705846692
||503kecgb(3),|;36966,36966,36218.5,36966,0,0,0,0,1236.145705846692
||503kecgb(3),|;36966,36966,36218.5,36966,0,0,0,0,1241.145705846692
||503kecgb(3),|;36966,36966,36218.5,36966,0,0,0,0,1246.145705846692
||503kecgb(3),|;36966,36966,36218.5,36966,0,0,0,0,1251.145705846692
||503kecgb(3),|;36966,36966,36218.5,36966,0,0,0,0,1256.145705846692
||503kecgb(3),|;36966,36966,36218.5,36966,0,0,0,0,1261.145705846692
||503kecgb(3),|;36966,36966,36218.5,36966,0,0,0,0,1266.145705846692
||503kecgb(3),|;36966,36966,36218.5,36966,0,0,0,0,1271.145705846692
||503kecgb(3),|;36966,36966,36218.5,36966,0,0,0,0,1276.145705846692
||503kecgb(3),|;36966,36966,36218.5,36966,0,0,0,0,1281.145705846692
||503kecgb(3),|;36966,36966,36218.5,36966,0,0,0,0,1286.145705846692
||503kecgb(3),|;36966,36966,36218.5,36966,0,0,0,0,1291.145705846692
||503kecgb(3),|;36966,36966,36218.5,36966,0,0,0,0,1296.145705846692
||503kecgb(3),|;36966,36966,36218.5,36966,0,0,0,0,1301.145705846692
||503kecgb(3),|;36966,36966,36218.5,36966,0,0,0,0,1306.145705846692
||503kecgb(3),|;36966,36966,36218.5,36966,0,0,0,0,1311.145705846692
||503kecgb(3),|;36966,36966,36218.5,36966,0,0,0,0,1316.145705846692
||503kecgb(3),|;36966,36966,36218.5,36966,0,0,0,0,1321.145705846692
||503kecgb(3),|;36966,36966,36218.5,36966,0,0,0,0,1326.145705846692
||503kecgb(3),|;36966,36966,36218.5,36966,0,0,0,0,1331.145705846692
||503kecgb(3),|;36966,36966,36218.5,36966,0,0,0,0,1336.145705846692
||503kecgb(3),|;36966,36966,36218.5,36966,0,0,0,0,1341.145705846692
|||;36966,36966,36966,36966,0,0,0,0,1346.145705846692
|||;36966,36966,36966,36966,0,0,0,0,1351.145705846692
|||;36966,36966,36966,36966,0,0,0,0,1356.145705846692
|||;36966,36966,36966,36966,0,0,0,0,1361.145705846692
|||;36966,36966,36966,36966,0,0,0,0,1366.145705846692
|||;36966,36966,36966,36966,0,0,0,0,1371.145705846692
|||;36966,36966,36966,36966,0,0,0,0,1376.145705846692
|||;36966,36966,36966,36966,0,0,0,0,1381.145705846692
|||;36966,36966,36966,36966,0,0,0,0,1386.145705846692
|||;36966,36966,36966,36966,0,0,0,0,1391.145705846692
|||;36966,36966,36966,36966,0,0,0,0,1396.145705846692
|||;36966,36966,36966,36966,0,0,0,0,1401.145705846692
|||;36966,36966,36966,36966,0,0,0,0,1406.145705846692
|||;36966,36966,36966,36966,0,0,0,0,1411.145705846692
|||;36966,36966,36966,36966,0,0,0,0,1416.145705846692
|||;36966,36966,36966,36966,0,0,0,0,1421.145705846692
|||;36966,36966,36966,36966,0,0,0,0,1426.145705846692
|||;36966,36966,36966,36966,0,0,0,0,1431.145705846692
|||;36966,36966,36966,36966,0,0,0,0,1436.145705846692
|||;36966,36966,36966,36966,0,0,0,0,1441.145705846692
|||;36966,36966,36966,36966,0,0,0,0,1446.145705846692
|||;36966,36966,36966,36966,0,0,0,0,1451.145705846692
|||;36966,36966,36966,36966,0,0,0,0,1456.145705846692
|||;36966,36966,36966,36966,0,0,0,0,1461.145705846692
|||;36966,36966,36966,36966,0,0,0,0,1466.145705846692
|||;36966,36966,36966,36966,0,0,0,0,1471.145705846692
|||;36966,36966,36966,36966,0,0,0,0,1476.145705846692
|||;36966,36966,36966,36966,0,0,0,0,1481.145705846692
|||;36966,36966,36966,36966,0,0,0,0,1486.145705846692
|||;36966,36966,36966,36966,0,0,0,0,1491.145705846692
|||;36966,36966,36966,36966,0,0,0,0,1496.145705846692
|||;36966,36966,36966,36966,0,0,0,0,1501.145705846692
|||;36966,36966,36966,36966,0,0,0,0,1506.145705846692
|||;36966,36966,36966,36966,0,0,0,0,1511.145705846692
|||;36966,36966,36966,36966,0,0,0,0,1516.145705846692
|||;36966,36966,36966,36966,0,0,0,0,1521.145705846692
|||;36966,36966,36966,36966,0,0,0,0,1526.145705846692
|||;36966,36966,36966,36966,0,0,0,0,1531.145705846692
|||;36966,36966,36966,36966,0,0,0,0,1536.145705846692
|||;36966,36966,36966,36966,0,0,0,0,1541.145705846692
|||;36966,36966,36966,36966,0,0,0,0,1546.145705846692
|||;36966,36966,36966,36966,0,0,0,0,1551.145705846692
|||;36966,36966,36966,36966,0,0,0,0,1556.145705846692
|||;36966,36966,36966,36966,0,0,0,0,1561.145705846692
|||;36966,36966,36966,36966,0,0,0,0,1566.145705846692
|||;36966,36966,36966,36966,0,0,0,0,1571.145705846692
|||;36966,36966,36966,36966,0,0,0,0,1576.145705846692
|||;36966,36966,36966,36966,0,0,0,0,1581.145705846692
|||;36966,36966,36966,36966,0,0,0,0,1586.145705846692
|||;36966,36966,36966,36966,0,0,0,0,1591.145705846692
|||;36966,36966,36966,36966,0,0,0,0,1596.145705846692
|||;36966,36966,36966,36966,0,0,0,0,1601.145705846692
|||;36966,36966,36966,36966,0,0,0,0,1606.145705846692
|||;36966,36966,36966,36966,0,0,0,0,1611.145705846692
|||;36966,36966,36966,36966,0,0,0,0,1616.145705846692
|||;36966,36966,36966,36966,0,0,0,0,1621.145705846692
|||;36966,36966,36966,36966,0,0,0,0,1626.145705846692
|||;36966,36966,36966,36966,0,0,0,0,1631.145705846692
|||;36966,36966,36966,36966,0,0,0,0,1636.145705846692
|||;36966,36966,36966,36966,0,0,0,0,1641.145705846692
|||;36966,36966,36966,36966,0,0,0,0,1646.145705846692
|||;36966,36966,36966,36966,0,0,0,0,1651.145705846692
|||;36966,36966,36966,36966,0,0,0,0,1656.145705846692
|||;36966,36966,36966,36966,0,0,0,0,1661.145705846692
|||;36966,36966,36966,36966,0,0,0,0,1666.145705846692
|||;36966,36966,36966,36966,0,0,0,0,1671.145705846692
|||;36966,36966,36966,36966,0,0,0,0,1676.145705846692
|||;36966,36966,36966,36966,0,0,0,0,1681.145705846692
|||;36966,36966,36966,36966,0,0,0,0,1686.145705846692
|||;36966,36966,36966,36966,0,0,0,0,1691.145705846692
|||;36966,36966,36966,36966,0,0,0,0,1696.145705846692
|||;36966,36966,36966,36966,0,0,0,0,1701.145705846692
|||;36966,36966,36966,36966,0,0,0,0,1706.145705846692
|||;36966,36966,36966,36966,0,0,0,0,1711.145705846692
|||;36966,36966,36966,36966,0,0,0,0,1716.145705846692
|||;36966,36966,36966,36966,0,0,0,0,1721.145705846692
|||;36966,36966,36966,36966,0,0,0,0,1726.145705846692
|||;36966,36966,36966,36966,0,0,0,0,1731.145705846692
|||;36966,36966,36966,36966,0,0,0,0,1736.145705846692
|||;36966,36966,36966,36966,0,0,0,0,1741.145705846692
|||;36966,36966,36966,36966,0,0,0,0,1746.145705846692
|||;36966,36966,36966,36966,0,0,0,0,1751.145705846692
|||;36966,36966,36966,36966,0,0,0,0,1756.145705846692
|||;36966,36966,36966,36966,0,0,0,0,1761.145705846692
|||;36966,36966,36966,36966,0,0,0,0,1766.145705846692
|||;36966,36966,36966,36966,0,0,0,0,1771.145705846692
|||;36966,36966,36966,36966,0,0,0,0,1776.145705846692
|||;36966,36966,36966,36966,0,0,0,0,1781.145705846692
|||;36966,36966,36966,36966,0,0,0,0,1786.145705846692
|||;36966,36966,36966,36966,0,0,0,0,1791.145705846692
|||;36966,36966,36966,36966,0,0,0,0,1796.145705846692
|||;36966,36966,36966,36966,0,0,0,0,1801.145705846692
|||;36966,36966,36966,36966,0,0,0,0,1806.145705846692
|||;36966,36966,36966,36966,0,0,0,0,1811.145705846692
|||;36966,36966,36966,36966,0,0,0,0,1816.145705846692
|||;36966,36966,36966,36966,0,0,0,0,1821.145705846692
|||;36966,36966,36966,36966,0,0,0,0,1826.145705846692
|||;36966,36966,36966,36966,0,0,0,0,1831.145705846692
|||;36966,36966,36966,36966,0,0,0,0,1836.145705846692
|||;36966,36966,36966,36966,0,0,0,0,1841.145705846692
|||;36966,36966,36966,36966,0,0,0,0,1846.145705846692
|||;36966,36966,36966,36966,0,0,0,0,1851.145705846692
|||;36966,36966,36966,36966,0,0,0,0,1856.145705846692
|||;36966,36966,36966,36966,0,0,0,0,1861.145705846692
|||;36966,36966,36966,36966,0,0,0,0,1866.145705846692
|||;36966,36966,36966,36966,0,0,0,0,1871.145705846692
|||;36966,36966,36966,36966,0,0,0,0,1876.145705846692
|||;36966,36966,36966,36966,0,0,0,0,1881.145705846692
|||;36966,36966,36966,36966,0,0,0,0,1886.145705846692
|||;36966,36966,36966,36966,0,0,0,0,1891.145705846692
|||;36966,36966,36966,36966,0,0,0,0,1896.145705846692
|||;36966,36966,36966,36966,0,0,0,0,1901.145705846692
|||;36966,36966,36966,36966,0,0,0,0,1906.145705846692
|||;36966,36966,36966,36966,0,0,0,0,1911.145705846692
|||;36966,36966,36966,36966,0,0,0,0,1916.145705846692
267hnjdw(2),|267hnjdw(2),|267hnjdw(2),|267hnjdw(2),;34385.5,35245.7,34385.5,35245.7,17.235737345463,10.236323191616,17.235737345463,10.236323191616,1921.145705846692
267hnjdw(2),|267hnjdw(2),|267hnjdw(2),|267hnjdw(2),;34385.5,35245.7,34385.5,35245.7,12.235737345463,5.236323191616,12.235737345463,5.236323191616,1926.145705846692
267hnjdw(2),|267hnjdw(3),|267hnjdw(2),|267hnjdw(3),;34385.5,35245.7,34385.5,35245.7,7.235737345463,0.236323191616,7.235737345463,0.236323191616,1931.145705846692
267hnjdw(2),|267hnjdw(3),|267hnjdw(2),|267hnjdw(3),;34385.5,35245.7,34385.5,35245.7,2.235737345463,0,2.235737345463,0,1936.145705846692
267hnjdw(3),|267hnjdw(3),|267hnjdw(3),|267hnjdw(3),;34385.5,35245.7,34385.5,35245.7,0,0,0,0,1941.145705846692
267hnjdw(3),|267hnjdw(3),|267hnjdw(3),|267hnjdw(3),;34385.5,35245.7,34385.5,35245.7,0,0,0,0,1946.145705846692
267hnjdw(3),|267hnjdw(3),|267hnjdw(3),|267hnjdw(3),;34385.5,35245.7,34385.5,35245.7,0,0,0,0,1951.145705846692
267hnjdw(3),|267hnjdw(3),|267hnjdw(3),|267hnjdw(3),;34385.5,35245.7,34385.5,35245.7,0,0,0,0,1956.145705846692
267hnjdw(3),|267hnjdw(3),|267hnjdw(3),|267hnjdw(3),;34385.5,35245.7,34385.5,35245.7,0,0,0,0,1961.145705846692
267hnjdw(3),|267hnjdw(3),|267hnjdw(3),|267hnjdw(3),;34385.5,35245.7,34385.5,35245.7,0,0,0,0,1966.145705846692
267hnjdw(3),|267hnjdw(3),|267hnjdw(3),|267hnjdw(3),;34385.5,35245.7,34385.5,35245.7,0,0,0,0,1971.145705846692
267hnjdw(3),|267hnjdw(3),|267hnjdw(3),|267hnjdw(3),;34385.5,35245.7,34385.5,35245.7,0,0,0,0,1976.145705846692
267hnjdw(3),|267hnjdw(3),|267hnjdw(3),|267hnjdw(3),;34385.5,35245.7,34385.5,35245.7,0,0,0,0,1981.145705846692
267hnjdw(3),|267hnjdw(3),|267hnjdw(3),|267hnjdw(3),;34385.5,35245.7,34385.5,35245.7,0,0,0,0,1986.145705846692
267hnjdw(3),|267hnjdw(3),|267hnjdw(3),|267hnjdw(3),;34385.5,35245.7,34385.5,35245.7,0,0,0,0,1991.145705846692
267hnjdw(3),|267hnjdw(3),|267hnjdw(3),|267hnjdw(3),;34385.5,35245.7,34385.5,35245.7,0,0,0,0,1996.145705846692
