|||;25702,25702,25702,25702,0,0,0,0,1.143738831256
|||;25702,25702,25702,25702,0,0,0,0,6.143738831256
|||;25702,25702,25702,25702,0,0,0,0,11.143738831256
|||;25702,25702,25702,25702,0,0,0,0,16.143738831256
|||;25702,25702,25702,25702,0,0,0,0,21.143738831256
|||;25702,25702,25702,25702,0,0,0,0,26.143738831256
|||;25702,25702,25702,25702,0,0,0,0,31.143738831256
|||;25702,25702,25702,25702,0,0,0,0,36.143738831256
16kpbsi(3),|16kpbsi(3),|16kpbsi(3),|;25103,25103,25103,25702,0,0,0,0,41.143738831256
16kpbsi(3),|16kpbsi(3),|16kpbsi(3),|;25103,25103,25103,25702,0,0,0,0,46.143738831256
16kpbsi(3),|16kpbsi(3),|16kpbsi(3),|;25103,25103,25103,25702,0,0,0,0,51.143738831256
16kpbsi(3),|16kpbsi(3),|16kpbsi(3),|;25103,25103,25103,25702,0,0,0,0,56.143738831256
16kpbsi(3),|16kpbsi(3),|16kpbsi(3),|;25103,25103,25103,25702,0,0,0,0,61.143738831256
16kpbsi(3),|16kpbsi(3),|16kpbsi(3),|;25103,25103,25103,25702,0,0,0,0,66.143738831256
16kpbsi(3),|16kpbsi(3),|16kpbsi(3),|;25103,25103,25103,25702,0,0,0,0,71.143738831256
16kpbsi(3),|16kpbsi(3),|16kpbsi(3),|;25103,25103,25103,25702,0,0,0,0,76.143738831256
16kpbsi(3),466fxusz(2),|16kpbsi(3),466fxusz(2),|16kpbsi(3),466fxusz(2),|466fxusz(2),;23106.2,23771.8,23106.2,24370.8,10.160879048088,6.753007048088,10.160879048088,6.753007048088,81.143738831256
16kpbsi(3),466fxusz(2),|16kpbsi(3),466fxusz(2),|16kpbsi(3),466fxusz(2),|466fxusz(2),;23106.2,23771.8,23106.2,24370.8,5.160879048088,1.753007048088,5.160879048088,1.753007048088,86.143738831256
16kpbsi(3),466fxusz(2),|16kpbsi(3),|16kpbsi(3),466fxusz(2),|;23106.2,25103,23106.2,25702,0.160879048088,0,0.160879048088,0,91.143738831256
16kpbsi(3),|16kpbsi(3),|16kpbsi(3),|;25103,25103,25103,25702,0,0,0,0,96.143738831256
16kpbsi(3),|16kpbsi(3),|16kpbsi(3),|;25103,25103,25103,25702,0,0,0,0,101.143738831256
16kpbsi(3),|16kpbsi(3),|16kpbsi(3),|;25103,25103,25103,25702,0,0,0,0,106.143738831256
16kpbsi(3),|16kpbsi(3),|16kpbsi(3),|;25103,25103,25103,25702,0,0,0,0,111.143738831256
16kpbsi(3),|16kpbsi(3),|16kpbsi(3),|;25103,25103,25103,25702,0,0,0,0,116.143738831256
16kpbsi(3),|16kpbsi(3),|16kpbsi(3),|;25103,25103,25103,25702,0,0,0,0,121.143738831256
16kpbsi(3),139naxyl(0),|16kpbsi(3),|16kpbsi(3),139naxyl(0),|;21109.4,25103,21109.4,25702,24.793630156898,0,24.793630156898,0,126.143738831256
16kpbsi(3),139naxyl(2),|16kpbsi(3),|16kpbsi(3),139naxyl(2),|;21109.4,25103,21109.4,25702,19.793630156898,0,19.793630156898,0,131.143738831256
16kpbsi(3),139naxyl(2),|16kpbsi(3),|16kpbsi(3),139naxyl(2),|;21109.4,25103,21109.4,25702,14.793630156898,0,14.793630156898,0,136.143738831256
16kpbsi(3),139naxyl(2),|16kpbsi(3),|16kpbsi(3),139naxyl(2),|;21109.4,25103,21109.4,25702,9.793630156898,0,9.793630156898,0,141.143738831256
16kpbsi(3),139naxyl(2),|16kpbsi(3),|16kpbsi(3),139naxyl(2),|;21109.4,25103,21109.4,25702,4.793630156898,0,4.793630156898,0,146.143738831256
16kpbsi(3),139naxyl(3),|16kpbsi(3),|16kpbsi(3),139naxyl(3),|;21109.4,25103,21109.4,25702,0,0,0,0,151.143738831256
16kpbsi(3),139naxyl(3),|16kpbsi(3),|16kpbsi(3),139naxyl(3),|;21109.4,25103,21109.4,25702,0,0,0,0,156.143738831256
16kpbsi(3),139naxyl(3),934ngiur(0),|16kpbsi(3),934ngiur(0),|16kpbsi(3),139naxyl(3),934ngiur(0),|;18590.4,23423.6,19430,25702,14.534354095026,10.235192495026,10.235192495026,0,161.143738831256
16kpbsi(3),139naxyl(3),934ngiur(2),|16kpbsi(3),934ngiur(2),|16kpbsi(3),139naxyl(3),934ngiur(2),|;18590.4,23423.6,19430,25702,9.534354095026,5.235192495026,5.235192495026,0,166.143738831256
16kpbsi(3),139naxyl(3),934ngiur(2),|16kpbsi(3),934ngiur(2),|16kpbsi(3),139naxyl(3),934ngiur(2),|;18590.4,23423.6,19430,25702,4.534354095026,0.235192495026,0.235192495026,0,171.143738831256
16kpbsi(3),139naxyl(3),934ngiur(3),|16kpbsi(3),|16kpbsi(3),139naxyl(3),|;18590.4,25103,21109.4,25702,0,0,0,0,176.143738831256
16kpbsi(3),139naxyl(3),934ngiur(3),|16kpbsi(3),|16kpbsi(3),139naxyl(3),|;18590.4,25103,21109.4,25702,0,0,0,0,181.143738831256
16kpbsi(3),139naxyl(3),934ngiur(3),|16kpbsi(3),|16kpbsi(3),139naxyl(3),|;18590.4,25103,21109.4,25702,0,0,0,0,186.143738831256
16kpbsi(3),139naxyl(3),934ngiur(3),|16kpbsi(3),|16kpbsi(3),139naxyl(3),|;18590.4,25103,21109.4,25702,0,0,0,0,191.143738831256
16kpbsi(3),139naxyl(3),934ngiur(3),|16kpbsi(3),|16kpbsi(3),139naxyl(3),|;18590.4,25103,21109.4,25702,0,0,0,0,196.143738831256
16kpbsi(3),139naxyl(3),934ngiur(3),|16kpbsi(3),|16kpbsi(3),139naxyl(3),|;18590.4,25103,21109.4,25702,0,0,0,0,201.143738831256
16kpbsi(3),139naxyl(3),934ngiur(3),|16kpbsi(3),|16kpbsi(3),139naxyl(3),|;18590.4,25103,21109.4,25702,0,0,0,0,206.143738831256
16kpbsi(3),139naxyl(3),934ngiur(3),|16kpbsi(3),|16kpbsi(3),139naxyl(3),|;18590.4,25103,21109.4,25702,0,0,0,0,211.143738831256
16kpbsi(3),139naxyl(3),934ngiur(3),|16kpbsi(3),|16kpbsi(3),139naxyl(3),|;18590.4,25103,21109.4,25702,0,0,0,0,216.143738831256
16kpbsi(3),139naxyl(3),934ngiur(3),|16kpbsi(3),|16kpbsi(3),139naxyl(3),|;18590.4,25103,21109.4,25702,0,0,0,0,221.143738831256
16kpbsi(3),139naxyl(3),934ngiur(3),|16kpbsi(3),|16kpbsi(3),139naxyl(3),|;18590.4,25103,21109.4,25702,0,0,0,0,226.143738831256
16kpbsi(3),139naxyl(3),934ngiur(3),|16kpbsi(3),|16kpbsi(3),139naxyl(3),|;18590.4,25103,21109.4,25702,0,0,0,0,231.143738831256
16kpbsi(3),139naxyl(3),934ngiur(3),|16kpbsi(3),|16kpbsi(3),139naxyl(3),|;18590.4,25103,21109.4,25702,0,0,0,0,236.143738831256
16kpbsi(3),139naxyl(3),934ngiur(3),|16kpbsi(3),|16kpbsi(3),139naxyl(3),|;18590.4,25103,21109.4,25702,0,0,0,0,241.143738831256
16kpbsi(3),139naxyl(3),934ngiur(3),|16kpbsi(3),|16kpbsi(3),139naxyl(3),|;18590.4,25103,21109.4,25702,0,0,0,0,246.143738831256
16kpbsi(3),934ngiur(3),|16kpbsi(3),|16kpbsi(3),139naxyl(3),|;22584,25103,21109.4,25702,0,0,0,0,251.143738831256
16kpbsi(3),934ngiur(3),|16kpbsi(3),|16kpbsi(3),139naxyl(3),|;22584,25103,21109.4,25702,0,0,0,0,256.143738831256
16kpbsi(3),934ngiur(3),|16kpbsi(3),|16kpbsi(3),139naxyl(3),|;22584,25103,21109.4,25702,0,0,0,0,261.143738831256
16kpbsi(3),934ngiur(3),|16kpbsi(3),|16kpbsi(3),139naxyl(3),|;22584,25103,21109.4,25702,0,0,0,0,266.143738831256
16kpbsi(3),934ngiur(3),|16kpbsi(3),|16kpbsi(3),139naxyl(3),|;22584,25103,21109.4,25702,0,0,0,0,271.143738831256
16kpbsi(3),934ngiur(3),934elxwa(0),|16kpbsi(3),934elxwa(0),|16kpbsi(3),139naxyl(3),934elxwa(0),|934elxwa(0),;20914.9,23433.9,17771.2,24032.9,8.777095783155,8.777095783155,17.322990183155,8.777095783155,276.143738831256
16kpbsi(3),934elxwa(2),655pdwth(0),|16kpbsi(3),934elxwa(2),655pdwth(0),|16kpbsi(3),139naxyl(3),934elxwa(2),|934elxwa(2),655pdwth(0),;21252.8,21979.8,17771.2,21851.8,18.952240382996,15.229795582996,12.322990183155,18.952240382996,281.143738831256
16kpbsi(3),655pdwth(2),|16kpbsi(3),655pdwth(2),|16kpbsi(3),139naxyl(3),934elxwa(2),|655pdwth(2),;22921.9,23648.9,17771.2,23520.9,13.952240382996,10.229795582996,7.322990183155,13.952240382996,286.143738831256
16kpbsi(3),655pdwth(2),|16kpbsi(3),655pdwth(2),|16kpbsi(3),139naxyl(3),934elxwa(2),|655pdwth(2),;22921.9,23648.9,17771.2,23520.9,8.952240382996,5.229795582996,2.322990183155,8.952240382996,291.143738831256
16kpbsi(3),655pdwth(2),|16kpbsi(3),|16kpbsi(3),139naxyl(3),|655pdwth(2),;22921.9,25103,21109.4,23520.9,3.952240382996,0.229795582996,0,3.952240382996,296.143738831256
16kpbsi(3),|16kpbsi(3),|16kpbsi(3),139naxyl(3),|;25103,25103,21109.4,25702,0,0,0,0,301.143738831256
16kpbsi(3),|16kpbsi(3),|16kpbsi(3),|;25103,25103,25103,25702,0,0,0,0,306.143738831256
16kpbsi(3),|16kpbsi(3),|16kpbsi(3),|;25103,25103,25103,25702,0,0,0,0,311.143738831256
16kpbsi(3),|16kpbsi(3),|16kpbsi(3),|;25103,25103,25103,25702,0,0,0,0,316.143738831256
16kpbsi(3),|16kpbsi(3),|16kpbsi(3),|;25103,25103,25103,25702,0,0,0,0,321.143738831256
16kpbsi(3),|16kpbsi(3),|16kpbsi(3),|;25103,25103,25103,25702,0,0,0,0,326.143738831256
16kpbsi(3),|16kpbsi(3),|16kpbsi(3),|;25103,25103,25103,25702,0,0,0,0,331.143738831256
16kpbsi(3),|16kpbsi(3),|16kpbsi(3),|;25103,25103,25103,25702,0,0,0,0,336.143738831256
16kpbsi(3),|16kpbsi(3),|16kpbsi(3),|;25103,25103,25103,25702,0,0,0,0,341.143738831256
16kpbsi(3),|16kpbsi(3),|16kpbsi(3),|;25103,25103,25103,25702,0,0,0,0,346.143738831256
16kpbsi(3),|16kpbsi(3),|16kpbsi(3),|;25103,25103,25103,25702,0,0,0,0,351.143738831256
16kpbsi(3),|16kpbsi(3),|16kpbsi(3),|;25103,25103,25103,25702,0,0,0,0,356.143738831256
16kpbsi(3),|16kpbsi(3),|16kpbsi(3),|;25103,25103,25103,25702,0,0,0,0,361.143738831256
16kpbsi(3),|16kpbsi(3),|16kpbsi(3),|;25103,25103,25103,25702,0,0,0,0,366.143738831256
16kpbsi(3),|16kpbsi(3),|16kpbsi(3),|;25103,25103,25103,25702,0,0,0,0,371.143738831256
16kpbsi(3),|16kpbsi(3),|16kpbsi(3),|;25103,25103,25103,25702,0,0,0,0,376.143738831256
16kpbsi(3),|16kpbsi(3),|16kpbsi(3),|;25103,25103,25103,25702,0,0,0,0,381.143738831256
16kpbsi(3),|16kpbsi(3),|16kpbsi(3),|;25103,25103,25103,25702,0,0,0,0,386.143738831256
16kpbsi(3),|16kpbsi(3),|16kpbsi(3),|;25103,25103,25103,25702,0,0,0,0,391.143738831256
16kpbsi(3),637ahzin(2),382ndieb(0),|16kpbsi(3),|16kpbsi(3),637ahzin(2),|637ahzin(2),382ndieb(0),;22619.8,25103,24360.6,23961.2,19.225613782685,0,3.905551442005,15.424525782685,396.143738831256
16kpbsi(3),637ahzin(2),382ndieb(0),|16kpbsi(3),|16kpbsi(3),637ahzin(3),|637ahzin(3),382ndieb(0),;22619.8,25103,24360.6,23961.2,14.225613782685,0,0,10.424525782685,401.143738831256
16kpbsi(3),637ahzin(3),382ndieb(2),|16kpbsi(3),|16kpbsi(3),637ahzin(3),|637ahzin(3),382ndieb(2),;22619.8,25103,24360.6,23961.2,9.225613782685,0,0,5.424525782685,406.143738831256
16kpbsi(3),637ahzin(3),382ndieb(3),139fldyk(0),|16kpbsi(3),139fldyk(0),|16kpbsi(3),637ahzin(3),139fldyk(0),|637ahzin(3),382ndieb(3),139fldyk(0),;20674.2,22184.6,21442.2,22015.6,19.983102353526,15.610326739585,15.610326739585,16.182014353526,411.143738831256
16kpbsi(3),637ahzin(3),382ndieb(3),139fldyk(2),|16kpbsi(3),139fldyk(2),|16kpbsi(3),637ahzin(3),139fldyk(2),143velif(0),|637ahzin(3),382ndieb(3),139fldyk(2),;20674.2,22184.6,20520.6,22015.6,14.983102353526,10.610326739585,21.307039125625,11.182014353526,416.143738831256
16kpbsi(3),637ahzin(3),382ndieb(3),139fldyk(2),|16kpbsi(3),139fldyk(2),|16kpbsi(3),637ahzin(3),139fldyk(2),143velif(1),|637ahzin(3),382ndieb(3),139fldyk(2),;20674.2,22184.6,20520.6,22015.6,9.983102353526,5.610326739585,16.307039125625,6.182014353526,421.143738831256
16kpbsi(3),637ahzin(3),382ndieb(3),139fldyk(3),|16kpbsi(3),139fldyk(2),|16kpbsi(3),637ahzin(3),139fldyk(2),143velif(1),|637ahzin(3),382ndieb(3),139fldyk(3),207dnuwj(0),;20674.2,22184.6,20520.6,21160.6,4.983102353526,0.610326739585,11.307039125625,10.696556785008,426.143738831256
16kpbsi(3),637ahzin(3),382ndieb(3),139fldyk(3),|16kpbsi(3),139fldyk(3),|16kpbsi(3),637ahzin(3),139fldyk(3),143velif(2),|637ahzin(3),382ndieb(3),139fldyk(3),207dnuwj(2),;20674.2,22184.6,20520.6,21160.6,0,0,6.307039125625,5.696556785008,431.143738831256
16kpbsi(3),637ahzin(3),382ndieb(3),139fldyk(3),|16kpbsi(3),139fldyk(3),|16kpbsi(3),637ahzin(3),139fldyk(3),|637ahzin(3),382ndieb(3),139fldyk(3),;20674.2,22184.6,21442.2,22015.6,0,0,1.307039125625,0.696556785008,436.143738831256
16kpbsi(3),637ahzin(3),382ndieb(3),139fldyk(3),|16kpbsi(3),139fldyk(3),|16kpbsi(3),637ahzin(3),139fldyk(3),|637ahzin(3),382ndieb(3),139fldyk(3),;20674.2,22184.6,21442.2,22015.6,0,0,0,0,441.143738831256
16kpbsi(3),637ahzin(3),382ndieb(3),139fldyk(3),|16kpbsi(3),139fldyk(3),|16kpbsi(3),637ahzin(3),139fldyk(3),|637ahzin(3),382ndieb(3),139fldyk(3),;20674.2,22184.6,21442.2,22015.6,0,0,0,0,446.143738831256
16kpbsi(3),637ahzin(3),382ndieb(3),139fldyk(3),|16kpbsi(3),139fldyk(3),|16kpbsi(3),637ahzin(3),139fldyk(3),|637ahzin(3),382ndieb(3),139fldyk(3),;20674.2,22184.6,21442.2,22015.6,0,0,0,0,451.143738831256
16kpbsi(3),637ahzin(3),382ndieb(3),139fldyk(3),|16kpbsi(3),139fldyk(3),|16kpbsi(3),637ahzin(3),139fldyk(3),|637ahzin(3),382ndieb(3),139fldyk(3),;20674.2,22184.6,21442.2,22015.6,0,0,0,0,456.143738831256
16kpbsi(3),637ahzin(3),382ndieb(3),139fldyk(3),|16kpbsi(3),139fldyk(3),|16kpbsi(3),637ahzin(3),139fldyk(3),|637ahzin(3),382ndieb(3),139fldyk(3),;20674.2,22184.6,21442.2,22015.6,0,0,0,0,461.143738831256
16kpbsi(3),637ahzin(3),382ndieb(3),139fldyk(3),|16kpbsi(3),139fldyk(3),|16kpbsi(3),637ahzin(3),139fldyk(3),|637ahzin(3),382ndieb(3),139fldyk(3),;20674.2,22184.6,21442.2,22015.6,0,0,0,0,466.143738831256
16kpbsi(3),637ahzin(3),382ndieb(3),139fldyk(3),|16kpbsi(3),139fldyk(3),|16kpbsi(3),637ahzin(3),139fldyk(3),|637ahzin(3),382ndieb(3),139fldyk(3),;20674.2,22184.6,21442.2,22015.6,0,0,0,0,471.143738831256
16kpbsi(3),637ahzin(3),382ndieb(3),139fldyk(3),|16kpbsi(3),139fldyk(3),|16kpbsi(3),637ahzin(3),139fldyk(3),|637ahzin(3),382ndieb(3),139fldyk(3),;20674.2,22184.6,21442.2,22015.6,0,0,0,0,476.143738831256
16kpbsi(3),637ahzin(3),382ndieb(3),139fldyk(3),|16kpbsi(3),139fldyk(3),|16kpbsi(3),637ahzin(3),139fldyk(3),|637ahzin(3),382ndieb(3),139fldyk(3),;20674.2,22184.6,21442.2,22015.6,0,0,0,0,481.143738831256
16kpbsi(3),637ahzin(3),382ndieb(3),139fldyk(3),|16kpbsi(3),139fldyk(3),|16kpbsi(3),637ahzin(3),139fldyk(3),|637ahzin(3),382ndieb(3),139fldyk(3),;20674.2,22184.6,21442.2,22015.6,0,0,0,0,486.143738831256
16kpbsi(3),637ahzin(3),382ndieb(3),139fldyk(3),|16kpbsi(3),139fldyk(3),|16kpbsi(3),637ahzin(3),139fldyk(3),|637ahzin(3),382ndieb(3),139fldyk(3),;20674.2,22184.6,21442.2,22015.6,0,0,0,0,491.143738831256
16kpbsi(3),637ahzin(3),382ndieb(3),139fldyk(3),|16kpbsi(3),139fldyk(3),|16kpbsi(3),637ahzin(3),139fldyk(3),|637ahzin(3),382ndieb(3),139fldyk(3),;20674.2,22184.6,21442.2,22015.6,0,0,0,0,496.143738831256
16kpbsi(3),637ahzin(3),382ndieb(3),139fldyk(3),|16kpbsi(3),139fldyk(3),|16kpbsi(3),637ahzin(3),139fldyk(3),|637ahzin(3),382ndieb(3),139fldyk(3),;20674.2,22184.6,21442.2,22015.6,0,0,0,0,501.143738831256
16kpbsi(3),637ahzin(3),382ndieb(3),139fldyk(3),10fjhwi(0),|16kpbsi(3),139fldyk(3),|16kpbsi(3),637ahzin(3),139fldyk(3),|637ahzin(3),382ndieb(3),139fldyk(3),;19819.2,22184.6,21442.2,22015.6,5.053264011796,0,0,0,506.143738831256
16kpbsi(3),637ahzin(3),382ndieb(3),139fldyk(3),|16kpbsi(3),139fldyk(3),|16kpbsi(3),637ahzin(3),139fldyk(3),|637ahzin(3),382ndieb(3),139fldyk(3),;20674.2,22184.6,21442.2,22015.6,0.053264011796,0,0,0,511.143738831256
16kpbsi(3),637ahzin(3),382ndieb(3),139fldyk(3),|16kpbsi(3),139fldyk(3),|16kpbsi(3),637ahzin(3),139fldyk(3),|637ahzin(3),382ndieb(3),139fldyk(3),;20674.2,22184.6,21442.2,22015.6,0,0,0,0,516.143738831256
16kpbsi(3),637ahzin(3),382ndieb(3),139fldyk(3),|16kpbsi(3),139fldyk(3),|16kpbsi(3),637ahzin(3),139fldyk(3),|637ahzin(3),382ndieb(3),139fldyk(3),;20674.2,22184.6,21442.2,22015.6,0,0,0,0,521.143738831256
16kpbsi(3),637ahzin(3),382ndieb(3),139fldyk(3),|16kpbsi(3),139fldyk(3),|16kpbsi(3),637ahzin(3),139fldyk(3),|637ahzin(3),382ndieb(3),139fldyk(3),;20674.2,22184.6,21442.2,22015.6,0,0,0,0,526.143738831256
16kpbsi(3),637ahzin(3),382ndieb(3),139fldyk(3),|16kpbsi(3),139fldyk(3),|16kpbsi(3),637ahzin(3),139fldyk(3),|637ahzin(3),382ndieb(3),139fldyk(3),;20674.2,22184.6,21442.2,22015.6,0,0,0,0,531.143738831256
16kpbsi(3),637ahzin(3),382ndieb(3),139fldyk(3),|16kpbsi(3),139fldyk(3),|16kpbsi(3),637ahzin(3),139fldyk(3),|637ahzin(3),382ndieb(3),139fldyk(3),;20674.2,22184.6,21442.2,22015.6,0,0,0,0,536.143738831256
16kpbsi(3),637ahzin(3),382ndieb(3),139fldyk(3),|16kpbsi(3),139fldyk(3),|16kpbsi(3),637ahzin(3),139fldyk(3),|637ahzin(3),382ndieb(3),139fldyk(3),;20674.2,22184.6,21442.2,22015.6,0,0,0,0,541.143738831256
16kpbsi(3),637ahzin(3),382ndieb(3),139fldyk(3),|16kpbsi(3),139fldyk(3),|16kpbsi(3),637ahzin(3),139fldyk(3),|637ahzin(3),382ndieb(3),139fldyk(3),;20674.2,22184.6,21442.2,22015.6,0,0,0,0,546.143738831256
16kpbsi(3),637ahzin(3),382ndieb(3),139fldyk(3),|16kpbsi(3),139fldyk(3),|16kpbsi(3),637ahzin(3),139fldyk(3),|637ahzin(3),382ndieb(3),139fldyk(3),;20674.2,22184.6,21442.2,22015.6,0,0,0,0,551.143738831256
16kpbsi(3),637ahzin(3),382ndieb(3),139fldyk(3),|16kpbsi(3),139fldyk(3),|16kpbsi(3),637ahzin(3),139fldyk(3),|637ahzin(3),382ndieb(3),139fldyk(3),;20674.2,22184.6,21442.2,22015.6,0,0,0,0,556.143738831256
16kpbsi(3),637ahzin(3),382ndieb(3),139fldyk(3),|16kpbsi(3),139fldyk(3),|16kpbsi(3),637ahzin(3),139fldyk(3),|637ahzin(3),382ndieb(3),139fldyk(3),;20674.2,22184.6,21442.2,22015.6,0,0,0,0,561.143738831256
16kpbsi(3),637ahzin(3),382ndieb(3),139fldyk(3),|16kpbsi(3),139fldyk(3),|16kpbsi(3),637ahzin(3),139fldyk(3),|637ahzin(3),382ndieb(3),139fldyk(3),;20674.2,22184.6,21442.2,22015.6,0,0,0,0,566.143738831256
16kpbsi(3),637ahzin(3),382ndieb(3),139fldyk(3),|16kpbsi(3),139fldyk(3),|16kpbsi(3),637ahzin(3),139fldyk(3),|637ahzin(3),382ndieb(3),139fldyk(3),;20674.2,22184.6,21442.2,22015.6,0,0,0,0,571.143738831256
16kpbsi(3),637ahzin(3),382ndieb(3),139fldyk(3),|16kpbsi(3),139fldyk(3),|16kpbsi(3),637ahzin(3),139fldyk(3),|637ahzin(3),382ndieb(3),139fldyk(3),;20674.2,22184.6,21442.2,22015.6,0,0,0,0,576.143738831256
16kpbsi(3),637ahzin(3),382ndieb(3),139fldyk(3),|16kpbsi(3),139fldyk(3),|16kpbsi(3),637ahzin(3),139fldyk(3),|637ahzin(3),382ndieb(3),139fldyk(3),;20674.2,22184.6,21442.2,22015.6,0,0,0,0,581.143738831256
16kpbsi(3),637ahzin(3),382ndieb(3),139fldyk(3),|16kpbsi(3),139fldyk(3),|16kpbsi(3),637ahzin(3),139fldyk(3),|637ahzin(3),382ndieb(3),139fldyk(3),;20674.2,22184.6,21442.2,22015.6,0,0,0,0,586.143738831256
16kpbsi(3),637ahzin(3),382ndieb(3),139fldyk(3),|16kpbsi(3),139fldyk(3),|16kpbsi(3),637ahzin(3),139fldyk(3),|637ahzin(3),382ndieb(3),139fldyk(3),;20674.2,22184.6,21442.2,22015.6,0,0,0,0,591.143738831256
16kpbsi(3),637ahzin(3),382ndieb(3),139fldyk(3),|16kpbsi(3),139fldyk(3),|16kpbsi(3),637ahzin(3),139fldyk(3),|637ahzin(3),382ndieb(3),139fldyk(3),;20674.2,22184.6,21442.2,22015.6,0,0,0,0,596.143738831256
16kpbsi(3),637ahzin(3),382ndieb(3),139fldyk(3),|16kpbsi(3),139fldyk(3),|16kpbsi(3),637ahzin(3),139fldyk(3),|637ahzin(3),382ndieb(3),139fldyk(3),;20674.2,22184.6,21442.2,22015.6,0,0,0,0,601.143738831256
16kpbsi(3),637ahzin(3),382ndieb(3),139fldyk(3),|16kpbsi(3),139fldyk(3),|16kpbsi(3),637ahzin(3),139fldyk(3),|637ahzin(3),382ndieb(3),139fldyk(3),;20674.2,22184.6,21442.2,22015.6,0,0,0,0,606.143738831256
16kpbsi(3),382ndieb(3),139fldyk(3),637trzus(2),|16kpbsi(3),139fldyk(3),637trzus(2),|16kpbsi(3),139fldyk(3),637trzus(2),|382ndieb(3),139fldyk(3),637trzus(2),;20408,18682.5,21309.1,21882.5,8.887728201101,18.081053001101,4.291065801101,4.291065801101,611.143738831256
16kpbsi(3),382ndieb(3),139fldyk(3),637trzus(2),|16kpbsi(3),139fldyk(3),637trzus(2),|16kpbsi(3),139fldyk(3),|382ndieb(3),139fldyk(3),;20408,18682.5,22184.6,22758,3.887728201101,13.081053001101,0,0,616.143738831256
16kpbsi(3),382ndieb(3),139fldyk(3),|16kpbsi(3),139fldyk(3),637trzus(2),|16kpbsi(3),139fldyk(3),|382ndieb(3),139fldyk(3),;22159,18682.5,22184.6,22758,0,8.081053001101,0,0,621.143738831256
16kpbsi(3),382ndieb(3),139fldyk(3),|16kpbsi(3),139fldyk(3),637trzus(2),|16kpbsi(3),139fldyk(3),|382ndieb(3),139fldyk(3),;22159,18682.5,22184.6,22758,0,3.081053001101,0,0,626.143738831256
16kpbsi(3),382ndieb(3),139fldyk(3),|16kpbsi(3),139fldyk(3),|16kpbsi(3),139fldyk(3),|382ndieb(3),139fldyk(3),;22159,22184.6,22184.6,22758,0,0,0,0,631.143738831256
16kpbsi(3),382ndieb(3),139fldyk(3),|16kpbsi(3),139fldyk(3),|16kpbsi(3),139fldyk(3),|382ndieb(3),139fldyk(3),;22159,22184.6,22184.6,22758,0,0,0,0,636.143738831256
16kpbsi(3),382ndieb(3),139fldyk(3),|16kpbsi(3),139fldyk(3),|16kpbsi(3),139fldyk(3),|382ndieb(3),139fldyk(3),;22159,22184.6,22184.6,22758,0,0,0,0,641.143738831256
16kpbsi(3),382ndieb(3),139fldyk(3),|16kpbsi(3),139fldyk(3),|16kpbsi(3),139fldyk(3),|382ndieb(3),139fldyk(3),;22159,22184.6,22184.6,22758,0,0,0,0,646.143738831256
16kpbsi(3),382ndieb(3),139fldyk(3),|16kpbsi(3),139fldyk(3),|16kpbsi(3),139fldyk(3),|382ndieb(3),139fldyk(3),;22159,22184.6,22184.6,22758,0,0,0,0,651.143738831256
16kpbsi(3),382ndieb(3),139fldyk(3),|16kpbsi(3),139fldyk(3),|16kpbsi(3),139fldyk(3),|382ndieb(3),139fldyk(3),;22159,22184.6,22184.6,22758,0,0,0,0,656.143738831256
16kpbsi(3),382ndieb(3),139fldyk(3),|16kpbsi(3),139fldyk(3),|16kpbsi(3),139fldyk(3),|382ndieb(3),139fldyk(3),;22159,22184.6,22184.6,22758,0,0,0,0,661.143738831256
16kpbsi(3),382ndieb(3),139fldyk(3),|16kpbsi(3),139fldyk(3),|16kpbsi(3),139fldyk(3),|382ndieb(3),139fldyk(3),;22159,22184.6,22184.6,22758,0,0,0,0,666.143738831256
16kpbsi(3),382ndieb(3),139fldyk(3),|16kpbsi(3),139fldyk(3),|16kpbsi(3),139fldyk(3),|382ndieb(3),139fldyk(3),;22159,22184.6,22184.6,22758,0,0,0,0,671.143738831256
16kpbsi(3),382ndieb(3),139fldyk(3),|16kpbsi(3),139fldyk(3),|16kpbsi(3),139fldyk(3),|382ndieb(3),139fldyk(3),;22159,22184.6,22184.6,22758,0,0,0,0,676.143738831256
16kpbsi(3),382ndieb(3),139fldyk(3),|16kpbsi(3),139fldyk(3),|16kpbsi(3),139fldyk(3),|382ndieb(3),139fldyk(3),;22159,22184.6,22184.6,22758,0,0,0,0,681.143738831256
16kpbsi(3),382ndieb(3),139fldyk(3),|16kpbsi(3),139fldyk(3),|16kpbsi(3),139fldyk(3),|382ndieb(3),139fldyk(3),;22159,22184.6,22184.6,22758,0,0,0,0,686.143738831256
16kpbsi(3),382ndieb(3),139fldyk(3),|16kpbsi(3),139fldyk(3),|16kpbsi(3),139fldyk(3),|382ndieb(3),139fldyk(3),;22159,22184.6,22184.6,22758,0,0,0,0,691.143738831256
16kpbsi(3),382ndieb(3),139fldyk(3),|16kpbsi(3),139fldyk(3),|16kpbsi(3),139fldyk(3),|382ndieb(3),139fldyk(3),;22159,22184.6,22184.6,22758,0,0,0,0,696.143738831256
16kpbsi(3),382ndieb(3),139fldyk(3),|16kpbsi(3),139fldyk(3),|16kpbsi(3),139fldyk(3),|382ndieb(3),139fldyk(3),;22159,22184.6,22184.6,22758,0,0,0,0,701.143738831256
16kpbsi(3),382ndieb(3),139fldyk(3),|16kpbsi(3),139fldyk(3),|16kpbsi(3),139fldyk(3),|382ndieb(3),139fldyk(3),;22159,22184.6,22184.6,22758,0,0,0,0,706.143738831256
16kpbsi(3),382ndieb(3),139fldyk(3),|16kpbsi(3),139fldyk(3),|16kpbsi(3),139fldyk(3),|382ndieb(3),139fldyk(3),;22159,22184.6,22184.6,22758,0,0,0,0,711.143738831256
16kpbsi(3),382ndieb(3),139fldyk(3),|16kpbsi(3),139fldyk(3),|16kpbsi(3),139fldyk(3),|382ndieb(3),139fldyk(3),;22159,22184.6,22184.6,22758,0,0,0,0,716.143738831256
16kpbsi(3),382ndieb(3),139fldyk(3),|16kpbsi(3),139fldyk(3),|16kpbsi(3),139fldyk(3),|382ndieb(3),139fldyk(3),;22159,22184.6,22184.6,22758,0,0,0,0,721.143738831256
16kpbsi(3),382ndieb(3),139fldyk(3),|16kpbsi(3),139fldyk(3),|16kpbsi(3),139fldyk(3),|382ndieb(3),139fldyk(3),;22159,22184.6,22184.6,22758,0,0,0,0,726.143738831256
16kpbsi(3),382ndieb(3),308melni(2),|16kpbsi(3),308melni(2),|16kpbsi(3),308melni(2),|382ndieb(3),308melni(2),;23177.9,24176.3,23249.6,23776.9,3.868083734047,3.868083734047,8.612890134047,3.868083734047,731.143738831256
16kpbsi(3),382ndieb(3),|16kpbsi(3),|16kpbsi(3),308melni(2),|382ndieb(3),;24104.6,25103,23249.6,24703.6,0,0,3.612890134047,0,736.143738831256
16kpbsi(3),382ndieb(3),|16kpbsi(3),|16kpbsi(3),308melni(3),|382ndieb(3),;24104.6,25103,23249.6,24703.6,0,0,0,0,741.143738831256
16kpbsi(3),382ndieb(3),|16kpbsi(3),|16kpbsi(3),308melni(3),|382ndieb(3),;24104.6,25103,23249.6,24703.6,0,0,0,0,746.143738831256
16kpbsi(3),382ndieb(3),|16kpbsi(3),|16kpbsi(3),308melni(3),|382ndieb(3),;24104.6,25103,23249.6,24703.6,0,0,0,0,751.143738831256
16kpbsi(3),382ndieb(3),|16kpbsi(3),|16kpbsi(3),308melni(3),|382ndieb(3),;24104.6,25103,23249.6,24703.6,0,0,0,0,756.143738831256
16kpbsi(3),382ndieb(3),|16kpbsi(3),|16kpbsi(3),308melni(3),|382ndieb(3),;24104.6,25103,23249.6,24703.6,0,0,0,0,761.143738831256
16kpbsi(3),382ndieb(3),|16kpbsi(3),|16kpbsi(3),308melni(3),|382ndieb(3),;24104.6,25103,23249.6,24703.6,0,0,0,0,766.143738831256
16kpbsi(3),382ndieb(3),|16kpbsi(3),|16kpbsi(3),308melni(3),|382ndieb(3),;24104.6,25103,23249.6,24703.6,0,0,0,0,771.143738831256
16kpbsi(3),382ndieb(3),|16kpbsi(3),|16kpbsi(3),308melni(3),|382ndieb(3),;24104.6,25103,23249.6,24703.6,0,0,0,0,776.143738831256
16kpbsi(3),382ndieb(3),|16kpbsi(3),|16kpbsi(3),308melni(3),|382ndieb(3),;24104.6,25103,23249.6,24703.6,0,0,0,0,781.143738831256
16kpbsi(3),382ndieb(3),|16kpbsi(3),|16kpbsi(3),308melni(3),|382ndieb(3),;24104.6,25103,23249.6,24703.6,0,0.050498408469,0,0,786.143738831256
16kpbsi(3),382ndieb(3),|16kpbsi(3),|16kpbsi(3),308melni(3),|382ndieb(3),;24104.6,25103,23249.6,24703.6,0,0,0,0,791.143738831256
16kpbsi(3),382ndieb(3),|16kpbsi(3),|16kpbsi(3),308melni(3),|382ndieb(3),;24104.6,25103,23249.6,24703.6,0,0,0,0,796.143738831256
16kpbsi(3),382ndieb(3),|16kpbsi(3),|16kpbsi(3),308melni(3),|382ndieb(3),;24104.6,25103,23249.6,24703.6,0,0,0,0,801.143738831256
16kpbsi(3),382ndieb(3),146dmgce(0),|16kpbsi(3),146dmgce(0),|16kpbsi(3),308melni(3),146dmgce(0),|382ndieb(3),146dmgce(0),;23193.2,23280.3,21426.9,22880.9,9.602267231061,14.505763764395,14.505763764395,14.505763764395,806.143738831256
16kpbsi(3),382ndieb(3),146dmgce(2),|16kpbsi(3),146dmgce(2),|16kpbsi(3),308melni(3),146dmgce(2),|382ndieb(3),146dmgce(2),;23193.2,23280.3,21426.9,22880.9,4.602267231061,9.505763764395,9.505763764395,9.505763764395,811.143738831256
16kpbsi(3),382ndieb(3),|16kpbsi(3),146dmgce(2),|16kpbsi(3),308melni(3),146dmgce(2),|382ndieb(3),146dmgce(2),;24104.6,23280.3,21426.9,22880.9,0,4.505763764395,4.505763764395,4.505763764395,816.143738831256
16kpbsi(3),382ndieb(3),|16kpbsi(3),146dmgce(3),|16kpbsi(3),308melni(3),146dmgce(3),|382ndieb(3),146dmgce(3),;24104.6,23280.3,21426.9,22880.9,0,0,0,0,821.143738831256
16kpbsi(3),382ndieb(3),|16kpbsi(3),146dmgce(3),|16kpbsi(3),308melni(3),146dmgce(3),|382ndieb(3),146dmgce(3),;24104.6,23280.3,21426.9,22880.9,0,0,0,0,826.143738831256
16kpbsi(3),382ndieb(3),|16kpbsi(3),146dmgce(3),|16kpbsi(3),308melni(3),146dmgce(3),|382ndieb(3),146dmgce(3),;24104.6,23280.3,21426.9,22880.9,0,0,0,0,831.143738831256
16kpbsi(3),382ndieb(3),|16kpbsi(3),146dmgce(3),|16kpbsi(3),308melni(3),146dmgce(3),309oysip(0),|382ndieb(3),146dmgce(3),309oysip(0),;24104.6,23280.3,18790.1,20771.5,0,0,14.326819997417,11.626736797417,836.143738831256
16kpbsi(3),382ndieb(3),|16kpbsi(3),146dmgce(3),|16kpbsi(3),308melni(3),146dmgce(3),309oysip(2),|382ndieb(3),146dmgce(3),309oysip(2),;24104.6,23280.3,18790.1,20771.5,0,0,9.326819997417,6.626736797417,841.143738831256
16kpbsi(3),382ndieb(3),|16kpbsi(3),146dmgce(3),|16kpbsi(3),308melni(3),146dmgce(3),309oysip(2),|382ndieb(3),146dmgce(3),309oysip(2),;24104.6,23280.3,18790.1,20771.5,0,0,4.326819997417,1.626736797417,846.143738831256
16kpbsi(3),382ndieb(3),|16kpbsi(3),146dmgce(3),|16kpbsi(3),308melni(3),146dmgce(3),309oysip(3),|382ndieb(3),146dmgce(3),309oysip(3),;24104.6,23280.3,18790.1,20771.5,0,0,0,0,851.143738831256
16kpbsi(3),382ndieb(3),|16kpbsi(3),146dmgce(3),|16kpbsi(3),308melni(3),146dmgce(3),309oysip(3),|382ndieb(3),146dmgce(3),309oysip(3),;24104.6,23280.3,18790.1,20771.5,0,0,0,0,856.143738831256
16kpbsi(3),382ndieb(3),|16kpbsi(3),146dmgce(3),|16kpbsi(3),308melni(3),146dmgce(3),309oysip(3),|382ndieb(3),146dmgce(3),309oysip(3),;24104.6,23280.3,18790.1,20771.5,0,0,0,0,861.143738831256
16kpbsi(3),382ndieb(3),|16kpbsi(3),146dmgce(3),|16kpbsi(3),308melni(3),146dmgce(3),309oysip(3),|382ndieb(3),146dmgce(3),309oysip(3),;24104.6,23280.3,18790.1,20771.5,0,0,0,0,866.143738831256
16kpbsi(3),382ndieb(3),|16kpbsi(3),146dmgce(3),|16kpbsi(3),308melni(3),146dmgce(3),309oysip(3),|382ndieb(3),146dmgce(3),309oysip(3),;24104.6,23280.3,18790.1,20771.5,0,0,0,0,871.143738831256
16kpbsi(3),382ndieb(3),|16kpbsi(3),146dmgce(3),|16kpbsi(3),308melni(3),146dmgce(3),309oysip(3),|382ndieb(3),146dmgce(3),309oysip(3),;24104.6,23280.3,18790.1,20771.5,0,0,0,0,876.143738831256
16kpbsi(3),382ndieb(3),|16kpbsi(3),146dmgce(3),|16kpbsi(3),308melni(3),146dmgce(3),309oysip(3),|382ndieb(3),146dmgce(3),309oysip(3),;24104.6,23280.3,18790.1,20771.5,0,0,0,0,881.143738831256
16kpbsi(3),382ndieb(3),|16kpbsi(3),146dmgce(3),|16kpbsi(3),308melni(3),146dmgce(3),309oysip(3),|382ndieb(3),146dmgce(3),309oysip(3),;24104.6,23280.3,18790.1,20771.5,0,0,0,0,886.143738831256
16kpbsi(3),382ndieb(3),|16kpbsi(3),146dmgce(3),|16kpbsi(3),308melni(3),146dmgce(3),309oysip(3),|382ndieb(3),146dmgce(3),309oysip(3),;24104.6,23280.3,18790.1,20771.5,0,0,0,0,891.143738831256
16kpbsi(3),382ndieb(3),|16kpbsi(3),146dmgce(3),|16kpbsi(3),308melni(3),146dmgce(3),309oysip(3),|382ndieb(3),146dmgce(3),309oysip(3),;24104.6,23280.3,18790.1,20771.5,0,0,0,0,896.143738831256
16kpbsi(3),382ndieb(3),|16kpbsi(3),146dmgce(3),|16kpbsi(3),308melni(3),146dmgce(3),309oysip(3),|382ndieb(3),146dmgce(3),309oysip(3),;24104.6,23280.3,18790.1,20771.5,0,0,0,0,901.143738831256
16kpbsi(3),382ndieb(3),|16kpbsi(3),146dmgce(3),|16kpbsi(3),146dmgce(3),309oysip(3),|382ndieb(3),146dmgce(3),309oysip(3),;24104.6,23280.3,20643.5,20771.5,0,0,0,0,906.143738831256
16kpbsi(3),382ndieb(3),|16kpbsi(3),146dmgce(3),|16kpbsi(3),146dmgce(3),309oysip(3),|382ndieb(3),146dmgce(3),309oysip(3),;24104.6,23280.3,20643.5,20771.5,0,0,0,0,911.143738831256
16kpbsi(3),382ndieb(3),|16kpbsi(3),|16kpbsi(3),309oysip(3),|382ndieb(3),309oysip(3),;24104.6,25103,22466.2,22594.2,0,0,0,0,916.143738831256
16kpbsi(3),382ndieb(3),|16kpbsi(3),|16kpbsi(3),309oysip(3),|382ndieb(3),309oysip(3),;24104.6,25103,22466.2,22594.2,0,0,0,0,921.143738831256
16kpbsi(3),382ndieb(3),|16kpbsi(3),|16kpbsi(3),|382ndieb(3),;24104.6,25103,25103,24703.6,0,0,0,0,926.143738831256
16kpbsi(3),382ndieb(3),|16kpbsi(3),|16kpbsi(3),|382ndieb(3),;24104.6,25103,25103,24703.6,0,0,0,0,931.143738831256
16kpbsi(3),382ndieb(3),|16kpbsi(3),|16kpbsi(3),|382ndieb(3),;24104.6,25103,25103,24703.6,0,0,0,0,936.143738831256
16kpbsi(3),382ndieb(3),|16kpbsi(3),|16kpbsi(3),|382ndieb(3),;24104.6,25103,25103,24703.6,0,0,0,0,941.143738831256
16kpbsi(3),382ndieb(3),|16kpbsi(3),|16kpbsi(3),|382ndieb(3),;24104.6,25103,25103,24703.6,0,0,0,0,946.143738831256
16kpbsi(3),|16kpbsi(3),|16kpbsi(3),|;25103,25103,25103,25702,0,0,0,0,951.143738831256
16kpbsi(3),|16kpbsi(3),|16kpbsi(3),|;25103,25103,25103,25702,0,0,0,0,956.143738831256
16kpbsi(3),|16kpbsi(3),|16kpbsi(3),|;25103,25103,25103,25702,0,0,0,0,961.143738831256
16kpbsi(3),|16kpbsi(3),|16kpbsi(3),|;25103,25103,25103,25702,0,0,0,0,966.143738831256
16kpbsi(3),|16kpbsi(3),|16kpbsi(3),|;25103,25103,25103,25702,0,0,0,0,971.143738831256
16kpbsi(3),|16kpbsi(3),|16kpbsi(3),|;25103,25103,25103,25702,0,0,0,0,976.143738831256
16kpbsi(3),|16kpbsi(3),|16kpbsi(3),|;25103,25103,25103,25702,0,0,0,0,981.143738831256
16kpbsi(3),|16kpbsi(3),|16kpbsi(3),|;25103,25103,25103,25702,0,0,0,0,986.143738831256
16kpbsi(3),|16kpbsi(3),|16kpbsi(3),|;25103,25103,25103,25702,0,0,0,0,991.143738831256
16kpbsi(3),|16kpbsi(3),|16kpbsi(3),|;25103,25103,25103,25702,0,0,0,0,996.143738831256
16kpbsi(3),|16kpbsi(3),|16kpbsi(3),|;25103,25103,25103,25702,0,0,0,0,1001.143738831256
16kpbsi(3),|16kpbsi(3),|16kpbsi(3),|;25103,25103,25103,25702,0,0,0,0,1006.143738831256
16kpbsi(3),|16kpbsi(3),|16kpbsi(3),|;25103,25103,25103,25702,0,0,0,0,1011.143738831256
16kpbsi(3),|16kpbsi(3),|16kpbsi(3),|;25103,25103,25103,25702,0,0,0,0,1016.143738831256
16kpbsi(3),|16kpbsi(3),|16kpbsi(3),|;25103,25103,25103,25702,0,0,0,0,1021.143738831256
16kpbsi(3),|16kpbsi(3),|16kpbsi(3),|;25103,25103,25103,25702,0,0,0,0,1026.143738831256
16kpbsi(3),|16kpbsi(3),|16kpbsi(3),|;25103,25103,25103,25702,0,0,0,0,1031.143738831256
16kpbsi(3),|16kpbsi(3),|16kpbsi(3),|;25103,25103,25103,25702,0,0,0,0,1036.143738831256
16kpbsi(3),309azoik(0),|16kpbsi(3),309azoik(0),|16kpbsi(3),309azoik(0),|309azoik(0),;24329.9,23556.8,23556.8,24928.9,6.769162900582,10.727537300582,10.727537300582,6.769162900582,1041.143738831256
16kpbsi(3),309azoik(2),|16kpbsi(3),309azoik(2),|16kpbsi(3),309azoik(2),|309azoik(2),;24329.9,23556.8,23556.8,24928.9,1.769162900582,5.727537300582,5.727537300582,1.769162900582,1046.143738831256
16kpbsi(3),|16kpbsi(3),309azoik(2),|16kpbsi(3),309azoik(2),|;25103,23556.8,23556.8,25702,0,0.727537300582,0.727537300582,0,1051.143738831256
16kpbsi(3),308xosyn(2),|16kpbsi(3),|16kpbsi(3),|;24391.3,25103,25103,25702,2.086626244432,0,0,0,1056.143738831256
16kpbsi(3),|16kpbsi(3),|16kpbsi(3),|;25103,25103,25103,25702,0,0,0,0,1061.143738831256
16kpbsi(3),|16kpbsi(3),|16kpbsi(3),|;25103,25103,25103,25702,0,0,0,0,1066.143738831256
16kpbsi(3),|16kpbsi(3),|16kpbsi(3),|;25103,25103,25103,25702,0,0,0,0,1071.143738831256
16kpbsi(3),|16kpbsi(3),|16kpbsi(3),|;25103,25103,25103,25702,0,0,0,0,1076.143738831256
16kpbsi(3),|16kpbsi(3),|16kpbsi(3),|;25103,25103,25103,25702,0,0,0,0,1081.143738831256
16kpbsi(3),|16kpbsi(3),|16kpbsi(3),|;25103,25103,25103,25702,0,0,0,0,1086.143738831256
16kpbsi(3),506fjzvg(0),|16kpbsi(3),|16kpbsi(3),|506fjzvg(0),;24427.2,25103,25103,25026.2,5.646842235922,0,0,5.646842235922,1091.143738831256
16kpbsi(3),506fjzvg(2),|16kpbsi(3),|16kpbsi(3),|506fjzvg(2),;24427.2,25103,25103,25026.2,0.646842235922,0,0,0.646842235922,1096.143738831256
16kpbsi(3),506fjzvg(3),|16kpbsi(3),|16kpbsi(3),|506fjzvg(3),;24427.2,25103,25103,25026.2,0,0,0,0,1101.143738831256
16kpbsi(3),506fjzvg(3),|16kpbsi(3),|16kpbsi(3),|506fjzvg(3),;24427.2,25103,25103,25026.2,0,0,0,0,1106.143738831256
16kpbsi(3),506fjzvg(3),|16kpbsi(3),|16kpbsi(3),|506fjzvg(3),;24427.2,25103,25103,25026.2,0,0,0,0,1111.143738831256
16kpbsi(3),506fjzvg(3),|16kpbsi(3),|16kpbsi(3),|506fjzvg(3),;24427.2,25103,25103,25026.2,0,0,0,0,1116.143738831256
16kpbsi(3),506fjzvg(3),|16kpbsi(3),|16kpbsi(3),|506fjzvg(3),;24427.2,25103,25103,25026.2,0,0,0,0,1121.143738831256
16kpbsi(3),506fjzvg(3),|16kpbsi(3),|16kpbsi(3),|506fjzvg(3),;24427.2,25103,25103,25026.2,0,0,0,0,1126.143738831256
16kpbsi(3),506fjzvg(3),|16kpbsi(3),|16kpbsi(3),|506fjzvg(3),;24427.2,25103,25103,25026.2,0,0,0,0,1131.143738831256
16kpbsi(3),506fjzvg(3),|16kpbsi(3),|16kpbsi(3),|506fjzvg(3),;24427.2,25103,25103,25026.2,0,0,0,0,1136.143738831256
16kpbsi(3),506fjzvg(3),|16kpbsi(3),|16kpbsi(3),|506fjzvg(3),;24427.2,25103,25103,25026.2,0,0,0,0,1141.143738831256
16kpbsi(3),506fjzvg(3),|16kpbsi(3),|16kpbsi(3),|506fjzvg(3),;24427.2,25103,25103,25026.2,0,0,0,0,1146.143738831256
16kpbsi(3),506fjzvg(3),|16kpbsi(3),|16kpbsi(3),|506fjzvg(3),;24427.2,25103,25103,25026.2,0,0,0,0,1151.143738831256
16kpbsi(3),506fjzvg(3),|16kpbsi(3),|16kpbsi(3),|506fjzvg(3),;24427.2,25103,25103,25026.2,0,0,0,0,1156.143738831256
16kpbsi(3),506fjzvg(3),|16kpbsi(3),|16kpbsi(3),|506fjzvg(3),;24427.2,25103,25103,25026.2,0,0,0,0,1161.143738831256
16kpbsi(3),506fjzvg(3),|16kpbsi(3),|16kpbsi(3),|506fjzvg(3),;24427.2,25103,25103,25026.2,0,0,0,0,1166.143738831256
16kpbsi(3),506fjzvg(3),|16kpbsi(3),|16kpbsi(3),|506fjzvg(3),;24427.2,25103,25103,25026.2,0,0,0,0,1171.143738831256
16kpbsi(3),506fjzvg(3),|16kpbsi(3),|16kpbsi(3),|506fjzvg(3),;24427.2,25103,25103,25026.2,0,0,0,0,1176.143738831256
16kpbsi(3),506fjzvg(3),|16kpbsi(3),|16kpbsi(3),|506fjzvg(3),;24427.2,25103,25103,25026.2,0,0,0,0,1181.143738831256
16kpbsi(3),506fjzvg(3),|16kpbsi(3),|16kpbsi(3),|506fjzvg(3),;24427.2,25103,25103,25026.2,0,0,0,0,1186.143738831256
16kpbsi(3),506fjzvg(3),|16kpbsi(3),|16kpbsi(3),|506fjzvg(3),;24427.2,25103,25103,25026.2,0,0,0,0,1191.143738831256
16kpbsi(3),506fjzvg(3),|16kpbsi(3),|16kpbsi(3),|506fjzvg(3),;24427.2,25103,25103,25026.2,0,0,0,0,1196.143738831256
16kpbsi(3),506fjzvg(3),|16kpbsi(3),|16kpbsi(3),|506fjzvg(3),;24427.2,25103,25103,25026.2,0,0,0,0,1201.143738831256
16kpbsi(3),506fjzvg(3),|16kpbsi(3),|16kpbsi(3),|506fjzvg(3),;24427.2,25103,25103,25026.2,0,0,0,0,1206.143738831256
16kpbsi(3),506fjzvg(3),|16kpbsi(3),|16kpbsi(3),|506fjzvg(3),;24427.2,25103,25103,25026.2,0,0,0,0,1211.143738831256
16kpbsi(3),506fjzvg(3),|16kpbsi(3),|16kpbsi(3),|506fjzvg(3),;24427.2,25103,25103,25026.2,0,0,0,0,1216.143738831256
16kpbsi(3),506fjzvg(3),|16kpbsi(3),|16kpbsi(3),|506fjzvg(3),;24427.2,25103,25103,25026.2,0,0,0,0,1221.143738831256
16kpbsi(3),506fjzvg(3),|16kpbsi(3),|16kpbsi(3),|506fjzvg(3),;24427.2,25103,25103,25026.2,0,0,0,0,1226.143738831256
16kpbsi(3),506fjzvg(3),|16kpbsi(3),|16kpbsi(3),|506fjzvg(3),;24427.2,25103,25103,25026.2,0,0,0,0,1231.143738831256
16kpbsi(3),506fjzvg(3),|16kpbsi(3),|16kpbsi(3),|506fjzvg(3),;24427.2,25103,25103,25026.2,0,0,0,0,1236.143738831256
16kpbsi(3),506fjzvg(3),|16kpbsi(3),|16kpbsi(3),|506fjzvg(3),;24427.2,25103,25103,25026.2,0,0,0,0,1241.143738831256
16kpbsi(3),506fjzvg(3),|16kpbsi(3),|16kpbsi(3),|506fjzvg(3),;24427.2,25103,25103,25026.2,0,0,0,0,1246.143738831256
16kpbsi(3),506fjzvg(3),|16kpbsi(3),|16kpbsi(3),|506fjzvg(3),;24427.2,25103,25103,25026.2,0,0,0,0,1251.143738831256
16kpbsi(3),506fjzvg(3),|16kpbsi(3),|16kpbsi(3),|506fjzvg(3),;24427.2,25103,25103,25026.2,0,0,0,0,1256.143738831256
16kpbsi(3),506fjzvg(3),|16kpbsi(3),|16kpbsi(3),|506fjzvg(3),;24427.2,25103,25103,25026.2,0,0,0,0,1261.143738831256
16kpbsi(3),506fjzvg(3),|16kpbsi(3),|16kpbsi(3),|506fjzvg(3),;24427.2,25103,25103,25026.2,0,0,0,0,1266.143738831256
16kpbsi(3),506fjzvg(3),|16kpbsi(3),|16kpbsi(3),|506fjzvg(3),;24427.2,25103,25103,25026.2,0,0,0,0,1271.143738831256
16kpbsi(3),506fjzvg(3),|16kpbsi(3),|16kpbsi(3),|506fjzvg(3),;24427.2,25103,25103,25026.2,0,0,0,0,1276.143738831256
16kpbsi(3),506fjzvg(3),|16kpbsi(3),|16kpbsi(3),|506fjzvg(3),;24427.2,25103,25103,25026.2,0,0,0,0,1281.143738831256
16kpbsi(3),506fjzvg(3),|16kpbsi(3),|16kpbsi(3),|506fjzvg(3),;24427.2,25103,25103,25026.2,0,0,0,0,1286.143738831256
16kpbsi(3),506fjzvg(3),|16kpbsi(3),|16kpbsi(3),|506fjzvg(3),;24427.2,25103,25103,25026.2,0,0,0,0,1291.143738831256
16kpbsi(3),506fjzvg(3),|16kpbsi(3),|16kpbsi(3),|506fjzvg(3),;24427.2,25103,25103,25026.2,0,0,0,0,1296.143738831256
16kpbsi(3),506fjzvg(3),|16kpbsi(3),|16kpbsi(3),|506fjzvg(3),;24427.2,25103,25103,25026.2,0,0,0,0,1301.143738831256
16kpbsi(3),506fjzvg(3),|16kpbsi(3),|16kpbsi(3),|506fjzvg(3),;24427.2,25103,25103,25026.2,0,0,0,0,1306.143738831256
16kpbsi(3),506fjzvg(3),|16kpbsi(3),|16kpbsi(3),|506fjzvg(3),;24427.2,25103,25103,25026.2,0,0,0,0,1311.143738831256
16kpbsi(3),506fjzvg(3),|16kpbsi(3),|16kpbsi(3),|506fjzvg(3),;24427.2,25103,25103,25026.2,0,0,0,0,1316.143738831256
16kpbsi(3),506fjzvg(3),|16kpbsi(3),|16kpbsi(3),|506fjzvg(3),;24427.2,25103,25103,25026.2,0,0,0,0,1321.143738831256
16kpbsi(3),506fjzvg(3),|16kpbsi(3),|16kpbsi(3),|506fjzvg(3),;24427.2,25103,25103,25026.2,0,0,0,0,1326.143738831256
16kpbsi(3),506fjzvg(3),|16kpbsi(3),|16kpbsi(3),|506fjzvg(3),;24427.2,25103,25103,25026.2,0,0,0,0,1331.143738831256
16kpbsi(3),506fjzvg(3),|16kpbsi(3),|16kpbsi(3),|506fjzvg(3),;24427.2,25103,25103,25026.2,0,0,0,0,1336.143738831256
16kpbsi(3),506fjzvg(3),|16kpbsi(3),|16kpbsi(3),|506fjzvg(3),;24427.2,25103,25103,25026.2,0,0,0,0,1341.143738831256
16kpbsi(3),506fjzvg(3),|16kpbsi(3),|16kpbsi(3),|506fjzvg(3),;24427.2,25103,25103,25026.2,0,0,0,0,1346.143738831256
16kpbsi(3),506fjzvg(3),|16kpbsi(3),|16kpbsi(3),|506fjzvg(3),;24427.2,25103,25103,25026.2,0,0,0,0,1351.143738831256
16kpbsi(3),506fjzvg(3),|16kpbsi(3),|16kpbsi(3),|506fjzvg(3),;24427.2,25103,25103,25026.2,0,0,0,0,1356.143738831256
16kpbsi(3),506fjzvg(3),|16kpbsi(3),|16kpbsi(3),|506fjzvg(3),;24427.2,25103,25103,25026.2,0,0,0,0,1361.143738831256
16kpbsi(3),506fjzvg(3),|16kpbsi(3),|16kpbsi(3),|506fjzvg(3),;24427.2,25103,25103,25026.2,0,0,0,0,1366.143738831256
16kpbsi(3),506fjzvg(3),|16kpbsi(3),|16kpbsi(3),|506fjzvg(3),;24427.2,25103,25103,25026.2,0,0,0,0,1371.143738831256
16kpbsi(3),506fjzvg(3),|16kpbsi(3),|16kpbsi(3),|506fjzvg(3),;24427.2,25103,25103,25026.2,0,0,0,0,1376.143738831256
16kpbsi(3),506fjzvg(3),|16kpbsi(3),|16kpbsi(3),|506fjzvg(3),;24427.2,25103,25103,25026.2,0,0,0,0,1381.143738831256
16kpbsi(3),506fjzvg(3),|16kpbsi(3),|16kpbsi(3),|506fjzvg(3),;24427.2,25103,25103,25026.2,0,0,0,0,1386.143738831256
16kpbsi(3),506fjzvg(3),|16kpbsi(3),|16kpbsi(3),|506fjzvg(3),;24427.2,25103,25103,25026.2,0,0,0,0,1391.143738831256
506fjzvg(3),|||506fjzvg(3),;25026.2,25702,25702,25026.2,0,0,0,0,1396.143738831256
506fjzvg(3),|||506fjzvg(3),;25026.2,25702,25702,25026.2,0,0,0,0,1401.143738831256
506fjzvg(3),|||506fjzvg(3),;25026.2,25702,25702,25026.2,0,0,0,0,1406.143738831256
506fjzvg(3),|||506fjzvg(3),;25026.2,25702,25702,25026.2,0,0,0,0,1411.143738831256
506fjzvg(3),|||506fjzvg(3),;25026.2,25702,25702,25026.2,0,0,0,0,1416.143738831256
506fjzvg(3),|||506fjzvg(3),;25026.2,25702,25702,25026.2,0,0,0,0,1421.143738831256
506fjzvg(3),|||506fjzvg(3),;25026.2,25702,25702,25026.2,0,0,0,0,1426.143738831256
506fjzvg(3),|||506fjzvg(3),;25026.2,25702,25702,25026.2,0,0,0,0,1431.143738831256
506fjzvg(3),|||506fjzvg(3),;25026.2,25702,25702,25026.2,0,0,0,0,1436.143738831256
506fjzvg(3),|||506fjzvg(3),;25026.2,25702,25702,25026.2,0,0,0,0,1441.143738831256
506fjzvg(3),|||506fjzvg(3),;25026.2,25702,25702,25026.2,0,0,0,0,1446.143738831256
506fjzvg(3),|||506fjzvg(3),;25026.2,25702,25702,25026.2,0,0,0,0,1451.143738831256
506fjzvg(3),|||506fjzvg(3),;25026.2,25702,25702,25026.2,0,0,0,0,1456.143738831256
506fjzvg(3),|||506fjzvg(3),;25026.2,25702,25702,25026.2,0,0,0,0,1461.143738831256
506fjzvg(3),|||506fjzvg(3),;25026.2,25702,25702,25026.2,0,0,0,0,1466.143738831256
506fjzvg(3),|||506fjzvg(3),;25026.2,25702,25702,25026.2,0,0,0,0,1471.143738831256
506fjzvg(3),|||506fjzvg(3),;25026.2,25702,25702,25026.2,0,0,0,0,1476.143738831256
506fjzvg(3),|||506fjzvg(3),;25026.2,25702,25702,25026.2,0,0,0,0,1481.143738831256
506fjzvg(3),|||506fjzvg(3),;25026.2,25702,25702,25026.2,0,0,0,0,1486.143738831256
|||;25702,25702,25702,25702,0,0,0,0,1491.143738831256
|||;25702,25702,25702,25702,0,0,0,0,1496.143738831256
|||;25702,25702,25702,25702,0,0,0,0,1501.143738831256
|||;25702,25702,25702,25702,0,0,0,0,1506.143738831256
|||;25702,25702,25702,25702,0,0,0,0,1511.143738831256
|||;25702,25702,25702,25702,0,0,0,0,1516.143738831256
|||;25702,25702,25702,25702,0,0,0,0,1521.143738831256
|||;25702,25702,25702,25702,0,0,0,0,1526.143738831256
|||;25702,25702,25702,25702,0,0,0,0,1531.143738831256
|||;25702,25702,25702,25702,0,0,0,0,1536.143738831256
|||;25702,25702,25702,25702,0,0,0,0,1541.143738831256
|||;25702,25702,25702,25702,0,0,0,0,1546.143738831256
|||;25702,25702,25702,25702,0,0,0,0,1551.143738831256
|||;25702,25702,25702,25702,0,0,0,0,1556.143738831256
|||;25702,25702,25702,25702,0,0,0,0,1561.143738831256
|||;25702,25702,25702,25702,0,0,0,0,1566.143738831256
|||;25702,25702,25702,25702,0,0,0,0,1571.143738831256
123bpjum(2),|123bpjum(2),|123bpjum(2),|;23075.4,23951,22199.9,25702,13.219976652353,8.623314252353,17.816639052353,0,1576.143738831256
123bpjum(2),|123bpjum(2),|123bpjum(2),|;23075.4,23951,22199.9,25702,8.219976652353,3.623314252353,12.816639052353,0,1581.143738831256
123bpjum(2),|123bpjum(3),|123bpjum(2),|;23075.4,23951,22199.9,25702,3.219976652353,0,7.816639052353,0,1586.143738831256
123bpjum(3),|123bpjum(3),|123bpjum(2),|;23075.4,23951,22199.9,25702,0,0,2.816639052353,0,1591.143738831256
123bpjum(3),815lfeqv(2),|123bpjum(3),|123bpjum(3),|815lfeqv(2),;22522.4,23951,22199.9,25149,2.670338662729,0,0,2.670338662729,1596.143738831256
123bpjum(3),|123bpjum(3),|123bpjum(3),|;23075.4,23951,22199.9,25702,0,0,0,0,1601.143738831256
123bpjum(3),|123bpjum(3),|123bpjum(3),|;23075.4,23951,22199.9,25702,0,0,0,0,1606.143738831256
123bpjum(3),|123bpjum(3),|123bpjum(3),|;23075.4,23951,22199.9,25702,0,0,0,0,1611.143738831256
123bpjum(3),|123bpjum(3),|123bpjum(3),|;23075.4,23951,22199.9,25702,0,0,0,0,1616.143738831256
123bpjum(3),|123bpjum(3),|123bpjum(3),|;23075.4,23951,22199.9,25702,0,0,0,0,1621.143738831256
123bpjum(3),|123bpjum(3),|123bpjum(3),|;23075.4,23951,22199.9,25702,0,0,0,0,1626.143738831256
123bpjum(3),|123bpjum(3),|123bpjum(3),|;23075.4,23951,22199.9,25702,0,0,0,0,1631.143738831256
123bpjum(3),|123bpjum(3),|123bpjum(3),|;23075.4,23951,22199.9,25702,0,0,0,0,1636.143738831256
123bpjum(3),|123bpjum(3),|123bpjum(3),|;23075.4,23951,22199.9,25702,0,0,0,0,1641.143738831256
123bpjum(3),|123bpjum(3),|123bpjum(3),|;23075.4,23951,22199.9,25702,0,0,0,0,1646.143738831256
123bpjum(3),|123bpjum(3),|123bpjum(3),|;23075.4,23951,22199.9,25702,0,0,0,0,1651.143738831256
123bpjum(3),|123bpjum(3),|123bpjum(3),|;23075.4,23951,22199.9,25702,0,0,0,0,1656.143738831256
123bpjum(3),|123bpjum(3),|123bpjum(3),|;23075.4,23951,22199.9,25702,0,0,0,0,1661.143738831256
123bpjum(3),|123bpjum(3),|123bpjum(3),|;23075.4,23951,22199.9,25702,0,0,0,0,1666.143738831256
123bpjum(3),|123bpjum(3),|123bpjum(3),|;23075.4,23951,22199.9,25702,0,0,0,0,1671.143738831256
123bpjum(3),|123bpjum(3),|123bpjum(3),|;23075.4,23951,22199.9,25702,0,0,0,0,1676.143738831256
123bpjum(3),|123bpjum(3),|123bpjum(3),|;23075.4,23951,22199.9,25702,0,0,0,0,1681.143738831256
123bpjum(3),|123bpjum(3),|123bpjum(3),|;23075.4,23951,22199.9,25702,0,0,0,0,1686.143738831256
123bpjum(3),|123bpjum(3),|123bpjum(3),|;23075.4,23951,22199.9,25702,0,0,0,0,1691.143738831256
123bpjum(3),|123bpjum(3),|123bpjum(3),|;23075.4,23951,22199.9,25702,0,0,0,0,1696.143738831256
123bpjum(3),|123bpjum(3),|123bpjum(3),|;23075.4,23951,22199.9,25702,0,0,0,0,1701.143738831256
123bpjum(3),|123bpjum(3),|123bpjum(3),|;23075.4,23951,22199.9,25702,0,0,0,0,1706.143738831256
123bpjum(3),|123bpjum(3),|123bpjum(3),|;23075.4,23951,22199.9,25702,0,0,0,0,1711.143738831256
123bpjum(3),|123bpjum(3),|123bpjum(3),|;23075.4,23951,22199.9,25702,0,0,0,0,1716.143738831256
123bpjum(3),|123bpjum(3),|123bpjum(3),|;23075.4,23951,22199.9,25702,0,0,0,0,1721.143738831256
123bpjum(3),|123bpjum(3),|123bpjum(3),|555igptn(0),;23075.4,23951,22199.9,24826.5,0,0,0,6.832748936874,1726.143738831256
123bpjum(3),|123bpjum(3),|123bpjum(3),|555igptn(2),;23075.4,23951,22199.9,24826.5,0,0,0,1.832748936874,1731.143738831256
123bpjum(3),|123bpjum(3),|123bpjum(3),|555igptn(3),;23075.4,23951,22199.9,24826.5,0,0,0,0,1736.143738831256
123bpjum(3),|123bpjum(3),|123bpjum(3),|555igptn(3),;23075.4,23951,22199.9,24826.5,0,0,0,0,1741.143738831256
123bpjum(3),|123bpjum(3),|123bpjum(3),|555igptn(3),;23075.4,23951,22199.9,24826.5,0,0,0,0,1746.143738831256
123bpjum(3),|123bpjum(3),|123bpjum(3),|555igptn(3),;23075.4,23951,22199.9,24826.5,0,0,0,0,1751.143738831256
123bpjum(3),|123bpjum(3),|123bpjum(3),|555igptn(3),;23075.4,23951,22199.9,24826.5,0,0,0,0,1756.143738831256
123bpjum(3),|123bpjum(3),|123bpjum(3),|555igptn(3),;23075.4,23951,22199.9,24826.5,0,0,0,0,1761.143738831256
123bpjum(3),|123bpjum(3),|123bpjum(3),|555igptn(3),;23075.4,23951,22199.9,24826.5,0,0,0,0,1766.143738831256
123bpjum(3),|123bpjum(3),|123bpjum(3),|555igptn(3),;23075.4,23951,22199.9,24826.5,0,0,0,0,1771.143738831256
123bpjum(3),|123bpjum(3),|123bpjum(3),|555igptn(3),;23075.4,23951,22199.9,24826.5,0,0,0,0,1776.143738831256
123bpjum(3),|123bpjum(3),|123bpjum(3),|555igptn(3),;23075.4,23951,22199.9,24826.5,0,0,0,0,1781.143738831256
123bpjum(3),|123bpjum(3),|123bpjum(3),|555igptn(3),;23075.4,23951,22199.9,24826.5,0,0,0,0,1786.143738831256
123bpjum(3),|123bpjum(3),|123bpjum(3),|555igptn(3),;23075.4,23951,22199.9,24826.5,0,0,0,0,1791.143738831256
123bpjum(3),|123bpjum(3),|123bpjum(3),|555igptn(3),;23075.4,23951,22199.9,24826.5,0,0,0,0,1796.143738831256
123bpjum(3),|123bpjum(3),|123bpjum(3),|555igptn(3),;23075.4,23951,22199.9,24826.5,0,0,0,0,1801.143738831256
123bpjum(3),|123bpjum(3),|123bpjum(3),|555igptn(3),;23075.4,23951,22199.9,24826.5,0,0,0,0,1806.143738831256
123bpjum(3),|123bpjum(3),|123bpjum(3),|555igptn(3),;23075.4,23951,22199.9,24826.5,0,0,0,0,1811.143738831256
123bpjum(3),|123bpjum(3),|123bpjum(3),|;23075.4,23951,22199.9,25702,0,0,0,0,1816.143738831256
123bpjum(3),|123bpjum(3),|123bpjum(3),|;23075.4,23951,22199.9,25702,0,0,0,0,1821.143738831256
123bpjum(3),|123bpjum(3),|123bpjum(3),|;23075.4,23951,22199.9,25702,0,0,0,0,1826.143738831256
123bpjum(3),|123bpjum(3),|123bpjum(3),|;23075.4,23951,22199.9,25702,0,0,0,0,1831.143738831256
123bpjum(3),|123bpjum(3),|123bpjum(3),|;23075.4,23951,22199.9,25702,0,0,0,0,1836.143738831256
123bpjum(3),|123bpjum(3),|123bpjum(3),|;23075.4,23951,22199.9,25702,0,0,0,0,1841.143738831256
123bpjum(3),|123bpjum(3),|123bpjum(3),|;23075.4,23951,22199.9,25702,0,0,0,0,1846.143738831256
123bpjum(3),|123bpjum(3),|123bpjum(3),|;23075.4,23951,22199.9,25702,0,0,0,0,1851.143738831256
123bpjum(3),|123bpjum(3),|123bpjum(3),|;23075.4,23951,22199.9,25702,0,0,0,0,1856.143738831256
123bpjum(3),|123bpjum(3),|123bpjum(3),|;23075.4,23951,22199.9,25702,0,0,0,0,1861.143738831256
123bpjum(3),|123bpjum(3),|123bpjum(3),|;23075.4,23951,22199.9,25702,0,0,0,0,1866.143738831256
123bpjum(3),|123bpjum(3),|123bpjum(3),|;23075.4,23951,22199.9,25702,0,0,0,0,1871.143738831256
123bpjum(3),|123bpjum(3),|123bpjum(3),|;23075.4,23951,22199.9,25702,0,0,0,0,1876.143738831256
123bpjum(3),|123bpjum(3),|123bpjum(3),|;23075.4,23951,22199.9,25702,0,0,0,0,1881.143738831256
123bpjum(3),|123bpjum(3),|123bpjum(3),|;23075.4,23951,22199.9,25702,0,0,0,0,1886.143738831256
123bpjum(3),|123bpjum(3),|123bpjum(3),|;23075.4,23951,22199.9,25702,0,0,0,0,1891.143738831256
123bpjum(3),|123bpjum(3),|123bpjum(3),|;23075.4,23951,22199.9,25702,0,0,0,0,1896.143738831256
123bpjum(3),|123bpjum(3),|123bpjum(3),|;23075.4,23951,22199.9,25702,0,0,0,0,1901.143738831256
123bpjum(3),|123bpjum(3),|123bpjum(3),|;23075.4,23951,22199.9,25702,0,0,0,0,1906.143738831256
123bpjum(3),|123bpjum(3),|123bpjum(3),|;23075.4,23951,22199.9,25702,0,0,0,0,1911.143738831256
123bpjum(3),|123bpjum(3),|123bpjum(3),|;23075.4,23951,22199.9,25702,0,0,0,0,1916.143738831256
123bpjum(3),|123bpjum(3),|123bpjum(3),|;23075.4,23951,22199.9,25702,0,0,0,0,1921.143738831256
123bpjum(3),|123bpjum(3),|123bpjum(3),|;23075.4,23951,22199.9,25702,0,0,0,0,1926.143738831256
123bpjum(3),|123bpjum(3),|123bpjum(3),|;23075.4,23951,22199.9,25702,0,0,0,0,1931.143738831256
123bpjum(3),|123bpjum(3),|123bpjum(3),|;23075.4,23951,22199.9,25702,0,0,0,0,1936.143738831256
123bpjum(3),|123bpjum(3),|123bpjum(3),|;23075.4,23951,22199.9,25702,0,0,0,0,1941.143738831256
123bpjum(3),|123bpjum(3),|123bpjum(3),|;23075.4,23951,22199.9,25702,0,0,0,0,1946.143738831256
123bpjum(3),|123bpjum(3),|123bpjum(3),|;23075.4,23951,22199.9,25702,0,0,0,0,1951.143738831256
123bpjum(3),|123bpjum(3),|123bpjum(3),|;23075.4,23951,22199.9,25702,0,0,0,0,1956.143738831256
123bpjum(3),|123bpjum(3),|123bpjum(3),|;23075.4,23951,22199.9,25702,0,0,0,0,1961.143738831256
123bpjum(3),|123bpjum(3),|123bpjum(3),|;23075.4,23951,22199.9,25702,0,0,0,0,1966.143738831256
123bpjum(3),|123bpjum(3),|123bpjum(3),|;23075.4,23951,22199.9,25702,0,0,0,0,1971.143738831256
123bpjum(3),|123bpjum(3),|123bpjum(3),|;23075.4,23951,22199.9,25702,0,0,0,0,1976.143738831256
123bpjum(3),|123bpjum(3),|123bpjum(3),|;23075.4,23951,22199.9,25702,0,0,0,0,1981.143738831256
123bpjum(3),|123bpjum(3),|123bpjum(3),|;23075.4,23951,22199.9,25702,0,0,0,0,1986.143738831256
123bpjum(3),|123bpjum(3),|123bpjum(3),|;23075.4,23951,22199.9,25702,0,0,0,0,1991.143738831256
123bpjum(3),|123bpjum(3),|123bpjum(3),|;23075.4,23951,22199.9,25702,0,0,0,0,1996.143738831256
