|||;20582,20582,20582,20582,0,0,0,0,1.170817646561
|||;20582,20582,20582,20582,0,0,0,0,6.170817646561
|||;20582,20582,20582,20582,0,0,0,0,11.170817646561
|||;20582,20582,20582,20582,0,0,0,0,16.170817646561
|||;20582,20582,20582,20582,0,0,0,0,21.170817646561
|||;20582,20582,20582,20582,0,0,0,0,26.170817646561
|||;20582,20582,20582,20582,0,0,0,0,31.170817646561
|||;20582,20582,20582,20582,0,0,0,0,36.170817646561
|||;20582,20582,20582,20582,0,0,0,0,41.170817646561
|||;20582,20582,20582,20582,0,0,0,0,46.170817646561
|||;20582,20582,20582,20582,0,0,0,0,51.170817646561
|||;20582,20582,20582,20582,0,0,0,0,56.170817646561
|||;20582,20582,20582,20582,0,0,0,0,61.170817646561
|||;20582,20582,20582,20582,0,0,0,0,66.170817646561
|||;20582,20582,20582,20582,0,0,0,0,71.170817646561
|||;20582,20582,20582,20582,0,0,0,0,76.170817646561
|||;20582,20582,20582,20582,0,0,0,0,81.170817646561
|||;20582,20582,20582,20582,0,0,0,0,86.170817646561
|||;20582,20582,20582,20582,0,0,0,0,91.170817646561
|||;20582,20582,20582,20582,0,0,0,0,96.170817646561
|||;20582,20582,20582,20582,0,0,0,0,101.170817646561
|||;20582,20582,20582,20582,0,0,0,0,106.170817646561
|||;20582,20582,20582,20582,0,0,0,0,111.170817646561
|||;20582,20582,20582,20582,0,0,0,0,116.170817646561
|||;20582,20582,20582,20582,0,0,0,0,121.170817646561
|||;20582,20582,20582,20582,0,0,0,0,126.170817646561
|||;20582,20582,20582,20582,0,0,0,0,131.170817646561
|||;20582,20582,20582,20582,0,0,0,0,136.170817646561
|||;20582,20582,20582,20582,0,0,0,0,141.170817646561
|749yvtdf(2),||;20582,17837.7,20582,20582,0,14.492577668032,0,0,146.170817646561
|749yvtdf(2),||;20582,17837.7,20582,20582,0,9.492577668032,0,0,151.170817646561
|749yvtdf(2),||;20582,17837.7,20582,20582,0,4.492577668032,0,0,156.170817646561
|749yvtdf(3),||;20582,17837.7,20582,20582,0,0,0,0,161.170817646561
|749yvtdf(3),||;20582,17837.7,20582,20582,0,0,0,0,166.170817646561
|749yvtdf(3),||;20582,17837.7,20582,20582,0,0,0,0,171.170817646561
547poghs(0),|749yvtdf(3),||547poghs(0),;16127.6,17837.7,20582,16127.6,27.658837057291,0,0,27.658837057291,176.170817646561
547poghs(2),|749yvtdf(3),||547poghs(2),;16127.6,17837.7,20582,16127.6,22.658837057291,0,0,22.658837057291,181.170817646561
547poghs(2),|749yvtdf(3),||547poghs(2),;16127.6,17837.7,20582,16127.6,17.658837057291,0,0,17.658837057291,186.170817646561
547poghs(2),|749yvtdf(3),||547poghs(2),;16127.6,17837.7,20582,16127.6,12.658837057291,0,0,12.658837057291,191.170817646561
547poghs(2),|749yvtdf(3),||547poghs(2),;16127.6,17837.7,20582,16127.6,7.658837057291,0,0,7.658837057291,196.170817646561
547poghs(2),|749yvtdf(3),||547poghs(2),;16127.6,17837.7,20582,16127.6,2.658837057291,0,0,2.658837057291,201.170817646561
547poghs(3),|749yvtdf(3),||547poghs(3),;16127.6,17837.7,20582,16127.6,0,0,0,0,206.170817646561
547poghs(3),|749yvtdf(3),||547poghs(3),;16127.6,17837.7,20582,16127.6,0,0,0,0,211.170817646561
547poghs(3),|749yvtdf(3),||547poghs(3),;16127.6,17837.7,20582,16127.6,0,0,0,0,216.170817646561
547poghs(3),|749yvtdf(3),||547poghs(3),;16127.6,17837.7,20582,16127.6,0,0,0,0,221.170817646561
547poghs(3),|749yvtdf(3),||547poghs(3),;16127.6,17837.7,20582,16127.6,0,0,0,0,226.170817646561
547poghs(3),424oednw(0),|749yvtdf(3),424oednw(0),|215lhtum(0),424oednw(0),|547poghs(3),215lhtum(0),424oednw(0),;12850.8,14560.9,18846.3,14391.9,19.465130637589,19.465130637589,16.284307138444,16.284307138444,231.170817646561
547poghs(3),424oednw(2),|749yvtdf(3),424oednw(2),|215lhtum(2),424oednw(1),|547poghs(3),215lhtum(2),424oednw(1),;12850.8,14560.9,18846.3,14391.9,14.465130637589,14.465130637589,11.284307138444,11.284307138444,236.170817646561
547poghs(3),424oednw(2),|749yvtdf(3),424oednw(2),|424oednw(2),|547poghs(3),424oednw(2),;12850.8,14560.9,19762.8,15308.4,9.465130637589,9.465130637589,6.284307138444,6.284307138444,241.170817646561
547poghs(3),424oednw(2),|749yvtdf(3),424oednw(2),||547poghs(3),;12850.8,14560.9,20582,16127.6,4.465130637589,4.465130637589,1.284307138444,1.284307138444,246.170817646561
547poghs(3),|749yvtdf(3),||547poghs(3),;16127.6,17837.7,20582,16127.6,0,0,0,0,251.170817646561
547poghs(3),|749yvtdf(3),||547poghs(3),;16127.6,17837.7,20582,16127.6,0,0,0,0,256.170817646561
547poghs(3),|749yvtdf(3),||547poghs(3),;16127.6,17837.7,20582,16127.6,0,0,0,0,261.170817646561
547poghs(3),|749yvtdf(3),||547poghs(3),;16127.6,17837.7,20582,16127.6,0,0,0,0,266.170817646561
547poghs(3),|749yvtdf(3),||547poghs(3),;16127.6,17837.7,20582,16127.6,0,0,0,0,271.170817646561
547poghs(3),|749yvtdf(3),||547poghs(3),;16127.6,17837.7,20582,16127.6,0,0,0,0,276.170817646561
547poghs(3),|749yvtdf(3),||547poghs(3),;16127.6,17837.7,20582,16127.6,0,0,0,0,281.170817646561
547poghs(3),|749yvtdf(3),||547poghs(3),;16127.6,17837.7,20582,16127.6,0,0,0,0,286.170817646561
547poghs(3),|749yvtdf(3),||547poghs(3),;16127.6,17837.7,20582,16127.6,0,0,0,0,291.170817646561
547poghs(3),|749yvtdf(3),||547poghs(3),;16127.6,17837.7,20582,16127.6,0,0,0,0,296.170817646561
547poghs(3),|749yvtdf(3),||547poghs(3),;16127.6,17837.7,20582,16127.6,0,0,0,0,301.170817646561
547poghs(3),|749yvtdf(3),||547poghs(3),;16127.6,17837.7,20582,16127.6,0,0,0,0,306.170817646561
547poghs(3),|749yvtdf(3),||547poghs(3),;16127.6,17837.7,20582,16127.6,0,0,0,0,311.170817646561
547poghs(3),|749yvtdf(3),||547poghs(3),;16127.6,17837.7,20582,16127.6,0,0,0,0,316.170817646561
547poghs(3),|749yvtdf(3),||547poghs(3),;16127.6,17837.7,20582,16127.6,0,0,0,0,321.170817646561
547poghs(3),|749yvtdf(3),||547poghs(3),;16127.6,17837.7,20582,16127.6,0,0,0,0,326.170817646561
547poghs(3),|749yvtdf(3),||547poghs(3),;16127.6,17837.7,20582,16127.6,0,0,0,0,331.170817646561
547poghs(3),|749yvtdf(3),||547poghs(3),;16127.6,17837.7,20582,16127.6,0,0,0,0,336.170817646561
547poghs(3),|749yvtdf(3),||547poghs(3),;16127.6,17837.7,20582,16127.6,0,0,0,0,341.170817646561
547poghs(3),|749yvtdf(3),||547poghs(3),;16127.6,17837.7,20582,16127.6,0,0,0,0,346.170817646561
547poghs(3),519nxilv(0),|749yvtdf(3),519nxilv(0),|519nxilv(0),|547poghs(3),519nxilv(0),;14499.4,16209.5,18139.8,13685.4,10.746998802091,10.746998802091,14.994733426294,14.994733426294,351.170817646561
547poghs(3),519nxilv(2),|749yvtdf(3),519nxilv(2),|519nxilv(2),|547poghs(3),519nxilv(2),;14499.4,16209.5,18139.8,13685.4,5.746998802091,5.746998802091,9.994733426294,9.994733426294,356.170817646561
547poghs(3),519nxilv(2),|749yvtdf(3),519nxilv(2),|519nxilv(2),|547poghs(3),519nxilv(2),;14499.4,16209.5,18139.8,13685.4,0.746998802091,0.746998802091,4.994733426294,4.994733426294,361.170817646561
547poghs(3),|749yvtdf(3),||547poghs(3),;16127.6,17837.7,20582,16127.6,0,0,0,0,366.170817646561
547poghs(3),|749yvtdf(3),||547poghs(3),;16127.6,17837.7,20582,16127.6,0,0,0,0,371.170817646561
547poghs(3),|749yvtdf(3),||547poghs(3),;16127.6,17837.7,20582,16127.6,0,0,0,0,376.170817646561
547poghs(3),|749yvtdf(3),||547poghs(3),;16127.6,17837.7,20582,16127.6,0,0,0,0,381.170817646561
547poghs(3),|||547poghs(3),;16127.6,20582,20582,16127.6,0,0,0,0,386.170817646561
547poghs(3),|||547poghs(3),;16127.6,20582,20582,16127.6,0,0,0,0,391.170817646561
547poghs(3),|||547poghs(3),;16127.6,20582,20582,16127.6,0,0,0,0,396.170817646561
547poghs(3),|||547poghs(3),;16127.6,20582,20582,16127.6,0,0,0,0,401.170817646561
547poghs(3),|||547poghs(3),;16127.6,20582,20582,16127.6,0,0,0,0,406.170817646561
547poghs(3),|||547poghs(3),;16127.6,20582,20582,16127.6,0,0,0,0,411.170817646561
547poghs(3),|||547poghs(3),;16127.6,20582,20582,16127.6,0,0,0,0,416.170817646561
547poghs(3),|||547poghs(3),;16127.6,20582,20582,16127.6,0,0,0,0,421.170817646561
547poghs(3),|||547poghs(3),;16127.6,20582,20582,16127.6,0,0,0,0,426.170817646561
547poghs(3),|||547poghs(3),;16127.6,20582,20582,16127.6,0,0,0,0,431.170817646561
547poghs(3),|||547poghs(3),;16127.6,20582,20582,16127.6,0,0,0,0,436.170817646561
547poghs(3),|||547poghs(3),;16127.6,20582,20582,16127.6,0,0,0,0,441.170817646561
547poghs(3),|||547poghs(3),;16127.6,20582,20582,16127.6,0,0,0,0,446.170817646561
547poghs(3),|||547poghs(3),;16127.6,20582,20582,16127.6,0,0,0,0,451.170817646561
547poghs(3),|||547poghs(3),;16127.6,20582,20582,16127.6,0,0,0,0,456.170817646561
547poghs(3),487cspfe(0),|487cspfe(0),|487cspfe(0),|547poghs(3),487cspfe(0),;15339.1,17428.1,19793.5,12973.7,7.254136949043,19.904611140126,7.254136949043,19.904611140126,461.170817646561
547poghs(3),487cspfe(2),|487cspfe(2),|487cspfe(2),|547poghs(3),487cspfe(2),;15339.1,17428.1,19793.5,12973.7,2.254136949043,14.904611140126,2.254136949043,14.904611140126,466.170817646561
547poghs(3),|487cspfe(2),||547poghs(3),487cspfe(2),;16127.6,17428.1,20582,12973.7,0,9.904611140126,0,9.904611140126,471.170817646561
547poghs(3),|487cspfe(2),||547poghs(3),487cspfe(2),;16127.6,17428.1,20582,12973.7,0,4.904611140126,0,4.904611140126,476.170817646561
547poghs(3),|487cspfe(3),||547poghs(3),487cspfe(3),;16127.6,17428.1,20582,12973.7,0,0,0,0,481.170817646561
547poghs(3),|487cspfe(3),||547poghs(3),487cspfe(3),;16127.6,17428.1,20582,12973.7,0,0,0,0,486.170817646561
547poghs(3),|487cspfe(3),||547poghs(3),487cspfe(3),;16127.6,17428.1,20582,12973.7,0,0,0,0,491.170817646561
547poghs(3),749wclgx(2),|487cspfe(3),749wclgx(2),|749wclgx(2),|547poghs(3),487cspfe(3),749wclgx(2),;14806.6,16107.1,18600.6,10992.3,5.621165251695,5.621165251695,9.067440512841,9.067440512841,496.170817646561
547poghs(3),749wclgx(2),|487cspfe(3),749wclgx(2),|749wclgx(2),|547poghs(3),487cspfe(3),749wclgx(2),;14806.6,16107.1,18600.6,10992.3,0.621165251695,0.621165251695,4.067440512841,4.067440512841,501.170817646561
547pvcja(0),|487cspfe(3),547pvcja(0),|547pvcja(0),|487cspfe(3),547pvcja(0),;18569.8,15415.9,19240.6,16086.7,13.110050043966,13.110050043966,10.645498984685,10.645498984685,506.170817646561
547pvcja(2),|487cspfe(3),547pvcja(2),|547pvcja(2),|487cspfe(3),547pvcja(2),;18569.8,15415.9,19240.6,16086.7,8.110050043966,8.110050043966,5.645498984685,5.645498984685,511.170817646561
547pvcja(2),|487cspfe(3),547pvcja(2),||487cspfe(3),;18569.8,15415.9,20582,17428.1,3.110050043966,3.110050043966,0.645498984685,0.645498984685,516.170817646561
|487cspfe(3),||487cspfe(3),;20582,17428.1,20582,17428.1,0,0,0,0,521.170817646561
|487cspfe(3),||487cspfe(3),;20582,17428.1,20582,17428.1,0,0,0,0,526.170817646561
|487cspfe(3),||487cspfe(3),;20582,17428.1,20582,17428.1,0,0,0,0,531.170817646561
|487cspfe(3),||487cspfe(3),;20582,17428.1,20582,17428.1,0,0,0,0,536.170817646561
|487cspfe(3),||487cspfe(3),;20582,17428.1,20582,17428.1,0,0,0,0,541.170817646561
|487cspfe(3),||487cspfe(3),;20582,17428.1,20582,17428.1,0,0,0,0,546.170817646561
|487cspfe(3),||487cspfe(3),;20582,17428.1,20582,17428.1,0,0,0,0,551.170817646561
|487cspfe(3),||487cspfe(3),;20582,17428.1,20582,17428.1,0,0,0,0,556.170817646561
|487cspfe(3),||487cspfe(3),;20582,17428.1,20582,17428.1,0,0,0,0,561.170817646561
|487cspfe(3),||487cspfe(3),;20582,17428.1,20582,17428.1,0,0,0,0,566.170817646561
|487cspfe(3),||487cspfe(3),;20582,17428.1,20582,17428.1,0,0,0,0,571.170817646561
|487cspfe(3),||487cspfe(3),;20582,17428.1,20582,17428.1,0,0,0,0,576.170817646561
|487cspfe(3),||487cspfe(3),;20582,17428.1,20582,17428.1,0,0,0,0,581.170817646561
|487cspfe(3),||487cspfe(3),;20582,17428.1,20582,17428.1,0,0,0,0,586.170817646561
|487cspfe(3),||487cspfe(3),;20582,17428.1,20582,17428.1,0,0,0,0,591.170817646561
|487cspfe(3),||487cspfe(3),;20582,17428.1,20582,17428.1,0,0,0,0,596.170817646561
|487cspfe(3),||487cspfe(3),;20582,17428.1,20582,17428.1,0,0,0,0,601.170817646561
|487cspfe(3),||487cspfe(3),;20582,17428.1,20582,17428.1,0,0,0,0,606.170817646561
|487cspfe(3),||487cspfe(3),;20582,17428.1,20582,17428.1,0,0,0,0,611.170817646561
|487cspfe(3),||487cspfe(3),;20582,17428.1,20582,17428.1,0,0,0,0,616.170817646561
|487cspfe(3),||487cspfe(3),;20582,17428.1,20582,17428.1,0,0,0,0,621.170817646561
|487cspfe(3),||487cspfe(3),;20582,17428.1,20582,17428.1,0,0,0,0,626.170817646561
|487cspfe(3),||487cspfe(3),;20582,17428.1,20582,17428.1,0,0,0,0,631.170817646561
|487cspfe(3),||487cspfe(3),;20582,17428.1,20582,17428.1,0,0,0,0,636.170817646561
|487cspfe(3),||487cspfe(3),;20582,17428.1,20582,17428.1,0,0,0,0,641.170817646561
|487cspfe(3),||487cspfe(3),;20582,17428.1,20582,17428.1,0,0,0,0,646.170817646561
|487cspfe(3),||487cspfe(3),;20582,17428.1,20582,17428.1,0,0,0,0,651.170817646561
|487cspfe(3),||487cspfe(3),;20582,17428.1,20582,17428.1,0,0,0,0,656.170817646561
|487cspfe(3),||487cspfe(3),;20582,17428.1,20582,17428.1,0,0,0,0,661.170817646561
|487cspfe(3),||487cspfe(3),;20582,17428.1,20582,17428.1,0,0,0,0,666.170817646561
|487cspfe(3),||487cspfe(3),;20582,17428.1,20582,17428.1,0,0,0,0,671.170817646561
|487cspfe(3),||487cspfe(3),;20582,17428.1,20582,17428.1,0,0,0,0,676.170817646561
|487cspfe(3),||487cspfe(3),;20582,17428.1,20582,17428.1,0,0,0,0,681.170817646561
|487cspfe(3),||487cspfe(3),;20582,17428.1,20582,17428.1,0,0,0,0,686.170817646561
|487cspfe(3),||487cspfe(3),;20582,17428.1,20582,17428.1,0,0,0,0,691.170817646561
|487cspfe(3),||487cspfe(3),;20582,17428.1,20582,17428.1,0,0,0,0,696.170817646561
|487cspfe(3),||487cspfe(3),;20582,17428.1,20582,17428.1,0,0,0,0,701.170817646561
|487cspfe(3),||487cspfe(3),;20582,17428.1,20582,17428.1,0,0,0,0,706.170817646561
|487cspfe(3),||487cspfe(3),;20582,17428.1,20582,17428.1,0,0,0,0,711.170817646561
|487cspfe(3),||487cspfe(3),;20582,17428.1,20582,17428.1,0,0,0,0,716.170817646561
|487cspfe(3),||487cspfe(3),;20582,17428.1,20582,17428.1,0,0,0,0,721.170817646561
|487cspfe(3),||487cspfe(3),;20582,17428.1,20582,17428.1,0,0,0,0,726.170817646561
|487cspfe(3),||487cspfe(3),;20582,17428.1,20582,17428.1,0,0,0,0,731.170817646561
|487cspfe(3),||487cspfe(3),;20582,17428.1,20582,17428.1,0,0,0,0,736.170817646561
|487cspfe(3),||487cspfe(3),;20582,17428.1,20582,17428.1,0,0,0,0,741.170817646561
|||;20582,20582,20582,20582,0,0,0,0,746.170817646561
|||;20582,20582,20582,20582,0,0,0,0,751.170817646561
|||;20582,20582,20582,20582,0,0,0,0,756.170817646561
|||;20582,20582,20582,20582,0,0,0,0,761.170817646561
|||;20582,20582,20582,20582,0,0,0,0,766.170817646561
|||;20582,20582,20582,20582,0,0,0,0,771.170817646561
|||;20582,20582,20582,20582,0,0,0,0,776.170817646561
|||;20582,20582,20582,20582,0,0,0,0,781.170817646561
|||;20582,20582,20582,20582,0,0,0,0,786.170817646561
|||;20582,20582,20582,20582,0,0,0,0,791.170817646561
|||;20582,20582,20582,20582,0,0,0,0,796.170817646561
|||;20582,20582,20582,20582,0,0,0,0,801.170817646561
|||;20582,20582,20582,20582,0,0,0,0,806.170817646561
|||;20582,20582,20582,20582,0,0,0,0,811.170817646561
|||;20582,20582,20582,20582,0,0,0,0,816.170817646561
|||;20582,20582,20582,20582,0,0,0,0,821.170817646561
|||;20582,20582,20582,20582,0,0,0,0,826.170817646561
|||;20582,20582,20582,20582,0,0,0,0,831.170817646561
|||;20582,20582,20582,20582,0,0,0,0,836.170817646561
|||;20582,20582,20582,20582,0,0,0,0,841.170817646561
|||;20582,20582,20582,20582,0,0,0,0,846.170817646561
|||;20582,20582,20582,20582,0,0,0,0,851.170817646561
|||;20582,20582,20582,20582,0,0,0,0,856.170817646561
|||;20582,20582,20582,20582,0,0,0,0,861.170817646561
|||;20582,20582,20582,20582,0,0,0,0,866.170817646561
|||;20582,20582,20582,20582,0,0,0,0,871.170817646561
|||;20582,20582,20582,20582,0,0,0,0,876.170817646561
|||;20582,20582,20582,20582,0,0,0,0,881.170817646561
|||;20582,20582,20582,20582,0,0,0,0,886.170817646561
|||;20582,20582,20582,20582,0,0,0,0,891.170817646561
|||;20582,20582,20582,20582,0,0,0,0,896.170817646561
|||;20582,20582,20582,20582,0,0,0,0,901.170817646561
|||;20582,20582,20582,20582,0,0,0,0,906.170817646561
|||;20582,20582,20582,20582,0,0,0,0,911.170817646561
|||;20582,20582,20582,20582,0,0,0,0,916.170817646561
|||;20582,20582,20582,20582,0,0,0,0,921.170817646561
|||;20582,20582,20582,20582,0,0,0,0,926.170817646561
|||;20582,20582,20582,20582,0,0,0,0,931.170817646561
|||;20582,20582,20582,20582,0,0,0,0,936.170817646561
|||;20582,20582,20582,20582,0,0,0,0,941.170817646561
|||;20582,20582,20582,20582,0,0,0,0,946.170817646561
|||;20582,20582,20582,20582,0,0,0,0,951.170817646561
|||;20582,20582,20582,20582,0,0,0,0,956.170817646561
|||;20582,20582,20582,20582,0,0,0,0,961.170817646561
|||;20582,20582,20582,20582,0,0,0,0,966.170817646561
|||;20582,20582,20582,20582,0,0,0,0,971.170817646561
|||;20582,20582,20582,20582,0,0,0,0,976.170817646561
|||;20582,20582,20582,20582,0,0,0,0,981.170817646561
|||;20582,20582,20582,20582,0,0,0,0,986.170817646561
|||;20582,20582,20582,20582,0,0,0,0,991.170817646561
|||;20582,20582,20582,20582,0,0,0,0,996.170817646561
|||;20582,20582,20582,20582,0,0,0,0,1001.170817646561
|||;20582,20582,20582,20582,0,0,0,0,1006.170817646561
|||;20582,20582,20582,20582,0,0,0,0,1011.170817646561
|||;20582,20582,20582,20582,0,0,0,0,1016.170817646561
|||;20582,20582,20582,20582,0,0,0,0,1021.170817646561
|||;20582,20582,20582,20582,0,0,0,0,1026.170817646561
|||;20582,20582,20582,20582,0,0,0,0,1031.170817646561
|||;20582,20582,20582,20582,0,0,0,0,1036.170817646561
|||;20582,20582,20582,20582,0,0,0,0,1041.170817646561
|||;20582,20582,20582,20582,0,0,0,0,1046.170817646561
|||;20582,20582,20582,20582,0,0,0,0,1051.170817646561
|||;20582,20582,20582,20582,0,0,0,0,1056.170817646561
|||;20582,20582,20582,20582,0,0,0,0,1061.170817646561
|||;20582,20582,20582,20582,0,0,0,0,1066.170817646561
|||;20582,20582,20582,20582,0,0,0,0,1071.170817646561
|||;20582,20582,20582,20582,0,0,0,0,1076.170817646561
|||;20582,20582,20582,20582,0,0,0,0,1081.170817646561
|||;20582,20582,20582,20582,0,0,0,0,1086.170817646561
|||;20582,20582,20582,20582,0,0,0,0,1091.170817646561
|||;20582,20582,20582,20582,0,0,0,0,1096.170817646561
|||;20582,20582,20582,20582,0,0,0,0,1101.170817646561
|||;20582,20582,20582,20582,0,0,0,0,1106.170817646561
|||;20582,20582,20582,20582,0,0,0,0,1111.170817646561
|||;20582,20582,20582,20582,0,0,0,0,1116.170817646561
|||;20582,20582,20582,20582,0,0,0,0,1121.170817646561
|||;20582,20582,20582,20582,0,0,0,0,1126.170817646561
|||;20582,20582,20582,20582,0,0,0,0,1131.170817646561
|||;20582,20582,20582,20582,0,0,0,0,1136.170817646561
|||;20582,20582,20582,20582,0,0,0,0,1141.170817646561
|||;20582,20582,20582,20582,0,0,0,0,1146.170817646561
|||;20582,20582,20582,20582,0,0,0,0,1151.170817646561
|||;20582,20582,20582,20582,0,0,0,0,1156.170817646561
|||;20582,20582,20582,20582,0,0,0,0,1161.170817646561
|||;20582,20582,20582,20582,0,0,0,0,1166.170817646561
|||;20582,20582,20582,20582,0,0,0,0,1171.170817646561
|||;20582,20582,20582,20582,0,0,0,0,1176.170817646561
|||;20582,20582,20582,20582,0,0,0,0,1181.170817646561
|||;20582,20582,20582,20582,0,0,0,0,1186.170817646561
|||;20582,20582,20582,20582,0,0,0,0,1191.170817646561
|||;20582,20582,20582,20582,0,0,0,0,1196.170817646561
|||;20582,20582,20582,20582,0,0,0,0,1201.170817646561
|||;20582,20582,20582,20582,0,0,0,0,1206.170817646561
|||;20582,20582,20582,20582,0,0,0,0,1211.170817646561
|||;20582,20582,20582,20582,0,0,0,0,1216.170817646561
|||;20582,20582,20582,20582,0,0,0,0,1221.170817646561
|||;20582,20582,20582,20582,0,0,0,0,1226.170817646561
|||;20582,20582,20582,20582,0,0,0,0,1231.170817646561
|||;20582,20582,20582,20582,0,0,0,0,1236.170817646561
|||;20582,20582,20582,20582,0,0,0,0,1241.170817646561
|||;20582,20582,20582,20582,0,0,0,0,1246.170817646561
|||;20582,20582,20582,20582,0,0,0,0,1251.170817646561
|||;20582,20582,20582,20582,0,0,0,0,1256.170817646561
|||;20582,20582,20582,20582,0,0,0,0,1261.170817646561
|||;20582,20582,20582,20582,0,0,0,0,1266.170817646561
|||;20582,20582,20582,20582,0,0,0,0,1271.170817646561
|||;20582,20582,20582,20582,0,0,0,0,1276.170817646561
|||;20582,20582,20582,20582,0,0,0,0,1281.170817646561
|||;20582,20582,20582,20582,0,0,0,0,1286.170817646561
|||;20582,20582,20582,20582,0,0,0,0,1291.170817646561
|||;20582,20582,20582,20582,0,0,0,0,1296.170817646561
|||;20582,20582,20582,20582,0,0,0,0,1301.170817646561
|||;20582,20582,20582,20582,0,0,0,0,1306.170817646561
|||;20582,20582,20582,20582,0,0,0,0,1311.170817646561
|||;20582,20582,20582,20582,0,0,0,0,1316.170817646561
|||;20582,20582,20582,20582,0,0,0,0,1321.170817646561
|||;20582,20582,20582,20582,0,0,0,0,1326.170817646561
|||;20582,20582,20582,20582,0,0,0,0,1331.170817646561
|||;20582,20582,20582,20582,0,0,0,0,1336.170817646561
|||;20582,20582,20582,20582,0,0,0,0,1341.170817646561
|||;20582,20582,20582,20582,0,0,0,0,1346.170817646561
|||;20582,20582,20582,20582,0,0,0,0,1351.170817646561
|||;20582,20582,20582,20582,0,0,0,0,1356.170817646561
|||;20582,20582,20582,20582,0,0,0,0,1361.170817646561
|||;20582,20582,20582,20582,0,0,0,0,1366.170817646561
|||;20582,20582,20582,20582,0,0,0,0,1371.170817646561
|||;20582,20582,20582,20582,0,0,0,0,1376.170817646561
|||;20582,20582,20582,20582,0,0,0,0,1381.170817646561
|||;20582,20582,20582,20582,0,0,0,0,1386.170817646561
|||;20582,20582,20582,20582,0,0,0,0,1391.170817646561
|||;20582,20582,20582,20582,0,0,0,0,1396.170817646561
|||;20582,20582,20582,20582,0,0,0,0,1401.170817646561
|||;20582,20582,20582,20582,0,0,0,0,1406.170817646561
|||;20582,20582,20582,20582,0,0,0,0,1411.170817646561
|||;20582,20582,20582,20582,0,0,0,0,1416.170817646561
|||;20582,20582,20582,20582,0,0,0,0,1421.170817646561
|||;20582,20582,20582,20582,0,0,0,0,1426.170817646561
|||;20582,20582,20582,20582,0,0,0,0,1431.170817646561
|||;20582,20582,20582,20582,0,0,0,0,1436.170817646561
|||;20582,20582,20582,20582,0,0,0,0,1441.170817646561
|||;20582,20582,20582,20582,0,0,0,0,1446.170817646561
|||;20582,20582,20582,20582,0,0,0,0,1451.170817646561
|||;20582,20582,20582,20582,0,0,0,0,1456.170817646561
|||;20582,20582,20582,20582,0,0,0,0,1461.170817646561
|||;20582,20582,20582,20582,0,0,0,0,1466.170817646561
|||;20582,20582,20582,20582,0,0,0,0,1471.170817646561
|||;20582,20582,20582,20582,0,0,0,0,1476.170817646561
|||;20582,20582,20582,20582,0,0,0,0,1481.170817646561
|||;20582,20582,20582,20582,0,0,0,0,1486.170817646561
|||;20582,20582,20582,20582,0,0,0,0,1491.170817646561
|||;20582,20582,20582,20582,0,0,0,0,1496.170817646561
|||;20582,20582,20582,20582,0,0,0,0,1501.170817646561
|||;20582,20582,20582,20582,0,0,0,0,1506.170817646561
|||;20582,20582,20582,20582,0,0,0,0,1511.170817646561
|||;20582,20582,20582,20582,0,0,0,0,1516.170817646561
|||;20582,20582,20582,20582,0,0,0,0,1521.170817646561
|||;20582,20582,20582,20582,0,0,0,0,1526.170817646561
|||;20582,20582,20582,20582,0,0,0,0,1531.170817646561
|||;20582,20582,20582,20582,0,0,0,0,1536.170817646561
214rpxiw(2),|214rpxiw(2),|214rpxiw(2),|214rpxiw(2),;17725,18677.4,18677.4,17725,15.067110416279,9.974062365324,9.974062365324,15.067110416279,1541.170817646561
214rpxiw(2),|214rpxiw(2),|214rpxiw(2),|214rpxiw(2),;17725,18677.4,18677.4,17725,10.067110416279,4.974062365324,4.974062365324,10.067110416279,1546.170817646561
214rpxiw(2),|214rpxiw(3),|214rpxiw(3),|214rpxiw(2),;17725,18677.4,18677.4,17725,5.067110416279,0,0,5.067110416279,1551.170817646561
214rpxiw(3),|214rpxiw(3),|214rpxiw(3),|214rpxiw(3),;17725,18677.4,18677.4,17725,0.067110416279,0,0,0.067110416279,1556.170817646561
214rpxiw(3),|214rpxiw(3),|214rpxiw(3),|214rpxiw(3),;17725,18677.4,18677.4,17725,0,0,0,0,1561.170817646561
214rpxiw(3),946sdluc(0),|214rpxiw(3),|214rpxiw(3),|214rpxiw(3),946sdluc(0),;13961.8,18677.4,18677.4,13961.8,23.060060280514,0,0,23.060060280514,1566.170817646561
214rpxiw(3),946sdluc(2),|214rpxiw(3),|214rpxiw(3),|214rpxiw(3),946sdluc(2),;13961.8,18677.4,18677.4,13961.8,18.060060280514,0,0,18.060060280514,1571.170817646561
214rpxiw(3),946sdluc(2),|214rpxiw(3),|214rpxiw(3),|214rpxiw(3),946sdluc(2),;13961.8,18677.4,18677.4,13961.8,13.060060280514,0,0,13.060060280514,1576.170817646561
214rpxiw(3),946sdluc(2),|214rpxiw(3),|214rpxiw(3),|214rpxiw(3),946sdluc(2),;13961.8,18677.4,18677.4,13961.8,8.060060280514,0,0,8.060060280514,1581.170817646561
214rpxiw(3),946sdluc(2),|214rpxiw(3),|214rpxiw(3),|214rpxiw(3),946sdluc(2),;13961.8,18677.4,18677.4,13961.8,3.060060280514,0,0,3.060060280514,1586.170817646561
214rpxiw(3),946sdluc(3),|214rpxiw(3),|214rpxiw(3),|214rpxiw(3),946sdluc(3),;13961.8,18677.4,18677.4,13961.8,0,0,0,0,1591.170817646561
214rpxiw(3),946sdluc(3),|214rpxiw(3),|214rpxiw(3),|214rpxiw(3),946sdluc(3),;13961.8,18677.4,18677.4,13961.8,0,0,0,0,1596.170817646561
214rpxiw(3),946sdluc(3),|214rpxiw(3),|214rpxiw(3),|214rpxiw(3),946sdluc(3),;13961.8,18677.4,18677.4,13961.8,0,0,0,0,1601.170817646561
214rpxiw(3),946sdluc(3),|214rpxiw(3),|214rpxiw(3),|214rpxiw(3),946sdluc(3),;13961.8,18677.4,18677.4,13961.8,0,0,0,0,1606.170817646561
214rpxiw(3),946sdluc(3),|214rpxiw(3),|214rpxiw(3),|214rpxiw(3),946sdluc(3),;13961.8,18677.4,18677.4,13961.8,0,0,0,0,1611.170817646561
214rpxiw(3),946sdluc(3),|214rpxiw(3),|214rpxiw(3),|214rpxiw(3),946sdluc(3),;13961.8,18677.4,18677.4,13961.8,0,0,0,0,1616.170817646561
214rpxiw(3),946sdluc(3),|214rpxiw(3),|214rpxiw(3),|214rpxiw(3),946sdluc(3),;13961.8,18677.4,18677.4,13961.8,0,0,0,0,1621.170817646561
214rpxiw(3),946sdluc(3),|214rpxiw(3),|214rpxiw(3),|214rpxiw(3),946sdluc(3),;13961.8,18677.4,18677.4,13961.8,0,0,0,0,1626.170817646561
214rpxiw(3),946sdluc(3),|214rpxiw(3),|214rpxiw(3),|214rpxiw(3),946sdluc(3),;13961.8,18677.4,18677.4,13961.8,0,0,0,0,1631.170817646561
214rpxiw(3),946sdluc(3),|214rpxiw(3),|214rpxiw(3),|214rpxiw(3),946sdluc(3),;13961.8,18677.4,18677.4,13961.8,0,0,0,0,1636.170817646561
214rpxiw(3),946sdluc(3),|214rpxiw(3),|214rpxiw(3),|214rpxiw(3),946sdluc(3),;13961.8,18677.4,18677.4,13961.8,0,0,0,0,1641.170817646561
214rpxiw(3),946sdluc(3),|214rpxiw(3),|214rpxiw(3),|214rpxiw(3),946sdluc(3),;13961.8,18677.4,18677.4,13961.8,0,0,0,0,1646.170817646561
214rpxiw(3),946sdluc(3),|214rpxiw(3),|214rpxiw(3),|214rpxiw(3),946sdluc(3),;13961.8,18677.4,18677.4,13961.8,0,0,0,0,1651.170817646561
214rpxiw(3),946sdluc(3),|214rpxiw(3),|214rpxiw(3),|214rpxiw(3),946sdluc(3),;13961.8,18677.4,18677.4,13961.8,0,0,0,0,1656.170817646561
214rpxiw(3),946sdluc(3),|214rpxiw(3),|214rpxiw(3),|214rpxiw(3),946sdluc(3),;13961.8,18677.4,18677.4,13961.8,0,0,0,0,1661.170817646561
214rpxiw(3),946sdluc(3),|214rpxiw(3),|214rpxiw(3),|214rpxiw(3),946sdluc(3),;13961.8,18677.4,18677.4,13961.8,0,0,0,0,1666.170817646561
214rpxiw(3),946sdluc(3),|214rpxiw(3),|214rpxiw(3),|214rpxiw(3),946sdluc(3),;13961.8,18677.4,18677.4,13961.8,0,0,0,0,1671.170817646561
214rpxiw(3),946sdluc(3),|214rpxiw(3),|214rpxiw(3),|214rpxiw(3),946sdluc(3),;13961.8,18677.4,18677.4,13961.8,0,0,0,0,1676.170817646561
214rpxiw(3),946sdluc(3),|214rpxiw(3),|214rpxiw(3),|214rpxiw(3),946sdluc(3),;13961.8,18677.4,18677.4,13961.8,0,0,0,0,1681.170817646561
214rpxiw(3),946sdluc(3),|214rpxiw(3),|214rpxiw(3),|214rpxiw(3),946sdluc(3),;13961.8,18677.4,18677.4,13961.8,0,0,0,0,1686.170817646561
214rpxiw(3),946sdluc(3),|214rpxiw(3),|214rpxiw(3),|214rpxiw(3),946sdluc(3),;13961.8,18677.4,18677.4,13961.8,0,0,0,0,1691.170817646561
214rpxiw(3),946sdluc(3),|214rpxiw(3),|214rpxiw(3),|214rpxiw(3),946sdluc(3),;13961.8,18677.4,18677.4,13961.8,0,0,0,0,1696.170817646561
214rpxiw(3),|214rpxiw(3),|214rpxiw(3),|214rpxiw(3),;17725,18677.4,18677.4,17725,0,0,0,0,1701.170817646561
214rpxiw(3),|214rpxiw(3),|214rpxiw(3),|214rpxiw(3),;17725,18677.4,18677.4,17725,0,0,0,0,1706.170817646561
214rpxiw(3),|214rpxiw(3),|214rpxiw(3),|214rpxiw(3),;17725,18677.4,18677.4,17725,0,0,0,0,1711.170817646561
214rpxiw(3),|214rpxiw(3),|214rpxiw(3),|214rpxiw(3),;17725,18677.4,18677.4,17725,0,0,0,0,1716.170817646561
214rpxiw(3),|214rpxiw(3),|214rpxiw(3),|214rpxiw(3),;17725,18677.4,18677.4,17725,0,0,0,0,1721.170817646561
214rpxiw(3),|214rpxiw(3),|214rpxiw(3),|214rpxiw(3),;17725,18677.4,18677.4,17725,0,0,0,0,1726.170817646561
214rpxiw(3),|214rpxiw(3),|214rpxiw(3),|214rpxiw(3),;17725,18677.4,18677.4,17725,0,0,0,0,1731.170817646561
214rpxiw(3),|214rpxiw(3),|214rpxiw(3),|214rpxiw(3),;17725,18677.4,18677.4,17725,0,0,0,0,1736.170817646561
214rpxiw(3),|214rpxiw(3),|214rpxiw(3),|214rpxiw(3),;17725,18677.4,18677.4,17725,0,0,0,0,1741.170817646561
214rpxiw(3),214xdlnq(0),|214rpxiw(3),214xdlnq(0),|214rpxiw(3),214xdlnq(0),|214rpxiw(3),214xdlnq(0),;15774.3,17376.9,16726.7,16424.5,12.406221657367,8.928710353758,12.406221657367,8.928710353758,1746.170817646561
214rpxiw(3),214xdlnq(2),|214rpxiw(3),214xdlnq(2),|214rpxiw(3),214xdlnq(2),|214rpxiw(3),214xdlnq(2),;15774.3,17376.9,16726.7,16424.5,7.406221657367,3.928710353758,7.406221657367,3.928710353758,1751.170817646561
214rpxiw(3),214xdlnq(2),|214rpxiw(3),214xdlnq(3),|214rpxiw(3),214xdlnq(2),|214rpxiw(3),214xdlnq(3),;15774.3,17376.9,16726.7,16424.5,2.406221657367,0,2.406221657367,0,1756.170817646561
214rpxiw(3),214xdlnq(3),|214rpxiw(3),214xdlnq(3),|214rpxiw(3),214xdlnq(3),|214rpxiw(3),214xdlnq(3),;15774.3,17376.9,16726.7,16424.5,0,0,0,0,1761.170817646561
214rpxiw(3),214xdlnq(3),|214rpxiw(3),214xdlnq(3),|214rpxiw(3),214xdlnq(3),|214rpxiw(3),214xdlnq(3),;15774.3,17376.9,16726.7,16424.5,0,0,0,0,1766.170817646561
214rpxiw(3),214xdlnq(3),|214rpxiw(3),214xdlnq(3),|214rpxiw(3),214xdlnq(3),|214rpxiw(3),214xdlnq(3),;15774.3,17376.9,16726.7,16424.5,0,0,0,0,1771.170817646561
214rpxiw(3),214xdlnq(3),|214rpxiw(3),214xdlnq(3),|214rpxiw(3),214xdlnq(3),|214rpxiw(3),214xdlnq(3),;15774.3,17376.9,16726.7,16424.5,0,0,0,0,1776.170817646561
214rpxiw(3),214xdlnq(3),|214rpxiw(3),214xdlnq(3),|214rpxiw(3),214xdlnq(3),|214rpxiw(3),214xdlnq(3),;15774.3,17376.9,16726.7,16424.5,0,0,0,0,1781.170817646561
214rpxiw(3),214xdlnq(3),|214rpxiw(3),214xdlnq(3),|214rpxiw(3),214xdlnq(3),|214rpxiw(3),214xdlnq(3),;15774.3,17376.9,16726.7,16424.5,0,0,0,0,1786.170817646561
214rpxiw(3),214xdlnq(3),|214rpxiw(3),214xdlnq(3),|214rpxiw(3),214xdlnq(3),|214rpxiw(3),214xdlnq(3),;15774.3,17376.9,16726.7,16424.5,0,0,0,0,1791.170817646561
214rpxiw(3),214xdlnq(3),|214rpxiw(3),214xdlnq(3),|214rpxiw(3),214xdlnq(3),|214rpxiw(3),214xdlnq(3),;15774.3,17376.9,16726.7,16424.5,0,0,0,0,1796.170817646561
214rpxiw(3),214xdlnq(3),|214rpxiw(3),214xdlnq(3),|214rpxiw(3),214xdlnq(3),|214rpxiw(3),214xdlnq(3),;15774.3,17376.9,16726.7,16424.5,0,0,0,0,1801.170817646561
214rpxiw(3),214xdlnq(3),|214rpxiw(3),214xdlnq(3),|214rpxiw(3),214xdlnq(3),|214rpxiw(3),214xdlnq(3),;15774.3,17376.9,16726.7,16424.5,0,0,0,0,1806.170817646561
214rpxiw(3),214xdlnq(3),|214rpxiw(3),214xdlnq(3),|214rpxiw(3),214xdlnq(3),|214rpxiw(3),214xdlnq(3),;15774.3,17376.9,16726.7,16424.5,0,0,0,0,1811.170817646561
214rpxiw(3),214xdlnq(3),|214rpxiw(3),214xdlnq(3),|214rpxiw(3),214xdlnq(3),|214rpxiw(3),214xdlnq(3),;15774.3,17376.9,16726.7,16424.5,0,0,0,0,1816.170817646561
214rpxiw(3),214xdlnq(3),|214rpxiw(3),214xdlnq(3),|214rpxiw(3),214xdlnq(3),|214rpxiw(3),214xdlnq(3),;15774.3,17376.9,16726.7,16424.5,0,0,0,0,1821.170817646561
214rpxiw(3),214xdlnq(3),|214rpxiw(3),214xdlnq(3),|214rpxiw(3),214xdlnq(3),|214rpxiw(3),214xdlnq(3),;15774.3,17376.9,16726.7,16424.5,0,0,0,0,1826.170817646561
214rpxiw(3),214xdlnq(3),|214rpxiw(3),214xdlnq(3),|214rpxiw(3),214xdlnq(3),|214rpxiw(3),214xdlnq(3),;15774.3,17376.9,16726.7,16424.5,0,0,0,0,1831.170817646561
214rpxiw(3),214xdlnq(3),|214rpxiw(3),214xdlnq(3),|214rpxiw(3),214xdlnq(3),|214rpxiw(3),214xdlnq(3),;15774.3,17376.9,16726.7,16424.5,0,0,0,0,1836.170817646561
214rpxiw(3),214xdlnq(3),|214rpxiw(3),214xdlnq(3),|214rpxiw(3),214xdlnq(3),|214rpxiw(3),214xdlnq(3),;15774.3,17376.9,16726.7,16424.5,0,0,0,0,1841.170817646561
214rpxiw(3),214xdlnq(3),|214rpxiw(3),214xdlnq(3),|214rpxiw(3),214xdlnq(3),|214rpxiw(3),214xdlnq(3),;15774.3,17376.9,16726.7,16424.5,0,0,0,0,1846.170817646561
214rpxiw(3),214xdlnq(3),|214rpxiw(3),214xdlnq(3),|214rpxiw(3),214xdlnq(3),|214rpxiw(3),214xdlnq(3),;15774.3,17376.9,16726.7,16424.5,0,0,0,0,1851.170817646561
214rpxiw(3),214xdlnq(3),|214rpxiw(3),214xdlnq(3),|214rpxiw(3),214xdlnq(3),|214rpxiw(3),214xdlnq(3),;15774.3,17376.9,16726.7,16424.5,0,0,0,0,1856.170817646561
214rpxiw(3),214xdlnq(3),|214rpxiw(3),214xdlnq(3),|214rpxiw(3),214xdlnq(3),|214rpxiw(3),214xdlnq(3),;15774.3,17376.9,16726.7,16424.5,0,0,0,0,1861.170817646561
214rpxiw(3),214xdlnq(3),|214rpxiw(3),214xdlnq(3),|214rpxiw(3),214xdlnq(3),|214rpxiw(3),214xdlnq(3),;15774.3,17376.9,16726.7,16424.5,0,0,0,0,1866.170817646561
214rpxiw(3),214xdlnq(3),|214rpxiw(3),214xdlnq(3),|214rpxiw(3),214xdlnq(3),|214rpxiw(3),214xdlnq(3),;15774.3,17376.9,16726.7,16424.5,0,0,0,0,1871.170817646561
214rpxiw(3),214xdlnq(3),|214rpxiw(3),214xdlnq(3),|214rpxiw(3),214xdlnq(3),|214rpxiw(3),214xdlnq(3),;15774.3,17376.9,16726.7,16424.5,0,0,0,0,1876.170817646561
214rpxiw(3),214xdlnq(3),|214rpxiw(3),214xdlnq(3),|214rpxiw(3),214xdlnq(3),|214rpxiw(3),214xdlnq(3),;15774.3,17376.9,16726.7,16424.5,0,0,0,0,1881.170817646561
214rpxiw(3),214xdlnq(3),|214rpxiw(3),214xdlnq(3),|214rpxiw(3),214xdlnq(3),|214rpxiw(3),214xdlnq(3),;15774.3,17376.9,16726.7,16424.5,0,0,0,0,1886.170817646561
214rpxiw(3),214xdlnq(3),|214rpxiw(3),214xdlnq(3),|214rpxiw(3),214xdlnq(3),|214rpxiw(3),214xdlnq(3),;15774.3,17376.9,16726.7,16424.5,0,0,0,0,1891.170817646561
214rpxiw(3),214xdlnq(3),|214rpxiw(3),214xdlnq(3),|214rpxiw(3),214xdlnq(3),|214rpxiw(3),214xdlnq(3),;15774.3,17376.9,16726.7,16424.5,0,0,0,0,1896.170817646561
214rpxiw(3),214xdlnq(3),|214rpxiw(3),214xdlnq(3),|214rpxiw(3),214xdlnq(3),|214rpxiw(3),214xdlnq(3),;15774.3,17376.9,16726.7,16424.5,0,0,0,0,1901.170817646561
214rpxiw(3),214xdlnq(3),|214rpxiw(3),214xdlnq(3),|214rpxiw(3),214xdlnq(3),|214rpxiw(3),214xdlnq(3),;15774.3,17376.9,16726.7,16424.5,0,0,0,0,1906.170817646561
214rpxiw(3),214xdlnq(3),|214rpxiw(3),214xdlnq(3),|214rpxiw(3),214xdlnq(3),|214rpxiw(3),214xdlnq(3),;15774.3,17376.9,16726.7,16424.5,0,0,0,0,1911.170817646561
214rpxiw(3),214xdlnq(3),|214rpxiw(3),214xdlnq(3),|214rpxiw(3),214xdlnq(3),|214rpxiw(3),214xdlnq(3),;15774.3,17376.9,16726.7,16424.5,0,0,0,0,1916.170817646561
214rpxiw(3),214xdlnq(3),|214rpxiw(3),214xdlnq(3),|214rpxiw(3),214xdlnq(3),|214rpxiw(3),214xdlnq(3),;15774.3,17376.9,16726.7,16424.5,0,0,0,0,1921.170817646561
214rpxiw(3),214xdlnq(3),|214rpxiw(3),214xdlnq(3),|214rpxiw(3),214xdlnq(3),|214rpxiw(3),214xdlnq(3),;15774.3,17376.9,16726.7,16424.5,0,0,0,0,1926.170817646561
214rpxiw(3),214xdlnq(3),|214rpxiw(3),214xdlnq(3),|214rpxiw(3),214xdlnq(3),|214rpxiw(3),214xdlnq(3),;15774.3,17376.9,16726.7,16424.5,0,0,0,0,1931.170817646561
214rpxiw(3),214xdlnq(3),|214rpxiw(3),214xdlnq(3),|214rpxiw(3),214xdlnq(3),|214rpxiw(3),214xdlnq(3),;15774.3,17376.9,16726.7,16424.5,0,0,0,0,1936.170817646561
214rpxiw(3),214xdlnq(3),|214rpxiw(3),214xdlnq(3),|214rpxiw(3),214xdlnq(3),|214rpxiw(3),214xdlnq(3),;15774.3,17376.9,16726.7,16424.5,0,0,0,0,1941.170817646561
214rpxiw(3),214xdlnq(3),|214rpxiw(3),214xdlnq(3),|214rpxiw(3),214xdlnq(3),|214rpxiw(3),214xdlnq(3),;15774.3,17376.9,16726.7,16424.5,0,0,0,0,1946.170817646561
214rpxiw(3),214xdlnq(3),|214rpxiw(3),214xdlnq(3),|214rpxiw(3),214xdlnq(3),|214rpxiw(3),214xdlnq(3),;15774.3,17376.9,16726.7,16424.5,0,0,0,0,1951.170817646561
214rpxiw(3),214xdlnq(3),|214rpxiw(3),214xdlnq(3),|214rpxiw(3),214xdlnq(3),|214rpxiw(3),214xdlnq(3),;15774.3,17376.9,16726.7,16424.5,0,0,0,0,1956.170817646561
214rpxiw(3),214xdlnq(3),|214rpxiw(3),214xdlnq(3),|214rpxiw(3),214xdlnq(3),|214rpxiw(3),214xdlnq(3),;15774.3,17376.9,16726.7,16424.5,0,0,0,0,1961.170817646561
214rpxiw(3),214xdlnq(3),|214rpxiw(3),214xdlnq(3),|214rpxiw(3),214xdlnq(3),|214rpxiw(3),214xdlnq(3),;15774.3,17376.9,16726.7,16424.5,0,0,0,0,1966.170817646561
214rpxiw(3),214xdlnq(3),|214rpxiw(3),214xdlnq(3),|214rpxiw(3),214xdlnq(3),|214rpxiw(3),214xdlnq(3),;15774.3,17376.9,16726.7,16424.5,0,0,0,0,1971.170817646561
214rpxiw(3),214xdlnq(3),|214rpxiw(3),214xdlnq(3),|214rpxiw(3),214xdlnq(3),|214rpxiw(3),214xdlnq(3),;15774.3,17376.9,16726.7,16424.5,0,0,0,0,1976.170817646561
214rpxiw(3),214xdlnq(3),|214rpxiw(3),214xdlnq(3),|214rpxiw(3),214xdlnq(3),|214rpxiw(3),214xdlnq(3),;15774.3,17376.9,16726.7,16424.5,0,0,0,0,1981.170817646561
214rpxiw(3),214xdlnq(3),|214rpxiw(3),214xdlnq(3),|214rpxiw(3),214xdlnq(3),|214rpxiw(3),214xdlnq(3),;15774.3,17376.9,16726.7,16424.5,0,0,0,0,1986.170817646561
214rpxiw(3),214xdlnq(3),|214rpxiw(3),214xdlnq(3),|214rpxiw(3),214xdlnq(3),|214rpxiw(3),214xdlnq(3),;15774.3,17376.9,16726.7,16424.5,0,0,0,0,1991.170817646561
214rpxiw(3),214xdlnq(3),|214rpxiw(3),214xdlnq(3),|214rpxiw(3),214xdlnq(3),|214rpxiw(3),214xdlnq(3),;15774.3,17376.9,16726.7,16424.5,0,0,0,0,1996.170817646561
