|||;32870,32870,32870,32870,0,0,0,0,1.142901062721
|||;32870,32870,32870,32870,0,0,0,0,6.142901062721
|||;32870,32870,32870,32870,0,0,0,0,11.142901062721
|||;32870,32870,32870,32870,0,0,0,0,16.142901062721
|||;32870,32870,32870,32870,0,0,0,0,21.142901062721
|||;32870,32870,32870,32870,0,0,0,0,26.142901062721
|||;32870,32870,32870,32870,0,0,0,0,31.142901062721
|||;32870,32870,32870,32870,0,0,0,0,36.142901062721
|||;32870,32870,32870,32870,0,0,0,0,41.142901062721
|||;32870,32870,32870,32870,0,0,0,0,46.142901062721
|||;32870,32870,32870,32870,0,0,0,0,51.142901062721
|||;32870,32870,32870,32870,0,0,0,0,56.142901062721
|||;32870,32870,32870,32870,0,0,0,0,61.142901062721
|||;32870,32870,32870,32870,0,0,0,0,66.142901062721
|||;32870,32870,32870,32870,0,0,0,0,71.142901062721
|||;32870,32870,32870,32870,0,0,0,0,76.142901062721
|||;32870,32870,32870,32870,0,0,0,0,81.142901062721
|||;32870,32870,32870,32870,0,0,0,0,86.142901062721
|||;32870,32870,32870,32870,0,0,0,0,91.142901062721
|||;32870,32870,32870,32870,0,0,0,0,96.142901062721
|||;32870,32870,32870,32870,0,0,0,0,101.142901062721
|||;32870,32870,32870,32870,0,0,0,0,106.142901062721
940hzxcp(2),||940hzxcp(2),|940hzxcp(2),;30893.7,32870,26941,31881.8,11.035933159958,0,40.461338112339,3.679581921863,111.142901062721
940hzxcp(2),||940hzxcp(2),|;30893.7,32870,26941,32870,6.035933159958,0,35.461338112339,0,116.142901062721
940hzxcp(2),||940hzxcp(2),|;30893.7,32870,26941,32870,1.035933159958,0,30.461338112339,0,121.142901062721
||940hzxcp(2),|;32870,32870,26941,32870,0,0,25.461338112339,0,126.142901062721
||940hzxcp(2),|;32870,32870,26941,32870,0,0,20.461338112339,0,131.142901062721
||940hzxcp(2),|;32870,32870,26941,32870,0,0,15.461338112339,0,136.142901062721
||940hzxcp(2),|;32870,32870,26941,32870,0,0,10.461338112339,0,141.142901062721
||940hzxcp(2),|;32870,32870,26941,32870,0,0,5.461338112339,0,146.142901062721
||940hzxcp(3),|;32870,32870,26941,32870,0,0,0.461338112339,0,151.142901062721
||940hzxcp(3),|;32870,32870,26941,32870,0,0,0,0,156.142901062721
||940hzxcp(3),|;32870,32870,26941,32870,0,0,0,0,161.142901062721
||940hzxcp(3),|;32870,32870,26941,32870,0,0,0,0,166.142901062721
||940hzxcp(3),|;32870,32870,26941,32870,0,0,0,0,171.142901062721
||940hzxcp(3),|;32870,32870,26941,32870,0,0,0,0,176.142901062721
940iyzca(0),|940iyzca(0),|940hzxcp(3),|;30064.2,28661.4,26941,32870,23.508768641076,33.769833783933,0,0,181.142901062721
940iyzca(2),|940iyzca(2),||;30064.2,28661.4,32870,32870,18.508768641076,28.769833783933,0,0,186.142901062721
940iyzca(2),|940iyzca(2),||;30064.2,28661.4,32870,32870,13.508768641076,23.769833783933,0,0,191.142901062721
940iyzca(2),|940iyzca(2),||;30064.2,28661.4,32870,32870,8.508768641076,18.769833783933,0,0,196.142901062721
940iyzca(2),|940iyzca(2),||;30064.2,28661.4,32870,32870,3.508768641076,13.769833783933,0,0,201.142901062721
940iyzca(3),|940iyzca(2),||;30064.2,28661.4,32870,32870,0,8.769833783933,0,0,206.142901062721
940iyzca(3),|940iyzca(2),||;30064.2,28661.4,32870,32870,0,3.769833783933,0,0,211.142901062721
940iyzca(3),|940iyzca(3),||;30064.2,28661.4,32870,32870,0,0,0,0,216.142901062721
940iyzca(3),|940iyzca(3),||;30064.2,28661.4,32870,32870,0,0,0,0,221.142901062721
940iyzca(3),|940iyzca(3),||;30064.2,28661.4,32870,32870,0,0,0,0,226.142901062721
940iyzca(3),|940iyzca(3),||;30064.2,28661.4,32870,32870,0,0,0,0,231.142901062721
940iyzca(3),|940iyzca(3),||731iotce(2),;30064.2,28661.4,32870,27371.1,0,0,0,40.437077988296,236.142901062721
940iyzca(3),|940iyzca(3),||731iotce(2),;30064.2,28661.4,32870,27371.1,0,0,0,35.437077988296,241.142901062721
940iyzca(3),|940iyzca(3),||731iotce(2),;30064.2,28661.4,32870,27371.1,0,0,0,30.437077988296,246.142901062721
940iyzca(3),|940iyzca(3),||731iotce(2),;30064.2,28661.4,32870,27371.1,0,0,0,25.437077988296,251.142901062721
940iyzca(3),|940iyzca(3),||731iotce(2),;30064.2,28661.4,32870,27371.1,0,0,0,20.437077988296,256.142901062721
940iyzca(3),|940iyzca(3),||731iotce(2),;30064.2,28661.4,32870,27371.1,0,0,0,15.437077988296,261.142901062721
940iyzca(3),|940iyzca(3),||731iotce(2),;30064.2,28661.4,32870,27371.1,0,0,0,10.437077988296,266.142901062721
|||731iotce(2),;32870,32870,32870,27371.1,0,0,0,5.437077988296,271.142901062721
|||731iotce(3),;32870,32870,32870,27371.1,0,0,0,0.437077988296,276.142901062721
|||731iotce(3),;32870,32870,32870,27371.1,0,0,0,0,281.142901062721
|||731iotce(3),;32870,32870,32870,27371.1,0,0,0,0,286.142901062721
228mqahf(0),|||731iotce(3),228mqahf(0),;31922.8,32870,32870,26423.9,7.875244326766,0,0,7.875244326766,291.142901062721
228mqahf(2),|||731iotce(3),228mqahf(2),;31922.8,32870,32870,26423.9,2.875244326766,0,0,2.875244326766,296.142901062721
228mqahf(3),|||731iotce(3),228mqahf(3),;31922.8,32870,32870,26423.9,0,0,0,0,301.142901062721
228mqahf(3),|||731iotce(3),228mqahf(3),;31922.8,32870,32870,26423.9,0,0,0,0,306.142901062721
228mqahf(3),|||731iotce(3),228mqahf(3),;31922.8,32870,32870,26423.9,0,0,0,0,311.142901062721
228mqahf(3),|||731iotce(3),228mqahf(3),;31922.8,32870,32870,26423.9,0,0,0,0,316.142901062721
228mqahf(3),|||731iotce(3),228mqahf(3),;31922.8,32870,32870,26423.9,0,0,0,0,321.142901062721
228mqahf(3),|||731iotce(3),228mqahf(3),;31922.8,32870,32870,26423.9,0,0,0,0,326.142901062721
|||731iotce(3),;32870,32870,32870,27371.1,0,0,0,0,331.142901062721
530utqan(2),|530utqan(2),|530utqan(2),|731iotce(3),530utqan(2),;29716.1,31293,31293,25794.1,21.855563710311,10.321227710311,10.321227710311,10.321227710311,336.142901062721
530utqan(2),|530utqan(2),|530utqan(2),|731iotce(3),530utqan(2),;29716.1,31293,31293,25794.1,16.855563710311,5.321227710311,5.321227710311,5.321227710311,341.142901062721
530utqan(2),|530utqan(2),|530utqan(2),|731iotce(3),530utqan(2),;29716.1,31293,31293,25794.1,11.855563710311,0.321227710311,0.321227710311,0.321227710311,346.142901062721
530utqan(2),|||731iotce(3),;29716.1,32870,32870,27371.1,6.855563710311,0,0,0,351.142901062721
530utqan(2),|||731iotce(3),;29716.1,32870,32870,27371.1,1.855563710311,0,0,0,356.142901062721
530utqan(3),|||731iotce(3),;29716.1,32870,32870,27371.1,0,0,0,0,361.142901062721
530utqan(3),|||731iotce(3),;29716.1,32870,32870,27371.1,0,0,0,0,366.142901062721
530utqan(3),|||731iotce(3),;29716.1,32870,32870,27371.1,0,0,0,0,371.142901062721
530utqan(3),|||731iotce(3),;29716.1,32870,32870,27371.1,0,0,0,0,376.142901062721
530utqan(3),|||731iotce(3),;29716.1,32870,32870,27371.1,0,0,0,0,381.142901062721
530utqan(3),|||731iotce(3),;29716.1,32870,32870,27371.1,0,0,0,0,386.142901062721
530utqan(3),|||731iotce(3),;29716.1,32870,32870,27371.1,0,0,0,0,391.142901062721
530utqan(3),|||731iotce(3),;29716.1,32870,32870,27371.1,0,0,0,0,396.142901062721
530utqan(3),|||731iotce(3),;29716.1,32870,32870,27371.1,0,0,0,0,401.142901062721
530utqan(3),|||731iotce(3),;29716.1,32870,32870,27371.1,0,0,0,0,406.142901062721
530utqan(3),|||731iotce(3),;29716.1,32870,32870,27371.1,0,0,0,0,411.142901062721
530utqan(3),|||731iotce(3),;29716.1,32870,32870,27371.1,0,0,0,0,416.142901062721
530utqan(3),|||731iotce(3),;29716.1,32870,32870,27371.1,0,0,0,0,421.142901062721
530utqan(3),|||731iotce(3),;29716.1,32870,32870,27371.1,0,0,0,0,426.142901062721
530utqan(3),60zeiny(0),|||731iotce(3),;29158,32870,32870,27371.1,4.318513144185,0,0,0,431.142901062721
530utqan(3),|||731iotce(3),;29716.1,32870,32870,27371.1,0,0,0,0,436.142901062721
530utqan(3),|||731iotce(3),;29716.1,32870,32870,27371.1,0,0,0,0,441.142901062721
530lxomn(2),|530lxomn(2),|530lxomn(2),|731iotce(3),530lxomn(2),;31620.7,30996.1,31620.7,25497.2,6.994036230626,11.562831659198,6.994036230626,11.562831659198,446.142901062721
530lxomn(2),|530lxomn(2),|530lxomn(2),|731iotce(3),530lxomn(2),;31620.7,30996.1,31620.7,25497.2,1.994036230626,6.562831659198,1.994036230626,6.562831659198,451.142901062721
|530lxomn(2),||731iotce(3),530lxomn(2),;32870,30996.1,32870,25497.2,0,1.562831659198,0,1.562831659198,456.142901062721
|||731iotce(3),;32870,32870,32870,27371.1,0,0,0,0,461.142901062721
|||731iotce(3),;32870,32870,32870,27371.1,0,0,0,0,466.142901062721
|||731iotce(3),;32870,32870,32870,27371.1,0,0,0,0,471.142901062721
|||731iotce(3),;32870,32870,32870,27371.1,0,0,0,0,476.142901062721
|||731iotce(3),;32870,32870,32870,27371.1,0,0,0,0,481.142901062721
|||731iotce(3),;32870,32870,32870,27371.1,0,0,0,0,486.142901062721
|||731iotce(3),;32870,32870,32870,27371.1,0,0,0,0,491.142901062721
|||731iotce(3),;32870,32870,32870,27371.1,0,0,0,0,496.142901062721
|||731iotce(3),;32870,32870,32870,27371.1,0,0,0,0,501.142901062721
|||731iotce(3),;32870,32870,32870,27371.1,0,0,0,0,506.142901062721
|||731iotce(3),;32870,32870,32870,27371.1,0,0,0,0,511.142901062721
|||731iotce(3),;32870,32870,32870,27371.1,0,0,0,0,516.142901062721
60aqwsl(0),|60aqwsl(0),||731iotce(3),60aqwsl(0),;30873.2,31538.8,32870,24043.1,15.453518053833,10.498462815738,0,25.363628530024,521.142901062721
60aqwsl(2),|60aqwsl(2),||731iotce(3),60aqwsl(2),;30873.2,31538.8,32870,24043.1,10.453518053833,5.498462815738,0,20.363628530024,526.142901062721
60aqwsl(2),|60aqwsl(2),||731iotce(3),60aqwsl(2),;30873.2,31538.8,32870,24043.1,5.453518053833,0.498462815738,0,15.363628530024,531.142901062721
60aqwsl(2),|||60aqwsl(2),;30873.2,32870,32870,29542,0.453518053833,0,0,10.363628530024,536.142901062721
|||60aqwsl(2),;32870,32870,32870,29542,0,0,0,5.363628530024,541.142901062721
|||60aqwsl(3),;32870,32870,32870,29542,0,0,0,0.363628530024,546.142901062721
|||60aqwsl(3),;32870,32870,32870,29542,0,0,0,0,551.142901062721
|||60aqwsl(3),;32870,32870,32870,29542,0,0,0,0,556.142901062721
|||60aqwsl(3),;32870,32870,32870,29542,0,0,0,0,561.142901062721
|||60aqwsl(3),;32870,32870,32870,29542,0,0,0,0,566.142901062721
|||60aqwsl(3),;32870,32870,32870,29542,0,0,0,0,571.142901062721
|||60aqwsl(3),;32870,32870,32870,29542,0,0,0,0,576.142901062721
|||60aqwsl(3),;32870,32870,32870,29542,0,0,0,0,581.142901062721
|||60aqwsl(3),;32870,32870,32870,29542,0,0,0,0,586.142901062721
|||60aqwsl(3),;32870,32870,32870,29542,0,0,0,0,591.142901062721
|||60aqwsl(3),;32870,32870,32870,29542,0,0,0,0,596.142901062721
|||60aqwsl(3),;32870,32870,32870,29542,0,0,0,0,601.142901062721
|||60aqwsl(3),;32870,32870,32870,29542,0,0,0,0,606.142901062721
|||60aqwsl(3),;32870,32870,32870,29542,0,0,0,0,611.142901062721
|||60aqwsl(3),;32870,32870,32870,29542,0,0,0,0,616.142901062721
|||60aqwsl(3),;32870,32870,32870,29542,0,0,0,0,621.142901062721
|||60aqwsl(3),;32870,32870,32870,29542,0,0,0,0,626.142901062721
|||60aqwsl(3),;32870,32870,32870,29542,0,0,0,0,631.142901062721
|||60aqwsl(3),;32870,32870,32870,29542,0,0,0,0,636.142901062721
|||60aqwsl(3),;32870,32870,32870,29542,0,0,0,0,641.142901062721
|||60aqwsl(3),;32870,32870,32870,29542,0,0,0,0,646.142901062721
634bfogx(0),|634bfogx(0),|634bfogx(0),|60aqwsl(3),634bfogx(0),;29828.7,30842.5,30842.5,26500.7,30.000003431213,22.453073145499,22.453073145499,30.000003431213,651.142901062721
634bfogx(0),|634bfogx(0),|634bfogx(0),|60aqwsl(3),634bfogx(0),;29828.7,30842.5,30842.5,26500.7,25.000003431213,17.453073145499,17.453073145499,25.000003431213,656.142901062721
634bfogx(2),215dutwz(1),|634bfogx(2),215dutwz(1),|634bfogx(2),215dutwz(1),|60aqwsl(3),634bfogx(2),215dutwz(1),;28973.7,28277.4,28277.4,25645.7,32.470776947493,37.431860376064,37.431860376064,32.470776947493,661.142901062721
634bfogx(2),215dutwz(1),|634bfogx(2),215dutwz(1),|634bfogx(2),215dutwz(1),|634bfogx(2),215dutwz(1),;28973.7,28277.4,28277.4,28973.7,27.470776947493,32.431860376064,32.431860376064,27.470776947493,666.142901062721
634bfogx(2),215dutwz(1),|634bfogx(2),215dutwz(1),|634bfogx(2),215dutwz(1),|634bfogx(2),215dutwz(1),;28973.7,28277.4,28277.4,28973.7,22.470776947493,27.431860376064,27.431860376064,22.470776947493,671.142901062721
634bfogx(2),215dutwz(1),|634bfogx(3),215dutwz(2),|634bfogx(3),215dutwz(2),|634bfogx(2),215dutwz(1),;28973.7,28277.4,28277.4,28973.7,17.470776947493,22.431860376064,22.431860376064,17.470776947493,676.142901062721
634bfogx(3),215dutwz(2),|634bfogx(3),215dutwz(2),|634bfogx(3),215dutwz(2),|634bfogx(3),215dutwz(2),;28973.7,28277.4,28277.4,28973.7,12.470776947493,17.431860376064,17.431860376064,12.470776947493,681.142901062721
634bfogx(3),215dutwz(2),|634bfogx(3),215dutwz(2),|634bfogx(3),215dutwz(2),|634bfogx(3),215dutwz(2),;28973.7,28277.4,28277.4,28973.7,7.470776947493,12.431860376064,12.431860376064,7.470776947493,686.142901062721
634bfogx(3),215dutwz(3),|634bfogx(3),215dutwz(2),|634bfogx(3),215dutwz(2),|634bfogx(3),215dutwz(3),;28973.7,28277.4,28277.4,28973.7,2.470776947493,7.431860376064,7.431860376064,2.470776947493,691.142901062721
634bfogx(3),215dutwz(3),|634bfogx(3),215dutwz(3),|634bfogx(3),215dutwz(3),|634bfogx(3),215dutwz(3),;28973.7,28277.4,28277.4,28973.7,0,2.431860376064,2.431860376064,0,696.142901062721
634bfogx(3),215dutwz(3),|634bfogx(3),215dutwz(3),|634bfogx(3),215dutwz(3),|634bfogx(3),215dutwz(3),;28973.7,28277.4,28277.4,28973.7,0,0,0,0,701.142901062721
634bfogx(3),215dutwz(3),|634bfogx(3),215dutwz(3),|634bfogx(3),215dutwz(3),|634bfogx(3),215dutwz(3),;28973.7,28277.4,28277.4,28973.7,0,0,0,0,706.142901062721
634bfogx(3),215dutwz(3),|634bfogx(3),215dutwz(3),|634bfogx(3),215dutwz(3),|634bfogx(3),215dutwz(3),;28973.7,28277.4,28277.4,28973.7,0,0,0,0,711.142901062721
634bfogx(3),215dutwz(3),|634bfogx(3),215dutwz(3),|634bfogx(3),215dutwz(3),|634bfogx(3),215dutwz(3),;28973.7,28277.4,28277.4,28973.7,0,0,0,0,716.142901062721
634bfogx(3),215dutwz(3),|634bfogx(3),215dutwz(3),|634bfogx(3),215dutwz(3),|634bfogx(3),215dutwz(3),;28973.7,28277.4,28277.4,28973.7,0,0,0,0,721.142901062721
634bfogx(3),215dutwz(3),|634bfogx(3),215dutwz(3),|634bfogx(3),215dutwz(3),|634bfogx(3),215dutwz(3),;28973.7,28277.4,28277.4,28973.7,0,0,0,0,726.142901062721
634bfogx(3),215dutwz(3),|634bfogx(3),215dutwz(3),|634bfogx(3),215dutwz(3),|634bfogx(3),215dutwz(3),;28973.7,28277.4,28277.4,28973.7,0,0,0,0,731.142901062721
634bfogx(3),215dutwz(3),|634bfogx(3),215dutwz(3),|634bfogx(3),215dutwz(3),|634bfogx(3),215dutwz(3),;28973.7,28277.4,28277.4,28973.7,0,0,0,0,736.142901062721
634bfogx(3),215dutwz(3),|634bfogx(3),215dutwz(3),|634bfogx(3),215dutwz(3),|634bfogx(3),215dutwz(3),;28973.7,28277.4,28277.4,28973.7,0,0,0,0,741.142901062721
634bfogx(3),215dutwz(3),|634bfogx(3),215dutwz(3),|634bfogx(3),215dutwz(3),|634bfogx(3),215dutwz(3),;28973.7,28277.4,28277.4,28973.7,0,0,0,0,746.142901062721
634bfogx(3),215dutwz(3),|634bfogx(3),215dutwz(3),|634bfogx(3),215dutwz(3),|634bfogx(3),215dutwz(3),;28973.7,28277.4,28277.4,28973.7,0,0,0,0,751.142901062721
634bfogx(3),215dutwz(3),|634bfogx(3),215dutwz(3),|634bfogx(3),215dutwz(3),|634bfogx(3),215dutwz(3),;28973.7,28277.4,28277.4,28973.7,0,0,0,0,756.142901062721
634bfogx(3),215dutwz(3),|634bfogx(3),215dutwz(3),|634bfogx(3),215dutwz(3),|634bfogx(3),215dutwz(3),;28973.7,28277.4,28277.4,28973.7,0,0,0,0,761.142901062721
634bfogx(3),215dutwz(3),|215dutwz(3),|215dutwz(3),|634bfogx(3),215dutwz(3),;28973.7,30304.9,30304.9,28973.7,0,0,0,0,766.142901062721
215dutwz(3),|215dutwz(3),|215dutwz(3),|215dutwz(3),;32015,30304.9,30304.9,32015,0,0,0,0,771.142901062721
215dutwz(3),|215dutwz(3),|215dutwz(3),|215dutwz(3),;32015,30304.9,30304.9,32015,0,0,0,0,776.142901062721
215dutwz(3),|215dutwz(3),|215dutwz(3),|215dutwz(3),;32015,30304.9,30304.9,32015,0,0,0,0,781.142901062721
215dutwz(3),|215dutwz(3),|215dutwz(3),|215dutwz(3),;32015,30304.9,30304.9,32015,0,0,0,0,786.142901062721
215dutwz(3),|215dutwz(3),|215dutwz(3),|215dutwz(3),;32015,30304.9,30304.9,32015,0,0,0,0,791.142901062721
215dutwz(3),|215dutwz(3),|215dutwz(3),|215dutwz(3),;32015,30304.9,30304.9,32015,0,0,0,0,796.142901062721
215dutwz(3),|215dutwz(3),|215dutwz(3),|215dutwz(3),;32015,30304.9,30304.9,32015,0,0,0,0,801.142901062721
215dutwz(3),|215dutwz(3),204kiowx(0),|215dutwz(3),204kiowx(0),|215dutwz(3),204kiowx(0),;32015,26741.4,27632.3,29342.4,0,28.723357352496,22.091206495353,22.091206495353,806.142901062721
215dutwz(3),|215dutwz(3),204kiowx(2),|215dutwz(3),204kiowx(2),|215dutwz(3),204kiowx(2),;32015,26741.4,27632.3,29342.4,0,23.723357352496,17.091206495353,17.091206495353,811.142901062721
215dutwz(3),|215dutwz(3),204kiowx(2),|215dutwz(3),204kiowx(2),|215dutwz(3),204kiowx(2),;32015,26741.4,27632.3,29342.4,0,18.723357352496,12.091206495353,12.091206495353,816.142901062721
215dutwz(3),|215dutwz(3),204kiowx(2),|215dutwz(3),204kiowx(2),|215dutwz(3),204kiowx(2),;32015,26741.4,27632.3,29342.4,0,13.723357352496,7.091206495353,7.091206495353,821.142901062721
|204kiowx(2),|204kiowx(2),|204kiowx(2),;32870,29306.5,30197.4,30197.4,0,8.723357352496,2.091206495353,2.091206495353,826.142901062721
|204kiowx(2),|204kiowx(3),|204kiowx(3),;32870,29306.5,30197.4,30197.4,0,3.723357352496,0,0,831.142901062721
|204kiowx(3),|204kiowx(3),|204kiowx(3),;32870,29306.5,30197.4,30197.4,0,0,0,0,836.142901062721
741mralt(0),|204kiowx(3),741mralt(0),|204kiowx(3),741mralt(0),|204kiowx(3),741mralt(0),;31170.2,27606.7,27647.6,27647.6,13.492669244411,13.492669244411,19.709226958697,19.709226958697,841.142901062721
741mralt(2),|204kiowx(3),741mralt(2),|204kiowx(3),741mralt(2),|204kiowx(3),741mralt(2),;31170.2,27606.7,27647.6,27647.6,8.492669244411,8.492669244411,14.709226958697,14.709226958697,846.142901062721
741mralt(2),|204kiowx(3),741mralt(2),|204kiowx(3),741mralt(2),|204kiowx(3),741mralt(2),;31170.2,27606.7,27647.6,27647.6,3.492669244411,3.492669244411,9.709226958697,9.709226958697,851.142901062721
741mralt(3),|204kiowx(3),741mralt(3),|204kiowx(3),741mralt(2),|204kiowx(3),741mralt(2),;31170.2,27606.7,27647.6,27647.6,0,0,4.709226958697,4.709226958697,856.142901062721
741mralt(3),|204kiowx(3),741mralt(3),|204kiowx(3),741mralt(3),|204kiowx(3),741mralt(3),;31170.2,27606.7,27647.6,27647.6,0,0,0,0,861.142901062721
741mralt(3),|204kiowx(3),741mralt(3),|204kiowx(3),741mralt(3),|204kiowx(3),741mralt(3),;31170.2,27606.7,27647.6,27647.6,0,0,0,0,866.142901062721
741mralt(3),|204kiowx(3),741mralt(3),|204kiowx(3),741mralt(3),|204kiowx(3),741mralt(3),;31170.2,27606.7,27647.6,27647.6,0,0,0,0,871.142901062721
741mralt(3),|204kiowx(3),741mralt(3),|204kiowx(3),741mralt(3),|204kiowx(3),741mralt(3),;31170.2,27606.7,27647.6,27647.6,0,0,0,0,876.142901062721
741mralt(3),|204kiowx(3),741mralt(3),|204kiowx(3),741mralt(3),|204kiowx(3),741mralt(3),;31170.2,27606.7,27647.6,27647.6,0,0,0,0,881.142901062721
741mralt(3),|204kiowx(3),741mralt(3),|204kiowx(3),741mralt(3),|204kiowx(3),741mralt(3),;31170.2,27606.7,27647.6,27647.6,0,0,0,0,886.142901062721
741mralt(3),|204kiowx(3),741mralt(3),|204kiowx(3),741mralt(3),|204kiowx(3),741mralt(3),;31170.2,27606.7,27647.6,27647.6,0,0,0,0,891.142901062721
741mralt(3),|204kiowx(3),741mralt(3),|204kiowx(3),741mralt(3),|204kiowx(3),741mralt(3),;31170.2,27606.7,27647.6,27647.6,0,0,0,0,896.142901062721
741mralt(3),|204kiowx(3),741mralt(3),|204kiowx(3),741mralt(3),|204kiowx(3),741mralt(3),;31170.2,27606.7,27647.6,27647.6,0,0,0,0,901.142901062721
741mralt(3),|204kiowx(3),741mralt(3),|204kiowx(3),741mralt(3),|204kiowx(3),741mralt(3),;31170.2,27606.7,27647.6,27647.6,0,0,0,0,906.142901062721
741mralt(3),|204kiowx(3),741mralt(3),|204kiowx(3),741mralt(3),|204kiowx(3),741mralt(3),;31170.2,27606.7,27647.6,27647.6,0,0,0,0,911.142901062721
741mralt(3),|204kiowx(3),741mralt(3),|204kiowx(3),741mralt(3),|204kiowx(3),741mralt(3),;31170.2,27606.7,27647.6,27647.6,0,0,0,0,916.142901062721
741mralt(3),|204kiowx(3),741mralt(3),|204kiowx(3),741mralt(3),|204kiowx(3),741mralt(3),;31170.2,27606.7,27647.6,27647.6,0,0,0,0,921.142901062721
741mralt(3),|204kiowx(3),741mralt(3),|204kiowx(3),741mralt(3),|204kiowx(3),741mralt(3),;31170.2,27606.7,27647.6,27647.6,0,0,0,0,926.142901062721
741mralt(3),|204kiowx(3),741mralt(3),|204kiowx(3),741mralt(3),|204kiowx(3),741mralt(3),;31170.2,27606.7,27647.6,27647.6,0,0,0,0,931.142901062721
741mralt(3),|204kiowx(3),741mralt(3),|204kiowx(3),741mralt(3),|204kiowx(3),741mralt(3),;31170.2,27606.7,27647.6,27647.6,0,0,0,0,936.142901062721
741mralt(3),|204kiowx(3),741mralt(3),|204kiowx(3),741mralt(3),|204kiowx(3),741mralt(3),;31170.2,27606.7,27647.6,27647.6,0,0,0,0,941.142901062721
741mralt(3),|204kiowx(3),741mralt(3),|204kiowx(3),741mralt(3),|204kiowx(3),741mralt(3),;31170.2,27606.7,27647.6,27647.6,0,0,0,0,946.142901062721
741mralt(3),280jcaoe(0),|204kiowx(3),741mralt(3),|204kiowx(3),741mralt(3),280jcaoe(0),|204kiowx(3),741mralt(3),;26408.6,27606.7,22886,27647.6,38.546877738303,0,38.546877738303,0,951.142901062721
741mralt(3),280jcaoe(2),177onsdc(0),|204kiowx(3),741mralt(3),|204kiowx(3),741mralt(3),280jcaoe(2),177onsdc(0),|204kiowx(3),741mralt(3),177onsdc(0),;24626.8,27606.7,21995.1,21411.4,51.979234192291,0,45.347083335148,48.529966676981,956.142901062721
741mralt(3),280jcaoe(2),177onsdc(1),|204kiowx(3),741mralt(3),|204kiowx(3),741mralt(3),280jcaoe(2),177onsdc(1),|204kiowx(3),741mralt(3),177onsdc(2),;24626.8,27606.7,21995.1,21411.4,46.979234192291,0,40.347083335148,43.529966676981,961.142901062721
741mralt(3),280jcaoe(2),177onsdc(1),|204kiowx(3),741mralt(3),|204kiowx(3),741mralt(3),280jcaoe(2),177onsdc(1),|204kiowx(3),741mralt(3),177onsdc(2),;24626.8,27606.7,21995.1,21411.4,41.979234192291,0,35.347083335148,38.529966676981,966.142901062721
741mralt(3),280jcaoe(2),177onsdc(1),|204kiowx(3),741mralt(3),|204kiowx(3),741mralt(3),280jcaoe(2),177onsdc(1),|204kiowx(3),741mralt(3),177onsdc(2),;24626.8,27606.7,21995.1,21411.4,36.979234192291,0,30.347083335148,33.529966676981,971.142901062721
741mralt(3),280jcaoe(2),177onsdc(1),|204kiowx(3),741mralt(3),|204kiowx(3),741mralt(3),280jcaoe(2),177onsdc(1),|204kiowx(3),741mralt(3),177onsdc(2),;24626.8,27606.7,21995.1,21411.4,31.979234192291,0,25.347083335148,28.529966676981,976.142901062721
280jcaoe(2),177onsdc(1),|204kiowx(3),|204kiowx(3),280jcaoe(2),177onsdc(1),|204kiowx(3),177onsdc(2),;26326.6,29306.5,24544.9,23961.2,26.979234192291,0,20.347083335148,23.529966676981,981.142901062721
280jcaoe(2),177onsdc(1),|204kiowx(3),|204kiowx(3),280jcaoe(2),177onsdc(1),|204kiowx(3),177onsdc(2),;26326.6,29306.5,24544.9,23961.2,21.979234192291,0,15.347083335148,18.529966676981,986.142901062721
280jcaoe(3),177onsdc(2),|204kiowx(3),|204kiowx(3),280jcaoe(3),177onsdc(2),|204kiowx(3),177onsdc(2),;26326.6,29306.5,24544.9,23961.2,16.979234192291,0,10.347083335148,13.529966676981,991.142901062721
280jcaoe(3),177onsdc(2),|204kiowx(3),|204kiowx(3),280jcaoe(3),177onsdc(2),|204kiowx(3),177onsdc(2),;26326.6,29306.5,24544.9,23961.2,11.979234192291,0,5.347083335148,8.529966676981,996.142901062721
280jcaoe(3),177onsdc(2),|204kiowx(3),|204kiowx(3),280jcaoe(3),177onsdc(3),|204kiowx(3),177onsdc(2),;26326.6,29306.5,24544.9,23961.2,6.979234192291,0,0.347083335148,3.529966676981,1001.142901062721
280jcaoe(3),177onsdc(3),295hepjo(0),|204kiowx(3),295hepjo(0),|204kiowx(3),280jcaoe(3),177onsdc(3),295hepjo(0),|204kiowx(3),177onsdc(3),295hepjo(0),;24442.4,26480.3,21718.7,22077,24.018893921083,23.083187285119,24.522718682988,20.569626405773,1006.142901062721
280jcaoe(3),177onsdc(3),295hepjo(2),|204kiowx(3),295hepjo(2),|204kiowx(3),280jcaoe(3),177onsdc(3),295hepjo(2),|204kiowx(3),177onsdc(3),295hepjo(2),;24442.4,26480.3,21718.7,22077,19.018893921083,18.083187285119,19.522718682988,15.569626405773,1011.142901062721
280jcaoe(3),177onsdc(3),295hepjo(2),|204kiowx(3),295hepjo(2),|204kiowx(3),280jcaoe(3),177onsdc(3),295hepjo(2),|204kiowx(3),177onsdc(3),295hepjo(2),;24442.4,26480.3,21718.7,22077,14.018893921083,13.083187285119,14.522718682988,10.569626405773,1016.142901062721
280jcaoe(3),177onsdc(3),295hepjo(2),|204kiowx(3),295hepjo(2),|204kiowx(3),280jcaoe(3),177onsdc(3),295hepjo(2),|204kiowx(3),177onsdc(3),295hepjo(2),;24442.4,26480.3,21718.7,22077,9.018893921083,8.083187285119,9.522718682988,5.569626405773,1021.142901062721
280jcaoe(3),177onsdc(3),295hepjo(3),|204kiowx(3),295hepjo(2),|204kiowx(3),280jcaoe(3),177onsdc(3),295hepjo(2),|204kiowx(3),177onsdc(3),295hepjo(3),;24442.4,26480.3,21718.7,22077,4.018893921083,3.083187285119,4.522718682988,0.569626405773,1026.142901062721
280jcaoe(3),177onsdc(3),295hepjo(3),|204kiowx(3),295hepjo(3),|204kiowx(3),280jcaoe(3),177onsdc(3),295hepjo(3),|204kiowx(3),177onsdc(3),295hepjo(3),;24442.4,26480.3,21718.7,22077,0,0,0,0,1031.142901062721
280jcaoe(3),177onsdc(3),295hepjo(3),854mhybt(0),|204kiowx(3),295hepjo(3),854mhybt(0),|204kiowx(3),280jcaoe(3),177onsdc(3),295hepjo(3),854mhybt(0),|204kiowx(3),177onsdc(3),295hepjo(3),854mhybt(0),;21646.9,23684.8,19855,20213.3,26.852365804792,26.852365804792,19.793955138126,19.793955138126,1036.142901062721
280jcaoe(3),177onsdc(3),295hepjo(3),854mhybt(0),|204kiowx(3),295hepjo(3),854mhybt(0),|204kiowx(3),280jcaoe(3),177onsdc(3),295hepjo(3),854mhybt(0),|204kiowx(3),177onsdc(3),295hepjo(3),854mhybt(0),;21646.9,23684.8,19855,20213.3,21.852365804792,21.852365804792,14.793955138126,14.793955138126,1041.142901062721
280jcaoe(3),177onsdc(3),295hepjo(3),854mhybt(2),|204kiowx(3),295hepjo(3),854mhybt(2),|204kiowx(3),280jcaoe(3),177onsdc(3),295hepjo(3),854mhybt(2),|204kiowx(3),177onsdc(3),295hepjo(3),854mhybt(2),;21646.9,23684.8,19855,20213.3,16.852365804792,16.852365804792,9.793955138126,9.793955138126,1046.142901062721
280jcaoe(3),177onsdc(3),295hepjo(3),854mhybt(2),|204kiowx(3),295hepjo(3),854mhybt(2),|204kiowx(3),280jcaoe(3),177onsdc(3),295hepjo(3),854mhybt(2),|204kiowx(3),177onsdc(3),295hepjo(3),854mhybt(2),;21646.9,23684.8,19855,20213.3,11.852365804792,11.852365804792,4.793955138126,4.793955138126,1051.142901062721
280jcaoe(3),177onsdc(3),295hepjo(3),854mhybt(2),|204kiowx(3),295hepjo(3),854mhybt(2),|204kiowx(3),280jcaoe(3),177onsdc(3),295hepjo(3),854mhybt(3),|204kiowx(3),177onsdc(3),295hepjo(3),854mhybt(3),;21646.9,23684.8,19855,20213.3,6.852365804792,6.852365804792,0,0,1056.142901062721
280jcaoe(3),177onsdc(3),295hepjo(3),854mhybt(2),|204kiowx(3),295hepjo(3),854mhybt(2),|204kiowx(3),280jcaoe(3),177onsdc(3),295hepjo(3),854mhybt(3),|204kiowx(3),177onsdc(3),295hepjo(3),854mhybt(3),;21646.9,23684.8,19855,20213.3,1.852365804792,1.852365804792,0,0,1061.142901062721
280jcaoe(3),177onsdc(3),295hepjo(3),854mhybt(3),|204kiowx(3),295hepjo(3),854mhybt(3),|204kiowx(3),280jcaoe(3),177onsdc(3),295hepjo(3),854mhybt(3),|204kiowx(3),177onsdc(3),295hepjo(3),854mhybt(3),;21646.9,23684.8,19855,20213.3,0,0,0,0,1066.142901062721
280jcaoe(3),177onsdc(3),295hepjo(3),854mhybt(3),|204kiowx(3),295hepjo(3),854mhybt(3),|204kiowx(3),280jcaoe(3),177onsdc(3),295hepjo(3),854mhybt(3),|204kiowx(3),177onsdc(3),295hepjo(3),854mhybt(3),;21646.9,23684.8,19855,20213.3,0,0,0,0,1071.142901062721
280jcaoe(3),177onsdc(3),295hepjo(3),854mhybt(3),|204kiowx(3),295hepjo(3),854mhybt(3),|204kiowx(3),280jcaoe(3),177onsdc(3),295hepjo(3),854mhybt(3),|204kiowx(3),177onsdc(3),295hepjo(3),854mhybt(3),;21646.9,23684.8,19855,20213.3,0,0,0,0,1076.142901062721
280jcaoe(3),177onsdc(3),295hepjo(3),854mhybt(3),|204kiowx(3),295hepjo(3),854mhybt(3),|204kiowx(3),280jcaoe(3),177onsdc(3),295hepjo(3),854mhybt(3),|204kiowx(3),177onsdc(3),295hepjo(3),854mhybt(3),;21646.9,23684.8,19855,20213.3,0,0,0,0,1081.142901062721
280jcaoe(3),177onsdc(3),295hepjo(3),854mhybt(3),|204kiowx(3),295hepjo(3),854mhybt(3),|204kiowx(3),280jcaoe(3),177onsdc(3),295hepjo(3),854mhybt(3),|204kiowx(3),177onsdc(3),295hepjo(3),854mhybt(3),;21646.9,23684.8,19855,20213.3,0,0,0,0,1086.142901062721
280jcaoe(3),177onsdc(3),295hepjo(3),854mhybt(3),|204kiowx(3),295hepjo(3),854mhybt(3),|204kiowx(3),280jcaoe(3),177onsdc(3),295hepjo(3),854mhybt(3),|204kiowx(3),177onsdc(3),295hepjo(3),854mhybt(3),;21646.9,23684.8,19855,20213.3,0,0,0,0,1091.142901062721
280jcaoe(3),177onsdc(3),295hepjo(3),854mhybt(3),|204kiowx(3),295hepjo(3),854mhybt(3),|204kiowx(3),280jcaoe(3),177onsdc(3),295hepjo(3),854mhybt(3),|204kiowx(3),177onsdc(3),295hepjo(3),854mhybt(3),;21646.9,23684.8,19855,20213.3,0,0,0,0,1096.142901062721
280jcaoe(3),177onsdc(3),295hepjo(3),854mhybt(3),|204kiowx(3),295hepjo(3),854mhybt(3),|204kiowx(3),280jcaoe(3),177onsdc(3),295hepjo(3),854mhybt(3),|204kiowx(3),177onsdc(3),295hepjo(3),854mhybt(3),;21646.9,23684.8,19855,20213.3,0,0,0,0,1101.142901062721
280jcaoe(3),177onsdc(3),295hepjo(3),854mhybt(3),|204kiowx(3),295hepjo(3),854mhybt(3),|204kiowx(3),280jcaoe(3),177onsdc(3),295hepjo(3),854mhybt(3),|204kiowx(3),177onsdc(3),295hepjo(3),854mhybt(3),;21646.9,23684.8,19855,20213.3,0,0,0,0,1106.142901062721
280jcaoe(3),177onsdc(3),295hepjo(3),854mhybt(3),|204kiowx(3),295hepjo(3),854mhybt(3),|204kiowx(3),280jcaoe(3),177onsdc(3),295hepjo(3),854mhybt(3),|204kiowx(3),177onsdc(3),295hepjo(3),854mhybt(3),;21646.9,23684.8,19855,20213.3,0,0,0,0,1111.142901062721
280jcaoe(3),177onsdc(3),295hepjo(3),854mhybt(3),|204kiowx(3),295hepjo(3),854mhybt(3),|204kiowx(3),280jcaoe(3),177onsdc(3),295hepjo(3),854mhybt(3),|204kiowx(3),177onsdc(3),295hepjo(3),854mhybt(3),;21646.9,23684.8,19855,20213.3,0,0,0,0,1116.142901062721
280jcaoe(3),177onsdc(3),295hepjo(3),854mhybt(3),|204kiowx(3),295hepjo(3),854mhybt(3),|204kiowx(3),280jcaoe(3),177onsdc(3),295hepjo(3),854mhybt(3),|204kiowx(3),177onsdc(3),295hepjo(3),854mhybt(3),;21646.9,23684.8,19855,20213.3,0,0,0,0,1121.142901062721
280jcaoe(3),177onsdc(3),295hepjo(3),854mhybt(3),218thspq(0),|204kiowx(3),295hepjo(3),854mhybt(3),218thspq(0),|204kiowx(3),280jcaoe(3),177onsdc(3),295hepjo(3),854mhybt(3),218thspq(0),|204kiowx(3),177onsdc(3),295hepjo(3),854mhybt(3),218thspq(0),;18636.3,21677.8,17848,17202.7,24.698456618118,17.358424618118,17.358424618118,24.698456618118,1126.142901062721
280jcaoe(3),177onsdc(3),295hepjo(3),854mhybt(3),218thspq(2),|204kiowx(3),295hepjo(3),854mhybt(3),218thspq(2),|204kiowx(3),280jcaoe(3),177onsdc(3),295hepjo(3),854mhybt(3),218thspq(2),|204kiowx(3),177onsdc(3),295hepjo(3),854mhybt(3),218thspq(2),;18636.3,21677.8,17848,17202.7,19.698456618118,12.358424618118,12.358424618118,19.698456618118,1131.142901062721
280jcaoe(3),177onsdc(3),295hepjo(3),854mhybt(3),218thspq(2),|204kiowx(3),295hepjo(3),854mhybt(3),218thspq(2),|204kiowx(3),280jcaoe(3),177onsdc(3),295hepjo(3),854mhybt(3),218thspq(2),|204kiowx(3),177onsdc(3),295hepjo(3),854mhybt(3),218thspq(2),;18636.3,21677.8,17848,17202.7,14.698456618118,7.358424618118,7.358424618118,14.698456618118,1136.142901062721
280jcaoe(3),177onsdc(3),295hepjo(3),854mhybt(3),218thspq(2),|204kiowx(3),295hepjo(3),854mhybt(3),218thspq(2),|204kiowx(3),280jcaoe(3),177onsdc(3),295hepjo(3),854mhybt(3),218thspq(2),|204kiowx(3),177onsdc(3),295hepjo(3),854mhybt(3),218thspq(2),;18636.3,21677.8,17848,17202.7,9.698456618118,2.358424618118,2.358424618118,9.698456618118,1141.142901062721
280jcaoe(3),177onsdc(3),295hepjo(3),854mhybt(3),218thspq(2),|204kiowx(3),295hepjo(3),854mhybt(3),|204kiowx(3),280jcaoe(3),177onsdc(3),295hepjo(3),854mhybt(3),|204kiowx(3),177onsdc(3),295hepjo(3),854mhybt(3),218thspq(2),;18636.3,23684.8,19855,17202.7,4.698456618118,0,0,4.698456618118,1146.142901062721
280jcaoe(3),177onsdc(3),295hepjo(3),854mhybt(3),|204kiowx(3),295hepjo(3),854mhybt(3),|204kiowx(3),280jcaoe(3),177onsdc(3),295hepjo(3),854mhybt(3),|204kiowx(3),177onsdc(3),295hepjo(3),854mhybt(3),;21646.9,23684.8,19855,20213.3,0,0,0,0,1151.142901062721
280jcaoe(3),177onsdc(3),295hepjo(3),854mhybt(3),|204kiowx(3),295hepjo(3),854mhybt(3),|204kiowx(3),280jcaoe(3),177onsdc(3),295hepjo(3),854mhybt(3),|204kiowx(3),177onsdc(3),295hepjo(3),854mhybt(3),;21646.9,23684.8,19855,20213.3,0,0,0,0,1156.142901062721
280jcaoe(3),177onsdc(3),295hepjo(3),854mhybt(3),|204kiowx(3),295hepjo(3),854mhybt(3),|204kiowx(3),280jcaoe(3),177onsdc(3),295hepjo(3),854mhybt(3),|204kiowx(3),177onsdc(3),295hepjo(3),854mhybt(3),;21646.9,23684.8,19855,20213.3,0,0,0,0,1161.142901062721
280jcaoe(3),177onsdc(3),295hepjo(3),854mhybt(3),|204kiowx(3),295hepjo(3),854mhybt(3),|204kiowx(3),280jcaoe(3),177onsdc(3),295hepjo(3),854mhybt(3),|204kiowx(3),177onsdc(3),295hepjo(3),854mhybt(3),;21646.9,23684.8,19855,20213.3,0,0,0,0,1166.142901062721
280jcaoe(3),177onsdc(3),295hepjo(3),854mhybt(3),|295hepjo(3),854mhybt(3),|280jcaoe(3),177onsdc(3),295hepjo(3),854mhybt(3),|177onsdc(3),295hepjo(3),854mhybt(3),;21646.9,27248.3,22527.6,22885.9,0,0,0,0,1171.142901062721
280jcaoe(3),177onsdc(3),295hepjo(3),854mhybt(3),|295hepjo(3),854mhybt(3),|280jcaoe(3),177onsdc(3),295hepjo(3),854mhybt(3),|177onsdc(3),295hepjo(3),854mhybt(3),;21646.9,27248.3,22527.6,22885.9,0,0,0,0,1176.142901062721
280jcaoe(3),177onsdc(3),295hepjo(3),854mhybt(3),|295hepjo(3),854mhybt(3),|280jcaoe(3),177onsdc(3),295hepjo(3),854mhybt(3),|177onsdc(3),295hepjo(3),854mhybt(3),;21646.9,27248.3,22527.6,22885.9,0,0,0,0,1181.142901062721
280jcaoe(3),177onsdc(3),295hepjo(3),854mhybt(3),|295hepjo(3),854mhybt(3),|280jcaoe(3),177onsdc(3),295hepjo(3),854mhybt(3),|177onsdc(3),295hepjo(3),854mhybt(3),;21646.9,27248.3,22527.6,22885.9,0,0,0,0,1186.142901062721
280jcaoe(3),177onsdc(3),295hepjo(3),854mhybt(3),|295hepjo(3),854mhybt(3),|280jcaoe(3),177onsdc(3),295hepjo(3),854mhybt(3),|177onsdc(3),295hepjo(3),854mhybt(3),;21646.9,27248.3,22527.6,22885.9,0,0,0,0,1191.142901062721
280jcaoe(3),177onsdc(3),295hepjo(3),854mhybt(3),|295hepjo(3),854mhybt(3),|280jcaoe(3),177onsdc(3),295hepjo(3),854mhybt(3),|177onsdc(3),295hepjo(3),854mhybt(3),;21646.9,27248.3,22527.6,22885.9,0,0,0,0,1196.142901062721
280jcaoe(3),177onsdc(3),295hepjo(3),854mhybt(3),|295hepjo(3),854mhybt(3),|280jcaoe(3),177onsdc(3),295hepjo(3),854mhybt(3),|177onsdc(3),295hepjo(3),854mhybt(3),;21646.9,27248.3,22527.6,22885.9,0,0,0,0,1201.142901062721
280jcaoe(3),177onsdc(3),295hepjo(3),854mhybt(3),|295hepjo(3),854mhybt(3),|280jcaoe(3),177onsdc(3),295hepjo(3),854mhybt(3),|177onsdc(3),295hepjo(3),854mhybt(3),;21646.9,27248.3,22527.6,22885.9,0,0,0,0,1206.142901062721
280jcaoe(3),177onsdc(3),295hepjo(3),854mhybt(3),|295hepjo(3),854mhybt(3),|280jcaoe(3),177onsdc(3),295hepjo(3),854mhybt(3),|177onsdc(3),295hepjo(3),854mhybt(3),;21646.9,27248.3,22527.6,22885.9,0,0,0,0,1211.142901062721
280jcaoe(3),177onsdc(3),295hepjo(3),854mhybt(3),|295hepjo(3),854mhybt(3),|280jcaoe(3),177onsdc(3),295hepjo(3),854mhybt(3),|177onsdc(3),295hepjo(3),854mhybt(3),;21646.9,27248.3,22527.6,22885.9,0,0,0,0,1216.142901062721
177onsdc(3),295hepjo(3),854mhybt(3),|295hepjo(3),854mhybt(3),|177onsdc(3),295hepjo(3),854mhybt(3),|177onsdc(3),295hepjo(3),854mhybt(3),;26408.5,27248.3,27289.2,22885.9,0,0,0,0,1221.142901062721
177onsdc(3),295hepjo(3),854mhybt(3),|295hepjo(3),854mhybt(3),|177onsdc(3),295hepjo(3),854mhybt(3),|177onsdc(3),295hepjo(3),854mhybt(3),;26408.5,27248.3,27289.2,22885.9,0,0,0,0,1226.142901062721
177onsdc(3),295hepjo(3),854mhybt(3),|295hepjo(3),854mhybt(3),|177onsdc(3),295hepjo(3),854mhybt(3),|177onsdc(3),295hepjo(3),854mhybt(3),;26408.5,27248.3,27289.2,22885.9,0,0,0,0,1231.142901062721
177onsdc(3),295hepjo(3),854mhybt(3),|295hepjo(3),854mhybt(3),|177onsdc(3),295hepjo(3),854mhybt(3),|177onsdc(3),295hepjo(3),854mhybt(3),;26408.5,27248.3,27289.2,22885.9,0,0,0,0,1236.142901062721
177onsdc(3),295hepjo(3),854mhybt(3),|295hepjo(3),854mhybt(3),|177onsdc(3),295hepjo(3),854mhybt(3),|177onsdc(3),295hepjo(3),854mhybt(3),;26408.5,27248.3,27289.2,22885.9,0,0,0,0,1241.142901062721
177onsdc(3),295hepjo(3),854mhybt(3),|295hepjo(3),854mhybt(3),|177onsdc(3),295hepjo(3),854mhybt(3),|177onsdc(3),295hepjo(3),854mhybt(3),;26408.5,27248.3,27289.2,22885.9,0,0,0,0,1246.142901062721
177onsdc(3),295hepjo(3),854mhybt(3),|295hepjo(3),854mhybt(3),|177onsdc(3),295hepjo(3),854mhybt(3),|177onsdc(3),295hepjo(3),854mhybt(3),;26408.5,27248.3,27289.2,22885.9,0,0,0,0,1251.142901062721
177onsdc(3),295hepjo(3),854mhybt(3),|295hepjo(3),854mhybt(3),|177onsdc(3),295hepjo(3),854mhybt(3),|177onsdc(3),295hepjo(3),854mhybt(3),;26408.5,27248.3,27289.2,22885.9,0,0,0,0,1256.142901062721
177onsdc(3),295hepjo(3),854mhybt(3),|295hepjo(3),854mhybt(3),|177onsdc(3),295hepjo(3),854mhybt(3),|177onsdc(3),295hepjo(3),854mhybt(3),;26408.5,27248.3,27289.2,22885.9,0,0,0,0,1261.142901062721
177onsdc(3),295hepjo(3),854mhybt(3),|295hepjo(3),854mhybt(3),|177onsdc(3),295hepjo(3),854mhybt(3),|177onsdc(3),295hepjo(3),854mhybt(3),;26408.5,27248.3,27289.2,22885.9,0,0,0,0,1266.142901062721
177onsdc(3),295hepjo(3),854mhybt(3),|295hepjo(3),854mhybt(3),|177onsdc(3),295hepjo(3),854mhybt(3),|177onsdc(3),295hepjo(3),854mhybt(3),;26408.5,27248.3,27289.2,22885.9,0,0,0,0,1271.142901062721
177onsdc(3),295hepjo(3),854mhybt(3),|295hepjo(3),854mhybt(3),|177onsdc(3),295hepjo(3),854mhybt(3),|177onsdc(3),295hepjo(3),854mhybt(3),;26408.5,27248.3,27289.2,22885.9,0,0,0,0,1276.142901062721
177onsdc(3),295hepjo(3),854mhybt(3),|295hepjo(3),854mhybt(3),|177onsdc(3),295hepjo(3),854mhybt(3),|177onsdc(3),295hepjo(3),854mhybt(3),;26408.5,27248.3,27289.2,22885.9,0,0,0,0,1281.142901062721
177onsdc(3),295hepjo(3),854mhybt(3),|295hepjo(3),854mhybt(3),|177onsdc(3),295hepjo(3),854mhybt(3),|177onsdc(3),295hepjo(3),854mhybt(3),;26408.5,27248.3,27289.2,22885.9,0,0,0,0,1286.142901062721
177onsdc(3),295hepjo(3),854mhybt(3),|295hepjo(3),854mhybt(3),|177onsdc(3),295hepjo(3),854mhybt(3),|177onsdc(3),295hepjo(3),854mhybt(3),;26408.5,27248.3,27289.2,22885.9,0,0,0,0,1291.142901062721
177onsdc(3),295hepjo(3),854mhybt(3),|295hepjo(3),854mhybt(3),|177onsdc(3),295hepjo(3),854mhybt(3),|177onsdc(3),295hepjo(3),854mhybt(3),;26408.5,27248.3,27289.2,22885.9,0,0,0,0,1296.142901062721
177onsdc(3),295hepjo(3),854mhybt(3),854nrzje(0),|295hepjo(3),854mhybt(3),854nrzje(0),|177onsdc(3),295hepjo(3),854mhybt(3),854nrzje(0),|177onsdc(3),295hepjo(3),854mhybt(3),854nrzje(0),;24212,25784,25092.7,21421.6,17.306542334177,11.951314905605,17.306542334177,11.951314905605,1301.142901062721
177onsdc(3),295hepjo(3),854mhybt(3),854nrzje(2),|295hepjo(3),854mhybt(3),854nrzje(2),|177onsdc(3),295hepjo(3),854mhybt(3),854nrzje(2),|177onsdc(3),295hepjo(3),854mhybt(3),854nrzje(2),;24212,25784,25092.7,21421.6,12.306542334177,6.951314905605,12.306542334177,6.951314905605,1306.142901062721
177onsdc(3),295hepjo(3),854mhybt(3),854nrzje(2),|295hepjo(3),854mhybt(3),854nrzje(2),|177onsdc(3),295hepjo(3),854mhybt(3),854nrzje(2),|177onsdc(3),295hepjo(3),854mhybt(3),854nrzje(2),;24212,25784,25092.7,21421.6,7.306542334177,1.951314905605,7.306542334177,1.951314905605,1311.142901062721
177onsdc(3),295hepjo(3),854mhybt(3),854nrzje(2),|295hepjo(3),854mhybt(3),854nrzje(3),|177onsdc(3),295hepjo(3),854mhybt(3),854nrzje(2),|177onsdc(3),295hepjo(3),854mhybt(3),854nrzje(3),;24212,25784,25092.7,21421.6,2.306542334177,0,2.306542334177,0,1316.142901062721
177onsdc(3),295hepjo(3),854mhybt(3),854nrzje(3),|295hepjo(3),854mhybt(3),854nrzje(3),|177onsdc(3),295hepjo(3),854mhybt(3),854nrzje(3),|177onsdc(3),295hepjo(3),854mhybt(3),854nrzje(3),;24212,25784,25092.7,21421.6,0,0,0,0,1321.142901062721
177onsdc(3),295hepjo(3),854mhybt(3),854nrzje(3),|295hepjo(3),854mhybt(3),854nrzje(3),|177onsdc(3),295hepjo(3),854mhybt(3),854nrzje(3),|177onsdc(3),295hepjo(3),854mhybt(3),854nrzje(3),;24212,25784,25092.7,21421.6,0,0,0,0,1326.142901062721
177onsdc(3),295hepjo(3),854mhybt(3),854nrzje(3),|295hepjo(3),854mhybt(3),854nrzje(3),|177onsdc(3),295hepjo(3),854mhybt(3),854nrzje(3),|177onsdc(3),295hepjo(3),854mhybt(3),854nrzje(3),;24212,25784,25092.7,21421.6,0,0,0,0,1331.142901062721
177onsdc(3),295hepjo(3),854mhybt(3),854nrzje(3),|295hepjo(3),854mhybt(3),854nrzje(3),|177onsdc(3),295hepjo(3),854mhybt(3),854nrzje(3),|177onsdc(3),295hepjo(3),854mhybt(3),854nrzje(3),;24212,25784,25092.7,21421.6,0,0,0,0,1336.142901062721
177onsdc(3),295hepjo(3),854mhybt(3),854nrzje(3),|295hepjo(3),854mhybt(3),854nrzje(3),|177onsdc(3),295hepjo(3),854mhybt(3),854nrzje(3),|177onsdc(3),295hepjo(3),854mhybt(3),854nrzje(3),;24212,25784,25092.7,21421.6,0,0,0,0,1341.142901062721
177onsdc(3),295hepjo(3),854mhybt(3),854nrzje(3),|295hepjo(3),854mhybt(3),854nrzje(3),|177onsdc(3),295hepjo(3),854mhybt(3),854nrzje(3),|177onsdc(3),295hepjo(3),854mhybt(3),854nrzje(3),;24212,25784,25092.7,21421.6,0,0,0,0,1346.142901062721
177onsdc(3),295hepjo(3),854mhybt(3),854nrzje(3),|295hepjo(3),854mhybt(3),854nrzje(3),|177onsdc(3),295hepjo(3),854mhybt(3),854nrzje(3),|177onsdc(3),295hepjo(3),854mhybt(3),854nrzje(3),;24212,25784,25092.7,21421.6,0,0,0,0,1351.142901062721
177onsdc(3),295hepjo(3),854mhybt(3),854nrzje(3),|295hepjo(3),854mhybt(3),854nrzje(3),|177onsdc(3),295hepjo(3),854mhybt(3),854nrzje(3),|177onsdc(3),295hepjo(3),854mhybt(3),854nrzje(3),;24212,25784,25092.7,21421.6,0,0,0,0,1356.142901062721
177onsdc(3),295hepjo(3),854mhybt(3),854nrzje(3),|295hepjo(3),854mhybt(3),854nrzje(3),|177onsdc(3),295hepjo(3),854mhybt(3),854nrzje(3),|177onsdc(3),295hepjo(3),854mhybt(3),854nrzje(3),;24212,25784,25092.7,21421.6,0,0,0,0,1361.142901062721
177onsdc(3),295hepjo(3),854mhybt(3),854nrzje(3),|295hepjo(3),854mhybt(3),854nrzje(3),|177onsdc(3),295hepjo(3),854mhybt(3),854nrzje(3),|177onsdc(3),295hepjo(3),854mhybt(3),854nrzje(3),;24212,25784,25092.7,21421.6,0,0,0,0,1366.142901062721
177onsdc(3),295hepjo(3),854mhybt(3),854nrzje(3),|295hepjo(3),854mhybt(3),854nrzje(3),|177onsdc(3),295hepjo(3),854mhybt(3),854nrzje(3),|177onsdc(3),295hepjo(3),854mhybt(3),854nrzje(3),;24212,25784,25092.7,21421.6,0,0,0,0,1371.142901062721
177onsdc(3),295hepjo(3),854mhybt(3),854nrzje(3),|295hepjo(3),854mhybt(3),854nrzje(3),|177onsdc(3),295hepjo(3),854mhybt(3),854nrzje(3),|177onsdc(3),295hepjo(3),854mhybt(3),854nrzje(3),;24212,25784,25092.7,21421.6,0,0,0,0,1376.142901062721
177onsdc(3),295hepjo(3),854mhybt(3),854nrzje(3),|295hepjo(3),854mhybt(3),854nrzje(3),|177onsdc(3),295hepjo(3),854mhybt(3),854nrzje(3),|177onsdc(3),295hepjo(3),854mhybt(3),854nrzje(3),;24212,25784,25092.7,21421.6,0,0,0,0,1381.142901062721
177onsdc(3),295hepjo(3),854mhybt(3),854nrzje(3),|295hepjo(3),854mhybt(3),854nrzje(3),|177onsdc(3),295hepjo(3),854mhybt(3),854nrzje(3),|177onsdc(3),295hepjo(3),854mhybt(3),854nrzje(3),;24212,25784,25092.7,21421.6,0,0,0,0,1386.142901062721
177onsdc(3),295hepjo(3),854mhybt(3),854nrzje(3),|295hepjo(3),854mhybt(3),854nrzje(3),|177onsdc(3),295hepjo(3),854mhybt(3),854nrzje(3),|177onsdc(3),295hepjo(3),854mhybt(3),854nrzje(3),;24212,25784,25092.7,21421.6,0,0,0,0,1391.142901062721
177onsdc(3),295hepjo(3),854mhybt(3),854nrzje(3),|295hepjo(3),854mhybt(3),854nrzje(3),|177onsdc(3),295hepjo(3),854mhybt(3),854nrzje(3),|177onsdc(3),295hepjo(3),854mhybt(3),854nrzje(3),;24212,25784,25092.7,21421.6,0,0,0,0,1396.142901062721
177onsdc(3),295hepjo(3),854mhybt(3),854nrzje(3),|295hepjo(3),854mhybt(3),854nrzje(3),|177onsdc(3),295hepjo(3),854mhybt(3),854nrzje(3),|177onsdc(3),295hepjo(3),854mhybt(3),854nrzje(3),;24212,25784,25092.7,21421.6,0,0,0,0,1401.142901062721
177onsdc(3),295hepjo(3),854mhybt(3),854nrzje(3),|295hepjo(3),854mhybt(3),854nrzje(3),|177onsdc(3),295hepjo(3),854mhybt(3),854nrzje(3),|177onsdc(3),295hepjo(3),854mhybt(3),854nrzje(3),;24212,25784,25092.7,21421.6,0,0,0,0,1406.142901062721
177onsdc(3),295hepjo(3),854mhybt(3),854nrzje(3),|295hepjo(3),854mhybt(3),854nrzje(3),|177onsdc(3),295hepjo(3),854mhybt(3),854nrzje(3),|177onsdc(3),295hepjo(3),854mhybt(3),854nrzje(3),;24212,25784,25092.7,21421.6,0,0,0,0,1411.142901062721
177onsdc(3),295hepjo(3),854mhybt(3),854nrzje(3),|295hepjo(3),854mhybt(3),854nrzje(3),|177onsdc(3),295hepjo(3),854mhybt(3),854nrzje(3),|177onsdc(3),295hepjo(3),854mhybt(3),854nrzje(3),;24212,25784,25092.7,21421.6,0,0,0,0,1416.142901062721
177onsdc(3),295hepjo(3),854mhybt(3),854nrzje(3),|295hepjo(3),854mhybt(3),854nrzje(3),|177onsdc(3),295hepjo(3),854mhybt(3),854nrzje(3),|177onsdc(3),295hepjo(3),854mhybt(3),854nrzje(3),;24212,25784,25092.7,21421.6,0,0,0,0,1421.142901062721
177onsdc(3),295hepjo(3),854mhybt(3),854nrzje(3),|295hepjo(3),854mhybt(3),854nrzje(3),|177onsdc(3),295hepjo(3),854mhybt(3),854nrzje(3),|177onsdc(3),295hepjo(3),854mhybt(3),854nrzje(3),;24212,25784,25092.7,21421.6,0,0,0,0,1426.142901062721
177onsdc(3),295hepjo(3),854mhybt(3),854nrzje(3),|295hepjo(3),854mhybt(3),854nrzje(3),|177onsdc(3),295hepjo(3),854mhybt(3),854nrzje(3),|177onsdc(3),295hepjo(3),854mhybt(3),854nrzje(3),;24212,25784,25092.7,21421.6,0,0,0,0,1431.142901062721
177onsdc(3),295hepjo(3),854mhybt(3),854nrzje(3),|295hepjo(3),854mhybt(3),854nrzje(3),|177onsdc(3),295hepjo(3),854mhybt(3),854nrzje(3),|177onsdc(3),295hepjo(3),854mhybt(3),854nrzje(3),;24212,25784,25092.7,21421.6,0,0,0,0,1436.142901062721
177onsdc(3),295hepjo(3),854mhybt(3),854nrzje(3),|295hepjo(3),854mhybt(3),854nrzje(3),|177onsdc(3),295hepjo(3),854mhybt(3),854nrzje(3),|177onsdc(3),295hepjo(3),854mhybt(3),854nrzje(3),;24212,25784,25092.7,21421.6,0,0,0,0,1441.142901062721
177onsdc(3),854mhybt(3),854nrzje(3),|854mhybt(3),854nrzje(3),|177onsdc(3),854mhybt(3),854nrzje(3),|177onsdc(3),854mhybt(3),854nrzje(3),;26096.2,28610.2,27918.9,23305.8,0,0,0,0,1446.142901062721
177onsdc(3),||177onsdc(3),|177onsdc(3),;31088.2,32870,31979.1,26633.8,0,0,0,0,1451.142901062721
|||;32870,32870,32870,32870,0,0,0,0,1456.142901062721
|||;32870,32870,32870,32870,0,0,0,0,1461.142901062721
|||;32870,32870,32870,32870,0,0,0,0,1466.142901062721
|||;32870,32870,32870,32870,0,0,0,0,1471.142901062721
|||;32870,32870,32870,32870,0,0,0,0,1476.142901062721
|||;32870,32870,32870,32870,0,0,0,0,1481.142901062721
|||;32870,32870,32870,32870,0,0,0,0,1486.142901062721
|||;32870,32870,32870,32870,0,0,0,0,1491.142901062721
|||;32870,32870,32870,32870,0,0,0,0,1496.142901062721
|||;32870,32870,32870,32870,0,0,0,0,1501.142901062721
|||;32870,32870,32870,32870,0,0,0,0,1506.142901062721
|||;32870,32870,32870,32870,0,0,0,0,1511.142901062721
|||;32870,32870,32870,32870,0,0,0,0,1516.142901062721
|||;32870,32870,32870,32870,0,0,0,0,1521.142901062721
|||;32870,32870,32870,32870,0,0,0,0,1526.142901062721
|||;32870,32870,32870,32870,0,0,0,0,1531.142901062721
|||;32870,32870,32870,32870,0,0,0,0,1536.142901062721
|||;32870,32870,32870,32870,0,0,0,0,1541.142901062721
|||;32870,32870,32870,32870,0,0,0,0,1546.142901062721
|||;32870,32870,32870,32870,0,0,0,0,1551.142901062721
|||;32870,32870,32870,32870,0,0,0,0,1556.142901062721
|||;32870,32870,32870,32870,0,0,0,0,1561.142901062721
|||;32870,32870,32870,32870,0,0,0,0,1566.142901062721
|||;32870,32870,32870,32870,0,0,0,0,1571.142901062721
|||;32870,32870,32870,32870,0,0,0,0,1576.142901062721
|||;32870,32870,32870,32870,0,0,0,0,1581.142901062721
|||;32870,32870,32870,32870,0,0,0,0,1586.142901062721
|||;32870,32870,32870,32870,0,0,0,0,1591.142901062721
|||;32870,32870,32870,32870,0,0,0,0,1596.142901062721
|||;32870,32870,32870,32870,0,0,0,0,1601.142901062721
|||;32870,32870,32870,32870,0,0,0,0,1606.142901062721
|||;32870,32870,32870,32870,0,0,0,0,1611.142901062721
|||;32870,32870,32870,32870,0,0,0,0,1616.142901062721
|||;32870,32870,32870,32870,0,0,0,0,1621.142901062721
|||;32870,32870,32870,32870,0,0,0,0,1626.142901062721
|||;32870,32870,32870,32870,0,0,0,0,1631.142901062721
|||;32870,32870,32870,32870,0,0,0,0,1636.142901062721
|||;32870,32870,32870,32870,0,0,0,0,1641.142901062721
|||;32870,32870,32870,32870,0,0,0,0,1646.142901062721
|||;32870,32870,32870,32870,0,0,0,0,1651.142901062721
|||;32870,32870,32870,32870,0,0,0,0,1656.142901062721
|||;32870,32870,32870,32870,0,0,0,0,1661.142901062721
|||;32870,32870,32870,32870,0,0,0,0,1666.142901062721
|||;32870,32870,32870,32870,0,0,0,0,1671.142901062721
|||;32870,32870,32870,32870,0,0,0,0,1676.142901062721
|||;32870,32870,32870,32870,0,0,0,0,1681.142901062721
|||;32870,32870,32870,32870,0,0,0,0,1686.142901062721
|||;32870,32870,32870,32870,0,0,0,0,1691.142901062721
|||;32870,32870,32870,32870,0,0,0,0,1696.142901062721
|||;32870,32870,32870,32870,0,0,0,0,1701.142901062721
|||;32870,32870,32870,32870,0,0,0,0,1706.142901062721
|||;32870,32870,32870,32870,0,0,0,0,1711.142901062721
|||;32870,32870,32870,32870,0,0,0,0,1716.142901062721
|||;32870,32870,32870,32870,0,0,0,0,1721.142901062721
|||;32870,32870,32870,32870,0,0,0,0,1726.142901062721
|||;32870,32870,32870,32870,0,0,0,0,1731.142901062721
|||;32870,32870,32870,32870,0,0,0,0,1736.142901062721
|||;32870,32870,32870,32870,0,0,0,0,1741.142901062721
|||;32870,32870,32870,32870,0,0,0,0,1746.142901062721
|||;32870,32870,32870,32870,0,0,0,0,1751.142901062721
|||;32870,32870,32870,32870,0,0,0,0,1756.142901062721
|||;32870,32870,32870,32870,0,0,0,0,1761.142901062721
|||;32870,32870,32870,32870,0,0,0,0,1766.142901062721
|||;32870,32870,32870,32870,0,0,0,0,1771.142901062721
|||;32870,32870,32870,32870,0,0,0,0,1776.142901062721
|||;32870,32870,32870,32870,0,0,0,0,1781.142901062721
|||;32870,32870,32870,32870,0,0,0,0,1786.142901062721
|||;32870,32870,32870,32870,0,0,0,0,1791.142901062721
|||;32870,32870,32870,32870,0,0,0,0,1796.142901062721
|||;32870,32870,32870,32870,0,0,0,0,1801.142901062721
|||;32870,32870,32870,32870,0,0,0,0,1806.142901062721
|||;32870,32870,32870,32870,0,0,0,0,1811.142901062721
|||;32870,32870,32870,32870,0,0,0,0,1816.142901062721
|||;32870,32870,32870,32870,0,0,0,0,1821.142901062721
|||;32870,32870,32870,32870,0,0,0,0,1826.142901062721
|||;32870,32870,32870,32870,0,0,0,0,1831.142901062721
|||;32870,32870,32870,32870,0,0,0,0,1836.142901062721
|||;32870,32870,32870,32870,0,0,0,0,1841.142901062721
|||;32870,32870,32870,32870,0,0,0,0,1846.142901062721
|||;32870,32870,32870,32870,0,0,0,0,1851.142901062721
|||;32870,32870,32870,32870,0,0,0,0,1856.142901062721
|||;32870,32870,32870,32870,0,0,0,0,1861.142901062721
|||;32870,32870,32870,32870,0,0,0,0,1866.142901062721
|||;32870,32870,32870,32870,0,0,0,0,1871.142901062721
|||;32870,32870,32870,32870,0,0,0,0,1876.142901062721
|||;32870,32870,32870,32870,0,0,0,0,1881.142901062721
|||;32870,32870,32870,32870,0,0,0,0,1886.142901062721
|||;32870,32870,32870,32870,0,0,0,0,1891.142901062721
|||;32870,32870,32870,32870,0,0,0,0,1896.142901062721
|||;32870,32870,32870,32870,0,0,0,0,1901.142901062721
|||;32870,32870,32870,32870,0,0,0,0,1906.142901062721
|||;32870,32870,32870,32870,0,0,0,0,1911.142901062721
|||;32870,32870,32870,32870,0,0,0,0,1916.142901062721
|||;32870,32870,32870,32870,0,0,0,0,1921.142901062721
|||;32870,32870,32870,32870,0,0,0,0,1926.142901062721
|||;32870,32870,32870,32870,0,0,0,0,1931.142901062721
|||;32870,32870,32870,32870,0,0,0,0,1936.142901062721
|||;32870,32870,32870,32870,0,0,0,0,1941.142901062721
|||;32870,32870,32870,32870,0,0,0,0,1946.142901062721
|||;32870,32870,32870,32870,0,0,0,0,1951.142901062721
|||;32870,32870,32870,32870,0,0,0,0,1956.142901062721
|||;32870,32870,32870,32870,0,0,0,0,1961.142901062721
|||;32870,32870,32870,32870,0,0,0,0,1966.142901062721
|||;32870,32870,32870,32870,0,0,0,0,1971.142901062721
|||;32870,32870,32870,32870,0,0,0,0,1976.142901062721
|||;32870,32870,32870,32870,0,0,0,0,1981.142901062721
|||;32870,32870,32870,32870,0,0,0,0,1986.142901062721
|||;32870,32870,32870,32870,0,0,0,0,1991.142901062721
|||;32870,32870,32870,32870,0,0,0,0,1996.142901062721
