|||;32665,32665,32665,32665,0,0,0,0,1.094953821921
|||;32665,32665,32665,32665,0,0,0,0,6.094953821921
|||;32665,32665,32665,32665,0,0,0,0,11.094953821921
|||;32665,32665,32665,32665,0,0,0,0,16.094953821921
|||;32665,32665,32665,32665,0,0,0,0,21.094953821921
|||;32665,32665,32665,32665,0,0,0,0,26.094953821921
|||;32665,32665,32665,32665,0,0,0,0,31.094953821921
|||;32665,32665,32665,32665,0,0,0,0,36.094953821921
|||;32665,32665,32665,32665,0,0,0,0,41.094953821921
352aeiwo(2),|352aeiwo(2),||352aeiwo(2),;31733.2,31733.2,32665,31733.2,1.187432632741,1.187432632741,0,1.187432632741,46.094953821921
352aeiwo(3),|352aeiwo(3),||352aeiwo(3),;31733.2,31733.2,32665,31733.2,0,0,0,0,51.094953821921
352aeiwo(3),|352aeiwo(3),||352aeiwo(3),;31733.2,31733.2,32665,31733.2,0,0,0,0,56.094953821921
352aeiwo(3),|352aeiwo(3),||352aeiwo(3),;31733.2,31733.2,32665,31733.2,0,0,0,0,61.094953821921
352aeiwo(3),|352aeiwo(3),||352aeiwo(3),;31733.2,31733.2,32665,31733.2,0,0,0,0,66.094953821921
352aeiwo(3),|352aeiwo(3),||352aeiwo(3),;31733.2,31733.2,32665,31733.2,0,0,0,0,71.094953821921
352aeiwo(3),|352aeiwo(3),||352aeiwo(3),;31733.2,31733.2,32665,31733.2,0,0,0,0,76.094953821921
352aeiwo(3),|352aeiwo(3),||352aeiwo(3),;31733.2,31733.2,32665,31733.2,0,0,0,0,81.094953821921
352aeiwo(3),|352aeiwo(3),||352aeiwo(3),;31733.2,31733.2,32665,31733.2,0,0,0,0,86.094953821921
352aeiwo(3),|352aeiwo(3),||352aeiwo(3),;31733.2,31733.2,32665,31733.2,0,0,0,0,91.094953821921
352aeiwo(3),|352aeiwo(3),||352aeiwo(3),;31733.2,31733.2,32665,31733.2,0,0,0,0,96.094953821921
352aeiwo(3),|352aeiwo(3),||352aeiwo(3),;31733.2,31733.2,32665,31733.2,0,0,0,0,101.094953821921
352aeiwo(3),|352aeiwo(3),||352aeiwo(3),;31733.2,31733.2,32665,31733.2,0,0,0,0,106.094953821921
352aeiwo(3),|352aeiwo(3),||352aeiwo(3),;31733.2,31733.2,32665,31733.2,0,0,0,0,111.094953821921
352aeiwo(3),|352aeiwo(3),||352aeiwo(3),;31733.2,31733.2,32665,31733.2,0,0,0,0,116.094953821921
352aeiwo(3),|352aeiwo(3),||352aeiwo(3),;31733.2,31733.2,32665,31733.2,0,0,0,0,121.094953821921
352aeiwo(3),|352aeiwo(3),||352aeiwo(3),;31733.2,31733.2,32665,31733.2,0,0,0,0,126.094953821921
352aeiwo(3),|352aeiwo(3),||352aeiwo(3),;31733.2,31733.2,32665,31733.2,0,0,0,0,131.094953821921
352aeiwo(3),|352aeiwo(3),||352aeiwo(3),;31733.2,31733.2,32665,31733.2,0,0,0,0,136.094953821921
352aeiwo(3),|352aeiwo(3),||352aeiwo(3),;31733.2,31733.2,32665,31733.2,0,0,0,0,141.094953821921
352aeiwo(3),|352aeiwo(3),||352aeiwo(3),;31733.2,31733.2,32665,31733.2,0,0,0,0,146.094953821921
352aeiwo(3),|352aeiwo(3),||352aeiwo(3),;31733.2,31733.2,32665,31733.2,0,0,0,0,151.094953821921
352aeiwo(3),|352aeiwo(3),||352aeiwo(3),;31733.2,31733.2,32665,31733.2,0,0,0,0,156.094953821921
|||;32665,32665,32665,32665,0,0,0,0,161.094953821921
|||;32665,32665,32665,32665,0,0,0,0,166.094953821921
|||;32665,32665,32665,32665,0,0,0,0,171.094953821921
|||;32665,32665,32665,32665,0,0,0,0,176.094953821921
|||;32665,32665,32665,32665,0,0,0,0,181.094953821921
|||;32665,32665,32665,32665,0,0,0,0,186.094953821921
|||;32665,32665,32665,32665,0,0,0,0,191.094953821921
|||;32665,32665,32665,32665,0,0,0,0,196.094953821921
|||;32665,32665,32665,32665,0,0,0,0,201.094953821921
|||;32665,32665,32665,32665,0,0,0,0,206.094953821921
|||;32665,32665,32665,32665,0,0,0,0,211.094953821921
|||;32665,32665,32665,32665,0,0,0,0,216.094953821921
|||;32665,32665,32665,32665,0,0,0,0,221.094953821921
|||;32665,32665,32665,32665,0,0,0,0,226.094953821921
|||;32665,32665,32665,32665,0,0,0,0,231.094953821921
215lhtum(2),|215lhtum(2),|215lhtum(2),|215lhtum(2),;29915.6,31748.5,29915.6,31748.5,9.275182174802,1.049489806007,9.275182174802,1.049489806007,236.094953821921
215lhtum(2),||215lhtum(2),|;29915.6,32665,29915.6,32665,4.275182174802,0,4.275182174802,0,241.094953821921
|||;32665,32665,32665,32665,0,0,0,0,246.094953821921
|||;32665,32665,32665,32665,0,0,0,0,251.094953821921
|||;32665,32665,32665,32665,0,0,0,0,256.094953821921
|||;32665,32665,32665,32665,0,0,0,0,261.094953821921
|||;32665,32665,32665,32665,0,0,0,0,266.094953821921
|||;32665,32665,32665,32665,0,0,0,0,271.094953821921
|||;32665,32665,32665,32665,0,0,0,0,276.094953821921
|||;32665,32665,32665,32665,0,0,0,0,281.094953821921
|||;32665,32665,32665,32665,0,0,0,0,286.094953821921
|||;32665,32665,32665,32665,0,0,0,0,291.094953821921
|||;32665,32665,32665,32665,0,0,0,0,296.094953821921
|||;32665,32665,32665,32665,0,0,0,0,301.094953821921
|||;32665,32665,32665,32665,0,0,0,0,306.094953821921
|||;32665,32665,32665,32665,0,0,0,0,311.094953821921
|||;32665,32665,32665,32665,0,0,0,0,316.094953821921
385lxero(2),289lxwer(0),|385lxero(2),289lxwer(0),|385lxero(2),289lxwer(0),|289lxwer(0),;27550.1,28538.3,28538.3,29700.5,27.004122201941,22.569600896977,22.569600896977,20.570619790594,321.094953821921
385lxero(2),289lxwer(1),144hyvie(0),|385lxero(2),289lxwer(1),144hyvie(0),|385lxero(2),289lxwer(1),144hyvie(0),|289lxwer(2),144hyvie(0),;26905,27248.1,26602.9,27120,28.734758026369,27.195312806511,30.090388891617,30.986483870341,326.094953821921
289lxwer(2),144hyvie(1),|289lxwer(2),144hyvie(1),|289lxwer(2),144hyvie(1),|289lxwer(2),144hyvie(1),;29055.4,29398.5,28753.3,27120,23.734758026369,22.195312806511,25.090388891617,25.986483870341,331.094953821921
289lxwer(2),144hyvie(1),|144hyvie(2),|144hyvie(2),|144hyvie(2),;29055.4,31374.8,30729.6,30084.5,18.734758026369,17.195312806511,20.090388891617,20.986483870341,336.094953821921
144hyvie(2),302lxkmq(0),|144hyvie(2),302lxkmq(0),|144hyvie(2),302lxkmq(0),|144hyvie(2),302lxkmq(0),;29715.9,29070.8,29193.6,28548.5,30.381294916368,28.84184969651,28.290406632679,29.186501611404,341.094953821921
144hyvie(3),302lxkmq(2),|144hyvie(3),302lxkmq(2),|144hyvie(3),302lxkmq(2),|144hyvie(3),302lxkmq(1),;29715.9,29070.8,29193.6,28548.5,25.381294916368,23.84184969651,23.290406632679,24.186501611404,346.094953821921
144hyvie(3),302lxkmq(2),|144hyvie(3),302lxkmq(2),|144hyvie(3),302lxkmq(3),|144hyvie(3),302lxkmq(2),;29715.9,29070.8,29193.6,28548.5,20.381294916368,18.84184969651,18.290406632679,19.186501611404,351.094953821921
144hyvie(3),302lxkmq(3),|144hyvie(3),302lxkmq(3),|144hyvie(3),302lxkmq(3),|144hyvie(3),302lxkmq(3),;29715.9,29070.8,29193.6,28548.5,15.381294916368,13.84184969651,13.290406632679,14.186501611404,356.094953821921
144hyvie(3),302lxkmq(3),|144hyvie(3),302lxkmq(3),|144hyvie(3),302lxkmq(3),|144hyvie(3),302lxkmq(3),;29715.9,29070.8,29193.6,28548.5,10.381294916368,8.84184969651,8.290406632679,9.186501611404,361.094953821921
144hyvie(3),302lxkmq(3),|144hyvie(3),302lxkmq(3),|144hyvie(3),302lxkmq(3),|144hyvie(3),302lxkmq(3),;29715.9,29070.8,29193.6,28548.5,5.381294916368,3.84184969651,3.290406632679,4.186501611404,366.094953821921
144hyvie(3),302lxkmq(3),|144hyvie(3),302lxkmq(3),|144hyvie(3),302lxkmq(3),|144hyvie(3),302lxkmq(3),;29715.9,29070.8,29193.6,28548.5,0.381294916368,0,0,0,371.094953821921
144hyvie(3),302lxkmq(3),|144hyvie(3),302lxkmq(3),|144hyvie(3),302lxkmq(3),|144hyvie(3),302lxkmq(3),;29715.9,29070.8,29193.6,28548.5,0,0,0,0,376.094953821921
144hyvie(3),302lxkmq(3),|144hyvie(3),302lxkmq(3),|144hyvie(3),302lxkmq(3),|144hyvie(3),302lxkmq(3),;29715.9,29070.8,29193.6,28548.5,0,0,0,0,381.094953821921
144hyvie(3),302lxkmq(3),|144hyvie(3),302lxkmq(3),|144hyvie(3),302lxkmq(3),|144hyvie(3),302lxkmq(3),;29715.9,29070.8,29193.6,28548.5,0,0,0,0,386.094953821921
144hyvie(3),302lxkmq(3),|144hyvie(3),302lxkmq(3),|144hyvie(3),302lxkmq(3),|144hyvie(3),302lxkmq(3),;29715.9,29070.8,29193.6,28548.5,0,0,0,0,391.094953821921
144hyvie(3),302lxkmq(3),|144hyvie(3),302lxkmq(3),|144hyvie(3),302lxkmq(3),|144hyvie(3),302lxkmq(3),;29715.9,29070.8,29193.6,28548.5,0,0,0,0,396.094953821921
144hyvie(3),302lxkmq(3),|144hyvie(3),302lxkmq(3),|144hyvie(3),302lxkmq(3),|144hyvie(3),302lxkmq(3),;29715.9,29070.8,29193.6,28548.5,0,0,0,0,401.094953821921
144hyvie(3),302lxkmq(3),|144hyvie(3),302lxkmq(3),|144hyvie(3),302lxkmq(3),|144hyvie(3),302lxkmq(3),;29715.9,29070.8,29193.6,28548.5,0,0,0,0,406.094953821921
144hyvie(3),302lxkmq(3),|144hyvie(3),302lxkmq(3),|144hyvie(3),302lxkmq(3),|144hyvie(3),302lxkmq(3),968akytj(0),;29715.9,29070.8,29193.6,27319.7,0,0,0,7.711791374564,411.094953821921
144hyvie(3),302lxkmq(3),|144hyvie(3),302lxkmq(3),|144hyvie(3),302lxkmq(3),|144hyvie(3),302lxkmq(3),968akytj(2),;29715.9,29070.8,29193.6,27319.7,0,0,0,2.711791374564,416.094953821921
144hyvie(3),302lxkmq(3),|144hyvie(3),302lxkmq(3),|144hyvie(3),302lxkmq(3),|144hyvie(3),302lxkmq(3),968akytj(3),;29715.9,29070.8,29193.6,27319.7,0,0,0,0,421.094953821921
144hyvie(3),302lxkmq(3),|144hyvie(3),302lxkmq(3),|144hyvie(3),302lxkmq(3),|144hyvie(3),302lxkmq(3),968akytj(3),;29715.9,29070.8,29193.6,27319.7,0,0,0,0,426.094953821921
144hyvie(3),302lxkmq(3),|144hyvie(3),302lxkmq(3),|144hyvie(3),302lxkmq(3),|144hyvie(3),302lxkmq(3),968akytj(3),;29715.9,29070.8,29193.6,27319.7,0,0,0,0,431.094953821921
144hyvie(3),302lxkmq(3),|144hyvie(3),302lxkmq(3),|144hyvie(3),302lxkmq(3),|144hyvie(3),302lxkmq(3),968akytj(3),;29715.9,29070.8,29193.6,27319.7,0,0,0,0,436.094953821921
144hyvie(3),302lxkmq(3),|144hyvie(3),302lxkmq(3),|144hyvie(3),302lxkmq(3),|144hyvie(3),302lxkmq(3),968akytj(3),;29715.9,29070.8,29193.6,27319.7,0,0,0,0,441.094953821921
144hyvie(3),302lxkmq(3),|144hyvie(3),302lxkmq(3),|144hyvie(3),302lxkmq(3),|144hyvie(3),302lxkmq(3),968akytj(3),;29715.9,29070.8,29193.6,27319.7,0,0,0,0,446.094953821921
144hyvie(3),302lxkmq(3),|144hyvie(3),302lxkmq(3),|144hyvie(3),302lxkmq(3),|144hyvie(3),302lxkmq(3),968akytj(3),;29715.9,29070.8,29193.6,27319.7,0,0,0,0,451.094953821921
144hyvie(3),302lxkmq(3),|144hyvie(3),302lxkmq(3),|144hyvie(3),302lxkmq(3),|144hyvie(3),302lxkmq(3),968akytj(3),;29715.9,29070.8,29193.6,27319.7,0,0,0,0,456.094953821921
144hyvie(3),302lxkmq(3),|144hyvie(3),302lxkmq(3),|144hyvie(3),302lxkmq(3),|144hyvie(3),302lxkmq(3),968akytj(3),;29715.9,29070.8,29193.6,27319.7,0,0,0,0,461.094953821921
144hyvie(3),302lxkmq(3),|144hyvie(3),302lxkmq(3),|144hyvie(3),302lxkmq(3),|144hyvie(3),302lxkmq(3),968akytj(3),;29715.9,29070.8,29193.6,27319.7,0,0,0,0,466.094953821921
144hyvie(3),302lxkmq(3),|144hyvie(3),302lxkmq(3),|144hyvie(3),302lxkmq(3),|144hyvie(3),302lxkmq(3),968akytj(3),;29715.9,29070.8,29193.6,27319.7,0,0,0,0,471.094953821921
144hyvie(3),302lxkmq(3),144jalou(0),|144hyvie(3),302lxkmq(3),144jalou(0),|144hyvie(3),302lxkmq(3),144jalou(0),|144hyvie(3),302lxkmq(3),968akytj(3),144jalou(0),;25799.1,27504.1,28410.2,26536.3,18.870703117587,8.630354521842,5.216904989927,5.216904989927,476.094953821921
302lxkmq(3),144jalou(2),|302lxkmq(3),144jalou(2),|302lxkmq(3),144jalou(2),|302lxkmq(3),968akytj(3),144jalou(2),;26444.2,28794.3,30345.6,29116.8,13.870703117587,3.630354521842,0.216904989927,0.216904989927,481.094953821921
302lxkmq(3),144jalou(2),|302lxkmq(3),|302lxkmq(3),|302lxkmq(3),968akytj(3),;26444.2,30361,31129,29900.2,8.870703117587,0,0,0,486.094953821921
302lxkmq(3),144jalou(2),121rzmuq(0),|302lxkmq(3),121rzmuq(0),|302lxkmq(3),121rzmuq(0),|302lxkmq(3),968akytj(3),121rzmuq(0),;23602.6,25625,30181.8,28953,22.249861562608,23.918698523809,6.915870722391,6.915870722391,491.094953821921
302lxkmq(3),121rzmuq(2),|302lxkmq(3),121rzmuq(2),|302lxkmq(3),121rzmuq(2),|302lxkmq(3),968akytj(3),121rzmuq(2),;27519.4,25625,30181.8,28953,17.249861562608,18.918698523809,1.915870722391,1.915870722391,496.094953821921
302lxkmq(3),121rzmuq(2),|302lxkmq(3),121rzmuq(2),|302lxkmq(3),|302lxkmq(3),968akytj(3),;27519.4,25625,31129,29900.2,12.249861562608,13.918698523809,0,0,501.094953821921
302lxkmq(3),121rzmuq(2),|302lxkmq(3),121rzmuq(2),|302lxkmq(3),|302lxkmq(3),968akytj(3),;27519.4,25625,31129,29900.2,7.249861562608,8.918698523809,0,0,506.094953821921
302lxkmq(3),121rzmuq(3),|302lxkmq(3),121rzmuq(2),|302lxkmq(3),|302lxkmq(3),968akytj(3),;27519.4,25625,31129,29900.2,2.249861562608,3.918698523809,0,0,511.094953821921
302lxkmq(3),121rzmuq(3),|302lxkmq(3),121rzmuq(3),|302lxkmq(3),|302lxkmq(3),968akytj(3),;27519.4,25625,31129,29900.2,0,0,0,0,516.094953821921
302lxkmq(3),121rzmuq(3),|302lxkmq(3),121rzmuq(3),|302lxkmq(3),|302lxkmq(3),968akytj(3),;27519.4,25625,31129,29900.2,0,0,0,0,521.094953821921
302lxkmq(3),121rzmuq(3),|302lxkmq(3),121rzmuq(3),|302lxkmq(3),|302lxkmq(3),968akytj(3),;27519.4,25625,31129,29900.2,0,0,0,0,526.094953821921
302lxkmq(3),121rzmuq(3),|302lxkmq(3),121rzmuq(3),|302lxkmq(3),|302lxkmq(3),;27519.4,25625,31129,31129,0,0,0,0,531.094953821921
302lxkmq(3),121rzmuq(3),|302lxkmq(3),121rzmuq(3),|302lxkmq(3),|302lxkmq(3),;27519.4,25625,31129,31129,0,0,0,0,536.094953821921
302lxkmq(3),121rzmuq(3),|302lxkmq(3),121rzmuq(3),|302lxkmq(3),|302lxkmq(3),;27519.4,25625,31129,31129,0,0,0,0,541.094953821921
302lxkmq(3),121rzmuq(3),|302lxkmq(3),121rzmuq(3),|302lxkmq(3),|302lxkmq(3),;27519.4,25625,31129,31129,0,0,0,0,546.094953821921
302lxkmq(3),121rzmuq(3),|302lxkmq(3),121rzmuq(3),|302lxkmq(3),|302lxkmq(3),;27519.4,25625,31129,31129,0,0,0,0,551.094953821921
302lxkmq(3),121rzmuq(3),|302lxkmq(3),121rzmuq(3),|302lxkmq(3),|302lxkmq(3),;27519.4,25625,31129,31129,0,0,0,0,556.094953821921
302lxkmq(3),121rzmuq(3),|302lxkmq(3),121rzmuq(3),|302lxkmq(3),|302lxkmq(3),;27519.4,25625,31129,31129,0,0,0,0,561.094953821921
302lxkmq(3),121rzmuq(3),|302lxkmq(3),121rzmuq(3),|302lxkmq(3),|302lxkmq(3),;27519.4,25625,31129,31129,0,0,0,0,566.094953821921
302lxkmq(3),121rzmuq(3),|302lxkmq(3),121rzmuq(3),|302lxkmq(3),|302lxkmq(3),;27519.4,25625,31129,31129,0,0,0,0,571.094953821921
302lxkmq(3),121rzmuq(3),|302lxkmq(3),121rzmuq(3),|302lxkmq(3),|302lxkmq(3),;27519.4,25625,31129,31129,0,0,0,0,576.094953821921
302lxkmq(3),121rzmuq(3),|302lxkmq(3),121rzmuq(3),|302lxkmq(3),|302lxkmq(3),;27519.4,25625,31129,31129,0,0,0,0,581.094953821921
302lxkmq(3),121rzmuq(3),488dxave(0),|302lxkmq(3),121rzmuq(3),488dxave(0),|302lxkmq(3),488dxave(0),|302lxkmq(3),488dxave(0),;25645.5,22814.1,29255.1,28318.1,11.689265936843,15.894019298545,11.689265936843,15.894019298545,586.094953821921
302lxkmq(3),121rzmuq(3),488dxave(2),|302lxkmq(3),121rzmuq(3),488dxave(2),|302lxkmq(3),488dxave(2),|302lxkmq(3),488dxave(2),;25645.5,22814.1,29255.1,28318.1,6.689265936843,10.894019298545,6.689265936843,10.894019298545,591.094953821921
302lxkmq(3),121rzmuq(3),488dxave(2),|302lxkmq(3),121rzmuq(3),488dxave(2),|302lxkmq(3),488dxave(2),|302lxkmq(3),488dxave(2),;25645.5,22814.1,29255.1,28318.1,1.689265936843,5.894019298545,1.689265936843,5.894019298545,596.094953821921
302lxkmq(3),121rzmuq(3),|302lxkmq(3),121rzmuq(3),488dxave(2),|302lxkmq(3),|302lxkmq(3),488dxave(2),;27519.4,22814.1,31129,28318.1,0,0.894019298545,0,0.894019298545,601.094953821921
302lxkmq(3),121rzmuq(3),|302lxkmq(3),121rzmuq(3),|302lxkmq(3),|302lxkmq(3),;27519.4,25625,31129,31129,0,0,0,0,606.094953821921
302lxkmq(3),121rzmuq(3),|302lxkmq(3),121rzmuq(3),|302lxkmq(3),|302lxkmq(3),;27519.4,25625,31129,31129,0,0,0,0,611.094953821921
302lxkmq(3),121rzmuq(3),|302lxkmq(3),121rzmuq(3),|302lxkmq(3),|302lxkmq(3),;27519.4,25625,31129,31129,0,0,0,0,616.094953821921
302lxkmq(3),121rzmuq(3),155wiubn(0),|302lxkmq(3),121rzmuq(3),155wiubn(0),|302lxkmq(3),155wiubn(0),|302lxkmq(3),155wiubn(0),;25829.8,24780.2,29439.4,28594.6,8.33476825507,4.65359719124,8.33476825507,12.015939318899,621.094953821921
302lxkmq(3),121rzmuq(3),155wiubn(2),|302lxkmq(3),121rzmuq(3),|302lxkmq(3),155wiubn(2),|302lxkmq(3),155wiubn(2),;25829.8,25625,29439.4,28594.6,3.33476825507,0,3.33476825507,7.015939318899,626.094953821921
302lxkmq(3),121rzmuq(3),|302lxkmq(3),121rzmuq(3),|302lxkmq(3),|302lxkmq(3),155wiubn(2),;27519.4,25625,31129,28594.6,0,0,0,2.015939318899,631.094953821921
302lxkmq(3),|302lxkmq(3),|302lxkmq(3),|302lxkmq(3),;30361,30361,31129,31129,0,0,0,0,636.094953821921
302lxkmq(3),|302lxkmq(3),302bhwgj(0),|302lxkmq(3),302bhwgj(0),|302lxkmq(3),302bhwgj(0),;30361,27903.4,29285.8,29900.2,0,12.676848917266,9.919633598117,7.162418278968,641.094953821921
302lxkmq(3),|302lxkmq(3),302bhwgj(2),|302lxkmq(3),302bhwgj(2),|302lxkmq(3),302bhwgj(2),;30361,27903.4,29285.8,29900.2,0,7.676848917266,4.919633598117,2.162418278968,646.094953821921
302lxkmq(3),|302lxkmq(3),302bhwgj(2),|302lxkmq(3),302bhwgj(3),|302lxkmq(3),302bhwgj(3),;30361,27903.4,29285.8,29900.2,0,2.676848917266,0,0,651.094953821921
302lxkmq(3),|302lxkmq(3),302bhwgj(3),|302lxkmq(3),302bhwgj(3),|302lxkmq(3),302bhwgj(3),;30361,27903.4,29285.8,29900.2,0,0,0,0,656.094953821921
302lxkmq(3),|302lxkmq(3),302bhwgj(3),|302lxkmq(3),302bhwgj(3),|302lxkmq(3),302bhwgj(3),;30361,27903.4,29285.8,29900.2,0,0,0,0,661.094953821921
302lxkmq(3),|302lxkmq(3),302bhwgj(3),|302lxkmq(3),302bhwgj(3),|302lxkmq(3),302bhwgj(3),;30361,27903.4,29285.8,29900.2,0,0,0,0,666.094953821921
302lxkmq(3),|302lxkmq(3),302bhwgj(3),|302lxkmq(3),302bhwgj(3),|302lxkmq(3),302bhwgj(3),;30361,27903.4,29285.8,29900.2,0,0,0,0,671.094953821921
302lxkmq(3),|302lxkmq(3),302bhwgj(3),|302lxkmq(3),302bhwgj(3),|302lxkmq(3),302bhwgj(3),;30361,27903.4,29285.8,29900.2,0,0,0,0,676.094953821921
302lxkmq(3),|302lxkmq(3),302bhwgj(3),|302lxkmq(3),302bhwgj(3),|302lxkmq(3),302bhwgj(3),;30361,27903.4,29285.8,29900.2,0,0,0,0,681.094953821921
302lxkmq(3),|302lxkmq(3),302bhwgj(3),|302lxkmq(3),302bhwgj(3),|302lxkmq(3),302bhwgj(3),;30361,27903.4,29285.8,29900.2,0,0,0,0,686.094953821921
302lxkmq(3),|302lxkmq(3),302bhwgj(3),|302lxkmq(3),302bhwgj(3),|302lxkmq(3),302bhwgj(3),;30361,27903.4,29285.8,29900.2,0,0,0,0,691.094953821921
302lxkmq(3),|302lxkmq(3),302bhwgj(3),|302lxkmq(3),302bhwgj(3),|302lxkmq(3),302bhwgj(3),;30361,27903.4,29285.8,29900.2,0,0,0,0,696.094953821921
302lxkmq(3),|302lxkmq(3),302bhwgj(3),|302lxkmq(3),302bhwgj(3),|302lxkmq(3),302bhwgj(3),;30361,27903.4,29285.8,29900.2,0,0,0,0,701.094953821921
302lxkmq(3),|302lxkmq(3),302bhwgj(3),|302lxkmq(3),302bhwgj(3),|302lxkmq(3),302bhwgj(3),;30361,27903.4,29285.8,29900.2,0,0,0,0,706.094953821921
302lxkmq(3),|302lxkmq(3),302bhwgj(3),|302lxkmq(3),302bhwgj(3),|302lxkmq(3),302bhwgj(3),;30361,27903.4,29285.8,29900.2,0,0,0,0,711.094953821921
302lxkmq(3),|302lxkmq(3),302bhwgj(3),|302lxkmq(3),302bhwgj(3),|302lxkmq(3),302bhwgj(3),;30361,27903.4,29285.8,29900.2,0,0,0,0,716.094953821921
302lxkmq(3),|302lxkmq(3),302bhwgj(3),|302lxkmq(3),302bhwgj(3),|302lxkmq(3),302bhwgj(3),;30361,27903.4,29285.8,29900.2,0,0,0,0,721.094953821921
302lxkmq(3),|302lxkmq(3),302bhwgj(3),|302lxkmq(3),302bhwgj(3),|302lxkmq(3),302bhwgj(3),;30361,27903.4,29285.8,29900.2,0,0,0,0,726.094953821921
302lxkmq(3),|302lxkmq(3),302bhwgj(3),|302lxkmq(3),302bhwgj(3),|302lxkmq(3),302bhwgj(3),;30361,27903.4,29285.8,29900.2,0,0,0,0,731.094953821921
302lxkmq(3),|302lxkmq(3),302bhwgj(3),|302lxkmq(3),302bhwgj(3),|302lxkmq(3),302bhwgj(3),;30361,27903.4,29285.8,29900.2,0,0,0,0,736.094953821921
302lxkmq(3),242xiduq(2),|302lxkmq(3),302bhwgj(3),242xiduq(2),|302lxkmq(3),302bhwgj(3),|302lxkmq(3),302bhwgj(3),242xiduq(2),;28835.2,24089,29285.8,28374.4,5.25380958671,15.22643665054,0,5.25380958671,741.094953821921
302lxkmq(3),242xiduq(2),|302lxkmq(3),302bhwgj(3),242xiduq(2),|302lxkmq(3),302bhwgj(3),|302lxkmq(3),302bhwgj(3),242xiduq(2),;28835.2,24089,29285.8,28374.4,0.25380958671,10.22643665054,0,0.25380958671,746.094953821921
302lxkmq(3),|302lxkmq(3),302bhwgj(3),242xiduq(2),|302lxkmq(3),302bhwgj(3),|302lxkmq(3),302bhwgj(3),;30361,24089,29285.8,29900.2,0,5.22643665054,0,0,751.094953821921
302lxkmq(3),|302lxkmq(3),302bhwgj(3),242xiduq(2),|302lxkmq(3),302bhwgj(3),|302lxkmq(3),302bhwgj(3),;30361,24089,29285.8,29900.2,0,0.22643665054,0,0,756.094953821921
302lxkmq(3),|302lxkmq(3),302bhwgj(3),|302lxkmq(3),302bhwgj(3),|302lxkmq(3),302bhwgj(3),;30361,27903.4,29285.8,29900.2,0,0,0,0,761.094953821921
302lxkmq(3),488zelra(0),|302lxkmq(3),302bhwgj(3),488zelra(0),|302lxkmq(3),302bhwgj(3),|302lxkmq(3),302bhwgj(3),;29357.5,26899.9,29285.8,29900.2,5.712945447198,5.712945447198,0,0,766.094953821921
302lxkmq(3),488zelra(2),|302lxkmq(3),302bhwgj(3),488zelra(2),|302lxkmq(3),302bhwgj(3),|302lxkmq(3),302bhwgj(3),;29357.5,26899.9,29285.8,29900.2,0.712945447198,0.712945447198,0,0,771.094953821921
302lxkmq(3),|302lxkmq(3),302bhwgj(3),|302lxkmq(3),302bhwgj(3),|302lxkmq(3),302bhwgj(3),;30361,27903.4,29285.8,29900.2,0,0,0,0,776.094953821921
302lxkmq(3),|302lxkmq(3),302bhwgj(3),|302lxkmq(3),302bhwgj(3),|302lxkmq(3),302bhwgj(3),;30361,27903.4,29285.8,29900.2,0,0,0,0,781.094953821921
302lxkmq(3),|302lxkmq(3),302bhwgj(3),|302lxkmq(3),302bhwgj(3),|302lxkmq(3),302bhwgj(3),;30361,27903.4,29285.8,29900.2,0,0,0,0,786.094953821921
302lxkmq(3),|302lxkmq(3),302bhwgj(3),|302lxkmq(3),302bhwgj(3),|302lxkmq(3),302bhwgj(3),;30361,27903.4,29285.8,29900.2,0,0,0,0,791.094953821921
302lxkmq(3),|302lxkmq(3),302bhwgj(3),|302lxkmq(3),302bhwgj(3),|302lxkmq(3),302bhwgj(3),;30361,27903.4,29285.8,29900.2,0,0,0,0,796.094953821921
302lxkmq(3),|302lxkmq(3),302bhwgj(3),|302lxkmq(3),302bhwgj(3),|302lxkmq(3),302bhwgj(3),;30361,27903.4,29285.8,29900.2,0,0,0,0,801.094953821921
302lxkmq(3),|302lxkmq(3),302bhwgj(3),|302lxkmq(3),302bhwgj(3),|302lxkmq(3),302bhwgj(3),;30361,27903.4,29285.8,29900.2,0,0,0,0,806.094953821921
302lxkmq(3),|302lxkmq(3),302bhwgj(3),|302lxkmq(3),302bhwgj(3),|302lxkmq(3),302bhwgj(3),;30361,27903.4,29285.8,29900.2,0,0,0,0,811.094953821921
|||;32665,32665,32665,32665,0,0,0,0,816.094953821921
|||;32665,32665,32665,32665,0,0,0,0,821.094953821921
|||;32665,32665,32665,32665,0,0,0,0,826.094953821921
|||;32665,32665,32665,32665,0,0,0,0,831.094953821921
|||;32665,32665,32665,32665,0,0,0,0,836.094953821921
|||;32665,32665,32665,32665,0,0,0,0,841.094953821921
|||;32665,32665,32665,32665,0,0,0,0,846.094953821921
|||;32665,32665,32665,32665,0,0,0,0,851.094953821921
|||;32665,32665,32665,32665,0,0,0,0,856.094953821921
|||;32665,32665,32665,32665,0,0,0,0,861.094953821921
|||;32665,32665,32665,32665,0,0,0,0,866.094953821921
|||;32665,32665,32665,32665,0,0,0,0,871.094953821921
|||;32665,32665,32665,32665,0,0,0,0,876.094953821921
11mhcbp(2),|11mhcbp(2),|11mhcbp(2),|11mhcbp(2),;30842.3,30842.3,31753.6,29930.9,5.635777114582,5.635777114582,1.545907724511,9.725646504653,881.094953821921
11mhcbp(2),|11mhcbp(2),||11mhcbp(2),;30842.3,30842.3,32665,29930.9,0.635777114582,0.635777114582,0,4.725646504653,886.094953821921
|||;32665,32665,32665,32665,0,0,0,0,891.094953821921
|||;32665,32665,32665,32665,0,0,0,0,896.094953821921
|||;32665,32665,32665,32665,0,0,0,0,901.094953821921
|||;32665,32665,32665,32665,0,0,0,0,906.094953821921
|||;32665,32665,32665,32665,0,0,0,0,911.094953821921
|||;32665,32665,32665,32665,0,0,0,0,916.094953821921
|||;32665,32665,32665,32665,0,0,0,0,921.094953821921
120cpslt(2),|120cpslt(2),|120cpslt(2),|120cpslt(2),;30637.5,31313.3,30637.5,31313.3,6.169669550659,3.224732699595,6.169669550659,3.224732699595,926.094953821921
120cpslt(2),||120cpslt(2),|;30637.5,32665,30637.5,32665,1.169669550659,0,1.169669550659,0,931.094953821921
|||;32665,32665,32665,32665,0,0,0,0,936.094953821921
|||;32665,32665,32665,32665,0,0,0,0,941.094953821921
|||;32665,32665,32665,32665,0,0,0,0,946.094953821921
|||;32665,32665,32665,32665,0,0,0,0,951.094953821921
|||;32665,32665,32665,32665,0,0,0,0,956.094953821921
|||;32665,32665,32665,32665,0,0,0,0,961.094953821921
|||;32665,32665,32665,32665,0,0,0,0,966.094953821921
|||;32665,32665,32665,32665,0,0,0,0,971.094953821921
|||;32665,32665,32665,32665,0,0,0,0,976.094953821921
|||;32665,32665,32665,32665,0,0,0,0,981.094953821921
|||;32665,32665,32665,32665,0,0,0,0,986.094953821921
|||;32665,32665,32665,32665,0,0,0,0,991.094953821921
|||;32665,32665,32665,32665,0,0,0,0,996.094953821921
|||;32665,32665,32665,32665,0,0,0,0,1001.094953821921
|||;32665,32665,32665,32665,0,0,0,0,1006.094953821921
|||;32665,32665,32665,32665,0,0,0,0,1011.094953821921
|||;32665,32665,32665,32665,0,0,0,0,1016.094953821921
|||;32665,32665,32665,32665,0,0,0,0,1021.094953821921
|||;32665,32665,32665,32665,0,0,0,0,1026.094953821921
|||;32665,32665,32665,32665,0,0,0,0,1031.094953821921
|||;32665,32665,32665,32665,0,0,0,0,1036.094953821921
||60lfsmh(3),|60lfsmh(2),;32665,32665,32045.5,27089.3,0,0,0,22.579728623843,1041.094953821921
||60lfsmh(3),|60lfsmh(2),;32665,32665,32045.5,27089.3,0,0,0,17.579728623843,1046.094953821921
||60lfsmh(3),|60lfsmh(2),;32665,32665,32045.5,27089.3,0,0,0,12.579728623843,1051.094953821921
||60lfsmh(3),|60lfsmh(2),;32665,32665,32045.5,27089.3,0,0,0,7.579728623843,1056.094953821921
||60lfsmh(3),|60lfsmh(2),;32665,32665,32045.5,27089.3,0,0,0,2.579728623843,1061.094953821921
||60lfsmh(3),|60lfsmh(3),;32665,32665,32045.5,27089.3,0,0,0,0,1066.094953821921
||60lfsmh(3),|60lfsmh(3),;32665,32665,32045.5,27089.3,0,0,0,0,1071.094953821921
||60lfsmh(3),|60lfsmh(3),;32665,32665,32045.5,27089.3,0,0,0,0,1076.094953821921
||60lfsmh(3),|60lfsmh(3),;32665,32665,32045.5,27089.3,0,0,0,0,1081.094953821921
||60lfsmh(3),|60lfsmh(3),;32665,32665,32045.5,27089.3,0,0,0,0,1086.094953821921
||60lfsmh(3),|60lfsmh(3),;32665,32665,32045.5,27089.3,0,0,0,0,1091.094953821921
|151fxzla(2),|60lfsmh(3),151fxzla(2),|60lfsmh(3),151fxzla(2),;32665,30914,30294.5,25338.3,0,7.255971692828,7.255971692828,7.255971692828,1096.094953821921
707kezwf(0),|151fxzla(2),707kezwf(0),|60lfsmh(3),151fxzla(2),707kezwf(0),|60lfsmh(3),151fxzla(2),707kezwf(0),;31810,27493.8,28584.4,22773.2,6.022456677853,24.774250150049,17.100000845084,20.937125497566,1101.094953821921
707kezwf(2),|151fxzla(3),707kezwf(2),|60lfsmh(3),151fxzla(3),707kezwf(2),|60lfsmh(3),151fxzla(3),707kezwf(2),;31810,27493.8,28584.4,22773.2,1.022456677853,19.774250150049,12.100000845084,15.937125497566,1106.094953821921
|151fxzla(3),707kezwf(2),|60lfsmh(3),151fxzla(3),|60lfsmh(3),151fxzla(3),707kezwf(2),;32665,27493.8,30294.5,22773.2,0,14.774250150049,7.100000845084,10.937125497566,1111.094953821921
|151fxzla(3),707kezwf(2),|60lfsmh(3),151fxzla(3),|60lfsmh(3),151fxzla(3),;32665,27493.8,30294.5,25338.3,0,9.774250150049,2.100000845084,5.937125497566,1116.094953821921
|151fxzla(3),|151fxzla(3),|60lfsmh(3),151fxzla(3),;32665,30914,30914,25338.3,0,4.774250150049,0,0.937125497566,1121.094953821921
|151fxzla(3),|151fxzla(3),|60lfsmh(3),151fxzla(3),;32665,30914,30914,25338.3,0,0,0,0,1126.094953821921
|151fxzla(3),|151fxzla(3),|60lfsmh(3),151fxzla(3),;32665,30914,30914,25338.3,0,0,0,0,1131.094953821921
|151fxzla(3),|151fxzla(3),|60lfsmh(3),151fxzla(3),;32665,30914,30914,25338.3,0,0,0,0,1136.094953821921
|151fxzla(3),|151fxzla(3),|60lfsmh(3),151fxzla(3),;32665,30914,30914,25338.3,0,0,0,0,1141.094953821921
|151fxzla(3),|151fxzla(3),|60lfsmh(3),151fxzla(3),;32665,30914,30914,25338.3,0,0,0,0,1146.094953821921
|151fxzla(3),|151fxzla(3),|60lfsmh(3),151fxzla(3),;32665,30914,30914,25338.3,0,0,0,0,1151.094953821921
|151fxzla(3),|151fxzla(3),|60lfsmh(3),151fxzla(3),;32665,30914,30914,25338.3,0,0,0,0,1156.094953821921
|151fxzla(3),|151fxzla(3),|60lfsmh(3),151fxzla(3),;32665,30914,30914,25338.3,0,0,0,0,1161.094953821921
|151fxzla(3),|151fxzla(3),|60lfsmh(3),151fxzla(3),;32665,30914,30914,25338.3,0,0,0,0,1166.094953821921
|151fxzla(3),|151fxzla(3),|60lfsmh(3),151fxzla(3),;32665,30914,30914,25338.3,0,0,0,0,1171.094953821921
|151fxzla(3),|151fxzla(3),|60lfsmh(3),151fxzla(3),;32665,30914,30914,25338.3,0,0,0,0,1176.094953821921
|151fxzla(3),|151fxzla(3),|60lfsmh(3),151fxzla(3),;32665,30914,30914,25338.3,0,0,0,0,1181.094953821921
|151fxzla(3),|151fxzla(3),|60lfsmh(3),151fxzla(3),;32665,30914,30914,25338.3,0,0,0,0,1186.094953821921
|151fxzla(3),|151fxzla(3),|60lfsmh(3),151fxzla(3),;32665,30914,30914,25338.3,0,0,0,0,1191.094953821921
|151fxzla(3),|151fxzla(3),|60lfsmh(3),151fxzla(3),;32665,30914,30914,25338.3,0,0,0,0,1196.094953821921
|151fxzla(3),|151fxzla(3),|60lfsmh(3),151fxzla(3),;32665,30914,30914,25338.3,0,0,0,0,1201.094953821921
|151fxzla(3),|151fxzla(3),|60lfsmh(3),151fxzla(3),;32665,30914,30914,25338.3,0,0,0,0,1206.094953821921
|151fxzla(3),|151fxzla(3),|60lfsmh(3),151fxzla(3),;32665,30914,30914,25338.3,0,0,0,0,1211.094953821921
|151fxzla(3),|151fxzla(3),|60lfsmh(3),151fxzla(3),;32665,30914,30914,25338.3,0,0,0,0,1216.094953821921
|151fxzla(3),|151fxzla(3),|60lfsmh(3),151fxzla(3),;32665,30914,30914,25338.3,0,0,0,0,1221.094953821921
|151fxzla(3),|151fxzla(3),|60lfsmh(3),151fxzla(3),;32665,30914,30914,25338.3,0,0,0,0,1226.094953821921
|151fxzla(3),|151fxzla(3),|60lfsmh(3),151fxzla(3),;32665,30914,30914,25338.3,0,0,0,0,1231.094953821921
|151fxzla(3),|151fxzla(3),|60lfsmh(3),151fxzla(3),;32665,30914,30914,25338.3,0,0,0,0,1236.094953821921
|151fxzla(3),|151fxzla(3),|60lfsmh(3),151fxzla(3),;32665,30914,30914,25338.3,0,0,0,0,1241.094953821921
|151fxzla(3),|151fxzla(3),|60lfsmh(3),151fxzla(3),;32665,30914,30914,25338.3,0,0,0,0,1246.094953821921
|151fxzla(3),|151fxzla(3),|60lfsmh(3),151fxzla(3),;32665,30914,30914,25338.3,0,0,0,0,1251.094953821921
|151fxzla(3),|151fxzla(3),|60lfsmh(3),151fxzla(3),;32665,30914,30914,25338.3,0,0,0,0,1256.094953821921
|151fxzla(3),|151fxzla(3),|60lfsmh(3),151fxzla(3),;32665,30914,30914,25338.3,0,0,0,0,1261.094953821921
|151fxzla(3),|151fxzla(3),|60lfsmh(3),151fxzla(3),;32665,30914,30914,25338.3,0,0,0,0,1266.094953821921
|151fxzla(3),|151fxzla(3),|60lfsmh(3),151fxzla(3),;32665,30914,30914,25338.3,0,0,0,0,1271.094953821921
|151fxzla(3),|151fxzla(3),|60lfsmh(3),151fxzla(3),;32665,30914,30914,25338.3,0,0,0,0,1276.094953821921
|151fxzla(3),|151fxzla(3),|60lfsmh(3),151fxzla(3),;32665,30914,30914,25338.3,0,0,0,0,1281.094953821921
|151fxzla(3),|151fxzla(3),|60lfsmh(3),151fxzla(3),;32665,30914,30914,25338.3,0,0,0,0,1286.094953821921
|151fxzla(3),|151fxzla(3),|60lfsmh(3),151fxzla(3),;32665,30914,30914,25338.3,0,0,0,0,1291.094953821921
|151fxzla(3),|151fxzla(3),|60lfsmh(3),151fxzla(3),;32665,30914,30914,25338.3,0,0,0,0,1296.094953821921
|||60lfsmh(3),;32665,32665,32665,27089.3,0,0,0,0,1301.094953821921
|||60lfsmh(3),;32665,32665,32665,27089.3,0,0,0,0,1306.094953821921
|||60lfsmh(3),;32665,32665,32665,27089.3,0,0,0,0,1311.094953821921
|||;32665,32665,32665,32665,0,0,0,0,1316.094953821921
|||;32665,32665,32665,32665,0,0,0,0,1321.094953821921
524qhvnm(2),|524qhvnm(2),|524qhvnm(2),|524qhvnm(2),;29992.4,30883.2,29992.4,30883.2,11.334702032906,7.33673982014,11.334702032906,7.33673982014,1326.094953821921
524qhvnm(2),|524qhvnm(2),|524qhvnm(2),|524qhvnm(2),;29992.4,30883.2,29992.4,30883.2,6.334702032906,2.33673982014,6.334702032906,2.33673982014,1331.094953821921
524qhvnm(2),|524qhvnm(3),|524qhvnm(2),|524qhvnm(3),99ygcwt(2),;29992.4,30883.2,29992.4,30105,1.334702032906,0,1.334702032906,6.178864762683,1336.094953821921
524qhvnm(3),|524qhvnm(3),|524qhvnm(3),|524qhvnm(3),;29992.4,30883.2,29992.4,30883.2,0,0,0,1.178864762683,1341.094953821921
524qhvnm(3),|524qhvnm(3),|524qhvnm(3),|524qhvnm(3),;29992.4,30883.2,29992.4,30883.2,0,0,0,0,1346.094953821921
524qhvnm(3),|524qhvnm(3),|524qhvnm(3),|524qhvnm(3),;29992.4,30883.2,29992.4,30883.2,0,0,0,0,1351.094953821921
524qhvnm(3),|524qhvnm(3),|524qhvnm(3),|524qhvnm(3),;29992.4,30883.2,29992.4,30883.2,0,0,0,0,1356.094953821921
524qhvnm(3),|524qhvnm(3),|524qhvnm(3),|524qhvnm(3),;29992.4,30883.2,29992.4,30883.2,0,0,0,0,1361.094953821921
524qhvnm(3),|524qhvnm(3),|524qhvnm(3),|524qhvnm(3),;29992.4,30883.2,29992.4,30883.2,0,0,0,0,1366.094953821921
524qhvnm(3),|524qhvnm(3),|524qhvnm(3),|524qhvnm(3),;29992.4,30883.2,29992.4,30883.2,0,0,0,0,1371.094953821921
524qhvnm(3),|524qhvnm(3),|524qhvnm(3),|524qhvnm(3),;29992.4,30883.2,29992.4,30883.2,0,0,0,0,1376.094953821921
524qhvnm(3),|524qhvnm(3),|524qhvnm(3),|524qhvnm(3),;29992.4,30883.2,29992.4,30883.2,0,0,0,0,1381.094953821921
524qhvnm(3),|524qhvnm(3),|524qhvnm(3),|524qhvnm(3),;29992.4,30883.2,29992.4,30883.2,0,0,0,0,1386.094953821921
524qhvnm(3),|524qhvnm(3),|524qhvnm(3),|524qhvnm(3),;29992.4,30883.2,29992.4,30883.2,0,0,0,0,1391.094953821921
524qhvnm(3),|524qhvnm(3),|524qhvnm(3),|524qhvnm(3),;29992.4,30883.2,29992.4,30883.2,0,0,0,0,1396.094953821921
524qhvnm(3),|524qhvnm(3),|524qhvnm(3),|524qhvnm(3),;29992.4,30883.2,29992.4,30883.2,0,0,0,0,1401.094953821921
524qhvnm(3),|524qhvnm(3),|524qhvnm(3),|524qhvnm(3),;29992.4,30883.2,29992.4,30883.2,0,0,0,0,1406.094953821921
524qhvnm(3),|524qhvnm(3),|524qhvnm(3),|524qhvnm(3),;29992.4,30883.2,29992.4,30883.2,0,0,0,0,1411.094953821921
524qhvnm(3),|524qhvnm(3),|524qhvnm(3),|524qhvnm(3),;29992.4,30883.2,29992.4,30883.2,0,0,0,0,1416.094953821921
524qhvnm(3),|524qhvnm(3),|524qhvnm(3),|524qhvnm(3),;29992.4,30883.2,29992.4,30883.2,0,0,0,0,1421.094953821921
524qhvnm(3),|524qhvnm(3),|524qhvnm(3),|524qhvnm(3),;29992.4,30883.2,29992.4,30883.2,0,0,0,0,1426.094953821921
524qhvnm(3),|524qhvnm(3),|524qhvnm(3),|524qhvnm(3),;29992.4,30883.2,29992.4,30883.2,0,0,0,0,1431.094953821921
524qhvnm(3),|524qhvnm(3),|524qhvnm(3),|524qhvnm(3),;29992.4,30883.2,29992.4,30883.2,0,0,0,0,1436.094953821921
524qhvnm(3),|524qhvnm(3),|524qhvnm(3),|524qhvnm(3),;29992.4,30883.2,29992.4,30883.2,0,0,0,0,1441.094953821921
524qhvnm(3),|524qhvnm(3),|524qhvnm(3),|524qhvnm(3),;29992.4,30883.2,29992.4,30883.2,0,0,0,0,1446.094953821921
524qhvnm(3),|524qhvnm(3),|524qhvnm(3),|524qhvnm(3),;29992.4,30883.2,29992.4,30883.2,0,0,0,0,1451.094953821921
524qhvnm(3),|524qhvnm(3),|524qhvnm(3),|524qhvnm(3),;29992.4,30883.2,29992.4,30883.2,0,0,0,0,1456.094953821921
524qhvnm(3),|524qhvnm(3),934lbgvt(0),51vmexb(0),|524qhvnm(3),934lbgvt(0),|524qhvnm(3),934lbgvt(2),;29992.4,26024.3,26981.8,28876.2,0,26.257616042677,13.75778931083,8.993004289553,1461.094953821921
524qhvnm(3),|524qhvnm(3),934lbgvt(2),51vmexb(1),|524qhvnm(3),934lbgvt(2),|524qhvnm(3),934lbgvt(2),;29992.4,26024.3,26981.8,28876.2,0,21.257616042677,8.75778931083,3.993004289553,1466.094953821921
524qhvnm(3),|524qhvnm(3),934lbgvt(2),51vmexb(1),|524qhvnm(3),934lbgvt(2),|524qhvnm(3),934lbgvt(3),;29992.4,26024.3,26981.8,28876.2,0,16.257616042677,3.75778931083,0,1471.094953821921
524qhvnm(3),|524qhvnm(3),934lbgvt(2),51vmexb(1),|524qhvnm(3),934lbgvt(3),|524qhvnm(3),934lbgvt(3),;29992.4,26024.3,26981.8,28876.2,0,11.257616042677,0,0,1476.094953821921
524qhvnm(3),334pwqlr(0),|524qhvnm(3),934lbgvt(3),51vmexb(2),334pwqlr(0),|524qhvnm(3),934lbgvt(3),334pwqlr(0),|524qhvnm(3),934lbgvt(3),334pwqlr(0),;27580.9,24416.6,24570.3,27268.5,12.106278331158,18.482171153202,12.106278331158,8.289588288604,1481.094953821921
524qhvnm(3),334pwqlr(2),|524qhvnm(3),934lbgvt(3),51vmexb(3),334pwqlr(2),|524qhvnm(3),934lbgvt(3),334pwqlr(2),|524qhvnm(3),934lbgvt(3),334pwqlr(2),;27580.9,24416.6,24570.3,27268.5,7.106278331158,13.482171153202,7.106278331158,3.289588288604,1486.094953821921
524qhvnm(3),334pwqlr(2),|524qhvnm(3),934lbgvt(3),51vmexb(3),334pwqlr(3),|524qhvnm(3),934lbgvt(3),334pwqlr(2),|524qhvnm(3),934lbgvt(3),334pwqlr(3),;27580.9,24416.6,24570.3,27268.5,2.106278331158,8.482171153202,2.106278331158,0,1491.094953821921
524qhvnm(3),334pwqlr(3),|524qhvnm(3),934lbgvt(3),51vmexb(3),334pwqlr(3),|524qhvnm(3),934lbgvt(3),334pwqlr(3),|524qhvnm(3),934lbgvt(3),334pwqlr(3),;27580.9,24416.6,24570.3,27268.5,0,3.482171153202,0,0,1496.094953821921
524qhvnm(3),334pwqlr(3),|524qhvnm(3),934lbgvt(3),51vmexb(3),334pwqlr(3),|524qhvnm(3),934lbgvt(3),334pwqlr(3),|524qhvnm(3),934lbgvt(3),334pwqlr(3),;27580.9,24416.6,24570.3,27268.5,0,0,0,0,1501.094953821921
524qhvnm(3),334pwqlr(3),|524qhvnm(3),934lbgvt(3),51vmexb(3),334pwqlr(3),|524qhvnm(3),934lbgvt(3),334pwqlr(3),|524qhvnm(3),934lbgvt(3),334pwqlr(3),;27580.9,24416.6,24570.3,27268.5,0,0,0,0,1506.094953821921
524qhvnm(3),334pwqlr(3),|524qhvnm(3),934lbgvt(3),51vmexb(3),334pwqlr(3),|524qhvnm(3),934lbgvt(3),334pwqlr(3),|524qhvnm(3),934lbgvt(3),334pwqlr(3),;27580.9,24416.6,24570.3,27268.5,0,0,0,0,1511.094953821921
524qhvnm(3),334pwqlr(3),|524qhvnm(3),934lbgvt(3),51vmexb(3),334pwqlr(3),|524qhvnm(3),934lbgvt(3),334pwqlr(3),|524qhvnm(3),934lbgvt(3),334pwqlr(3),;27580.9,24416.6,24570.3,27268.5,0,0,0,0,1516.094953821921
524qhvnm(3),334pwqlr(3),|524qhvnm(3),934lbgvt(3),51vmexb(3),334pwqlr(3),|524qhvnm(3),934lbgvt(3),334pwqlr(3),|524qhvnm(3),934lbgvt(3),334pwqlr(3),;27580.9,24416.6,24570.3,27268.5,0,0,0,0,1521.094953821921
524qhvnm(3),334pwqlr(3),|524qhvnm(3),934lbgvt(3),51vmexb(3),334pwqlr(3),|524qhvnm(3),934lbgvt(3),334pwqlr(3),|524qhvnm(3),934lbgvt(3),334pwqlr(3),;27580.9,24416.6,24570.3,27268.5,0,0,0,0,1526.094953821921
524qhvnm(3),334pwqlr(3),|524qhvnm(3),934lbgvt(3),51vmexb(3),334pwqlr(3),|524qhvnm(3),934lbgvt(3),334pwqlr(3),|524qhvnm(3),934lbgvt(3),334pwqlr(3),;27580.9,24416.6,24570.3,27268.5,0,0,0,0,1531.094953821921
524qhvnm(3),334pwqlr(3),|524qhvnm(3),934lbgvt(3),51vmexb(3),334pwqlr(3),|524qhvnm(3),934lbgvt(3),334pwqlr(3),|524qhvnm(3),934lbgvt(3),334pwqlr(3),;27580.9,24416.6,24570.3,27268.5,0,0,0,0,1536.094953821921
524qhvnm(3),334pwqlr(3),|524qhvnm(3),934lbgvt(3),51vmexb(3),334pwqlr(3),|524qhvnm(3),934lbgvt(3),334pwqlr(3),|524qhvnm(3),934lbgvt(3),334pwqlr(3),;27580.9,24416.6,24570.3,27268.5,0,0,0,0,1541.094953821921
524qhvnm(3),334pwqlr(3),|524qhvnm(3),934lbgvt(3),51vmexb(3),334pwqlr(3),|524qhvnm(3),934lbgvt(3),334pwqlr(3),|524qhvnm(3),934lbgvt(3),334pwqlr(3),;27580.9,24416.6,24570.3,27268.5,0,0,0,0,1546.094953821921
334pwqlr(3),|934lbgvt(3),51vmexb(3),334pwqlr(3),|934lbgvt(3),334pwqlr(3),|934lbgvt(3),334pwqlr(3),;30253.5,26198.4,27242.9,29050.3,0,0,0,0,1551.094953821921
334pwqlr(3),|934lbgvt(3),51vmexb(3),334pwqlr(3),|934lbgvt(3),334pwqlr(3),|934lbgvt(3),334pwqlr(3),;30253.5,26198.4,27242.9,29050.3,0,0,0,0,1556.094953821921
334pwqlr(3),|934lbgvt(3),51vmexb(3),334pwqlr(3),|934lbgvt(3),334pwqlr(3),|934lbgvt(3),334pwqlr(3),;30253.5,26198.4,27242.9,29050.3,0,0,0,0,1561.094953821921
334pwqlr(3),|934lbgvt(3),51vmexb(3),334pwqlr(3),|934lbgvt(3),334pwqlr(3),|934lbgvt(3),334pwqlr(3),;30253.5,26198.4,27242.9,29050.3,0,0,0,0,1566.094953821921
334pwqlr(3),|934lbgvt(3),51vmexb(3),334pwqlr(3),|934lbgvt(3),334pwqlr(3),|934lbgvt(3),334pwqlr(3),;30253.5,26198.4,27242.9,29050.3,0,0,0,0,1571.094953821921
334pwqlr(3),|934lbgvt(3),51vmexb(3),334pwqlr(3),|934lbgvt(3),334pwqlr(3),|934lbgvt(3),334pwqlr(3),;30253.5,26198.4,27242.9,29050.3,0,0,0,0,1576.094953821921
334pwqlr(3),|934lbgvt(3),51vmexb(3),334pwqlr(3),|934lbgvt(3),334pwqlr(3),|934lbgvt(3),334pwqlr(3),;30253.5,26198.4,27242.9,29050.3,0,0,0,0,1581.094953821921
334pwqlr(3),|934lbgvt(3),51vmexb(3),334pwqlr(3),|934lbgvt(3),334pwqlr(3),|934lbgvt(3),334pwqlr(3),;30253.5,26198.4,27242.9,29050.3,0,0,0,0,1586.094953821921
334pwqlr(3),|934lbgvt(3),51vmexb(3),334pwqlr(3),|934lbgvt(3),334pwqlr(3),|934lbgvt(3),334pwqlr(3),;30253.5,26198.4,27242.9,29050.3,0,0,0,0,1591.094953821921
334pwqlr(3),|934lbgvt(3),51vmexb(3),334pwqlr(3),|934lbgvt(3),334pwqlr(3),|934lbgvt(3),334pwqlr(3),;30253.5,26198.4,27242.9,29050.3,0,0,0,0,1596.094953821921
334pwqlr(3),|934lbgvt(3),51vmexb(3),334pwqlr(3),|934lbgvt(3),334pwqlr(3),|934lbgvt(3),334pwqlr(3),;30253.5,26198.4,27242.9,29050.3,0,0,0,0,1601.094953821921
334pwqlr(3),|934lbgvt(3),51vmexb(3),334pwqlr(3),|934lbgvt(3),334pwqlr(3),|934lbgvt(3),334pwqlr(3),;30253.5,26198.4,27242.9,29050.3,0,0,0,0,1606.094953821921
334pwqlr(3),|934lbgvt(3),51vmexb(3),334pwqlr(3),|934lbgvt(3),334pwqlr(3),|934lbgvt(3),334pwqlr(3),;30253.5,26198.4,27242.9,29050.3,0,0,0,0,1611.094953821921
334pwqlr(3),|934lbgvt(3),51vmexb(3),334pwqlr(3),|934lbgvt(3),334pwqlr(3),|934lbgvt(3),334pwqlr(3),;30253.5,26198.4,27242.9,29050.3,0,0,0,0,1616.094953821921
334pwqlr(3),|934lbgvt(3),51vmexb(3),334pwqlr(3),|934lbgvt(3),334pwqlr(3),|934lbgvt(3),334pwqlr(3),;30253.5,26198.4,27242.9,29050.3,0,0,0,0,1621.094953821921
334pwqlr(3),|934lbgvt(3),51vmexb(3),334pwqlr(3),|934lbgvt(3),334pwqlr(3),|934lbgvt(3),334pwqlr(3),;30253.5,26198.4,27242.9,29050.3,0,0,0,0,1626.094953821921
334pwqlr(3),|934lbgvt(3),51vmexb(3),334pwqlr(3),|934lbgvt(3),334pwqlr(3),|934lbgvt(3),334pwqlr(3),;30253.5,26198.4,27242.9,29050.3,0,0,0,0,1631.094953821921
334pwqlr(3),|934lbgvt(3),51vmexb(3),334pwqlr(3),|934lbgvt(3),334pwqlr(3),|934lbgvt(3),334pwqlr(3),;30253.5,26198.4,27242.9,29050.3,0,0,0,0,1636.094953821921
334pwqlr(3),|934lbgvt(3),51vmexb(3),334pwqlr(3),|934lbgvt(3),334pwqlr(3),|934lbgvt(3),334pwqlr(3),;30253.5,26198.4,27242.9,29050.3,0,0,0,0,1641.094953821921
334pwqlr(3),|934lbgvt(3),51vmexb(3),334pwqlr(3),|934lbgvt(3),334pwqlr(3),|934lbgvt(3),334pwqlr(3),;30253.5,26198.4,27242.9,29050.3,0,0,0,0,1646.094953821921
334pwqlr(3),|934lbgvt(3),51vmexb(3),334pwqlr(3),|934lbgvt(3),334pwqlr(3),|934lbgvt(3),334pwqlr(3),;30253.5,26198.4,27242.9,29050.3,0,0,0,0,1651.094953821921
334pwqlr(3),|934lbgvt(3),51vmexb(3),334pwqlr(3),|934lbgvt(3),334pwqlr(3),|934lbgvt(3),334pwqlr(3),;30253.5,26198.4,27242.9,29050.3,0,0,0,0,1656.094953821921
334pwqlr(3),|934lbgvt(3),51vmexb(3),334pwqlr(3),|934lbgvt(3),334pwqlr(3),|934lbgvt(3),334pwqlr(3),;30253.5,26198.4,27242.9,29050.3,0,0,0,0,1661.094953821921
334pwqlr(3),|934lbgvt(3),51vmexb(3),334pwqlr(3),|934lbgvt(3),334pwqlr(3),|934lbgvt(3),334pwqlr(3),;30253.5,26198.4,27242.9,29050.3,0,0,0,0,1666.094953821921
334pwqlr(3),|934lbgvt(3),51vmexb(3),334pwqlr(3),|934lbgvt(3),334pwqlr(3),|934lbgvt(3),334pwqlr(3),;30253.5,26198.4,27242.9,29050.3,0,0,0,0,1671.094953821921
334pwqlr(3),|934lbgvt(3),51vmexb(3),334pwqlr(3),|934lbgvt(3),334pwqlr(3),|934lbgvt(3),334pwqlr(3),;30253.5,26198.4,27242.9,29050.3,0,0,0,0,1676.094953821921
334pwqlr(3),|934lbgvt(3),51vmexb(3),334pwqlr(3),|934lbgvt(3),334pwqlr(3),|934lbgvt(3),334pwqlr(3),;30253.5,26198.4,27242.9,29050.3,0,0,0,0,1681.094953821921
334pwqlr(3),|934lbgvt(3),51vmexb(3),334pwqlr(3),|934lbgvt(3),334pwqlr(3),|934lbgvt(3),334pwqlr(3),;30253.5,26198.4,27242.9,29050.3,0,0,0,0,1686.094953821921
334pwqlr(3),|934lbgvt(3),51vmexb(3),334pwqlr(3),|934lbgvt(3),334pwqlr(3),|934lbgvt(3),334pwqlr(3),;30253.5,26198.4,27242.9,29050.3,0,0,0,0,1691.094953821921
334pwqlr(3),|934lbgvt(3),51vmexb(3),334pwqlr(3),|934lbgvt(3),334pwqlr(3),|934lbgvt(3),334pwqlr(3),;30253.5,26198.4,27242.9,29050.3,0,0,0,0,1696.094953821921
334pwqlr(3),|934lbgvt(3),51vmexb(3),334pwqlr(3),|934lbgvt(3),334pwqlr(3),|934lbgvt(3),334pwqlr(3),;30253.5,26198.4,27242.9,29050.3,0,0,0,0,1701.094953821921
334pwqlr(3),|934lbgvt(3),51vmexb(3),334pwqlr(3),|934lbgvt(3),334pwqlr(3),|934lbgvt(3),334pwqlr(3),;30253.5,26198.4,27242.9,29050.3,0,0,0,0,1706.094953821921
334pwqlr(3),|934lbgvt(3),51vmexb(3),334pwqlr(3),|934lbgvt(3),334pwqlr(3),|934lbgvt(3),334pwqlr(3),;30253.5,26198.4,27242.9,29050.3,0,0,0,0,1711.094953821921
334pwqlr(3),|934lbgvt(3),51vmexb(3),334pwqlr(3),|934lbgvt(3),334pwqlr(3),|934lbgvt(3),334pwqlr(3),;30253.5,26198.4,27242.9,29050.3,0,0,0,0,1716.094953821921
334pwqlr(3),|934lbgvt(3),51vmexb(3),334pwqlr(3),|934lbgvt(3),334pwqlr(3),|934lbgvt(3),334pwqlr(3),;30253.5,26198.4,27242.9,29050.3,0,0,0,0,1721.094953821921
334pwqlr(3),|934lbgvt(3),51vmexb(3),334pwqlr(3),|934lbgvt(3),334pwqlr(3),|934lbgvt(3),334pwqlr(3),;30253.5,26198.4,27242.9,29050.3,0,0,0,0,1726.094953821921
334pwqlr(3),|934lbgvt(3),51vmexb(3),334pwqlr(3),|934lbgvt(3),334pwqlr(3),|934lbgvt(3),334pwqlr(3),;30253.5,26198.4,27242.9,29050.3,0,0,0,0,1731.094953821921
334pwqlr(3),|934lbgvt(3),51vmexb(3),334pwqlr(3),|934lbgvt(3),334pwqlr(3),|934lbgvt(3),334pwqlr(3),;30253.5,26198.4,27242.9,29050.3,0,0,0,0,1736.094953821921
334pwqlr(3),|934lbgvt(3),51vmexb(3),334pwqlr(3),|934lbgvt(3),334pwqlr(3),|934lbgvt(3),334pwqlr(3),;30253.5,26198.4,27242.9,29050.3,0,0,0,0,1741.094953821921
334pwqlr(3),|934lbgvt(3),51vmexb(3),334pwqlr(3),|934lbgvt(3),334pwqlr(3),|934lbgvt(3),334pwqlr(3),;30253.5,26198.4,27242.9,29050.3,0,0,0,0,1746.094953821921
334pwqlr(3),|934lbgvt(3),51vmexb(3),334pwqlr(3),|934lbgvt(3),334pwqlr(3),|934lbgvt(3),334pwqlr(3),;30253.5,26198.4,27242.9,29050.3,0,0,0,0,1751.094953821921
334pwqlr(3),|934lbgvt(3),51vmexb(3),334pwqlr(3),|934lbgvt(3),334pwqlr(3),|934lbgvt(3),334pwqlr(3),;30253.5,26198.4,27242.9,29050.3,0,0,0,0,1756.094953821921
334pwqlr(3),|934lbgvt(3),51vmexb(3),334pwqlr(3),|934lbgvt(3),334pwqlr(3),|934lbgvt(3),334pwqlr(3),;30253.5,26198.4,27242.9,29050.3,0,0,0,0,1761.094953821921
334pwqlr(3),|934lbgvt(3),51vmexb(3),334pwqlr(3),|934lbgvt(3),334pwqlr(3),|934lbgvt(3),334pwqlr(3),;30253.5,26198.4,27242.9,29050.3,0,0,0,0,1766.094953821921
334pwqlr(3),|934lbgvt(3),51vmexb(3),334pwqlr(3),|934lbgvt(3),334pwqlr(3),|934lbgvt(3),334pwqlr(3),;30253.5,26198.4,27242.9,29050.3,0,0,0,0,1771.094953821921
334pwqlr(3),|934lbgvt(3),51vmexb(3),334pwqlr(3),|934lbgvt(3),334pwqlr(3),|934lbgvt(3),334pwqlr(3),;30253.5,26198.4,27242.9,29050.3,0,0,0,0,1776.094953821921
334pwqlr(3),|934lbgvt(3),51vmexb(3),334pwqlr(3),|934lbgvt(3),334pwqlr(3),|934lbgvt(3),334pwqlr(3),;30253.5,26198.4,27242.9,29050.3,0,0,0,0,1781.094953821921
334pwqlr(3),|934lbgvt(3),51vmexb(3),334pwqlr(3),|934lbgvt(3),334pwqlr(3),|934lbgvt(3),334pwqlr(3),;30253.5,26198.4,27242.9,29050.3,0,0,0,0,1786.094953821921
334pwqlr(3),|934lbgvt(3),51vmexb(3),334pwqlr(3),|934lbgvt(3),334pwqlr(3),|934lbgvt(3),334pwqlr(3),;30253.5,26198.4,27242.9,29050.3,0,0,0,0,1791.094953821921
334pwqlr(3),|934lbgvt(3),51vmexb(3),334pwqlr(3),|934lbgvt(3),334pwqlr(3),|934lbgvt(3),334pwqlr(3),;30253.5,26198.4,27242.9,29050.3,0,0,0,0,1796.094953821921
334pwqlr(3),|934lbgvt(3),51vmexb(3),334pwqlr(3),|934lbgvt(3),334pwqlr(3),|934lbgvt(3),334pwqlr(3),;30253.5,26198.4,27242.9,29050.3,0,0,0,0,1801.094953821921
334pwqlr(3),|934lbgvt(3),51vmexb(3),334pwqlr(3),|934lbgvt(3),334pwqlr(3),|934lbgvt(3),334pwqlr(3),;30253.5,26198.4,27242.9,29050.3,0,0,0,0,1806.094953821921
334pwqlr(3),|934lbgvt(3),51vmexb(3),334pwqlr(3),|934lbgvt(3),334pwqlr(3),|934lbgvt(3),334pwqlr(3),;30253.5,26198.4,27242.9,29050.3,0,0,0,0,1811.094953821921
334pwqlr(3),|934lbgvt(3),51vmexb(3),334pwqlr(3),|934lbgvt(3),334pwqlr(3),|934lbgvt(3),334pwqlr(3),;30253.5,26198.4,27242.9,29050.3,0,0,0,0,1816.094953821921
334pwqlr(3),|934lbgvt(3),51vmexb(3),334pwqlr(3),|934lbgvt(3),334pwqlr(3),|934lbgvt(3),334pwqlr(3),;30253.5,26198.4,27242.9,29050.3,0,0,0,0,1821.094953821921
334pwqlr(3),|934lbgvt(3),51vmexb(3),334pwqlr(3),|934lbgvt(3),334pwqlr(3),|934lbgvt(3),334pwqlr(3),;30253.5,26198.4,27242.9,29050.3,0,0,0,0,1826.094953821921
334pwqlr(3),|934lbgvt(3),51vmexb(3),334pwqlr(3),|934lbgvt(3),334pwqlr(3),|934lbgvt(3),334pwqlr(3),;30253.5,26198.4,27242.9,29050.3,0,0,0,0,1831.094953821921
334pwqlr(3),|934lbgvt(3),51vmexb(3),334pwqlr(3),|934lbgvt(3),334pwqlr(3),|934lbgvt(3),334pwqlr(3),;30253.5,26198.4,27242.9,29050.3,0,0,0,0,1836.094953821921
334pwqlr(3),|934lbgvt(3),334pwqlr(3),|934lbgvt(3),334pwqlr(3),|934lbgvt(3),334pwqlr(3),;30253.5,27043.2,27242.9,29050.3,0,0,0,0,1841.094953821921
334pwqlr(3),|934lbgvt(3),334pwqlr(3),|934lbgvt(3),334pwqlr(3),|934lbgvt(3),334pwqlr(3),;30253.5,27043.2,27242.9,29050.3,0,0,0,0,1846.094953821921
334pwqlr(3),|934lbgvt(3),334pwqlr(3),|934lbgvt(3),334pwqlr(3),|934lbgvt(3),334pwqlr(3),;30253.5,27043.2,27242.9,29050.3,0,0,0,0,1851.094953821921
334pwqlr(3),|934lbgvt(3),334pwqlr(3),|934lbgvt(3),334pwqlr(3),|934lbgvt(3),334pwqlr(3),;30253.5,27043.2,27242.9,29050.3,0,0,0,0,1856.094953821921
334pwqlr(3),240lspfd(2),|934lbgvt(3),334pwqlr(3),240lspfd(2),|934lbgvt(3),334pwqlr(3),240lspfd(2),|934lbgvt(3),334pwqlr(3),240lspfd(2),;29198.8,25461.1,26188.2,27468.2,4.577529262163,6.944139077766,4.577529262163,6.944139077766,1861.094953821921
334pwqlr(3),240lspfd(3),|934lbgvt(3),334pwqlr(3),240lspfd(2),|934lbgvt(3),334pwqlr(3),240lspfd(3),|934lbgvt(3),334pwqlr(3),240lspfd(2),;29198.8,25461.1,26188.2,27468.2,0,1.944139077766,0,1.944139077766,1866.094953821921
334pwqlr(3),240lspfd(3),|934lbgvt(3),334pwqlr(3),240lspfd(3),|934lbgvt(3),334pwqlr(3),240lspfd(3),|934lbgvt(3),334pwqlr(3),240lspfd(3),;29198.8,25461.1,26188.2,27468.2,0,0,0,0,1871.094953821921
334pwqlr(3),240lspfd(3),|934lbgvt(3),334pwqlr(3),240lspfd(3),|934lbgvt(3),334pwqlr(3),240lspfd(3),|934lbgvt(3),334pwqlr(3),240lspfd(3),;29198.8,25461.1,26188.2,27468.2,0,0,0,0,1876.094953821921
334pwqlr(3),240lspfd(3),|934lbgvt(3),334pwqlr(3),240lspfd(3),|934lbgvt(3),334pwqlr(3),240lspfd(3),|934lbgvt(3),334pwqlr(3),240lspfd(3),;29198.8,25461.1,26188.2,27468.2,0,0,0,0,1881.094953821921
334pwqlr(3),240lspfd(3),|934lbgvt(3),334pwqlr(3),240lspfd(3),|934lbgvt(3),334pwqlr(3),240lspfd(3),|934lbgvt(3),334pwqlr(3),240lspfd(3),;29198.8,25461.1,26188.2,27468.2,0,0,0,0,1886.094953821921
334pwqlr(3),240lspfd(3),|934lbgvt(3),334pwqlr(3),240lspfd(3),|934lbgvt(3),334pwqlr(3),240lspfd(3),|934lbgvt(3),334pwqlr(3),240lspfd(3),;29198.8,25461.1,26188.2,27468.2,0,0,0,0,1891.094953821921
334pwqlr(3),240lspfd(3),|934lbgvt(3),334pwqlr(3),240lspfd(3),|934lbgvt(3),334pwqlr(3),240lspfd(3),|934lbgvt(3),334pwqlr(3),240lspfd(3),;29198.8,25461.1,26188.2,27468.2,0,0,0,0,1896.094953821921
334pwqlr(3),240lspfd(3),|934lbgvt(3),334pwqlr(3),240lspfd(3),|934lbgvt(3),334pwqlr(3),240lspfd(3),|934lbgvt(3),334pwqlr(3),240lspfd(3),;29198.8,25461.1,26188.2,27468.2,0,0,0,0,1901.094953821921
334pwqlr(3),240lspfd(3),|934lbgvt(3),334pwqlr(3),240lspfd(3),|934lbgvt(3),334pwqlr(3),240lspfd(3),|934lbgvt(3),334pwqlr(3),240lspfd(3),;29198.8,25461.1,26188.2,27468.2,0,0,0,0,1906.094953821921
334pwqlr(3),240lspfd(3),|934lbgvt(3),334pwqlr(3),240lspfd(3),|934lbgvt(3),334pwqlr(3),240lspfd(3),|934lbgvt(3),334pwqlr(3),240lspfd(3),;29198.8,25461.1,26188.2,27468.2,0,0,0,0,1911.094953821921
334pwqlr(3),240lspfd(3),|934lbgvt(3),334pwqlr(3),240lspfd(3),|934lbgvt(3),334pwqlr(3),240lspfd(3),|934lbgvt(3),334pwqlr(3),240lspfd(3),;29198.8,25461.1,26188.2,27468.2,0,0,0,0,1916.094953821921
334pwqlr(3),240lspfd(3),|934lbgvt(3),334pwqlr(3),240lspfd(3),|934lbgvt(3),334pwqlr(3),240lspfd(3),|934lbgvt(3),334pwqlr(3),240lspfd(3),;29198.8,25461.1,26188.2,27468.2,0,0,0,0,1921.094953821921
334pwqlr(3),240lspfd(3),|934lbgvt(3),334pwqlr(3),240lspfd(3),|934lbgvt(3),334pwqlr(3),240lspfd(3),|934lbgvt(3),334pwqlr(3),240lspfd(3),;29198.8,25461.1,26188.2,27468.2,0,0,0,0,1926.094953821921
334pwqlr(3),240lspfd(3),|934lbgvt(3),334pwqlr(3),240lspfd(3),|934lbgvt(3),334pwqlr(3),240lspfd(3),|934lbgvt(3),334pwqlr(3),240lspfd(3),;29198.8,25461.1,26188.2,27468.2,0,0,0,0,1931.094953821921
334pwqlr(3),240lspfd(3),|934lbgvt(3),334pwqlr(3),240lspfd(3),|934lbgvt(3),334pwqlr(3),240lspfd(3),|934lbgvt(3),334pwqlr(3),240lspfd(3),;29198.8,25461.1,26188.2,27468.2,0,0,0,0,1936.094953821921
334pwqlr(3),240lspfd(3),|934lbgvt(3),334pwqlr(3),240lspfd(3),|934lbgvt(3),334pwqlr(3),240lspfd(3),|934lbgvt(3),334pwqlr(3),240lspfd(3),;29198.8,25461.1,26188.2,27468.2,0,0,0,0,1941.094953821921
334pwqlr(3),240lspfd(3),|934lbgvt(3),334pwqlr(3),240lspfd(3),|934lbgvt(3),334pwqlr(3),240lspfd(3),|934lbgvt(3),334pwqlr(3),240lspfd(3),;29198.8,25461.1,26188.2,27468.2,0,0,0,0,1946.094953821921
334pwqlr(3),240lspfd(3),|934lbgvt(3),334pwqlr(3),240lspfd(3),|934lbgvt(3),334pwqlr(3),240lspfd(3),|934lbgvt(3),334pwqlr(3),240lspfd(3),;29198.8,25461.1,26188.2,27468.2,0,0,0,0,1951.094953821921
334pwqlr(3),240lspfd(3),|934lbgvt(3),334pwqlr(3),240lspfd(3),|934lbgvt(3),334pwqlr(3),240lspfd(3),|934lbgvt(3),334pwqlr(3),240lspfd(3),;29198.8,25461.1,26188.2,27468.2,0,0,0,0,1956.094953821921
334pwqlr(3),240lspfd(3),|934lbgvt(3),334pwqlr(3),240lspfd(3),|934lbgvt(3),334pwqlr(3),240lspfd(3),|934lbgvt(3),334pwqlr(3),240lspfd(3),;29198.8,25461.1,26188.2,27468.2,0,0,0,0,1961.094953821921
334pwqlr(3),240lspfd(3),|934lbgvt(3),334pwqlr(3),240lspfd(3),|934lbgvt(3),334pwqlr(3),240lspfd(3),|934lbgvt(3),334pwqlr(3),240lspfd(3),;29198.8,25461.1,26188.2,27468.2,0,0,0,0,1966.094953821921
334pwqlr(3),240lspfd(3),|934lbgvt(3),334pwqlr(3),240lspfd(3),|934lbgvt(3),334pwqlr(3),240lspfd(3),|934lbgvt(3),334pwqlr(3),240lspfd(3),;29198.8,25461.1,26188.2,27468.2,0,0,0,0,1971.094953821921
334pwqlr(3),240lspfd(3),|934lbgvt(3),334pwqlr(3),240lspfd(3),|934lbgvt(3),334pwqlr(3),240lspfd(3),|934lbgvt(3),334pwqlr(3),240lspfd(3),;29198.8,25461.1,26188.2,27468.2,0,0,0,0,1976.094953821921
334pwqlr(3),240lspfd(3),|934lbgvt(3),334pwqlr(3),240lspfd(3),|934lbgvt(3),334pwqlr(3),240lspfd(3),|934lbgvt(3),334pwqlr(3),240lspfd(3),;29198.8,25461.1,26188.2,27468.2,0,0,0,0,1981.094953821921
334pwqlr(3),240lspfd(3),|934lbgvt(3),334pwqlr(3),240lspfd(3),|934lbgvt(3),334pwqlr(3),240lspfd(3),|934lbgvt(3),334pwqlr(3),240lspfd(3),;29198.8,25461.1,26188.2,27468.2,0,0,0,0,1986.094953821921
334pwqlr(3),240lspfd(3),|934lbgvt(3),334pwqlr(3),240lspfd(3),|934lbgvt(3),334pwqlr(3),240lspfd(3),|934lbgvt(3),334pwqlr(3),240lspfd(3),;29198.8,25461.1,26188.2,27468.2,0,0,0,0,1991.094953821921
334pwqlr(3),240lspfd(3),|934lbgvt(3),334pwqlr(3),240lspfd(3),|934lbgvt(3),334pwqlr(3),240lspfd(3),|934lbgvt(3),334pwqlr(3),240lspfd(3),;29198.8,25461.1,26188.2,27468.2,0,0,0,0,1996.094953821921
