|||;22630,22630,22630,22630,0,0,0,0,1.164621585736
|||;22630,22630,22630,22630,0,0,0,0,6.164621585736
|||;22630,22630,22630,22630,0,0,0,0,11.164621585736
|||;22630,22630,22630,22630,0,0,0,0,16.164621585736
|||;22630,22630,22630,22630,0,0,0,0,21.164621585736
|||;22630,22630,22630,22630,0,0,0,0,26.164621585736
|||;22630,22630,22630,22630,0,0,0,0,31.164621585736
|||;22630,22630,22630,22630,0,0,0,0,36.164621585736
|||;22630,22630,22630,22630,0,0,0,0,41.164621585736
|||;22630,22630,22630,22630,0,0,0,0,46.164621585736
|||;22630,22630,22630,22630,0,0,0,0,51.164621585736
|||;22630,22630,22630,22630,0,0,0,0,56.164621585736
|||;22630,22630,22630,22630,0,0,0,0,61.164621585736
|||;22630,22630,22630,22630,0,0,0,0,66.164621585736
|||;22630,22630,22630,22630,0,0,0,0,71.164621585736
|||;22630,22630,22630,22630,0,0,0,0,76.164621585736
|||;22630,22630,22630,22630,0,0,0,0,81.164621585736
|||;22630,22630,22630,22630,0,0,0,0,86.164621585736
|||;22630,22630,22630,22630,0,0,0,0,91.164621585736
|||;22630,22630,22630,22630,0,0,0,0,96.164621585736
|||;22630,22630,22630,22630,0,0,0,0,101.164621585736
|||;22630,22630,22630,22630,0,0,0,0,106.164621585736
|||;22630,22630,22630,22630,0,0,0,0,111.164621585736
|||;22630,22630,22630,22630,0,0,0,0,116.164621585736
|||;22630,22630,22630,22630,0,0,0,0,121.164621585736
|||;22630,22630,22630,22630,0,0,0,0,126.164621585736
|||;22630,22630,22630,22630,0,0,0,0,131.164621585736
|||;22630,22630,22630,22630,0,0,0,0,136.164621585736
|||;22630,22630,22630,22630,0,0,0,0,141.164621585736
|||;22630,22630,22630,22630,0,0,0,0,146.164621585736
|||;22630,22630,22630,22630,0,0,0,0,151.164621585736
280pbely(2),|280pbely(2),|280pbely(2),|280pbely(2),;20889.2,20018.8,20018.8,21759.6,7.983781267242,13.688034707242,13.688034707242,2.279527827242,156.164621585736
280pbely(2),|280pbely(2),|280pbely(2),|;20889.2,20018.8,20018.8,22630,2.983781267242,8.688034707242,8.688034707242,0,161.164621585736
280pbely(3),959gnbpa(0),|280pbely(2),959gnbpa(0),|280pbely(2),959gnbpa(0),|959gnbpa(0),;18508.4,18431.6,19225.2,19455.6,18.56500142843,18.964984575097,13.660714281764,21.818068868786,166.164621585736
280pbely(3),959gnbpa(2),|280pbely(3),959gnbpa(2),|280pbely(3),959gnbpa(2),|959gnbpa(2),;18508.4,18431.6,19225.2,19455.6,13.56500142843,13.964984575097,8.660714281764,16.818068868786,171.164621585736
280pbely(3),959gnbpa(2),|280pbely(3),959gnbpa(2),|280pbely(3),959gnbpa(3),|959gnbpa(2),;18508.4,18431.6,19225.2,19455.6,8.56500142843,8.964984575097,3.660714281764,11.818068868786,176.164621585736
280pbely(3),959gnbpa(2),|280pbely(3),959gnbpa(3),|280pbely(3),959gnbpa(3),|959gnbpa(2),;18508.4,18431.6,19225.2,19455.6,3.56500142843,3.964984575097,0,6.818068868786,181.164621585736
280pbely(3),959gnbpa(3),|280pbely(3),959gnbpa(3),|280pbely(3),959gnbpa(3),|959gnbpa(2),;18508.4,18431.6,19225.2,19455.6,0,0,0,1.818068868786,186.164621585736
280pbely(3),959gnbpa(3),|280pbely(3),959gnbpa(3),|280pbely(3),959gnbpa(3),|959gnbpa(3),;18508.4,18431.6,19225.2,19455.6,0,0,0,0,191.164621585736
280pbely(3),959gnbpa(3),|280pbely(3),959gnbpa(3),|280pbely(3),959gnbpa(3),|959gnbpa(3),;18508.4,18431.6,19225.2,19455.6,0,0,0,0,196.164621585736
280pbely(3),959gnbpa(3),|280pbely(3),959gnbpa(3),|280pbely(3),959gnbpa(3),|959gnbpa(3),;18508.4,18431.6,19225.2,19455.6,0,0,0,0,201.164621585736
280pbely(3),959gnbpa(3),|280pbely(3),959gnbpa(3),|280pbely(3),959gnbpa(3),|959gnbpa(3),;18508.4,18431.6,19225.2,19455.6,0,0,0,0,206.164621585736
280pbely(3),959gnbpa(3),|280pbely(3),959gnbpa(3),|280pbely(3),959gnbpa(3),|959gnbpa(3),;18508.4,18431.6,19225.2,19455.6,0,0,0,0,211.164621585736
280pbely(3),959gnbpa(3),|280pbely(3),959gnbpa(3),|280pbely(3),959gnbpa(3),|959gnbpa(3),;18508.4,18431.6,19225.2,19455.6,0,0,0,0,216.164621585736
280pbely(3),959gnbpa(3),|280pbely(3),959gnbpa(3),|280pbely(3),959gnbpa(3),|959gnbpa(3),;18508.4,18431.6,19225.2,19455.6,0,0,0,0,221.164621585736
280pbely(3),959gnbpa(3),|280pbely(3),959gnbpa(3),|280pbely(3),959gnbpa(3),|959gnbpa(3),;18508.4,18431.6,19225.2,19455.6,0,0,0,0,226.164621585736
280pbely(3),959gnbpa(3),|280pbely(3),959gnbpa(3),|280pbely(3),959gnbpa(3),|959gnbpa(3),;18508.4,18431.6,19225.2,19455.6,0,0,0,0,231.164621585736
280pbely(3),959gnbpa(3),|280pbely(3),959gnbpa(3),|280pbely(3),959gnbpa(3),|959gnbpa(3),;18508.4,18431.6,19225.2,19455.6,0,0,0,0,236.164621585736
280pbely(3),959gnbpa(3),|280pbely(3),959gnbpa(3),|280pbely(3),959gnbpa(3),|959gnbpa(3),;18508.4,18431.6,19225.2,19455.6,0,0,0,0,241.164621585736
280pbely(3),959gnbpa(3),|280pbely(3),959gnbpa(3),|280pbely(3),959gnbpa(3),|959gnbpa(3),;18508.4,18431.6,19225.2,19455.6,0,0,0,0,246.164621585736
280pbely(3),959gnbpa(3),|280pbely(3),959gnbpa(3),|280pbely(3),959gnbpa(3),|959gnbpa(3),;18508.4,18431.6,19225.2,19455.6,0,0,0,0,251.164621585736
280pbely(3),959gnbpa(3),|280pbely(3),959gnbpa(3),|280pbely(3),959gnbpa(3),|959gnbpa(3),;18508.4,18431.6,19225.2,19455.6,0,0,0,0,256.164621585736
280pbely(3),959gnbpa(3),|280pbely(3),959gnbpa(3),|280pbely(3),959gnbpa(3),|959gnbpa(3),;18508.4,18431.6,19225.2,19455.6,0,0,0,0,261.164621585736
959gnbpa(3),|959gnbpa(3),|959gnbpa(3),|959gnbpa(3),;20249.2,21042.8,21836.4,19455.6,0,0,0,0,266.164621585736
959gnbpa(3),|959gnbpa(3),|959gnbpa(3),|959gnbpa(3),;20249.2,21042.8,21836.4,19455.6,0,0,0,0,271.164621585736
959gnbpa(3),|959gnbpa(3),|959gnbpa(3),|959gnbpa(3),;20249.2,21042.8,21836.4,19455.6,0,0,0,0,276.164621585736
959gnbpa(3),|959gnbpa(3),|959gnbpa(3),|959gnbpa(3),;20249.2,21042.8,21836.4,19455.6,0,0,0,0,281.164621585736
959gnbpa(3),|959gnbpa(3),|959gnbpa(3),|959gnbpa(3),;20249.2,21042.8,21836.4,19455.6,0,0,0,0,286.164621585736
959gnbpa(3),|959gnbpa(3),|959gnbpa(3),|959gnbpa(3),;20249.2,21042.8,21836.4,19455.6,0,0,0,0,291.164621585736
959gnbpa(3),|959gnbpa(3),|959gnbpa(3),|959gnbpa(3),;20249.2,21042.8,21836.4,19455.6,0,0,0,0,296.164621585736
959gnbpa(3),|959gnbpa(3),|959gnbpa(3),|959gnbpa(3),;20249.2,21042.8,21836.4,19455.6,0,0,0,0,301.164621585736
959gnbpa(3),|959gnbpa(3),|959gnbpa(3),|959gnbpa(3),;20249.2,21042.8,21836.4,19455.6,0,0,0,0,306.164621585736
959gnbpa(3),|959gnbpa(3),|959gnbpa(3),|959gnbpa(3),;20249.2,21042.8,21836.4,19455.6,0,0,0,0,311.164621585736
959gnbpa(3),|959gnbpa(3),|959gnbpa(3),|959gnbpa(3),;20249.2,21042.8,21836.4,19455.6,0,0,0,0,316.164621585736
959gnbpa(3),|959gnbpa(3),|959gnbpa(3),|959gnbpa(3),;20249.2,21042.8,21836.4,19455.6,0,0,0,0,321.164621585736
959gnbpa(3),|959gnbpa(3),|959gnbpa(3),|959gnbpa(3),;20249.2,21042.8,21836.4,19455.6,0,0,0,0,326.164621585736
959gnbpa(3),|959gnbpa(3),|959gnbpa(3),|959gnbpa(3),;20249.2,21042.8,21836.4,19455.6,0,0,0,0,331.164621585736
959gnbpa(3),|959gnbpa(3),|959gnbpa(3),|959gnbpa(3),;20249.2,21042.8,21836.4,19455.6,0,0,0,0,336.164621585736
959gnbpa(3),|959gnbpa(3),|959gnbpa(3),|959gnbpa(3),;20249.2,21042.8,21836.4,19455.6,0,0,0,0,341.164621585736
959gnbpa(3),|959gnbpa(3),|959gnbpa(3),|959gnbpa(3),;20249.2,21042.8,21836.4,19455.6,0,0,0,0,346.164621585736
959gnbpa(3),|959gnbpa(3),|959gnbpa(3),|959gnbpa(3),;20249.2,21042.8,21836.4,19455.6,0,0,0,0,351.164621585736
959gnbpa(3),|959gnbpa(3),|959gnbpa(3),|959gnbpa(3),;20249.2,21042.8,21836.4,19455.6,0,0,0,0,356.164621585736
959gnbpa(3),|959gnbpa(3),|959gnbpa(3),|959gnbpa(3),;20249.2,21042.8,21836.4,19455.6,0,0,0,0,361.164621585736
959gnbpa(3),|959gnbpa(3),|959gnbpa(3),|959gnbpa(3),;20249.2,21042.8,21836.4,19455.6,0,0,0,0,366.164621585736
959gnbpa(3),|959gnbpa(3),|959gnbpa(3),|959gnbpa(3),;20249.2,21042.8,21836.4,19455.6,0,0,0,0,371.164621585736
959gnbpa(3),|959gnbpa(3),|959gnbpa(3),|959gnbpa(3),;20249.2,21042.8,21836.4,19455.6,0,0,0,0,376.164621585736
959gnbpa(3),|959gnbpa(3),|959gnbpa(3),|959gnbpa(3),;20249.2,21042.8,21836.4,19455.6,0,0,0,0,381.164621585736
959gnbpa(3),|959gnbpa(3),|959gnbpa(3),|959gnbpa(3),;20249.2,21042.8,21836.4,19455.6,0,0,0,0,386.164621585736
959gnbpa(3),|959gnbpa(3),|959gnbpa(3),|959gnbpa(3),;20249.2,21042.8,21836.4,19455.6,0,0,0,0,391.164621585736
959gnbpa(3),|959gnbpa(3),|959gnbpa(3),|959gnbpa(3),;20249.2,21042.8,21836.4,19455.6,0,0,0,0,396.164621585736
959gnbpa(3),|959gnbpa(3),|959gnbpa(3),|959gnbpa(3),;20249.2,21042.8,21836.4,19455.6,0,0,0,0,401.164621585736
959gnbpa(3),|959gnbpa(3),|959gnbpa(3),|959gnbpa(3),;20249.2,21042.8,21836.4,19455.6,0,0,0,0,406.164621585736
959gnbpa(3),|959gnbpa(3),|959gnbpa(3),|959gnbpa(3),;20249.2,21042.8,21836.4,19455.6,0,0,0,0,411.164621585736
959gnbpa(3),|959gnbpa(3),|959gnbpa(3),|959gnbpa(3),;20249.2,21042.8,21836.4,19455.6,0,0,0,0,416.164621585736
959gnbpa(3),|959gnbpa(3),|959gnbpa(3),|959gnbpa(3),;20249.2,21042.8,21836.4,19455.6,0,0,0,0,421.164621585736
959gnbpa(3),|959gnbpa(3),|959gnbpa(3),|959gnbpa(3),;20249.2,21042.8,21836.4,19455.6,0,0,0,0,426.164621585736
|||;22630,22630,22630,22630,0,0,0,0,431.164621585736
|||;22630,22630,22630,22630,0,0,0,0,436.164621585736
717dvkyo(0),|717dvkyo(0),|717dvkyo(0),|717dvkyo(0),;19773,20725.4,20725.4,19773,19.086499933836,12.845375581836,12.845375581836,19.086499933836,441.164621585736
717dvkyo(2),394rbafl(0),|717dvkyo(2),394rbafl(0),|717dvkyo(2),394rbafl(0),|717dvkyo(2),394rbafl(0),;18959,17469,19911.3,17330.8,25.663410682025,35.427750394025,19.422286330025,36.333720058025,446.164621585736
717dvkyo(2),394rbafl(1),|717dvkyo(2),394rbafl(1),|717dvkyo(2),394rbafl(1),|717dvkyo(2),394rbafl(1),;18959,17469,19911.3,17330.8,20.663410682025,30.427750394025,14.422286330025,31.333720058025,451.164621585736
717dvkyo(2),394rbafl(1),|394rbafl(2),|394rbafl(2),|717dvkyo(2),394rbafl(1),;18959,19373.6,21815.9,17330.8,15.663410682025,25.427750394025,9.422286330025,26.333720058025,456.164621585736
394rbafl(2),|394rbafl(2),|394rbafl(3),|394rbafl(2),;21816,19373.6,21815.9,20187.8,10.663410682025,20.427750394025,4.422286330025,21.333720058025,461.164621585736
394rbafl(3),|394rbafl(2),|394rbafl(3),|394rbafl(2),;21816,19373.6,21815.9,20187.8,5.663410682025,15.427750394025,0,16.333720058025,466.164621585736
394rbafl(3),|394rbafl(2),|394rbafl(3),|394rbafl(2),;21816,19373.6,21815.9,20187.8,0.663410682025,10.427750394025,0,11.333720058025,471.164621585736
394rbafl(3),|394rbafl(3),|394rbafl(3),|394rbafl(2),;21816,19373.6,21815.9,20187.8,0,5.427750394025,0,6.333720058025,476.164621585736
394rbafl(3),|394rbafl(3),|394rbafl(3),|394rbafl(3),;21816,19373.6,21815.9,20187.8,0,0.427750394025,0,1.333720058025,481.164621585736
394rbafl(3),|394rbafl(3),|394rbafl(3),|394rbafl(3),;21816,19373.6,21815.9,20187.8,0,0,0,0,486.164621585736
394rbafl(3),|394rbafl(3),|394rbafl(3),|394rbafl(3),;21816,19373.6,21815.9,20187.8,0,0,0,0,491.164621585736
394rbafl(3),|394rbafl(3),|394rbafl(3),|394rbafl(3),;21816,19373.6,21815.9,20187.8,0,0,0,0,496.164621585736
394rbafl(3),|394rbafl(3),|394rbafl(3),|394rbafl(3),;21816,19373.6,21815.9,20187.8,0,0,0,0,501.164621585736
394rbafl(3),|394rbafl(3),|394rbafl(3),|394rbafl(3),;21816,19373.6,21815.9,20187.8,0,0,0,0,506.164621585736
394rbafl(3),|394rbafl(3),|394rbafl(3),|394rbafl(3),;21816,19373.6,21815.9,20187.8,0,0,0,0,511.164621585736
394rbafl(3),|394rbafl(3),|394rbafl(3),|394rbafl(3),;21816,19373.6,21815.9,20187.8,0,0,0,0,516.164621585736
394rbafl(3),|394rbafl(3),|394rbafl(3),|394rbafl(3),;21816,19373.6,21815.9,20187.8,0,0,0,0,521.164621585736
394rbafl(3),|394rbafl(3),|394rbafl(3),|394rbafl(3),;21816,19373.6,21815.9,20187.8,0,0,0,0,526.164621585736
394rbafl(3),|394rbafl(3),|394rbafl(3),|394rbafl(3),;21816,19373.6,21815.9,20187.8,0,0,0,0,531.164621585736
394rbafl(3),|394rbafl(3),|394rbafl(3),|394rbafl(3),;21816,19373.6,21815.9,20187.8,0,0,0,0,536.164621585736
394rbafl(3),|394rbafl(3),|394rbafl(3),|394rbafl(3),;21816,19373.6,21815.9,20187.8,0,0,0,0,541.164621585736
394rbafl(3),|394rbafl(3),|394rbafl(3),|394rbafl(3),;21816,19373.6,21815.9,20187.8,0,0,0,0,546.164621585736
394rbafl(3),|394rbafl(3),|394rbafl(3),|394rbafl(3),;21816,19373.6,21815.9,20187.8,0,0,0,0,551.164621585736
394rbafl(3),|394rbafl(3),|394rbafl(3),|394rbafl(3),;21816,19373.6,21815.9,20187.8,0,0,0,0,556.164621585736
394rbafl(3),|394rbafl(3),|394rbafl(3),|394rbafl(3),;21816,19373.6,21815.9,20187.8,0,0,0,0,561.164621585736
394rbafl(3),|394rbafl(3),|394rbafl(3),|394rbafl(3),;21816,19373.6,21815.9,20187.8,0,0,0,0,566.164621585736
394rbafl(3),|394rbafl(3),|394rbafl(3),|394rbafl(3),;21816,19373.6,21815.9,20187.8,0,0,0,0,571.164621585736
394rbafl(3),805jotni(0),|394rbafl(3),805jotni(0),|394rbafl(3),805jotni(0),|394rbafl(3),805jotni(0),;19860.2,17417.8,18882.1,17254,13.061323359641,13.061323359641,19.470219871641,19.470219871641,576.164621585736
394rbafl(3),805jotni(2),|394rbafl(3),805jotni(2),|394rbafl(3),805jotni(2),|394rbafl(3),805jotni(2),;19860.2,17417.8,18882.1,17254,8.061323359641,8.061323359641,14.470219871641,14.470219871641,581.164621585736
394rbafl(3),805jotni(2),|394rbafl(3),805jotni(2),|394rbafl(3),805jotni(2),|394rbafl(3),805jotni(2),;19860.2,17417.8,18882.1,17254,3.061323359641,3.061323359641,9.470219871641,9.470219871641,586.164621585736
394rbafl(3),805jotni(3),|394rbafl(3),805jotni(3),|394rbafl(3),805jotni(2),|394rbafl(3),805jotni(2),;19860.2,17417.8,18882.1,17254,0,0,4.470219871641,4.470219871641,591.164621585736
394rbafl(3),805jotni(3),|394rbafl(3),805jotni(3),|394rbafl(3),805jotni(3),|394rbafl(3),805jotni(3),;19860.2,17417.8,18882.1,17254,0,0,0,0,596.164621585736
394rbafl(3),805jotni(3),313egfnd(0),|394rbafl(3),805jotni(3),313egfnd(0),|394rbafl(3),805jotni(3),313egfnd(0),|394rbafl(3),805jotni(3),;17627.9,15743.6,17207.9,17254,16.689525812862,13.032092724862,13.032092724862,0,601.164621585736
394rbafl(3),805jotni(3),313egfnd(2),|394rbafl(3),805jotni(3),313egfnd(2),|394rbafl(3),805jotni(3),313egfnd(2),|394rbafl(3),805jotni(3),;17627.9,15743.6,17207.9,17254,11.689525812862,8.032092724862,8.032092724862,0,606.164621585736
394rbafl(3),805jotni(3),313egfnd(2),|394rbafl(3),805jotni(3),313egfnd(2),|394rbafl(3),805jotni(3),313egfnd(2),|394rbafl(3),805jotni(3),;17627.9,15743.6,17207.9,17254,6.689525812862,3.032092724862,3.032092724862,0,611.164621585736
394rbafl(3),805jotni(3),313egfnd(2),|394rbafl(3),805jotni(3),313egfnd(3),|394rbafl(3),805jotni(3),313egfnd(3),|394rbafl(3),805jotni(3),;17627.9,15743.6,17207.9,17254,1.689525812862,0,0,0,616.164621585736
394rbafl(3),805jotni(3),313egfnd(3),|394rbafl(3),805jotni(3),313egfnd(3),|394rbafl(3),805jotni(3),313egfnd(3),|394rbafl(3),805jotni(3),;17627.9,15743.6,17207.9,17254,0,0,0,0,621.164621585736
394rbafl(3),805jotni(3),313egfnd(3),|394rbafl(3),805jotni(3),313egfnd(3),|394rbafl(3),805jotni(3),313egfnd(3),|394rbafl(3),805jotni(3),;17627.9,15743.6,17207.9,17254,0,0,0,0,626.164621585736
394rbafl(3),805jotni(3),313egfnd(3),|394rbafl(3),805jotni(3),313egfnd(3),|394rbafl(3),805jotni(3),313egfnd(3),|394rbafl(3),805jotni(3),;17627.9,15743.6,17207.9,17254,0,0,0,0,631.164621585736
394rbafl(3),805jotni(3),313egfnd(3),|394rbafl(3),805jotni(3),313egfnd(3),|394rbafl(3),805jotni(3),313egfnd(3),|394rbafl(3),805jotni(3),;17627.9,15743.6,17207.9,17254,0,0,0,0,636.164621585736
394rbafl(3),805jotni(3),313egfnd(3),|394rbafl(3),805jotni(3),313egfnd(3),|394rbafl(3),805jotni(3),313egfnd(3),|394rbafl(3),805jotni(3),;17627.9,15743.6,17207.9,17254,0,0,0,0,641.164621585736
394rbafl(3),805jotni(3),313egfnd(3),|394rbafl(3),805jotni(3),313egfnd(3),|394rbafl(3),805jotni(3),313egfnd(3),|394rbafl(3),805jotni(3),;17627.9,15743.6,17207.9,17254,0,0,0,0,646.164621585736
394rbafl(3),805jotni(3),313egfnd(3),|394rbafl(3),805jotni(3),313egfnd(3),|394rbafl(3),805jotni(3),313egfnd(3),|394rbafl(3),805jotni(3),;17627.9,15743.6,17207.9,17254,0,0,0,0,651.164621585736
394rbafl(3),805jotni(3),313egfnd(3),|394rbafl(3),805jotni(3),313egfnd(3),|394rbafl(3),805jotni(3),313egfnd(3),215dutwz(0),|394rbafl(3),805jotni(3),215dutwz(0),;17627.9,15743.6,16352.9,16399,0,0,10.946526884067,10.946526884067,656.164621585736
394rbafl(3),805jotni(3),313egfnd(3),|394rbafl(3),805jotni(3),313egfnd(3),|394rbafl(3),805jotni(3),313egfnd(3),215dutwz(0),|394rbafl(3),805jotni(3),215dutwz(0),;17627.9,15743.6,16352.9,16399,0,0,5.946526884067,5.946526884067,661.164621585736
394rbafl(3),805jotni(3),313egfnd(3),687yjema(0),|394rbafl(3),805jotni(3),313egfnd(3),|394rbafl(3),805jotni(3),313egfnd(3),215dutwz(2),|394rbafl(3),805jotni(3),215dutwz(2),687yjema(0),;12840.7,15743.6,16352.9,15441.6,35.400754120607,0,0.946526884067,11.727326787744,666.164621585736
394rbafl(3),805jotni(3),313egfnd(3),687yjema(2),|394rbafl(3),805jotni(3),313egfnd(3),|394rbafl(3),805jotni(3),313egfnd(3),215dutwz(3),|394rbafl(3),805jotni(3),215dutwz(3),687yjema(2),;12840.7,15743.6,16352.9,15441.6,30.400754120607,0,0,6.727326787744,671.164621585736
805jotni(3),313egfnd(3),687yjema(2),|805jotni(3),313egfnd(3),|805jotni(3),313egfnd(3),215dutwz(3),|805jotni(3),215dutwz(3),687yjema(3),;13654.8,18999.9,17167,17883.8,25.400754120607,0,0,1.727326787744,676.164621585736
805jotni(3),313egfnd(3),687yjema(2),|805jotni(3),313egfnd(3),|805jotni(3),313egfnd(3),215dutwz(3),|805jotni(3),215dutwz(3),687yjema(3),;13654.8,18999.9,17167,17883.8,20.400754120607,0,0,0,681.164621585736
805jotni(3),313egfnd(3),687yjema(2),|805jotni(3),313egfnd(3),|805jotni(3),313egfnd(3),215dutwz(3),|805jotni(3),215dutwz(3),687yjema(3),;13654.8,18999.9,17167,17883.8,15.400754120607,0,0,0,686.164621585736
805jotni(3),313egfnd(3),687yjema(2),|805jotni(3),313egfnd(3),|805jotni(3),313egfnd(3),215dutwz(3),|805jotni(3),215dutwz(3),687yjema(3),;13654.8,18999.9,17167,17883.8,10.400754120607,0,0,0,691.164621585736
805jotni(3),313egfnd(3),687yjema(2),|805jotni(3),313egfnd(3),|805jotni(3),313egfnd(3),215dutwz(3),|805jotni(3),215dutwz(3),687yjema(3),;13654.8,18999.9,17167,17883.8,5.400754120607,0,0,0,696.164621585736
313egfnd(3),687yjema(3),|313egfnd(3),|313egfnd(3),215dutwz(3),|215dutwz(3),687yjema(3),;15610.6,20955.7,20100.8,20817.6,0.400754120607,0,0,0,701.164621585736
313egfnd(3),687yjema(3),|313egfnd(3),|313egfnd(3),215dutwz(3),|215dutwz(3),687yjema(3),;15610.6,20955.7,20100.8,20817.6,0,0,0,0,706.164621585736
313egfnd(3),687yjema(3),|313egfnd(3),|313egfnd(3),215dutwz(3),|215dutwz(3),687yjema(3),;15610.6,20955.7,20100.8,20817.6,0,0,0,0,711.164621585736
313egfnd(3),687yjema(3),|313egfnd(3),|313egfnd(3),215dutwz(3),|215dutwz(3),687yjema(3),;15610.6,20955.7,20100.8,20817.6,0,0,0,0,716.164621585736
313egfnd(3),687yjema(3),|313egfnd(3),|313egfnd(3),215dutwz(3),|215dutwz(3),687yjema(3),;15610.6,20955.7,20100.8,20817.6,0,0,0,0,721.164621585736
313egfnd(3),687yjema(3),|313egfnd(3),|313egfnd(3),215dutwz(3),|215dutwz(3),687yjema(3),;15610.6,20955.7,20100.8,20817.6,0,0,0,0,726.164621585736
313egfnd(3),687yjema(3),|313egfnd(3),|313egfnd(3),215dutwz(3),|215dutwz(3),687yjema(3),;15610.6,20955.7,20100.8,20817.6,0,0,0,0,731.164621585736
313egfnd(3),687yjema(3),|313egfnd(3),|313egfnd(3),215dutwz(3),|215dutwz(3),687yjema(3),;15610.6,20955.7,20100.8,20817.6,0,0,0,0,736.164621585736
313egfnd(3),687yjema(3),|313egfnd(3),|313egfnd(3),215dutwz(3),|215dutwz(3),687yjema(3),;15610.6,20955.7,20100.8,20817.6,0,0,0,0,741.164621585736
313egfnd(3),687yjema(3),|313egfnd(3),|313egfnd(3),215dutwz(3),|215dutwz(3),687yjema(3),;15610.6,20955.7,20100.8,20817.6,0,0,0,0,746.164621585736
313egfnd(3),687yjema(3),|313egfnd(3),|313egfnd(3),215dutwz(3),|215dutwz(3),687yjema(3),;15610.6,20955.7,20100.8,20817.6,0,0,0,0,751.164621585736
313egfnd(3),687yjema(3),|313egfnd(3),|313egfnd(3),215dutwz(3),|215dutwz(3),687yjema(3),;15610.6,20955.7,20100.8,20817.6,0,0,0,0,756.164621585736
313egfnd(3),687yjema(3),|313egfnd(3),|313egfnd(3),215dutwz(3),|215dutwz(3),687yjema(3),;15610.6,20955.7,20100.8,20817.6,0,0,0,0,761.164621585736
313egfnd(3),687yjema(3),|313egfnd(3),|313egfnd(3),215dutwz(3),|215dutwz(3),687yjema(3),;15610.6,20955.7,20100.8,20817.6,0,0,0,0,766.164621585736
313egfnd(3),687yjema(3),|313egfnd(3),|313egfnd(3),215dutwz(3),|215dutwz(3),687yjema(3),;15610.6,20955.7,20100.8,20817.6,0,0,0,0,771.164621585736
313egfnd(3),687yjema(3),|313egfnd(3),|313egfnd(3),215dutwz(3),|215dutwz(3),687yjema(3),;15610.6,20955.7,20100.8,20817.6,0,0,0,0,776.164621585736
313egfnd(3),687yjema(3),|313egfnd(3),|313egfnd(3),215dutwz(3),|215dutwz(3),687yjema(3),;15610.6,20955.7,20100.8,20817.6,0,0,0,0,781.164621585736
313egfnd(3),687yjema(3),|313egfnd(3),|313egfnd(3),215dutwz(3),|215dutwz(3),687yjema(3),;15610.6,20955.7,20100.8,20817.6,0,0,0,0,786.164621585736
313egfnd(3),687yjema(3),|313egfnd(3),|313egfnd(3),215dutwz(3),|215dutwz(3),687yjema(3),;15610.6,20955.7,20100.8,20817.6,0,0,0,0,791.164621585736
313egfnd(3),687yjema(3),|313egfnd(3),|313egfnd(3),215dutwz(3),|215dutwz(3),687yjema(3),;15610.6,20955.7,20100.8,20817.6,0,0,0,0,796.164621585736
313egfnd(3),687yjema(3),|313egfnd(3),|313egfnd(3),215dutwz(3),|215dutwz(3),687yjema(3),;15610.6,20955.7,20100.8,20817.6,0,0,0,0,801.164621585736
313egfnd(3),687yjema(3),|313egfnd(3),|313egfnd(3),215dutwz(3),|215dutwz(3),687yjema(3),;15610.6,20955.7,20100.8,20817.6,0,0,0,0,806.164621585736
313egfnd(3),687yjema(3),|313egfnd(3),|313egfnd(3),215dutwz(3),|215dutwz(3),687yjema(3),;15610.6,20955.7,20100.8,20817.6,0,0,0,0,811.164621585736
313egfnd(3),687yjema(3),|313egfnd(3),|313egfnd(3),215dutwz(3),|215dutwz(3),687yjema(3),;15610.6,20955.7,20100.8,20817.6,0,0,0,0,816.164621585736
313egfnd(3),687yjema(3),|313egfnd(3),|313egfnd(3),215dutwz(3),|215dutwz(3),687yjema(3),;15610.6,20955.7,20100.8,20817.6,0,0,0,0,821.164621585736
313egfnd(3),687yjema(3),|313egfnd(3),|313egfnd(3),215dutwz(3),|215dutwz(3),687yjema(3),;15610.6,20955.7,20100.8,20817.6,0,0,0,0,826.164621585736
313egfnd(3),687yjema(3),|313egfnd(3),|313egfnd(3),215dutwz(3),|215dutwz(3),;15610.6,20955.7,20100.8,21775,0,0,0,0,831.164621585736
313egfnd(3),687yjema(3),|313egfnd(3),|313egfnd(3),215dutwz(3),|215dutwz(3),;15610.6,20955.7,20100.8,21775,0,0,0,0,836.164621585736
313egfnd(3),687yjema(3),|313egfnd(3),|313egfnd(3),215dutwz(3),|215dutwz(3),;15610.6,20955.7,20100.8,21775,0,0,0,0,841.164621585736
313egfnd(3),687yjema(3),|313egfnd(3),|313egfnd(3),215dutwz(3),|215dutwz(3),;15610.6,20955.7,20100.8,21775,0,0,0,0,846.164621585736
313egfnd(3),687yjema(3),|313egfnd(3),|313egfnd(3),215dutwz(3),|215dutwz(3),;15610.6,20955.7,20100.8,21775,0,0,0,0,851.164621585736
313egfnd(3),687yjema(3),|313egfnd(3),|313egfnd(3),215dutwz(3),|215dutwz(3),;15610.6,20955.7,20100.8,21775,0,0,0,0,856.164621585736
313egfnd(3),687yjema(3),|313egfnd(3),|313egfnd(3),215dutwz(3),|215dutwz(3),;15610.6,20955.7,20100.8,21775,0,0,0,0,861.164621585736
313egfnd(3),687yjema(3),|313egfnd(3),|313egfnd(3),215dutwz(3),|215dutwz(3),;15610.6,20955.7,20100.8,21775,0,0,0,0,866.164621585736
313egfnd(3),687yjema(3),|313egfnd(3),|313egfnd(3),215dutwz(3),|215dutwz(3),;15610.6,20955.7,20100.8,21775,0,0,0,0,871.164621585736
313egfnd(3),687yjema(3),|313egfnd(3),|313egfnd(3),215dutwz(3),|215dutwz(3),;15610.6,20955.7,20100.8,21775,0,0,0,0,876.164621585736
313egfnd(3),687yjema(3),|313egfnd(3),|313egfnd(3),215dutwz(3),|215dutwz(3),;15610.6,20955.7,20100.8,21775,0,0,0,0,881.164621585736
313egfnd(3),687yjema(3),|313egfnd(3),|313egfnd(3),215dutwz(3),|215dutwz(3),;15610.6,20955.7,20100.8,21775,0,0,0,0,886.164621585736
313egfnd(3),687yjema(3),|313egfnd(3),|313egfnd(3),215dutwz(3),|215dutwz(3),;15610.6,20955.7,20100.8,21775,0,0,0,0,891.164621585736
313egfnd(3),687yjema(3),|313egfnd(3),|313egfnd(3),215dutwz(3),|215dutwz(3),;15610.6,20955.7,20100.8,21775,0,0,0,0,896.164621585736
313egfnd(3),687yjema(3),|313egfnd(3),|313egfnd(3),215dutwz(3),|215dutwz(3),;15610.6,20955.7,20100.8,21775,0,0,0,0,901.164621585736
313egfnd(3),687yjema(3),|313egfnd(3),|313egfnd(3),215dutwz(3),|215dutwz(3),;15610.6,20955.7,20100.8,21775,0,0,0,0,906.164621585736
313egfnd(3),687yjema(3),|313egfnd(3),|313egfnd(3),215dutwz(3),|215dutwz(3),;15610.6,20955.7,20100.8,21775,0,0,0,0,911.164621585736
313egfnd(3),687yjema(3),|313egfnd(3),|313egfnd(3),215dutwz(3),|215dutwz(3),;15610.6,20955.7,20100.8,21775,0,0,0,0,916.164621585736
313egfnd(3),687yjema(3),|313egfnd(3),|313egfnd(3),215dutwz(3),|215dutwz(3),;15610.6,20955.7,20100.8,21775,0,0,0,0,921.164621585736
313egfnd(3),687yjema(3),|313egfnd(3),|313egfnd(3),215dutwz(3),|215dutwz(3),;15610.6,20955.7,20100.8,21775,0,0,0,0,926.164621585736
313egfnd(3),687yjema(3),|313egfnd(3),|313egfnd(3),215dutwz(3),|215dutwz(3),;15610.6,20955.7,20100.8,21775,0,0,0,0,931.164621585736
313egfnd(3),687yjema(3),|313egfnd(3),|313egfnd(3),215dutwz(3),|215dutwz(3),;15610.6,20955.7,20100.8,21775,0,0,0,0,936.164621585736
687yjema(3),||215dutwz(3),|215dutwz(3),;17842.9,22629.9,21775,21775,0,0,0,0,941.164621585736
687yjema(3),||215dutwz(3),|215dutwz(3),;17842.9,22629.9,21775,21775,0,0,0,0,946.164621585736
687yjema(3),||215dutwz(3),|215dutwz(3),;17842.9,22629.9,21775,21775,0,0,0,0,951.164621585736
687yjema(3),||215dutwz(3),|215dutwz(3),;17842.9,22629.9,21775,21775,0,0,0,0,956.164621585736
687yjema(3),||215dutwz(3),|215dutwz(3),;17842.9,22629.9,21775,21775,0,0,0,0,961.164621585736
687yjema(3),||215dutwz(3),|215dutwz(3),;17842.9,22629.9,21775,21775,0,0,0,0,966.164621585736
687yjema(3),||215dutwz(3),|215dutwz(3),;17842.9,22629.9,21775,21775,0,0,0,0,971.164621585736
||215dutwz(3),|215dutwz(3),;22630.1,22629.9,21775,21775,0,0,0,0,976.164621585736
||215dutwz(3),|215dutwz(3),;22630.1,22629.9,21775,21775,0,0,0,0,981.164621585736
||215dutwz(3),|215dutwz(3),;22630.1,22629.9,21775,21775,0,0,0,0,986.164621585736
||215dutwz(3),|215dutwz(3),;22630.1,22629.9,21775,21775,0,0,0,0,991.164621585736
91rvfyt(0),||215dutwz(3),|215dutwz(3),91rvfyt(0),;21723.9,22629.9,21775,19962.5,9.373112394606,0,0,15.312246858606,996.164621585736
91rvfyt(2),||215dutwz(3),|215dutwz(3),91rvfyt(2),;21723.9,22629.9,21775,19962.5,4.373112394606,0,0,10.312246858606,1001.164621585736
||215dutwz(3),|215dutwz(3),91rvfyt(2),;22630.1,22629.9,21775,19962.5,0,0,0,5.312246858606,1006.164621585736
214etfzo(2),|214etfzo(2),|215dutwz(3),214etfzo(2),|215dutwz(3),91rvfyt(2),214etfzo(1),;20786.9,20786.7,20546.2,18733.7,10.100037928748,10.100037928748,6.073506088748,11.45144353309,1011.164621585736
214etfzo(2),|214etfzo(2),|215dutwz(3),214etfzo(2),|215dutwz(3),214etfzo(2),;20786.9,20786.7,20546.2,20546.2,5.100037928748,5.100037928748,1.073506088748,6.45144353309,1016.164621585736
214etfzo(2),|214etfzo(2),|215dutwz(3),|215dutwz(3),;20786.9,20786.7,21775,21775,0.100037928748,0.100037928748,0,1.45144353309,1021.164621585736
||215dutwz(3),|215dutwz(3),;22630.1,22629.9,21775,21775,0,0,0,0,1026.164621585736
||215dutwz(3),|215dutwz(3),;22630.1,22629.9,21775,21775,0,0,0,0,1031.164621585736
||215dutwz(3),|215dutwz(3),;22630.1,22629.9,21775,21775,0,0,0,0,1036.164621585736
||215dutwz(3),|215dutwz(3),;22630.1,22629.9,21775,21775,0,0,0,0,1041.164621585736
||215dutwz(3),|215dutwz(3),;22630.1,22629.9,21775,21775,0,0,0,0,1046.164621585736
||215dutwz(3),|215dutwz(3),;22630.1,22629.9,21775,21775,0,0,0,0,1051.164621585736
||215dutwz(3),|215dutwz(3),;22630.1,22629.9,21775,21775,0,0,0,0,1056.164621585736
||215dutwz(3),|215dutwz(3),;22630.1,22629.9,21775,21775,0,0,0,0,1061.164621585736
||215dutwz(3),|215dutwz(3),;22630.1,22629.9,21775,21775,0,0,0,0,1066.164621585736
||215dutwz(3),|215dutwz(3),;22630.1,22629.9,21775,21775,0,0,0,0,1071.164621585736
||215dutwz(3),|215dutwz(3),;22630.1,22629.9,21775,21775,0,0,0,0,1076.164621585736
||215dutwz(3),|215dutwz(3),;22630.1,22629.9,21775,21775,0,0,0,0,1081.164621585736
||215dutwz(3),|215dutwz(3),;22630.1,22629.9,21775,21775,0,0,0,0,1086.164621585736
||215dutwz(3),|215dutwz(3),;22630.1,22629.9,21775,21775,0,0,0,0,1091.164621585736
||215dutwz(3),|215dutwz(3),;22630.1,22629.9,21775,21775,0,0,0,0,1096.164621585736
||215dutwz(3),|215dutwz(3),;22630.1,22629.9,21775,21775,0,0,0,0,1101.164621585736
||215dutwz(3),|215dutwz(3),;22630.1,22629.9,21775,21775,0,0,0,0,1106.164621585736
||215dutwz(3),|215dutwz(3),;22630.1,22629.9,21775,21775,0,0,0,0,1111.164621585736
||215dutwz(3),|215dutwz(3),;22630.1,22629.9,21775,21775,0,0,0,0,1116.164621585736
||215dutwz(3),|215dutwz(3),;22630.1,22629.9,21775,21775,0,0,0,0,1121.164621585736
412npjmq(0),|412npjmq(0),|215dutwz(3),412npjmq(0),|215dutwz(3),412npjmq(0),;19046.1,21733.9,20879,18191,25.974308572508,8.358231772507,8.358231772507,25.974308572508,1126.164621585736
412npjmq(2),|412npjmq(2),|215dutwz(3),412npjmq(2),|215dutwz(3),412npjmq(2),;19046.1,21733.9,20879,18191,20.974308572508,3.358231772507,3.358231772507,20.974308572508,1131.164621585736
412npjmq(2),||215dutwz(3),|215dutwz(3),412npjmq(2),;19046.1,22629.9,21775,18191,15.974308572508,0,0,15.974308572508,1136.164621585736
412npjmq(2),||215dutwz(3),|215dutwz(3),412npjmq(2),;19046.1,22629.9,21775,18191,10.974308572508,0,0,10.974308572508,1141.164621585736
412npjmq(2),||215dutwz(3),|215dutwz(3),412npjmq(2),;19046.1,22629.9,21775,18191,5.974308572508,0,0,5.974308572508,1146.164621585736
412npjmq(2),||215dutwz(3),|215dutwz(3),412npjmq(2),;19046.1,22629.9,21775,18191,0.974308572508,0,0,0.974308572508,1151.164621585736
412npjmq(3),||215dutwz(3),|215dutwz(3),412npjmq(3),;19046.1,22629.9,21775,18191,0,0,0,0,1156.164621585736
412npjmq(3),||215dutwz(3),|215dutwz(3),412npjmq(3),;19046.1,22629.9,21775,18191,0,0,0,0,1161.164621585736
412npjmq(3),||215dutwz(3),|215dutwz(3),412npjmq(3),;19046.1,22629.9,21775,18191,0,0,0,0,1166.164621585736
412npjmq(3),||215dutwz(3),|215dutwz(3),412npjmq(3),;19046.1,22629.9,21775,18191,0,0,0,0,1171.164621585736
412npjmq(3),||215dutwz(3),|215dutwz(3),412npjmq(3),;19046.1,22629.9,21775,18191,0,0,0,0,1176.164621585736
412npjmq(3),||215dutwz(3),|215dutwz(3),412npjmq(3),;19046.1,22629.9,21775,18191,0,0,0,0,1181.164621585736
||215dutwz(3),|215dutwz(3),;22630.1,22629.9,21775,21775,0,0,0,0,1186.164621585736
||215dutwz(3),|215dutwz(3),;22630.1,22629.9,21775,21775,0,0,0,0,1191.164621585736
||215dutwz(3),|215dutwz(3),;22630.1,22629.9,21775,21775,0,0,0,0,1196.164621585736
||215dutwz(3),|215dutwz(3),;22630.1,22629.9,21775,21775,0,0,0,0,1201.164621585736
||215dutwz(3),|215dutwz(3),;22630.1,22629.9,21775,21775,0,0,0,0,1206.164621585736
||215dutwz(3),|215dutwz(3),;22630.1,22629.9,21775,21775,0,0,0,0,1211.164621585736
||215dutwz(3),|215dutwz(3),;22630.1,22629.9,21775,21775,0,0,0,0,1216.164621585736
||215dutwz(3),|215dutwz(3),;22630.1,22629.9,21775,21775,0,0,0,0,1221.164621585736
||215dutwz(3),|215dutwz(3),;22630.1,22629.9,21775,21775,0,0,0,0,1226.164621585736
||215dutwz(3),|215dutwz(3),;22630.1,22629.9,21775,21775,0,0,0,0,1231.164621585736
||215dutwz(3),|215dutwz(3),;22630.1,22629.9,21775,21775,0,0,0,0,1236.164621585736
||215dutwz(3),|215dutwz(3),;22630.1,22629.9,21775,21775,0,0,0,0,1241.164621585736
||215dutwz(3),|215dutwz(3),;22630.1,22629.9,21775,21775,0,0,0,0,1246.164621585736
||215dutwz(3),|215dutwz(3),;22630.1,22629.9,21775,21775,0,0,0,0,1251.164621585736
||215dutwz(3),|215dutwz(3),;22630.1,22629.9,21775,21775,0,0,0,0,1256.164621585736
||215dutwz(3),|215dutwz(3),;22630.1,22629.9,21775,21775,0,0,0,0,1261.164621585736
||215dutwz(3),|215dutwz(3),;22630.1,22629.9,21775,21775,0,0,0,0,1266.164621585736
||215dutwz(3),|215dutwz(3),;22630.1,22629.9,21775,21775,0,0,0,0,1271.164621585736
||215dutwz(3),|215dutwz(3),;22630.1,22629.9,21775,21775,0,0,0,0,1276.164621585736
||215dutwz(3),|215dutwz(3),;22630.1,22629.9,21775,21775,0,0,0,0,1281.164621585736
|||;22630.1,22629.9,22630,22630,0,0,0,0,1286.164621585736
|||;22630.1,22629.9,22630,22630,0,0,0,0,1291.164621585736
|||;22630.1,22629.9,22630,22630,0,0,0,0,1296.164621585736
|||;22630.1,22629.9,22630,22630,0,0,0,0,1301.164621585736
|||;22630.1,22629.9,22630,22630,0,0,0,0,1306.164621585736
67idqvs(2),|67idqvs(2),|67idqvs(2),|67idqvs(2),;21237.5,21237.3,20541,20541,8.056312724516,8.056312724516,12.710382143183,12.710382143183,1311.164621585736
67idqvs(2),|67idqvs(2),|67idqvs(2),|67idqvs(2),;21237.5,21237.3,20541,20541,3.056312724516,3.056312724516,7.710382143183,7.710382143183,1316.164621585736
67idqvs(3),|67idqvs(3),|67idqvs(2),|67idqvs(2),;21237.5,21237.3,20541,20541,0,0,2.710382143183,2.710382143183,1321.164621585736
67idqvs(3),|67idqvs(3),|67idqvs(3),|67idqvs(3),;21237.5,21237.3,20541,20541,0,0,0,0,1326.164621585736
67idqvs(3),|67idqvs(3),|67idqvs(3),|67idqvs(3),;21237.5,21237.3,20541,20541,0,0,0,0,1331.164621585736
67idqvs(3),|67idqvs(3),|67idqvs(3),|67idqvs(3),;21237.5,21237.3,20541,20541,0,0,0,0,1336.164621585736
67idqvs(3),|67idqvs(3),|67idqvs(3),|67idqvs(3),;21237.5,21237.3,20541,20541,0,0,0,0,1341.164621585736
67idqvs(3),|67idqvs(3),|67idqvs(3),|67idqvs(3),;21237.5,21237.3,20541,20541,0,0,0,0,1346.164621585736
67idqvs(3),|67idqvs(3),|67idqvs(3),|67idqvs(3),;21237.5,21237.3,20541,20541,0,0,0,0,1351.164621585736
67idqvs(3),|67idqvs(3),|67idqvs(3),|67idqvs(3),;21237.5,21237.3,20541,20541,0,0,0,0,1356.164621585736
67idqvs(3),|67idqvs(3),|67idqvs(3),|67idqvs(3),;21237.5,21237.3,20541,20541,0,0,0,0,1361.164621585736
67idqvs(3),|67idqvs(3),|67idqvs(3),|67idqvs(3),;21237.5,21237.3,20541,20541,0,0,0,0,1366.164621585736
67idqvs(3),|67idqvs(3),|67idqvs(3),|67idqvs(3),;21237.5,21237.3,20541,20541,0,0,0,0,1371.164621585736
67idqvs(3),|67idqvs(3),|67idqvs(3),|67idqvs(3),;21237.5,21237.3,20541,20541,0,0,0,0,1376.164621585736
67idqvs(3),|67idqvs(3),|67idqvs(3),|67idqvs(3),;21237.5,21237.3,20541,20541,0,0,0,0,1381.164621585736
67idqvs(3),|67idqvs(3),|67idqvs(3),|67idqvs(3),;21237.5,21237.3,20541,20541,0,0,0,0,1386.164621585736
67idqvs(3),|67idqvs(3),|67idqvs(3),|67idqvs(3),;21237.5,21237.3,20541,20541,0,0,0,0,1391.164621585736
67idqvs(3),|67idqvs(3),|67idqvs(3),|67idqvs(3),;21237.5,21237.3,20541,20541,0,0,0,0,1396.164621585736
67idqvs(3),|67idqvs(3),|67idqvs(3),|67idqvs(3),;21237.5,21237.3,20541,20541,0,0,0,0,1401.164621585736
67idqvs(3),|67idqvs(3),|67idqvs(3),|67idqvs(3),;21237.5,21237.3,20541,20541,0,0,0,0,1406.164621585736
67idqvs(3),|67idqvs(3),|67idqvs(3),|67idqvs(3),;21237.5,21237.3,20541,20541,0,0,0,0,1411.164621585736
67idqvs(3),|67idqvs(3),|67idqvs(3),|67idqvs(3),;21237.5,21237.3,20541,20541,0,0,0,0,1416.164621585736
67idqvs(3),|67idqvs(3),|67idqvs(3),|67idqvs(3),;21237.5,21237.3,20541,20541,0,0,0,0,1421.164621585736
67idqvs(3),|67idqvs(3),|67idqvs(3),|67idqvs(3),;21237.5,21237.3,20541,20541,0,0,0,0,1426.164621585736
67idqvs(3),|67idqvs(3),|67idqvs(3),|67idqvs(3),;21237.5,21237.3,20541,20541,0,0,0,0,1431.164621585736
67idqvs(3),|67idqvs(3),|67idqvs(3),|67idqvs(3),;21237.5,21237.3,20541,20541,0,0,0,0,1436.164621585736
67idqvs(3),|67idqvs(3),|67idqvs(3),|67idqvs(3),;21237.5,21237.3,20541,20541,0,0,0,0,1441.164621585736
67idqvs(3),|67idqvs(3),|67idqvs(3),|67idqvs(3),;21237.5,21237.3,20541,20541,0,0,0,0,1446.164621585736
67idqvs(3),|67idqvs(3),|67idqvs(3),|67idqvs(3),;21237.5,21237.3,20541,20541,0,0,0,0,1451.164621585736
67idqvs(3),|67idqvs(3),|67idqvs(3),|67idqvs(3),;21237.5,21237.3,20541,20541,0,0,0,0,1456.164621585736
67idqvs(3),|67idqvs(3),|67idqvs(3),|67idqvs(3),;21237.5,21237.3,20541,20541,0,0,0,0,1461.164621585736
67idqvs(3),|67idqvs(3),|67idqvs(3),|67idqvs(3),;21237.5,21237.3,20541,20541,0,0,0,0,1466.164621585736
67idqvs(3),|67idqvs(3),|67idqvs(3),|67idqvs(3),;21237.5,21237.3,20541,20541,0,0,0,0,1471.164621585736
67idqvs(3),|67idqvs(3),|67idqvs(3),|67idqvs(3),;21237.5,21237.3,20541,20541,0,0,0,0,1476.164621585736
67idqvs(3),|67idqvs(3),|67idqvs(3),|67idqvs(3),;21237.5,21237.3,20541,20541,0,0,0,0,1481.164621585736
67idqvs(3),|67idqvs(3),|67idqvs(3),|67idqvs(3),;21237.5,21237.3,20541,20541,0,0,0,0,1486.164621585736
67idqvs(3),|67idqvs(3),|67idqvs(3),|67idqvs(3),;21237.5,21237.3,20541,20541,0,0,0,0,1491.164621585736
67idqvs(3),|67idqvs(3),|67idqvs(3),|67idqvs(3),;21237.5,21237.3,20541,20541,0,0,0,0,1496.164621585736
67idqvs(3),|67idqvs(3),|67idqvs(3),|67idqvs(3),;21237.5,21237.3,20541,20541,0,0,0,0,1501.164621585736
67idqvs(3),|67idqvs(3),|67idqvs(3),|67idqvs(3),;21237.5,21237.3,20541,20541,0,0,0,0,1506.164621585736
67idqvs(3),|67idqvs(3),|67idqvs(3),|67idqvs(3),;21237.5,21237.3,20541,20541,0,0,0,0,1511.164621585736
67idqvs(3),|67idqvs(3),|67idqvs(3),|67idqvs(3),;21237.5,21237.3,20541,20541,0,0,0,0,1516.164621585736
67idqvs(3),|67idqvs(3),|67idqvs(3),|67idqvs(3),;21237.5,21237.3,20541,20541,0,0,0,0,1521.164621585736
67idqvs(3),|67idqvs(3),|67idqvs(3),|67idqvs(3),;21237.5,21237.3,20541,20541,0,0,0,0,1526.164621585736
67idqvs(3),|67idqvs(3),|67idqvs(3),|67idqvs(3),;21237.5,21237.3,20541,20541,0,0,0,0,1531.164621585736
67idqvs(3),|67idqvs(3),|67idqvs(3),|67idqvs(3),;21237.5,21237.3,20541,20541,0,0,0,0,1536.164621585736
67idqvs(3),|67idqvs(3),|67idqvs(3),|67idqvs(3),;21237.5,21237.3,20541,20541,0,0,0,0,1541.164621585736
67idqvs(3),|67idqvs(3),|67idqvs(3),|67idqvs(3),;21237.5,21237.3,20541,20541,0,0,0,0,1546.164621585736
67idqvs(3),|67idqvs(3),|67idqvs(3),|67idqvs(3),;21237.5,21237.3,20541,20541,0,0,0,0,1551.164621585736
67idqvs(3),|67idqvs(3),|67idqvs(3),|67idqvs(3),;21237.5,21237.3,20541,20541,0,0,0,0,1556.164621585736
67idqvs(3),|67idqvs(3),|67idqvs(3),|67idqvs(3),;21237.5,21237.3,20541,20541,0,0,0,0,1561.164621585736
67idqvs(3),|67idqvs(3),|67idqvs(3),|67idqvs(3),;21237.5,21237.3,20541,20541,0,0,0,0,1566.164621585736
67idqvs(3),|67idqvs(3),|67idqvs(3),|67idqvs(3),;21237.5,21237.3,20541,20541,0,0,0,0,1571.164621585736
67idqvs(3),|67idqvs(3),|67idqvs(3),|67idqvs(3),;21237.5,21237.3,20541,20541,0,0,0,0,1576.164621585736
67idqvs(3),|67idqvs(3),|67idqvs(3),|67idqvs(3),;21237.5,21237.3,20541,20541,0,0,0,0,1581.164621585736
67idqvs(3),|67idqvs(3),|67idqvs(3),|67idqvs(3),;21237.5,21237.3,20541,20541,0,0,0,0,1586.164621585736
67idqvs(3),|67idqvs(3),|67idqvs(3),|67idqvs(3),;21237.5,21237.3,20541,20541,0,0,0,0,1591.164621585736
67idqvs(3),|67idqvs(3),|67idqvs(3),|67idqvs(3),;21237.5,21237.3,20541,20541,0,0,0,0,1596.164621585736
67idqvs(3),|67idqvs(3),|67idqvs(3),|67idqvs(3),;21237.5,21237.3,20541,20541,0,0,0,0,1601.164621585736
67idqvs(3),|67idqvs(3),|67idqvs(3),|67idqvs(3),;21237.5,21237.3,20541,20541,0,0,0,0,1606.164621585736
|||;22630.1,22629.9,22630,22630,0,0,0,0,1611.164621585736
|||;22630.1,22629.9,22630,22630,0,0,0,0,1616.164621585736
|||;22630.1,22629.9,22630,22630,0,0,0,0,1621.164621585736
|||;22630.1,22629.9,22630,22630,0,0,0,0,1626.164621585736
|||;22630.1,22629.9,22630,22630,0,0,0,0,1631.164621585736
|||;22630.1,22629.9,22630,22630,0,0,0,0,1636.164621585736
|||;22630.1,22629.9,22630,22630,0,0,0,0,1641.164621585736
|||;22630.1,22629.9,22630,22630,0,0,0,0,1646.164621585736
|||;22630.1,22629.9,22630,22630,0,0,0,0,1651.164621585736
|||;22630.1,22629.9,22630,22630,0,0,0,0,1656.164621585736
|||;22630.1,22629.9,22630,22630,0,0,0,0,1661.164621585736
|||;22630.1,22629.9,22630,22630,0,0,0,0,1666.164621585736
|||;22630.1,22629.9,22630,22630,0,0,0,0,1671.164621585736
|||;22630.1,22629.9,22630,22630,0,0,0,0,1676.164621585736
|||;22630.1,22629.9,22630,22630,0,0,0,0,1681.164621585736
|||;22630.1,22629.9,22630,22630,0,0,0,0,1686.164621585736
|||;22630.1,22629.9,22630,22630,0,0,0,0,1691.164621585736
|||;22630.1,22629.9,22630,22630,0,0,0,0,1696.164621585736
|||;22630.1,22629.9,22630,22630,0,0,0,0,1701.164621585736
|||;22630.1,22629.9,22630,22630,0,0,0,0,1706.164621585736
|||;22630.1,22629.9,22630,22630,0,0,0,0,1711.164621585736
|||;22630.1,22629.9,22630,22630,0,0,0,0,1716.164621585736
|||;22630.1,22629.9,22630,22630,0,0,0,0,1721.164621585736
|||;22630.1,22629.9,22630,22630,0,0,0,0,1726.164621585736
|||;22630.1,22629.9,22630,22630,0,0,0,0,1731.164621585736
|||;22630.1,22629.9,22630,22630,0,0,0,0,1736.164621585736
|||;22630.1,22629.9,22630,22630,0,0,0,0,1741.164621585736
|||;22630.1,22629.9,22630,22630,0,0,0,0,1746.164621585736
|||;22630.1,22629.9,22630,22630,0,0,0,0,1751.164621585736
|||;22630.1,22629.9,22630,22630,0,0,0,0,1756.164621585736
|||;22630.1,22629.9,22630,22630,0,0,0,0,1761.164621585736
|||;22630.1,22629.9,22630,22630,0,0,0,0,1766.164621585736
|||;22630.1,22629.9,22630,22630,0,0,0,0,1771.164621585736
|||;22630.1,22629.9,22630,22630,0,0,0,0,1776.164621585736
|||;22630.1,22629.9,22630,22630,0,0,0,0,1781.164621585736
|||;22630.1,22629.9,22630,22630,0,0,0,0,1786.164621585736
|||;22630.1,22629.9,22630,22630,0,0,0,0,1791.164621585736
|||;22630.1,22629.9,22630,22630,0,0,0,0,1796.164621585736
|||;22630.1,22629.9,22630,22630,0,0,0,0,1801.164621585736
|||;22630.1,22629.9,22630,22630,0,0,0,0,1806.164621585736
|977odugj(2),||;22630.1,21923.3,22630,22630,0,3.537242481838,0,0,1811.164621585736
|||;22630.1,22629.9,22630,22630,0,0,0,0,1816.164621585736
|||;22630.1,22629.9,22630,22630,0,0,0,0,1821.164621585736
|||;22630.1,22629.9,22630,22630,0,0,0,0,1826.164621585736
|||;22630.1,22629.9,22630,22630,0,0,0,0,1831.164621585736
|||;22630.1,22629.9,22630,22630,0,0,0,0,1836.164621585736
|||;22630.1,22629.9,22630,22630,0,0,0,0,1841.164621585736
|||;22630.1,22629.9,22630,22630,0,0,0,0,1846.164621585736
|||;22630.1,22629.9,22630,22630,0,0,0,0,1851.164621585736
|||;22630.1,22629.9,22630,22630,0,0,0,0,1856.164621585736
|||;22630.1,22629.9,22630,22630,0,0,0,0,1861.164621585736
|||;22630.1,22629.9,22630,22630,0,0,0,0,1866.164621585736
|||;22630.1,22629.9,22630,22630,0,0,0,0,1871.164621585736
|||;22630.1,22629.9,22630,22630,0,0,0,0,1876.164621585736
|||;22630.1,22629.9,22630,22630,0,0,0,0,1881.164621585736
|||;22630.1,22629.9,22630,22630,0,0,0,0,1886.164621585736
|||;22630.1,22629.9,22630,22630,0,0,0,0,1891.164621585736
|||;22630.1,22629.9,22630,22630,0,0,0,0,1896.164621585736
|||;22630.1,22629.9,22630,22630,0,0,0,0,1901.164621585736
|||;22630.1,22629.9,22630,22630,0,0,0,0,1906.164621585736
|||;22630.1,22629.9,22630,22630,0,0,0,0,1911.164621585736
|||;22630.1,22629.9,22630,22630,0,0,0,0,1916.164621585736
|||;22630.1,22629.9,22630,22630,0,0,0,0,1921.164621585736
|||;22630.1,22629.9,22630,22630,0,0,0,0,1926.164621585736
|||;22630.1,22629.9,22630,22630,0,0,0,0,1931.164621585736
|||;22630.1,22629.9,22630,22630,0,0,0,0,1936.164621585736
|||;22630.1,22629.9,22630,22630,0,0,0,0,1941.164621585736
|||;22630.1,22629.9,22630,22630,0,0,0,0,1946.164621585736
|||;22630.1,22629.9,22630,22630,0,0,0,0,1951.164621585736
|||;22630.1,22629.9,22630,22630,0,0,0,0,1956.164621585736
|||;22630.1,22629.9,22630,22630,0,0,0,0,1961.164621585736
|||;22630.1,22629.9,22630,22630,0,0,0,0,1966.164621585736
|||;22630.1,22629.9,22630,22630,0,0,0,0,1971.164621585736
|||;22630.1,22629.9,22630,22630,0,0,0,0,1976.164621585736
|||;22630.1,22629.9,22630,22630,0,0,0,0,1981.164621585736
|||;22630.1,22629.9,22630,22630,0,0,0,0,1986.164621585736
|||;22630.1,22629.9,22630,22630,0,0,0,0,1991.164621585736
|||;22630.1,22629.9,22630,22630,0,0,0,0,1996.164621585736
