|||;25088,25088,25088,25088,0,0,0,0,1.141581002388
|||;25088,25088,25088,25088,0,0,0,0,6.141581002388
|||;25088,25088,25088,25088,0,0,0,0,11.141581002388
|||;25088,25088,25088,25088,0,0,0,0,16.141581002388
|||;25088,25088,25088,25088,0,0,0,0,21.141581002388
|||;25088,25088,25088,25088,0,0,0,0,26.141581002388
|||;25088,25088,25088,25088,0,0,0,0,31.141581002388
|||;25088,25088,25088,25088,0,0,0,0,36.141581002388
|||;25088,25088,25088,25088,0,0,0,0,41.141581002388
|||;25088,25088,25088,25088,0,0,0,0,46.141581002388
|||;25088,25088,25088,25088,0,0,0,0,51.141581002388
|||;25088,25088,25088,25088,0,0,0,0,56.141581002388
|||;25088,25088,25088,25088,0,0,0,0,61.141581002388
|||;25088,25088,25088,25088,0,0,0,0,66.141581002388
|||;25088,25088,25088,25088,0,0,0,0,71.141581002388
|||;25088,25088,25088,25088,0,0,0,0,76.141581002388
|||;25088,25088,25088,25088,0,0,0,0,81.141581002388
|||;25088,25088,25088,25088,0,0,0,0,86.141581002388
|||;25088,25088,25088,25088,0,0,0,0,91.141581002388
|||;25088,25088,25088,25088,0,0,0,0,96.141581002388
|||;25088,25088,25088,25088,0,0,0,0,101.141581002388
|||;25088,25088,25088,25088,0,0,0,0,106.141581002388
|||;25088,25088,25088,25088,0,0,0,0,111.141581002388
|||;25088,25088,25088,25088,0,0,0,0,116.141581002388
|||;25088,25088,25088,25088,0,0,0,0,121.141581002388
870srpkt(2),|870srpkt(2),|870srpkt(2),|870srpkt(2),;22522.9,24233,22522.9,22522.9,14.003198772859,4.683794859439,14.003198772859,14.003198772859,126.141581002388
870srpkt(2),||870srpkt(2),|870srpkt(2),;22522.9,25088,22522.9,22522.9,9.003198772859,0,9.003198772859,9.003198772859,131.141581002388
870srpkt(2),||870srpkt(2),|870srpkt(2),;22522.9,25088,22522.9,22522.9,4.003198772859,0,4.003198772859,4.003198772859,136.141581002388
447vnoua(0),|||;24074.3,25088,25088,25088,8.954758874987,0,0,0,141.141581002388
447vnoua(2),|||;24074.3,25088,25088,25088,3.954758874987,0,0,0,146.141581002388
447vnoua(3),|||;24074.3,25088,25088,25088,0,0,0,0,151.141581002388
447vnoua(3),|||;24074.3,25088,25088,25088,0,0,0,0,156.141581002388
447vnoua(3),|||;24074.3,25088,25088,25088,0,0,0,0,161.141581002388
447vnoua(3),|||;24074.3,25088,25088,25088,0,0,0,0,166.141581002388
447vnoua(3),|||;24074.3,25088,25088,25088,0,0,0,0,171.141581002388
447vnoua(3),|||;24074.3,25088,25088,25088,0,0,0,0,176.141581002388
447vnoua(3),|||;24074.3,25088,25088,25088,0,0,0,0,181.141581002388
447vnoua(3),|||;24074.3,25088,25088,25088,0,0,0,0,186.141581002388
447vnoua(3),|||;24074.3,25088,25088,25088,0,0,0,0,191.141581002388
447vnoua(3),|||;24074.3,25088,25088,25088,0,0,0,0,196.141581002388
447vnoua(3),|||;24074.3,25088,25088,25088,0,0,0,0,201.141581002388
447vnoua(3),|||;24074.3,25088,25088,25088,0,0,0,0,206.141581002388
447vnoua(3),|||;24074.3,25088,25088,25088,0,0,0,0,211.141581002388
447vnoua(3),|||;24074.3,25088,25088,25088,0,0,0,0,216.141581002388
447vnoua(3),|||;24074.3,25088,25088,25088,0,0,0,0,221.141581002388
447vnoua(3),|||;24074.3,25088,25088,25088,0,0,0,0,226.141581002388
447vnoua(3),|||;24074.3,25088,25088,25088,0,0,0,0,231.141581002388
447vnoua(3),738vuzrd(0),|||;23265.3,25088,25088,25088,6.060416626113,0,0,0,236.141581002388
447vnoua(3),738vuzrd(2),|||;23265.3,25088,25088,25088,1.060416626113,0,0,0,241.141581002388
447vnoua(3),|||;24074.3,25088,25088,25088,0,0,0,0,246.141581002388
447vnoua(3),|||;24074.3,25088,25088,25088,0,0,0,0,251.141581002388
447vnoua(3),|||;24074.3,25088,25088,25088,0,0,0,0,256.141581002388
447vnoua(3),|||;24074.3,25088,25088,25088,0,0,0,0,261.141581002388
447vnoua(3),|||;24074.3,25088,25088,25088,0,0,0,0,266.141581002388
447vnoua(3),|||;24074.3,25088,25088,25088,0,0,0,0,271.141581002388
447vnoua(3),|||;24074.3,25088,25088,25088,0,0,0,0,276.141581002388
447vnoua(3),|||;24074.3,25088,25088,25088,0,0,0,0,281.141581002388
447vnoua(3),|||;24074.3,25088,25088,25088,0,0,0,0,286.141581002388
447vnoua(3),|||;24074.3,25088,25088,25088,0,0,0,0,291.141581002388
|||;25088.1,25088,25088,25088,0,0,0,0,296.141581002388
|||;25088.1,25088,25088,25088,0,0,0,0,301.141581002388
|||;25088.1,25088,25088,25088,0,0,0,0,306.141581002388
|||;25088.1,25088,25088,25088,0,0,0,0,311.141581002388
|||;25088.1,25088,25088,25088,0,0,0,0,316.141581002388
|||;25088.1,25088,25088,25088,0,0,0,0,321.141581002388
|||;25088.1,25088,25088,25088,0,0,0,0,326.141581002388
|||;25088.1,25088,25088,25088,0,0,0,0,331.141581002388
|||;25088.1,25088,25088,25088,0,0,0,0,336.141581002388
|||;25088.1,25088,25088,25088,0,0,0,0,341.141581002388
|||;25088.1,25088,25088,25088,0,0,0,0,346.141581002388
|||;25088.1,25088,25088,25088,0,0,0,0,351.141581002388
640cqrek(0),|||;24171.6,25088,25088,25088,5.285172788628,0,0,0,356.141581002388
640cqrek(2),117ilzaf(1),||117ilzaf(2),|;23393.4,25088,23531.5,25088,11.069250704566,0,4.96722043303,0,361.141581002388
117ilzaf(3),||117ilzaf(3),|;24309.9,25088,23531.5,25088,6.069250704566,0,0,0,366.141581002388
117ilzaf(3),|741yzfxq(0),|117ilzaf(3),|;24309.9,18739.2,23531.5,25088,1.069250704566,35.734395512225,0,0,371.141581002388
117ilzaf(3),|741yzfxq(2),|117ilzaf(3),|;24309.9,18739.2,23531.5,25088,0,30.734395512225,0,0,376.141581002388
117ilzaf(3),|741yzfxq(2),|117ilzaf(3),|;24309.9,18739.2,23531.5,25088,0,25.734395512225,0,0,381.141581002388
117ilzaf(3),|741yzfxq(2),|117ilzaf(3),|;24309.9,18739.2,23531.5,25088,0,20.734395512225,0,0,386.141581002388
117ilzaf(3),|741yzfxq(2),|117ilzaf(3),|;24309.9,18739.2,23531.5,25088,0,15.734395512225,0,0,391.141581002388
117ilzaf(3),|741yzfxq(2),|117ilzaf(3),|;24309.9,18739.2,23531.5,25088,0,10.734395512225,0,0,396.141581002388
117ilzaf(3),|741yzfxq(2),|117ilzaf(3),|;24309.9,18739.2,23531.5,25088,0,5.734395512225,0,0,401.141581002388
117ilzaf(3),|741yzfxq(3),|117ilzaf(3),|;24309.9,18739.2,23531.5,25088,0,0.734395512225,0,0,406.141581002388
117ilzaf(3),|741yzfxq(3),|117ilzaf(3),|;24309.9,18739.2,23531.5,25088,0,0,0,0,411.141581002388
117ilzaf(3),|741yzfxq(3),|117ilzaf(3),|;24309.9,18739.2,23531.5,25088,0,0,0,0,416.141581002388
117ilzaf(3),607wsvmc(0),|741yzfxq(3),607wsvmc(0),|117ilzaf(3),607wsvmc(0),|607wsvmc(0),;22405.3,15882.2,21626.9,22231,15.995774387593,21.185622075904,15.995774387593,21.185622075904,421.141581002388
117ilzaf(3),607wsvmc(0),|741yzfxq(3),607wsvmc(0),|117ilzaf(3),607wsvmc(0),|607wsvmc(0),;22405.3,15882.2,21626.9,22231,10.995774387593,16.185622075904,10.995774387593,16.185622075904,426.141581002388
117ilzaf(3),607wsvmc(2),|741yzfxq(3),607wsvmc(2),|117ilzaf(3),607wsvmc(2),|607wsvmc(2),;22405.3,15882.2,21626.9,22231,5.995774387593,11.185622075904,5.995774387593,11.185622075904,431.141581002388
117ilzaf(3),607wsvmc(2),|741yzfxq(3),607wsvmc(2),|117ilzaf(3),607wsvmc(2),|607wsvmc(2),;22405.3,15882.2,21626.9,22231,0.995774387593,6.185622075904,0.995774387593,6.185622075904,436.141581002388
117ilzaf(3),607wsvmc(3),|741yzfxq(3),607wsvmc(2),|117ilzaf(3),607wsvmc(3),|607wsvmc(2),;22405.3,15882.2,21626.9,22231,0,1.185622075904,0,1.185622075904,441.141581002388
117ilzaf(3),607wsvmc(3),|741yzfxq(3),607wsvmc(3),|117ilzaf(3),607wsvmc(3),|607wsvmc(3),;22405.3,15882.2,21626.9,22231,0,0,0,0,446.141581002388
117ilzaf(3),607wsvmc(3),|741yzfxq(3),607wsvmc(3),|117ilzaf(3),607wsvmc(3),|607wsvmc(3),;22405.3,15882.2,21626.9,22231,0,0,0,0,451.141581002388
117ilzaf(3),607wsvmc(3),|741yzfxq(3),607wsvmc(3),|117ilzaf(3),607wsvmc(3),|607wsvmc(3),;22405.3,15882.2,21626.9,22231,0,0,0,0,456.141581002388
117ilzaf(3),607wsvmc(3),|607wsvmc(3),|117ilzaf(3),607wsvmc(3),|607wsvmc(3),;22405.3,22231,21626.9,22231,0,0,0,0,461.141581002388
117ilzaf(3),607wsvmc(3),|607wsvmc(3),|117ilzaf(3),607wsvmc(3),|607wsvmc(3),;22405.3,22231,21626.9,22231,0,0,0,0,466.141581002388
117ilzaf(3),607wsvmc(3),|607wsvmc(3),|117ilzaf(3),607wsvmc(3),|607wsvmc(3),;22405.3,22231,21626.9,22231,0,0,0,0,471.141581002388
117ilzaf(3),607wsvmc(3),|607wsvmc(3),|117ilzaf(3),607wsvmc(3),|607wsvmc(3),;22405.3,22231,21626.9,22231,0,0,0,0,476.141581002388
117ilzaf(3),||117ilzaf(3),|;24309.9,25088,23531.5,25088,0,0,0,0,481.141581002388
117ilzaf(3),||117ilzaf(3),|;24309.9,25088,23531.5,25088,0,0,0,0,486.141581002388
117ilzaf(3),||117ilzaf(3),|;24309.9,25088,23531.5,25088,0,0,0,0,491.141581002388
117ilzaf(3),||117ilzaf(3),|;24309.9,25088,23531.5,25088,0,0,0,0,496.141581002388
117ilzaf(3),||117ilzaf(3),|;24309.9,25088,23531.5,25088,0,0,0,0,501.141581002388
117ilzaf(3),||117ilzaf(3),|;24309.9,25088,23531.5,25088,0,0,0,0,506.141581002388
117ilzaf(3),||117ilzaf(3),|;24309.9,25088,23531.5,25088,0,0,0,0,511.141581002388
117ilzaf(3),||117ilzaf(3),|;24309.9,25088,23531.5,25088,0,0,0,0,516.141581002388
117ilzaf(3),||117ilzaf(3),|;24309.9,25088,23531.5,25088,0,0,0,0,521.141581002388
117ilzaf(3),||117ilzaf(3),|;24309.9,25088,23531.5,25088,0,0,0,0,526.141581002388
117ilzaf(3),||117ilzaf(3),|;24309.9,25088,23531.5,25088,0,0,0,0,531.141581002388
117ilzaf(3),||117ilzaf(3),|;24309.9,25088,23531.5,25088,0,0,0,0,536.141581002388
117ilzaf(3),||117ilzaf(3),|;24309.9,25088,23531.5,25088,0,0,0,0,541.141581002388
117ilzaf(3),||117ilzaf(3),|;24309.9,25088,23531.5,25088,0,0,0,0,546.141581002388
117ilzaf(3),||117ilzaf(3),|;24309.9,25088,23531.5,25088,0,0,0,0,551.141581002388
117ilzaf(3),||117ilzaf(3),|;24309.9,25088,23531.5,25088,0,0,0,0,556.141581002388
117ilzaf(3),||117ilzaf(3),|;24309.9,25088,23531.5,25088,0,0,0,0,561.141581002388
117ilzaf(3),||117ilzaf(3),|;24309.9,25088,23531.5,25088,0,0,0,0,566.141581002388
|||;25088.1,25088,25088,25088,0,0,0,0,571.141581002388
|||;25088.1,25088,25088,25088,0,0,0,0,576.141581002388
|||;25088.1,25088,25088,25088,0,0,0,0,581.141581002388
|||;25088.1,25088,25088,25088,0,0,0,0,586.141581002388
|||;25088.1,25088,25088,25088,0,0,0,0,591.141581002388
|||;25088.1,25088,25088,25088,0,0,0,0,596.141581002388
|||;25088.1,25088,25088,25088,0,0,0,0,601.141581002388
|||;25088.1,25088,25088,25088,0,0,0,0,606.141581002388
|||;25088.1,25088,25088,25088,0,0,0,0,611.141581002388
|||;25088.1,25088,25088,25088,0,0,0,0,616.141581002388
|||;25088.1,25088,25088,25088,0,0,0,0,621.141581002388
|||;25088.1,25088,25088,25088,0,0,0,0,626.141581002388
|||;25088.1,25088,25088,25088,0,0,0,0,631.141581002388
|||;25088.1,25088,25088,25088,0,0,0,0,636.141581002388
|||;25088.1,25088,25088,25088,0,0,0,0,641.141581002388
|||;25088.1,25088,25088,25088,0,0,0,0,646.141581002388
|||;25088.1,25088,25088,25088,0,0,0,0,651.141581002388
|||;25088.1,25088,25088,25088,0,0,0,0,656.141581002388
|||;25088.1,25088,25088,25088,0,0,0,0,661.141581002388
|||;25088.1,25088,25088,25088,0,0,0,0,666.141581002388
|||;25088.1,25088,25088,25088,0,0,0,0,671.141581002388
|||;25088.1,25088,25088,25088,0,0,0,0,676.141581002388
|||;25088.1,25088,25088,25088,0,0,0,0,681.141581002388
|||;25088.1,25088,25088,25088,0,0,0,0,686.141581002388
|||;25088.1,25088,25088,25088,0,0,0,0,691.141581002388
|||;25088.1,25088,25088,25088,0,0,0,0,696.141581002388
|||;25088.1,25088,25088,25088,0,0,0,0,701.141581002388
|||;25088.1,25088,25088,25088,0,0,0,0,706.141581002388
|||;25088.1,25088,25088,25088,0,0,0,0,711.141581002388
|||;25088.1,25088,25088,25088,0,0,0,0,716.141581002388
|177bwvsc(2),|177bwvsc(2),|;25088.1,24197.1,18851.8,25088,0,1.263246044521,30.393358875689,0,721.141581002388
977vjafu(2),|177bwvsc(3),977vjafu(2),|177bwvsc(2),977vjafu(1),|977vjafu(2),;23183.5,23562.2,16947.2,23183.4,9.854280178565,3.328875641059,39.213452056642,9.854280178565,726.141581002388
977vjafu(2),|177bwvsc(3),|177bwvsc(2),977vjafu(1),|977vjafu(2),;23183.5,24197.1,16947.2,23183.4,4.854280178565,0,34.213452056642,4.854280178565,731.141581002388
|177bwvsc(3),|177bwvsc(2),977vjafu(1),|;25088.1,24197.1,16947.2,25088,0,0,29.213452056642,0,736.141581002388
|177bwvsc(3),|177bwvsc(2),977vjafu(1),|;25088.1,24197.1,16947.2,25088,0,0,24.213452056642,0,741.141581002388
|177bwvsc(3),|177bwvsc(2),977vjafu(1),|;25088.1,24197.1,16947.2,25088,0,0,19.213452056642,0,746.141581002388
|177bwvsc(3),|177bwvsc(3),977vjafu(2),|;25088.1,24197.1,16947.2,25088,0,0,14.213452056642,0,751.141581002388
|177bwvsc(3),|177bwvsc(3),977vjafu(2),|;25088.1,24197.1,16947.2,25088,0,0,9.213452056642,0,756.141581002388
|177bwvsc(3),|177bwvsc(3),977vjafu(3),|;25088.1,24197.1,16947.2,25088,0,0,4.213452056642,0,761.141581002388
|177bwvsc(3),|177bwvsc(3),977vjafu(3),|;25088.1,24197.1,16947.2,25088,0,0,0,0,766.141581002388
||177bwvsc(3),977vjafu(3),|;25088.1,25088,16947.2,25088,0,0,0,0,771.141581002388
||177bwvsc(3),977vjafu(3),|;25088.1,25088,16947.2,25088,0,0,0,0,776.141581002388
||177bwvsc(3),977vjafu(3),|;25088.1,25088,16947.2,25088,0,0,0,0,781.141581002388
||177bwvsc(3),977vjafu(3),|;25088.1,25088,16947.2,25088,0,0,0,0,786.141581002388
||177bwvsc(3),977vjafu(3),|;25088.1,25088,16947.2,25088,0,0,0,0,791.141581002388
||177bwvsc(3),977vjafu(3),|;25088.1,25088,16947.2,25088,0,0,0,0,796.141581002388
||177bwvsc(3),977vjafu(3),|;25088.1,25088,16947.2,25088,0,0,0,0,801.141581002388
||177bwvsc(3),977vjafu(3),|;25088.1,25088,16947.2,25088,0,0,0,0,806.141581002388
||177bwvsc(3),977vjafu(3),|;25088.1,25088,16947.2,25088,0,0,0,0,811.141581002388
||177bwvsc(3),977vjafu(3),|;25088.1,25088,16947.2,25088,0,0,0,0,816.141581002388
||177bwvsc(3),977vjafu(3),|;25088.1,25088,16947.2,25088,0,0,0,0,821.141581002388
||177bwvsc(3),977vjafu(3),|;25088.1,25088,16947.2,25088,0,0,0,0,826.141581002388
384yvtgq(0),|384yvtgq(0),|177bwvsc(3),977vjafu(3),384yvtgq(0),|384yvtgq(0),;23582.8,23582.7,14689.3,22830.1,9.755261165217,9.755261165217,13.758914983399,13.758914983399,831.141581002388
384yvtgq(2),|384yvtgq(2),|177bwvsc(3),977vjafu(3),384yvtgq(2),|384yvtgq(2),;23582.8,23582.7,14689.3,22830.1,4.755261165217,4.755261165217,8.758914983399,8.758914983399,836.141581002388
||177bwvsc(3),384yvtgq(2),|384yvtgq(2),;25088.1,25088,16593.9,22830.1,0,0,3.758914983399,3.758914983399,841.141581002388
||177bwvsc(3),|;25088.1,25088,18851.8,25088,0,0,0,0,846.141581002388
||177bwvsc(3),|;25088.1,25088,18851.8,25088,0,0,0,0,851.141581002388
||177bwvsc(3),|;25088.1,25088,18851.8,25088,0,0,0,0,856.141581002388
||177bwvsc(3),|;25088.1,25088,18851.8,25088,0,0,0,0,861.141581002388
||177bwvsc(3),|;25088.1,25088,18851.8,25088,0,0,0,0,866.141581002388
||177bwvsc(3),|;25088.1,25088,18851.8,25088,0,0,0,0,871.141581002388
||177bwvsc(3),|;25088.1,25088,18851.8,25088,0,0,0,0,876.141581002388
||177bwvsc(3),|;25088.1,25088,18851.8,25088,0,0,0,0,881.141581002388
||177bwvsc(3),|;25088.1,25088,18851.8,25088,0,0,0,0,886.141581002388
||177bwvsc(3),|;25088.1,25088,18851.8,25088,0,0,0,0,891.141581002388
||177bwvsc(3),|;25088.1,25088,18851.8,25088,0,0,0,0,896.141581002388
||177bwvsc(3),|;25088.1,25088,18851.8,25088,0,0,0,0,901.141581002388
||177bwvsc(3),|;25088.1,25088,18851.8,25088,0,0,0,0,906.141581002388
||177bwvsc(3),|;25088.1,25088,18851.8,25088,0,0,0,0,911.141581002388
||177bwvsc(3),|;25088.1,25088,18851.8,25088,0,0,0,0,916.141581002388
||177bwvsc(3),|;25088.1,25088,18851.8,25088,0,0,0,0,921.141581002388
||177bwvsc(3),|;25088.1,25088,18851.8,25088,0,0,0,0,926.141581002388
40aijcu(2),|40aijcu(2),|177bwvsc(3),40aijcu(2),|40aijcu(2),;23163,23162.9,15964.1,22200.3,10.287830276123,10.287830276123,15.408149444954,15.408149444954,931.141581002388
40aijcu(2),|40aijcu(2),|177bwvsc(3),40aijcu(2),|40aijcu(2),;23163,23162.9,15964.1,22200.3,5.287830276123,5.287830276123,10.408149444954,10.408149444954,936.141581002388
40aijcu(2),|40aijcu(2),|177bwvsc(3),40aijcu(2),|40aijcu(2),;23163,23162.9,15964.1,22200.3,0.287830276123,0.287830276123,5.408149444954,5.408149444954,941.141581002388
||177bwvsc(3),40aijcu(2),|40aijcu(2),;25088.1,25088,15964.1,22200.3,0,0,0.408149444954,0.408149444954,946.141581002388
||177bwvsc(3),|;25088.1,25088,18851.8,25088,0,0,0,0,951.141581002388
||177bwvsc(3),|;25088.1,25088,18851.8,25088,0,0,0,0,956.141581002388
|||;25088.1,25088,25088,25088,0,0,0,0,961.141581002388
|||;25088.1,25088,25088,25088,0,0,0,0,966.141581002388
|||;25088.1,25088,25088,25088,0,0,0,0,971.141581002388
|||;25088.1,25088,25088,25088,0,0,0,0,976.141581002388
|||;25088.1,25088,25088,25088,0,0,0,0,981.141581002388
|||;25088.1,25088,25088,25088,0,0,0,0,986.141581002388
|||;25088.1,25088,25088,25088,0,0,0,0,991.141581002388
|||;25088.1,25088,25088,25088,0,0,0,0,996.141581002388
|||;25088.1,25088,25088,25088,0,0,0,0,1001.141581002388
|||;25088.1,25088,25088,25088,0,0,0,0,1006.141581002388
|||;25088.1,25088,25088,25088,0,0,0,0,1011.141581002388
|||;25088.1,25088,25088,25088,0,0,0,0,1016.141581002388
|||;25088.1,25088,25088,25088,0,0,0,0,1021.141581002388
|||;25088.1,25088,25088,25088,0,0,0,0,1026.141581002388
|||;25088.1,25088,25088,25088,0,0,0,0,1031.141581002388
|||;25088.1,25088,25088,25088,0,0,0,0,1036.141581002388
|||;25088.1,25088,25088,25088,0,0,0,0,1041.141581002388
|||;25088.1,25088,25088,25088,0,0,0,0,1046.141581002388
|||;25088.1,25088,25088,25088,0,0,0,0,1051.141581002388
|||;25088.1,25088,25088,25088,0,0,0,0,1056.141581002388
|||;25088.1,25088,25088,25088,0,0,0,0,1061.141581002388
|||;25088.1,25088,25088,25088,0,0,0,0,1066.141581002388
|||;25088.1,25088,25088,25088,0,0,0,0,1071.141581002388
|||;25088.1,25088,25088,25088,0,0,0,0,1076.141581002388
|||;25088.1,25088,25088,25088,0,0,0,0,1081.141581002388
|||;25088.1,25088,25088,25088,0,0,0,0,1086.141581002388
|||;25088.1,25088,25088,25088,0,0,0,0,1091.141581002388
|||;25088.1,25088,25088,25088,0,0,0,0,1096.141581002388
|||;25088.1,25088,25088,25088,0,0,0,0,1101.141581002388
90rouhi(0),|90rouhi(0),||90rouhi(0),;17674.3,24161.3,25088,24161.3,41.949539982203,7.441857073112,0,7.441857073112,1106.141581002388
90rouhi(2),|90rouhi(2),||90rouhi(2),;17674.3,24161.3,25088,24161.3,36.949539982203,2.441857073112,0,2.441857073112,1111.141581002388
90rouhi(2),|||;17674.3,25088,25088,25088,31.949539982203,0,0,0,1116.141581002388
90rouhi(2),|||;17674.3,25088,25088,25088,26.949539982203,0,0,0,1121.141581002388
90rouhi(2),|||;17674.3,25088,25088,25088,21.949539982203,0,0,0,1126.141581002388
90rouhi(2),|||;17674.3,25088,25088,25088,16.949539982203,0,0,0,1131.141581002388
90rouhi(2),|||;17674.3,25088,25088,25088,11.949539982203,0,0,0,1136.141581002388
90rouhi(2),|||;17674.3,25088,25088,25088,6.949539982203,0,0,0,1141.141581002388
90rouhi(2),|||;17674.3,25088,25088,25088,1.949539982203,0,0,0,1146.141581002388
90rouhi(3),|||;17674.3,25088,25088,25088,0,0,0,0,1151.141581002388
90rouhi(3),|||;17674.3,25088,25088,25088,0,0,0,0,1156.141581002388
90rouhi(3),|||;17674.3,25088,25088,25088,0,0,0,0,1161.141581002388
90rouhi(3),|||;17674.3,25088,25088,25088,0,0,0,0,1166.141581002388
|||;25088.1,25088,25088,25088,0,0,0,0,1171.141581002388
|||;25088.1,25088,25088,25088,0,0,0,0,1176.141581002388
|||;25088.1,25088,25088,25088,0,0,0,0,1181.141581002388
|||;25088.1,25088,25088,25088,0,0,0,0,1186.141581002388
|||;25088.1,25088,25088,25088,0,0,0,0,1191.141581002388
|||;25088.1,25088,25088,25088,0,0,0,0,1196.141581002388
519dojaw(2),|519dojaw(2),|519dojaw(2),|519dojaw(2),;23050.3,23050.2,23050.2,24069.1,6.303372525128,6.303372525128,6.303372525128,0.88346021344,1201.141581002388
519dojaw(2),|519dojaw(2),|519dojaw(2),|519dojaw(3),;23050.3,23050.2,23050.2,24069.1,1.303372525128,1.303372525128,1.303372525128,0,1206.141581002388
519dojaw(3),|519dojaw(3),|519dojaw(3),|519dojaw(3),;23050.3,23050.2,23050.2,24069.1,0,0,0,0,1211.141581002388
519dojaw(3),|519dojaw(3),|519dojaw(3),|519dojaw(3),;23050.3,23050.2,23050.2,24069.1,0,0,0,0,1216.141581002388
519dojaw(3),|519dojaw(3),|519dojaw(3),|519dojaw(3),;23050.3,23050.2,23050.2,24069.1,0,0,0,0,1221.141581002388
519dojaw(3),268rwuij(2),|519dojaw(3),|519dojaw(3),|519dojaw(3),;22471.7,23050.2,23050.2,24069.1,1.091692461079,0,0,0,1226.141581002388
519dojaw(3),|519dojaw(3),|519dojaw(3),|519dojaw(3),;23050.3,23050.2,23050.2,24069.1,0,0,0,0,1231.141581002388
519dojaw(3),|519dojaw(3),|519dojaw(3),|519dojaw(3),;23050.3,23050.2,23050.2,24069.1,0,0,0,0,1236.141581002388
519dojaw(3),|519dojaw(3),|519dojaw(3),|519dojaw(3),;23050.3,23050.2,23050.2,24069.1,0,0,0,0,1241.141581002388
519dojaw(3),|519dojaw(3),|519dojaw(3),|519dojaw(3),;23050.3,23050.2,23050.2,24069.1,0,0,0,0,1246.141581002388
519dojaw(3),|519dojaw(3),|519dojaw(3),|519dojaw(3),;23050.3,23050.2,23050.2,24069.1,0,0,0,0,1251.141581002388
519dojaw(3),|519dojaw(3),|519dojaw(3),|519dojaw(3),;23050.3,23050.2,23050.2,24069.1,0,0,0,0,1256.141581002388
519dojaw(3),|519dojaw(3),|519dojaw(3),|519dojaw(3),;23050.3,23050.2,23050.2,24069.1,0,0,0,0,1261.141581002388
519dojaw(3),|519dojaw(3),|519dojaw(3),|519dojaw(3),;23050.3,23050.2,23050.2,24069.1,0,0,0,0,1266.141581002388
519dojaw(3),|519dojaw(3),|519dojaw(3),|519dojaw(3),;23050.3,23050.2,23050.2,24069.1,0,0,0,0,1271.141581002388
519dojaw(3),|519dojaw(3),|519dojaw(3),|519dojaw(3),;23050.3,23050.2,23050.2,24069.1,0,0,0,0,1276.141581002388
519dojaw(3),|519dojaw(3),|519dojaw(3),|519dojaw(3),;23050.3,23050.2,23050.2,24069.1,0,0,0,0,1281.141581002388
519dojaw(3),|519dojaw(3),|519dojaw(3),|519dojaw(3),;23050.3,23050.2,23050.2,24069.1,0,0,0,0,1286.141581002388
519dojaw(3),|519dojaw(3),|519dojaw(3),|519dojaw(3),;23050.3,23050.2,23050.2,24069.1,0,0,0,0,1291.141581002388
519dojaw(3),|519dojaw(3),|519dojaw(3),|519dojaw(3),;23050.3,23050.2,23050.2,24069.1,0,0,0,0,1296.141581002388
519dojaw(3),|519dojaw(3),|519dojaw(3),|519dojaw(3),;23050.3,23050.2,23050.2,24069.1,0,0,0,0,1301.141581002388
519dojaw(3),|519dojaw(3),|519dojaw(3),|519dojaw(3),;23050.3,23050.2,23050.2,24069.1,0,0,0,0,1306.141581002388
519dojaw(3),|519dojaw(3),|519dojaw(3),|519dojaw(3),;23050.3,23050.2,23050.2,24069.1,0,0,0,0,1311.141581002388
519dojaw(3),|519dojaw(3),|519dojaw(3),|519dojaw(3),;23050.3,23050.2,23050.2,24069.1,0,0,0,0,1316.141581002388
519dojaw(3),|519dojaw(3),|519dojaw(3),|519dojaw(3),;23050.3,23050.2,23050.2,24069.1,0,0,0,0,1321.141581002388
519dojaw(3),|519dojaw(3),|519dojaw(3),|519dojaw(3),;23050.3,23050.2,23050.2,24069.1,0,0,0,0,1326.141581002388
519dojaw(3),|519dojaw(3),|519dojaw(3),|519dojaw(3),;23050.3,23050.2,23050.2,24069.1,0,0,0,0,1331.141581002388
519dojaw(3),|519dojaw(3),|519dojaw(3),|519dojaw(3),;23050.3,23050.2,23050.2,24069.1,0,0,0,0,1336.141581002388
519dojaw(3),|519dojaw(3),|519dojaw(3),|519dojaw(3),;23050.3,23050.2,23050.2,24069.1,0,0,0,0,1341.141581002388
519dojaw(3),|519dojaw(3),|519dojaw(3),|519dojaw(3),;23050.3,23050.2,23050.2,24069.1,0,0,0,0,1346.141581002388
519dojaw(3),|519dojaw(3),|519dojaw(3),|519dojaw(3),;23050.3,23050.2,23050.2,24069.1,0,0,0,0,1351.141581002388
519dojaw(3),|519dojaw(3),|519dojaw(3),|519dojaw(3),;23050.3,23050.2,23050.2,24069.1,0,0,0,0,1356.141581002388
519dojaw(3),|519dojaw(3),|519dojaw(3),|519dojaw(3),;23050.3,23050.2,23050.2,24069.1,0,0,0,0,1361.141581002388
519dojaw(3),|519dojaw(3),|519dojaw(3),|519dojaw(3),;23050.3,23050.2,23050.2,24069.1,0,0,0,0,1366.141581002388
519dojaw(3),|519dojaw(3),|519dojaw(3),|519dojaw(3),;23050.3,23050.2,23050.2,24069.1,0,0,0,0,1371.141581002388
519dojaw(3),|519dojaw(3),|519dojaw(3),|519dojaw(3),747kmosc(2),;23050.3,23050.2,23050.2,21611.5,0,0,0,10.543794998832,1376.141581002388
519dojaw(3),|519dojaw(3),|519dojaw(3),|519dojaw(3),747kmosc(2),;23050.3,23050.2,23050.2,21611.5,0,0,0,5.543794998832,1381.141581002388
519dojaw(3),|519dojaw(3),|519dojaw(3),|519dojaw(3),747kmosc(2),;23050.3,23050.2,23050.2,21611.5,0,0,0,0.543794998832,1386.141581002388
519dojaw(3),|519dojaw(3),|519dojaw(3),|519dojaw(3),747kmosc(3),;23050.3,23050.2,23050.2,21611.5,0,0,0,0,1391.141581002388
519dojaw(3),|519dojaw(3),|519dojaw(3),|519dojaw(3),747kmosc(3),;23050.3,23050.2,23050.2,21611.5,0,0,0,0,1396.141581002388
519dojaw(3),|519dojaw(3),|519dojaw(3),|519dojaw(3),747kmosc(3),;23050.3,23050.2,23050.2,21611.5,0,0,0,0,1401.141581002388
519dojaw(3),|519dojaw(3),|519dojaw(3),|519dojaw(3),747kmosc(3),;23050.3,23050.2,23050.2,21611.5,0,0,0,0,1406.141581002388
519dojaw(3),|519dojaw(3),|519dojaw(3),|519dojaw(3),747kmosc(3),;23050.3,23050.2,23050.2,21611.5,0,0,0,0,1411.141581002388
519dojaw(3),|519dojaw(3),|519dojaw(3),|519dojaw(3),747kmosc(3),;23050.3,23050.2,23050.2,21611.5,0,0,0,0,1416.141581002388
519dojaw(3),|519dojaw(3),|519dojaw(3),|519dojaw(3),747kmosc(3),;23050.3,23050.2,23050.2,21611.5,0,0,0,0,1421.141581002388
519dojaw(3),544hxigo(0),280phidn(0),|519dojaw(3),544hxigo(0),280phidn(0),|519dojaw(3),544hxigo(0),280phidn(0),|519dojaw(3),747kmosc(3),544hxigo(0),280phidn(0),;18227.3,18350,18350,17802.2,35.546849546236,34.761191780003,34.761191780003,30.022172974808,1426.141581002388
519dojaw(3),544hxigo(2),280phidn(1),|519dojaw(3),544hxigo(2),280phidn(1),|519dojaw(3),544hxigo(2),280phidn(1),|519dojaw(3),747kmosc(3),544hxigo(2),280phidn(1),;18227.3,18350,18350,17802.2,30.546849546236,29.761191780003,29.761191780003,25.022172974808,1431.141581002388
519dojaw(3),544hxigo(2),280phidn(1),|519dojaw(3),544hxigo(2),280phidn(1),|519dojaw(3),544hxigo(2),280phidn(1),|519dojaw(3),747kmosc(3),544hxigo(2),280phidn(1),;18227.3,18350,18350,17802.2,25.546849546236,24.761191780003,24.761191780003,20.022172974808,1436.141581002388
544hxigo(3),280phidn(2),|544hxigo(2),280phidn(1),|544hxigo(2),280phidn(1),|747kmosc(3),544hxigo(3),280phidn(2),;20265.1,20387.8,20387.8,18821.1,20.546849546236,19.761191780003,19.761191780003,15.022172974808,1441.141581002388
544hxigo(3),280phidn(2),|544hxigo(3),280phidn(2),|544hxigo(3),280phidn(2),|747kmosc(3),544hxigo(3),280phidn(2),;20265.1,20387.8,20387.8,18821.1,15.546849546236,14.761191780003,14.761191780003,10.022172974808,1446.141581002388
544hxigo(3),280phidn(2),|544hxigo(3),280phidn(2),|544hxigo(3),280phidn(2),|747kmosc(3),544hxigo(3),280phidn(3),;20265.1,20387.8,20387.8,18821.1,10.546849546236,9.761191780003,9.761191780003,5.022172974808,1451.141581002388
544hxigo(3),280phidn(3),|544hxigo(3),280phidn(3),|544hxigo(3),280phidn(3),|747kmosc(3),544hxigo(3),280phidn(3),;20265.1,20387.8,20387.8,18821.1,5.546849546236,4.761191780003,4.761191780003,0.022172974808,1456.141581002388
544hxigo(3),280phidn(3),|544hxigo(3),280phidn(3),|544hxigo(3),280phidn(3),|747kmosc(3),544hxigo(3),280phidn(3),;20265.1,20387.8,20387.8,18821.1,0.546849546236,0,0,0,1461.141581002388
544hxigo(3),280phidn(3),|544hxigo(3),280phidn(3),|544hxigo(3),280phidn(3),|747kmosc(3),544hxigo(3),280phidn(3),;20265.1,20387.8,20387.8,18821.1,0,0,0,0,1466.141581002388
544hxigo(3),280phidn(3),|544hxigo(3),280phidn(3),|544hxigo(3),280phidn(3),|747kmosc(3),544hxigo(3),280phidn(3),;20265.1,20387.8,20387.8,18821.1,0,0,0,0,1471.141581002388
544hxigo(3),280phidn(3),|544hxigo(3),280phidn(3),|544hxigo(3),280phidn(3),|747kmosc(3),544hxigo(3),280phidn(3),;20265.1,20387.8,20387.8,18821.1,0,0,0,0,1476.141581002388
544hxigo(3),280phidn(3),|544hxigo(3),280phidn(3),|544hxigo(3),280phidn(3),|747kmosc(3),544hxigo(3),280phidn(3),;20265.1,20387.8,20387.8,18821.1,0,0,0,0,1481.141581002388
544hxigo(3),280phidn(3),|544hxigo(3),280phidn(3),|544hxigo(3),280phidn(3),|747kmosc(3),544hxigo(3),280phidn(3),;20265.1,20387.8,20387.8,18821.1,0,0,0,0,1486.141581002388
544hxigo(3),280phidn(3),|544hxigo(3),280phidn(3),|544hxigo(3),280phidn(3),|747kmosc(3),544hxigo(3),280phidn(3),;20265.1,20387.8,20387.8,18821.1,0,0,0,0,1491.141581002388
544hxigo(3),280phidn(3),|544hxigo(3),280phidn(3),|544hxigo(3),280phidn(3),|747kmosc(3),544hxigo(3),280phidn(3),;20265.1,20387.8,20387.8,18821.1,0,0,0,0,1496.141581002388
544hxigo(3),280phidn(3),|544hxigo(3),280phidn(3),|544hxigo(3),280phidn(3),|747kmosc(3),544hxigo(3),280phidn(3),;20265.1,20387.8,20387.8,18821.1,0,0,0,0,1501.141581002388
544hxigo(3),280phidn(3),|544hxigo(3),280phidn(3),|544hxigo(3),280phidn(3),|747kmosc(3),544hxigo(3),280phidn(3),;20265.1,20387.8,20387.8,18821.1,0,0,0,0,1506.141581002388
544hxigo(3),280phidn(3),|544hxigo(3),280phidn(3),|544hxigo(3),280phidn(3),|747kmosc(3),544hxigo(3),280phidn(3),;20265.1,20387.8,20387.8,18821.1,0,0,0,0,1511.141581002388
544hxigo(3),280phidn(3),|544hxigo(3),280phidn(3),|544hxigo(3),280phidn(3),|747kmosc(3),544hxigo(3),280phidn(3),;20265.1,20387.8,20387.8,18821.1,0,0,0,0,1516.141581002388
544hxigo(3),280phidn(3),|544hxigo(3),280phidn(3),|544hxigo(3),280phidn(3),|747kmosc(3),544hxigo(3),280phidn(3),;20265.1,20387.8,20387.8,18821.1,0,0,0,0,1521.141581002388
544hxigo(3),280phidn(3),|544hxigo(3),280phidn(3),|544hxigo(3),280phidn(3),|747kmosc(3),544hxigo(3),280phidn(3),;20265.1,20387.8,20387.8,18821.1,0,0,0,0,1526.141581002388
544hxigo(3),280phidn(3),|544hxigo(3),280phidn(3),|544hxigo(3),280phidn(3),|747kmosc(3),544hxigo(3),280phidn(3),;20265.1,20387.8,20387.8,18821.1,0,0,0,0,1531.141581002388
544hxigo(3),280phidn(3),|544hxigo(3),280phidn(3),|544hxigo(3),280phidn(3),|747kmosc(3),544hxigo(3),280phidn(3),;20265.1,20387.8,20387.8,18821.1,0,0,0,0,1536.141581002388
544hxigo(3),280phidn(3),|544hxigo(3),280phidn(3),|544hxigo(3),280phidn(3),|747kmosc(3),544hxigo(3),280phidn(3),;20265.1,20387.8,20387.8,18821.1,0,0,0,0,1541.141581002388
544hxigo(3),280phidn(3),|544hxigo(3),280phidn(3),|544hxigo(3),280phidn(3),|747kmosc(3),544hxigo(3),280phidn(3),;20265.1,20387.8,20387.8,18821.1,0,0,0,0,1546.141581002388
544hxigo(3),280phidn(3),|544hxigo(3),280phidn(3),|544hxigo(3),280phidn(3),|544hxigo(3),280phidn(3),;20265.1,20387.8,20387.8,21278.7,0,0,0,0,1551.141581002388
544hxigo(3),280phidn(3),|544hxigo(3),280phidn(3),|544hxigo(3),280phidn(3),|544hxigo(3),280phidn(3),;20265.1,20387.8,20387.8,21278.7,0,0,0,0,1556.141581002388
544hxigo(3),280phidn(3),|544hxigo(3),280phidn(3),|544hxigo(3),280phidn(3),|544hxigo(3),280phidn(3),;20265.1,20387.8,20387.8,21278.7,0,0,0,0,1561.141581002388
544hxigo(3),280phidn(3),|544hxigo(3),280phidn(3),|544hxigo(3),280phidn(3),|544hxigo(3),280phidn(3),;20265.1,20387.8,20387.8,21278.7,0,0,0,0,1566.141581002388
544hxigo(3),280phidn(3),|544hxigo(3),280phidn(3),|544hxigo(3),280phidn(3),|544hxigo(3),280phidn(3),;20265.1,20387.8,20387.8,21278.7,0,0,0,0,1571.141581002388
544hxigo(3),280phidn(3),|544hxigo(3),280phidn(3),|544hxigo(3),280phidn(3),|544hxigo(3),280phidn(3),;20265.1,20387.8,20387.8,21278.7,0,0,0,0,1576.141581002388
544hxigo(3),280phidn(3),|544hxigo(3),280phidn(3),|544hxigo(3),280phidn(3),|544hxigo(3),280phidn(3),;20265.1,20387.8,20387.8,21278.7,0,0,0,0,1581.141581002388
544hxigo(3),280phidn(3),|544hxigo(3),280phidn(3),|544hxigo(3),280phidn(3),|544hxigo(3),280phidn(3),;20265.1,20387.8,20387.8,21278.7,0,0,0,0,1586.141581002388
544hxigo(3),280phidn(3),|544hxigo(3),280phidn(3),|544hxigo(3),280phidn(3),|544hxigo(3),280phidn(3),;20265.1,20387.8,20387.8,21278.7,0,0,0,0,1591.141581002388
280phidn(3),|280phidn(3),|280phidn(3),|280phidn(3),;22046.9,23060.4,23060.4,23060.5,0,0,0,0,1596.141581002388
280phidn(3),|280phidn(3),|280phidn(3),|280phidn(3),;22046.9,23060.4,23060.4,23060.5,0,0,0,0,1601.141581002388
280phidn(3),|280phidn(3),|280phidn(3),|280phidn(3),;22046.9,23060.4,23060.4,23060.5,0,0,0,0,1606.141581002388
280phidn(3),|280phidn(3),|280phidn(3),|280phidn(3),;22046.9,23060.4,23060.4,23060.5,0,0,0,0,1611.141581002388
280phidn(3),|280phidn(3),|280phidn(3),|280phidn(3),;22046.9,23060.4,23060.4,23060.5,0,0,0,0,1616.141581002388
280phidn(3),|280phidn(3),|280phidn(3),|280phidn(3),;22046.9,23060.4,23060.4,23060.5,0,0,0,0,1621.141581002388
280phidn(3),|280phidn(3),|280phidn(3),|280phidn(3),;22046.9,23060.4,23060.4,23060.5,0,0,0,0,1626.141581002388
280phidn(3),|280phidn(3),|280phidn(3),|280phidn(3),;22046.9,23060.4,23060.4,23060.5,0,0,0,0,1631.141581002388
280phidn(3),900ecita(0),|280phidn(3),900ecita(0),|280phidn(3),900ecita(0),|280phidn(3),900ecita(0),;20644,21657.5,20956.1,20956.2,10.51228221349,10.51228221349,14.243578629075,14.243578629075,1636.141581002388
280phidn(3),900ecita(2),|280phidn(3),900ecita(2),|280phidn(3),900ecita(2),|280phidn(3),900ecita(2),;20644,21657.5,20956.1,20956.2,5.51228221349,5.51228221349,9.243578629075,9.243578629075,1641.141581002388
280phidn(3),900ecita(2),|280phidn(3),900ecita(2),|280phidn(3),900ecita(2),|280phidn(3),900ecita(2),;20644,21657.5,20956.1,20956.2,0.51228221349,0.51228221349,4.243578629075,4.243578629075,1646.141581002388
280phidn(3),900ecita(3),|280phidn(3),900ecita(3),|280phidn(3),900ecita(3),|280phidn(3),900ecita(3),;20644,21657.5,20956.1,20956.2,0,0,0,0,1651.141581002388
280phidn(3),900ecita(3),|280phidn(3),900ecita(3),|280phidn(3),900ecita(3),|280phidn(3),900ecita(3),;20644,21657.5,20956.1,20956.2,0,0,0,0,1656.141581002388
280phidn(3),900ecita(3),|280phidn(3),900ecita(3),|280phidn(3),900ecita(3),|280phidn(3),900ecita(3),;20644,21657.5,20956.1,20956.2,0,0,0,0,1661.141581002388
280phidn(3),900ecita(3),|280phidn(3),900ecita(3),|280phidn(3),900ecita(3),|280phidn(3),900ecita(3),;20644,21657.5,20956.1,20956.2,0,0,0,0,1666.141581002388
280phidn(3),900ecita(3),|280phidn(3),900ecita(3),|280phidn(3),900ecita(3),|280phidn(3),900ecita(3),;20644,21657.5,20956.1,20956.2,0,0,0,0,1671.141581002388
280phidn(3),900ecita(3),|280phidn(3),900ecita(3),|280phidn(3),900ecita(3),|280phidn(3),900ecita(3),;20644,21657.5,20956.1,20956.2,0,0,0,0,1676.141581002388
280phidn(3),900ecita(3),|280phidn(3),900ecita(3),|280phidn(3),900ecita(3),|280phidn(3),900ecita(3),;20644,21657.5,20956.1,20956.2,0,0,0,0,1681.141581002388
280phidn(3),900ecita(3),|280phidn(3),900ecita(3),|280phidn(3),900ecita(3),|280phidn(3),900ecita(3),;20644,21657.5,20956.1,20956.2,0,0,0,0,1686.141581002388
280phidn(3),900ecita(3),|280phidn(3),900ecita(3),|280phidn(3),900ecita(3),|280phidn(3),900ecita(3),;20644,21657.5,20956.1,20956.2,0,0,0,0,1691.141581002388
280phidn(3),900ecita(3),|280phidn(3),900ecita(3),|280phidn(3),900ecita(3),|280phidn(3),900ecita(3),;20644,21657.5,20956.1,20956.2,0,0,0,0,1696.141581002388
280phidn(3),900ecita(3),|280phidn(3),900ecita(3),|280phidn(3),900ecita(3),|280phidn(3),900ecita(3),;20644,21657.5,20956.1,20956.2,0,0,0,0,1701.141581002388
280phidn(3),900ecita(3),|280phidn(3),900ecita(3),|280phidn(3),900ecita(3),|280phidn(3),900ecita(3),;20644,21657.5,20956.1,20956.2,0,0,0,0,1706.141581002388
280phidn(3),900ecita(3),|280phidn(3),900ecita(3),|280phidn(3),900ecita(3),|280phidn(3),900ecita(3),;20644,21657.5,20956.1,20956.2,0,0,0,0,1711.141581002388
280phidn(3),900ecita(3),|280phidn(3),900ecita(3),|280phidn(3),900ecita(3),|280phidn(3),900ecita(3),;20644,21657.5,20956.1,20956.2,0,0,0,0,1716.141581002388
280phidn(3),900ecita(3),|280phidn(3),900ecita(3),|280phidn(3),900ecita(3),|280phidn(3),900ecita(3),;20644,21657.5,20956.1,20956.2,0,0,0,0,1721.141581002388
280phidn(3),900ecita(3),|280phidn(3),900ecita(3),|280phidn(3),900ecita(3),|280phidn(3),900ecita(3),;20644,21657.5,20956.1,20956.2,0,0,0,0,1726.141581002388
280phidn(3),900ecita(3),|280phidn(3),900ecita(3),|280phidn(3),900ecita(3),|280phidn(3),900ecita(3),;20644,21657.5,20956.1,20956.2,0,0,0,0,1731.141581002388
900ecita(3),|900ecita(3),|900ecita(3),|900ecita(3),;23685.3,23685,22983.6,22983.7,0,0,0,0,1736.141581002388
900ecita(3),|900ecita(3),|900ecita(3),|900ecita(3),;23685.3,23685,22983.6,22983.7,0,0,0,0,1741.141581002388
900ecita(3),|900ecita(3),|900ecita(3),|900ecita(3),;23685.3,23685,22983.6,22983.7,0,0,0,0,1746.141581002388
900ecita(3),|900ecita(3),|900ecita(3),|900ecita(3),;23685.3,23685,22983.6,22983.7,0,0,0,0,1751.141581002388
900ecita(3),|900ecita(3),|900ecita(3),|900ecita(3),;23685.3,23685,22983.6,22983.7,0,0,0,0,1756.141581002388
900ecita(3),|900ecita(3),|900ecita(3),|900ecita(3),;23685.3,23685,22983.6,22983.7,0,0,0,0,1761.141581002388
900ecita(3),|900ecita(3),|900ecita(3),|900ecita(3),;23685.3,23685,22983.6,22983.7,0,0,0,0,1766.141581002388
900ecita(3),|900ecita(3),|900ecita(3),|900ecita(3),;23685.3,23685,22983.6,22983.7,0,0,0,0,1771.141581002388
900ecita(3),|900ecita(3),|900ecita(3),|900ecita(3),;23685.3,23685,22983.6,22983.7,0,0,0,0,1776.141581002388
900ecita(3),|900ecita(3),|900ecita(3),|900ecita(3),;23685.3,23685,22983.6,22983.7,0,0,0,0,1781.141581002388
900ecita(3),|900ecita(3),|900ecita(3),|900ecita(3),;23685.3,23685,22983.6,22983.7,0,0,0,0,1786.141581002388
900ecita(3),|900ecita(3),|900ecita(3),|900ecita(3),;23685.3,23685,22983.6,22983.7,0,0,0,0,1791.141581002388
900ecita(3),|900ecita(3),|900ecita(3),|900ecita(3),;23685.3,23685,22983.6,22983.7,0,0,0,0,1796.141581002388
900ecita(3),|900ecita(3),|900ecita(3),|900ecita(3),;23685.3,23685,22983.6,22983.7,0,0,0,0,1801.141581002388
900ecita(3),|900ecita(3),|900ecita(3),|900ecita(3),;23685.3,23685,22983.6,22983.7,0,0,0,0,1806.141581002388
900ecita(3),|900ecita(3),|900ecita(3),|900ecita(3),;23685.3,23685,22983.6,22983.7,0,0,0,0,1811.141581002388
900ecita(3),|900ecita(3),|900ecita(3),|900ecita(3),;23685.3,23685,22983.6,22983.7,0,0,0,0,1816.141581002388
900ecita(3),|900ecita(3),|900ecita(3),|900ecita(3),;23685.3,23685,22983.6,22983.7,0,0,0,0,1821.141581002388
900ecita(3),|900ecita(3),|900ecita(3),|900ecita(3),;23685.3,23685,22983.6,22983.7,0,0,0,0,1826.141581002388
900ecita(3),|900ecita(3),|900ecita(3),|900ecita(3),;23685.3,23685,22983.6,22983.7,0,0,0,0,1831.141581002388
900ecita(3),|900ecita(3),|900ecita(3),|900ecita(3),;23685.3,23685,22983.6,22983.7,0,0,0,0,1836.141581002388
900ecita(3),|900ecita(3),|900ecita(3),|900ecita(3),;23685.3,23685,22983.6,22983.7,0,0,0,0,1841.141581002388
900ecita(3),|900ecita(3),|900ecita(3),|900ecita(3),;23685.3,23685,22983.6,22983.7,0,0,0,0,1846.141581002388
900ecita(3),|900ecita(3),|900ecita(3),|900ecita(3),;23685.3,23685,22983.6,22983.7,0,0,0,0,1851.141581002388
900ecita(3),|900ecita(3),|900ecita(3),|900ecita(3),;23685.3,23685,22983.6,22983.7,0,0,0,0,1856.141581002388
900ecita(3),|900ecita(3),|900ecita(3),|900ecita(3),;23685.3,23685,22983.6,22983.7,0,0,0,0,1861.141581002388
900ecita(3),|900ecita(3),|900ecita(3),|900ecita(3),;23685.3,23685,22983.6,22983.7,0,0,0,0,1866.141581002388
900ecita(3),|900ecita(3),|900ecita(3),|900ecita(3),;23685.3,23685,22983.6,22983.7,0,0,0,0,1871.141581002388
900ecita(3),|900ecita(3),|900ecita(3),|900ecita(3),;23685.3,23685,22983.6,22983.7,0,0,0,0,1876.141581002388
900ecita(3),|900ecita(3),|900ecita(3),|900ecita(3),;23685.3,23685,22983.6,22983.7,0,0,0,0,1881.141581002388
900ecita(3),|900ecita(3),|900ecita(3),|900ecita(3),;23685.3,23685,22983.6,22983.7,0,0,0,0,1886.141581002388
900ecita(3),|900ecita(3),|900ecita(3),|900ecita(3),;23685.3,23685,22983.6,22983.7,0,0,0,0,1891.141581002388
900ecita(3),|900ecita(3),|900ecita(3),|900ecita(3),;23685.3,23685,22983.6,22983.7,0,0,0,0,1896.141581002388
900ecita(3),|900ecita(3),|900ecita(3),|900ecita(3),;23685.3,23685,22983.6,22983.7,0,0,0,0,1901.141581002388
900ecita(3),|900ecita(3),|900ecita(3),|900ecita(3),;23685.3,23685,22983.6,22983.7,0,0,0,0,1906.141581002388
900ecita(3),|900ecita(3),|900ecita(3),|900ecita(3),;23685.3,23685,22983.6,22983.7,0,0,0,0,1911.141581002388
900ecita(3),|900ecita(3),|900ecita(3),|900ecita(3),;23685.3,23685,22983.6,22983.7,0,0,0,0,1916.141581002388
900ecita(3),|900ecita(3),|900ecita(3),|900ecita(3),;23685.3,23685,22983.6,22983.7,0,0,0,0,1921.141581002388
900ecita(3),|900ecita(3),|900ecita(3),|900ecita(3),;23685.3,23685,22983.6,22983.7,0,0,0,0,1926.141581002388
900ecita(3),|900ecita(3),|900ecita(3),|900ecita(3),;23685.3,23685,22983.6,22983.7,0,0,0,0,1931.141581002388
900ecita(3),|900ecita(3),|900ecita(3),|900ecita(3),;23685.3,23685,22983.6,22983.7,0,0,0,0,1936.141581002388
900ecita(3),|900ecita(3),|900ecita(3),|900ecita(3),;23685.3,23685,22983.6,22983.7,0,0,0,0,1941.141581002388
900ecita(3),|900ecita(3),|900ecita(3),|900ecita(3),;23685.3,23685,22983.6,22983.7,0,0,0,0,1946.141581002388
900ecita(3),|900ecita(3),|900ecita(3),|900ecita(3),;23685.3,23685,22983.6,22983.7,0,0,0,0,1951.141581002388
900ecita(3),|900ecita(3),|900ecita(3),|900ecita(3),;23685.3,23685,22983.6,22983.7,0,0,0,0,1956.141581002388
900ecita(3),|900ecita(3),|900ecita(3),|900ecita(3),;23685.3,23685,22983.6,22983.7,0,0,0,0,1961.141581002388
900ecita(3),|900ecita(3),|900ecita(3),|900ecita(3),;23685.3,23685,22983.6,22983.7,0,0,0,0,1966.141581002388
900ecita(3),|900ecita(3),|900ecita(3),|900ecita(3),;23685.3,23685,22983.6,22983.7,0,0,0,0,1971.141581002388
900ecita(3),|900ecita(3),|900ecita(3),|900ecita(3),;23685.3,23685,22983.6,22983.7,0,0,0,0,1976.141581002388
900ecita(3),|900ecita(3),|900ecita(3),|900ecita(3),;23685.3,23685,22983.6,22983.7,0,0,0,0,1981.141581002388
|||;25088.2,25087.9,25087.9,25088,0,0,0,0,1986.141581002388
|||;25088.2,25087.9,25087.9,25088,0,0,0,0,1991.141581002388
|||;25088.2,25087.9,25087.9,25088,0,0,0,0,1996.141581002388
