|||;33484,33484,33484,33484,0,0,0,0,1.120441846419
|||;33484,33484,33484,33484,0,0,0,0,6.120441846419
|||;33484,33484,33484,33484,0,0,0,0,11.120441846419
|||;33484,33484,33484,33484,0,0,0,0,16.120441846419
|||;33484,33484,33484,33484,0,0,0,0,21.120441846419
|||;33484,33484,33484,33484,0,0,0,0,26.120441846419
|||;33484,33484,33484,33484,0,0,0,0,31.120441846419
|||;33484,33484,33484,33484,0,0,0,0,36.120441846419
|||;33484,33484,33484,33484,0,0,0,0,41.120441846419
|||;33484,33484,33484,33484,0,0,0,0,46.120441846419
|||;33484,33484,33484,33484,0,0,0,0,51.120441846419
|||;33484,33484,33484,33484,0,0,0,0,56.120441846419
|||;33484,33484,33484,33484,0,0,0,0,61.120441846419
|||;33484,33484,33484,33484,0,0,0,0,66.120441846419
|||;33484,33484,33484,33484,0,0,0,0,71.120441846419
|||;33484,33484,33484,33484,0,0,0,0,76.120441846419
|||;33484,33484,33484,33484,0,0,0,0,81.120441846419
|||;33484,33484,33484,33484,0,0,0,0,86.120441846419
|||;33484,33484,33484,33484,0,0,0,0,91.120441846419
|||;33484,33484,33484,33484,0,0,0,0,96.120441846419
|||;33484,33484,33484,33484,0,0,0,0,101.120441846419
|||;33484,33484,33484,33484,0,0,0,0,106.120441846419
|||;33484,33484,33484,33484,0,0,0,0,111.120441846419
|||;33484,33484,33484,33484,0,0,0,0,116.120441846419
|||;33484,33484,33484,33484,0,0,0,0,121.120441846419
|||;33484,33484,33484,33484,0,0,0,0,126.120441846419
|||;33484,33484,33484,33484,0,0,0,0,131.120441846419
|||;33484,33484,33484,33484,0,0,0,0,136.120441846419
|||;33484,33484,33484,33484,0,0,0,0,141.120441846419
|||;33484,33484,33484,33484,0,0,0,0,146.120441846419
|||;33484,33484,33484,33484,0,0,0,0,151.120441846419
|||;33484,33484,33484,33484,0,0,0,0,156.120441846419
|||;33484,33484,33484,33484,0,0,0,0,161.120441846419
|||;33484,33484,33484,33484,0,0,0,0,166.120441846419
|||;33484,33484,33484,33484,0,0,0,0,171.120441846419
|||;33484,33484,33484,33484,0,0,0,0,176.120441846419
|||;33484,33484,33484,33484,0,0,0,0,181.120441846419
|||;33484,33484,33484,33484,0,0,0,0,186.120441846419
|||;33484,33484,33484,33484,0,0,0,0,191.120441846419
|||558lhxtf(2),;33484,33484,33484,27053.3,0,0,0,31.445253131201,196.120441846419
|||558lhxtf(2),;33484,33484,33484,27053.3,0,0,0,26.445253131201,201.120441846419
|||558lhxtf(2),;33484,33484,33484,27053.3,0,0,0,21.445253131201,206.120441846419
|||558lhxtf(2),;33484,33484,33484,27053.3,0,0,0,16.445253131201,211.120441846419
|||558lhxtf(2),;33484,33484,33484,27053.3,0,0,0,11.445253131201,216.120441846419
|||558lhxtf(2),;33484,33484,33484,27053.3,0,0,0,6.445253131201,221.120441846419
|||558lhxtf(2),;33484,33484,33484,27053.3,0,0,0,1.445253131201,226.120441846419
147jdhkv(0),|147jdhkv(0),||558lhxtf(3),;32664.8,32664.8,33484,27053.3,6.041129236911,6.041129236911,0,0,231.120441846419
147jdhkv(2),|147jdhkv(2),||558lhxtf(3),;32664.8,32664.8,33484,27053.3,1.041129236911,1.041129236911,0,0,236.120441846419
147jdhkv(3),|147jdhkv(3),||558lhxtf(3),;32664.8,32664.8,33484,27053.3,0,0,0,0,241.120441846419
147jdhkv(3),|147jdhkv(3),||558lhxtf(3),;32664.8,32664.8,33484,27053.3,0,0,0,0,246.120441846419
147jdhkv(3),|147jdhkv(3),||558lhxtf(3),;32664.8,32664.8,33484,27053.3,0,0,0,0,251.120441846419
147jdhkv(3),|147jdhkv(3),||558lhxtf(3),;32664.8,32664.8,33484,27053.3,0,0,0,0,256.120441846419
147jdhkv(3),|147jdhkv(3),||558lhxtf(3),;32664.8,32664.8,33484,27053.3,0,0,0,0,261.120441846419
147jdhkv(3),|147jdhkv(3),||558lhxtf(3),;32664.8,32664.8,33484,27053.3,0,0,0,0,266.120441846419
147jdhkv(3),|147jdhkv(3),||558lhxtf(3),;32664.8,32664.8,33484,27053.3,0,0,0,0,271.120441846419
147jdhkv(3),|147jdhkv(3),||558lhxtf(3),;32664.8,32664.8,33484,27053.3,0,0,0,0,276.120441846419
147jdhkv(3),|147jdhkv(3),||558lhxtf(3),;32664.8,32664.8,33484,27053.3,0,0,0,0,281.120441846419
147jdhkv(3),|147jdhkv(3),||558lhxtf(3),;32664.8,32664.8,33484,27053.3,0,0,0,0,286.120441846419
147jdhkv(3),|147jdhkv(3),||558lhxtf(3),;32664.8,32664.8,33484,27053.3,0,0,0,0,291.120441846419
|||558lhxtf(3),;33484,33484,33484,27053.3,0,0,0,0,296.120441846419
|||558lhxtf(3),;33484,33484,33484,27053.3,0,0,0,0,301.120441846419
|||558lhxtf(3),;33484,33484,33484,27053.3,0,0,0,0,306.120441846419
|||558lhxtf(3),;33484,33484,33484,27053.3,0,0,0,0,311.120441846419
|||558lhxtf(3),;33484,33484,33484,27053.3,0,0,0,0,316.120441846419
|||558lhxtf(3),;33484,33484,33484,27053.3,0,0,0,0,321.120441846419
|||558lhxtf(3),;33484,33484,33484,27053.3,0,0,0,0,326.120441846419
|||558lhxtf(3),;33484,33484,33484,27053.3,0,0,0,0,331.120441846419
|||558lhxtf(3),;33484,33484,33484,27053.3,0,0,0,0,336.120441846419
558zdtfb(0),|558zdtfb(0),||558zdtfb(0),;32577.8,32577.8,33484,32577.8,6.067558135894,6.067558135894,0,6.067558135894,341.120441846419
558zdtfb(2),|558zdtfb(2),||558zdtfb(2),;32577.8,32577.8,33484,32577.8,1.067558135894,1.067558135894,0,1.067558135894,346.120441846419
|||;33484,33484,33484,33484,0,0,0,0,351.120441846419
|||;33484,33484,33484,33484,0,0,0,0,356.120441846419
|||;33484,33484,33484,33484,0,0,0,0,361.120441846419
|||;33484,33484,33484,33484,0,0,0,0,366.120441846419
|||;33484,33484,33484,33484,0,0,0,0,371.120441846419
|||;33484,33484,33484,33484,0,0,0,0,376.120441846419
|||;33484,33484,33484,33484,0,0,0,0,381.120441846419
|||;33484,33484,33484,33484,0,0,0,0,386.120441846419
|||;33484,33484,33484,33484,0,0,0,0,391.120441846419
|||;33484,33484,33484,33484,0,0,0,0,396.120441846419
|||;33484,33484,33484,33484,0,0,0,0,401.120441846419
|||;33484,33484,33484,33484,0,0,0,0,406.120441846419
|||;33484,33484,33484,33484,0,0,0,0,411.120441846419
|||;33484,33484,33484,33484,0,0,0,0,416.120441846419
|||;33484,33484,33484,33484,0,0,0,0,421.120441846419
|||;33484,33484,33484,33484,0,0,0,0,426.120441846419
|||;33484,33484,33484,33484,0,0,0,0,431.120441846419
|||;33484,33484,33484,33484,0,0,0,0,436.120441846419
|||;33484,33484,33484,33484,0,0,0,0,441.120441846419
|||;33484,33484,33484,33484,0,0,0,0,446.120441846419
|||;33484,33484,33484,33484,0,0,0,0,451.120441846419
|||;33484,33484,33484,33484,0,0,0,0,456.120441846419
|||;33484,33484,33484,33484,0,0,0,0,461.120441846419
|||;33484,33484,33484,33484,0,0,0,0,466.120441846419
|||;33484,33484,33484,33484,0,0,0,0,471.120441846419
|||;33484,33484,33484,33484,0,0,0,0,476.120441846419
|||;33484,33484,33484,33484,0,0,0,0,481.120441846419
|||;33484,33484,33484,33484,0,0,0,0,486.120441846419
|||;33484,33484,33484,33484,0,0,0,0,491.120441846419
|||;33484,33484,33484,33484,0,0,0,0,496.120441846419
|||;33484,33484,33484,33484,0,0,0,0,501.120441846419
|||;33484,33484,33484,33484,0,0,0,0,506.120441846419
|||;33484,33484,33484,33484,0,0,0,0,511.120441846419
|||;33484,33484,33484,33484,0,0,0,0,516.120441846419
590psmty(2),||590psmty(2),|;32900.3,33484,32900.3,33484,0.355759167894,0,0.355759167894,0,521.120441846419
|||;33484,33484,33484,33484,0,0,0,0,526.120441846419
|||;33484,33484,33484,33484,0,0,0,0,531.120441846419
|||;33484,33484,33484,33484,0,0,0,0,536.120441846419
|||;33484,33484,33484,33484,0,0,0,0,541.120441846419
|||;33484,33484,33484,33484,0,0,0,0,546.120441846419
|||;33484,33484,33484,33484,0,0,0,0,551.120441846419
|||;33484,33484,33484,33484,0,0,0,0,556.120441846419
|||;33484,33484,33484,33484,0,0,0,0,561.120441846419
|||;33484,33484,33484,33484,0,0,0,0,566.120441846419
|||;33484,33484,33484,33484,0,0,0,0,571.120441846419
|||;33484,33484,33484,33484,0,0,0,0,576.120441846419
|||;33484,33484,33484,33484,0,0,0,0,581.120441846419
|||;33484,33484,33484,33484,0,0,0,0,586.120441846419
|||;33484,33484,33484,33484,0,0,0,0,591.120441846419
|||;33484,33484,33484,33484,0,0,0,0,596.120441846419
|||;33484,33484,33484,33484,0,0,0,0,601.120441846419
|||;33484,33484,33484,33484,0,0,0,0,606.120441846419
|||;33484,33484,33484,33484,0,0,0,0,611.120441846419
|||;33484,33484,33484,33484,0,0,0,0,616.120441846419
|||;33484,33484,33484,33484,0,0,0,0,621.120441846419
|||;33484,33484,33484,33484,0,0,0,0,626.120441846419
|||;33484,33484,33484,33484,0,0,0,0,631.120441846419
|||;33484,33484,33484,33484,0,0,0,0,636.120441846419
|||;33484,33484,33484,33484,0,0,0,0,641.120441846419
|||;33484,33484,33484,33484,0,0,0,0,646.120441846419
|||;33484,33484,33484,33484,0,0,0,0,651.120441846419
|||;33484,33484,33484,33484,0,0,0,0,656.120441846419
|||;33484,33484,33484,33484,0,0,0,0,661.120441846419
|||;33484,33484,33484,33484,0,0,0,0,666.120441846419
|||;33484,33484,33484,33484,0,0,0,0,671.120441846419
|||;33484,33484,33484,33484,0,0,0,0,676.120441846419
|||;33484,33484,33484,33484,0,0,0,0,681.120441846419
|||;33484,33484,33484,33484,0,0,0,0,686.120441846419
|||;33484,33484,33484,33484,0,0,0,0,691.120441846419
289wfeam(2),|289wfeam(2),||;30565.6,30565.6,33484,33484,13.020387929094,13.020387929094,0,0,696.120441846419
289wfeam(2),|289wfeam(2),||;30565.6,30565.6,33484,33484,8.020387929094,8.020387929094,0,0,701.120441846419
289wfeam(2),|289wfeam(2),||;30565.6,30565.6,33484,33484,3.020387929094,3.020387929094,0,0,706.120441846419
289wfeam(3),|289wfeam(3),||;30565.6,30565.6,33484,33484,0,0,0,0,711.120441846419
289wfeam(3),|289wfeam(3),||;30565.6,30565.6,33484,33484,0,0,0,0,716.120441846419
289wfeam(3),|289wfeam(3),||;30565.6,30565.6,33484,33484,0,0,0,0,721.120441846419
289wfeam(3),|289wfeam(3),||;30565.6,30565.6,33484,33484,0,0,0,0,726.120441846419
289wfeam(3),|289wfeam(3),||;30565.6,30565.6,33484,33484,0,0,0,0,731.120441846419
289wfeam(3),|289wfeam(3),||;30565.6,30565.6,33484,33484,0,0,0,0,736.120441846419
289wfeam(3),|289wfeam(3),||;30565.6,30565.6,33484,33484,0,0,0,0,741.120441846419
289wfeam(3),|289wfeam(3),||;30565.6,30565.6,33484,33484,0,0,0,0,746.120441846419
289wfeam(3),|289wfeam(3),||;30565.6,30565.6,33484,33484,0,0,0,0,751.120441846419
289wfeam(3),|289wfeam(3),||;30565.6,30565.6,33484,33484,0,0,0,0,756.120441846419
289wfeam(3),|289wfeam(3),||;30565.6,30565.6,33484,33484,0,0,0,0,761.120441846419
289wfeam(3),488zelra(0),|289wfeam(3),488zelra(0),|488zelra(0),|488zelra(0),;28558.6,28558.6,31477,31477,11.601415295733,11.601415295733,11.601415295733,11.601415295733,766.120441846419
289wfeam(3),488zelra(2),|289wfeam(3),488zelra(2),|488zelra(2),|488zelra(2),;28558.6,28558.6,31477,31477,6.601415295733,6.601415295733,6.601415295733,6.601415295733,771.120441846419
289wfeam(3),488zelra(2),|289wfeam(3),488zelra(2),|488zelra(2),|488zelra(2),;28558.6,28558.6,31477,31477,1.601415295733,1.601415295733,1.601415295733,1.601415295733,776.120441846419
289wfeam(3),|289wfeam(3),||;30565.6,30565.6,33484,33484,0,0,0,0,781.120441846419
289wfeam(3),|289wfeam(3),||;30565.6,30565.6,33484,33484,0,0,0,0,786.120441846419
289wfeam(3),|289wfeam(3),||;30565.6,30565.6,33484,33484,0,0,0,0,791.120441846419
289wfeam(3),|289wfeam(3),||;30565.6,30565.6,33484,33484,0,0,0,0,796.120441846419
289wfeam(3),|289wfeam(3),||;30565.6,30565.6,33484,33484,0,0,0,0,801.120441846419
289wfeam(3),|289wfeam(3),||;30565.6,30565.6,33484,33484,0,0,0,0,806.120441846419
|||;33484,33484,33484,33484,0,0,0,0,811.120441846419
|||;33484,33484,33484,33484,0,0,0,0,816.120441846419
|||;33484,33484,33484,33484,0,0,0,0,821.120441846419
|||;33484,33484,33484,33484,0,0,0,0,826.120441846419
|||;33484,33484,33484,33484,0,0,0,0,831.120441846419
|||;33484,33484,33484,33484,0,0,0,0,836.120441846419
|||;33484,33484,33484,33484,0,0,0,0,841.120441846419
|||;33484,33484,33484,33484,0,0,0,0,846.120441846419
|||;33484,33484,33484,33484,0,0,0,0,851.120441846419
|||;33484,33484,33484,33484,0,0,0,0,856.120441846419
|||;33484,33484,33484,33484,0,0,0,0,861.120441846419
|||;33484,33484,33484,33484,0,0,0,0,866.120441846419
|||;33484,33484,33484,33484,0,0,0,0,871.120441846419
|||;33484,33484,33484,33484,0,0,0,0,876.120441846419
|||;33484,33484,33484,33484,0,0,0,0,881.120441846419
|||;33484,33484,33484,33484,0,0,0,0,886.120441846419
|||;33484,33484,33484,33484,0,0,0,0,891.120441846419
|||;33484,33484,33484,33484,0,0,0,0,896.120441846419
|||;33484,33484,33484,33484,0,0,0,0,901.120441846419
|||618vnlfw(2),;33484,33484,33484,24063.2,0,0,0,45.95924176843,906.120441846419
|||618vnlfw(2),;33484,33484,33484,24063.2,0,0,0,40.95924176843,911.120441846419
|||618vnlfw(2),;33484,33484,33484,24063.2,0,0,0,35.95924176843,916.120441846419
|||618vnlfw(2),;33484,33484,33484,24063.2,0,0,0,30.95924176843,921.120441846419
|||618vnlfw(2),;33484,33484,33484,24063.2,0,0,0,25.95924176843,926.120441846419
|||618vnlfw(2),;33484,33484,33484,24063.2,0,0,0,20.95924176843,931.120441846419
|||618vnlfw(2),;33484,33484,33484,24063.2,0,0,0,15.95924176843,936.120441846419
|||618vnlfw(2),;33484,33484,33484,24063.2,0,0,0,10.95924176843,941.120441846419
|||618vnlfw(2),;33484,33484,33484,24063.2,0,0,0,5.95924176843,946.120441846419
|||618vnlfw(3),;33484,33484,33484,24063.2,0,0,0,0.95924176843,951.120441846419
|||618vnlfw(3),;33484,33484,33484,24063.2,0,0,0,0,956.120441846419
|||618vnlfw(3),;33484,33484,33484,24063.2,0,0,0,0,961.120441846419
|||618vnlfw(3),;33484,33484,33484,24063.2,0,0,0,0,966.120441846419
|||618vnlfw(3),;33484,33484,33484,24063.2,0,0,0,0,971.120441846419
|||618vnlfw(3),;33484,33484,33484,24063.2,0,0,0,0,976.120441846419
|||618vnlfw(3),;33484,33484,33484,24063.2,0,0,0,0,981.120441846419
|||618vnlfw(3),;33484,33484,33484,24063.2,0,0,0,0,986.120441846419
|||618vnlfw(3),;33484,33484,33484,24063.2,0,0,0,0,991.120441846419
|||618vnlfw(3),;33484,33484,33484,24063.2,0,0,0,0,996.120441846419
|||618vnlfw(3),;33484,33484,33484,24063.2,0,0,0,0,1001.120441846419
|||618vnlfw(3),;33484,33484,33484,24063.2,0,0,0,0,1006.120441846419
|||618vnlfw(3),;33484,33484,33484,24063.2,0,0,0,0,1011.120441846419
|||618vnlfw(3),;33484,33484,33484,24063.2,0,0,0,0,1016.120441846419
|||618vnlfw(3),;33484,33484,33484,24063.2,0,0,0,0,1021.120441846419
|||618vnlfw(3),;33484,33484,33484,24063.2,0,0,0,0,1026.120441846419
|||618vnlfw(3),;33484,33484,33484,24063.2,0,0,0,0,1031.120441846419
|||618vnlfw(3),;33484,33484,33484,24063.2,0,0,0,0,1036.120441846419
|||618vnlfw(3),;33484,33484,33484,24063.2,0,0,0,0,1041.120441846419
|||618vnlfw(3),;33484,33484,33484,24063.2,0,0,0,0,1046.120441846419
|||618vnlfw(3),;33484,33484,33484,24063.2,0,0,0,0,1051.120441846419
|||618vnlfw(3),;33484,33484,33484,24063.2,0,0,0,0,1056.120441846419
|||618vnlfw(3),;33484,33484,33484,24063.2,0,0,0,0,1061.120441846419
|||618vnlfw(3),;33484,33484,33484,24063.2,0,0,0,0,1066.120441846419
|||618vnlfw(3),;33484,33484,33484,24063.2,0,0,0,0,1071.120441846419
|||618vnlfw(3),;33484,33484,33484,24063.2,0,0,0,0,1076.120441846419
|||618vnlfw(3),;33484,33484,33484,24063.2,0,0,0,0,1081.120441846419
|||618vnlfw(3),;33484,33484,33484,24063.2,0,0,0,0,1086.120441846419
|||618vnlfw(3),;33484,33484,33484,24063.2,0,0,0,0,1091.120441846419
|||618vnlfw(3),;33484,33484,33484,24063.2,0,0,0,0,1096.120441846419
|||618vnlfw(3),;33484,33484,33484,24063.2,0,0,0,0,1101.120441846419
|||618vnlfw(3),;33484,33484,33484,24063.2,0,0,0,0,1106.120441846419
|||618vnlfw(3),;33484,33484,33484,24063.2,0,0,0,0,1111.120441846419
|||618vnlfw(3),358nlkgv(0),;33484,33484,33484,23387.4,0,0,0,3.619638980722,1116.120441846419
|||618vnlfw(3),;33484,33484,33484,24063.2,0,0,0,0,1121.120441846419
|||618vnlfw(3),;33484,33484,33484,24063.2,0,0,0,0,1126.120441846419
|||618vnlfw(3),;33484,33484,33484,24063.2,0,0,0,0,1131.120441846419
|||618vnlfw(3),;33484,33484,33484,24063.2,0,0,0,0,1136.120441846419
|||618vnlfw(3),;33484,33484,33484,24063.2,0,0,0,0,1141.120441846419
|||618vnlfw(3),;33484,33484,33484,24063.2,0,0,0,0,1146.120441846419
|||618vnlfw(3),;33484,33484,33484,24063.2,0,0,0,0,1151.120441846419
|||618vnlfw(3),;33484,33484,33484,24063.2,0,0,0,0,1156.120441846419
|||618vnlfw(3),;33484,33484,33484,24063.2,0,0,0,0,1161.120441846419
|||618vnlfw(3),;33484,33484,33484,24063.2,0,0,0,0,1166.120441846419
|||618vnlfw(3),;33484,33484,33484,24063.2,0,0,0,0,1171.120441846419
155dfypt(0),|||618vnlfw(3),;32572.6,33484,33484,24063.2,5.849713963575,0,0,0,1176.120441846419
155dfypt(2),|||618vnlfw(3),;32572.6,33484,33484,24063.2,0.849713963575,0,0,0,1181.120441846419
|||618vnlfw(3),;33484,33484,33484,24063.2,0,0,0,0,1186.120441846419
|||618vnlfw(3),;33484,33484,33484,24063.2,0,0,0,0,1191.120441846419
|||618vnlfw(3),;33484,33484,33484,24063.2,0,0,0,0,1196.120441846419
|||618vnlfw(3),;33484,33484,33484,24063.2,0,0,0,0,1201.120441846419
|||618vnlfw(3),;33484,33484,33484,24063.2,0,0,0,0,1206.120441846419
|||618vnlfw(3),;33484,33484,33484,24063.2,0,0,0,0,1211.120441846419
|||618vnlfw(3),;33484,33484,33484,24063.2,0,0,0,0,1216.120441846419
|||618vnlfw(3),;33484,33484,33484,24063.2,0,0,0,0,1221.120441846419
|||618vnlfw(3),;33484,33484,33484,24063.2,0,0,0,0,1226.120441846419
|||618vnlfw(3),;33484,33484,33484,24063.2,0,0,0,0,1231.120441846419
|||618vnlfw(3),;33484,33484,33484,24063.2,0,0,0,0,1236.120441846419
|||618vnlfw(3),;33484,33484,33484,24063.2,0,0,0,0,1241.120441846419
|||618vnlfw(3),;33484,33484,33484,24063.2,0,0,0,0,1246.120441846419
|||;33484,33484,33484,33484,0,0,0,0,1251.120441846419
|||;33484,33484,33484,33484,0,0,0,0,1256.120441846419
|||;33484,33484,33484,33484,0,0,0,0,1261.120441846419
|||;33484,33484,33484,33484,0,0,0,0,1266.120441846419
|||;33484,33484,33484,33484,0,0,0,0,1271.120441846419
|||;33484,33484,33484,33484,0,0,0,0,1276.120441846419
|||;33484,33484,33484,33484,0,0,0,0,1281.120441846419
|||;33484,33484,33484,33484,0,0,0,0,1286.120441846419
|||;33484,33484,33484,33484,0,0,0,0,1291.120441846419
|||;33484,33484,33484,33484,0,0,0,0,1296.120441846419
172jntsg(2),|||;32818.4,33484,33484,33484,0.997449406428,0,0,0,1301.120441846419
|||;33484,33484,33484,33484,0,0,0,0,1306.120441846419
|||;33484,33484,33484,33484,0,0,0,0,1311.120441846419
|||;33484,33484,33484,33484,0,0,0,0,1316.120441846419
||60nlcej(3),|60nlcej(2),;33484,33484,32644.3,26766.6,0,0,0.022791070189,30.913585736856,1321.120441846419
||60nlcej(3),|60nlcej(2),;33484,33484,32644.3,26766.6,0,0,0,25.913585736856,1326.120441846419
|99ygcwt(0),|60nlcej(3),99ygcwt(0),|60nlcej(2),99ygcwt(0),;33484,32705.8,31866.1,22097.2,0,6.494747732519,6.494747732519,50.803660185713,1331.120441846419
|99ygcwt(2),|60nlcej(3),99ygcwt(2),|60nlcej(2),99ygcwt(1),;33484,32705.8,31866.1,22097.2,0,1.494747732519,1.494747732519,45.803660185713,1336.120441846419
||60nlcej(3),|60nlcej(2),99ygcwt(1),;33484,33484,32644.3,22097.2,0,0,0,40.803660185713,1341.120441846419
||60nlcej(3),|60nlcej(2),99ygcwt(1),;33484,33484,32644.3,22097.2,0,0,0,35.803660185713,1346.120441846419
||60nlcej(3),|60nlcej(3),99ygcwt(1),;33484,33484,32644.3,22097.2,0,0,0,30.803660185713,1351.120441846419
||60nlcej(3),|60nlcej(3),99ygcwt(2),;33484,33484,32644.3,22097.2,0,0,0,25.803660185713,1356.120441846419
||60nlcej(3),|60nlcej(3),99ygcwt(2),;33484,33484,32644.3,22097.2,0,0,0,20.803660185713,1361.120441846419
||60nlcej(3),|60nlcej(3),99ygcwt(2),;33484,33484,32644.3,22097.2,0,0,0,15.803660185713,1366.120441846419
||60nlcej(3),|60nlcej(3),99ygcwt(2),;33484,33484,32644.3,22097.2,0,0,0,10.803660185713,1371.120441846419
||60nlcej(3),|60nlcej(3),99ygcwt(3),;33484,33484,32644.3,22097.2,0,0,0,5.803660185713,1376.120441846419
||60nlcej(3),|60nlcej(3),99ygcwt(3),;33484,33484,32644.3,22097.2,0,0,0,0.803660185713,1381.120441846419
||60nlcej(3),|60nlcej(3),99ygcwt(3),;33484,33484,32644.3,22097.2,0,0,0,0,1386.120441846419
||60nlcej(3),|60nlcej(3),99ygcwt(3),;33484,33484,32644.3,22097.2,0,0,0,0,1391.120441846419
||60nlcej(3),|60nlcej(3),99ygcwt(3),;33484,33484,32644.3,22097.2,0,0,0,0,1396.120441846419
||60nlcej(3),|60nlcej(3),99ygcwt(3),;33484,33484,32644.3,22097.2,0,0,0,0,1401.120441846419
||60nlcej(3),|60nlcej(3),99ygcwt(3),;33484,33484,32644.3,22097.2,0,0,0,0,1406.120441846419
||60nlcej(3),|60nlcej(3),99ygcwt(3),;33484,33484,32644.3,22097.2,0,0,0,0,1411.120441846419
||60nlcej(3),|60nlcej(3),99ygcwt(3),;33484,33484,32644.3,22097.2,0,0,0,0,1416.120441846419
||60nlcej(3),|60nlcej(3),99ygcwt(3),;33484,33484,32644.3,22097.2,0,0,0,0,1421.120441846419
||60nlcej(3),|60nlcej(3),99ygcwt(3),;33484,33484,32644.3,22097.2,0,0,0,0,1426.120441846419
||60nlcej(3),|60nlcej(3),99ygcwt(3),;33484,33484,32644.3,22097.2,0,0,0,0,1431.120441846419
||60nlcej(3),|60nlcej(3),99ygcwt(3),;33484,33484,32644.3,22097.2,0,0,0,0,1436.120441846419
||60nlcej(3),|60nlcej(3),99ygcwt(3),;33484,33484,32644.3,22097.2,0,0,0,0,1441.120441846419
||60nlcej(3),|60nlcej(3),99ygcwt(3),;33484,33484,32644.3,22097.2,0,0,0,0,1446.120441846419
||60nlcej(3),|60nlcej(3),99ygcwt(3),;33484,33484,32644.3,22097.2,0,0,0,0,1451.120441846419
||60nlcej(3),|60nlcej(3),99ygcwt(3),;33484,33484,32644.3,22097.2,0,0,0,0,1456.120441846419
51vmexb(0),|51vmexb(0),|60nlcej(3),51vmexb(0),|60nlcej(3),99ygcwt(3),51vmexb(0),;30949.6,31794.4,30954.7,21252.4,14.024693873493,9.584814849103,9.584814849103,5.144935824713,1461.120441846419
51vmexb(2),|51vmexb(2),|60nlcej(3),51vmexb(2),|60nlcej(3),99ygcwt(3),51vmexb(3),;30949.6,31794.4,30954.7,21252.4,9.024693873493,4.584814849103,4.584814849103,0.144935824713,1466.120441846419
51vmexb(2),|51vmexb(3),|60nlcej(3),51vmexb(3),|60nlcej(3),99ygcwt(3),51vmexb(3),;30949.6,31794.4,30954.7,21252.4,4.024693873493,0,0,0,1471.120441846419
51vmexb(3),|51vmexb(3),|51vmexb(3),|60nlcej(3),99ygcwt(3),51vmexb(3),;30949.6,31794.4,31794.4,21252.4,0,0,0,0,1476.120441846419
51vmexb(3),|51vmexb(3),|51vmexb(3),|60nlcej(3),99ygcwt(3),51vmexb(3),;30949.6,31794.4,31794.4,21252.4,0,0,0,0,1481.120441846419
51vmexb(3),|51vmexb(3),|51vmexb(3),|60nlcej(3),99ygcwt(3),51vmexb(3),;30949.6,31794.4,31794.4,21252.4,0,0,0,0,1486.120441846419
51vmexb(3),|51vmexb(3),|51vmexb(3),|60nlcej(3),99ygcwt(3),51vmexb(3),;30949.6,31794.4,31794.4,21252.4,0,0,0,0,1491.120441846419
51vmexb(3),|51vmexb(3),|51vmexb(3),|60nlcej(3),99ygcwt(3),51vmexb(3),;30949.6,31794.4,31794.4,21252.4,0,0,0,0,1496.120441846419
51vmexb(3),|51vmexb(3),|51vmexb(3),|60nlcej(3),99ygcwt(3),51vmexb(3),;30949.6,31794.4,31794.4,21252.4,0,0,0,0,1501.120441846419
51vmexb(3),|51vmexb(3),|51vmexb(3),|60nlcej(3),99ygcwt(3),51vmexb(3),;30949.6,31794.4,31794.4,21252.4,0,0,0,0,1506.120441846419
51vmexb(3),|51vmexb(3),|51vmexb(3),|60nlcej(3),99ygcwt(3),51vmexb(3),;30949.6,31794.4,31794.4,21252.4,0,0,0,0,1511.120441846419
51vmexb(3),|51vmexb(3),|51vmexb(3),|60nlcej(3),99ygcwt(3),51vmexb(3),;30949.6,31794.4,31794.4,21252.4,0,0,0,0,1516.120441846419
51vmexb(3),|51vmexb(3),|51vmexb(3),|60nlcej(3),99ygcwt(3),51vmexb(3),;30949.6,31794.4,31794.4,21252.4,0,0,0,0,1521.120441846419
51vmexb(3),|51vmexb(3),|51vmexb(3),|60nlcej(3),99ygcwt(3),51vmexb(3),;30949.6,31794.4,31794.4,21252.4,0,0,0,0,1526.120441846419
51vmexb(3),|51vmexb(3),|51vmexb(3),|60nlcej(3),99ygcwt(3),51vmexb(3),;30949.6,31794.4,31794.4,21252.4,0,0,0,0,1531.120441846419
51vmexb(3),|51vmexb(3),|51vmexb(3),|60nlcej(3),99ygcwt(3),51vmexb(3),;30949.6,31794.4,31794.4,21252.4,0,0,0,0,1536.120441846419
51vmexb(3),|51vmexb(3),|51vmexb(3),|60nlcej(3),99ygcwt(3),51vmexb(3),;30949.6,31794.4,31794.4,21252.4,0,0,0,0,1541.120441846419
51vmexb(3),|51vmexb(3),|51vmexb(3),|60nlcej(3),99ygcwt(3),51vmexb(3),;30949.6,31794.4,31794.4,21252.4,0,0,0,0,1546.120441846419
51vmexb(3),|51vmexb(3),|51vmexb(3),|60nlcej(3),99ygcwt(3),51vmexb(3),;30949.6,31794.4,31794.4,21252.4,0,0,0,0,1551.120441846419
51vmexb(3),|51vmexb(3),|51vmexb(3),|60nlcej(3),99ygcwt(3),51vmexb(3),;30949.6,31794.4,31794.4,21252.4,0,0,0,0,1556.120441846419
51vmexb(3),|51vmexb(3),|51vmexb(3),|60nlcej(3),99ygcwt(3),51vmexb(3),;30949.6,31794.4,31794.4,21252.4,0,0,0,0,1561.120441846419
51vmexb(3),|51vmexb(3),|51vmexb(3),|60nlcej(3),99ygcwt(3),51vmexb(3),;30949.6,31794.4,31794.4,21252.4,0,0,0,0,1566.120441846419
51vmexb(3),|51vmexb(3),|51vmexb(3),|60nlcej(3),99ygcwt(3),51vmexb(3),;30949.6,31794.4,31794.4,21252.4,0,0,0,0,1571.120441846419
51vmexb(3),|51vmexb(3),|51vmexb(3),|60nlcej(3),99ygcwt(3),51vmexb(3),;30949.6,31794.4,31794.4,21252.4,0,0,0,0,1576.120441846419
51vmexb(3),|51vmexb(3),|51vmexb(3),|60nlcej(3),99ygcwt(3),51vmexb(3),;30949.6,31794.4,31794.4,21252.4,0,0,0,0,1581.120441846419
51vmexb(3),|51vmexb(3),|51vmexb(3),|60nlcej(3),99ygcwt(3),51vmexb(3),;30949.6,31794.4,31794.4,21252.4,0,0,0,0,1586.120441846419
51vmexb(3),|51vmexb(3),|51vmexb(3),|60nlcej(3),99ygcwt(3),51vmexb(3),;30949.6,31794.4,31794.4,21252.4,0,0,0,0,1591.120441846419
51vmexb(3),|51vmexb(3),|51vmexb(3),|60nlcej(3),51vmexb(3),;30949.6,31794.4,31794.4,25921.8,0,0,0,0,1596.120441846419
51vmexb(3),|51vmexb(3),|51vmexb(3),|60nlcej(3),51vmexb(3),;30949.6,31794.4,31794.4,25921.8,0,0,0,0,1601.120441846419
51vmexb(3),|51vmexb(3),|51vmexb(3),|60nlcej(3),51vmexb(3),;30949.6,31794.4,31794.4,25921.8,0,0,0,0,1606.120441846419
51vmexb(3),|51vmexb(3),|51vmexb(3),|60nlcej(3),51vmexb(3),;30949.6,31794.4,31794.4,25921.8,0,0,0,0,1611.120441846419
51vmexb(3),|51vmexb(3),|51vmexb(3),|60nlcej(3),51vmexb(3),;30949.6,31794.4,31794.4,25921.8,0,0,0,0,1616.120441846419
51vmexb(3),|51vmexb(3),|51vmexb(3),|60nlcej(3),51vmexb(3),;30949.6,31794.4,31794.4,25921.8,0,0,0,0,1621.120441846419
51vmexb(3),|51vmexb(3),|51vmexb(3),|60nlcej(3),51vmexb(3),;30949.6,31794.4,31794.4,25921.8,0,0,0,0,1626.120441846419
51vmexb(3),|51vmexb(3),|51vmexb(3),|60nlcej(3),51vmexb(3),;30949.6,31794.4,31794.4,25921.8,0,0,0,0,1631.120441846419
51vmexb(3),|51vmexb(3),|51vmexb(3),|60nlcej(3),51vmexb(3),;30949.6,31794.4,31794.4,25921.8,0,0,0,0,1636.120441846419
51vmexb(3),|51vmexb(3),|51vmexb(3),|60nlcej(3),51vmexb(3),;30949.6,31794.4,31794.4,25921.8,0,0,0,0,1641.120441846419
51vmexb(3),|51vmexb(3),|51vmexb(3),|60nlcej(3),51vmexb(3),;30949.6,31794.4,31794.4,25921.8,0,0,0,0,1646.120441846419
51vmexb(3),|51vmexb(3),|51vmexb(3),|60nlcej(3),51vmexb(3),;30949.6,31794.4,31794.4,25921.8,0,0,0,0,1651.120441846419
51vmexb(3),|51vmexb(3),|51vmexb(3),|60nlcej(3),51vmexb(3),;30949.6,31794.4,31794.4,25921.8,0,0,0,0,1656.120441846419
51vmexb(3),|51vmexb(3),|51vmexb(3),|60nlcej(3),51vmexb(3),;30949.6,31794.4,31794.4,25921.8,0,0,0,0,1661.120441846419
51vmexb(3),|51vmexb(3),|51vmexb(3),|60nlcej(3),51vmexb(3),;30949.6,31794.4,31794.4,25921.8,0,0,0,0,1666.120441846419
51vmexb(3),|51vmexb(3),|51vmexb(3),|60nlcej(3),51vmexb(3),;30949.6,31794.4,31794.4,25921.8,0,0,0,0,1671.120441846419
51vmexb(3),|51vmexb(3),|51vmexb(3),|60nlcej(3),51vmexb(3),;30949.6,31794.4,31794.4,25921.8,0,0,0,0,1676.120441846419
51vmexb(3),|51vmexb(3),|51vmexb(3),|60nlcej(3),51vmexb(3),;30949.6,31794.4,31794.4,25921.8,0,0,0,0,1681.120441846419
51vmexb(3),|51vmexb(3),|51vmexb(3),|60nlcej(3),51vmexb(3),;30949.6,31794.4,31794.4,25921.8,0,0,0,0,1686.120441846419
51vmexb(3),|51vmexb(3),|51vmexb(3),|60nlcej(3),51vmexb(3),;30949.6,31794.4,31794.4,25921.8,0,0,0,0,1691.120441846419
51vmexb(3),|51vmexb(3),|51vmexb(3),|60nlcej(3),51vmexb(3),;30949.6,31794.4,31794.4,25921.8,0,0,0,0,1696.120441846419
51vmexb(3),|51vmexb(3),|51vmexb(3),|60nlcej(3),51vmexb(3),;30949.6,31794.4,31794.4,25921.8,0,0,0,0,1701.120441846419
51vmexb(3),|51vmexb(3),|51vmexb(3),|60nlcej(3),51vmexb(3),;30949.6,31794.4,31794.4,25921.8,0,0,0,0,1706.120441846419
51vmexb(3),|51vmexb(3),|51vmexb(3),|60nlcej(3),51vmexb(3),;30949.6,31794.4,31794.4,25921.8,0,0,0,0,1711.120441846419
51vmexb(3),|51vmexb(3),|51vmexb(3),|60nlcej(3),51vmexb(3),;30949.6,31794.4,31794.4,25921.8,0,0,0,0,1716.120441846419
51vmexb(3),|51vmexb(3),|51vmexb(3),|60nlcej(3),51vmexb(3),;30949.6,31794.4,31794.4,25921.8,0,0,0,0,1721.120441846419
51vmexb(3),|51vmexb(3),|51vmexb(3),|60nlcej(3),51vmexb(3),;30949.6,31794.4,31794.4,25921.8,0,0,0,0,1726.120441846419
51vmexb(3),|51vmexb(3),|51vmexb(3),|60nlcej(3),51vmexb(3),;30949.6,31794.4,31794.4,25921.8,0,0,0,0,1731.120441846419
51vmexb(3),|51vmexb(3),|51vmexb(3),|60nlcej(3),51vmexb(3),;30949.6,31794.4,31794.4,25921.8,0,0,0,0,1736.120441846419
51vmexb(3),|51vmexb(3),|51vmexb(3),|60nlcej(3),51vmexb(3),;30949.6,31794.4,31794.4,25921.8,0,0,0,0,1741.120441846419
51vmexb(3),|51vmexb(3),|51vmexb(3),|60nlcej(3),51vmexb(3),;30949.6,31794.4,31794.4,25921.8,0,0,0,0,1746.120441846419
51vmexb(3),|51vmexb(3),|51vmexb(3),|60nlcej(3),51vmexb(3),;30949.6,31794.4,31794.4,25921.8,0,0,0,0,1751.120441846419
51vmexb(3),|51vmexb(3),|51vmexb(3),|60nlcej(3),51vmexb(3),;30949.6,31794.4,31794.4,25921.8,0,0,0,0,1756.120441846419
51vmexb(3),|51vmexb(3),|51vmexb(3),|60nlcej(3),51vmexb(3),;30949.6,31794.4,31794.4,25921.8,0,0,0,0,1761.120441846419
51vmexb(3),|51vmexb(3),|51vmexb(3),|60nlcej(3),51vmexb(3),;30949.6,31794.4,31794.4,25921.8,0,0,0,0,1766.120441846419
51vmexb(3),|51vmexb(3),|51vmexb(3),|60nlcej(3),51vmexb(3),;30949.6,31794.4,31794.4,25921.8,0,0,0,0,1771.120441846419
51vmexb(3),|51vmexb(3),|51vmexb(3),|60nlcej(3),51vmexb(3),;30949.6,31794.4,31794.4,25921.8,0,0,0,0,1776.120441846419
51vmexb(3),|51vmexb(3),|51vmexb(3),|60nlcej(3),51vmexb(3),;30949.6,31794.4,31794.4,25921.8,0,0,0,0,1781.120441846419
51vmexb(3),|51vmexb(3),|51vmexb(3),|60nlcej(3),51vmexb(3),;30949.6,31794.4,31794.4,25921.8,0,0,0,0,1786.120441846419
51vmexb(3),|51vmexb(3),|51vmexb(3),|60nlcej(3),51vmexb(3),;30949.6,31794.4,31794.4,25921.8,0,0,0,0,1791.120441846419
51vmexb(3),|51vmexb(3),|51vmexb(3),|60nlcej(3),51vmexb(3),;30949.6,31794.4,31794.4,25921.8,0,0,0,0,1796.120441846419
51vmexb(3),|51vmexb(3),|51vmexb(3),|60nlcej(3),51vmexb(3),;30949.6,31794.4,31794.4,25921.8,0,0,0,0,1801.120441846419
51vmexb(3),|51vmexb(3),|51vmexb(3),|60nlcej(3),51vmexb(3),;30949.6,31794.4,31794.4,25921.8,0,0,0,0,1806.120441846419
51vmexb(3),|51vmexb(3),|51vmexb(3),|60nlcej(3),51vmexb(3),;30949.6,31794.4,31794.4,25921.8,0,0,0,0,1811.120441846419
51vmexb(3),|51vmexb(3),|51vmexb(3),|60nlcej(3),51vmexb(3),;30949.6,31794.4,31794.4,25921.8,0,0,0,0,1816.120441846419
51vmexb(3),|51vmexb(3),|51vmexb(3),|60nlcej(3),51vmexb(3),;30949.6,31794.4,31794.4,25921.8,0,0,0,0,1821.120441846419
51vmexb(3),|51vmexb(3),|51vmexb(3),|60nlcej(3),51vmexb(3),;30949.6,31794.4,31794.4,25921.8,0,0,0,0,1826.120441846419
51vmexb(3),|51vmexb(3),|51vmexb(3),|60nlcej(3),51vmexb(3),;30949.6,31794.4,31794.4,25921.8,0,0,0,0,1831.120441846419
51vmexb(3),|51vmexb(3),|51vmexb(3),|60nlcej(3),51vmexb(3),;30949.6,31794.4,31794.4,25921.8,0,0,0,0,1836.120441846419
|||60nlcej(3),;33484,33484,33484,26766.6,0,0,0,0,1841.120441846419
|||60nlcej(3),;33484,33484,33484,26766.6,0,0,0,0,1846.120441846419
|||60nlcej(3),;33484,33484,33484,26766.6,0,0,0,0,1851.120441846419
|||;33484,33484,33484,33484,0,0,0,0,1856.120441846419
|||;33484,33484,33484,33484,0,0,0,0,1861.120441846419
|||;33484,33484,33484,33484,0,0,0,0,1866.120441846419
207sypch(2),|||;32890.1,33484,33484,33484,1.280862052739,0,0,0,1871.120441846419
|||;33484,33484,33484,33484,0,0,0,0,1876.120441846419
|||;33484,33484,33484,33484,0,0,0,0,1881.120441846419
|||;33484,33484,33484,33484,0,0,0,0,1886.120441846419
|||;33484,33484,33484,33484,0,0,0,0,1891.120441846419
|||;33484,33484,33484,33484,0,0,0,0,1896.120441846419
|||;33484,33484,33484,33484,0,0,0,0,1901.120441846419
|||;33484,33484,33484,33484,0,0,0,0,1906.120441846419
|||;33484,33484,33484,33484,0,0,0,0,1911.120441846419
|||;33484,33484,33484,33484,0,0,0,0,1916.120441846419
|||;33484,33484,33484,33484,0,0,0,0,1921.120441846419
|||;33484,33484,33484,33484,0,0,0,0,1926.120441846419
|||;33484,33484,33484,33484,0,0,0,0,1931.120441846419
|||;33484,33484,33484,33484,0,0,0,0,1936.120441846419
|||;33484,33484,33484,33484,0,0,0,0,1941.120441846419
|||;33484,33484,33484,33484,0,0,0,0,1946.120441846419
|||;33484,33484,33484,33484,0,0,0,0,1951.120441846419
|||;33484,33484,33484,33484,0,0,0,0,1956.120441846419
|||;33484,33484,33484,33484,0,0,0,0,1961.120441846419
|||;33484,33484,33484,33484,0,0,0,0,1966.120441846419
|||;33484,33484,33484,33484,0,0,0,0,1971.120441846419
|||;33484,33484,33484,33484,0,0,0,0,1976.120441846419
|||;33484,33484,33484,33484,0,0,0,0,1981.120441846419
|||;33484,33484,33484,33484,0,0,0,0,1986.120441846419
|||;33484,33484,33484,33484,0,0,0,0,1991.120441846419
|||;33484,33484,33484,33484,0,0,0,0,1996.120441846419
