|||;32256,32256,32256,32256,0,0,0,0,1.105251632784
|||;32256,32256,32256,32256,0,0,0,0,6.105251632784
|||;32256,32256,32256,32256,0,0,0,0,11.105251632784
|||;32256,32256,32256,32256,0,0,0,0,16.105251632784
|||;32256,32256,32256,32256,0,0,0,0,21.105251632784
|||;32256,32256,32256,32256,0,0,0,0,26.105251632784
|||;32256,32256,32256,32256,0,0,0,0,31.105251632784
|||;32256,32256,32256,32256,0,0,0,0,36.105251632784
|||;32256,32256,32256,32256,0,0,0,0,41.105251632784
|||;32256,32256,32256,32256,0,0,0,0,46.105251632784
|||;32256,32256,32256,32256,0,0,0,0,51.105251632784
|||;32256,32256,32256,32256,0,0,0,0,56.105251632784
|||;32256,32256,32256,32256,0,0,0,0,61.105251632784
|||;32256,32256,32256,32256,0,0,0,0,66.105251632784
|||;32256,32256,32256,32256,0,0,0,0,71.105251632784
|||;32256,32256,32256,32256,0,0,0,0,76.105251632784
|||;32256,32256,32256,32256,0,0,0,0,81.105251632784
|||;32256,32256,32256,32256,0,0,0,0,86.105251632784
|||;32256,32256,32256,32256,0,0,0,0,91.105251632784
|||;32256,32256,32256,32256,0,0,0,0,96.105251632784
169cwgem(2),|169cwgem(2),|169cwgem(2),|169cwgem(2),;30397.4,30397.4,31017,31017,4.323087034975,4.323087034975,1.406358391297,1.406358391297,101.105251632784
185cjztb(2),|185cjztb(2),556emqau(0),|185cjztb(2),556emqau(0),|185cjztb(2),556emqau(0),;30791.7,29194.2,26598.5,26465.3,10.83348836463,25.824906401781,35.805511827069,36.562246907529,106.105251632784
185cjztb(2),608yrsdz(0),|185cjztb(2),556emqau(0),608yrsdz(0),|185cjztb(2),556emqau(0),|185cjztb(3),556emqau(0),608yrsdz(0),;27699.2,26101.7,26598.5,24919.1,27.587000891702,42.578418928853,30.805511827069,45.63332375644,111.105251632784
185cjztb(3),608yrsdz(2),|185cjztb(3),556emqau(1),608yrsdz(1),|185cjztb(3),556emqau(2),|185cjztb(3),556emqau(2),608yrsdz(1),;27699.2,26101.7,26598.5,24919.1,22.587000891702,37.578418928853,25.805511827069,40.63332375644,116.105251632784
185cjztb(3),608yrsdz(2),|185cjztb(3),608yrsdz(2),|185cjztb(3),556emqau(2),|185cjztb(3),556emqau(2),608yrsdz(1),;27699.2,26967,26598.5,24919.1,17.587000891702,32.578418928853,20.805511827069,35.63332375644,121.105251632784
185cjztb(3),608yrsdz(2),|185cjztb(3),608yrsdz(2),|185cjztb(3),556emqau(2),|185cjztb(3),556emqau(2),608yrsdz(1),;27699.2,26967,26598.5,24919.1,12.587000891702,27.578418928853,15.805511827069,30.63332375644,126.105251632784
185cjztb(3),608yrsdz(3),|185cjztb(3),608yrsdz(2),|185cjztb(3),556emqau(3),|185cjztb(3),556emqau(2),608yrsdz(1),;27699.2,26967,26598.5,24919.1,7.587000891702,22.578418928853,10.805511827069,25.63332375644,131.105251632784
185cjztb(3),608yrsdz(3),|185cjztb(3),608yrsdz(3),|185cjztb(3),556emqau(3),|185cjztb(3),556emqau(3),608yrsdz(2),;27699.2,26967,26598.5,24919.1,2.587000891702,17.578418928853,5.805511827069,20.63332375644,136.105251632784
185cjztb(3),608yrsdz(3),|185cjztb(3),608yrsdz(3),|185cjztb(3),556emqau(3),|185cjztb(3),556emqau(3),608yrsdz(3),;27699.2,26967,26598.5,24919.1,0,12.578418928853,0.805511827069,15.63332375644,141.105251632784
185cjztb(3),608yrsdz(3),|185cjztb(3),608yrsdz(3),|185cjztb(3),556emqau(3),|185cjztb(3),556emqau(3),608yrsdz(3),;27699.2,26967,26598.5,24919.1,0,7.578418928853,0,10.63332375644,146.105251632784
185cjztb(3),608yrsdz(3),|185cjztb(3),608yrsdz(3),|185cjztb(3),556emqau(3),|185cjztb(3),556emqau(3),608yrsdz(3),;27699.2,26967,26598.5,24919.1,0,2.578418928853,0,5.63332375644,151.105251632784
185cjztb(3),608yrsdz(3),|185cjztb(3),608yrsdz(3),|185cjztb(3),556emqau(3),|185cjztb(3),556emqau(3),608yrsdz(3),;27699.2,26967,26598.5,24919.1,0,0,0,0.63332375644,156.105251632784
185cjztb(3),608yrsdz(3),|185cjztb(3),608yrsdz(3),|185cjztb(3),556emqau(3),|185cjztb(3),556emqau(3),608yrsdz(3),;27699.2,26967,26598.5,24919.1,0,0,0,0,161.105251632784
185cjztb(3),608yrsdz(3),|185cjztb(3),608yrsdz(3),|185cjztb(3),556emqau(3),|185cjztb(3),556emqau(3),608yrsdz(3),;27699.2,26967,26598.5,24919.1,0,0,0,0,166.105251632784
185cjztb(3),608yrsdz(3),|185cjztb(3),608yrsdz(3),|185cjztb(3),556emqau(3),|185cjztb(3),556emqau(3),608yrsdz(3),;27699.2,26967,26598.5,24919.1,0,0,0,0,171.105251632784
185cjztb(3),608yrsdz(3),|185cjztb(3),608yrsdz(3),|185cjztb(3),556emqau(3),|185cjztb(3),556emqau(3),608yrsdz(3),;27699.2,26967,26598.5,24919.1,0,0,0,0,176.105251632784
185cjztb(3),608yrsdz(3),|185cjztb(3),608yrsdz(3),|185cjztb(3),556emqau(3),|185cjztb(3),556emqau(3),608yrsdz(3),;27699.2,26967,26598.5,24919.1,0,0,0,0,181.105251632784
185cjztb(3),608yrsdz(3),|185cjztb(3),608yrsdz(3),|185cjztb(3),556emqau(3),|185cjztb(3),556emqau(3),608yrsdz(3),;27699.2,26967,26598.5,24919.1,0,0,0,0,186.105251632784
185cjztb(3),608yrsdz(3),185iwkse(0),|185cjztb(3),608yrsdz(3),185iwkse(0),|185cjztb(3),556emqau(3),185iwkse(0),|185cjztb(3),556emqau(3),608yrsdz(3),185iwkse(0),;26347.5,24939.5,24571,23567.4,7.769322318993,10.951208112097,10.951208112097,7.769322318993,191.105251632784
608yrsdz(3),185iwkse(2),|608yrsdz(3),185iwkse(2),904vuajs(1),|556emqau(3),185iwkse(2),|556emqau(3),608yrsdz(3),185iwkse(2),904vuajs(1),;27811.8,26255.4,26767.5,24151.1,2.769322318993,15.328010734413,5.951208112097,12.146124941309,196.105251632784
608yrsdz(3),|608yrsdz(3),185iwkse(2),904vuajs(1),|556emqau(3),185iwkse(2),|556emqau(3),608yrsdz(3),904vuajs(2),;29163.5,26255.4,26767.5,25502.8,0,10.328010734413,0.951208112097,7.146124941309,201.105251632784
608yrsdz(3),|608yrsdz(3),904vuajs(2),|556emqau(3),|556emqau(3),608yrsdz(3),;29163.5,28282.9,28795,26383.4,0,5.328010734413,0,2.146124941309,206.105251632784
608yrsdz(3),|608yrsdz(3),904vuajs(3),|556emqau(3),|556emqau(3),608yrsdz(3),;29163.5,28282.9,28795,26383.4,0,0.328010734413,0,0,211.105251632784
608yrsdz(3),|608yrsdz(3),904vuajs(3),|556emqau(3),|556emqau(3),608yrsdz(3),;29163.5,28282.9,28795,26383.4,0,0,0,0,216.105251632784
608yrsdz(3),|608yrsdz(3),904vuajs(3),|556emqau(3),|556emqau(3),608yrsdz(3),;29163.5,28282.9,28795,26383.4,0,0,0,0,221.105251632784
608yrsdz(3),|608yrsdz(3),904vuajs(3),|556emqau(3),|556emqau(3),608yrsdz(3),;29163.5,28282.9,28795,26383.4,0,0,0,0,226.105251632784
608yrsdz(3),|608yrsdz(3),904vuajs(3),|556emqau(3),|556emqau(3),608yrsdz(3),;29163.5,28282.9,28795,26383.4,0,0,0,0,231.105251632784
608yrsdz(3),|608yrsdz(3),904vuajs(3),|556emqau(3),|556emqau(3),608yrsdz(3),;29163.5,28282.9,28795,26383.4,0,0,0,0,236.105251632784
608yrsdz(3),|608yrsdz(3),904vuajs(3),|556emqau(3),|556emqau(3),608yrsdz(3),;29163.5,28282.9,28795,26383.4,0,0,0,0,241.105251632784
608yrsdz(3),|608yrsdz(3),904vuajs(3),|556emqau(3),|556emqau(3),608yrsdz(3),;29163.5,28282.9,28795,26383.4,0,0,0,0,246.105251632784
608yrsdz(3),|608yrsdz(3),904vuajs(3),|556emqau(3),|556emqau(3),608yrsdz(3),;29163.5,28282.9,28795,26383.4,0,0,0,0,251.105251632784
608yrsdz(3),|608yrsdz(3),904vuajs(3),|556emqau(3),|556emqau(3),608yrsdz(3),;29163.5,28282.9,28795,26383.4,0,0,0,0,256.105251632784
608yrsdz(3),|608yrsdz(3),904vuajs(3),|556emqau(3),|556emqau(3),608yrsdz(3),;29163.5,28282.9,28795,26383.4,0,0,0,0,261.105251632784
608yrsdz(3),608zwoxy(2),|608yrsdz(3),904vuajs(3),608zwoxy(2),|608zwoxy(2),|608yrsdz(3),608zwoxy(2),;26736.6,25856,30638.2,29091.9,11.28062597022,11.28062597022,7.472005096657,7.472005096657,266.105251632784
608zwoxy(2),|904vuajs(3),608zwoxy(2),|608zwoxy(2),|608zwoxy(2),;29829.1,28948.5,30638.2,30638.1,6.28062597022,6.28062597022,2.472005096657,2.472005096657,271.105251632784
608zwoxy(2),|904vuajs(3),608zwoxy(2),||;29829.1,28948.5,32256.1,32256,1.28062597022,1.28062597022,0,0,276.105251632784
|904vuajs(3),||;32256,31375.4,32256.1,32256,0,0,0,0,281.105251632784
|904vuajs(3),||;32256,31375.4,32256.1,32256,0,0,0,0,286.105251632784
|904vuajs(3),||;32256,31375.4,32256.1,32256,0,0,0,0,291.105251632784
|904vuajs(3),||;32256,31375.4,32256.1,32256,0,0,0,0,296.105251632784
|904vuajs(3),28fmtpb(2),|28fmtpb(2),|;32256,30499.9,31380.6,32256,0,2.656067858995,2.656067858995,0,301.105251632784
|904vuajs(3),||;32256,31375.4,32256.1,32256,0,0,0,0,306.105251632784
|904vuajs(3),||;32256,31375.4,32256.1,32256,0,0,0,0,311.105251632784
|904vuajs(3),||;32256,31375.4,32256.1,32256,0,0,0,0,316.105251632784
|904vuajs(3),||;32256,31375.4,32256.1,32256,0,0,0,0,321.105251632784
|904vuajs(3),||;32256,31375.4,32256.1,32256,0,0,0,0,326.105251632784
35dcliu(2),|904vuajs(3),35dcliu(2),|35dcliu(2),|35dcliu(2),;28815.4,30802,31109.2,31682.6,14.280709792429,0.781800367141,3.481582252199,0.781800367141,331.105251632784
35dcliu(2),|904vuajs(3),||;28815.4,31375.4,32256.1,32256,9.280709792429,0,0,0,336.105251632784
35dcliu(2),|904vuajs(3),||;28815.4,31375.4,32256.1,32256,4.280709792429,0,0,0,341.105251632784
35dcliu(3),|904vuajs(3),||;28815.4,31375.4,32256.1,32256,0,0,0,0,346.105251632784
35dcliu(3),|904vuajs(3),||;28815.4,31375.4,32256.1,32256,0,0,0,0,351.105251632784
35dcliu(3),|904vuajs(3),||;28815.4,31375.4,32256.1,32256,0,0,0,0,356.105251632784
35dcliu(3),|904vuajs(3),||;28815.4,31375.4,32256.1,32256,0,0,0,0,361.105251632784
35dcliu(3),|904vuajs(3),||;28815.4,31375.4,32256.1,32256,0,0,0,0,366.105251632784
35dcliu(3),|904vuajs(3),||;28815.4,31375.4,32256.1,32256,0,0,0,0,371.105251632784
35dcliu(3),|904vuajs(3),||;28815.4,31375.4,32256.1,32256,0,0,0,0,376.105251632784
35dcliu(3),|||;28815.4,32256,32256.1,32256,0,0,0,0,381.105251632784
35dcliu(3),|||;28815.4,32256,32256.1,32256,0,0,0,0,386.105251632784
35dcliu(3),185zghed(2),|||;27781.2,32256,32256.1,32256,1.015948657924,0,0,0,391.105251632784
35dcliu(3),|||;28815.4,32256,32256.1,32256,0,0,0,0,396.105251632784
35dcliu(3),|||;28815.4,32256,32256.1,32256,0,0,0,0,401.105251632784
35dcliu(3),|||;28815.4,32256,32256.1,32256,0,0,0,0,406.105251632784
35dcliu(3),|||;28815.4,32256,32256.1,32256,0,0,0,0,411.105251632784
35dcliu(3),|||;28815.4,32256,32256.1,32256,0,0,0,0,416.105251632784
35dcliu(3),|||;28815.4,32256,32256.1,32256,0,0,0,0,421.105251632784
35dcliu(3),|||;28815.4,32256,32256.1,32256,0,0,0,0,426.105251632784
35dcliu(3),|||28xrdnw(0),;28815.4,32256,32256.1,31518.7,0,0,0,4.042586670202,431.105251632784
|||;32256,32256,32256.1,32256,0,0,0,0,436.105251632784
|||;32256,32256,32256.1,32256,0,0,0,0,441.105251632784
|||;32256,32256,32256.1,32256,0,0,0,0,446.105251632784
|||;32256,32256,32256.1,32256,0,0,0,0,451.105251632784
|||;32256,32256,32256.1,32256,0,0,0,0,456.105251632784
|||;32256,32256,32256.1,32256,0,0,0,0,461.105251632784
|||;32256,32256,32256.1,32256,0,0,0,0,466.105251632784
|||;32256,32256,32256.1,32256,0,0,0,0,471.105251632784
|||;32256,32256,32256.1,32256,0,0,0,0,476.105251632784
|||;32256,32256,32256.1,32256,0,0,0,0,481.105251632784
|||;32256,32256,32256.1,32256,0,0,0,0,486.105251632784
|||;32256,32256,32256.1,32256,0,0,0,0,491.105251632784
|||;32256,32256,32256.1,32256,0,0,0,0,496.105251632784
|||;32256,32256,32256.1,32256,0,0,0,0,501.105251632784
|||;32256,32256,32256.1,32256,0,0,0,0,506.105251632784
|||;32256,32256,32256.1,32256,0,0,0,0,511.105251632784
976ahrkd(2),|976ahrkd(2),|976ahrkd(2),|976ahrkd(2),;30704.6,30704.6,31221.9,31221.8,2.818377032143,2.818377032143,0.383752296511,0.383752296511,516.105251632784
||185yizcj(0),|;32256,32256,31436.9,32256,0,0,5.245683204882,0,521.105251632784
||185yizcj(2),|;32256,32256,31436.9,32256,0,0,0.245683204882,0,526.105251632784
35impdb(0),|35impdb(0),|35impdb(0),|35impdb(0),;29353,31288.3,29353.1,29353,17.555218756549,8.19145489448,17.708393594215,17.555218756549,531.105251632784
35impdb(2),|35impdb(2),|35impdb(2),|35impdb(2),;29353,31288.3,29353.1,29353,12.555218756549,3.19145489448,12.708393594215,12.555218756549,536.105251632784
35impdb(2),||35impdb(2),|35impdb(2),;29353,32256,29353.1,29353,7.555218756549,0,7.708393594215,7.555218756549,541.105251632784
35impdb(2),||35impdb(2),|35impdb(2),;29353,32256,29353.1,29353,2.555218756549,0,2.708393594215,2.555218756549,546.105251632784
35impdb(3),|28jzays(0),|35impdb(3),28jzays(0),|35impdb(3),;29353,31626.2,28723.3,29353,0,4.459294595848,5.088964822847,0,551.105251632784
35impdb(3),||35impdb(3),|35impdb(3),;29353,32256,29353.1,29353,0,0,0.088964822847,0,556.105251632784
35impdb(3),||35impdb(3),|35impdb(3),;29353,32256,29353.1,29353,0,0,0,0,561.105251632784
35impdb(3),||35impdb(3),|35impdb(3),;29353,32256,29353.1,29353,0,0,0,0,566.105251632784
35impdb(3),||35impdb(3),|35impdb(3),;29353,32256,29353.1,29353,0,0,0,0,571.105251632784
35impdb(3),||35impdb(3),|35impdb(3),;29353,32256,29353.1,29353,0,0,0,0,576.105251632784
35impdb(3),976xjgbe(0),|976xjgbe(0),|35impdb(3),976xjgbe(0),|35impdb(3),976xjgbe(0),;28334.1,31237.1,28334.2,27315.2,9.379930230867,9.379930230867,9.379930230867,14.176864115925,581.105251632784
35impdb(3),976xjgbe(2),|976xjgbe(2),|35impdb(3),976xjgbe(2),|35impdb(3),976xjgbe(2),;28334.1,31237.1,28334.2,27315.2,4.379930230867,4.379930230867,4.379930230867,9.176864115925,586.105251632784
35impdb(3),||35impdb(3),|35impdb(3),976xjgbe(2),;29353,32256,29353.1,27315.2,0,0,0,4.176864115925,591.105251632784
35impdb(3),||35impdb(3),|35impdb(3),;29353,32256,29353.1,29353,0,0,0,0,596.105251632784
|||;32256,32256,32256.1,32256,0,0,0,0,601.105251632784
|||;32256,32256,32256.1,32256,0,0,0,0,606.105251632784
|||;32256,32256,32256.1,32256,0,0,0,0,611.105251632784
|||;32256,32256,32256.1,32256,0,0,0,0,616.105251632784
|||;32256,32256,32256.1,32256,0,0,0,0,621.105251632784
|||;32256,32256,32256.1,32256,0,0,0,0,626.105251632784
|||;32256,32256,32256.1,32256,0,0,0,0,631.105251632784
|||;32256,32256,32256.1,32256,0,0,0,0,636.105251632784
|||;32256,32256,32256.1,32256,0,0,0,0,641.105251632784
|||;32256,32256,32256.1,32256,0,0,0,0,646.105251632784
|||;32256,32256,32256.1,32256,0,0,0,0,651.105251632784
|||;32256,32256,32256.1,32256,0,0,0,0,656.105251632784
|||;32256,32256,32256.1,32256,0,0,0,0,661.105251632784
|||;32256,32256,32256.1,32256,0,0,0,0,666.105251632784
|||;32256,32256,32256.1,32256,0,0,0,0,671.105251632784
|||;32256,32256,32256.1,32256,0,0,0,0,676.105251632784
|||;32256,32256,32256.1,32256,0,0,0,0,681.105251632784
|||;32256,32256,32256.1,32256,0,0,0,0,686.105251632784
|||;32256,32256,32256.1,32256,0,0,0,0,691.105251632784
|||;32256,32256,32256.1,32256,0,0,0,0,696.105251632784
|||;32256,32256,32256.1,32256,0,0,0,0,701.105251632784
|||;32256,32256,32256.1,32256,0,0,0,0,706.105251632784
|||;32256,32256,32256.1,32256,0,0,0,0,711.105251632784
|||;32256,32256,32256.1,32256,0,0,0,0,716.105251632784
|||;32256,32256,32256.1,32256,0,0,0,0,721.105251632784
|||;32256,32256,32256.1,32256,0,0,0,0,726.105251632784
|||;32256,32256,32256.1,32256,0,0,0,0,731.105251632784
|||;32256,32256,32256.1,32256,0,0,0,0,736.105251632784
534mftwq(3),|534mftwq(3),|534mftwq(3),|;31585.3,31585.3,31585.4,32256,0,0,0,0,741.105251632784
534mftwq(3),|534mftwq(3),|534mftwq(3),|;31585.3,31585.3,31585.4,32256,0,0,0,0,746.105251632784
534mftwq(3),|534mftwq(3),|534mftwq(3),|;31585.3,31585.3,31585.4,32256,0,0,0,0,751.105251632784
534mftwq(3),|534mftwq(3),|534mftwq(3),|;31585.3,31585.3,31585.4,32256,0,0,0,0,756.105251632784
534mftwq(3),|534mftwq(3),|534mftwq(3),|;31585.3,31585.3,31585.4,32256,0,0,0,0,761.105251632784
534mftwq(3),|534mftwq(3),|534mftwq(3),|;31585.3,31585.3,31585.4,32256,0,0,0,0,766.105251632784
534mftwq(3),|534mftwq(3),|534mftwq(3),|;31585.3,31585.3,31585.4,32256,0,0,0,0,771.105251632784
534mftwq(3),|534mftwq(3),|534mftwq(3),|;31585.3,31585.3,31585.4,32256,0,0,0,0,776.105251632784
534mftwq(3),|534mftwq(3),|534mftwq(3),|;31585.3,31585.3,31585.4,32256,0,0,0,0,781.105251632784
534mftwq(3),|534mftwq(3),|534mftwq(3),|;31585.3,31585.3,31585.4,32256,0,0,0,0,786.105251632784
534mftwq(3),|534mftwq(3),|534mftwq(3),|;31585.3,31585.3,31585.4,32256,0,0,0,0,791.105251632784
534mftwq(3),|534mftwq(3),|534mftwq(3),|;31585.3,31585.3,31585.4,32256,0,0,0,0,796.105251632784
534mftwq(3),|534mftwq(3),|534mftwq(3),|;31585.3,31585.3,31585.4,32256,0,0,0,0,801.105251632784
534mftwq(3),|534mftwq(3),|534mftwq(3),|;31585.3,31585.3,31585.4,32256,0,0,0,0,806.105251632784
534mftwq(3),|534mftwq(3),|534mftwq(3),|;31585.3,31585.3,31585.4,32256,0,0,0,0,811.105251632784
534mftwq(3),|534mftwq(3),|534mftwq(3),|;31585.3,31585.3,31585.4,32256,0,0,0,0,816.105251632784
534mftwq(3),|534mftwq(3),662zygnm(0),|534mftwq(3),|;31585.3,30704.7,31585.4,32256,0,7.549594662237,0,0,821.105251632784
|662zygnm(2),||;32256,31375.4,32256.1,32256,0,2.549594662237,0,0,826.105251632784
|662zygnm(3),||;32256,31375.4,32256.1,32256,0,0,0,0,831.105251632784
|662zygnm(3),||;32256,31375.4,32256.1,32256,0,0,0,0,836.105251632784
|662zygnm(3),||;32256,31375.4,32256.1,32256,0,0,0,0,841.105251632784
|662zygnm(3),||;32256,31375.4,32256.1,32256,0,0,0,0,846.105251632784
|662zygnm(3),||;32256,31375.4,32256.1,32256,0,0,0,0,851.105251632784
|662zygnm(3),||;32256,31375.4,32256.1,32256,0,0,0,0,856.105251632784
|662zygnm(3),||;32256,31375.4,32256.1,32256,0,0,0,0,861.105251632784
|662zygnm(3),||;32256,31375.4,32256.1,32256,0,0,0,0,866.105251632784
|662zygnm(3),||;32256,31375.4,32256.1,32256,0,0,0,0,871.105251632784
|662zygnm(3),||;32256,31375.4,32256.1,32256,0,0,0,0,876.105251632784
|662zygnm(3),||;32256,31375.4,32256.1,32256,0,0,0,0,881.105251632784
|662zygnm(3),||;32256,31375.4,32256.1,32256,0,0,0,0,886.105251632784
|662zygnm(3),||;32256,31375.4,32256.1,32256,0,0,0,0,891.105251632784
|662zygnm(3),||;32256,31375.4,32256.1,32256,0,0,0,0,896.105251632784
|662zygnm(3),||;32256,31375.4,32256.1,32256,0,0,0,0,901.105251632784
|662zygnm(3),||;32256,31375.4,32256.1,32256,0,0,0,0,906.105251632784
|||;32256,32256,32256.1,32256,0,0,0,0,911.105251632784
|||;32256,32256,32256.1,32256,0,0,0,0,916.105251632784
|||;32256,32256,32256.1,32256,0,0,0,0,921.105251632784
|||;32256,32256,32256.1,32256,0,0,0,0,926.105251632784
|||;32256,32256,32256.1,32256,0,0,0,0,931.105251632784
|||;32256,32256,32256.1,32256,0,0,0,0,936.105251632784
|||;32256,32256,32256.1,32256,0,0,0,0,941.105251632784
|||;32256,32256,32256.1,32256,0,0,0,0,946.105251632784
|||;32256,32256,32256.1,32256,0,0,0,0,951.105251632784
|||;32256,32256,32256.1,32256,0,0,0,0,956.105251632784
|||;32256,32256,32256.1,32256,0,0,0,0,961.105251632784
|||;32256,32256,32256.1,32256,0,0,0,0,966.105251632784
|||;32256,32256,32256.1,32256,0,0,0,0,971.105251632784
|||;32256,32256,32256.1,32256,0,0,0,0,976.105251632784
|||;32256,32256,32256.1,32256,0,0,0,0,981.105251632784
|||;32256,32256,32256.1,32256,0,0,0,0,986.105251632784
|||;32256,32256,32256.1,32256,0,0,0,0,991.105251632784
|||;32256,32256,32256.1,32256,0,0,0,0,996.105251632784
|||;32256,32256,32256.1,32256,0,0,0,0,1001.105251632784
|||;32256,32256,32256.1,32256,0,0,0,0,1006.105251632784
|||;32256,32256,32256.1,32256,0,0,0,0,1011.105251632784
|||;32256,32256,32256.1,32256,0,0,0,0,1016.105251632784
|||;32256,32256,32256.1,32256,0,0,0,0,1021.105251632784
|||;32256,32256,32256.1,32256,0,0,0,0,1026.105251632784
|||;32256,32256,32256.1,32256,0,0,0,0,1031.105251632784
|||;32256,32256,32256.1,32256,0,0,0,0,1036.105251632784
|||;32256,32256,32256.1,32256,0,0,0,0,1041.105251632784
|||;32256,32256,32256.1,32256,0,0,0,0,1046.105251632784
|||;32256,32256,32256.1,32256,0,0,0,0,1051.105251632784
|||;32256,32256,32256.1,32256,0,0,0,0,1056.105251632784
|||;32256,32256,32256.1,32256,0,0,0,0,1061.105251632784
|||;32256,32256,32256.1,32256,0,0,0,0,1066.105251632784
|||;32256,32256,32256.1,32256,0,0,0,0,1071.105251632784
|||;32256,32256,32256.1,32256,0,0,0,0,1076.105251632784
|||;32256,32256,32256.1,32256,0,0,0,0,1081.105251632784
886gmxsk(2),||886gmxsk(2),|886gmxsk(2),;28492.8,32256,30750.8,30750.7,15.237083437329,0,4.018692264915,4.018692264915,1086.105251632784
886gmxsk(2),||886gmxsk(3),|886gmxsk(3),;28492.8,32256,30750.8,30750.7,10.237083437329,0,0,0,1091.105251632784
886gmxsk(2),||886gmxsk(3),|886gmxsk(3),;28492.8,32256,30750.8,30750.7,5.237083437329,0,0,0,1096.105251632784
886gmxsk(3),||886gmxsk(3),|886gmxsk(3),;28492.8,32256,30750.8,30750.7,0.237083437329,0,0,0,1101.105251632784
886gmxsk(3),||886gmxsk(3),|886gmxsk(3),;28492.8,32256,30750.8,30750.7,0,0,0,0,1106.105251632784
886gmxsk(3),||886gmxsk(3),|886gmxsk(3),;28492.8,32256,30750.8,30750.7,0,0,0,0,1111.105251632784
886gmxsk(3),||886gmxsk(3),|886gmxsk(3),;28492.8,32256,30750.8,30750.7,0,0,0,0,1116.105251632784
886gmxsk(3),||886gmxsk(3),|886gmxsk(3),;28492.8,32256,30750.8,30750.7,0,0,0,0,1121.105251632784
886gmxsk(3),||886gmxsk(3),|886gmxsk(3),;28492.8,32256,30750.8,30750.7,0,0,0,0,1126.105251632784
886gmxsk(3),||886gmxsk(3),|886gmxsk(3),;28492.8,32256,30750.8,30750.7,0,0,0,0,1131.105251632784
886gmxsk(3),||886gmxsk(3),|886gmxsk(3),;28492.8,32256,30750.8,30750.7,0,0,0,0,1136.105251632784
886gmxsk(3),||886gmxsk(3),|886gmxsk(3),;28492.8,32256,30750.8,30750.7,0,0,0,0,1141.105251632784
886gmxsk(3),||886gmxsk(3),|886gmxsk(3),;28492.8,32256,30750.8,30750.7,0,0,0,0,1146.105251632784
886gmxsk(3),||886gmxsk(3),|886gmxsk(3),;28492.8,32256,30750.8,30750.7,0,0,0,0,1151.105251632784
886gmxsk(3),||886gmxsk(3),|886gmxsk(3),;28492.8,32256,30750.8,30750.7,0,0,0,0,1156.105251632784
886gmxsk(3),||886gmxsk(3),|886gmxsk(3),;28492.8,32256,30750.8,30750.7,0,0,0,0,1161.105251632784
886gmxsk(3),||886gmxsk(3),|886gmxsk(3),;28492.8,32256,30750.8,30750.7,0,0,0,0,1166.105251632784
886gmxsk(3),||886gmxsk(3),|886gmxsk(3),;28492.8,32256,30750.8,30750.7,0,0,0,0,1171.105251632784
886gmxsk(3),||886gmxsk(3),|886gmxsk(3),;28492.8,32256,30750.8,30750.7,0,0,0,0,1176.105251632784
886gmxsk(3),||886gmxsk(3),|886gmxsk(3),;28492.8,32256,30750.8,30750.7,0,0,0,0,1181.105251632784
886gmxsk(3),||886gmxsk(3),|886gmxsk(3),;28492.8,32256,30750.8,30750.7,0,0,0,0,1186.105251632784
886gmxsk(3),213ktdpe(0),|213ktdpe(0),|886gmxsk(3),213ktdpe(0),|886gmxsk(3),213ktdpe(0),;26572.8,30336,29470.8,29470.7,9.658185762306,9.658185762306,6.478369670352,6.478369670352,1191.105251632784
886gmxsk(3),213ktdpe(2),|213ktdpe(2),|886gmxsk(3),213ktdpe(2),|886gmxsk(3),213ktdpe(2),;26572.8,30336,29470.8,29470.7,4.658185762306,4.658185762306,1.478369670352,1.478369670352,1196.105251632784
886gmxsk(3),213ktdpe(3),|213ktdpe(3),|886gmxsk(3),213ktdpe(3),|886gmxsk(3),213ktdpe(3),;26572.8,30336,29470.8,29470.7,0,0,0,0,1201.105251632784
886gmxsk(3),213ktdpe(3),|213ktdpe(3),|886gmxsk(3),213ktdpe(3),|886gmxsk(3),213ktdpe(3),;26572.8,30336,29470.8,29470.7,0,0,0,0,1206.105251632784
886gmxsk(3),213ktdpe(3),|213ktdpe(3),|886gmxsk(3),213ktdpe(3),|886gmxsk(3),213ktdpe(3),;26572.8,30336,29470.8,29470.7,0,0,0,0,1211.105251632784
886gmxsk(3),213ktdpe(3),|213ktdpe(3),|886gmxsk(3),213ktdpe(3),|886gmxsk(3),213ktdpe(3),;26572.8,30336,29470.8,29470.7,0,0,0,0,1216.105251632784
886gmxsk(3),213ktdpe(3),|213ktdpe(3),|886gmxsk(3),213ktdpe(3),|886gmxsk(3),213ktdpe(3),;26572.8,30336,29470.8,29470.7,0,0,0,0,1221.105251632784
886gmxsk(3),213ktdpe(3),|213ktdpe(3),|886gmxsk(3),213ktdpe(3),|886gmxsk(3),213ktdpe(3),;26572.8,30336,29470.8,29470.7,0,0,0,0,1226.105251632784
886gmxsk(3),213ktdpe(3),|213ktdpe(3),|886gmxsk(3),213ktdpe(3),|886gmxsk(3),213ktdpe(3),;26572.8,30336,29470.8,29470.7,0,0,0,0,1231.105251632784
886gmxsk(3),213ktdpe(3),|213ktdpe(3),|886gmxsk(3),213ktdpe(3),|886gmxsk(3),213ktdpe(3),;26572.8,30336,29470.8,29470.7,0,0,0,0,1236.105251632784
886gmxsk(3),213ktdpe(3),|213ktdpe(3),|886gmxsk(3),213ktdpe(3),|886gmxsk(3),213ktdpe(3),;26572.8,30336,29470.8,29470.7,0,0,0,0,1241.105251632784
886gmxsk(3),213ktdpe(3),|213ktdpe(3),|886gmxsk(3),213ktdpe(3),|886gmxsk(3),213ktdpe(3),;26572.8,30336,29470.8,29470.7,0,0,0,0,1246.105251632784
886gmxsk(3),213ktdpe(3),|213ktdpe(3),|886gmxsk(3),213ktdpe(3),|886gmxsk(3),213ktdpe(3),;26572.8,30336,29470.8,29470.7,0,0,0,0,1251.105251632784
886gmxsk(3),213ktdpe(3),|213ktdpe(3),|886gmxsk(3),213ktdpe(3),|886gmxsk(3),213ktdpe(3),;26572.8,30336,29470.8,29470.7,0,0,0,0,1256.105251632784
886gmxsk(3),213ktdpe(3),|213ktdpe(3),|886gmxsk(3),213ktdpe(3),|886gmxsk(3),213ktdpe(3),;26572.8,30336,29470.8,29470.7,0,0,0,0,1261.105251632784
886gmxsk(3),213ktdpe(3),|213ktdpe(3),|886gmxsk(3),213ktdpe(3),|886gmxsk(3),213ktdpe(3),;26572.8,30336,29470.8,29470.7,0,0,0,0,1266.105251632784
886gmxsk(3),213ktdpe(3),|213ktdpe(3),|886gmxsk(3),213ktdpe(3),|886gmxsk(3),213ktdpe(3),;26572.8,30336,29470.8,29470.7,0,0,0,0,1271.105251632784
886gmxsk(3),213ktdpe(3),|213ktdpe(3),|886gmxsk(3),213ktdpe(3),|886gmxsk(3),213ktdpe(3),;26572.8,30336,29470.8,29470.7,0,0,0,0,1276.105251632784
886gmxsk(3),213ktdpe(3),|213ktdpe(3),|886gmxsk(3),213ktdpe(3),|886gmxsk(3),213ktdpe(3),;26572.8,30336,29470.8,29470.7,0,0,0,0,1281.105251632784
886gmxsk(3),213ktdpe(3),|213ktdpe(3),|886gmxsk(3),213ktdpe(3),|886gmxsk(3),213ktdpe(3),;26572.8,30336,29470.8,29470.7,0,0,0,0,1286.105251632784
886gmxsk(3),213ktdpe(3),|213ktdpe(3),|886gmxsk(3),213ktdpe(3),|886gmxsk(3),213ktdpe(3),;26572.8,30336,29470.8,29470.7,0,0,0,0,1291.105251632784
886gmxsk(3),213ktdpe(3),|213ktdpe(3),|886gmxsk(3),213ktdpe(3),|886gmxsk(3),213ktdpe(3),;26572.8,30336,29470.8,29470.7,0,0,0,0,1296.105251632784
886gmxsk(3),213ktdpe(3),|213ktdpe(3),|886gmxsk(3),213ktdpe(3),|886gmxsk(3),213ktdpe(3),;26572.8,30336,29470.8,29470.7,0,0,0,0,1301.105251632784
886gmxsk(3),213ktdpe(3),|213ktdpe(3),|886gmxsk(3),213ktdpe(3),|886gmxsk(3),213ktdpe(3),;26572.8,30336,29470.8,29470.7,0,0,0,0,1306.105251632784
886gmxsk(3),213ktdpe(3),|213ktdpe(3),|886gmxsk(3),213ktdpe(3),|886gmxsk(3),213ktdpe(3),;26572.8,30336,29470.8,29470.7,0,0,0,0,1311.105251632784
886gmxsk(3),213ktdpe(3),|213ktdpe(3),|886gmxsk(3),213ktdpe(3),|886gmxsk(3),213ktdpe(3),;26572.8,30336,29470.8,29470.7,0,0,0,0,1316.105251632784
886gmxsk(3),213ktdpe(3),|213ktdpe(3),|886gmxsk(3),213ktdpe(3),|886gmxsk(3),213ktdpe(3),;26572.8,30336,29470.8,29470.7,0,0,0,0,1321.105251632784
886gmxsk(3),213ktdpe(3),|213ktdpe(3),|886gmxsk(3),213ktdpe(3),|886gmxsk(3),213ktdpe(3),;26572.8,30336,29470.8,29470.7,0,0,0,0,1326.105251632784
886gmxsk(3),213ktdpe(3),|213ktdpe(3),|886gmxsk(3),213ktdpe(3),|886gmxsk(3),213ktdpe(3),;26572.8,30336,29470.8,29470.7,0,0,0,0,1331.105251632784
886gmxsk(3),213ktdpe(3),|213ktdpe(3),|886gmxsk(3),213ktdpe(3),|886gmxsk(3),213ktdpe(3),;26572.8,30336,29470.8,29470.7,0,0,0,0,1336.105251632784
886gmxsk(3),213ktdpe(3),|213ktdpe(3),|886gmxsk(3),213ktdpe(3),|886gmxsk(3),213ktdpe(3),;26572.8,30336,29470.8,29470.7,0,0,0,0,1341.105251632784
886gmxsk(3),213ktdpe(3),|213ktdpe(3),|886gmxsk(3),213ktdpe(3),|886gmxsk(3),213ktdpe(3),;26572.8,30336,29470.8,29470.7,0,0,0,0,1346.105251632784
886gmxsk(3),213ktdpe(3),|213ktdpe(3),|886gmxsk(3),213ktdpe(3),|886gmxsk(3),213ktdpe(3),;26572.8,30336,29470.8,29470.7,0,0,0,0,1351.105251632784
886gmxsk(3),213ktdpe(3),|213ktdpe(3),|886gmxsk(3),213ktdpe(3),|886gmxsk(3),213ktdpe(3),;26572.8,30336,29470.8,29470.7,0,0,0,0,1356.105251632784
886gmxsk(3),213ktdpe(3),|213ktdpe(3),|886gmxsk(3),213ktdpe(3),|886gmxsk(3),213ktdpe(3),;26572.8,30336,29470.8,29470.7,0,0,0,0,1361.105251632784
886gmxsk(3),213ktdpe(3),|213ktdpe(3),|886gmxsk(3),213ktdpe(3),|886gmxsk(3),213ktdpe(3),;26572.8,30336,29470.8,29470.7,0,0,0,0,1366.105251632784
886gmxsk(3),213ktdpe(3),|213ktdpe(3),|886gmxsk(3),213ktdpe(3),|886gmxsk(3),213ktdpe(3),;26572.8,30336,29470.8,29470.7,0,0,0,0,1371.105251632784
886gmxsk(3),213ktdpe(3),|213ktdpe(3),|886gmxsk(3),213ktdpe(3),|886gmxsk(3),213ktdpe(3),;26572.8,30336,29470.8,29470.7,0,0,0,0,1376.105251632784
886gmxsk(3),213ktdpe(3),|213ktdpe(3),|886gmxsk(3),213ktdpe(3),|886gmxsk(3),213ktdpe(3),;26572.8,30336,29470.8,29470.7,0,0,0,0,1381.105251632784
886gmxsk(3),213ktdpe(3),|213ktdpe(3),|886gmxsk(3),213ktdpe(3),|886gmxsk(3),213ktdpe(3),;26572.8,30336,29470.8,29470.7,0,0,0,0,1386.105251632784
886gmxsk(3),213ktdpe(3),|213ktdpe(3),|886gmxsk(3),213ktdpe(3),|886gmxsk(3),213ktdpe(3),;26572.8,30336,29470.8,29470.7,0,0,0,0,1391.105251632784
886gmxsk(3),213ktdpe(3),|213ktdpe(3),|886gmxsk(3),213ktdpe(3),|886gmxsk(3),213ktdpe(3),;26572.8,30336,29470.8,29470.7,0,0,0,0,1396.105251632784
886gmxsk(3),213ktdpe(3),|213ktdpe(3),|886gmxsk(3),213ktdpe(3),|886gmxsk(3),213ktdpe(3),;26572.8,30336,29470.8,29470.7,0,0,0,0,1401.105251632784
886gmxsk(3),213ktdpe(3),|213ktdpe(3),|886gmxsk(3),213ktdpe(3),|886gmxsk(3),213ktdpe(3),;26572.8,30336,29470.8,29470.7,0,0,0,0,1406.105251632784
886gmxsk(3),213ktdpe(3),|213ktdpe(3),|886gmxsk(3),213ktdpe(3),|886gmxsk(3),213ktdpe(3),;26572.8,30336,29470.8,29470.7,0,0,0,0,1411.105251632784
886gmxsk(3),213ktdpe(3),|213ktdpe(3),|886gmxsk(3),213ktdpe(3),|886gmxsk(3),213ktdpe(3),;26572.8,30336,29470.8,29470.7,0,0,0,0,1416.105251632784
886gmxsk(3),213ktdpe(3),|213ktdpe(3),|886gmxsk(3),213ktdpe(3),|886gmxsk(3),213ktdpe(3),;26572.8,30336,29470.8,29470.7,0,0,0,0,1421.105251632784
886gmxsk(3),213ktdpe(3),|213ktdpe(3),|886gmxsk(3),213ktdpe(3),|886gmxsk(3),213ktdpe(3),;26572.8,30336,29470.8,29470.7,0,0,0,0,1426.105251632784
886gmxsk(3),213ktdpe(3),|213ktdpe(3),|886gmxsk(3),213ktdpe(3),|886gmxsk(3),213ktdpe(3),;26572.8,30336,29470.8,29470.7,0,0,0,0,1431.105251632784
886gmxsk(3),213ktdpe(3),|213ktdpe(3),|886gmxsk(3),213ktdpe(3),|886gmxsk(3),213ktdpe(3),;26572.8,30336,29470.8,29470.7,0,0,0,0,1436.105251632784
886gmxsk(3),213ktdpe(3),|213ktdpe(3),|886gmxsk(3),213ktdpe(3),|886gmxsk(3),213ktdpe(3),;26572.8,30336,29470.8,29470.7,0,0,0,0,1441.105251632784
886gmxsk(3),213ktdpe(3),|213ktdpe(3),|886gmxsk(3),213ktdpe(3),|886gmxsk(3),213ktdpe(3),;26572.8,30336,29470.8,29470.7,0,0,0,0,1446.105251632784
886gmxsk(3),213ktdpe(3),|213ktdpe(3),|886gmxsk(3),213ktdpe(3),|886gmxsk(3),213ktdpe(3),;26572.8,30336,29470.8,29470.7,0,0,0,0,1451.105251632784
886gmxsk(3),213ktdpe(3),|213ktdpe(3),|886gmxsk(3),213ktdpe(3),|886gmxsk(3),213ktdpe(3),;26572.8,30336,29470.8,29470.7,0,0,0,0,1456.105251632784
886gmxsk(3),213ktdpe(3),|213ktdpe(3),|886gmxsk(3),213ktdpe(3),|886gmxsk(3),213ktdpe(3),;26572.8,30336,29470.8,29470.7,0,0,0,0,1461.105251632784
886gmxsk(3),213ktdpe(3),|213ktdpe(3),|886gmxsk(3),213ktdpe(3),|886gmxsk(3),213ktdpe(3),;26572.8,30336,29470.8,29470.7,0,0,0,0,1466.105251632784
886gmxsk(3),213ktdpe(3),|213ktdpe(3),|886gmxsk(3),213ktdpe(3),|886gmxsk(3),213ktdpe(3),;26572.8,30336,29470.8,29470.7,0,0,0,0,1471.105251632784
886gmxsk(3),213ktdpe(3),|213ktdpe(3),|886gmxsk(3),213ktdpe(3),|886gmxsk(3),213ktdpe(3),;26572.8,30336,29470.8,29470.7,0,0,0,0,1476.105251632784
886gmxsk(3),213ktdpe(3),|213ktdpe(3),|886gmxsk(3),213ktdpe(3),|886gmxsk(3),213ktdpe(3),;26572.8,30336,29470.8,29470.7,0,0,0,0,1481.105251632784
886gmxsk(3),213ktdpe(3),|213ktdpe(3),|886gmxsk(3),213ktdpe(3),|886gmxsk(3),213ktdpe(3),;26572.8,30336,29470.8,29470.7,0,0,0,0,1486.105251632784
886gmxsk(3),213ktdpe(3),|213ktdpe(3),|886gmxsk(3),213ktdpe(3),|886gmxsk(3),213ktdpe(3),;26572.8,30336,29470.8,29470.7,0,0,0,0,1491.105251632784
886gmxsk(3),213ktdpe(3),517rsaqu(0),|213ktdpe(3),|886gmxsk(3),213ktdpe(3),|886gmxsk(3),213ktdpe(3),;25635.8,30336,29470.8,29470.7,7.571048337627,0,0,0,1496.105251632784
886gmxsk(3),517rsaqu(2),||886gmxsk(3),|886gmxsk(3),;27555.8,32256,30750.8,30750.7,2.571048337627,0,0,0,1501.105251632784
886gmxsk(3),517rsaqu(3),||886gmxsk(3),|886gmxsk(3),;27555.8,32256,30750.8,30750.7,0,0,0,0,1506.105251632784
886gmxsk(3),517rsaqu(3),||886gmxsk(3),|886gmxsk(3),;27555.8,32256,30750.8,30750.7,0,0,0,0,1511.105251632784
886gmxsk(3),517rsaqu(3),||886gmxsk(3),|886gmxsk(3),;27555.8,32256,30750.8,30750.7,0,0,0,0,1516.105251632784
886gmxsk(3),517rsaqu(3),||886gmxsk(3),|886gmxsk(3),;27555.8,32256,30750.8,30750.7,0,0,0,0,1521.105251632784
886gmxsk(3),517rsaqu(3),||886gmxsk(3),|886gmxsk(3),;27555.8,32256,30750.8,30750.7,0,0,0,0,1526.105251632784
886gmxsk(3),517rsaqu(3),||886gmxsk(3),|886gmxsk(3),;27555.8,32256,30750.8,30750.7,0,0,0,0,1531.105251632784
886gmxsk(3),517rsaqu(3),||886gmxsk(3),438kflhc(0),|886gmxsk(3),;27555.8,32256,29844.6,30750.7,0,0,8.337950229623,0,1536.105251632784
886gmxsk(3),517rsaqu(3),||886gmxsk(3),438kflhc(2),|886gmxsk(3),;27555.8,32256,29844.6,30750.7,0,0,3.337950229623,0,1541.105251632784
886gmxsk(3),517rsaqu(3),||886gmxsk(3),438kflhc(3),|886gmxsk(3),;27555.8,32256,29844.6,30750.7,0,0,0,0,1546.105251632784
886gmxsk(3),517rsaqu(3),||886gmxsk(3),438kflhc(3),|886gmxsk(3),;27555.8,32256,29844.6,30750.7,0,0,0,0,1551.105251632784
886gmxsk(3),517rsaqu(3),||886gmxsk(3),438kflhc(3),|886gmxsk(3),;27555.8,32256,29844.6,30750.7,0,0,0,0,1556.105251632784
886gmxsk(3),||886gmxsk(3),438kflhc(3),|886gmxsk(3),;28492.8,32256,29844.6,30750.7,0,0,0,0,1561.105251632784
886gmxsk(3),||886gmxsk(3),438kflhc(3),|886gmxsk(3),;28492.8,32256,29844.6,30750.7,0,0,0,0,1566.105251632784
886gmxsk(3),||886gmxsk(3),438kflhc(3),|886gmxsk(3),;28492.8,32256,29844.6,30750.7,0,0,0,0,1571.105251632784
||438kflhc(3),|;32256,32256,31349.9,32256,0,0,0,0,1576.105251632784
||438kflhc(3),|;32256,32256,31349.9,32256,0,0,0,0,1581.105251632784
||438kflhc(3),|;32256,32256,31349.9,32256,0,0,0,0,1586.105251632784
||438kflhc(3),|;32256,32256,31349.9,32256,0,0,0,0,1591.105251632784
||438kflhc(3),|;32256,32256,31349.9,32256,0,0,0,0,1596.105251632784
||438kflhc(3),|;32256,32256,31349.9,32256,0,0,0,0,1601.105251632784
||438kflhc(3),|;32256,32256,31349.9,32256,0,0,0,0,1606.105251632784
||438kflhc(3),|;32256,32256,31349.9,32256,0,0,0,0,1611.105251632784
||438kflhc(3),|;32256,32256,31349.9,32256,0,0,0,0,1616.105251632784
||438kflhc(3),|;32256,32256,31349.9,32256,0,0,0,0,1621.105251632784
||438kflhc(3),|;32256,32256,31349.9,32256,0,0,0,0,1626.105251632784
||438kflhc(3),|;32256,32256,31349.9,32256,0,0,0,0,1631.105251632784
||438kflhc(3),|;32256,32256,31349.9,32256,0,0,0,0,1636.105251632784
||438kflhc(3),|;32256,32256,31349.9,32256,0,0,0,0,1641.105251632784
||438kflhc(3),|;32256,32256,31349.9,32256,0,0,0,0,1646.105251632784
||438kflhc(3),|;32256,32256,31349.9,32256,0,0,0,0,1651.105251632784
||438kflhc(3),|;32256,32256,31349.9,32256,0,0,0,0,1656.105251632784
||438kflhc(3),|;32256,32256,31349.9,32256,0,0,0,0,1661.105251632784
||438kflhc(3),|;32256,32256,31349.9,32256,0,0,0,0,1666.105251632784
||438kflhc(3),|;32256,32256,31349.9,32256,0,0,0,0,1671.105251632784
||438kflhc(3),|;32256,32256,31349.9,32256,0,0,0,0,1676.105251632784
||438kflhc(3),|;32256,32256,31349.9,32256,0,0,0,0,1681.105251632784
||438kflhc(3),|;32256,32256,31349.9,32256,0,0,0,0,1686.105251632784
||438kflhc(3),|;32256,32256,31349.9,32256,0,0,0,0,1691.105251632784
||438kflhc(3),|;32256,32256,31349.9,32256,0,0,0,0,1696.105251632784
||438kflhc(3),|;32256,32256,31349.9,32256,0,0,0,0,1701.105251632784
||438kflhc(3),|;32256,32256,31349.9,32256,0,0,0,0,1706.105251632784
||438kflhc(3),|;32256,32256,31349.9,32256,0,0,0,0,1711.105251632784
||438kflhc(3),|;32256,32256,31349.9,32256,0,0,0,0,1716.105251632784
||438kflhc(3),|;32256,32256,31349.9,32256,0,0,0,0,1721.105251632784
||438kflhc(3),|;32256,32256,31349.9,32256,0,0,0,0,1726.105251632784
||438kflhc(3),|;32256,32256,31349.9,32256,0,0,0,0,1731.105251632784
||438kflhc(3),|;32256,32256,31349.9,32256,0,0,0,0,1736.105251632784
||438kflhc(3),|;32256,32256,31349.9,32256,0,0,0,0,1741.105251632784
|||;32256,32256,32256.1,32256,0,0,0,0,1746.105251632784
|||;32256,32256,32256.1,32256,0,0,0,0,1751.105251632784
||34crnuy(2),|;32256,32256,31529.1,32256,0,0,2.614132767759,0,1756.105251632784
|||;32256,32256,32256.1,32256,0,0,0,0,1761.105251632784
|||;32256,32256,32256.1,32256,0,0,0,0,1766.105251632784
|||;32256,32256,32256.1,32256,0,0,0,0,1771.105251632784
|||;32256,32256,32256.1,32256,0,0,0,0,1776.105251632784
|||;32256,32256,32256.1,32256,0,0,0,0,1781.105251632784
|||;32256,32256,32256.1,32256,0,0,0,0,1786.105251632784
|||;32256,32256,32256.1,32256,0,0,0,0,1791.105251632784
|||;32256,32256,32256.1,32256,0,0,0,0,1796.105251632784
|||;32256,32256,32256.1,32256,0,0,0,0,1801.105251632784
|||;32256,32256,32256.1,32256,0,0,0,0,1806.105251632784
|||;32256,32256,32256.1,32256,0,0,0,0,1811.105251632784
|||;32256,32256,32256.1,32256,0,0,0,0,1816.105251632784
|||;32256,32256,32256.1,32256,0,0,0,0,1821.105251632784
|||;32256,32256,32256.1,32256,0,0,0,0,1826.105251632784
|||;32256,32256,32256.1,32256,0,0,0,0,1831.105251632784
|||;32256,32256,32256.1,32256,0,0,0,0,1836.105251632784
|||;32256,32256,32256.1,32256,0,0,0,0,1841.105251632784
|||;32256,32256,32256.1,32256,0,0,0,0,1846.105251632784
|||;32256,32256,32256.1,32256,0,0,0,0,1851.105251632784
|||;32256,32256,32256.1,32256,0,0,0,0,1856.105251632784
|||;32256,32256,32256.1,32256,0,0,0,0,1861.105251632784
|||;32256,32256,32256.1,32256,0,0,0,0,1866.105251632784
|||;32256,32256,32256.1,32256,0,0,0,0,1871.105251632784
|||;32256,32256,32256.1,32256,0,0,0,0,1876.105251632784
|||;32256,32256,32256.1,32256,0,0,0,0,1881.105251632784
|||;32256,32256,32256.1,32256,0,0,0,0,1886.105251632784
|||;32256,32256,32256.1,32256,0,0,0,0,1891.105251632784
|||;32256,32256,32256.1,32256,0,0,0,0,1896.105251632784
|||;32256,32256,32256.1,32256,0,0,0,0,1901.105251632784
|||;32256,32256,32256.1,32256,0,0,0,0,1906.105251632784
|||;32256,32256,32256.1,32256,0,0,0,0,1911.105251632784
|||;32256,32256,32256.1,32256,0,0,0,0,1916.105251632784
|||;32256,32256,32256.1,32256,0,0,0,0,1921.105251632784
|||;32256,32256,32256.1,32256,0,0,0,0,1926.105251632784
|||;32256,32256,32256.1,32256,0,0,0,0,1931.105251632784
|||;32256,32256,32256.1,32256,0,0,0,0,1936.105251632784
|||;32256,32256,32256.1,32256,0,0,0,0,1941.105251632784
|||;32256,32256,32256.1,32256,0,0,0,0,1946.105251632784
|||;32256,32256,32256.1,32256,0,0,0,0,1951.105251632784
|||;32256,32256,32256.1,32256,0,0,0,0,1956.105251632784
|||;32256,32256,32256.1,32256,0,0,0,0,1961.105251632784
|||;32256,32256,32256.1,32256,0,0,0,0,1966.105251632784
|||;32256,32256,32256.1,32256,0,0,0,0,1971.105251632784
|||;32256,32256,32256.1,32256,0,0,0,0,1976.105251632784
|||;32256,32256,32256.1,32256,0,0,0,0,1981.105251632784
|||;32256,32256,32256.1,32256,0,0,0,0,1986.105251632784
|||;32256,32256,32256.1,32256,0,0,0,0,1991.105251632784
|||;32256,32256,32256.1,32256,0,0,0,0,1996.105251632784
