|||;28569,28569,28569,28569,0,0,0,0,1.135432972291
|||;28569,28569,28569,28569,0,0,0,0,6.135432972291
|||;28569,28569,28569,28569,0,0,0,0,11.135432972291
|||;28569,28569,28569,28569,0,0,0,0,16.135432972291
|||;28569,28569,28569,28569,0,0,0,0,21.135432972291
|||;28569,28569,28569,28569,0,0,0,0,26.135432972291
|||;28569,28569,28569,28569,0,0,0,0,31.135432972291
|||;28569,28569,28569,28569,0,0,0,0,36.135432972291
|||;28569,28569,28569,28569,0,0,0,0,41.135432972291
182qiywj(2),|182qiywj(2),|182qiywj(2),|182qiywj(2),;26869.2,27719.1,27719.1,27719.1,7.857441253198,3.121016328028,3.121016328028,3.121016328028,46.135432972291
182qiywj(2),|||;26869.2,28569,28569,28569,2.857441253198,0,0,0,51.135432972291
|||;28569,28569,28569,28569,0,0,0,0,56.135432972291
|||;28569,28569,28569,28569,0,0,0,0,61.135432972291
|||;28569,28569,28569,28569,0,0,0,0,66.135432972291
|||;28569,28569,28569,28569,0,0,0,0,71.135432972291
|||;28569,28569,28569,28569,0,0,0,0,76.135432972291
|||;28569,28569,28569,28569,0,0,0,0,81.135432972291
|||;28569,28569,28569,28569,0,0,0,0,86.135432972291
|||;28569,28569,28569,28569,0,0,0,0,91.135432972291
|||;28569,28569,28569,28569,0,0,0,0,96.135432972291
|||;28569,28569,28569,28569,0,0,0,0,101.135432972291
|||;28569,28569,28569,28569,0,0,0,0,106.135432972291
|||;28569,28569,28569,28569,0,0,0,0,111.135432972291
663evqun(2),|663evqun(2),|663evqun(2),|663evqun(2),;27002.3,26218.9,27002.3,26218.9,7.786298658422,12.151798740055,7.786298658422,12.151798740055,116.135432972291
663evqun(2),|663evqun(2),|663evqun(2),|663evqun(2),;27002.3,26218.9,27002.3,26218.9,2.786298658422,7.151798740055,2.786298658422,7.151798740055,121.135432972291
|663evqun(2),||663evqun(2),;28569,26218.9,28569,26218.9,0,2.151798740055,0,2.151798740055,126.135432972291
|||;28569,28569,28569,28569,0,0,0,0,131.135432972291
|||;28569,28569,28569,28569,0,0,0,0,136.135432972291
|||;28569,28569,28569,28569,0,0,0,0,141.135432972291
|||;28569,28569,28569,28569,0,0,0,0,146.135432972291
|||;28569,28569,28569,28569,0,0,0,0,151.135432972291
|||;28569,28569,28569,28569,0,0,0,0,156.135432972291
|||;28569,28569,28569,28569,0,0,0,0,161.135432972291
|||;28569,28569,28569,28569,0,0,0,0,166.135432972291
|||;28569,28569,28569,28569,0,0,0,0,171.135432972291
|||;28569,28569,28569,28569,0,0,0,0,176.135432972291
|||;28569,28569,28569,28569,0,0,0,0,181.135432972291
|||;28569,28569,28569,28569,0,0,0,0,186.135432972291
|||;28569,28569,28569,28569,0,0,0,0,191.135432972291
|||;28569,28569,28569,28569,0,0,0,0,196.135432972291
|||;28569,28569,28569,28569,0,0,0,0,201.135432972291
|||;28569,28569,28569,28569,0,0,0,0,206.135432972291
|||;28569,28569,28569,28569,0,0,0,0,211.135432972291
|||;28569,28569,28569,28569,0,0,0,0,216.135432972291
|||;28569,28569,28569,28569,0,0,0,0,221.135432972291
|||;28569,28569,28569,28569,0,0,0,0,226.135432972291
|||;28569,28569,28569,28569,0,0,0,0,231.135432972291
|||;28569,28569,28569,28569,0,0,0,0,236.135432972291
|||;28569,28569,28569,28569,0,0,0,0,241.135432972291
|||;28569,28569,28569,28569,0,0,0,0,246.135432972291
|||;28569,28569,28569,28569,0,0,0,0,251.135432972291
|||;28569,28569,28569,28569,0,0,0,0,256.135432972291
|||;28569,28569,28569,28569,0,0,0,0,261.135432972291
|||;28569,28569,28569,28569,0,0,0,0,266.135432972291
|||;28569,28569,28569,28569,0,0,0,0,271.135432972291
|163ptblv(2),|163ptblv(2),|163ptblv(2),;28569,25968,27918.8,25317.8,0,11.742284866668,0.871333682994,15.365935261226,276.135432972291
|163ptblv(2),||163ptblv(2),;28569,25968,28569,25317.8,0,6.742284866668,0,10.365935261226,281.135432972291
|163ptblv(2),||163ptblv(2),;28569,25968,28569,25317.8,0,1.742284866668,0,5.365935261226,286.135432972291
|||163ptblv(2),;28569,28569,28569,25317.8,0,0,0,0.365935261226,291.135432972291
|||;28569,28569,28569,28569,0,0,0,0,296.135432972291
|||;28569,28569,28569,28569,0,0,0,0,301.135432972291
|||;28569,28569,28569,28569,0,0,0,0,306.135432972291
|||;28569,28569,28569,28569,0,0,0,0,311.135432972291
|||;28569,28569,28569,28569,0,0,0,0,316.135432972291
|||;28569,28569,28569,28569,0,0,0,0,321.135432972291
|||;28569,28569,28569,28569,0,0,0,0,326.135432972291
|||;28569,28569,28569,28569,0,0,0,0,331.135432972291
324oerva(2),|324oerva(2),|324oerva(2),|324oerva(2),;26613.2,26613.2,26613.2,26613.2,8.220896155767,8.220896155767,8.220896155767,8.220896155767,336.135432972291
324oerva(2),|324oerva(2),|324oerva(2),|324oerva(2),;26613.2,26613.2,26613.2,26613.2,3.220896155767,3.220896155767,3.220896155767,3.220896155767,341.135432972291
216zednb(0),||216zednb(0),|;22942.2,28569,26157.5,28569,34.758127156984,0,16.839603946099,0,346.135432972291
216zednb(2),||216zednb(2),|;22942.2,28569,26157.5,28569,29.758127156984,0,11.839603946099,0,351.135432972291
216zednb(2),||216zednb(2),|;22942.2,28569,26157.5,28569,24.758127156984,0,6.839603946099,0,356.135432972291
216zednb(2),||216zednb(3),|;22942.2,28569,26157.5,28569,19.758127156984,0,1.839603946099,0,361.135432972291
216zednb(2),||216zednb(3),|;22942.2,28569,26157.5,28569,14.758127156984,0,0,0,366.135432972291
216zednb(2),||216zednb(3),|;22942.2,28569,26157.5,28569,9.758127156984,0,0,0,371.135432972291
216zednb(2),324akdis(1),|324akdis(2),|216zednb(3),324akdis(2),|324akdis(2),;21652,27278.8,24867.3,27923.9,15.297769941009,6.586093811734,6.586093811734,2.990976097448,376.135432972291
216zednb(3),324akdis(2),|324akdis(2),|216zednb(3),324akdis(2),|;21652,27278.8,24867.3,28569,10.297769941009,1.586093811734,1.586093811734,0,381.135432972291
216zednb(3),324akdis(2),||216zednb(3),|398lyjsq(2),;21652,28569,26157.5,28057,5.297769941009,0,0,1.822547593378,386.135432972291
216zednb(3),324akdis(3),||216zednb(3),|398lyjsq(3),;21652,28569,26157.5,28057,0.297769941009,0,0,0,391.135432972291
216zednb(3),324akdis(3),||216zednb(3),|398lyjsq(3),;21652,28569,26157.5,28057,0,0,0,0,396.135432972291
216zednb(3),324akdis(3),||216zednb(3),|398lyjsq(3),;21652,28569,26157.5,28057,0,0,0,0,401.135432972291
216zednb(3),324akdis(3),||216zednb(3),|398lyjsq(3),;21652,28569,26157.5,28057,0,0,0,0,406.135432972291
216zednb(3),324akdis(3),|||398lyjsq(3),;21652,28569,28569,28057,0,0,0,0,411.135432972291
216zednb(3),324akdis(3),|||398lyjsq(3),;21652,28569,28569,28057,0,0,0,0,416.135432972291
216zednb(3),|||398lyjsq(3),;22942.2,28569,28569,28057,0,0,0,0,421.135432972291
216zednb(3),772omfnv(0),||772omfnv(0),|398lyjsq(3),772omfnv(0),;19030.5,28569,25635.2,25123.2,24.17042917899,0,18.720687247017,18.720687247017,426.135432972291
216zednb(3),772omfnv(2),||772omfnv(2),28xrdnw(0),|398lyjsq(3),772omfnv(2),;19030.5,28569,21948.8,25123.2,19.17042917899,0,39.65884720799,13.720687247017,431.135432972291
216zednb(3),772omfnv(2),||772omfnv(2),28xrdnw(1),|398lyjsq(3),772omfnv(2),;19030.5,28569,21948.8,25123.2,14.17042917899,0,34.65884720799,8.720687247017,436.135432972291
216zednb(3),772omfnv(2),||772omfnv(2),28xrdnw(1),|398lyjsq(3),772omfnv(2),;19030.5,28569,21948.8,25123.2,9.17042917899,0,29.65884720799,3.720687247017,441.135432972291
216zednb(3),772omfnv(2),||772omfnv(3),28xrdnw(2),|398lyjsq(3),772omfnv(3),;19030.5,28569,21948.8,25123.2,4.17042917899,0,24.65884720799,0,446.135432972291
216zednb(3),772omfnv(3),||772omfnv(3),28xrdnw(2),|398lyjsq(3),772omfnv(3),;19030.5,28569,21948.8,25123.2,0,0,19.65884720799,0,451.135432972291
216zednb(3),772omfnv(3),||772omfnv(3),28xrdnw(2),|398lyjsq(3),772omfnv(3),;19030.5,28569,21948.8,25123.2,0,0,14.65884720799,0,456.135432972291
216zednb(3),772omfnv(3),||772omfnv(3),28xrdnw(2),|398lyjsq(3),772omfnv(3),;19030.5,28569,21948.8,25123.2,0,0,9.65884720799,0,461.135432972291
216zednb(3),772omfnv(3),||772omfnv(3),28xrdnw(3),|398lyjsq(3),772omfnv(3),;19030.5,28569,21948.8,25123.2,0,0,4.65884720799,0,466.135432972291
216zednb(3),772omfnv(3),||772omfnv(3),28xrdnw(3),|398lyjsq(3),772omfnv(3),;19030.5,28569,21948.8,25123.2,0,0,0,0,471.135432972291
772omfnv(3),||772omfnv(3),28xrdnw(3),|398lyjsq(3),772omfnv(3),;24657.4,28569,21948.8,25123.2,0,0,0,0,476.135432972291
772omfnv(3),||772omfnv(3),28xrdnw(3),|398lyjsq(3),772omfnv(3),;24657.4,28569,21948.8,25123.2,0,0,0,0,481.135432972291
772omfnv(3),||772omfnv(3),28xrdnw(3),|398lyjsq(3),772omfnv(3),;24657.4,28569,21948.8,25123.2,0,0,0,0,486.135432972291
||28xrdnw(3),|398lyjsq(3),;28569.1,28569,24882.6,28057,0,0,0,0,491.135432972291
||28xrdnw(3),|398lyjsq(3),;28569.1,28569,24882.6,28057,0,0,0,0,496.135432972291
||28xrdnw(3),|398lyjsq(3),;28569.1,28569,24882.6,28057,0,0,0,0,501.135432972291
||28xrdnw(3),|398lyjsq(3),;28569.1,28569,24882.6,28057,0,0,0,0,506.135432972291
||28xrdnw(3),|398lyjsq(3),;28569.1,28569,24882.6,28057,0,0,0,0,511.135432972291
||28xrdnw(3),|398lyjsq(3),;28569.1,28569,24882.6,28057,0,0,0,0,516.135432972291
||28xrdnw(3),|398lyjsq(3),;28569.1,28569,24882.6,28057,0,0,0,0,521.135432972291
||28xrdnw(3),|398lyjsq(3),;28569.1,28569,24882.6,28057,0,0,0,0,526.135432972291
||28xrdnw(3),|398lyjsq(3),;28569.1,28569,24882.6,28057,0,0,0,0,531.135432972291
||28xrdnw(3),|398lyjsq(3),;28569.1,28569,24882.6,28057,0,0,0,0,536.135432972291
||28xrdnw(3),|398lyjsq(3),;28569.1,28569,24882.6,28057,0,0,0,0,541.135432972291
||28xrdnw(3),|398lyjsq(3),;28569.1,28569,24882.6,28057,0,0,0,0,546.135432972291
28jzays(0),||28xrdnw(3),|398lyjsq(3),;23531,28569,24882.6,28057,30.196331609614,0,0,0,551.135432972291
28jzays(2),||28xrdnw(3),|398lyjsq(3),;23531,28569,24882.6,28057,25.196331609614,0,0,0,556.135432972291
28jzays(2),||28xrdnw(3),|398lyjsq(3),;23531,28569,24882.6,28057,20.196331609614,0,0,0,561.135432972291
28jzays(2),||28xrdnw(3),|398lyjsq(3),;23531,28569,24882.6,28057,15.196331609614,0,0,0,566.135432972291
28jzays(2),||28xrdnw(3),|398lyjsq(3),;23531,28569,24882.6,28057,10.196331609614,0,0,0,571.135432972291
28jzays(2),||28xrdnw(3),|398lyjsq(3),;23531,28569,24882.6,28057,5.196331609614,0,0,0,576.135432972291
28jzays(3),||28xrdnw(3),|398lyjsq(3),;23531,28569,24882.6,28057,0.196331609614,0,0,0,581.135432972291
28jzays(3),||28xrdnw(3),|398lyjsq(3),;23531,28569,24882.6,28057,0,0,0,0,586.135432972291
28jzays(3),||28xrdnw(3),|398lyjsq(3),;23531,28569,24882.6,28057,0,0,0,0,591.135432972291
28jzays(3),||28xrdnw(3),|398lyjsq(3),;23531,28569,24882.6,28057,0,0,0,0,596.135432972291
28jzays(3),||28xrdnw(3),|398lyjsq(3),;23531,28569,24882.6,28057,0,0,0,0,601.135432972291
28jzays(3),402yolkm(0),||28xrdnw(3),402yolkm(0),|398lyjsq(3),402yolkm(0),;22558.2,28569,23909.8,27084.2,10.47770822671,0,10.47770822671,10.47770822671,606.135432972291
28jzays(3),402yolkm(2),||28xrdnw(3),402yolkm(2),|398lyjsq(3),402yolkm(2),;22558.2,28569,23909.8,27084.2,5.47770822671,0,5.47770822671,5.47770822671,611.135432972291
28jzays(3),402yolkm(2),||28xrdnw(3),402yolkm(2),|398lyjsq(3),402yolkm(2),;22558.2,28569,23909.8,27084.2,0.47770822671,0,0.47770822671,0.47770822671,616.135432972291
28jzays(3),402yolkm(3),||28xrdnw(3),402yolkm(3),|398lyjsq(3),402yolkm(3),;22558.2,28569,23909.8,27084.2,0,0,0,0,621.135432972291
28jzays(3),402yolkm(3),||28xrdnw(3),402yolkm(3),|398lyjsq(3),402yolkm(3),;22558.2,28569,23909.8,27084.2,0,0,0,0,626.135432972291
28jzays(3),402yolkm(3),||28xrdnw(3),402yolkm(3),|398lyjsq(3),402yolkm(3),;22558.2,28569,23909.8,27084.2,0,0,0,0,631.135432972291
28jzays(3),402yolkm(3),|247pusfc(2),|28xrdnw(3),402yolkm(3),|398lyjsq(3),402yolkm(3),;22558.2,21605.8,23909.8,27084.2,0,39.637471152213,0,0,636.135432972291
28jzays(3),402yolkm(3),|247pusfc(2),|28xrdnw(3),402yolkm(3),|398lyjsq(3),402yolkm(3),;22558.2,21605.8,23909.8,27084.2,0,34.637471152213,0,0,641.135432972291
402yolkm(3),608irgfa(2),|247pusfc(2),608irgfa(1),|402yolkm(3),608irgfa(2),|398lyjsq(3),402yolkm(3),608irgfa(2),;26915.3,20924.8,26915.2,26403.2,3.474803966041,37.111599090545,3.474803966041,3.474803966041,646.135432972291
402yolkm(3),|247pusfc(2),608irgfa(1),|402yolkm(3),|398lyjsq(3),402yolkm(3),;27596.3,20924.8,27596.2,27084.2,0,32.111599090545,0,0,651.135432972291
402yolkm(3),|247pusfc(2),608irgfa(1),|402yolkm(3),|398lyjsq(3),402yolkm(3),;27596.3,20924.8,27596.2,27084.2,0,27.111599090545,0,0,656.135432972291
402yolkm(3),|247pusfc(2),608irgfa(1),|402yolkm(3),|398lyjsq(3),402yolkm(3),;27596.3,20924.8,27596.2,27084.2,0,22.111599090545,0,0,661.135432972291
402yolkm(3),|247pusfc(2),608irgfa(1),|402yolkm(3),|398lyjsq(3),402yolkm(3),;27596.3,20924.8,27596.2,27084.2,0,17.111599090545,0,0,666.135432972291
402yolkm(3),|247pusfc(2),608irgfa(1),|402yolkm(3),|398lyjsq(3),402yolkm(3),;27596.3,20924.8,27596.2,27084.2,0,12.111599090545,0,0,671.135432972291
402yolkm(3),|247pusfc(3),608irgfa(2),|402yolkm(3),|398lyjsq(3),402yolkm(3),;27596.3,20924.8,27596.2,27084.2,0,7.111599090545,0,0,676.135432972291
402yolkm(3),|247pusfc(3),608irgfa(3),|402yolkm(3),|398lyjsq(3),402yolkm(3),;27596.3,20924.8,27596.2,27084.2,0,2.111599090545,0,0,681.135432972291
402yolkm(3),608vmwht(0),|247pusfc(3),608irgfa(3),608vmwht(0),|402yolkm(3),608vmwht(0),|398lyjsq(3),402yolkm(3),608vmwht(0),;27007.5,20336,26418.6,25317.8,3.766090493515,3.874594556351,7.047348724807,10.3286069561,686.135432972291
402yolkm(3),|247pusfc(3),|402yolkm(3),608vmwht(2),|398lyjsq(3),402yolkm(3),608vmwht(2),;27596.3,21605.8,26418.6,25317.8,0,0,2.047348724807,5.3286069561,691.135432972291
402yolkm(3),|247pusfc(3),|402yolkm(3),|398lyjsq(3),402yolkm(3),608vmwht(2),;27596.3,21605.8,27596.2,25317.8,0,0,0,0.3286069561,696.135432972291
402yolkm(3),|247pusfc(3),|402yolkm(3),|398lyjsq(3),402yolkm(3),;27596.3,21605.8,27596.2,27084.2,0,0,0,0,701.135432972291
402yolkm(3),|247pusfc(3),|402yolkm(3),|398lyjsq(3),402yolkm(3),;27596.3,21605.8,27596.2,27084.2,0,0,0,0,706.135432972291
402yolkm(3),|247pusfc(3),|402yolkm(3),|398lyjsq(3),402yolkm(3),;27596.3,21605.8,27596.2,27084.2,0,0,0,0,711.135432972291
402yolkm(3),|247pusfc(3),|402yolkm(3),|398lyjsq(3),402yolkm(3),;27596.3,21605.8,27596.2,27084.2,0,0,0,0,716.135432972291
402yolkm(3),|247pusfc(3),|402yolkm(3),|398lyjsq(3),402yolkm(3),;27596.3,21605.8,27596.2,27084.2,0,0,0,0,721.135432972291
402yolkm(3),|247pusfc(3),|402yolkm(3),|398lyjsq(3),402yolkm(3),;27596.3,21605.8,27596.2,27084.2,0,0,0,0,726.135432972291
402yolkm(3),|247pusfc(3),|402yolkm(3),|398lyjsq(3),402yolkm(3),;27596.3,21605.8,27596.2,27084.2,0,0,0,0,731.135432972291
402yolkm(3),|247pusfc(3),976hixjs(0),|402yolkm(3),|398lyjsq(3),402yolkm(3),976hixjs(0),;27596.3,20592,27596.2,26070.4,0,9.378191186828,0,9.378191186828,736.135432972291
402yolkm(3),|247pusfc(3),976hixjs(2),|402yolkm(3),|398lyjsq(3),402yolkm(3),976hixjs(2),;27596.3,20592,27596.2,26070.4,0,4.378191186828,0,4.378191186828,741.135432972291
402yolkm(3),|247pusfc(3),976hixjs(3),|402yolkm(3),|398lyjsq(3),402yolkm(3),976hixjs(3),;27596.3,20592,27596.2,26070.4,0,0,0,0,746.135432972291
402yolkm(3),|247pusfc(3),976hixjs(3),|402yolkm(3),|398lyjsq(3),402yolkm(3),976hixjs(3),;27596.3,20592,27596.2,26070.4,0,0,0,0,751.135432972291
402yolkm(3),|247pusfc(3),976hixjs(3),250htzvd(0),|402yolkm(3),|398lyjsq(3),402yolkm(3),976hixjs(3),;27596.3,17642.9,27596.2,26070.4,0,20.359685842822,0,0,756.135432972291
402yolkm(3),|247pusfc(3),976hixjs(3),250htzvd(2),|402yolkm(3),|398lyjsq(3),402yolkm(3),976hixjs(3),;27596.3,17642.9,27596.2,26070.4,0,15.359685842822,0,0,761.135432972291
402yolkm(3),|247pusfc(3),976hixjs(3),250htzvd(2),|402yolkm(3),|398lyjsq(3),402yolkm(3),976hixjs(3),;27596.3,17642.9,27596.2,26070.4,0,10.359685842822,0,0,766.135432972291
|247pusfc(3),976hixjs(3),250htzvd(2),||398lyjsq(3),976hixjs(3),;28569.1,17642.9,28569,27043.2,0,5.359685842822,0,0,771.135432972291
|247pusfc(3),976hixjs(3),250htzvd(3),||398lyjsq(3),976hixjs(3),;28569.1,17642.9,28569,27043.2,0,0.359685842822,0,0,776.135432972291
|247pusfc(3),976hixjs(3),250htzvd(3),||398lyjsq(3),976hixjs(3),;28569.1,17642.9,28569,27043.2,0,0,0,0,781.135432972291
975xicrv(0),|247pusfc(3),976hixjs(3),250htzvd(3),975xicrv(0),|975xicrv(0),|398lyjsq(3),976hixjs(3),975xicrv(0),;26495.5,16260.5,27186.6,24969.6,11.689752423024,7.837840586289,7.837840586289,11.689752423024,786.135432972291
975xicrv(2),|247pusfc(3),976hixjs(3),250htzvd(3),975xicrv(2),|975xicrv(2),|398lyjsq(3),976hixjs(3),975xicrv(2),;26495.5,16260.5,27186.6,24969.6,6.689752423024,2.837840586289,2.837840586289,6.689752423024,791.135432972291
975xicrv(2),|247pusfc(3),976hixjs(3),250htzvd(3),||398lyjsq(3),976hixjs(3),975xicrv(2),;26495.5,17642.9,28569,24969.6,1.689752423024,0,0,1.689752423024,796.135432972291
|247pusfc(3),976hixjs(3),250htzvd(3),||398lyjsq(3),976hixjs(3),;28569.1,17642.9,28569,27043.2,0,0,0,0,801.135432972291
|247pusfc(3),976hixjs(3),250htzvd(3),||398lyjsq(3),976hixjs(3),;28569.1,17642.9,28569,27043.2,0,0,0,0,806.135432972291
|247pusfc(3),976hixjs(3),250htzvd(3),||398lyjsq(3),976hixjs(3),;28569.1,17642.9,28569,27043.2,0,0,0,0,811.135432972291
|976hixjs(3),250htzvd(3),||398lyjsq(3),976hixjs(3),;28569.1,24606.1,28569,27043.2,0,0,0,0,816.135432972291
|976hixjs(3),250htzvd(3),662zygnm(0),||398lyjsq(3),976hixjs(3),662zygnm(0),;28569.1,20202.9,28569,23520.6,0,28.943424747548,0,23.806470407412,821.135432972291
975hxngk(0),|976hixjs(3),250htzvd(3),662zygnm(2),|975hxngk(0),|398lyjsq(3),976hixjs(3),662zygnm(2),;25681.4,20202.9,26403.2,23520.6,17.299918630372,23.943424747548,13.182810712005,18.806470407412,826.135432972291
975hxngk(2),|976hixjs(3),250htzvd(3),662zygnm(2),|975hxngk(2),|398lyjsq(3),976hixjs(3),662zygnm(2),;25681.4,20202.9,26403.2,23520.6,12.299918630372,18.943424747548,8.182810712005,13.806470407412,831.135432972291
975hxngk(2),|976hixjs(3),250htzvd(3),662zygnm(2),|975hxngk(2),|398lyjsq(3),976hixjs(3),662zygnm(2),;25681.4,20202.9,26403.2,23520.6,7.299918630372,13.943424747548,3.182810712005,8.806470407412,836.135432972291
975hxngk(2),|976hixjs(3),250htzvd(3),662zygnm(2),||398lyjsq(3),976hixjs(3),662zygnm(2),;25681.4,20202.9,28569,23520.6,2.299918630372,8.943424747548,0,3.806470407412,841.135432972291
|976hixjs(3),250htzvd(3),662zygnm(2),||398lyjsq(3),976hixjs(3),662zygnm(3),;28569.1,20202.9,28569,23520.6,0,3.943424747548,0,0,846.135432972291
|976hixjs(3),250htzvd(3),662zygnm(3),||398lyjsq(3),976hixjs(3),662zygnm(3),;28569.1,20202.9,28569,23520.6,0,0,0,0,851.135432972291
|976hixjs(3),250htzvd(3),662zygnm(3),||398lyjsq(3),976hixjs(3),662zygnm(3),;28569.1,20202.9,28569,23520.6,0,0,0,0,856.135432972291
|976hixjs(3),250htzvd(3),662zygnm(3),||398lyjsq(3),976hixjs(3),662zygnm(3),;28569.1,20202.9,28569,23520.6,0,0,0,0,861.135432972291
|976hixjs(3),250htzvd(3),662zygnm(3),||398lyjsq(3),976hixjs(3),662zygnm(3),;28569.1,20202.9,28569,23520.6,0,0,0,0,866.135432972291
|976hixjs(3),250htzvd(3),662zygnm(3),||398lyjsq(3),976hixjs(3),662zygnm(3),;28569.1,20202.9,28569,23520.6,0,0,0,0,871.135432972291
|976hixjs(3),250htzvd(3),662zygnm(3),||976hixjs(3),662zygnm(3),;28569.1,20202.9,28569,24032.6,0,0,0,0,876.135432972291
|976hixjs(3),250htzvd(3),662zygnm(3),||976hixjs(3),662zygnm(3),;28569.1,20202.9,28569,24032.6,0,0,0,0,881.135432972291
|976hixjs(3),250htzvd(3),662zygnm(3),||976hixjs(3),662zygnm(3),;28569.1,20202.9,28569,24032.6,0,0,0,0,886.135432972291
|976hixjs(3),250htzvd(3),662zygnm(3),||976hixjs(3),662zygnm(3),;28569.1,20202.9,28569,24032.6,0,0,0,0,891.135432972291
|976hixjs(3),250htzvd(3),662zygnm(3),||976hixjs(3),662zygnm(3),;28569.1,20202.9,28569,24032.6,0,0,0,0,896.135432972291
|976hixjs(3),250htzvd(3),662zygnm(3),||976hixjs(3),662zygnm(3),;28569.1,20202.9,28569,24032.6,0,0,0,0,901.135432972291
662hbtdn(0),|976hixjs(3),250htzvd(3),662zygnm(3),662hbtdn(0),||976hixjs(3),662zygnm(3),;25420.3,17054.1,28569,24032.6,18.294732349806,18.294732349806,0,0,906.135432972291
662hbtdn(2),|976hixjs(3),250htzvd(3),662zygnm(3),662hbtdn(2),||976hixjs(3),662zygnm(3),;25420.3,17054.1,28569,24032.6,13.294732349806,13.294732349806,0,0,911.135432972291
662hbtdn(2),|976hixjs(3),250htzvd(3),662zygnm(3),662hbtdn(2),||976hixjs(3),662zygnm(3),;25420.3,17054.1,28569,24032.6,8.294732349806,8.294732349806,0,0,916.135432972291
662hbtdn(2),976ngkxi(0),|976hixjs(3),250htzvd(3),662zygnm(3),662hbtdn(2),976ngkxi(0),||976hixjs(3),662zygnm(3),976ngkxi(0),;24718.9,16352.7,28569,23331.2,11.462849454083,11.462849454083,0,5.082352131986,921.135432972291
662hbtdn(3),976ngkxi(2),|250htzvd(3),662zygnm(3),662hbtdn(3),976ngkxi(2),||662zygnm(3),;24718.9,17366.5,28569,25046.4,6.462849454083,6.462849454083,0,0.082352131986,926.135432972291
662hbtdn(3),976ngkxi(3),|250htzvd(3),662zygnm(3),662hbtdn(3),976ngkxi(3),||662zygnm(3),;24718.9,17366.5,28569,25046.4,1.462849454083,1.462849454083,0,0,931.135432972291
662hbtdn(3),976ngkxi(3),|250htzvd(3),662zygnm(3),662hbtdn(3),976ngkxi(3),||662zygnm(3),;24718.9,17366.5,28569,25046.4,0,0,0,0,936.135432972291
662hbtdn(3),976ngkxi(3),|250htzvd(3),662zygnm(3),662hbtdn(3),976ngkxi(3),||662zygnm(3),;24718.9,17366.5,28569,25046.4,0,0,0,0,941.135432972291
662hbtdn(3),976ngkxi(3),|662zygnm(3),662hbtdn(3),976ngkxi(3),||662zygnm(3),;24718.9,20315.6,28569,25046.4,0,0,0,0,946.135432972291
662hbtdn(3),976ngkxi(3),|662zygnm(3),662hbtdn(3),976ngkxi(3),||662zygnm(3),;24718.9,20315.6,28569,25046.4,0,0,0,0,951.135432972291
662hbtdn(3),976ngkxi(3),|662zygnm(3),662hbtdn(3),976ngkxi(3),||662zygnm(3),;24718.9,20315.6,28569,25046.4,0,0,0,0,956.135432972291
662hbtdn(3),976ngkxi(3),|662zygnm(3),662hbtdn(3),976ngkxi(3),||662zygnm(3),;24718.9,20315.6,28569,25046.4,0,0,0,0,961.135432972291
662hbtdn(3),976ngkxi(3),|662zygnm(3),662hbtdn(3),976ngkxi(3),||662zygnm(3),;24718.9,20315.6,28569,25046.4,0,0,0,0,966.135432972291
662hbtdn(3),976ngkxi(3),|662zygnm(3),662hbtdn(3),976ngkxi(3),||662zygnm(3),;24718.9,20315.6,28569,25046.4,0,0,0,0,971.135432972291
662hbtdn(3),976ngkxi(3),|662zygnm(3),662hbtdn(3),976ngkxi(3),||662zygnm(3),;24718.9,20315.6,28569,25046.4,0,0,0,0,976.135432972291
662hbtdn(3),976ngkxi(3),|662zygnm(3),662hbtdn(3),976ngkxi(3),||662zygnm(3),;24718.9,20315.6,28569,25046.4,0,0,0,0,981.135432972291
662hbtdn(3),976ngkxi(3),|662zygnm(3),662hbtdn(3),976ngkxi(3),||662zygnm(3),;24718.9,20315.6,28569,25046.4,0,0,0,0,986.135432972291
662hbtdn(3),976ngkxi(3),|662zygnm(3),662hbtdn(3),976ngkxi(3),||662zygnm(3),;24718.9,20315.6,28569,25046.4,0,0,0,0,991.135432972291
662hbtdn(3),976ngkxi(3),|662zygnm(3),662hbtdn(3),976ngkxi(3),||662zygnm(3),;24718.9,20315.6,28569,25046.4,0,0,0,0,996.135432972291
662hbtdn(3),976ngkxi(3),|662zygnm(3),662hbtdn(3),976ngkxi(3),||662zygnm(3),;24718.9,20315.6,28569,25046.4,0,0,0,0,1001.135432972291
662hbtdn(3),976ngkxi(3),|662zygnm(3),662hbtdn(3),976ngkxi(3),||662zygnm(3),;24718.9,20315.6,28569,25046.4,0,0,0,0,1006.135432972291
662hbtdn(3),976ngkxi(3),|662zygnm(3),662hbtdn(3),976ngkxi(3),||662zygnm(3),;24718.9,20315.6,28569,25046.4,0,0,0,0,1011.135432972291
662hbtdn(3),976ngkxi(3),|662zygnm(3),662hbtdn(3),976ngkxi(3),||662zygnm(3),;24718.9,20315.6,28569,25046.4,0,0,0,0,1016.135432972291
662hbtdn(3),976ngkxi(3),662kpolz(0),|662zygnm(3),662hbtdn(3),976ngkxi(3),662kpolz(0),|662kpolz(0),|662zygnm(3),662kpolz(0),;22998.6,19168.7,26848.7,23899.5,12.575862438409,9.305535581266,12.575862438409,9.305535581266,1021.135432972291
662kpolz(2),|662kpolz(2),|662kpolz(2),|662kpolz(2),;26848.8,27422.1,26848.7,27422.1,7.575862438409,4.305535581266,7.575862438409,4.305535581266,1026.135432972291
662kpolz(2),||662kpolz(2),|;26848.8,28569,26848.7,28569,2.575862438409,0,2.575862438409,0,1031.135432972291
|||;28569.1,28569,28569,28569,0,0,0,0,1036.135432972291
|||;28569.1,28569,28569,28569,0,0,0,0,1041.135432972291
|||;28569.1,28569,28569,28569,0,0,0,0,1046.135432972291
|||;28569.1,28569,28569,28569,0,0,0,0,1051.135432972291
|||;28569.1,28569,28569,28569,0,0,0,0,1056.135432972291
|||;28569.1,28569,28569,28569,0,0,0,0,1061.135432972291
|||;28569.1,28569,28569,28569,0,0,0,0,1066.135432972291
|||;28569.1,28569,28569,28569,0,0,0,0,1071.135432972291
|||;28569.1,28569,28569,28569,0,0,0,0,1076.135432972291
|||;28569.1,28569,28569,28569,0,0,0,0,1081.135432972291
|||;28569.1,28569,28569,28569,0,0,0,0,1086.135432972291
|||;28569.1,28569,28569,28569,0,0,0,0,1091.135432972291
|||;28569.1,28569,28569,28569,0,0,0,0,1096.135432972291
|||;28569.1,28569,28569,28569,0,0,0,0,1101.135432972291
71uakci(2),|71uakci(2),|71uakci(2),|71uakci(2),;26879.5,26034.6,26879.4,26034.6,7.862028322314,12.569920567212,7.862028322314,12.569920567212,1106.135432972291
71uakci(2),|71uakci(2),|71uakci(2),|71uakci(2),;26879.5,26034.6,26879.4,26034.6,2.862028322314,7.569920567212,2.862028322314,7.569920567212,1111.135432972291
71uakci(3),|71uakci(2),371lquok(0),|71uakci(3),371lquok(0),|71uakci(2),;26879.5,20965.8,21810.6,26034.6,0,36.653368464676,31.945476219778,2.569920567212,1116.135432972291
71uakci(3),|71uakci(3),371lquok(2),|71uakci(3),371lquok(2),|71uakci(3),;26879.5,20965.8,21810.6,26034.6,0,31.653368464676,26.945476219778,0,1121.135432972291
71uakci(3),|71uakci(3),371lquok(2),|71uakci(3),371lquok(2),|71uakci(3),;26879.5,20965.8,21810.6,26034.6,0,26.653368464676,21.945476219778,0,1126.135432972291
71uakci(3),|71uakci(3),371lquok(2),|71uakci(3),371lquok(2),|71uakci(3),;26879.5,20965.8,21810.6,26034.6,0,21.653368464676,16.945476219778,0,1131.135432972291
71uakci(3),|71uakci(3),371lquok(2),|71uakci(3),371lquok(2),|71uakci(3),;26879.5,20965.8,21810.6,26034.6,0,16.653368464676,11.945476219778,0,1136.135432972291
71uakci(3),|71uakci(3),371lquok(2),|71uakci(3),371lquok(2),|71uakci(3),;26879.5,20965.8,21810.6,26034.6,0,11.653368464676,6.945476219778,0,1141.135432972291
71uakci(3),|71uakci(3),371lquok(2),|71uakci(3),371lquok(2),|71uakci(3),;26879.5,20965.8,21810.6,26034.6,0,6.653368464676,1.945476219778,0,1146.135432972291
71uakci(3),|71uakci(3),371lquok(3),|71uakci(3),371lquok(3),|71uakci(3),;26879.5,20965.8,21810.6,26034.6,0,1.653368464676,0,0,1151.135432972291
71uakci(3),|71uakci(3),371lquok(3),|71uakci(3),371lquok(3),|71uakci(3),;26879.5,20965.8,21810.6,26034.6,0,0,0,0,1156.135432972291
71uakci(3),|71uakci(3),371lquok(3),|71uakci(3),371lquok(3),|71uakci(3),;26879.5,20965.8,21810.6,26034.6,0,0,0,0,1161.135432972291
71uakci(3),|71uakci(3),371lquok(3),|71uakci(3),371lquok(3),|71uakci(3),;26879.5,20965.8,21810.6,26034.6,0,0,0,0,1166.135432972291
71uakci(3),|71uakci(3),371lquok(3),|71uakci(3),371lquok(3),|71uakci(3),;26879.5,20965.8,21810.6,26034.6,0,0,0,0,1171.135432972291
71uakci(3),|71uakci(3),371lquok(3),|71uakci(3),371lquok(3),|71uakci(3),;26879.5,20965.8,21810.6,26034.6,0,0,0,0,1176.135432972291
71uakci(3),|71uakci(3),371lquok(3),|71uakci(3),371lquok(3),|71uakci(3),;26879.5,20965.8,21810.6,26034.6,0,0,0,0,1181.135432972291
71uakci(3),|71uakci(3),371lquok(3),|71uakci(3),371lquok(3),|71uakci(3),;26879.5,20965.8,21810.6,26034.6,0,0,0,0,1186.135432972291
71uakci(3),|71uakci(3),371lquok(3),|71uakci(3),371lquok(3),|71uakci(3),;26879.5,20965.8,21810.6,26034.6,0,0,0,0,1191.135432972291
71uakci(3),|71uakci(3),371lquok(3),|71uakci(3),371lquok(3),|71uakci(3),;26879.5,20965.8,21810.6,26034.6,0,0,0,0,1196.135432972291
71uakci(3),|71uakci(3),371lquok(3),|71uakci(3),371lquok(3),|71uakci(3),;26879.5,20965.8,21810.6,26034.6,0,0,0,0,1201.135432972291
71uakci(3),|71uakci(3),371lquok(3),|71uakci(3),371lquok(3),|71uakci(3),;26879.5,20965.8,21810.6,26034.6,0,0,0,0,1206.135432972291
71uakci(3),|71uakci(3),371lquok(3),|71uakci(3),371lquok(3),|71uakci(3),;26879.5,20965.8,21810.6,26034.6,0,0,0,0,1211.135432972291
71uakci(3),|71uakci(3),371lquok(3),|71uakci(3),371lquok(3),|71uakci(3),;26879.5,20965.8,21810.6,26034.6,0,0,0,0,1216.135432972291
71uakci(3),|71uakci(3),371lquok(3),|71uakci(3),371lquok(3),|71uakci(3),;26879.5,20965.8,21810.6,26034.6,0,0,0,0,1221.135432972291
71uakci(3),|71uakci(3),371lquok(3),|71uakci(3),371lquok(3),|71uakci(3),;26879.5,20965.8,21810.6,26034.6,0,0,0,0,1226.135432972291
71uakci(3),|71uakci(3),371lquok(3),|71uakci(3),371lquok(3),|71uakci(3),;26879.5,20965.8,21810.6,26034.6,0,0,0,0,1231.135432972291
71uakci(3),|71uakci(3),371lquok(3),|71uakci(3),371lquok(3),|71uakci(3),;26879.5,20965.8,21810.6,26034.6,0,0,0,0,1236.135432972291
71uakci(3),|71uakci(3),371lquok(3),|71uakci(3),371lquok(3),|71uakci(3),;26879.5,20965.8,21810.6,26034.6,0,0,0,0,1241.135432972291
71uakci(3),|71uakci(3),371lquok(3),|71uakci(3),371lquok(3),|71uakci(3),;26879.5,20965.8,21810.6,26034.6,0,0,0,0,1246.135432972291
71uakci(3),|71uakci(3),371lquok(3),|71uakci(3),371lquok(3),|71uakci(3),;26879.5,20965.8,21810.6,26034.6,0,0,0,0,1251.135432972291
71uakci(3),|71uakci(3),371lquok(3),|71uakci(3),371lquok(3),|71uakci(3),;26879.5,20965.8,21810.6,26034.6,0,0,0,0,1256.135432972291
71uakci(3),368drjla(0),|71uakci(3),371lquok(3),368drjla(0),|71uakci(3),371lquok(3),368drjla(0),|71uakci(3),368drjla(0),;25507.3,19593.6,19752.4,23976.4,9.670155104575,9.670155104575,13.582867594371,13.582867594371,1261.135432972291
71uakci(3),368drjla(2),|71uakci(3),371lquok(3),368drjla(2),|71uakci(3),371lquok(3),368drjla(2),|71uakci(3),368drjla(2),;25507.3,19593.6,19752.4,23976.4,4.670155104575,4.670155104575,8.582867594371,8.582867594371,1266.135432972291
71uakci(3),368drjla(3),|71uakci(3),371lquok(3),368drjla(3),|71uakci(3),371lquok(3),368drjla(2),|71uakci(3),368drjla(2),;25507.3,19593.6,19752.4,23976.4,0,0,3.582867594371,3.582867594371,1271.135432972291
71uakci(3),368drjla(3),|71uakci(3),371lquok(3),368drjla(3),|71uakci(3),371lquok(3),368drjla(3),|71uakci(3),368drjla(3),;25507.3,19593.6,19752.4,23976.4,0,0,0,0,1276.135432972291
71uakci(3),368drjla(3),|71uakci(3),371lquok(3),368drjla(3),|71uakci(3),371lquok(3),368drjla(3),|71uakci(3),368drjla(3),;25507.3,19593.6,19752.4,23976.4,0,0,0,0,1281.135432972291
71uakci(3),368drjla(3),|71uakci(3),371lquok(3),368drjla(3),|71uakci(3),371lquok(3),368drjla(3),|71uakci(3),368drjla(3),;25507.3,19593.6,19752.4,23976.4,0,0,0,0,1286.135432972291
368drjla(3),|371lquok(3),368drjla(3),|371lquok(3),368drjla(3),|368drjla(3),;27196.9,22128,21442,26510.8,0,0,0,0,1291.135432972291
368drjla(3),|371lquok(3),368drjla(3),|371lquok(3),368drjla(3),|368drjla(3),;27196.9,22128,21442,26510.8,0,0,0,0,1296.135432972291
368drjla(3),|371lquok(3),368drjla(3),|371lquok(3),368drjla(3),|368drjla(3),;27196.9,22128,21442,26510.8,0,0,0,0,1301.135432972291
368drjla(3),|371lquok(3),368drjla(3),|371lquok(3),368drjla(3),|368drjla(3),;27196.9,22128,21442,26510.8,0,0,0,0,1306.135432972291
368drjla(3),|371lquok(3),368drjla(3),|371lquok(3),368drjla(3),|368drjla(3),;27196.9,22128,21442,26510.8,0,0,0,0,1311.135432972291
368drjla(3),|371lquok(3),368drjla(3),|371lquok(3),368drjla(3),|368drjla(3),;27196.9,22128,21442,26510.8,0,0,0,0,1316.135432972291
368drjla(3),|371lquok(3),368drjla(3),|371lquok(3),368drjla(3),|368drjla(3),;27196.9,22128,21442,26510.8,0,0,0,0,1321.135432972291
368drjla(3),|371lquok(3),368drjla(3),|371lquok(3),368drjla(3),|368drjla(3),;27196.9,22128,21442,26510.8,0,0,0,0,1326.135432972291
368drjla(3),|371lquok(3),368drjla(3),|371lquok(3),368drjla(3),|368drjla(3),;27196.9,22128,21442,26510.8,0,0,0,0,1331.135432972291
368drjla(3),|371lquok(3),368drjla(3),|371lquok(3),368drjla(3),|368drjla(3),;27196.9,22128,21442,26510.8,0,0,0,0,1336.135432972291
368drjla(3),|371lquok(3),368drjla(3),|371lquok(3),368drjla(3),|368drjla(3),;27196.9,22128,21442,26510.8,0,0,0,0,1341.135432972291
368drjla(3),|371lquok(3),368drjla(3),|371lquok(3),368drjla(3),|368drjla(3),;27196.9,22128,21442,26510.8,0,0,0,0,1346.135432972291
368drjla(3),|371lquok(3),368drjla(3),|371lquok(3),368drjla(3),|368drjla(3),;27196.9,22128,21442,26510.8,0,0,0,0,1351.135432972291
368drjla(3),|371lquok(3),368drjla(3),|371lquok(3),368drjla(3),|368drjla(3),;27196.9,22128,21442,26510.8,0,0,0,0,1356.135432972291
368drjla(3),|371lquok(3),368drjla(3),|371lquok(3),368drjla(3),|368drjla(3),;27196.9,22128,21442,26510.8,0,0,0,0,1361.135432972291
368drjla(3),|371lquok(3),368drjla(3),|371lquok(3),368drjla(3),|368drjla(3),;27196.9,22128,21442,26510.8,0,0,0,0,1366.135432972291
368drjla(3),|371lquok(3),368drjla(3),|371lquok(3),368drjla(3),|368drjla(3),;27196.9,22128,21442,26510.8,0,0,0,0,1371.135432972291
368drjla(3),|371lquok(3),368drjla(3),|371lquok(3),368drjla(3),|368drjla(3),;27196.9,22128,21442,26510.8,0,0,0,0,1376.135432972291
368drjla(3),|371lquok(3),368drjla(3),|371lquok(3),368drjla(3),|368drjla(3),;27196.9,22128,21442,26510.8,0,0,0,0,1381.135432972291
368drjla(3),|371lquok(3),368drjla(3),|371lquok(3),368drjla(3),|368drjla(3),;27196.9,22128,21442,26510.8,0,0,0,0,1386.135432972291
368drjla(3),|371lquok(3),368drjla(3),|371lquok(3),368drjla(3),|368drjla(3),;27196.9,22128,21442,26510.8,0,0,0,0,1391.135432972291
368drjla(3),|371lquok(3),368drjla(3),|371lquok(3),368drjla(3),|368drjla(3),;27196.9,22128,21442,26510.8,0,0,0,0,1396.135432972291
368drjla(3),|371lquok(3),368drjla(3),|371lquok(3),368drjla(3),|368drjla(3),;27196.9,22128,21442,26510.8,0,0,0,0,1401.135432972291
368drjla(3),|371lquok(3),368drjla(3),|371lquok(3),368drjla(3),|368drjla(3),;27196.9,22128,21442,26510.8,0,0,0,0,1406.135432972291
368drjla(3),|371lquok(3),368drjla(3),|371lquok(3),368drjla(3),|368drjla(3),;27196.9,22128,21442,26510.8,0,0,0,0,1411.135432972291
368drjla(3),|371lquok(3),368drjla(3),|371lquok(3),368drjla(3),|368drjla(3),;27196.9,22128,21442,26510.8,0,0,0,0,1416.135432972291
368drjla(3),|371lquok(3),368drjla(3),|371lquok(3),368drjla(3),|368drjla(3),;27196.9,22128,21442,26510.8,0,0,0,0,1421.135432972291
368drjla(3),|371lquok(3),368drjla(3),|371lquok(3),368drjla(3),|368drjla(3),;27196.9,22128,21442,26510.8,0,0,0,0,1426.135432972291
368drjla(3),|371lquok(3),368drjla(3),|371lquok(3),368drjla(3),|368drjla(3),;27196.9,22128,21442,26510.8,0,0,0,0,1431.135432972291
368drjla(3),|371lquok(3),368drjla(3),|371lquok(3),368drjla(3),|368drjla(3),;27196.9,22128,21442,26510.8,0,0,0,0,1436.135432972291
368drjla(3),|371lquok(3),368drjla(3),|371lquok(3),368drjla(3),|368drjla(3),;27196.9,22128,21442,26510.8,0,0,0,0,1441.135432972291
368drjla(3),|371lquok(3),368drjla(3),|371lquok(3),368drjla(3),|368drjla(3),;27196.9,22128,21442,26510.8,0,0,0,0,1446.135432972291
368drjla(3),|371lquok(3),368drjla(3),|371lquok(3),368drjla(3),|368drjla(3),;27196.9,22128,21442,26510.8,0,0,0,0,1451.135432972291
368drjla(3),|371lquok(3),368drjla(3),|371lquok(3),368drjla(3),|368drjla(3),;27196.9,22128,21442,26510.8,0,0,0,0,1456.135432972291
368drjla(3),|371lquok(3),368drjla(3),|371lquok(3),368drjla(3),|368drjla(3),;27196.9,22128,21442,26510.8,0,0,0,0,1461.135432972291
368drjla(3),|371lquok(3),368drjla(3),|371lquok(3),368drjla(3),|368drjla(3),;27196.9,22128,21442,26510.8,0,0,0,0,1466.135432972291
368drjla(3),|371lquok(3),368drjla(3),|371lquok(3),368drjla(3),|368drjla(3),;27196.9,22128,21442,26510.8,0,0,0,0,1471.135432972291
368drjla(3),|371lquok(3),368drjla(3),|371lquok(3),368drjla(3),|368drjla(3),;27196.9,22128,21442,26510.8,0,0,0,0,1476.135432972291
|371lquok(3),|371lquok(3),|;28569.1,23500.2,23500.2,28569,0,0,0,0,1481.135432972291
|||;28569.1,28569,28569,28569,0,0,0,0,1486.135432972291
|||;28569.1,28569,28569,28569,0,0,0,0,1491.135432972291
|||;28569.1,28569,28569,28569,0,0,0,0,1496.135432972291
||517rsaqu(2),|517rsaqu(2),;28569.1,28569,21073.3,27632,0,0,41.731460157866,3.473096729295,1501.135432972291
||517rsaqu(2),|517rsaqu(3),;28569.1,28569,21073.3,27632,0,0,36.731460157866,0,1506.135432972291
||517rsaqu(2),|517rsaqu(3),;28569.1,28569,21073.3,27632,0,0,31.731460157866,0,1511.135432972291
||517rsaqu(2),|517rsaqu(3),;28569.1,28569,21073.3,27632,0,0,26.731460157866,0,1516.135432972291
||517rsaqu(2),|517rsaqu(3),;28569.1,28569,21073.3,27632,0,0,21.731460157866,0,1521.135432972291
||517rsaqu(2),|517rsaqu(3),;28569.1,28569,21073.3,27632,0,0,16.731460157866,0,1526.135432972291
||517rsaqu(2),|517rsaqu(3),;28569.1,28569,21073.3,27632,0,0,11.731460157866,0,1531.135432972291
||517rsaqu(2),|517rsaqu(3),;28569.1,28569,21073.3,27632,0,0,6.731460157866,0,1536.135432972291
||517rsaqu(2),|517rsaqu(3),;28569.1,28569,21073.3,27632,0,0,1.731460157866,0,1541.135432972291
||517rsaqu(3),|517rsaqu(3),;28569.1,28569,21073.3,27632,0,0,0,0,1546.135432972291
||517rsaqu(3),|517rsaqu(3),;28569.1,28569,21073.3,27632,0,0,0,0,1551.135432972291
||517rsaqu(3),|517rsaqu(3),;28569.1,28569,21073.3,27632,0,0,0,0,1556.135432972291
||517rsaqu(3),|;28569.1,28569,21073.3,28569,0,0,0,0,1561.135432972291
||517rsaqu(3),|;28569.1,28569,21073.3,28569,0,0,0,0,1566.135432972291
||517rsaqu(3),|;28569.1,28569,21073.3,28569,0,0,0,0,1571.135432972291
||517rsaqu(3),|;28569.1,28569,21073.3,28569,0,0,0,0,1576.135432972291
||517rsaqu(3),|;28569.1,28569,21073.3,28569,0,0,0,0,1581.135432972291
||517rsaqu(3),|;28569.1,28569,21073.3,28569,0,0,0,0,1586.135432972291
||517rsaqu(3),|;28569.1,28569,21073.3,28569,0,0,0,0,1591.135432972291
||517rsaqu(3),|;28569.1,28569,21073.3,28569,0,0,0,0,1596.135432972291
||517rsaqu(3),|;28569.1,28569,21073.3,28569,0,0,0,0,1601.135432972291
||517rsaqu(3),|;28569.1,28569,21073.3,28569,0,0,0,0,1606.135432972291
||517rsaqu(3),|;28569.1,28569,21073.3,28569,0,0,0,0,1611.135432972291
||517rsaqu(3),|;28569.1,28569,21073.3,28569,0,0,0,0,1616.135432972291
||517rsaqu(3),|;28569.1,28569,21073.3,28569,0,0,0,0,1621.135432972291
||517rsaqu(3),|;28569.1,28569,21073.3,28569,0,0,0,0,1626.135432972291
||517rsaqu(3),|;28569.1,28569,21073.3,28569,0,0,0,0,1631.135432972291
||517rsaqu(3),|;28569.1,28569,21073.3,28569,0,0,0,0,1636.135432972291
||517rsaqu(3),|;28569.1,28569,21073.3,28569,0,0,0,0,1641.135432972291
||517rsaqu(3),|;28569.1,28569,21073.3,28569,0,0,0,0,1646.135432972291
||517rsaqu(3),|;28569.1,28569,21073.3,28569,0,0,0,0,1651.135432972291
||517rsaqu(3),|;28569.1,28569,21073.3,28569,0,0,0,0,1656.135432972291
||517rsaqu(3),|;28569.1,28569,21073.3,28569,0,0,0,0,1661.135432972291
||517rsaqu(3),|;28569.1,28569,21073.3,28569,0,0,0,0,1666.135432972291
||517rsaqu(3),|;28569.1,28569,21073.3,28569,0,0,0,0,1671.135432972291
||517rsaqu(3),|;28569.1,28569,21073.3,28569,0,0,0,0,1676.135432972291
|||;28569.1,28569,28569,28569,0,0,0,0,1681.135432972291
|||;28569.1,28569,28569,28569,0,0,0,0,1686.135432972291
|||;28569.1,28569,28569,28569,0,0,0,0,1691.135432972291
|||;28569.1,28569,28569,28569,0,0,0,0,1696.135432972291
|||;28569.1,28569,28569,28569,0,0,0,0,1701.135432972291
|||;28569.1,28569,28569,28569,0,0,0,0,1706.135432972291
|||;28569.1,28569,28569,28569,0,0,0,0,1711.135432972291
|||;28569.1,28569,28569,28569,0,0,0,0,1716.135432972291
|||;28569.1,28569,28569,28569,0,0,0,0,1721.135432972291
|||;28569.1,28569,28569,28569,0,0,0,0,1726.135432972291
|||;28569.1,28569,28569,28569,0,0,0,0,1731.135432972291
|||;28569.1,28569,28569,28569,0,0,0,0,1736.135432972291
|||;28569.1,28569,28569,28569,0,0,0,0,1741.135432972291
|||;28569.1,28569,28569,28569,0,0,0,0,1746.135432972291
|||;28569.1,28569,28569,28569,0,0,0,0,1751.135432972291
|||;28569.1,28569,28569,28569,0,0,0,0,1756.135432972291
|||;28569.1,28569,28569,28569,0,0,0,0,1761.135432972291
|||;28569.1,28569,28569,28569,0,0,0,0,1766.135432972291
|||;28569.1,28569,28569,28569,0,0,0,0,1771.135432972291
|||;28569.1,28569,28569,28569,0,0,0,0,1776.135432972291
|||;28569.1,28569,28569,28569,0,0,0,0,1781.135432972291
|||;28569.1,28569,28569,28569,0,0,0,0,1786.135432972291
|||;28569.1,28569,28569,28569,0,0,0,0,1791.135432972291
|||;28569.1,28569,28569,28569,0,0,0,0,1796.135432972291
|||;28569.1,28569,28569,28569,0,0,0,0,1801.135432972291
|||;28569.1,28569,28569,28569,0,0,0,0,1806.135432972291
|||;28569.1,28569,28569,28569,0,0,0,0,1811.135432972291
|||;28569.1,28569,28569,28569,0,0,0,0,1816.135432972291
|||;28569.1,28569,28569,28569,0,0,0,0,1821.135432972291
|||;28569.1,28569,28569,28569,0,0,0,0,1826.135432972291
|||;28569.1,28569,28569,28569,0,0,0,0,1831.135432972291
|||;28569.1,28569,28569,28569,0,0,0,0,1836.135432972291
|||;28569.1,28569,28569,28569,0,0,0,0,1841.135432972291
|||;28569.1,28569,28569,28569,0,0,0,0,1846.135432972291
|||;28569.1,28569,28569,28569,0,0,0,0,1851.135432972291
|||;28569.1,28569,28569,28569,0,0,0,0,1856.135432972291
|||;28569.1,28569,28569,28569,0,0,0,0,1861.135432972291
|||;28569.1,28569,28569,28569,0,0,0,0,1866.135432972291
|||;28569.1,28569,28569,28569,0,0,0,0,1871.135432972291
|||;28569.1,28569,28569,28569,0,0,0,0,1876.135432972291
|||;28569.1,28569,28569,28569,0,0,0,0,1881.135432972291
|||;28569.1,28569,28569,28569,0,0,0,0,1886.135432972291
|||;28569.1,28569,28569,28569,0,0,0,0,1891.135432972291
|||;28569.1,28569,28569,28569,0,0,0,0,1896.135432972291
|||;28569.1,28569,28569,28569,0,0,0,0,1901.135432972291
|||;28569.1,28569,28569,28569,0,0,0,0,1906.135432972291
|||;28569.1,28569,28569,28569,0,0,0,0,1911.135432972291
|||;28569.1,28569,28569,28569,0,0,0,0,1916.135432972291
|||;28569.1,28569,28569,28569,0,0,0,0,1921.135432972291
|||;28569.1,28569,28569,28569,0,0,0,0,1926.135432972291
|||;28569.1,28569,28569,28569,0,0,0,0,1931.135432972291
|||;28569.1,28569,28569,28569,0,0,0,0,1936.135432972291
|||;28569.1,28569,28569,28569,0,0,0,0,1941.135432972291
|||;28569.1,28569,28569,28569,0,0,0,0,1946.135432972291
|||;28569.1,28569,28569,28569,0,0,0,0,1951.135432972291
|||;28569.1,28569,28569,28569,0,0,0,0,1956.135432972291
|||;28569.1,28569,28569,28569,0,0,0,0,1961.135432972291
|||;28569.1,28569,28569,28569,0,0,0,0,1966.135432972291
|||;28569.1,28569,28569,28569,0,0,0,0,1971.135432972291
|||;28569.1,28569,28569,28569,0,0,0,0,1976.135432972291
|||;28569.1,28569,28569,28569,0,0,0,0,1981.135432972291
|||;28569.1,28569,28569,28569,0,0,0,0,1986.135432972291
|||;28569.1,28569,28569,28569,0,0,0,0,1991.135432972291
|||;28569.1,28569,28569,28569,0,0,0,0,1996.135432972291
