|||;30822,30822,30822,30822,0,0,0,0,1.138785142468
|||;30822,30822,30822,30822,0,0,0,0,6.138785142468
|||;30822,30822,30822,30822,0,0,0,0,11.138785142468
|||;30822,30822,30822,30822,0,0,0,0,16.138785142468
|||;30822,30822,30822,30822,0,0,0,0,21.138785142468
|||;30822,30822,30822,30822,0,0,0,0,26.138785142468
|||;30822,30822,30822,30822,0,0,0,0,31.138785142468
|||;30822,30822,30822,30822,0,0,0,0,36.138785142468
|||;30822,30822,30822,30822,0,0,0,0,41.138785142468
|||;30822,30822,30822,30822,0,0,0,0,46.138785142468
|||;30822,30822,30822,30822,0,0,0,0,51.138785142468
|||;30822,30822,30822,30822,0,0,0,0,56.138785142468
|||;30822,30822,30822,30822,0,0,0,0,61.138785142468
|||;30822,30822,30822,30822,0,0,0,0,66.138785142468
|||;30822,30822,30822,30822,0,0,0,0,71.138785142468
|||;30822,30822,30822,30822,0,0,0,0,76.138785142468
|||;30822,30822,30822,30822,0,0,0,0,81.138785142468
|||;30822,30822,30822,30822,0,0,0,0,86.138785142468
|||;30822,30822,30822,30822,0,0,0,0,91.138785142468
|||;30822,30822,30822,30822,0,0,0,0,96.138785142468
73cpoln(2),672tnvph(0),|73cpoln(2),672tnvph(0),|73cpoln(2),672tnvph(0),|73cpoln(2),672tnvph(0),;27360.9,27063.9,27360.9,27063.9,15.866708187088,17.114244761447,15.866708187088,17.114244761447,101.138785142468
73cpoln(2),672tnvph(1),|73cpoln(2),672tnvph(1),|73cpoln(2),672tnvph(1),|73cpoln(2),672tnvph(1),;27360.9,27063.9,27360.9,27063.9,10.866708187088,12.114244761447,10.866708187088,12.114244761447,106.138785142468
672tnvph(2),|672tnvph(2),|672tnvph(2),|672tnvph(2),;29101.7,29675.1,29101.7,29675.1,5.866708187088,7.114244761447,5.866708187088,7.114244761447,111.138785142468
|||;30822,30822,30822,30822,0.866708187088,2.114244761447,0.866708187088,2.114244761447,116.138785142468
|||;30822,30822,30822,30822,0,0,0,0,121.138785142468
|||;30822,30822,30822,30822,0,0,0,0,126.138785142468
|||;30822,30822,30822,30822,0,0,0,0,131.138785142468
|||;30822,30822,30822,30822,0,0,0,0,136.138785142468
|||;30822,30822,30822,30822,0,0,0,0,141.138785142468
|||;30822,30822,30822,30822,0,0,0,0,146.138785142468
|||;30822,30822,30822,30822,0,0,0,0,151.138785142468
|||;30822,30822,30822,30822,0,0,0,0,156.138785142468
|||;30822,30822,30822,30822,0,0,0,0,161.138785142468
|||;30822,30822,30822,30822,0,0,0,0,166.138785142468
|||;30822,30822,30822,30822,0,0,0,0,171.138785142468
|||;30822,30822,30822,30822,0,0,0,0,176.138785142468
|||;30822,30822,30822,30822,0,0,0,0,181.138785142468
|||;30822,30822,30822,30822,0,0,0,0,186.138785142468
|||;30822,30822,30822,30822,0,0,0,0,191.138785142468
|||;30822,30822,30822,30822,0,0,0,0,196.138785142468
|||;30822,30822,30822,30822,0,0,0,0,201.138785142468
|||;30822,30822,30822,30822,0,0,0,0,206.138785142468
|||;30822,30822,30822,30822,0,0,0,0,211.138785142468
|||;30822,30822,30822,30822,0,0,0,0,216.138785142468
|||;30822,30822,30822,30822,0,0,0,0,221.138785142468
|||;30822,30822,30822,30822,0,0,0,0,226.138785142468
|||;30822,30822,30822,30822,0,0,0,0,231.138785142468
|||;30822,30822,30822,30822,0,0,0,0,236.138785142468
|||;30822,30822,30822,30822,0,0,0,0,241.138785142468
|||;30822,30822,30822,30822,0,0,0,0,246.138785142468
|||;30822,30822,30822,30822,0,0,0,0,251.138785142468
|||;30822,30822,30822,30822,0,0,0,0,256.138785142468
|||;30822,30822,30822,30822,0,0,0,0,261.138785142468
|||;30822,30822,30822,30822,0,0,0,0,266.138785142468
|||;30822,30822,30822,30822,0,0,0,0,271.138785142468
|||;30822,30822,30822,30822,0,0,0,0,276.138785142468
|||;30822,30822,30822,30822,0,0,0,0,281.138785142468
|||;30822,30822,30822,30822,0,0,0,0,286.138785142468
|||;30822,30822,30822,30822,0,0,0,0,291.138785142468
|||;30822,30822,30822,30822,0,0,0,0,296.138785142468
|||;30822,30822,30822,30822,0,0,0,0,301.138785142468
|||;30822,30822,30822,30822,0,0,0,0,306.138785142468
126qweci(2),|||126qweci(2),;30151.3,30822,30822,30151.3,1.425888270417,0,0,1.425888270417,311.138785142468
|||;30822,30822,30822,30822,0,0,0,0,316.138785142468
|||;30822,30822,30822,30822,0,0,0,0,321.138785142468
|||;30822,30822,30822,30822,0,0,0,0,326.138785142468
|||;30822,30822,30822,30822,0,0,0,0,331.138785142468
|||;30822,30822,30822,30822,0,0,0,0,336.138785142468
|||;30822,30822,30822,30822,0,0,0,0,341.138785142468
|||;30822,30822,30822,30822,0,0,0,0,346.138785142468
|||;30822,30822,30822,30822,0,0,0,0,351.138785142468
|||;30822,30822,30822,30822,0,0,0,0,356.138785142468
|||;30822,30822,30822,30822,0,0,0,0,361.138785142468
|||;30822,30822,30822,30822,0,0,0,0,366.138785142468
|||;30822,30822,30822,30822,0,0,0,0,371.138785142468
|||;30822,30822,30822,30822,0,0,0,0,376.138785142468
|||;30822,30822,30822,30822,0,0,0,0,381.138785142468
|||;30822,30822,30822,30822,0,0,0,0,386.138785142468
|||;30822,30822,30822,30822,0,0,0,0,391.138785142468
|||;30822,30822,30822,30822,0,0,0,0,396.138785142468
|||;30822,30822,30822,30822,0,0,0,0,401.138785142468
|||;30822,30822,30822,30822,0,0,0,0,406.138785142468
|||;30822,30822,30822,30822,0,0,0,0,411.138785142468
|||;30822,30822,30822,30822,0,0,0,0,416.138785142468
|||;30822,30822,30822,30822,0,0,0,0,421.138785142468
|||;30822,30822,30822,30822,0,0,0,0,426.138785142468
|||;30822,30822,30822,30822,0,0,0,0,431.138785142468
|||;30822,30822,30822,30822,0,0,0,0,436.138785142468
|||23pksva(2),;30822,30822,30822,30304.9,0,0,0,1.050835787064,441.138785142468
|||;30822,30822,30822,30822,0,0,0,0,446.138785142468
|||;30822,30822,30822,30822,0,0,0,0,451.138785142468
|||;30822,30822,30822,30822,0,0,0,0,456.138785142468
|||;30822,30822,30822,30822,0,0,0,0,461.138785142468
|||;30822,30822,30822,30822,0,0,0,0,466.138785142468
|||;30822,30822,30822,30822,0,0,0,0,471.138785142468
|||;30822,30822,30822,30822,0,0,0,0,476.138785142468
|||;30822,30822,30822,30822,0,0,0,0,481.138785142468
|||;30822,30822,30822,30822,0,0,0,0,486.138785142468
|||;30822,30822,30822,30822,0,0,0,0,491.138785142468
|||;30822,30822,30822,30822,0,0,0,0,496.138785142468
|||;30822,30822,30822,30822,0,0,0,0,501.138785142468
|||;30822,30822,30822,30822,0,0,0,0,506.138785142468
|||;30822,30822,30822,30822,0,0,0,0,511.138785142468
|||;30822,30822,30822,30822,0,0,0,0,516.138785142468
|||;30822,30822,30822,30822,0,0,0,0,521.138785142468
|||;30822,30822,30822,30822,0,0,0,0,526.138785142468
|||;30822,30822,30822,30822,0,0,0,0,531.138785142468
|||;30822,30822,30822,30822,0,0,0,0,536.138785142468
|||;30822,30822,30822,30822,0,0,0,0,541.138785142468
|||;30822,30822,30822,30822,0,0,0,0,546.138785142468
|||;30822,30822,30822,30822,0,0,0,0,551.138785142468
|||;30822,30822,30822,30822,0,0,0,0,556.138785142468
|||;30822,30822,30822,30822,0,0,0,0,561.138785142468
|||;30822,30822,30822,30822,0,0,0,0,566.138785142468
|||;30822,30822,30822,30822,0,0,0,0,571.138785142468
|||;30822,30822,30822,30822,0,0,0,0,576.138785142468
|||;30822,30822,30822,30822,0,0,0,0,581.138785142468
|||;30822,30822,30822,30822,0,0,0,0,586.138785142468
|||;30822,30822,30822,30822,0,0,0,0,591.138785142468
|||;30822,30822,30822,30822,0,0,0,0,596.138785142468
|||;30822,30822,30822,30822,0,0,0,0,601.138785142468
|||;30822,30822,30822,30822,0,0,0,0,606.138785142468
|||;30822,30822,30822,30822,0,0,0,0,611.138785142468
|||;30822,30822,30822,30822,0,0,0,0,616.138785142468
|||;30822,30822,30822,30822,0,0,0,0,621.138785142468
|||;30822,30822,30822,30822,0,0,0,0,626.138785142468
|||;30822,30822,30822,30822,0,0,0,0,631.138785142468
|||;30822,30822,30822,30822,0,0,0,0,636.138785142468
|||;30822,30822,30822,30822,0,0,0,0,641.138785142468
|||;30822,30822,30822,30822,0,0,0,0,646.138785142468
|||;30822,30822,30822,30822,0,0,0,0,651.138785142468
|||;30822,30822,30822,30822,0,0,0,0,656.138785142468
|||;30822,30822,30822,30822,0,0,0,0,661.138785142468
|||;30822,30822,30822,30822,0,0,0,0,666.138785142468
|||;30822,30822,30822,30822,0,0,0,0,671.138785142468
|||;30822,30822,30822,30822,0,0,0,0,676.138785142468
|||;30822,30822,30822,30822,0,0,0,0,681.138785142468
|||;30822,30822,30822,30822,0,0,0,0,686.138785142468
|||;30822,30822,30822,30822,0,0,0,0,691.138785142468
|||;30822,30822,30822,30822,0,0,0,0,696.138785142468
|||;30822,30822,30822,30822,0,0,0,0,701.138785142468
|||;30822,30822,30822,30822,0,0,0,0,706.138785142468
|||;30822,30822,30822,30822,0,0,0,0,711.138785142468
|||;30822,30822,30822,30822,0,0,0,0,716.138785142468
|||;30822,30822,30822,30822,0,0,0,0,721.138785142468
|||;30822,30822,30822,30822,0,0,0,0,726.138785142468
|||;30822,30822,30822,30822,0,0,0,0,731.138785142468
72oictw(2),|72oictw(2),|72oictw(2),|72oictw(2),;28948.1,28011.1,28011.1,28948.1,4.391407799632,8.815600784248,8.815600784248,4.391407799632,736.138785142468
72oictw(3),|72oictw(2),|72oictw(2),|72oictw(3),;28948.1,28011.1,28011.1,28948.1,0,3.815600784248,3.815600784248,0,741.138785142468
72oictw(3),|72oictw(3),|72oictw(3),|72oictw(3),;28948.1,28011.1,28011.1,28948.1,0,0,0,0,746.138785142468
72oictw(3),|72oictw(3),|72oictw(3),|72oictw(3),;28948.1,28011.1,28011.1,28948.1,0,0,0,0,751.138785142468
72oictw(3),|72oictw(3),|72oictw(3),|72oictw(3),;28948.1,28011.1,28011.1,28948.1,0,0,0,0,756.138785142468
72oictw(3),|72oictw(3),|72oictw(3),|72oictw(3),;28948.1,28011.1,28011.1,28948.1,0,0,0,0,761.138785142468
72oictw(3),|72oictw(3),|72oictw(3),|72oictw(3),;28948.1,28011.1,28011.1,28948.1,0,0,0,0,766.138785142468
72oictw(3),|72oictw(3),|72oictw(3),|72oictw(3),;28948.1,28011.1,28011.1,28948.1,0,0,0,0,771.138785142468
72oictw(3),|72oictw(3),|72oictw(3),|72oictw(3),;28948.1,28011.1,28011.1,28948.1,0,0,0,0,776.138785142468
72oictw(3),50scqhd(0),|72oictw(3),50scqhd(0),|72oictw(3),50scqhd(0),|72oictw(3),50scqhd(0),;27309.7,25553.5,26372.7,26490.5,11.526018027003,15.180831565464,11.526018027003,15.180831565464,781.138785142468
72oictw(3),50scqhd(2),|72oictw(3),50scqhd(2),|72oictw(3),50scqhd(2),|72oictw(3),50scqhd(2),;27309.7,25553.5,26372.7,26490.5,6.526018027003,10.180831565464,6.526018027003,10.180831565464,786.138785142468
72oictw(3),50scqhd(2),|72oictw(3),50scqhd(2),|72oictw(3),50scqhd(2),|72oictw(3),50scqhd(2),;27309.7,25553.5,26372.7,26490.5,1.526018027003,5.180831565464,1.526018027003,5.180831565464,791.138785142468
72oictw(3),50scqhd(3),|72oictw(3),50scqhd(3),|72oictw(3),50scqhd(3),|72oictw(3),50scqhd(3),;27309.7,25553.5,26372.7,26490.5,0,0.180831565464,0,0.180831565464,796.138785142468
72oictw(3),50scqhd(3),|72oictw(3),50scqhd(3),|72oictw(3),50scqhd(3),|72oictw(3),50scqhd(3),;27309.7,25553.5,26372.7,26490.5,0,0,0,0,801.138785142468
72oictw(3),50scqhd(3),|72oictw(3),50scqhd(3),|72oictw(3),50scqhd(3),|72oictw(3),50scqhd(3),;27309.7,25553.5,26372.7,26490.5,0,0,0,0,806.138785142468
72oictw(3),50scqhd(3),|72oictw(3),50scqhd(3),|72oictw(3),50scqhd(3),|72oictw(3),50scqhd(3),;27309.7,25553.5,26372.7,26490.5,0,0,0,0,811.138785142468
72oictw(3),50scqhd(3),|72oictw(3),50scqhd(3),|72oictw(3),50scqhd(3),|72oictw(3),50scqhd(3),;27309.7,25553.5,26372.7,26490.5,0,0,0,0,816.138785142468
72oictw(3),50scqhd(3),|72oictw(3),50scqhd(3),|72oictw(3),50scqhd(3),|72oictw(3),50scqhd(3),;27309.7,25553.5,26372.7,26490.5,0,0,0,0,821.138785142468
72oictw(3),50scqhd(3),|72oictw(3),50scqhd(3),|72oictw(3),50scqhd(3),|72oictw(3),50scqhd(3),;27309.7,25553.5,26372.7,26490.5,0,0,0,0,826.138785142468
72oictw(3),50scqhd(3),|72oictw(3),50scqhd(3),|72oictw(3),50scqhd(3),|72oictw(3),50scqhd(3),;27309.7,25553.5,26372.7,26490.5,0,0,0,0,831.138785142468
72oictw(3),50scqhd(3),|72oictw(3),50scqhd(3),|72oictw(3),50scqhd(3),|72oictw(3),50scqhd(3),;27309.7,25553.5,26372.7,26490.5,0,0,0,0,836.138785142468
72oictw(3),50scqhd(3),|72oictw(3),50scqhd(3),|72oictw(3),50scqhd(3),|72oictw(3),50scqhd(3),;27309.7,25553.5,26372.7,26490.5,0,0,0,0,841.138785142468
72oictw(3),50scqhd(3),|72oictw(3),50scqhd(3),|72oictw(3),50scqhd(3),|72oictw(3),50scqhd(3),;27309.7,25553.5,26372.7,26490.5,0,0,0,0,846.138785142468
72oictw(3),50scqhd(3),|72oictw(3),50scqhd(3),|72oictw(3),50scqhd(3),|72oictw(3),50scqhd(3),;27309.7,25553.5,26372.7,26490.5,0,0,0,0,851.138785142468
72oictw(3),50scqhd(3),|72oictw(3),50scqhd(3),|72oictw(3),50scqhd(3),|72oictw(3),50scqhd(3),;27309.7,25553.5,26372.7,26490.5,0,0,0,0,856.138785142468
72oictw(3),50scqhd(3),|72oictw(3),50scqhd(3),|72oictw(3),50scqhd(3),|72oictw(3),50scqhd(3),;27309.7,25553.5,26372.7,26490.5,0,0,0,0,861.138785142468
72oictw(3),50scqhd(3),|72oictw(3),50scqhd(3),|72oictw(3),50scqhd(3),|72oictw(3),50scqhd(3),;27309.7,25553.5,26372.7,26490.5,0,0,0,0,866.138785142468
72oictw(3),50scqhd(3),|72oictw(3),50scqhd(3),|72oictw(3),50scqhd(3),|72oictw(3),50scqhd(3),;27309.7,25553.5,26372.7,26490.5,0,0,0,0,871.138785142468
72oictw(3),50scqhd(3),|72oictw(3),50scqhd(3),|72oictw(3),50scqhd(3),|72oictw(3),50scqhd(3),;27309.7,25553.5,26372.7,26490.5,0,0,0,0,876.138785142468
72oictw(3),50scqhd(3),|72oictw(3),50scqhd(3),|72oictw(3),50scqhd(3),|72oictw(3),50scqhd(3),;27309.7,25553.5,26372.7,26490.5,0,0,0,0,881.138785142468
72oictw(3),50scqhd(3),|72oictw(3),50scqhd(3),|72oictw(3),50scqhd(3),|72oictw(3),50scqhd(3),;27309.7,25553.5,26372.7,26490.5,0,0,0,0,886.138785142468
72oictw(3),50scqhd(3),|72oictw(3),50scqhd(3),|72oictw(3),50scqhd(3),|72oictw(3),50scqhd(3),;27309.7,25553.5,26372.7,26490.5,0,0,0,0,891.138785142468
72oictw(3),50scqhd(3),|72oictw(3),50scqhd(3),|72oictw(3),50scqhd(3),|72oictw(3),50scqhd(3),;27309.7,25553.5,26372.7,26490.5,0,0,0,0,896.138785142468
72oictw(3),50scqhd(3),|72oictw(3),50scqhd(3),|72oictw(3),50scqhd(3),|72oictw(3),50scqhd(3),;27309.7,25553.5,26372.7,26490.5,0,0,0,0,901.138785142468
72oictw(3),50scqhd(3),|72oictw(3),50scqhd(3),|72oictw(3),50scqhd(3),|72oictw(3),50scqhd(3),;27309.7,25553.5,26372.7,26490.5,0,0,0,0,906.138785142468
72oictw(3),50scqhd(3),|72oictw(3),50scqhd(3),|72oictw(3),50scqhd(3),|72oictw(3),50scqhd(3),;27309.7,25553.5,26372.7,26490.5,0,0,0,0,911.138785142468
72oictw(3),50scqhd(3),|72oictw(3),50scqhd(3),|72oictw(3),50scqhd(3),|72oictw(3),50scqhd(3),;27309.7,25553.5,26372.7,26490.5,0,0,0,0,916.138785142468
72oictw(3),50scqhd(3),|72oictw(3),50scqhd(3),|72oictw(3),50scqhd(3),|72oictw(3),50scqhd(3),;27309.7,25553.5,26372.7,26490.5,0,0,0,0,921.138785142468
72oictw(3),50scqhd(3),|72oictw(3),50scqhd(3),|72oictw(3),50scqhd(3),|72oictw(3),50scqhd(3),;27309.7,25553.5,26372.7,26490.5,0,0,0,0,926.138785142468
72oictw(3),50scqhd(3),|72oictw(3),50scqhd(3),|72oictw(3),50scqhd(3),|72oictw(3),50scqhd(3),;27309.7,25553.5,26372.7,26490.5,0,0,0,0,931.138785142468
72oictw(3),50scqhd(3),|72oictw(3),50scqhd(3),|72oictw(3),50scqhd(3),|72oictw(3),50scqhd(3),;27309.7,25553.5,26372.7,26490.5,0,0,0,0,936.138785142468
72oictw(3),50scqhd(3),|72oictw(3),50scqhd(3),|72oictw(3),50scqhd(3),|72oictw(3),50scqhd(3),;27309.7,25553.5,26372.7,26490.5,0,0,0,0,941.138785142468
72oictw(3),50scqhd(3),|72oictw(3),50scqhd(3),|72oictw(3),50scqhd(3),|72oictw(3),50scqhd(3),;27309.7,25553.5,26372.7,26490.5,0,0,0,0,946.138785142468
72oictw(3),50scqhd(3),|72oictw(3),50scqhd(3),|72oictw(3),50scqhd(3),|72oictw(3),50scqhd(3),;27309.7,25553.5,26372.7,26490.5,0,0,0,0,951.138785142468
72oictw(3),50scqhd(3),|72oictw(3),50scqhd(3),|72oictw(3),50scqhd(3),|72oictw(3),50scqhd(3),;27309.7,25553.5,26372.7,26490.5,0,0,0,0,956.138785142468
72oictw(3),50scqhd(3),|72oictw(3),50scqhd(3),|72oictw(3),50scqhd(3),|72oictw(3),50scqhd(3),;27309.7,25553.5,26372.7,26490.5,0,0,0,0,961.138785142468
72oictw(3),50scqhd(3),|72oictw(3),50scqhd(3),|72oictw(3),50scqhd(3),|72oictw(3),50scqhd(3),;27309.7,25553.5,26372.7,26490.5,0,0,0,0,966.138785142468
72oictw(3),50scqhd(3),|72oictw(3),50scqhd(3),|72oictw(3),50scqhd(3),|72oictw(3),50scqhd(3),;27309.7,25553.5,26372.7,26490.5,0,0,0,0,971.138785142468
72oictw(3),50scqhd(3),|72oictw(3),50scqhd(3),|72oictw(3),50scqhd(3),|72oictw(3),50scqhd(3),;27309.7,25553.5,26372.7,26490.5,0,0,0,0,976.138785142468
72oictw(3),50scqhd(3),|72oictw(3),50scqhd(3),|72oictw(3),50scqhd(3),|72oictw(3),50scqhd(3),;27309.7,25553.5,26372.7,26490.5,0,0,0,0,981.138785142468
72oictw(3),50scqhd(3),|72oictw(3),50scqhd(3),|72oictw(3),50scqhd(3),|72oictw(3),50scqhd(3),;27309.7,25553.5,26372.7,26490.5,0,0,0,0,986.138785142468
72oictw(3),50scqhd(3),|72oictw(3),50scqhd(3),|72oictw(3),50scqhd(3),|72oictw(3),50scqhd(3),;27309.7,25553.5,26372.7,26490.5,0,0,0,0,991.138785142468
72oictw(3),50scqhd(3),|72oictw(3),50scqhd(3),|72oictw(3),50scqhd(3),|72oictw(3),50scqhd(3),;27309.7,25553.5,26372.7,26490.5,0,0,0,0,996.138785142468
72oictw(3),50scqhd(3),|72oictw(3),50scqhd(3),|72oictw(3),50scqhd(3),|72oictw(3),50scqhd(3),;27309.7,25553.5,26372.7,26490.5,0,0,0,0,1001.138785142468
72oictw(3),50scqhd(3),|72oictw(3),50scqhd(3),|72oictw(3),50scqhd(3),|72oictw(3),50scqhd(3),;27309.7,25553.5,26372.7,26490.5,0,0,0,0,1006.138785142468
72oictw(3),50scqhd(3),|72oictw(3),50scqhd(3),|72oictw(3),50scqhd(3),|72oictw(3),50scqhd(3),;27309.7,25553.5,26372.7,26490.5,0,0,0,0,1011.138785142468
72oictw(3),50scqhd(3),|72oictw(3),50scqhd(3),|72oictw(3),50scqhd(3),|72oictw(3),50scqhd(3),;27309.7,25553.5,26372.7,26490.5,0,0,0,0,1016.138785142468
72oictw(3),50scqhd(3),|72oictw(3),50scqhd(3),|72oictw(3),50scqhd(3),|72oictw(3),50scqhd(3),;27309.7,25553.5,26372.7,26490.5,0,0,0,0,1021.138785142468
72oictw(3),50scqhd(3),|72oictw(3),50scqhd(3),|72oictw(3),50scqhd(3),|72oictw(3),50scqhd(3),;27309.7,25553.5,26372.7,26490.5,0,0,0,0,1026.138785142468
72oictw(3),50scqhd(3),|72oictw(3),50scqhd(3),|72oictw(3),50scqhd(3),|72oictw(3),50scqhd(3),;27309.7,25553.5,26372.7,26490.5,0,0,0,0,1031.138785142468
72oictw(3),50scqhd(3),|72oictw(3),50scqhd(3),|72oictw(3),50scqhd(3),|72oictw(3),50scqhd(3),;27309.7,25553.5,26372.7,26490.5,0,0,0,0,1036.138785142468
72oictw(3),50scqhd(3),|72oictw(3),50scqhd(3),|72oictw(3),50scqhd(3),|72oictw(3),50scqhd(3),;27309.7,25553.5,26372.7,26490.5,0,0,0,0,1041.138785142468
72oictw(3),50scqhd(3),|72oictw(3),50scqhd(3),|72oictw(3),50scqhd(3),|72oictw(3),50scqhd(3),;27309.7,25553.5,26372.7,26490.5,0,0,0,0,1046.138785142468
72oictw(3),50scqhd(3),|72oictw(3),50scqhd(3),|72oictw(3),50scqhd(3),|72oictw(3),50scqhd(3),;27309.7,25553.5,26372.7,26490.5,0,0,0,0,1051.138785142468
72oictw(3),50scqhd(3),436wtduq(0),|72oictw(3),50scqhd(3),436wtduq(0),|72oictw(3),50scqhd(3),436wtduq(0),|72oictw(3),50scqhd(3),436wtduq(0),;24283.8,23536.2,24355.4,23464.6,19.933486519985,15.170830684088,15.170830684088,19.933486519985,1056.138785142468
72oictw(3),50scqhd(3),436wtduq(0),|72oictw(3),50scqhd(3),436wtduq(0),|72oictw(3),50scqhd(3),436wtduq(0),|72oictw(3),50scqhd(3),436wtduq(0),;24283.8,23536.2,24355.4,23464.6,14.933486519985,10.170830684088,10.170830684088,14.933486519985,1061.138785142468
72oictw(3),50scqhd(3),436wtduq(2),|72oictw(3),50scqhd(3),436wtduq(2),|72oictw(3),50scqhd(3),436wtduq(2),|72oictw(3),50scqhd(3),436wtduq(2),;24283.8,23536.2,24355.4,23464.6,9.933486519985,5.170830684088,5.170830684088,9.933486519985,1066.138785142468
72oictw(3),50scqhd(3),436wtduq(2),|72oictw(3),50scqhd(3),436wtduq(3),|72oictw(3),50scqhd(3),436wtduq(3),|72oictw(3),50scqhd(3),436wtduq(2),;24283.8,23536.2,24355.4,23464.6,4.933486519985,0.170830684088,0.170830684088,4.933486519985,1071.138785142468
72oictw(3),50scqhd(3),436wtduq(3),|72oictw(3),50scqhd(3),436wtduq(3),|72oictw(3),50scqhd(3),436wtduq(3),|72oictw(3),50scqhd(3),436wtduq(3),;24283.8,23536.2,24355.4,23464.6,0,0,0,0,1076.138785142468
72oictw(3),50scqhd(3),436wtduq(3),|72oictw(3),50scqhd(3),436wtduq(3),|72oictw(3),50scqhd(3),436wtduq(3),|72oictw(3),50scqhd(3),436wtduq(3),;24283.8,23536.2,24355.4,23464.6,0,0,0,0,1081.138785142468
72oictw(3),50scqhd(3),436wtduq(3),|72oictw(3),50scqhd(3),436wtduq(3),|72oictw(3),50scqhd(3),436wtduq(3),|72oictw(3),50scqhd(3),436wtduq(3),;24283.8,23536.2,24355.4,23464.6,0,0,0,0,1086.138785142468
72oictw(3),50scqhd(3),436wtduq(3),|72oictw(3),50scqhd(3),436wtduq(3),|72oictw(3),50scqhd(3),436wtduq(3),|72oictw(3),50scqhd(3),436wtduq(3),;24283.8,23536.2,24355.4,23464.6,0,0,0,0,1091.138785142468
72oictw(3),50scqhd(3),436wtduq(3),|72oictw(3),50scqhd(3),436wtduq(3),|72oictw(3),50scqhd(3),436wtduq(3),|72oictw(3),50scqhd(3),436wtduq(3),;24283.8,23536.2,24355.4,23464.6,0,0,0,0,1096.138785142468
72oictw(3),50scqhd(3),436wtduq(3),|72oictw(3),50scqhd(3),436wtduq(3),|72oictw(3),50scqhd(3),436wtduq(3),|72oictw(3),50scqhd(3),436wtduq(3),;24283.8,23536.2,24355.4,23464.6,0,0,0,0,1101.138785142468
72oictw(3),50scqhd(3),436wtduq(3),|72oictw(3),50scqhd(3),436wtduq(3),|72oictw(3),50scqhd(3),436wtduq(3),|72oictw(3),50scqhd(3),436wtduq(3),;24283.8,23536.2,24355.4,23464.6,0,0,0,0,1106.138785142468
72oictw(3),50scqhd(3),436wtduq(3),|72oictw(3),50scqhd(3),436wtduq(3),|72oictw(3),50scqhd(3),436wtduq(3),|72oictw(3),50scqhd(3),436wtduq(3),;24283.8,23536.2,24355.4,23464.6,0,0,0,0,1111.138785142468
72oictw(3),50scqhd(3),436wtduq(3),|72oictw(3),50scqhd(3),436wtduq(3),|72oictw(3),50scqhd(3),436wtduq(3),|72oictw(3),50scqhd(3),436wtduq(3),;24283.8,23536.2,24355.4,23464.6,0,0,0,0,1116.138785142468
72oictw(3),50scqhd(3),436wtduq(3),|72oictw(3),50scqhd(3),436wtduq(3),|72oictw(3),50scqhd(3),436wtduq(3),|72oictw(3),50scqhd(3),436wtduq(3),;24283.8,23536.2,24355.4,23464.6,0,0,0,0,1121.138785142468
72oictw(3),50scqhd(3),436wtduq(3),|72oictw(3),50scqhd(3),436wtduq(3),|72oictw(3),50scqhd(3),436wtduq(3),|72oictw(3),50scqhd(3),436wtduq(3),;24283.8,23536.2,24355.4,23464.6,0,0,0,0,1126.138785142468
72oictw(3),50scqhd(3),436wtduq(3),|72oictw(3),50scqhd(3),436wtduq(3),|72oictw(3),50scqhd(3),436wtduq(3),|72oictw(3),50scqhd(3),436wtduq(3),;24283.8,23536.2,24355.4,23464.6,0,0,0,0,1131.138785142468
72oictw(3),50scqhd(3),436wtduq(3),|72oictw(3),50scqhd(3),436wtduq(3),|72oictw(3),50scqhd(3),436wtduq(3),|72oictw(3),50scqhd(3),436wtduq(3),;24283.8,23536.2,24355.4,23464.6,0,0,0,0,1136.138785142468
72oictw(3),50scqhd(3),436wtduq(3),|72oictw(3),50scqhd(3),436wtduq(3),|72oictw(3),50scqhd(3),436wtduq(3),|72oictw(3),50scqhd(3),436wtduq(3),;24283.8,23536.2,24355.4,23464.6,0,0,0,0,1141.138785142468
72oictw(3),50scqhd(3),436wtduq(3),|72oictw(3),50scqhd(3),436wtduq(3),|72oictw(3),50scqhd(3),436wtduq(3),|72oictw(3),50scqhd(3),436wtduq(3),;24283.8,23536.2,24355.4,23464.6,0,0,0,0,1146.138785142468
72oictw(3),50scqhd(3),436wtduq(3),|72oictw(3),50scqhd(3),436wtduq(3),|72oictw(3),50scqhd(3),436wtduq(3),|72oictw(3),50scqhd(3),436wtduq(3),;24283.8,23536.2,24355.4,23464.6,0,0,0,0,1151.138785142468
72oictw(3),50scqhd(3),436wtduq(3),|72oictw(3),50scqhd(3),436wtduq(3),|72oictw(3),50scqhd(3),436wtduq(3),|72oictw(3),50scqhd(3),436wtduq(3),;24283.8,23536.2,24355.4,23464.6,0,0,0,0,1156.138785142468
72oictw(3),50scqhd(3),436wtduq(3),|72oictw(3),50scqhd(3),436wtduq(3),|72oictw(3),50scqhd(3),436wtduq(3),|72oictw(3),50scqhd(3),436wtduq(3),;24283.8,23536.2,24355.4,23464.6,0,0,0,0,1161.138785142468
72oictw(3),50scqhd(3),436wtduq(3),|72oictw(3),50scqhd(3),436wtduq(3),|72oictw(3),50scqhd(3),436wtduq(3),|72oictw(3),50scqhd(3),436wtduq(3),;24283.8,23536.2,24355.4,23464.6,0,0,0,0,1166.138785142468
72oictw(3),50scqhd(3),436wtduq(3),|72oictw(3),50scqhd(3),436wtduq(3),|72oictw(3),50scqhd(3),436wtduq(3),|72oictw(3),50scqhd(3),436wtduq(3),;24283.8,23536.2,24355.4,23464.6,0,0,0,0,1171.138785142468
72oictw(3),50scqhd(3),436wtduq(3),|72oictw(3),50scqhd(3),436wtduq(3),|72oictw(3),50scqhd(3),436wtduq(3),|72oictw(3),50scqhd(3),436wtduq(3),;24283.8,23536.2,24355.4,23464.6,0,0,0,0,1176.138785142468
72oictw(3),50scqhd(3),436wtduq(3),|72oictw(3),50scqhd(3),436wtduq(3),|72oictw(3),50scqhd(3),436wtduq(3),|72oictw(3),50scqhd(3),436wtduq(3),;24283.8,23536.2,24355.4,23464.6,0,0,0,0,1181.138785142468
72oictw(3),50scqhd(3),436wtduq(3),|72oictw(3),50scqhd(3),436wtduq(3),|72oictw(3),50scqhd(3),436wtduq(3),|72oictw(3),50scqhd(3),436wtduq(3),;24283.8,23536.2,24355.4,23464.6,0,0,0,0,1186.138785142468
72oictw(3),50scqhd(3),436wtduq(3),|72oictw(3),50scqhd(3),436wtduq(3),|72oictw(3),50scqhd(3),436wtduq(3),|72oictw(3),50scqhd(3),436wtduq(3),;24283.8,23536.2,24355.4,23464.6,0,0,0,0,1191.138785142468
72oictw(3),50scqhd(3),436wtduq(3),|72oictw(3),50scqhd(3),436wtduq(3),|72oictw(3),50scqhd(3),436wtduq(3),|72oictw(3),50scqhd(3),436wtduq(3),;24283.8,23536.2,24355.4,23464.6,0,0,0,0,1196.138785142468
72oictw(3),50scqhd(3),436wtduq(3),|72oictw(3),50scqhd(3),436wtduq(3),|72oictw(3),50scqhd(3),436wtduq(3),|72oictw(3),50scqhd(3),436wtduq(3),;24283.8,23536.2,24355.4,23464.6,0,0,0,0,1201.138785142468
72oictw(3),50scqhd(3),436wtduq(3),|72oictw(3),50scqhd(3),436wtduq(3),|72oictw(3),50scqhd(3),436wtduq(3),|72oictw(3),50scqhd(3),436wtduq(3),;24283.8,23536.2,24355.4,23464.6,0,0,0,0,1206.138785142468
72oictw(3),50scqhd(3),436wtduq(3),|72oictw(3),50scqhd(3),436wtduq(3),|72oictw(3),50scqhd(3),436wtduq(3),|72oictw(3),50scqhd(3),436wtduq(3),;24283.8,23536.2,24355.4,23464.6,0,0,0,0,1211.138785142468
72oictw(3),50scqhd(3),436wtduq(3),|72oictw(3),50scqhd(3),436wtduq(3),|72oictw(3),50scqhd(3),436wtduq(3),|72oictw(3),50scqhd(3),436wtduq(3),;24283.8,23536.2,24355.4,23464.6,0,0,0,0,1216.138785142468
72oictw(3),50scqhd(3),436wtduq(3),|72oictw(3),50scqhd(3),436wtduq(3),|72oictw(3),50scqhd(3),436wtduq(3),|72oictw(3),50scqhd(3),436wtduq(3),;24283.8,23536.2,24355.4,23464.6,0,0,0,0,1221.138785142468
72oictw(3),50scqhd(3),436wtduq(3),|72oictw(3),50scqhd(3),436wtduq(3),|72oictw(3),50scqhd(3),436wtduq(3),|72oictw(3),50scqhd(3),436wtduq(3),;24283.8,23536.2,24355.4,23464.6,0,0,0,0,1226.138785142468
72oictw(3),50scqhd(3),436wtduq(3),|72oictw(3),50scqhd(3),436wtduq(3),|72oictw(3),50scqhd(3),436wtduq(3),|72oictw(3),50scqhd(3),436wtduq(3),;24283.8,23536.2,24355.4,23464.6,0,0,0,0,1231.138785142468
72oictw(3),50scqhd(3),436wtduq(3),|72oictw(3),50scqhd(3),436wtduq(3),|72oictw(3),50scqhd(3),436wtduq(3),|72oictw(3),50scqhd(3),436wtduq(3),;24283.8,23536.2,24355.4,23464.6,0,0,0,0,1236.138785142468
72oictw(3),50scqhd(3),436wtduq(3),|72oictw(3),50scqhd(3),436wtduq(3),|72oictw(3),50scqhd(3),436wtduq(3),|72oictw(3),50scqhd(3),436wtduq(3),;24283.8,23536.2,24355.4,23464.6,0,0,0,0,1241.138785142468
72oictw(3),50scqhd(3),436wtduq(3),|72oictw(3),50scqhd(3),436wtduq(3),|72oictw(3),50scqhd(3),436wtduq(3),|72oictw(3),50scqhd(3),436wtduq(3),;24283.8,23536.2,24355.4,23464.6,0,0,0,0,1246.138785142468
72oictw(3),50scqhd(3),436wtduq(3),|72oictw(3),50scqhd(3),436wtduq(3),|72oictw(3),50scqhd(3),436wtduq(3),|72oictw(3),50scqhd(3),436wtduq(3),;24283.8,23536.2,24355.4,23464.6,0,0,0,0,1251.138785142468
72oictw(3),50scqhd(3),436wtduq(3),|72oictw(3),50scqhd(3),436wtduq(3),|72oictw(3),50scqhd(3),436wtduq(3),|72oictw(3),50scqhd(3),436wtduq(3),;24283.8,23536.2,24355.4,23464.6,0,0,0,0,1256.138785142468
72oictw(3),50scqhd(3),436wtduq(3),|72oictw(3),50scqhd(3),436wtduq(3),|72oictw(3),50scqhd(3),436wtduq(3),|72oictw(3),50scqhd(3),436wtduq(3),;24283.8,23536.2,24355.4,23464.6,0,0,0,0,1261.138785142468
72oictw(3),50scqhd(3),436wtduq(3),|72oictw(3),50scqhd(3),436wtduq(3),|72oictw(3),50scqhd(3),436wtduq(3),|72oictw(3),50scqhd(3),436wtduq(3),;24283.8,23536.2,24355.4,23464.6,0,0,0,0,1266.138785142468
72oictw(3),50scqhd(3),436wtduq(3),|72oictw(3),50scqhd(3),436wtduq(3),|72oictw(3),50scqhd(3),436wtduq(3),|72oictw(3),50scqhd(3),436wtduq(3),;24283.8,23536.2,24355.4,23464.6,0,0,0,0,1271.138785142468
72oictw(3),50scqhd(3),436wtduq(3),|72oictw(3),50scqhd(3),436wtduq(3),|72oictw(3),50scqhd(3),436wtduq(3),|72oictw(3),50scqhd(3),436wtduq(3),;24283.8,23536.2,24355.4,23464.6,0,0,0,0,1276.138785142468
72oictw(3),50scqhd(3),436wtduq(3),|72oictw(3),50scqhd(3),436wtduq(3),|72oictw(3),50scqhd(3),436wtduq(3),|72oictw(3),50scqhd(3),436wtduq(3),;24283.8,23536.2,24355.4,23464.6,0,0,0,0,1281.138785142468
72oictw(3),50scqhd(3),436wtduq(3),|72oictw(3),50scqhd(3),436wtduq(3),|72oictw(3),50scqhd(3),436wtduq(3),|72oictw(3),50scqhd(3),436wtduq(3),;24283.8,23536.2,24355.4,23464.6,0,0,0,0,1286.138785142468
72oictw(3),50scqhd(3),436wtduq(3),|72oictw(3),50scqhd(3),436wtduq(3),|72oictw(3),50scqhd(3),436wtduq(3),|72oictw(3),50scqhd(3),436wtduq(3),;24283.8,23536.2,24355.4,23464.6,0,0,0,0,1291.138785142468
72oictw(3),50scqhd(3),436wtduq(3),|72oictw(3),50scqhd(3),436wtduq(3),|72oictw(3),50scqhd(3),436wtduq(3),|72oictw(3),50scqhd(3),436wtduq(3),;24283.8,23536.2,24355.4,23464.6,0,0,0,0,1296.138785142468
72oictw(3),50scqhd(3),436wtduq(3),|72oictw(3),50scqhd(3),436wtduq(3),|72oictw(3),50scqhd(3),436wtduq(3),|72oictw(3),50scqhd(3),436wtduq(3),;24283.8,23536.2,24355.4,23464.6,0,0,0,0,1301.138785142468
72oictw(3),50scqhd(3),436wtduq(3),|72oictw(3),50scqhd(3),436wtduq(3),|72oictw(3),50scqhd(3),436wtduq(3),|72oictw(3),50scqhd(3),436wtduq(3),;24283.8,23536.2,24355.4,23464.6,0,0,0,0,1306.138785142468
72oictw(3),50scqhd(3),436wtduq(3),|72oictw(3),50scqhd(3),436wtduq(3),|72oictw(3),50scqhd(3),436wtduq(3),|72oictw(3),50scqhd(3),436wtduq(3),;24283.8,23536.2,24355.4,23464.6,0,0,0,0,1311.138785142468
72oictw(3),50scqhd(3),436wtduq(3),|72oictw(3),50scqhd(3),436wtduq(3),|72oictw(3),50scqhd(3),436wtduq(3),|72oictw(3),50scqhd(3),436wtduq(3),;24283.8,23536.2,24355.4,23464.6,0,0,0,0,1316.138785142468
72oictw(3),50scqhd(3),436wtduq(3),|72oictw(3),50scqhd(3),436wtduq(3),|72oictw(3),50scqhd(3),436wtduq(3),|72oictw(3),50scqhd(3),436wtduq(3),;24283.8,23536.2,24355.4,23464.6,0,0,0,0,1321.138785142468
72oictw(3),50scqhd(3),436wtduq(3),|72oictw(3),50scqhd(3),436wtduq(3),|72oictw(3),50scqhd(3),436wtduq(3),|72oictw(3),50scqhd(3),436wtduq(3),;24283.8,23536.2,24355.4,23464.6,0,0,0,0,1326.138785142468
72oictw(3),50scqhd(3),436wtduq(3),|72oictw(3),50scqhd(3),436wtduq(3),|72oictw(3),50scqhd(3),436wtduq(3),|72oictw(3),50scqhd(3),436wtduq(3),;24283.8,23536.2,24355.4,23464.6,0,0,0,0,1331.138785142468
72oictw(3),50scqhd(3),436wtduq(3),|72oictw(3),50scqhd(3),436wtduq(3),|72oictw(3),50scqhd(3),436wtduq(3),|72oictw(3),50scqhd(3),436wtduq(3),;24283.8,23536.2,24355.4,23464.6,0,0,0,0,1336.138785142468
72oictw(3),50scqhd(3),436wtduq(3),|72oictw(3),50scqhd(3),436wtduq(3),|72oictw(3),50scqhd(3),436wtduq(3),|72oictw(3),50scqhd(3),436wtduq(3),;24283.8,23536.2,24355.4,23464.6,0,0,0,0,1341.138785142468
72oictw(3),50scqhd(3),436wtduq(3),|72oictw(3),50scqhd(3),436wtduq(3),|72oictw(3),50scqhd(3),436wtduq(3),|72oictw(3),50scqhd(3),436wtduq(3),;24283.8,23536.2,24355.4,23464.6,0,0,0,0,1346.138785142468
72oictw(3),50scqhd(3),436wtduq(3),|72oictw(3),50scqhd(3),436wtduq(3),|72oictw(3),50scqhd(3),436wtduq(3),|72oictw(3),50scqhd(3),436wtduq(3),;24283.8,23536.2,24355.4,23464.6,0,0,0,0,1351.138785142468
72oictw(3),50scqhd(3),436wtduq(3),|72oictw(3),50scqhd(3),436wtduq(3),|72oictw(3),50scqhd(3),436wtduq(3),|72oictw(3),50scqhd(3),436wtduq(3),;24283.8,23536.2,24355.4,23464.6,0,0,0,0,1356.138785142468
72oictw(3),50scqhd(3),436wtduq(3),|72oictw(3),50scqhd(3),436wtduq(3),|72oictw(3),50scqhd(3),436wtduq(3),|72oictw(3),50scqhd(3),436wtduq(3),;24283.8,23536.2,24355.4,23464.6,0,0,0,0,1361.138785142468
72oictw(3),50scqhd(3),436wtduq(3),|72oictw(3),50scqhd(3),436wtduq(3),|72oictw(3),50scqhd(3),436wtduq(3),|72oictw(3),50scqhd(3),436wtduq(3),;24283.8,23536.2,24355.4,23464.6,0,0,0,0,1366.138785142468
72oictw(3),50scqhd(3),436wtduq(3),|72oictw(3),50scqhd(3),436wtduq(3),|72oictw(3),50scqhd(3),436wtduq(3),|72oictw(3),50scqhd(3),436wtduq(3),;24283.8,23536.2,24355.4,23464.6,0,0,0,0,1371.138785142468
72oictw(3),50scqhd(3),436wtduq(3),|72oictw(3),50scqhd(3),436wtduq(3),|72oictw(3),50scqhd(3),436wtduq(3),|72oictw(3),50scqhd(3),436wtduq(3),;24283.8,23536.2,24355.4,23464.6,0,0,0,0,1376.138785142468
72oictw(3),50scqhd(3),436wtduq(3),|72oictw(3),50scqhd(3),436wtduq(3),|72oictw(3),50scqhd(3),436wtduq(3),|72oictw(3),50scqhd(3),436wtduq(3),;24283.8,23536.2,24355.4,23464.6,0,0,0,0,1381.138785142468
72oictw(3),50scqhd(3),436wtduq(3),|72oictw(3),50scqhd(3),436wtduq(3),|72oictw(3),50scqhd(3),436wtduq(3),|72oictw(3),50scqhd(3),436wtduq(3),;24283.8,23536.2,24355.4,23464.6,0,0,0,0,1386.138785142468
72oictw(3),50scqhd(3),436wtduq(3),|72oictw(3),50scqhd(3),436wtduq(3),|72oictw(3),50scqhd(3),436wtduq(3),|72oictw(3),50scqhd(3),436wtduq(3),;24283.8,23536.2,24355.4,23464.6,0,0,0,0,1391.138785142468
72oictw(3),436wtduq(3),|72oictw(3),436wtduq(3),|72oictw(3),436wtduq(3),|72oictw(3),436wtduq(3),;25922.2,25993.8,25993.8,25922.2,0,0,0,0,1396.138785142468
72oictw(3),436wtduq(3),|72oictw(3),436wtduq(3),|72oictw(3),436wtduq(3),|72oictw(3),436wtduq(3),;25922.2,25993.8,25993.8,25922.2,0,0,0,0,1401.138785142468
72oictw(3),436wtduq(3),|72oictw(3),436wtduq(3),|72oictw(3),436wtduq(3),|72oictw(3),436wtduq(3),403hcnwx(0),;25922.2,25993.8,25993.8,18795.2,0,0,0,33.24175900306,1406.138785142468
72oictw(3),436wtduq(3),|72oictw(3),436wtduq(3),|72oictw(3),436wtduq(3),|72oictw(3),436wtduq(3),403hcnwx(2),;25922.2,25993.8,25993.8,18795.2,0,0,0,28.24175900306,1411.138785142468
72oictw(3),436wtduq(3),|72oictw(3),436wtduq(3),|72oictw(3),436wtduq(3),|72oictw(3),436wtduq(3),403hcnwx(2),;25922.2,25993.8,25993.8,18795.2,0,0,0,23.24175900306,1416.138785142468
72oictw(3),436wtduq(3),|72oictw(3),436wtduq(3),|72oictw(3),436wtduq(3),|72oictw(3),436wtduq(3),403hcnwx(2),;25922.2,25993.8,25993.8,18795.2,0,0,0,18.24175900306,1421.138785142468
72oictw(3),436wtduq(3),|72oictw(3),436wtduq(3),|72oictw(3),436wtduq(3),|72oictw(3),436wtduq(3),403hcnwx(2),;25922.2,25993.8,25993.8,18795.2,0,0,0,13.24175900306,1426.138785142468
72oictw(3),436wtduq(3),|72oictw(3),436wtduq(3),|72oictw(3),436wtduq(3),|72oictw(3),436wtduq(3),403hcnwx(2),;25922.2,25993.8,25993.8,18795.2,0,0,0,8.24175900306,1431.138785142468
72oictw(3),436wtduq(3),|72oictw(3),436wtduq(3),|72oictw(3),436wtduq(3),|72oictw(3),436wtduq(3),403hcnwx(2),;25922.2,25993.8,25993.8,18795.2,0,0,0,3.24175900306,1436.138785142468
72oictw(3),436wtduq(3),|72oictw(3),436wtduq(3),|72oictw(3),436wtduq(3),|72oictw(3),436wtduq(3),403hcnwx(3),;25922.2,25993.8,25993.8,18795.2,0,0,0,0,1441.138785142468
72oictw(3),436wtduq(3),|72oictw(3),436wtduq(3),|72oictw(3),436wtduq(3),|72oictw(3),436wtduq(3),403hcnwx(3),;25922.2,25993.8,25993.8,18795.2,0,0,0,0,1446.138785142468
72oictw(3),436wtduq(3),|72oictw(3),436wtduq(3),|72oictw(3),436wtduq(3),|72oictw(3),436wtduq(3),403hcnwx(3),;25922.2,25993.8,25993.8,18795.2,0,0,0,0,1451.138785142468
72oictw(3),436wtduq(3),|72oictw(3),436wtduq(3),|72oictw(3),436wtduq(3),|72oictw(3),436wtduq(3),403hcnwx(3),;25922.2,25993.8,25993.8,18795.2,0,0,0,0,1456.138785142468
72oictw(3),436wtduq(3),|72oictw(3),436wtduq(3),|72oictw(3),436wtduq(3),|72oictw(3),436wtduq(3),403hcnwx(3),;25922.2,25993.8,25993.8,18795.2,0,0,0,0,1461.138785142468
72oictw(3),436wtduq(3),|72oictw(3),436wtduq(3),|72oictw(3),436wtduq(3),|72oictw(3),436wtduq(3),403hcnwx(3),;25922.2,25993.8,25993.8,18795.2,0,0,0,0,1466.138785142468
72oictw(3),436wtduq(3),|72oictw(3),436wtduq(3),|72oictw(3),436wtduq(3),|72oictw(3),436wtduq(3),403hcnwx(3),;25922.2,25993.8,25993.8,18795.2,0,0,0,0,1471.138785142468
72oictw(3),436wtduq(3),|72oictw(3),436wtduq(3),|72oictw(3),436wtduq(3),|72oictw(3),436wtduq(3),403hcnwx(3),;25922.2,25993.8,25993.8,18795.2,0,0,0,0,1476.138785142468
72oictw(3),436wtduq(3),|72oictw(3),436wtduq(3),|72oictw(3),436wtduq(3),|72oictw(3),436wtduq(3),403hcnwx(3),;25922.2,25993.8,25993.8,18795.2,0,0,0,0,1481.138785142468
72oictw(3),436wtduq(3),|72oictw(3),436wtduq(3),|72oictw(3),436wtduq(3),|72oictw(3),436wtduq(3),403hcnwx(3),;25922.2,25993.8,25993.8,18795.2,0,0,0,0,1486.138785142468
72oictw(3),436wtduq(3),|72oictw(3),436wtduq(3),|72oictw(3),436wtduq(3),|72oictw(3),436wtduq(3),403hcnwx(3),;25922.2,25993.8,25993.8,18795.2,0,0,0,0,1491.138785142468
72oictw(3),436wtduq(3),|72oictw(3),436wtduq(3),|72oictw(3),436wtduq(3),|72oictw(3),436wtduq(3),403hcnwx(3),;25922.2,25993.8,25993.8,18795.2,0,0,0,0,1496.138785142468
72oictw(3),436wtduq(3),|72oictw(3),436wtduq(3),|72oictw(3),436wtduq(3),|72oictw(3),436wtduq(3),403hcnwx(3),;25922.2,25993.8,25993.8,18795.2,0,0,0,0,1501.138785142468
72oictw(3),436wtduq(3),|72oictw(3),436wtduq(3),|72oictw(3),436wtduq(3),|72oictw(3),436wtduq(3),403hcnwx(3),;25922.2,25993.8,25993.8,18795.2,0,0,0,0,1506.138785142468
72oictw(3),436wtduq(3),|72oictw(3),436wtduq(3),|72oictw(3),436wtduq(3),|72oictw(3),436wtduq(3),403hcnwx(3),;25922.2,25993.8,25993.8,18795.2,0,0,0,0,1511.138785142468
72oictw(3),436wtduq(3),|72oictw(3),436wtduq(3),|72oictw(3),436wtduq(3),|72oictw(3),436wtduq(3),403hcnwx(3),;25922.2,25993.8,25993.8,18795.2,0,0,0,0,1516.138785142468
72oictw(3),436wtduq(3),|72oictw(3),436wtduq(3),|72oictw(3),436wtduq(3),|72oictw(3),436wtduq(3),403hcnwx(3),;25922.2,25993.8,25993.8,18795.2,0,0,0,0,1521.138785142468
72oictw(3),436wtduq(3),|72oictw(3),436wtduq(3),|72oictw(3),436wtduq(3),|72oictw(3),436wtduq(3),403hcnwx(3),;25922.2,25993.8,25993.8,18795.2,0,0,0,0,1526.138785142468
72oictw(3),436wtduq(3),|72oictw(3),436wtduq(3),|72oictw(3),436wtduq(3),|72oictw(3),436wtduq(3),403hcnwx(3),;25922.2,25993.8,25993.8,18795.2,0,0,0,0,1531.138785142468
72oictw(3),436wtduq(3),|72oictw(3),436wtduq(3),|72oictw(3),436wtduq(3),|72oictw(3),436wtduq(3),403hcnwx(3),;25922.2,25993.8,25993.8,18795.2,0,0,0,0,1536.138785142468
72oictw(3),436wtduq(3),|72oictw(3),436wtduq(3),|72oictw(3),436wtduq(3),|72oictw(3),436wtduq(3),403hcnwx(3),;25922.2,25993.8,25993.8,18795.2,0,0,0,0,1541.138785142468
72oictw(3),436wtduq(3),|72oictw(3),436wtduq(3),|72oictw(3),436wtduq(3),|72oictw(3),436wtduq(3),403hcnwx(3),;25922.2,25993.8,25993.8,18795.2,0,0,0,0,1546.138785142468
72oictw(3),436wtduq(3),|72oictw(3),436wtduq(3),|72oictw(3),436wtduq(3),|72oictw(3),436wtduq(3),403hcnwx(3),;25922.2,25993.8,25993.8,18795.2,0,0,0,0,1551.138785142468
72oictw(3),436wtduq(3),|72oictw(3),436wtduq(3),|72oictw(3),436wtduq(3),|72oictw(3),436wtduq(3),403hcnwx(3),;25922.2,25993.8,25993.8,18795.2,0,0,0,0,1556.138785142468
72oictw(3),436wtduq(3),|72oictw(3),436wtduq(3),|72oictw(3),436wtduq(3),|72oictw(3),436wtduq(3),403hcnwx(3),;25922.2,25993.8,25993.8,18795.2,0,0,0,0,1561.138785142468
72oictw(3),436wtduq(3),|72oictw(3),436wtduq(3),|72oictw(3),436wtduq(3),|72oictw(3),436wtduq(3),403hcnwx(3),;25922.2,25993.8,25993.8,18795.2,0,0,0,0,1566.138785142468
72oictw(3),436wtduq(3),|72oictw(3),436wtduq(3),|72oictw(3),436wtduq(3),|72oictw(3),436wtduq(3),403hcnwx(3),;25922.2,25993.8,25993.8,18795.2,0,0,0,0,1571.138785142468
72oictw(3),436wtduq(3),|72oictw(3),436wtduq(3),|72oictw(3),436wtduq(3),|72oictw(3),436wtduq(3),403hcnwx(3),;25922.2,25993.8,25993.8,18795.2,0,0,0,0,1576.138785142468
72oictw(3),436wtduq(3),|72oictw(3),436wtduq(3),|72oictw(3),436wtduq(3),|72oictw(3),436wtduq(3),403hcnwx(3),;25922.2,25993.8,25993.8,18795.2,0,0,0,0,1581.138785142468
72oictw(3),436wtduq(3),|72oictw(3),436wtduq(3),|72oictw(3),436wtduq(3),|72oictw(3),436wtduq(3),403hcnwx(3),;25922.2,25993.8,25993.8,18795.2,0,0,0,0,1586.138785142468
72oictw(3),436wtduq(3),|72oictw(3),436wtduq(3),|72oictw(3),436wtduq(3),|72oictw(3),436wtduq(3),403hcnwx(3),;25922.2,25993.8,25993.8,18795.2,0,0,0,0,1591.138785142468
72oictw(3),436wtduq(3),|72oictw(3),436wtduq(3),|72oictw(3),436wtduq(3),|72oictw(3),436wtduq(3),403hcnwx(3),;25922.2,25993.8,25993.8,18795.2,0,0,0,0,1596.138785142468
72oictw(3),436wtduq(3),|72oictw(3),436wtduq(3),|72oictw(3),436wtduq(3),|72oictw(3),436wtduq(3),403hcnwx(3),;25922.2,25993.8,25993.8,18795.2,0,0,0,0,1601.138785142468
72oictw(3),436wtduq(3),|72oictw(3),436wtduq(3),|72oictw(3),436wtduq(3),|72oictw(3),436wtduq(3),403hcnwx(3),;25922.2,25993.8,25993.8,18795.2,0,0,0,0,1606.138785142468
72oictw(3),436wtduq(3),|72oictw(3),436wtduq(3),|72oictw(3),436wtduq(3),|72oictw(3),436wtduq(3),403hcnwx(3),;25922.2,25993.8,25993.8,18795.2,0,0,0,0,1611.138785142468
72oictw(3),436wtduq(3),|72oictw(3),436wtduq(3),|72oictw(3),436wtduq(3),|72oictw(3),436wtduq(3),403hcnwx(3),;25922.2,25993.8,25993.8,18795.2,0,0,0,0,1616.138785142468
72oictw(3),436wtduq(3),|72oictw(3),436wtduq(3),|72oictw(3),436wtduq(3),|72oictw(3),436wtduq(3),403hcnwx(3),;25922.2,25993.8,25993.8,18795.2,0,0,0,0,1621.138785142468
72oictw(3),436wtduq(3),|72oictw(3),436wtduq(3),|72oictw(3),436wtduq(3),|72oictw(3),436wtduq(3),403hcnwx(3),;25922.2,25993.8,25993.8,18795.2,0,0,0,0,1626.138785142468
72oictw(3),436wtduq(3),|72oictw(3),436wtduq(3),|72oictw(3),436wtduq(3),|72oictw(3),436wtduq(3),403hcnwx(3),;25922.2,25993.8,25993.8,18795.2,0,0,0,0,1631.138785142468
72oictw(3),436wtduq(3),|72oictw(3),436wtduq(3),|72oictw(3),436wtduq(3),|72oictw(3),436wtduq(3),403hcnwx(3),;25922.2,25993.8,25993.8,18795.2,0,0,0,0,1636.138785142468
72oictw(3),436wtduq(3),|72oictw(3),436wtduq(3),|72oictw(3),436wtduq(3),|72oictw(3),436wtduq(3),403hcnwx(3),;25922.2,25993.8,25993.8,18795.2,0,0,0,0,1641.138785142468
72oictw(3),436wtduq(3),|72oictw(3),436wtduq(3),|72oictw(3),436wtduq(3),|72oictw(3),436wtduq(3),403hcnwx(3),;25922.2,25993.8,25993.8,18795.2,0,0,0,0,1646.138785142468
72oictw(3),436wtduq(3),|72oictw(3),436wtduq(3),|72oictw(3),436wtduq(3),|72oictw(3),436wtduq(3),403hcnwx(3),;25922.2,25993.8,25993.8,18795.2,0,0,0,0,1651.138785142468
72oictw(3),436wtduq(3),|72oictw(3),436wtduq(3),|72oictw(3),436wtduq(3),|72oictw(3),436wtduq(3),403hcnwx(3),;25922.2,25993.8,25993.8,18795.2,0,0,0,0,1656.138785142468
72oictw(3),436wtduq(3),|72oictw(3),436wtduq(3),|72oictw(3),436wtduq(3),|72oictw(3),436wtduq(3),403hcnwx(3),;25922.2,25993.8,25993.8,18795.2,0,0,0,0,1661.138785142468
72oictw(3),436wtduq(3),|72oictw(3),436wtduq(3),|72oictw(3),436wtduq(3),|72oictw(3),436wtduq(3),403hcnwx(3),;25922.2,25993.8,25993.8,18795.2,0,0,0,0,1666.138785142468
72oictw(3),436wtduq(3),|72oictw(3),436wtduq(3),|72oictw(3),436wtduq(3),|72oictw(3),436wtduq(3),403hcnwx(3),;25922.2,25993.8,25993.8,18795.2,0,0,0,0,1671.138785142468
72oictw(3),436wtduq(3),|72oictw(3),436wtduq(3),|72oictw(3),436wtduq(3),|72oictw(3),436wtduq(3),403hcnwx(3),;25922.2,25993.8,25993.8,18795.2,0,0,0,0,1676.138785142468
72oictw(3),436wtduq(3),436asqzg(0),|72oictw(3),436wtduq(3),436asqzg(0),|72oictw(3),436wtduq(3),436asqzg(0),|72oictw(3),436wtduq(3),403hcnwx(3),436asqzg(0),;23049.9,24078.9,24078.9,15922.9,14.054528501332,9.782965178256,9.782965178256,14.054528501332,1681.138785142468
72oictw(3),436wtduq(3),436asqzg(2),|72oictw(3),436wtduq(3),436asqzg(2),|72oictw(3),436wtduq(3),436asqzg(2),|72oictw(3),436wtduq(3),403hcnwx(3),436asqzg(2),;23049.9,24078.9,24078.9,15922.9,9.054528501332,4.782965178256,4.782965178256,9.054528501332,1686.138785142468
72oictw(3),436wtduq(3),436asqzg(2),|72oictw(3),436wtduq(3),436asqzg(3),|72oictw(3),436wtduq(3),436asqzg(3),|72oictw(3),436wtduq(3),403hcnwx(3),436asqzg(2),;23049.9,24078.9,24078.9,15922.9,4.054528501332,0,0,4.054528501332,1691.138785142468
72oictw(3),436wtduq(3),436asqzg(3),|72oictw(3),436wtduq(3),436asqzg(3),|72oictw(3),436wtduq(3),436asqzg(3),|72oictw(3),436wtduq(3),403hcnwx(3),436asqzg(3),;23049.9,24078.9,24078.9,15922.9,0,0,0,0,1696.138785142468
72oictw(3),436wtduq(3),436asqzg(3),|72oictw(3),436wtduq(3),436asqzg(3),|72oictw(3),436wtduq(3),436asqzg(3),|72oictw(3),436wtduq(3),403hcnwx(3),436asqzg(3),;23049.9,24078.9,24078.9,15922.9,0,0,0,0,1701.138785142468
72oictw(3),436wtduq(3),436asqzg(3),|72oictw(3),436wtduq(3),436asqzg(3),|72oictw(3),436wtduq(3),436asqzg(3),|72oictw(3),436wtduq(3),403hcnwx(3),436asqzg(3),;23049.9,24078.9,24078.9,15922.9,0,0,0,0,1706.138785142468
72oictw(3),436wtduq(3),436asqzg(3),|72oictw(3),436wtduq(3),436asqzg(3),|72oictw(3),436wtduq(3),436asqzg(3),|72oictw(3),436wtduq(3),403hcnwx(3),436asqzg(3),;23049.9,24078.9,24078.9,15922.9,0,0,0,0,1711.138785142468
72oictw(3),436wtduq(3),436asqzg(3),|72oictw(3),436wtduq(3),436asqzg(3),|72oictw(3),436wtduq(3),436asqzg(3),|72oictw(3),436wtduq(3),403hcnwx(3),436asqzg(3),;23049.9,24078.9,24078.9,15922.9,0,0,0,0,1716.138785142468
72oictw(3),436wtduq(3),436asqzg(3),|72oictw(3),436wtduq(3),436asqzg(3),|72oictw(3),436wtduq(3),436asqzg(3),|72oictw(3),436wtduq(3),403hcnwx(3),436asqzg(3),;23049.9,24078.9,24078.9,15922.9,0,0,0,0,1721.138785142468
72oictw(3),436wtduq(3),436asqzg(3),|72oictw(3),436wtduq(3),436asqzg(3),|72oictw(3),436wtduq(3),436asqzg(3),|72oictw(3),436wtduq(3),403hcnwx(3),436asqzg(3),;23049.9,24078.9,24078.9,15922.9,0,0,0,0,1726.138785142468
72oictw(3),436wtduq(3),436asqzg(3),|72oictw(3),436wtduq(3),436asqzg(3),|72oictw(3),436wtduq(3),436asqzg(3),|72oictw(3),436wtduq(3),403hcnwx(3),436asqzg(3),;23049.9,24078.9,24078.9,15922.9,0,0,0,0,1731.138785142468
72oictw(3),436wtduq(3),436asqzg(3),|72oictw(3),436wtduq(3),436asqzg(3),|72oictw(3),436wtduq(3),436asqzg(3),|72oictw(3),436wtduq(3),403hcnwx(3),436asqzg(3),;23049.9,24078.9,24078.9,15922.9,0,0,0,0,1736.138785142468
72oictw(3),436wtduq(3),436asqzg(3),|72oictw(3),436wtduq(3),436asqzg(3),|72oictw(3),436wtduq(3),436asqzg(3),|72oictw(3),436wtduq(3),403hcnwx(3),436asqzg(3),;23049.9,24078.9,24078.9,15922.9,0,0,0,0,1741.138785142468
72oictw(3),436wtduq(3),436asqzg(3),|72oictw(3),436wtduq(3),436asqzg(3),|72oictw(3),436wtduq(3),436asqzg(3),|72oictw(3),436wtduq(3),403hcnwx(3),436asqzg(3),;23049.9,24078.9,24078.9,15922.9,0,0,0,0,1746.138785142468
72oictw(3),436wtduq(3),436asqzg(3),|72oictw(3),436wtduq(3),436asqzg(3),|72oictw(3),436wtduq(3),436asqzg(3),|72oictw(3),436wtduq(3),403hcnwx(3),436asqzg(3),;23049.9,24078.9,24078.9,15922.9,0,0,0,0,1751.138785142468
72oictw(3),436wtduq(3),436asqzg(3),436wfxla(0),|72oictw(3),436wtduq(3),436asqzg(3),436wfxla(0),|72oictw(3),436wtduq(3),436asqzg(3),436wfxla(0),|72oictw(3),436wtduq(3),403hcnwx(3),436asqzg(3),436wfxla(0),;21206.7,21314.1,22235.7,13158.1,9.306776493965,13.418441724734,9.306776493965,13.418441724734,1756.138785142468
72oictw(3),436wtduq(3),436asqzg(3),436wfxla(2),|72oictw(3),436wtduq(3),436asqzg(3),436wfxla(2),|72oictw(3),436wtduq(3),436asqzg(3),436wfxla(2),|72oictw(3),436wtduq(3),403hcnwx(3),436asqzg(3),436wfxla(2),;21206.7,21314.1,22235.7,13158.1,4.306776493965,8.418441724734,4.306776493965,8.418441724734,1761.138785142468
72oictw(3),436wtduq(3),436asqzg(3),436wfxla(3),|72oictw(3),436wtduq(3),436asqzg(3),436wfxla(2),|72oictw(3),436wtduq(3),436asqzg(3),436wfxla(3),|72oictw(3),436wtduq(3),403hcnwx(3),436asqzg(3),436wfxla(2),;21206.7,21314.1,22235.7,13158.1,0,3.418441724734,0,3.418441724734,1766.138785142468
72oictw(3),436wtduq(3),436asqzg(3),436wfxla(3),|72oictw(3),436wtduq(3),436asqzg(3),436wfxla(3),|72oictw(3),436wtduq(3),436asqzg(3),436wfxla(3),|72oictw(3),436wtduq(3),403hcnwx(3),436asqzg(3),436wfxla(3),;21206.7,21314.1,22235.7,13158.1,0,0,0,0,1771.138785142468
72oictw(3),436wtduq(3),436asqzg(3),436wfxla(3),|72oictw(3),436wtduq(3),436asqzg(3),436wfxla(3),|72oictw(3),436wtduq(3),436asqzg(3),436wfxla(3),|72oictw(3),436wtduq(3),403hcnwx(3),436asqzg(3),436wfxla(3),;21206.7,21314.1,22235.7,13158.1,0,0,0,0,1776.138785142468
72oictw(3),436wtduq(3),436asqzg(3),436wfxla(3),|72oictw(3),436wtduq(3),436asqzg(3),436wfxla(3),|72oictw(3),436wtduq(3),436asqzg(3),436wfxla(3),|72oictw(3),436wtduq(3),403hcnwx(3),436asqzg(3),436wfxla(3),;21206.7,21314.1,22235.7,13158.1,0,0,0,0,1781.138785142468
72oictw(3),436wtduq(3),436asqzg(3),436wfxla(3),|72oictw(3),436wtduq(3),436asqzg(3),436wfxla(3),|72oictw(3),436wtduq(3),436asqzg(3),436wfxla(3),|72oictw(3),436wtduq(3),403hcnwx(3),436asqzg(3),436wfxla(3),;21206.7,21314.1,22235.7,13158.1,0,0,0,0,1786.138785142468
72oictw(3),436wtduq(3),436asqzg(3),436wfxla(3),|72oictw(3),436wtduq(3),436asqzg(3),436wfxla(3),|72oictw(3),436wtduq(3),436asqzg(3),436wfxla(3),|72oictw(3),436wtduq(3),403hcnwx(3),436asqzg(3),436wfxla(3),;21206.7,21314.1,22235.7,13158.1,0,0,0,0,1791.138785142468
72oictw(3),436wtduq(3),436asqzg(3),436wfxla(3),|72oictw(3),436wtduq(3),436asqzg(3),436wfxla(3),|72oictw(3),436wtduq(3),436asqzg(3),436wfxla(3),|72oictw(3),436wtduq(3),403hcnwx(3),436asqzg(3),436wfxla(3),;21206.7,21314.1,22235.7,13158.1,0,0,0,0,1796.138785142468
72oictw(3),436wtduq(3),436asqzg(3),436wfxla(3),|72oictw(3),436wtduq(3),436asqzg(3),436wfxla(3),|72oictw(3),436wtduq(3),436asqzg(3),436wfxla(3),|72oictw(3),436wtduq(3),403hcnwx(3),436asqzg(3),436wfxla(3),;21206.7,21314.1,22235.7,13158.1,0,0,0,0,1801.138785142468
72oictw(3),436wtduq(3),436asqzg(3),436wfxla(3),|72oictw(3),436wtduq(3),436asqzg(3),436wfxla(3),|72oictw(3),436wtduq(3),436asqzg(3),436wfxla(3),|72oictw(3),436wtduq(3),403hcnwx(3),436asqzg(3),436wfxla(3),;21206.7,21314.1,22235.7,13158.1,0,0,0,0,1806.138785142468
72oictw(3),436wtduq(3),436asqzg(3),436wfxla(3),|72oictw(3),436wtduq(3),436asqzg(3),436wfxla(3),|72oictw(3),436wtduq(3),436asqzg(3),436wfxla(3),|72oictw(3),436wtduq(3),403hcnwx(3),436asqzg(3),436wfxla(3),;21206.7,21314.1,22235.7,13158.1,0,0,0,0,1811.138785142468
72oictw(3),436wtduq(3),436asqzg(3),436wfxla(3),|72oictw(3),436wtduq(3),436asqzg(3),436wfxla(3),|72oictw(3),436wtduq(3),436asqzg(3),436wfxla(3),|72oictw(3),436wtduq(3),403hcnwx(3),436asqzg(3),436wfxla(3),;21206.7,21314.1,22235.7,13158.1,0,0,0,0,1816.138785142468
72oictw(3),436wtduq(3),436asqzg(3),436wfxla(3),|72oictw(3),436wtduq(3),436asqzg(3),436wfxla(3),|72oictw(3),436wtduq(3),436asqzg(3),436wfxla(3),|72oictw(3),436wtduq(3),403hcnwx(3),436asqzg(3),436wfxla(3),;21206.7,21314.1,22235.7,13158.1,0,0,0,0,1821.138785142468
72oictw(3),436wtduq(3),436asqzg(3),436wfxla(3),|72oictw(3),436wtduq(3),436asqzg(3),436wfxla(3),|72oictw(3),436wtduq(3),436asqzg(3),436wfxla(3),|72oictw(3),436wtduq(3),403hcnwx(3),436asqzg(3),436wfxla(3),;21206.7,21314.1,22235.7,13158.1,0,0,0,0,1826.138785142468
72oictw(3),436wtduq(3),436asqzg(3),436wfxla(3),|72oictw(3),436wtduq(3),436asqzg(3),436wfxla(3),|72oictw(3),436wtduq(3),436asqzg(3),436wfxla(3),|72oictw(3),436wtduq(3),403hcnwx(3),436asqzg(3),436wfxla(3),;21206.7,21314.1,22235.7,13158.1,0,0,0,0,1831.138785142468
72oictw(3),436wtduq(3),436asqzg(3),436wfxla(3),|72oictw(3),436wtduq(3),436asqzg(3),436wfxla(3),|72oictw(3),436wtduq(3),436asqzg(3),436wfxla(3),|72oictw(3),436wtduq(3),403hcnwx(3),436asqzg(3),436wfxla(3),;21206.7,21314.1,22235.7,13158.1,0,0,0,0,1836.138785142468
72oictw(3),436wtduq(3),436asqzg(3),436wfxla(3),|72oictw(3),436wtduq(3),436asqzg(3),436wfxla(3),|72oictw(3),436wtduq(3),436asqzg(3),436wfxla(3),|72oictw(3),436wtduq(3),403hcnwx(3),436asqzg(3),436wfxla(3),;21206.7,21314.1,22235.7,13158.1,0,0,0,0,1841.138785142468
72oictw(3),436wtduq(3),436asqzg(3),436wfxla(3),|72oictw(3),436wtduq(3),436asqzg(3),436wfxla(3),|72oictw(3),436wtduq(3),436asqzg(3),436wfxla(3),|72oictw(3),436wtduq(3),403hcnwx(3),436asqzg(3),436wfxla(3),;21206.7,21314.1,22235.7,13158.1,0,0,0,0,1846.138785142468
72oictw(3),436wtduq(3),436asqzg(3),436wfxla(3),|72oictw(3),436wtduq(3),436asqzg(3),436wfxla(3),|72oictw(3),436wtduq(3),436asqzg(3),436wfxla(3),|72oictw(3),436wtduq(3),403hcnwx(3),436asqzg(3),436wfxla(3),;21206.7,21314.1,22235.7,13158.1,0,0,0,0,1851.138785142468
72oictw(3),436wtduq(3),436asqzg(3),436wfxla(3),|72oictw(3),436wtduq(3),436asqzg(3),436wfxla(3),|72oictw(3),436wtduq(3),436asqzg(3),436wfxla(3),|72oictw(3),436wtduq(3),403hcnwx(3),436asqzg(3),436wfxla(3),;21206.7,21314.1,22235.7,13158.1,0,0,0,0,1856.138785142468
72oictw(3),436wtduq(3),436asqzg(3),436wfxla(3),|72oictw(3),436wtduq(3),436asqzg(3),436wfxla(3),|72oictw(3),436wtduq(3),436asqzg(3),436wfxla(3),|72oictw(3),436wtduq(3),403hcnwx(3),436asqzg(3),436wfxla(3),;21206.7,21314.1,22235.7,13158.1,0,0,0,0,1861.138785142468
72oictw(3),436wtduq(3),436asqzg(3),436wfxla(3),|72oictw(3),436wtduq(3),436asqzg(3),436wfxla(3),|72oictw(3),436wtduq(3),436asqzg(3),436wfxla(3),|72oictw(3),436wtduq(3),403hcnwx(3),436asqzg(3),436wfxla(3),;21206.7,21314.1,22235.7,13158.1,0,0,0,0,1866.138785142468
72oictw(3),436wtduq(3),436asqzg(3),436wfxla(3),|72oictw(3),436wtduq(3),436asqzg(3),436wfxla(3),|72oictw(3),436wtduq(3),436asqzg(3),436wfxla(3),|72oictw(3),436wtduq(3),403hcnwx(3),436asqzg(3),436wfxla(3),;21206.7,21314.1,22235.7,13158.1,0,0,0,0,1871.138785142468
72oictw(3),436wtduq(3),436asqzg(3),436wfxla(3),|72oictw(3),436wtduq(3),436asqzg(3),436wfxla(3),|72oictw(3),436wtduq(3),436asqzg(3),436wfxla(3),|72oictw(3),436wtduq(3),403hcnwx(3),436asqzg(3),436wfxla(3),;21206.7,21314.1,22235.7,13158.1,0,0,0,0,1876.138785142468
72oictw(3),436wtduq(3),436asqzg(3),436wfxla(3),|72oictw(3),436wtduq(3),436asqzg(3),436wfxla(3),|72oictw(3),436wtduq(3),436asqzg(3),436wfxla(3),|72oictw(3),436wtduq(3),403hcnwx(3),436asqzg(3),436wfxla(3),;21206.7,21314.1,22235.7,13158.1,0,0,0,0,1881.138785142468
72oictw(3),436wtduq(3),436asqzg(3),436wfxla(3),|72oictw(3),436wtduq(3),436asqzg(3),436wfxla(3),|72oictw(3),436wtduq(3),436asqzg(3),436wfxla(3),|72oictw(3),436wtduq(3),403hcnwx(3),436asqzg(3),436wfxla(3),;21206.7,21314.1,22235.7,13158.1,0,0,0,0,1886.138785142468
72oictw(3),436wtduq(3),436asqzg(3),436wfxla(3),|72oictw(3),436wtduq(3),436asqzg(3),436wfxla(3),|72oictw(3),436wtduq(3),436asqzg(3),436wfxla(3),|72oictw(3),436wtduq(3),403hcnwx(3),436asqzg(3),436wfxla(3),;21206.7,21314.1,22235.7,13158.1,0,0,0,0,1891.138785142468
72oictw(3),436wtduq(3),436asqzg(3),436wfxla(3),|72oictw(3),436wtduq(3),436asqzg(3),436wfxla(3),|72oictw(3),436wtduq(3),436asqzg(3),436wfxla(3),|72oictw(3),436wtduq(3),403hcnwx(3),436asqzg(3),436wfxla(3),;21206.7,21314.1,22235.7,13158.1,0,0,0,0,1896.138785142468
72oictw(3),436wtduq(3),436asqzg(3),436wfxla(3),|72oictw(3),436wtduq(3),436asqzg(3),436wfxla(3),|72oictw(3),436wtduq(3),436asqzg(3),436wfxla(3),|72oictw(3),436wtduq(3),403hcnwx(3),436asqzg(3),436wfxla(3),;21206.7,21314.1,22235.7,13158.1,0,0,0,0,1901.138785142468
72oictw(3),436wtduq(3),436asqzg(3),436wfxla(3),|72oictw(3),436wtduq(3),436asqzg(3),436wfxla(3),|72oictw(3),436wtduq(3),436asqzg(3),436wfxla(3),|72oictw(3),436wtduq(3),403hcnwx(3),436asqzg(3),436wfxla(3),;21206.7,21314.1,22235.7,13158.1,0,0,0,0,1906.138785142468
72oictw(3),436wtduq(3),436asqzg(3),436wfxla(3),|72oictw(3),436wtduq(3),436asqzg(3),436wfxla(3),|72oictw(3),436wtduq(3),436asqzg(3),436wfxla(3),|72oictw(3),436wtduq(3),403hcnwx(3),436asqzg(3),436wfxla(3),;21206.7,21314.1,22235.7,13158.1,0,0,0,0,1911.138785142468
72oictw(3),436wtduq(3),436asqzg(3),436wfxla(3),|72oictw(3),436wtduq(3),436asqzg(3),436wfxla(3),|72oictw(3),436wtduq(3),436asqzg(3),436wfxla(3),|72oictw(3),436wtduq(3),403hcnwx(3),436asqzg(3),436wfxla(3),;21206.7,21314.1,22235.7,13158.1,0,0,0,0,1916.138785142468
72oictw(3),436wtduq(3),436asqzg(3),436wfxla(3),|72oictw(3),436wtduq(3),436asqzg(3),436wfxla(3),|72oictw(3),436wtduq(3),436asqzg(3),436wfxla(3),|72oictw(3),436wtduq(3),403hcnwx(3),436asqzg(3),436wfxla(3),;21206.7,21314.1,22235.7,13158.1,0,0,0,0,1921.138785142468
72oictw(3),436wtduq(3),436asqzg(3),436wfxla(3),|72oictw(3),436wtduq(3),436asqzg(3),436wfxla(3),|72oictw(3),436wtduq(3),436asqzg(3),436wfxla(3),|72oictw(3),436wtduq(3),403hcnwx(3),436asqzg(3),436wfxla(3),;21206.7,21314.1,22235.7,13158.1,0,0,0,0,1926.138785142468
72oictw(3),436wtduq(3),436asqzg(3),436wfxla(3),|72oictw(3),436wtduq(3),436asqzg(3),436wfxla(3),|72oictw(3),436wtduq(3),436asqzg(3),436wfxla(3),|72oictw(3),436wtduq(3),436asqzg(3),436wfxla(3),;21206.7,21314.1,22235.7,20285.1,0,0,0,0,1931.138785142468
72oictw(3),436wtduq(3),436asqzg(3),436wfxla(3),|72oictw(3),436wtduq(3),436asqzg(3),436wfxla(3),|72oictw(3),436wtduq(3),436asqzg(3),436wfxla(3),|72oictw(3),436wtduq(3),436asqzg(3),436wfxla(3),;21206.7,21314.1,22235.7,20285.1,0,0,0,0,1936.138785142468
72oictw(3),436wtduq(3),436asqzg(3),436wfxla(3),|72oictw(3),436wtduq(3),436asqzg(3),436wfxla(3),|72oictw(3),436wtduq(3),436asqzg(3),436wfxla(3),|72oictw(3),436wtduq(3),436asqzg(3),436wfxla(3),;21206.7,21314.1,22235.7,20285.1,0,0,0,0,1941.138785142468
72oictw(3),436wtduq(3),436asqzg(3),436wfxla(3),|72oictw(3),436wtduq(3),436asqzg(3),436wfxla(3),|72oictw(3),436wtduq(3),436asqzg(3),436wfxla(3),|72oictw(3),436wtduq(3),436asqzg(3),436wfxla(3),;21206.7,21314.1,22235.7,20285.1,0,0,0,0,1946.138785142468
72oictw(3),436wtduq(3),436asqzg(3),436wfxla(3),|72oictw(3),436wtduq(3),436asqzg(3),436wfxla(3),|72oictw(3),436wtduq(3),436asqzg(3),436wfxla(3),|72oictw(3),436wtduq(3),436asqzg(3),436wfxla(3),;21206.7,21314.1,22235.7,20285.1,0,0,0,0,1951.138785142468
72oictw(3),436wtduq(3),436asqzg(3),436wfxla(3),|72oictw(3),436wtduq(3),436asqzg(3),436wfxla(3),|72oictw(3),436wtduq(3),436asqzg(3),436wfxla(3),|72oictw(3),436wtduq(3),436asqzg(3),436wfxla(3),;21206.7,21314.1,22235.7,20285.1,0,0,0,0,1956.138785142468
72oictw(3),436wtduq(3),436asqzg(3),436wfxla(3),|72oictw(3),436wtduq(3),436asqzg(3),436wfxla(3),|72oictw(3),436wtduq(3),436asqzg(3),436wfxla(3),|72oictw(3),436wtduq(3),436asqzg(3),436wfxla(3),;21206.7,21314.1,22235.7,20285.1,0,0,0,0,1961.138785142468
72oictw(3),436wtduq(3),436asqzg(3),436wfxla(3),|72oictw(3),436wtduq(3),436asqzg(3),436wfxla(3),|72oictw(3),436wtduq(3),436asqzg(3),436wfxla(3),|72oictw(3),436wtduq(3),436asqzg(3),436wfxla(3),;21206.7,21314.1,22235.7,20285.1,0,0,0,0,1966.138785142468
72oictw(3),436wtduq(3),436asqzg(3),436wfxla(3),|72oictw(3),436wtduq(3),436asqzg(3),436wfxla(3),|72oictw(3),436wtduq(3),436asqzg(3),436wfxla(3),|72oictw(3),436wtduq(3),436asqzg(3),436wfxla(3),;21206.7,21314.1,22235.7,20285.1,0,0,0,0,1971.138785142468
72oictw(3),436wtduq(3),436asqzg(3),436wfxla(3),|72oictw(3),436wtduq(3),436asqzg(3),436wfxla(3),|72oictw(3),436wtduq(3),436asqzg(3),436wfxla(3),|72oictw(3),436wtduq(3),436asqzg(3),436wfxla(3),;21206.7,21314.1,22235.7,20285.1,0,0,0,0,1976.138785142468
72oictw(3),436wtduq(3),436asqzg(3),436wfxla(3),|72oictw(3),436wtduq(3),436asqzg(3),436wfxla(3),|72oictw(3),436wtduq(3),436asqzg(3),436wfxla(3),|72oictw(3),436wtduq(3),436asqzg(3),436wfxla(3),;21206.7,21314.1,22235.7,20285.1,0,0,0,0,1981.138785142468
72oictw(3),436wtduq(3),436asqzg(3),436wfxla(3),|72oictw(3),436wtduq(3),436asqzg(3),436wfxla(3),|72oictw(3),436wtduq(3),436asqzg(3),436wfxla(3),|72oictw(3),436wtduq(3),436asqzg(3),436wfxla(3),;21206.7,21314.1,22235.7,20285.1,0,0,0,0,1986.138785142468
72oictw(3),436wtduq(3),436asqzg(3),436wfxla(3),|72oictw(3),436wtduq(3),436asqzg(3),436wfxla(3),|72oictw(3),436wtduq(3),436asqzg(3),436wfxla(3),|72oictw(3),436wtduq(3),436asqzg(3),436wfxla(3),;21206.7,21314.1,22235.7,20285.1,0,0,0,0,1991.138785142468
72oictw(3),436wtduq(3),436asqzg(3),436wfxla(3),|72oictw(3),436wtduq(3),436asqzg(3),436wfxla(3),|72oictw(3),436wtduq(3),436asqzg(3),436wfxla(3),|72oictw(3),436wtduq(3),436asqzg(3),436wfxla(3),;21206.7,21314.1,22235.7,20285.1,0,0,0,0,1996.138785142468
