|||;20582,20582,20582,20582,0,0,0,0,1.066673642287
|||;20582,20582,20582,20582,0,0,0,0,6.066673642287
|||;20582,20582,20582,20582,0,0,0,0,11.066673642287
|||;20582,20582,20582,20582,0,0,0,0,16.066673642287
|||;20582,20582,20582,20582,0,0,0,0,21.066673642287
|||;20582,20582,20582,20582,0,0,0,0,26.066673642287
|||;20582,20582,20582,20582,0,0,0,0,31.066673642287
|||;20582,20582,20582,20582,0,0,0,0,36.066673642287
|||;20582,20582,20582,20582,0,0,0,0,41.066673642287
|||;20582,20582,20582,20582,0,0,0,0,46.066673642287
|||;20582,20582,20582,20582,0,0,0,0,51.066673642287
|||;20582,20582,20582,20582,0,0,0,0,56.066673642287
|||;20582,20582,20582,20582,0,0,0,0,61.066673642287
|||;20582,20582,20582,20582,0,0,0,0,66.066673642287
|||;20582,20582,20582,20582,0,0,0,0,71.066673642287
454bmaqs(2),|454bmaqs(2),|454bmaqs(2),|454bmaqs(2),;19424.9,18846.3,18846.3,19424.9,2.792229673466,6.495013673466,6.495013673466,2.792229673466,76.066673642287
56mlfek(0),|454bmaqs(2),56mlfek(0),|454bmaqs(2),56mlfek(0),|56mlfek(0),;17909.4,17064.5,17064.5,17909.4,19.665835358294,17.666987358294,17.666987358294,19.665835358294,81.066673642287
56mlfek(2),|56mlfek(2),|56mlfek(2),|56mlfek(2),;17909.4,18800.2,18800.2,17909.4,14.665835358294,12.666987358294,12.666987358294,14.665835358294,86.066673642287
56mlfek(2),|56mlfek(2),|56mlfek(2),|56mlfek(2),;17909.4,18800.2,18800.2,17909.4,9.665835358294,7.666987358294,7.666987358294,9.665835358294,91.066673642287
56mlfek(2),|56mlfek(3),|56mlfek(3),|56mlfek(2),;17909.4,18800.2,18800.2,17909.4,4.665835358294,2.666987358294,2.666987358294,4.665835358294,96.066673642287
56mlfek(3),|56mlfek(3),|56mlfek(3),|56mlfek(3),;17909.4,18800.2,18800.2,17909.4,0,0,0,0,101.066673642287
56mlfek(3),|56mlfek(3),|56mlfek(3),|56mlfek(3),;17909.4,18800.2,18800.2,17909.4,0,0,0,0,106.066673642287
56mlfek(3),403kbuwm(0),|56mlfek(3),403kbuwm(0),|56mlfek(3),403kbuwm(0),|56mlfek(3),403kbuwm(0),;16844.4,17735.2,17202.8,16312,8.871446041368,8.871446041368,12.279318041368,12.279318041368,111.066673642287
56mlfek(3),403kbuwm(2),|56mlfek(3),403kbuwm(2),|56mlfek(3),403kbuwm(2),|56mlfek(3),403kbuwm(2),;16844.4,17735.2,17202.8,16312,3.871446041368,3.871446041368,7.279318041368,7.279318041368,116.066673642287
56mlfek(3),|56mlfek(3),|56mlfek(3),403kbuwm(2),|56mlfek(3),403kbuwm(2),;17909.4,18800.2,17202.8,16312,0,0,2.279318041368,2.279318041368,121.066673642287
56mlfek(3),756ticzu(0),|56mlfek(3),756ticzu(0),|56mlfek(3),756ticzu(0),|56mlfek(3),756ticzu(0),;15774.4,16665.2,16665.2,17197.7,17.685296267828,17.685296267828,17.685296267828,8.390458934495,126.066673642287
56mlfek(3),756ticzu(2),403mhorf(0),|56mlfek(3),756ticzu(2),403mhorf(0),|56mlfek(3),756ticzu(2),403mhorf(0),|56mlfek(3),756ticzu(2),403mhorf(0),;13624,15231.6,15948.4,15764.1,30.444846296305,25.857326296305,21.269806296305,16.562488962972,131.066673642287
56mlfek(3),756ticzu(2),403mhorf(1),|56mlfek(3),756ticzu(2),403mhorf(1),|56mlfek(3),756ticzu(2),403mhorf(1),|56mlfek(3),403mhorf(2),;13624,15231.6,15948.4,16475.8,25.444846296305,20.857326296305,16.269806296305,11.562488962972,136.066673642287
56mlfek(3),756ticzu(2),403mhorf(1),|56mlfek(3),756ticzu(2),403mhorf(1),|56mlfek(3),756ticzu(2),403mhorf(1),|56mlfek(3),403mhorf(2),;13624,15231.6,15948.4,16475.8,20.444846296305,15.857326296305,11.269806296305,6.562488962972,141.066673642287
56mlfek(3),403mhorf(2),|56mlfek(3),403mhorf(2),|56mlfek(3),403mhorf(2),|56mlfek(3),;15759,17366.6,18083.4,17909.4,15.444846296305,10.857326296305,6.269806296305,1.562488962972,146.066673642287
403mhorf(2),|403mhorf(2),||;18431.6,19148.4,20582,20582,10.444846296305,5.857326296305,1.269806296305,0,151.066673642287
403mhorf(2),|||;18431.6,20582,20582,20582,5.444846296305,0.857326296305,0,0,156.066673642287
|||;20582,20582,20582,20582,0.444846296305,0,0,0,161.066673642287
|||;20582,20582,20582,20582,0,0,0,0,166.066673642287
|||;20582,20582,20582,20582,0,0,0,0,171.066673642287
|||;20582,20582,20582,20582,0,0,0,0,176.066673642287
|||;20582,20582,20582,20582,0,0,0,0,181.066673642287
|||;20582,20582,20582,20582,0,0,0,0,186.066673642287
|||;20582,20582,20582,20582,0,0,0,0,191.066673642287
|||;20582,20582,20582,20582,0,0,0,0,196.066673642287
|||;20582,20582,20582,20582,0,0,0,0,201.066673642287
|||;20582,20582,20582,20582,0,0,0,0,206.066673642287
|||;20582,20582,20582,20582,0,0,0,0,211.066673642287
|||;20582,20582,20582,20582,0,0,0,0,216.066673642287
|||;20582,20582,20582,20582,0,0,0,0,221.066673642287
632neiaj(2),||632neiaj(2),|632neiaj(2),;17586.8,20582,17586.8,16588.4,15.636128605217,0,15.636128605217,22.025888605217,226.066673642287
632neiaj(2),||632neiaj(2),|632neiaj(2),;17586.8,20582,17586.8,16588.4,10.636128605217,0,10.636128605217,17.025888605217,231.066673642287
632neiaj(2),||632neiaj(2),|632neiaj(2),;17586.8,20582,17586.8,16588.4,5.636128605217,0,5.636128605217,12.025888605217,236.066673642287
632neiaj(2),||632neiaj(2),|632neiaj(2),;17586.8,20582,17586.8,16588.4,0.636128605217,0,0.636128605217,7.025888605217,241.066673642287
632neiaj(3),||632neiaj(3),|632neiaj(2),;17586.8,20582,17586.8,16588.4,0,0,0,2.025888605217,246.066673642287
632neiaj(3),||632neiaj(3),|632neiaj(3),;17586.8,20582,17586.8,16588.4,0,0,0,0,251.066673642287
632neiaj(3),||632neiaj(3),|632neiaj(3),;17586.8,20582,17586.8,16588.4,0,0,0,0,256.066673642287
632neiaj(3),747ecnyr(0),|747ecnyr(0),|632neiaj(3),747ecnyr(0),|632neiaj(3),747ecnyr(0),;15328.9,19076.7,15328.9,15083.1,15.248904611721,10.334008611721,15.248904611721,10.334008611721,261.066673642287
632neiaj(3),747ecnyr(2),|747ecnyr(2),|632neiaj(3),747ecnyr(2),|632neiaj(3),747ecnyr(2),;15328.9,19076.7,15328.9,15083.1,10.248904611721,5.334008611721,10.248904611721,5.334008611721,266.066673642287
632neiaj(3),747ecnyr(2),||632neiaj(3),747ecnyr(2),|632neiaj(3),;15328.9,20582,15328.9,16588.4,5.248904611721,0.334008611721,5.248904611721,0.334008611721,271.066673642287
632neiaj(3),||632neiaj(3),|632neiaj(3),;17586.8,20582,17586.8,16588.4,0.248904611721,0,0.248904611721,0,276.066673642287
632neiaj(3),||632neiaj(3),|632neiaj(3),;17586.8,20582,17586.8,16588.4,0,0,0,0,281.066673642287
632neiaj(3),||632neiaj(3),|632neiaj(3),;17586.8,20582,17586.8,16588.4,0,0,0,0,286.066673642287
632neiaj(3),||632neiaj(3),|632neiaj(3),;17586.8,20582,17586.8,16588.4,0,0,0,0,291.066673642287
632neiaj(3),||632neiaj(3),|632neiaj(3),;17586.8,20582,17586.8,16588.4,0,0,0,0,296.066673642287
632neiaj(3),||632neiaj(3),|632neiaj(3),;17586.8,20582,17586.8,16588.4,0,0,0,0,301.066673642287
|||;20582,20582,20582,20582,0,0,0,0,306.066673642287
|||;20582,20582,20582,20582,0,0,0,0,311.066673642287
|||;20582,20582,20582,20582,0,0,0,0,316.066673642287
|||;20582,20582,20582,20582,0,0,0,0,321.066673642287
747pjbfl(0),|747pjbfl(0),|747pjbfl(0),|747pjbfl(0),;19573.4,16547.4,16547.4,19573.4,7.94999814523,27.31588614523,27.31588614523,7.94999814523,326.066673642287
747pjbfl(2),177rmbcq(1),|747pjbfl(2),177rmbcq(1),|747pjbfl(2),177rmbcq(1),|747pjbfl(2),177rmbcq(1),;17760.9,15641.2,14735,17760.9,19.070910740215,32.636862740215,38.436798740215,19.070910740215,331.066673642287
177rmbcq(2),|747pjbfl(2),177rmbcq(1),|747pjbfl(2),177rmbcq(1),|177rmbcq(2),;18769.5,15641.2,14735,18769.5,14.070910740215,27.636862740215,33.436798740215,14.070910740215,336.066673642287
177rmbcq(2),|747pjbfl(2),177rmbcq(1),|747pjbfl(2),177rmbcq(1),|177rmbcq(2),;18769.5,15641.2,14735,18769.5,9.070910740215,22.636862740215,28.436798740215,9.070910740215,341.066673642287
177rmbcq(3),|747pjbfl(2),177rmbcq(1),|747pjbfl(2),177rmbcq(1),|177rmbcq(3),;18769.5,15641.2,14735,18769.5,4.070910740215,17.636862740215,23.436798740215,4.070910740215,346.066673642287
177rmbcq(3),|747pjbfl(2),177rmbcq(1),|747pjbfl(2),177rmbcq(1),|177rmbcq(3),;18769.5,15641.2,14735,18769.5,0,12.636862740215,18.436798740215,0,351.066673642287
177rmbcq(3),|747pjbfl(3),177rmbcq(2),|747pjbfl(3),177rmbcq(2),|177rmbcq(3),;18769.5,15641.2,14735,18769.5,0,7.636862740215,13.436798740215,0,356.066673642287
177rmbcq(3),|747pjbfl(3),177rmbcq(3),|747pjbfl(3),177rmbcq(2),|177rmbcq(3),;18769.5,15641.2,14735,18769.5,0,2.636862740215,8.436798740215,0,361.066673642287
177rmbcq(3),|747pjbfl(3),177rmbcq(3),|747pjbfl(3),177rmbcq(3),|177rmbcq(3),;18769.5,15641.2,14735,18769.5,0,0,3.436798740215,0,366.066673642287
177rmbcq(3),|747pjbfl(3),177rmbcq(3),|747pjbfl(3),177rmbcq(3),|177rmbcq(3),;18769.5,15641.2,14735,18769.5,0,0,0,0,371.066673642287
177rmbcq(3),|747pjbfl(3),177rmbcq(3),|747pjbfl(3),177rmbcq(3),|177rmbcq(3),;18769.5,15641.2,14735,18769.5,0,0,0,0,376.066673642287
177rmbcq(3),|747pjbfl(3),177rmbcq(3),|747pjbfl(3),177rmbcq(3),|177rmbcq(3),;18769.5,15641.2,14735,18769.5,0,0,0,0,381.066673642287
177rmbcq(3),|747pjbfl(3),177rmbcq(3),|747pjbfl(3),177rmbcq(3),|177rmbcq(3),;18769.5,15641.2,14735,18769.5,0,0,0,0,386.066673642287
177rmbcq(3),|747pjbfl(3),177rmbcq(3),|747pjbfl(3),177rmbcq(3),|177rmbcq(3),;18769.5,15641.2,14735,18769.5,0,0,0,0,391.066673642287
177rmbcq(3),|747pjbfl(3),177rmbcq(3),|747pjbfl(3),177rmbcq(3),|177rmbcq(3),;18769.5,15641.2,14735,18769.5,0,0,0,0,396.066673642287
177rmbcq(3),|747pjbfl(3),177rmbcq(3),|747pjbfl(3),177rmbcq(3),|177rmbcq(3),;18769.5,15641.2,14735,18769.5,0,0,0,0,401.066673642287
177rmbcq(3),|747pjbfl(3),177rmbcq(3),|747pjbfl(3),177rmbcq(3),|177rmbcq(3),;18769.5,15641.2,14735,18769.5,0,0,0,0,406.066673642287
177rmbcq(3),59zipdn(0),|747pjbfl(3),177rmbcq(3),|747pjbfl(3),177rmbcq(3),|177rmbcq(3),59zipdn(0),;16946.8,15641.2,14735,17858.1,16.103776252198,0,0,10.152405585532,411.066673642287
59zipdn(2),|747pjbfl(3),177rmbcq(3),|747pjbfl(3),177rmbcq(3),|59zipdn(2),;18759.3,15641.2,14735,19670.6,11.103776252198,0,0,5.152405585532,416.066673642287
59zipdn(2),|747pjbfl(3),177rmbcq(3),|747pjbfl(3),177rmbcq(3),|;18759.3,15641.2,14735,20582,6.103776252198,0,0,0.152405585532,421.066673642287
59zipdn(2),|177rmbcq(3),|177rmbcq(3),|;18759.3,19675.8,18769.6,20582,1.103776252198,0,0,0,426.066673642287
|177rmbcq(3),|177rmbcq(3),|;20582,19675.8,18769.6,20582,0,0,0,0,431.066673642287
886nbxpk(0),|177rmbcq(3),886nbxpk(0),|177rmbcq(3),886nbxpk(0),|886nbxpk(0),107uiagj(0),;17694.3,16788.1,16844.5,17807,21.392310923064,21.392310923064,15.231926923064,28.163508573045,436.066673642287
886nbxpk(2),|177rmbcq(3),886nbxpk(2),|177rmbcq(3),886nbxpk(2),|886nbxpk(2),107uiagj(1),;17694.3,16788.1,16844.5,17807,16.392310923064,16.392310923064,10.231926923064,23.163508573045,441.066673642287
886nbxpk(2),|177rmbcq(3),886nbxpk(2),|177rmbcq(3),886nbxpk(2),|886nbxpk(2),107uiagj(1),;17694.3,16788.1,16844.5,17807,11.392310923064,11.392310923064,5.231926923064,18.163508573045,446.066673642287
886nbxpk(2),|177rmbcq(3),886nbxpk(2),|177rmbcq(3),886nbxpk(2),|886nbxpk(2),107uiagj(1),;17694.3,16788.1,16844.5,17807,6.392310923064,6.392310923064,0.231926923064,13.163508573045,451.066673642287
886nbxpk(2),|177rmbcq(3),886nbxpk(2),|177rmbcq(3),886nbxpk(3),|886nbxpk(3),107uiagj(2),;17694.3,16788.1,16844.5,17807,1.392310923064,1.392310923064,0,8.163508573045,456.066673642287
886nbxpk(3),|177rmbcq(3),886nbxpk(3),|177rmbcq(3),886nbxpk(3),|886nbxpk(3),107uiagj(3),;17694.3,16788.1,16844.5,17807,0,0,0,3.163508573045,461.066673642287
886nbxpk(3),|177rmbcq(3),886nbxpk(3),|177rmbcq(3),886nbxpk(3),|886nbxpk(3),107uiagj(3),;17694.3,16788.1,16844.5,17807,0,0,0,0,466.066673642287
886nbxpk(3),|177rmbcq(3),886nbxpk(3),|177rmbcq(3),886nbxpk(3),|886nbxpk(3),107uiagj(3),;17694.3,16788.1,16844.5,17807,0,0,0,0,471.066673642287
886nbxpk(3),|177rmbcq(3),886nbxpk(3),|177rmbcq(3),886nbxpk(3),|886nbxpk(3),107uiagj(3),;17694.3,16788.1,16844.5,17807,0,0,0,0,476.066673642287
886nbxpk(3),|177rmbcq(3),886nbxpk(3),|177rmbcq(3),886nbxpk(3),|886nbxpk(3),107uiagj(3),;17694.3,16788.1,16844.5,17807,0,0,0,0,481.066673642287
886nbxpk(3),|177rmbcq(3),886nbxpk(3),|177rmbcq(3),886nbxpk(3),|886nbxpk(3),107uiagj(3),;17694.3,16788.1,16844.5,17807,0,0,0,0,486.066673642287
886nbxpk(3),|177rmbcq(3),886nbxpk(3),|177rmbcq(3),886nbxpk(3),|886nbxpk(3),107uiagj(3),;17694.3,16788.1,16844.5,17807,0,0,0,0,491.066673642287
886nbxpk(3),886agpvo(2),|177rmbcq(3),886nbxpk(3),886agpvo(2),|177rmbcq(3),886nbxpk(3),886agpvo(2),|886nbxpk(3),107uiagj(3),886agpvo(2),;16455.3,15549.1,15605.5,15328.9,7.074116279651,7.074116279651,7.074116279651,15.003972279651,496.066673642287
886agpvo(2),|177rmbcq(3),886agpvo(2),|177rmbcq(3),886agpvo(2),|107uiagj(3),886agpvo(2),;19343,18436.8,17530.6,17254,2.074116279651,2.074116279651,2.074116279651,10.003972279651,501.066673642287
|177rmbcq(3),|177rmbcq(3),|107uiagj(3),886agpvo(2),;20582,19675.8,18769.6,17254,0,0,0,5.003972279651,506.066673642287
|177rmbcq(3),|177rmbcq(3),|107uiagj(3),886agpvo(3),;20582,19675.8,18769.6,17254,0,0,0,0.003972279651,511.066673642287
|177rmbcq(3),|177rmbcq(3),|107uiagj(3),886agpvo(3),;20582,19675.8,18769.6,17254,0,0,0,0,516.066673642287
|177rmbcq(3),|177rmbcq(3),|107uiagj(3),886agpvo(3),;20582,19675.8,18769.6,17254,0,0,0,0,521.066673642287
|177rmbcq(3),|177rmbcq(3),|107uiagj(3),886agpvo(3),;20582,19675.8,18769.6,17254,0,0,0,0,526.066673642287
|177rmbcq(3),|177rmbcq(3),|107uiagj(3),886agpvo(3),;20582,19675.8,18769.6,17254,0,0,0,0,531.066673642287
|177rmbcq(3),|177rmbcq(3),|107uiagj(3),886agpvo(3),;20582,19675.8,18769.6,17254,0,0,0,0,536.066673642287
|177rmbcq(3),|177rmbcq(3),|107uiagj(3),886agpvo(3),;20582,19675.8,18769.6,17254,0,0,0,0,541.066673642287
|177rmbcq(3),|177rmbcq(3),|107uiagj(3),886agpvo(3),;20582,19675.8,18769.6,17254,0,0,0,0,546.066673642287
|177rmbcq(3),492jatsq(0),|177rmbcq(3),|107uiagj(3),886agpvo(3),;20582,15743.6,18769.6,17254,0,29.48072037142,0,0,551.066673642287
|177rmbcq(3),492jatsq(2),|177rmbcq(3),|107uiagj(3),886agpvo(3),;20582,15743.6,18769.6,17254,0,24.48072037142,0,0,556.066673642287
|177rmbcq(3),492jatsq(2),|177rmbcq(3),|107uiagj(3),886agpvo(3),;20582,15743.6,18769.6,17254,0,19.48072037142,0,0,561.066673642287
|177rmbcq(3),492jatsq(2),||107uiagj(3),886agpvo(3),;20582,15743.6,20582.1,17254,0,14.48072037142,0,0,566.066673642287
|492jatsq(2),||107uiagj(3),886agpvo(3),;20582,16649.8,20582.1,17254,0,9.48072037142,0,0,571.066673642287
|492jatsq(2),||107uiagj(3),886agpvo(3),;20582,16649.8,20582.1,17254,0,4.48072037142,0,0,576.066673642287
|492jatsq(3),||107uiagj(3),;20582,16649.8,20582.1,19732.1,0,0,0,0,581.066673642287
|492jatsq(3),||107uiagj(3),;20582,16649.8,20582.1,19732.1,0,0,0,0,586.066673642287
|492jatsq(3),||107uiagj(3),;20582,16649.8,20582.1,19732.1,0,0,0,0,591.066673642287
|492jatsq(3),||107uiagj(3),;20582,16649.8,20582.1,19732.1,0,0,0,0,596.066673642287
|492jatsq(3),||107uiagj(3),;20582,16649.8,20582.1,19732.1,0,0,0,0,601.066673642287
|492jatsq(3),||107uiagj(3),;20582,16649.8,20582.1,19732.1,0,0,0,0,606.066673642287
|492jatsq(3),||107uiagj(3),;20582,16649.8,20582.1,19732.1,0,0,0,0,611.066673642287
|492jatsq(3),||107uiagj(3),;20582,16649.8,20582.1,19732.1,0,0,0,0,616.066673642287
|492jatsq(3),||107uiagj(3),;20582,16649.8,20582.1,19732.1,0,0,0,0,621.066673642287
|492jatsq(3),||107uiagj(3),179excus(2),;20582,16649.8,20582.1,19071.6,0,0,0,2.564760500593,626.066673642287
|492jatsq(3),||107uiagj(3),179excus(3),;20582,16649.8,20582.1,19071.6,0,0,0,0,631.066673642287
|492jatsq(3),||107uiagj(3),179excus(3),;20582,16649.8,20582.1,19071.6,0,0,0,0,636.066673642287
|492jatsq(3),||107uiagj(3),179excus(3),;20582,16649.8,20582.1,19071.6,0,0,0,0,641.066673642287
|492jatsq(3),||107uiagj(3),179excus(3),;20582,16649.8,20582.1,19071.6,0,0,0,0,646.066673642287
|492jatsq(3),||107uiagj(3),179excus(3),;20582,16649.8,20582.1,19071.6,0,0,0,0,651.066673642287
|492jatsq(3),||107uiagj(3),179excus(3),;20582,16649.8,20582.1,19071.6,0,0,0,0,656.066673642287
|||107uiagj(3),179excus(3),;20582,20582,20582.1,19071.6,0,0,0,0,661.066673642287
|||107uiagj(3),179excus(3),;20582,20582,20582.1,19071.6,0,0,0,0,666.066673642287
|||107uiagj(3),179excus(3),;20582,20582,20582.1,19071.6,0,0,0,0,671.066673642287
|||107uiagj(3),179excus(3),;20582,20582,20582.1,19071.6,0,0,0,0,676.066673642287
|||107uiagj(3),179excus(3),;20582,20582,20582.1,19071.6,0,0,0,0,681.066673642287
|||107uiagj(3),179excus(3),;20582,20582,20582.1,19071.6,0,0,0,0,686.066673642287
|||107uiagj(3),;20582,20582,20582.1,19732.1,0,0,0,0,691.066673642287
|||107uiagj(3),;20582,20582,20582.1,19732.1,0,0,0,0,696.066673642287
|||107uiagj(3),;20582,20582,20582.1,19732.1,0,0,0,0,701.066673642287
21qugxf(0),|21qugxf(0),|21qugxf(0),|107uiagj(3),21qugxf(0),;19302,19302,19302.1,18452.1,9.251941674929,9.251941674929,9.251941674929,9.251941674929,706.066673642287
21qugxf(2),|21qugxf(2),|21qugxf(2),|107uiagj(3),21qugxf(2),;19302,19302,19302.1,18452.1,4.251941674929,4.251941674929,4.251941674929,4.251941674929,711.066673642287
|||107uiagj(3),;20582,20582,20582.1,19732.1,0,0,0,0,716.066673642287
|||107uiagj(3),;20582,20582,20582.1,19732.1,0,0,0,0,721.066673642287
|||107uiagj(3),;20582,20582,20582.1,19732.1,0,0,0,0,726.066673642287
|||107uiagj(3),;20582,20582,20582.1,19732.1,0,0,0,0,731.066673642287
|||107uiagj(3),;20582,20582,20582.1,19732.1,0,0,0,0,736.066673642287
|||107uiagj(3),;20582,20582,20582.1,19732.1,0,0,0,0,741.066673642287
|||107uiagj(3),;20582,20582,20582.1,19732.1,0,0,0,0,746.066673642287
|||;20582,20582,20582.1,20582,0,0,0,0,751.066673642287
|||;20582,20582,20582.1,20582,0,0,0,0,756.066673642287
|||;20582,20582,20582.1,20582,0,0,0,0,761.066673642287
|||;20582,20582,20582.1,20582,0,0,0,0,766.066673642287
492eywzb(2),|492eywzb(2),|492eywzb(2),|492eywzb(2),;19209.8,19209.8,19209.9,17837.7,7.197934596821,7.197934596821,7.197934596821,15.979758596821,771.066673642287
492eywzb(2),|492eywzb(2),|492eywzb(2),|492eywzb(2),;19209.8,19209.8,19209.9,17837.7,2.197934596821,2.197934596821,2.197934596821,10.979758596821,776.066673642287
|||492eywzb(2),;20582,20582,20582.1,17837.7,0,0,0,5.979758596821,781.066673642287
|||492eywzb(2),;20582,20582,20582.1,17837.7,0,0,0,0.979758596821,786.066673642287
|503smofv(2),||492eywzb(3),;20582,19573.4,20582.1,17837.7,0,5.706961024285,0,0,791.066673642287
|503smofv(2),||492eywzb(3),;20582,19573.4,20582.1,17837.7,0,0.706961024285,0,0,796.066673642287
|503smofv(3),||492eywzb(3),;20582,19573.4,20582.1,17837.7,0,0,0,0,801.066673642287
|503smofv(3),||492eywzb(3),;20582,19573.4,20582.1,17837.7,0,0,0,0,806.066673642287
|503smofv(3),||492eywzb(3),;20582,19573.4,20582.1,17837.7,0,0,0,0,811.066673642287
|503smofv(3),||492eywzb(3),;20582,19573.4,20582.1,17837.7,0,0,0,0,816.066673642287
|503smofv(3),||492eywzb(3),;20582,19573.4,20582.1,17837.7,0,0,0,0,821.066673642287
|503smofv(3),||492eywzb(3),;20582,19573.4,20582.1,17837.7,0,0,0,0,826.066673642287
|503smofv(3),||492eywzb(3),;20582,19573.4,20582.1,17837.7,0,0,0,0,831.066673642287
|503smofv(3),||492eywzb(3),;20582,19573.4,20582.1,17837.7,0,0,0,0,836.066673642287
|503smofv(3),||492eywzb(3),;20582,19573.4,20582.1,17837.7,0,0,0,0,841.066673642287
|503smofv(3),||492eywzb(3),;20582,19573.4,20582.1,17837.7,0,0,0,0,846.066673642287
|503smofv(3),||492eywzb(3),;20582,19573.4,20582.1,17837.7,0,0,0,0,851.066673642287
|503smofv(3),||492eywzb(3),;20582,19573.4,20582.1,17837.7,0,0,0,0,856.066673642287
|503smofv(3),||492eywzb(3),;20582,19573.4,20582.1,17837.7,0,0,0,0,861.066673642287
492ydwek(2),|503smofv(3),492ydwek(2),|492ydwek(2),|492eywzb(3),492ydwek(2),;19271.3,17607.3,18616,16527,7.395004403059,11.589308403059,11.589308403059,7.395004403059,866.066673642287
492ydwek(2),|503smofv(3),492ydwek(2),|492ydwek(2),|492ydwek(2),;19271.3,17607.3,18616,19271.3,2.395004403059,6.589308403059,6.589308403059,2.395004403059,871.066673642287
|503smofv(3),492ydwek(2),|492ydwek(2),|;20582,17607.3,18616,20582,0,1.589308403059,1.589308403059,0,876.066673642287
434lzvgc(2),|503smofv(3),||;15421,19573.4,20582.1,20582,33.435308243286,0,0,0,881.066673642287
434lzvgc(2),107vqoph(0),|503smofv(3),||;10505.8,19573.4,20582.1,20582,66.154682550268,0,0,0,886.066673642287
434lzvgc(2),107vqoph(1),|503smofv(3),||;10505.8,19573.4,20582.1,20582,61.154682550268,0,0,0,891.066673642287
434lzvgc(2),107vqoph(1),|503smofv(3),||;10505.8,19573.4,20582.1,20582,56.154682550268,0,0,0,896.066673642287
434lzvgc(2),107vqoph(1),|503smofv(3),||;10505.8,19573.4,20582.1,20582,51.154682550268,0,0,0,901.066673642287
434lzvgc(2),107vqoph(1),|503smofv(3),||;10505.8,19573.4,20582.1,20582,46.154682550268,0,0,0,906.066673642287
434lzvgc(2),107vqoph(1),|503smofv(3),||;10505.8,19573.4,20582.1,20582,41.154682550268,0,0,0,911.066673642287
434lzvgc(3),107vqoph(2),|503smofv(3),434toxne(0),|434toxne(0),|434toxne(0),;10505.8,16624.3,16649.9,17632.9,36.154682550268,20.859832493498,27.151288493498,20.859832493498,916.066673642287
434lzvgc(3),107vqoph(2),107hroay(1),|503smofv(3),434toxne(2),107hroay(1),|434toxne(2),107hroay(1),|434toxne(2),107hroay(1),;9328.2,15446.7,14294.7,16455.3,42.297480580575,27.002630523805,40.830726523805,27.002630523805,921.066673642287
434lzvgc(3),107vqoph(2),107hroay(1),|503smofv(3),434toxne(2),107hroay(1),|434toxne(2),107hroay(1),|434toxne(2),107hroay(1),;9328.2,15446.7,14294.7,16455.3,37.297480580575,22.002630523805,35.830726523805,22.002630523805,926.066673642287
434lzvgc(3),107vqoph(2),107hroay(1),|503smofv(3),434toxne(2),107hroay(1),|434toxne(2),107hroay(1),|434toxne(2),107hroay(1),;9328.2,15446.7,14294.7,16455.3,32.297480580575,17.002630523805,30.830726523805,17.002630523805,931.066673642287
434lzvgc(3),107vqoph(2),107hroay(1),|503smofv(3),434toxne(2),107hroay(1),|434toxne(2),107hroay(1),|434toxne(2),107hroay(1),;9328.2,15446.7,14294.7,16455.3,27.297480580575,12.002630523805,25.830726523805,12.002630523805,936.066673642287
434lzvgc(3),107vqoph(2),107hroay(1),|503smofv(3),434toxne(3),107hroay(2),|434toxne(2),107hroay(1),|434toxne(3),107hroay(2),;9328.2,15446.7,14294.7,16455.3,22.297480580575,7.002630523805,20.830726523805,7.002630523805,941.066673642287
434lzvgc(3),107vqoph(2),107hroay(1),|503smofv(3),434toxne(3),107hroay(3),|434toxne(3),107hroay(2),|434toxne(3),107hroay(3),;9328.2,15446.7,14294.7,16455.3,17.297480580575,2.002630523805,15.830726523805,2.002630523805,946.066673642287
434lzvgc(3),107vqoph(3),107hroay(2),|434toxne(3),107hroay(3),|434toxne(3),107hroay(2),|434toxne(3),107hroay(3),;9328.2,16455.3,14294.7,16455.3,12.297480580575,0,10.830726523805,0,951.066673642287
434lzvgc(3),107vqoph(3),107hroay(3),|434toxne(3),107hroay(3),|434toxne(3),107hroay(2),|434toxne(3),107hroay(3),;9328.2,16455.3,14294.7,16455.3,7.297480580575,0,5.830726523805,0,956.066673642287
434lzvgc(3),107vqoph(3),107hroay(3),|434toxne(3),107hroay(3),|434toxne(3),107hroay(3),|434toxne(3),107hroay(3),;9328.2,16455.3,14294.7,16455.3,2.297480580575,0,0.830726523805,0,961.066673642287
434lzvgc(3),107vqoph(3),107hroay(3),|434toxne(3),107hroay(3),|434toxne(3),107hroay(3),|434toxne(3),107hroay(3),;9328.2,16455.3,14294.7,16455.3,0,0,0,0,966.066673642287
434lzvgc(3),107vqoph(3),107hroay(3),|434toxne(3),107hroay(3),|434toxne(3),107hroay(3),|434toxne(3),107hroay(3),;9328.2,16455.3,14294.7,16455.3,0,0,0,0,971.066673642287
434lzvgc(3),107vqoph(3),107hroay(3),|434toxne(3),107hroay(3),|434toxne(3),107hroay(3),|434toxne(3),107hroay(3),;9328.2,16455.3,14294.7,16455.3,0,0,0,0,976.066673642287
107vqoph(3),107hroay(3),|107hroay(3),|107hroay(3),|107hroay(3),;14489.2,19404.4,18226.9,19404.4,0,0,0,0,981.066673642287
107hroay(3),||107hroay(3),|;19404.4,20582,18226.9,20582,0,0,0,0,986.066673642287
107hroay(3),||107hroay(3),|;19404.4,20582,18226.9,20582,0,0,0,0,991.066673642287
107hroay(3),||107hroay(3),|;19404.4,20582,18226.9,20582,0,0,0,0,996.066673642287
107hroay(3),||107hroay(3),|;19404.4,20582,18226.9,20582,0,0,0,0,1001.066673642287
107hroay(3),||107hroay(3),|;19404.4,20582,18226.9,20582,0,0,0,0,1006.066673642287
107hroay(3),||107hroay(3),|;19404.4,20582,18226.9,20582,0,0,0,0,1011.066673642287
107hroay(3),||107hroay(3),|;19404.4,20582,18226.9,20582,0,0,0,0,1016.066673642287
107hroay(3),||107hroay(3),|;19404.4,20582,18226.9,20582,0,0,0,0,1021.066673642287
107hroay(3),||107hroay(3),|;19404.4,20582,18226.9,20582,0,0,0,0,1026.066673642287
107hroay(3),||107hroay(3),|;19404.4,20582,18226.9,20582,0,0,0,0,1031.066673642287
107hroay(3),||107hroay(3),|;19404.4,20582,18226.9,20582,0,0,0,0,1036.066673642287
107hroay(3),||107hroay(3),|;19404.4,20582,18226.9,20582,0,0,0,0,1041.066673642287
107hroay(3),||107hroay(3),|;19404.4,20582,18226.9,20582,0,0,0,0,1046.066673642287
107hroay(3),||107hroay(3),|;19404.4,20582,18226.9,20582,0,0,0,0,1051.066673642287
107hroay(3),||107hroay(3),|;19404.4,20582,18226.9,20582,0,0,0,0,1056.066673642287
107hroay(3),||107hroay(3),|;19404.4,20582,18226.9,20582,0,0,0,0,1061.066673642287
107hroay(3),||107hroay(3),|;19404.4,20582,18226.9,20582,0,0,0,0,1066.066673642287
900whcna(2),|900whcna(2),|900whcna(2),|900whcna(2),;18370.2,19107.4,19107.5,18370.2,13.409189727875,8.690597727875,8.690597727875,13.409189727875,1071.066673642287
900whcna(2),|900whcna(2),|900whcna(2),|900whcna(2),;18370.2,19107.4,19107.5,18370.2,8.409189727875,3.690597727875,3.690597727875,8.409189727875,1076.066673642287
900whcna(2),|||900whcna(2),;18370.2,20582,20582.1,18370.2,3.409189727875,0,0,3.409189727875,1081.066673642287
|||;20582,20582,20582.1,20582,0,0,0,0,1086.066673642287
|||;20582,20582,20582.1,20582,0,0,0,0,1091.066673642287
|||;20582,20582,20582.1,20582,0,0,0,0,1096.066673642287
|||;20582,20582,20582.1,20582,0,0,0,0,1101.066673642287
|||;20582,20582,20582.1,20582,0,0,0,0,1106.066673642287
|||;20582,20582,20582.1,20582,0,0,0,0,1111.066673642287
|||;20582,20582,20582.1,20582,0,0,0,0,1116.066673642287
|||;20582,20582,20582.1,20582,0,0,0,0,1121.066673642287
|||;20582,20582,20582.1,20582,0,0,0,0,1126.066673642287
|||;20582,20582,20582.1,20582,0,0,0,0,1131.066673642287
|||;20582,20582,20582.1,20582,0,0,0,0,1136.066673642287
|||;20582,20582,20582.1,20582,0,0,0,0,1141.066673642287
|||;20582,20582,20582.1,20582,0,0,0,0,1146.066673642287
|||;20582,20582,20582.1,20582,0,0,0,0,1151.066673642287
|||;20582,20582,20582.1,20582,0,0,0,0,1156.066673642287
|||;20582,20582,20582.1,20582,0,0,0,0,1161.066673642287
|||;20582,20582,20582.1,20582,0,0,0,0,1166.066673642287
|||;20582,20582,20582.1,20582,0,0,0,0,1171.066673642287
|||;20582,20582,20582.1,20582,0,0,0,0,1176.066673642287
|||;20582,20582,20582.1,20582,0,0,0,0,1181.066673642287
|||;20582,20582,20582.1,20582,0,0,0,0,1186.066673642287
|||;20582,20582,20582.1,20582,0,0,0,0,1191.066673642287
|||;20582,20582,20582.1,20582,0,0,0,0,1196.066673642287
|||;20582,20582,20582.1,20582,0,0,0,0,1201.066673642287
|||;20582,20582,20582.1,20582,0,0,0,0,1206.066673642287
|||;20582,20582,20582.1,20582,0,0,0,0,1211.066673642287
|||;20582,20582,20582.1,20582,0,0,0,0,1216.066673642287
|||;20582,20582,20582.1,20582,0,0,0,0,1221.066673642287
|||;20582,20582,20582.1,20582,0,0,0,0,1226.066673642287
|||;20582,20582,20582.1,20582,0,0,0,0,1231.066673642287
|||;20582,20582,20582.1,20582,0,0,0,0,1236.066673642287
|||;20582,20582,20582.1,20582,0,0,0,0,1241.066673642287
|||;20582,20582,20582.1,20582,0,0,0,0,1246.066673642287
|||;20582,20582,20582.1,20582,0,0,0,0,1251.066673642287
|||;20582,20582,20582.1,20582,0,0,0,0,1256.066673642287
|||;20582,20582,20582.1,20582,0,0,0,0,1261.066673642287
|||;20582,20582,20582.1,20582,0,0,0,0,1266.066673642287
|||;20582,20582,20582.1,20582,0,0,0,0,1271.066673642287
|||;20582,20582,20582.1,20582,0,0,0,0,1276.066673642287
|||;20582,20582,20582.1,20582,0,0,0,0,1281.066673642287
|||;20582,20582,20582.1,20582,0,0,0,0,1286.066673642287
|||;20582,20582,20582.1,20582,0,0,0,0,1291.066673642287
|||;20582,20582,20582.1,20582,0,0,0,0,1296.066673642287
|||;20582,20582,20582.1,20582,0,0,0,0,1301.066673642287
|||;20582,20582,20582.1,20582,0,0,0,0,1306.066673642287
|||;20582,20582,20582.1,20582,0,0,0,0,1311.066673642287
|||;20582,20582,20582.1,20582,0,0,0,0,1316.066673642287
|||;20582,20582,20582.1,20582,0,0,0,0,1321.066673642287
|||;20582,20582,20582.1,20582,0,0,0,0,1326.066673642287
|||;20582,20582,20582.1,20582,0,0,0,0,1331.066673642287
|||;20582,20582,20582.1,20582,0,0,0,0,1336.066673642287
|||;20582,20582,20582.1,20582,0,0,0,0,1341.066673642287
|||;20582,20582,20582.1,20582,0,0,0,0,1346.066673642287
|||;20582,20582,20582.1,20582,0,0,0,0,1351.066673642287
|||;20582,20582,20582.1,20582,0,0,0,0,1356.066673642287
|||;20582,20582,20582.1,20582,0,0,0,0,1361.066673642287
|||;20582,20582,20582.1,20582,0,0,0,0,1366.066673642287
|||;20582,20582,20582.1,20582,0,0,0,0,1371.066673642287
|||;20582,20582,20582.1,20582,0,0,0,0,1376.066673642287
|||;20582,20582,20582.1,20582,0,0,0,0,1381.066673642287
|||;20582,20582,20582.1,20582,0,0,0,0,1386.066673642287
|||;20582,20582,20582.1,20582,0,0,0,0,1391.066673642287
|||;20582,20582,20582.1,20582,0,0,0,0,1396.066673642287
|||;20582,20582,20582.1,20582,0,0,0,0,1401.066673642287
|||;20582,20582,20582.1,20582,0,0,0,0,1406.066673642287
|||;20582,20582,20582.1,20582,0,0,0,0,1411.066673642287
|||;20582,20582,20582.1,20582,0,0,0,0,1416.066673642287
|||;20582,20582,20582.1,20582,0,0,0,0,1421.066673642287
|||;20582,20582,20582.1,20582,0,0,0,0,1426.066673642287
|||;20582,20582,20582.1,20582,0,0,0,0,1431.066673642287
|||;20582,20582,20582.1,20582,0,0,0,0,1436.066673642287
|||;20582,20582,20582.1,20582,0,0,0,0,1441.066673642287
|||;20582,20582,20582.1,20582,0,0,0,0,1446.066673642287
|||;20582,20582,20582.1,20582,0,0,0,0,1451.066673642287
|||;20582,20582,20582.1,20582,0,0,0,0,1456.066673642287
|||;20582,20582,20582.1,20582,0,0,0,0,1461.066673642287
|||;20582,20582,20582.1,20582,0,0,0,0,1466.066673642287
|||;20582,20582,20582.1,20582,0,0,0,0,1471.066673642287
|||;20582,20582,20582.1,20582,0,0,0,0,1476.066673642287
|||;20582,20582,20582.1,20582,0,0,0,0,1481.066673642287
|||;20582,20582,20582.1,20582,0,0,0,0,1486.066673642287
|||;20582,20582,20582.1,20582,0,0,0,0,1491.066673642287
|||;20582,20582,20582.1,20582,0,0,0,0,1496.066673642287
|||;20582,20582,20582.1,20582,0,0,0,0,1501.066673642287
|||;20582,20582,20582.1,20582,0,0,0,0,1506.066673642287
|||;20582,20582,20582.1,20582,0,0,0,0,1511.066673642287
|||;20582,20582,20582.1,20582,0,0,0,0,1516.066673642287
|||;20582,20582,20582.1,20582,0,0,0,0,1521.066673642287
|||;20582,20582,20582.1,20582,0,0,0,0,1526.066673642287
|||;20582,20582,20582.1,20582,0,0,0,0,1531.066673642287
|||;20582,20582,20582.1,20582,0,0,0,0,1536.066673642287
|||;20582,20582,20582.1,20582,0,0,0,0,1541.066673642287
|||;20582,20582,20582.1,20582,0,0,0,0,1546.066673642287
|||;20582,20582,20582.1,20582,0,0,0,0,1551.066673642287
|||;20582,20582,20582.1,20582,0,0,0,0,1556.066673642287
|||;20582,20582,20582.1,20582,0,0,0,0,1561.066673642287
|||;20582,20582,20582.1,20582,0,0,0,0,1566.066673642287
|||;20582,20582,20582.1,20582,0,0,0,0,1571.066673642287
|||;20582,20582,20582.1,20582,0,0,0,0,1576.066673642287
|||;20582,20582,20582.1,20582,0,0,0,0,1581.066673642287
|||;20582,20582,20582.1,20582,0,0,0,0,1586.066673642287
|||;20582,20582,20582.1,20582,0,0,0,0,1591.066673642287
|||;20582,20582,20582.1,20582,0,0,0,0,1596.066673642287
|||;20582,20582,20582.1,20582,0,0,0,0,1601.066673642287
|||;20582,20582,20582.1,20582,0,0,0,0,1606.066673642287
|||;20582,20582,20582.1,20582,0,0,0,0,1611.066673642287
|||;20582,20582,20582.1,20582,0,0,0,0,1616.066673642287
|||;20582,20582,20582.1,20582,0,0,0,0,1621.066673642287
|||;20582,20582,20582.1,20582,0,0,0,0,1626.066673642287
|||;20582,20582,20582.1,20582,0,0,0,0,1631.066673642287
|||;20582,20582,20582.1,20582,0,0,0,0,1636.066673642287
|||;20582,20582,20582.1,20582,0,0,0,0,1641.066673642287
|||;20582,20582,20582.1,20582,0,0,0,0,1646.066673642287
|||;20582,20582,20582.1,20582,0,0,0,0,1651.066673642287
|||;20582,20582,20582.1,20582,0,0,0,0,1656.066673642287
|||;20582,20582,20582.1,20582,0,0,0,0,1661.066673642287
|||;20582,20582,20582.1,20582,0,0,0,0,1666.066673642287
|||;20582,20582,20582.1,20582,0,0,0,0,1671.066673642287
|||;20582,20582,20582.1,20582,0,0,0,0,1676.066673642287
|||;20582,20582,20582.1,20582,0,0,0,0,1681.066673642287
|||;20582,20582,20582.1,20582,0,0,0,0,1686.066673642287
|||;20582,20582,20582.1,20582,0,0,0,0,1691.066673642287
|||;20582,20582,20582.1,20582,0,0,0,0,1696.066673642287
|||;20582,20582,20582.1,20582,0,0,0,0,1701.066673642287
|||;20582,20582,20582.1,20582,0,0,0,0,1706.066673642287
|||;20582,20582,20582.1,20582,0,0,0,0,1711.066673642287
|||;20582,20582,20582.1,20582,0,0,0,0,1716.066673642287
|||;20582,20582,20582.1,20582,0,0,0,0,1721.066673642287
|||;20582,20582,20582.1,20582,0,0,0,0,1726.066673642287
|||;20582,20582,20582.1,20582,0,0,0,0,1731.066673642287
|||;20582,20582,20582.1,20582,0,0,0,0,1736.066673642287
|||;20582,20582,20582.1,20582,0,0,0,0,1741.066673642287
|||;20582,20582,20582.1,20582,0,0,0,0,1746.066673642287
|||;20582,20582,20582.1,20582,0,0,0,0,1751.066673642287
|||;20582,20582,20582.1,20582,0,0,0,0,1756.066673642287
|||;20582,20582,20582.1,20582,0,0,0,0,1761.066673642287
|||;20582,20582,20582.1,20582,0,0,0,0,1766.066673642287
|||;20582,20582,20582.1,20582,0,0,0,0,1771.066673642287
|||;20582,20582,20582.1,20582,0,0,0,0,1776.066673642287
|||;20582,20582,20582.1,20582,0,0,0,0,1781.066673642287
|||;20582,20582,20582.1,20582,0,0,0,0,1786.066673642287
|||;20582,20582,20582.1,20582,0,0,0,0,1791.066673642287
|||;20582,20582,20582.1,20582,0,0,0,0,1796.066673642287
|||;20582,20582,20582.1,20582,0,0,0,0,1801.066673642287
|||;20582,20582,20582.1,20582,0,0,0,0,1806.066673642287
|||;20582,20582,20582.1,20582,0,0,0,0,1811.066673642287
|||;20582,20582,20582.1,20582,0,0,0,0,1816.066673642287
|||;20582,20582,20582.1,20582,0,0,0,0,1821.066673642287
|||;20582,20582,20582.1,20582,0,0,0,0,1826.066673642287
|||;20582,20582,20582.1,20582,0,0,0,0,1831.066673642287
|||;20582,20582,20582.1,20582,0,0,0,0,1836.066673642287
|||;20582,20582,20582.1,20582,0,0,0,0,1841.066673642287
|||;20582,20582,20582.1,20582,0,0,0,0,1846.066673642287
|||;20582,20582,20582.1,20582,0,0,0,0,1851.066673642287
|||;20582,20582,20582.1,20582,0,0,0,0,1856.066673642287
|||;20582,20582,20582.1,20582,0,0,0,0,1861.066673642287
|||;20582,20582,20582.1,20582,0,0,0,0,1866.066673642287
|||;20582,20582,20582.1,20582,0,0,0,0,1871.066673642287
|||;20582,20582,20582.1,20582,0,0,0,0,1876.066673642287
|||;20582,20582,20582.1,20582,0,0,0,0,1881.066673642287
|||;20582,20582,20582.1,20582,0,0,0,0,1886.066673642287
|||;20582,20582,20582.1,20582,0,0,0,0,1891.066673642287
|||;20582,20582,20582.1,20582,0,0,0,0,1896.066673642287
|||;20582,20582,20582.1,20582,0,0,0,0,1901.066673642287
|||;20582,20582,20582.1,20582,0,0,0,0,1906.066673642287
|||;20582,20582,20582.1,20582,0,0,0,0,1911.066673642287
|||;20582,20582,20582.1,20582,0,0,0,0,1916.066673642287
|||;20582,20582,20582.1,20582,0,0,0,0,1921.066673642287
|||;20582,20582,20582.1,20582,0,0,0,0,1926.066673642287
|||;20582,20582,20582.1,20582,0,0,0,0,1931.066673642287
|||;20582,20582,20582.1,20582,0,0,0,0,1936.066673642287
|||;20582,20582,20582.1,20582,0,0,0,0,1941.066673642287
|||;20582,20582,20582.1,20582,0,0,0,0,1946.066673642287
|||;20582,20582,20582.1,20582,0,0,0,0,1951.066673642287
|||;20582,20582,20582.1,20582,0,0,0,0,1956.066673642287
|||;20582,20582,20582.1,20582,0,0,0,0,1961.066673642287
|||;20582,20582,20582.1,20582,0,0,0,0,1966.066673642287
|||;20582,20582,20582.1,20582,0,0,0,0,1971.066673642287
|||;20582,20582,20582.1,20582,0,0,0,0,1976.066673642287
|||;20582,20582,20582.1,20582,0,0,0,0,1981.066673642287
|||;20582,20582,20582.1,20582,0,0,0,0,1986.066673642287
|||;20582,20582,20582.1,20582,0,0,0,0,1991.066673642287
|||;20582,20582,20582.1,20582,0,0,0,0,1996.066673642287
