|||;37376,37376,37376,37376,0,0,0,0,1.180343853675
|||;37376,37376,37376,37376,0,0,0,0,6.180343853675
|||;37376,37376,37376,37376,0,0,0,0,11.180343853675
|||;37376,37376,37376,37376,0,0,0,0,16.180343853675
|||;37376,37376,37376,37376,0,0,0,0,21.180343853675
|||;37376,37376,37376,37376,0,0,0,0,26.180343853675
|||;37376,37376,37376,37376,0,0,0,0,31.180343853675
|||;37376,37376,37376,37376,0,0,0,0,36.180343853675
|||;37376,37376,37376,37376,0,0,0,0,41.180343853675
|||;37376,37376,37376,37376,0,0,0,0,46.180343853675
|||;37376,37376,37376,37376,0,0,0,0,51.180343853675
|||;37376,37376,37376,37376,0,0,0,0,56.180343853675
|||;37376,37376,37376,37376,0,0,0,0,61.180343853675
|||;37376,37376,37376,37376,0,0,0,0,66.180343853675
|||;37376,37376,37376,37376,0,0,0,0,71.180343853675
|||;37376,37376,37376,37376,0,0,0,0,76.180343853675
|||;37376,37376,37376,37376,0,0,0,0,81.180343853675
|||;37376,37376,37376,37376,0,0,0,0,86.180343853675
|||;37376,37376,37376,37376,0,0,0,0,91.180343853675
|||;37376,37376,37376,37376,0,0,0,0,96.180343853675
|||;37376,37376,37376,37376,0,0,0,0,101.180343853675
|||;37376,37376,37376,37376,0,0,0,0,106.180343853675
|||;37376,37376,37376,37376,0,0,0,0,111.180343853675
|||;37376,37376,37376,37376,0,0,0,0,116.180343853675
|||;37376,37376,37376,37376,0,0,0,0,121.180343853675
|||;37376,37376,37376,37376,0,0,0,0,126.180343853675
|||;37376,37376,37376,37376,0,0,0,0,131.180343853675
|||;37376,37376,37376,37376,0,0,0,0,136.180343853675
|||;37376,37376,37376,37376,0,0,0,0,141.180343853675
|||;37376,37376,37376,37376,0,0,0,0,146.180343853675
|||;37376,37376,37376,37376,0,0,0,0,151.180343853675
|||;37376,37376,37376,37376,0,0,0,0,156.180343853675
|||;37376,37376,37376,37376,0,0,0,0,161.180343853675
|||;37376,37376,37376,37376,0,0,0,0,166.180343853675
|||;37376,37376,37376,37376,0,0,0,0,171.180343853675
|||;37376,37376,37376,37376,0,0,0,0,176.180343853675
|||;37376,37376,37376,37376,0,0,0,0,181.180343853675
|||;37376,37376,37376,37376,0,0,0,0,186.180343853675
|||;37376,37376,37376,37376,0,0,0,0,191.180343853675
497sfzra(2),|||;36556.8,37376,37376,37376,1.838124949582,0,0,0,196.180343853675
497sfzra(3),|||;36556.8,37376,37376,37376,0,0,0,0,201.180343853675
497sfzra(3),|||;36556.8,37376,37376,37376,0,0,0,0,206.180343853675
|||;37376,37376,37376,37376,0,0,0,0,211.180343853675
|||;37376,37376,37376,37376,0,0,0,0,216.180343853675
|||;37376,37376,37376,37376,0,0,0,0,221.180343853675
|||;37376,37376,37376,37376,0,0,0,0,226.180343853675
|||;37376,37376,37376,37376,0,0,0,0,231.180343853675
|||;37376,37376,37376,37376,0,0,0,0,236.180343853675
|||;37376,37376,37376,37376,0,0,0,0,241.180343853675
154zfcgx(2),|154zfcgx(2),||154zfcgx(2),;36188.2,36188.2,37376,34406.4,3.121821607727,3.121821607727,0.165557718181,11.990613276366,246.180343853675
|||154zfcgx(2),;37376,37376,37376,34406.4,0,0,0,6.990613276366,251.180343853675
|||154zfcgx(2),;37376,37376,37376,34406.4,0,0,0,1.990613276366,256.180343853675
|||154zfcgx(3),;37376,37376,37376,34406.4,0,0,0,0,261.180343853675
|||154zfcgx(3),;37376,37376,37376,34406.4,0,0,0,0,266.180343853675
|||154zfcgx(3),;37376,37376,37376,34406.4,0,0,0,0,271.180343853675
|||154zfcgx(3),;37376,37376,37376,34406.4,0,0,0,0,276.180343853675
|||154zfcgx(3),;37376,37376,37376,34406.4,0,0,0,0,281.180343853675
|||154zfcgx(3),;37376,37376,37376,34406.4,0,0,0,0,286.180343853675
|||154zfcgx(3),;37376,37376,37376,34406.4,0,0,0,0,291.180343853675
|||154zfcgx(3),;37376,37376,37376,34406.4,0,0,0,0,296.180343853675
|||154zfcgx(3),;37376,37376,37376,34406.4,0,0,0,0,301.180343853675
|||154zfcgx(3),;37376,37376,37376,34406.4,0,0,0,0,306.180343853675
|||154zfcgx(3),;37376,37376,37376,34406.4,0,0,0,0,311.180343853675
|||154zfcgx(3),;37376,37376,37376,34406.4,0,0,0,0,316.180343853675
726wlarb(2),|726wlarb(2),|726wlarb(2),|154zfcgx(3),726wlarb(2),;35481.6,34534.4,35481.6,31564.8,8.660488148933,13.251886018756,8.660488148933,13.251886018756,321.180343853675
726wlarb(2),|726wlarb(2),|726wlarb(2),|154zfcgx(3),726wlarb(2),;35481.6,34534.4,35481.6,31564.8,3.660488148933,8.251886018756,3.660488148933,8.251886018756,326.180343853675
|726wlarb(2),||154zfcgx(3),726wlarb(2),;37376,34534.4,37376,31564.8,0,3.251886018756,0,3.251886018756,331.180343853675
|||154zfcgx(3),;37376,37376,37376,34406.4,0,0,0,0,336.180343853675
|||154zfcgx(3),;37376,37376,37376,34406.4,0,0,0,0,341.180343853675
|||154zfcgx(3),;37376,37376,37376,34406.4,0,0,0,0,346.180343853675
|||154zfcgx(3),;37376,37376,37376,34406.4,0,0,0,0,351.180343853675
|||154zfcgx(3),;37376,37376,37376,34406.4,0,0,0,0,356.180343853675
|||154zfcgx(3),;37376,37376,37376,34406.4,0,0,0,0,361.180343853675
|||154zfcgx(3),;37376,37376,37376,34406.4,0,0,0,0,366.180343853675
|||154zfcgx(3),;37376,37376,37376,34406.4,0,0,0,0,371.180343853675
|||154zfcgx(3),;37376,37376,37376,34406.4,0,0,0,0,376.180343853675
|||;37376,37376,37376,37376,0,0,0,0,381.180343853675
|||;37376,37376,37376,37376,0,0,0,0,386.180343853675
914bngit(2),|914bngit(2),|914bngit(2),|914bngit(2),;35041.3,35819.5,35041.3,35819.5,9.84027986676,6.067888103446,9.84027986676,6.067888103446,391.180343853675
914bngit(2),|914bngit(2),|914bngit(2),|914bngit(2),;35041.3,35819.5,35041.3,35819.5,4.84027986676,1.067888103446,4.84027986676,1.067888103446,396.180343853675
492rbdka(0),|492rbdka(0),|492rbdka(0),|492rbdka(0),;31815.7,35522.5,36449.3,36449.3,35.628617292317,13.405061252869,12.564661947149,8.792270183835,401.180343853675
492rbdka(2),|492rbdka(2),|492rbdka(2),|492rbdka(2),;31815.7,35522.5,36449.3,36449.3,30.628617292317,8.405061252869,7.564661947149,3.792270183835,406.180343853675
492rbdka(2),|492rbdka(2),||;31815.7,35522.5,37376,37376,25.628617292317,3.405061252869,2.564661947149,0,411.180343853675
492rbdka(2),|59zipdn(2),|59zipdn(2),|59zipdn(2),;31815.7,35553.2,35553.3,34641.9,20.628617292317,12.446050417571,11.605651111851,12.340372612802,416.180343853675
492rbdka(2),|59zipdn(2),|59zipdn(2),|59zipdn(2),;31815.7,35553.2,35553.3,34641.9,15.628617292317,7.446050417571,6.605651111851,7.340372612802,421.180343853675
492rbdka(2),|||59zipdn(2),;31815.7,37375.9,37376,34641.9,10.628617292317,2.446050417571,1.605651111851,2.340372612802,426.180343853675
492rbdka(3),|||;31815.7,37375.9,37376,37376,5.628617292317,0,0,0,431.180343853675
492rbdka(3),|107uiagj(0),|107uiagj(0),|;31815.7,33976.2,33976.3,37376,0.628617292317,21.438707727272,21.438707727272,0,436.180343853675
492rbdka(3),|107uiagj(2),|107uiagj(2),|;31815.7,33976.2,33976.3,37376,0,16.438707727272,16.438707727272,0,441.180343853675
492rbdka(3),|107uiagj(2),|107uiagj(2),|;31815.7,33976.2,33976.3,37376,0,11.438707727272,11.438707727272,0,446.180343853675
492rbdka(3),|107uiagj(2),|107uiagj(2),|;31815.7,33976.2,33976.3,37376,0,6.438707727272,6.438707727272,0,451.180343853675
492rbdka(3),|107uiagj(2),|107uiagj(2),|;31815.7,33976.2,33976.3,37376,0,1.438707727272,1.438707727272,0,456.180343853675
492rbdka(3),|107uiagj(3),|107uiagj(3),|;31815.7,33976.2,33976.3,37376,0,0,0,0,461.180343853675
492rbdka(3),|107uiagj(3),|107uiagj(3),|;31815.7,33976.2,33976.3,37376,0,0,0,0,466.180343853675
492rbdka(3),|107uiagj(3),|107uiagj(3),|;31815.7,33976.2,33976.3,37376,0,0,0,0,471.180343853675
492rbdka(3),|107uiagj(3),|107uiagj(3),|;31815.7,33976.2,33976.3,37376,0,0,0,0,476.180343853675
492rbdka(3),|107uiagj(3),|107uiagj(3),|;31815.7,33976.2,33976.3,37376,0,0,0,0,481.180343853675
492rbdka(3),|107uiagj(3),|107uiagj(3),|;31815.7,33976.2,33976.3,37376,0,0,0,0,486.180343853675
492rbdka(3),|107uiagj(3),|107uiagj(3),|;31815.7,33976.2,33976.3,37376,0,0,0,0,491.180343853675
492rbdka(3),|107uiagj(3),|107uiagj(3),|;31815.7,33976.2,33976.3,37376,0,0,0,0,496.180343853675
492rbdka(3),|107uiagj(3),|107uiagj(3),|;31815.7,33976.2,33976.3,37376,0,0,0,0,501.180343853675
492rbdka(3),|107uiagj(3),|107uiagj(3),|;31815.7,33976.2,33976.3,37376,0,0,0,0,506.180343853675
492rbdka(3),|107uiagj(3),|107uiagj(3),|;31815.7,33976.2,33976.3,37376,0,0,0,0,511.180343853675
492rbdka(3),|107uiagj(3),|107uiagj(3),|;31815.7,33976.2,33976.3,37376,0,0,0,0,516.180343853675
492rbdka(3),|107uiagj(3),|107uiagj(3),|;31815.7,33976.2,33976.3,37376,0,0,0,0,521.180343853675
492rbdka(3),|107uiagj(3),|107uiagj(3),|;31815.7,33976.2,33976.3,37376,0,0,0,0,526.180343853675
492rbdka(3),|107uiagj(3),|107uiagj(3),|;31815.7,33976.2,33976.3,37376,0,0,0,0,531.180343853675
492rbdka(3),|107uiagj(3),|107uiagj(3),|;31815.7,33976.2,33976.3,37376,0,0,0,0,536.180343853675
492rbdka(3),|107uiagj(3),|107uiagj(3),|;31815.7,33976.2,33976.3,37376,0,0,0,0,541.180343853675
492rbdka(3),|107uiagj(3),|107uiagj(3),|;31815.7,33976.2,33976.3,37376,0,0,0,0,546.180343853675
492rbdka(3),434misbc(2),|107uiagj(3),434misbc(2),81mqdhf(0),|107uiagj(3),434misbc(2),81mqdhf(0),|434misbc(2),81mqdhf(0),;29097,26680.2,30638,34037.7,11.635574945184,38.104827056605,18.802229470807,18.802229470807,551.180343853675
434misbc(2),492jatsq(1),|107uiagj(3),434misbc(2),81mqdhf(1),492jatsq(1),|107uiagj(3),434misbc(2),81mqdhf(1),492jatsq(1),|434misbc(2),81mqdhf(1),492jatsq(1),;33674.3,25697.2,27688.9,33054.7,15.252753396761,41.722005508182,31.949660798123,22.419407922384,556.180343853675
434misbc(2),492jatsq(1),|107uiagj(3),434misbc(2),81mqdhf(1),492jatsq(1),|107uiagj(3),434misbc(3),81mqdhf(2),492jatsq(1),|434misbc(3),81mqdhf(2),492jatsq(1),;33674.3,25697.2,27688.9,33054.7,10.252753396761,36.722005508182,26.949660798123,17.419407922384,561.180343853675
434misbc(3),492jatsq(2),|107uiagj(3),434misbc(3),81mqdhf(2),492jatsq(1),|107uiagj(3),434misbc(3),492jatsq(2),|434misbc(3),492jatsq(2),;33674.3,25697.2,29214.7,34580.5,5.252753396761,31.722005508182,21.949660798123,12.419407922384,566.180343853675
434misbc(3),|107uiagj(3),434misbc(3),81mqdhf(2),492jatsq(1),|107uiagj(3),434misbc(3),492jatsq(2),|434misbc(3),492jatsq(3),;34657.3,25697.2,29214.7,34580.5,0.252753396761,26.722005508182,16.949660798123,7.419407922384,571.180343853675
434misbc(3),|107uiagj(3),434misbc(3),81mqdhf(2),492jatsq(1),|107uiagj(3),434misbc(3),492jatsq(2),|434misbc(3),492jatsq(3),;34657.3,25697.2,29214.7,34580.5,0,21.722005508182,11.949660798123,2.419407922384,576.180343853675
434misbc(3),|107uiagj(3),434misbc(3),81mqdhf(2),492jatsq(1),|107uiagj(3),434misbc(3),492jatsq(3),|434misbc(3),492jatsq(3),;34657.3,25697.2,29214.7,34580.5,0,16.722005508182,6.949660798123,0,581.180343853675
434misbc(3),|107uiagj(3),434misbc(3),81mqdhf(3),492jatsq(2),|107uiagj(3),434misbc(3),492jatsq(3),|434misbc(3),492jatsq(3),;34657.3,25697.2,29214.7,34580.5,0,11.722005508182,1.949660798123,0,586.180343853675
434misbc(3),|107uiagj(3),434misbc(3),81mqdhf(3),492jatsq(3),|107uiagj(3),434misbc(3),492jatsq(3),|434misbc(3),492jatsq(3),;34657.3,25697.2,29214.7,34580.5,0,6.722005508182,0,0,591.180343853675
434misbc(3),|107uiagj(3),434misbc(3),81mqdhf(3),492jatsq(3),|107uiagj(3),434misbc(3),492jatsq(3),|434misbc(3),492jatsq(3),;34657.3,25697.2,29214.7,34580.5,0,1.722005508182,0,0,596.180343853675
434misbc(3),|107uiagj(3),434misbc(3),81mqdhf(3),492jatsq(3),|107uiagj(3),434misbc(3),492jatsq(3),|434misbc(3),492jatsq(3),;34657.3,25697.2,29214.7,34580.5,0,0,0,0,601.180343853675
434misbc(3),|107uiagj(3),434misbc(3),81mqdhf(3),492jatsq(3),|107uiagj(3),434misbc(3),492jatsq(3),|434misbc(3),492jatsq(3),;34657.3,25697.2,29214.7,34580.5,0,0,0,0,606.180343853675
434misbc(3),|107uiagj(3),434misbc(3),81mqdhf(3),492jatsq(3),|107uiagj(3),434misbc(3),492jatsq(3),|434misbc(3),492jatsq(3),;34657.3,25697.2,29214.7,34580.5,0,0,0,0,611.180343853675
434misbc(3),|107uiagj(3),434misbc(3),81mqdhf(3),492jatsq(3),|107uiagj(3),434misbc(3),492jatsq(3),|434misbc(3),492jatsq(3),;34657.3,25697.2,29214.7,34580.5,0,0,0,0,616.180343853675
434misbc(3),|107uiagj(3),434misbc(3),81mqdhf(3),492jatsq(3),|107uiagj(3),434misbc(3),492jatsq(3),|434misbc(3),492jatsq(3),;34657.3,25697.2,29214.7,34580.5,0,0,0,0,621.180343853675
434misbc(3),|107uiagj(3),434misbc(3),81mqdhf(3),492jatsq(3),|107uiagj(3),434misbc(3),492jatsq(3),|434misbc(3),492jatsq(3),;34657.3,25697.2,29214.7,34580.5,0,0,0,0,626.180343853675
434misbc(3),|107uiagj(3),434misbc(3),81mqdhf(3),492jatsq(3),|107uiagj(3),434misbc(3),492jatsq(3),|434misbc(3),492jatsq(3),;34657.3,25697.2,29214.7,34580.5,0,0,0,0,631.180343853675
434misbc(3),|107uiagj(3),434misbc(3),81mqdhf(3),492jatsq(3),|107uiagj(3),434misbc(3),492jatsq(3),|434misbc(3),492jatsq(3),;34657.3,25697.2,29214.7,34580.5,0,0,0,0,636.180343853675
434misbc(3),|107uiagj(3),434misbc(3),81mqdhf(3),492jatsq(3),|107uiagj(3),434misbc(3),492jatsq(3),|434misbc(3),492jatsq(3),;34657.3,25697.2,29214.7,34580.5,0,0,0,0,641.180343853675
434misbc(3),|107uiagj(3),434misbc(3),81mqdhf(3),492jatsq(3),|107uiagj(3),434misbc(3),492jatsq(3),|434misbc(3),492jatsq(3),;34657.3,25697.2,29214.7,34580.5,0,0,0,0,646.180343853675
434misbc(3),|107uiagj(3),434misbc(3),81mqdhf(3),492jatsq(3),|107uiagj(3),434misbc(3),492jatsq(3),|434misbc(3),492jatsq(3),;34657.3,25697.2,29214.7,34580.5,0,0,0,0,651.180343853675
|107uiagj(3),81mqdhf(3),492jatsq(3),|107uiagj(3),492jatsq(3),|492jatsq(3),;37376,28415.9,31027.2,36393,0,0,0,0,656.180343853675
|81mqdhf(3),||;37376,32798.6,37376,37376,0,0,0,0,661.180343853675
|||;37376,37375.9,37376,37376,0,0,0,0,666.180343853675
|||;37376,37375.9,37376,37376,0,0,0,0,671.180343853675
|||;37376,37375.9,37376,37376,0,0,0,0,676.180343853675
|||;37376,37375.9,37376,37376,0,0,0,0,681.180343853675
|||;37376,37375.9,37376,37376,0,0,0,0,686.180343853675
|||;37376,37375.9,37376,37376,0,0,0,0,691.180343853675
|||;37376,37375.9,37376,37376,0,0,0,0,696.180343853675
|||;37376,37375.9,37376,37376,0,0,0,0,701.180343853675
|||;37376,37375.9,37376,37376,0,0,0,0,706.180343853675
|||;37376,37375.9,37376,37376,0,0,0,0,711.180343853675
|||;37376,37375.9,37376,37376,0,0,0,0,716.180343853675
|||;37376,37375.9,37376,37376,0,0,0,0,721.180343853675
|||;37376,37375.9,37376,37376,0,0,0,0,726.180343853675
|||;37376,37375.9,37376,37376,0,0,0,0,731.180343853675
|||;37376,37375.9,37376,37376,0,0,0,0,736.180343853675
|||;37376,37375.9,37376,37376,0,0,0,0,741.180343853675
|||;37376,37375.9,37376,37376,0,0,0,0,746.180343853675
|||;37376,37375.9,37376,37376,0,0,0,0,751.180343853675
|||;37376,37375.9,37376,37376,0,0,0,0,756.180343853675
|||;37376,37375.9,37376,37376,0,0,0,0,761.180343853675
|||;37376,37375.9,37376,37376,0,0,0,0,766.180343853675
|||;37376,37375.9,37376,37376,0,0,0,0,771.180343853675
|||;37376,37375.9,37376,37376,0,0,0,0,776.180343853675
|||;37376,37375.9,37376,37376,0,0,0,0,781.180343853675
|||;37376,37375.9,37376,37376,0,0,0,0,786.180343853675
|||;37376,37375.9,37376,37376,0,0,0,0,791.180343853675
434yvgdl(2),|434yvgdl(2),|434yvgdl(2),|434yvgdl(2),;35706.9,35706.8,34872.3,34872.3,3.279699152858,3.279699152858,7.325092951674,7.325092951674,796.180343853675
||434yvgdl(2),|434yvgdl(2),;37376,37375.9,34872.3,34872.3,0,0,2.325092951674,2.325092951674,801.180343853675
|||;37376,37375.9,37376,37376,0,0,0,0,806.180343853675
|||;37376,37375.9,37376,37376,0,0,0,0,811.180343853675
|||;37376,37375.9,37376,37376,0,0,0,0,816.180343853675
|||;37376,37375.9,37376,37376,0,0,0,0,821.180343853675
|||;37376,37375.9,37376,37376,0,0,0,0,826.180343853675
|||;37376,37375.9,37376,37376,0,0,0,0,831.180343853675
|||;37376,37375.9,37376,37376,0,0,0,0,836.180343853675
|||;37376,37375.9,37376,37376,0,0,0,0,841.180343853675
|||;37376,37375.9,37376,37376,0,0,0,0,846.180343853675
|||;37376,37375.9,37376,37376,0,0,0,0,851.180343853675
|||;37376,37375.9,37376,37376,0,0,0,0,856.180343853675
|||;37376,37375.9,37376,37376,0,0,0,0,861.180343853675
|||;37376,37375.9,37376,37376,0,0,0,0,866.180343853675
|||;37376,37375.9,37376,37376,0,0,0,0,871.180343853675
|||;37376,37375.9,37376,37376,0,0,0,0,876.180343853675
434lzvgc(2),|434lzvgc(2),||;36730.9,36730.8,37376,37376,2.74660825675,2.74660825675,0,0,881.180343853675
107vqoph(0),|107vqoph(0),||107vqoph(0),;36393,35409.8,37376,35409.9,8.133829001602,12.898955439471,0,10.095070329046,886.180343853675
107vqoph(2),|107vqoph(2),||107vqoph(2),;36393,35409.8,37376,35409.9,3.133829001602,7.898955439471,0,5.095070329046,891.180343853675
|||;37376,37375.9,37376,37376,0,2.898955439471,0,0.095070329046,896.180343853675
|||;37376,37375.9,37376,37376,0,0,0,0,901.180343853675
|||;37376,37375.9,37376,37376,0,0,0,0,906.180343853675
|||;37376,37375.9,37376,37376,0,0,0,0,911.180343853675
|||;37376,37375.9,37376,37376,0,0,0,0,916.180343853675
|||;37376,37375.9,37376,37376,0,0,0,0,921.180343853675
|||;37376,37375.9,37376,37376,0,0,0,0,926.180343853675
|||;37376,37375.9,37376,37376,0,0,0,0,931.180343853675
|||;37376,37375.9,37376,37376,0,0,0,0,936.180343853675
|||;37376,37375.9,37376,37376,0,0,0,0,941.180343853675
|||;37376,37375.9,37376,37376,0,0,0,0,946.180343853675
|||;37376,37375.9,37376,37376,0,0,0,0,951.180343853675
|||;37376,37375.9,37376,37376,0,0,0,0,956.180343853675
|||;37376,37375.9,37376,37376,0,0,0,0,961.180343853675
|||;37376,37375.9,37376,37376,0,0,0,0,966.180343853675
|||;37376,37375.9,37376,37376,0,0,0,0,971.180343853675
|||;37376,37375.9,37376,37376,0,0,0,0,976.180343853675
|||;37376,37375.9,37376,37376,0,0,0,0,981.180343853675
|||;37376,37375.9,37376,37376,0,0,0,0,986.180343853675
|||;37376,37375.9,37376,37376,0,0,0,0,991.180343853675
|||;37376,37375.9,37376,37376,0,0,0,0,996.180343853675
|||;37376,37375.9,37376,37376,0,0,0,0,1001.180343853675
|||;37376,37375.9,37376,37376,0,0,0,0,1006.180343853675
|||;37376,37375.9,37376,37376,0,0,0,0,1011.180343853675
|||;37376,37375.9,37376,37376,0,0,0,0,1016.180343853675
|||;37376,37375.9,37376,37376,0,0,0,0,1021.180343853675
|||;37376,37375.9,37376,37376,0,0,0,0,1026.180343853675
|||;37376,37375.9,37376,37376,0,0,0,0,1031.180343853675
|||;37376,37375.9,37376,37376,0,0,0,0,1036.180343853675
|||;37376,37375.9,37376,37376,0,0,0,0,1041.180343853675
|||;37376,37375.9,37376,37376,0,0,0,0,1046.180343853675
|||;37376,37375.9,37376,37376,0,0,0,0,1051.180343853675
|||;37376,37375.9,37376,37376,0,0,0,0,1056.180343853675
|||;37376,37375.9,37376,37376,0,0,0,0,1061.180343853675
|||;37376,37375.9,37376,37376,0,0,0,0,1066.180343853675
|||;37376,37375.9,37376,37376,0,0,0,0,1071.180343853675
|||;37376,37375.9,37376,37376,0,0,0,0,1076.180343853675
|||;37376,37375.9,37376,37376,0,0,0,0,1081.180343853675
|||;37376,37375.9,37376,37376,0,0,0,0,1086.180343853675
|||;37376,37375.9,37376,37376,0,0,0,0,1091.180343853675
|||;37376,37375.9,37376,37376,0,0,0,0,1096.180343853675
|||;37376,37375.9,37376,37376,0,0,0,0,1101.180343853675
|||;37376,37375.9,37376,37376,0,0,0,0,1106.180343853675
|||;37376,37375.9,37376,37376,0,0,0,0,1111.180343853675
|||;37376,37375.9,37376,37376,0,0,0,0,1116.180343853675
|||;37376,37375.9,37376,37376,0,0,0,0,1121.180343853675
|||;37376,37375.9,37376,37376,0,0,0,0,1126.180343853675
|||;37376,37375.9,37376,37376,0,0,0,0,1131.180343853675
|||;37376,37375.9,37376,37376,0,0,0,0,1136.180343853675
|||;37376,37375.9,37376,37376,0,0,0,0,1141.180343853675
|||;37376,37375.9,37376,37376,0,0,0,0,1146.180343853675
|||;37376,37375.9,37376,37376,0,0,0,0,1151.180343853675
|||;37376,37375.9,37376,37376,0,0,0,0,1156.180343853675
|||;37376,37375.9,37376,37376,0,0,0,0,1161.180343853675
|||;37376,37375.9,37376,37376,0,0,0,0,1166.180343853675
|||;37376,37375.9,37376,37376,0,0,0,0,1171.180343853675
|||;37376,37375.9,37376,37376,0,0,0,0,1176.180343853675
|||;37376,37375.9,37376,37376,0,0,0,0,1181.180343853675
|||;37376,37375.9,37376,37376,0,0,0,0,1186.180343853675
|||;37376,37375.9,37376,37376,0,0,0,0,1191.180343853675
|||;37376,37375.9,37376,37376,0,0,0,0,1196.180343853675
|||;37376,37375.9,37376,37376,0,0,0,0,1201.180343853675
|||;37376,37375.9,37376,37376,0,0,0,0,1206.180343853675
|||;37376,37375.9,37376,37376,0,0,0,0,1211.180343853675
|||;37376,37375.9,37376,37376,0,0,0,0,1216.180343853675
|||;37376,37375.9,37376,37376,0,0,0,0,1221.180343853675
|||;37376,37375.9,37376,37376,0,0,0,0,1226.180343853675
|||;37376,37375.9,37376,37376,0,0,0,0,1231.180343853675
|||;37376,37375.9,37376,37376,0,0,0,0,1236.180343853675
|||;37376,37375.9,37376,37376,0,0,0,0,1241.180343853675
|||;37376,37375.9,37376,37376,0,0,0,0,1246.180343853675
|||;37376,37375.9,37376,37376,0,0,0,0,1251.180343853675
|||;37376,37375.9,37376,37376,0,0,0,0,1256.180343853675
|||;37376,37375.9,37376,37376,0,0,0,0,1261.180343853675
|||;37376,37375.9,37376,37376,0,0,0,0,1266.180343853675
|||;37376,37375.9,37376,37376,0,0,0,0,1271.180343853675
|||;37376,37375.9,37376,37376,0,0,0,0,1276.180343853675
|||;37376,37375.9,37376,37376,0,0,0,0,1281.180343853675
|||;37376,37375.9,37376,37376,0,0,0,0,1286.180343853675
|||;37376,37375.9,37376,37376,0,0,0,0,1291.180343853675
|||;37376,37375.9,37376,37376,0,0,0,0,1296.180343853675
|||;37376,37375.9,37376,37376,0,0,0,0,1301.180343853675
|||;37376,37375.9,37376,37376,0,0,0,0,1306.180343853675
|||;37376,37375.9,37376,37376,0,0,0,0,1311.180343853675
|||;37376,37375.9,37376,37376,0,0,0,0,1316.180343853675
|||;37376,37375.9,37376,37376,0,0,0,0,1321.180343853675
|||;37376,37375.9,37376,37376,0,0,0,0,1326.180343853675
|||;37376,37375.9,37376,37376,0,0,0,0,1331.180343853675
|||;37376,37375.9,37376,37376,0,0,0,0,1336.180343853675
|||;37376,37375.9,37376,37376,0,0,0,0,1341.180343853675
|||;37376,37375.9,37376,37376,0,0,0,0,1346.180343853675
|||;37376,37375.9,37376,37376,0,0,0,0,1351.180343853675
|||;37376,37375.9,37376,37376,0,0,0,0,1356.180343853675
|||;37376,37375.9,37376,37376,0,0,0,0,1361.180343853675
|||;37376,37375.9,37376,37376,0,0,0,0,1366.180343853675
|||;37376,37375.9,37376,37376,0,0,0,0,1371.180343853675
|||;37376,37375.9,37376,37376,0,0,0,0,1376.180343853675
|||;37376,37375.9,37376,37376,0,0,0,0,1381.180343853675
640gfrjl(2),|640gfrjl(2),|640gfrjl(2),|640gfrjl(2),;35548.2,36157.3,36157.4,35548.2,5.723357607857,2.769971951052,2.769971951052,5.723357607857,1386.180343853675
640gfrjl(2),|||640gfrjl(2),;35548.2,37375.9,37376,35548.2,0.723357607857,0,0,0.723357607857,1391.180343853675
|||;37376,37375.9,37376,37376,0,0,0,0,1396.180343853675
|||;37376,37375.9,37376,37376,0,0,0,0,1401.180343853675
|||;37376,37375.9,37376,37376,0,0,0,0,1406.180343853675
|||;37376,37375.9,37376,37376,0,0,0,0,1411.180343853675
|||;37376,37375.9,37376,37376,0,0,0,0,1416.180343853675
|||;37376,37375.9,37376,37376,0,0,0,0,1421.180343853675
|||;37376,37375.9,37376,37376,0,0,0,0,1426.180343853675
|||;37376,37375.9,37376,37376,0,0,0,0,1431.180343853675
|||;37376,37375.9,37376,37376,0,0,0,0,1436.180343853675
|||;37376,37375.9,37376,37376,0,0,0,0,1441.180343853675
|||;37376,37375.9,37376,37376,0,0,0,0,1446.180343853675
|||;37376,37375.9,37376,37376,0,0,0,0,1451.180343853675
|||;37376,37375.9,37376,37376,0,0,0,0,1456.180343853675
|||;37376,37375.9,37376,37376,0,0,0,0,1461.180343853675
|||;37376,37375.9,37376,37376,0,0,0,0,1466.180343853675
|||;37376,37375.9,37376,37376,0,0,0,0,1471.180343853675
|||;37376,37375.9,37376,37376,0,0,0,0,1476.180343853675
|||;37376,37375.9,37376,37376,0,0,0,0,1481.180343853675
|||;37376,37375.9,37376,37376,0,0,0,0,1486.180343853675
|||;37376,37375.9,37376,37376,0,0,0,0,1491.180343853675
|||;37376,37375.9,37376,37376,0,0,0,0,1496.180343853675
|||;37376,37375.9,37376,37376,0,0,0,0,1501.180343853675
|||;37376,37375.9,37376,37376,0,0,0,0,1506.180343853675
|||;37376,37375.9,37376,37376,0,0,0,0,1511.180343853675
|||;37376,37375.9,37376,37376,0,0,0,0,1516.180343853675
|||;37376,37375.9,37376,37376,0,0,0,0,1521.180343853675
|||;37376,37375.9,37376,37376,0,0,0,0,1526.180343853675
|||;37376,37375.9,37376,37376,0,0,0,0,1531.180343853675
|||;37376,37375.9,37376,37376,0,0,0,0,1536.180343853675
|||;37376,37375.9,37376,37376,0,0,0,0,1541.180343853675
|||;37376,37375.9,37376,37376,0,0,0,0,1546.180343853675
|||;37376,37375.9,37376,37376,0,0,0,0,1551.180343853675
|||;37376,37375.9,37376,37376,0,0,0,0,1556.180343853675
|||;37376,37375.9,37376,37376,0,0,0,0,1561.180343853675
|||;37376,37375.9,37376,37376,0,0,0,0,1566.180343853675
|||;37376,37375.9,37376,37376,0,0,0,0,1571.180343853675
|||;37376,37375.9,37376,37376,0,0,0,0,1576.180343853675
|||;37376,37375.9,37376,37376,0,0,0,0,1581.180343853675
|||;37376,37375.9,37376,37376,0,0,0,0,1586.180343853675
|||;37376,37375.9,37376,37376,0,0,0,0,1591.180343853675
|||;37376,37375.9,37376,37376,0,0,0,0,1596.180343853675
|||;37376,37375.9,37376,37376,0,0,0,0,1601.180343853675
|||;37376,37375.9,37376,37376,0,0,0,0,1606.180343853675
|||;37376,37375.9,37376,37376,0,0,0,0,1611.180343853675
|||;37376,37375.9,37376,37376,0,0,0,0,1616.180343853675
|||;37376,37375.9,37376,37376,0,0,0,0,1621.180343853675
|||;37376,37375.9,37376,37376,0,0,0,0,1626.180343853675
|||;37376,37375.9,37376,37376,0,0,0,0,1631.180343853675
|||;37376,37375.9,37376,37376,0,0,0,0,1636.180343853675
|||;37376,37375.9,37376,37376,0,0,0,0,1641.180343853675
|||;37376,37375.9,37376,37376,0,0,0,0,1646.180343853675
|||;37376,37375.9,37376,37376,0,0,0,0,1651.180343853675
|||;37376,37375.9,37376,37376,0,0,0,0,1656.180343853675
|||;37376,37375.9,37376,37376,0,0,0,0,1661.180343853675
|||;37376,37375.9,37376,37376,0,0,0,0,1666.180343853675
|||;37376,37375.9,37376,37376,0,0,0,0,1671.180343853675
|||;37376,37375.9,37376,37376,0,0,0,0,1676.180343853675
|||;37376,37375.9,37376,37376,0,0,0,0,1681.180343853675
|||;37376,37375.9,37376,37376,0,0,0,0,1686.180343853675
|||;37376,37375.9,37376,37376,0,0,0,0,1691.180343853675
|||;37376,37375.9,37376,37376,0,0,0,0,1696.180343853675
|||;37376,37375.9,37376,37376,0,0,0,0,1701.180343853675
|||;37376,37375.9,37376,37376,0,0,0,0,1706.180343853675
|||;37376,37375.9,37376,37376,0,0,0,0,1711.180343853675
|||;37376,37375.9,37376,37376,0,0,0,0,1716.180343853675
|||;37376,37375.9,37376,37376,0,0,0,0,1721.180343853675
|||;37376,37375.9,37376,37376,0,0,0,0,1726.180343853675
|||;37376,37375.9,37376,37376,0,0,0,0,1731.180343853675
|||;37376,37375.9,37376,37376,0,0,0,0,1736.180343853675
|||;37376,37375.9,37376,37376,0,0,0,0,1741.180343853675
|||;37376,37375.9,37376,37376,0,0,0,0,1746.180343853675
|||;37376,37375.9,37376,37376,0,0,0,0,1751.180343853675
|||;37376,37375.9,37376,37376,0,0,0,0,1756.180343853675
|||;37376,37375.9,37376,37376,0,0,0,0,1761.180343853675
|||;37376,37375.9,37376,37376,0,0,0,0,1766.180343853675
|||;37376,37375.9,37376,37376,0,0,0,0,1771.180343853675
|||;37376,37375.9,37376,37376,0,0,0,0,1776.180343853675
|||;37376,37375.9,37376,37376,0,0,0,0,1781.180343853675
|||;37376,37375.9,37376,37376,0,0,0,0,1786.180343853675
|||;37376,37375.9,37376,37376,0,0,0,0,1791.180343853675
|||;37376,37375.9,37376,37376,0,0,0,0,1796.180343853675
|||;37376,37375.9,37376,37376,0,0,0,0,1801.180343853675
|||;37376,37375.9,37376,37376,0,0,0,0,1806.180343853675
|||;37376,37375.9,37376,37376,0,0,0,0,1811.180343853675
|||;37376,37375.9,37376,37376,0,0,0,0,1816.180343853675
|||;37376,37375.9,37376,37376,0,0,0,0,1821.180343853675
|||;37376,37375.9,37376,37376,0,0,0,0,1826.180343853675
|||;37376,37375.9,37376,37376,0,0,0,0,1831.180343853675
|||;37376,37375.9,37376,37376,0,0,0,0,1836.180343853675
|||;37376,37375.9,37376,37376,0,0,0,0,1841.180343853675
|||;37376,37375.9,37376,37376,0,0,0,0,1846.180343853675
|||;37376,37375.9,37376,37376,0,0,0,0,1851.180343853675
|||;37376,37375.9,37376,37376,0,0,0,0,1856.180343853675
|||;37376,37375.9,37376,37376,0,0,0,0,1861.180343853675
|663ubtmg(2),||;37376,36802.5,37376,37376,0,2.944043165009,0,0,1866.180343853675
|||;37376,37375.9,37376,37376,0,0,0,0,1871.180343853675
|||;37376,37375.9,37376,37376,0,0,0,0,1876.180343853675
|||;37376,37375.9,37376,37376,0,0,0,0,1881.180343853675
|||;37376,37375.9,37376,37376,0,0,0,0,1886.180343853675
|||;37376,37375.9,37376,37376,0,0,0,0,1891.180343853675
|||;37376,37375.9,37376,37376,0,0,0,0,1896.180343853675
|||;37376,37375.9,37376,37376,0,0,0,0,1901.180343853675
|||;37376,37375.9,37376,37376,0,0,0,0,1906.180343853675
|||;37376,37375.9,37376,37376,0,0,0,0,1911.180343853675
|||;37376,37375.9,37376,37376,0,0,0,0,1916.180343853675
|||;37376,37375.9,37376,37376,0,0,0,0,1921.180343853675
|||;37376,37375.9,37376,37376,0,0,0,0,1926.180343853675
104wkouc(2),|104wkouc(2),|104wkouc(2),|104wkouc(2),;35584,35583.9,34688,34688,4.613197939806,4.613197939806,8.956412140989,8.956412140989,1931.180343853675
||104wkouc(2),|104wkouc(2),;37376,37375.9,34688,34688,0,0,3.956412140989,3.956412140989,1936.180343853675
|||;37376,37375.9,37376,37376,0,0,0,0,1941.180343853675
|||;37376,37375.9,37376,37376,0,0,0,0,1946.180343853675
|||;37376,37375.9,37376,37376,0,0,0,0,1951.180343853675
|||;37376,37375.9,37376,37376,0,0,0,0,1956.180343853675
|||;37376,37375.9,37376,37376,0,0,0,0,1961.180343853675
|||;37376,37375.9,37376,37376,0,0,0,0,1966.180343853675
|||;37376,37375.9,37376,37376,0,0,0,0,1971.180343853675
|||;37376,37375.9,37376,37376,0,0,0,0,1976.180343853675
|||;37376,37375.9,37376,37376,0,0,0,0,1981.180343853675
|||;37376,37375.9,37376,37376,0,0,0,0,1986.180343853675
|||;37376,37375.9,37376,37376,0,0,0,0,1991.180343853675
|||;37376,37375.9,37376,37376,0,0,0,0,1996.180343853675
