|||;24883,24883,24883,24883,0,0,0,0,1.029043108448
|||;24883,24883,24883,24883,0,0,0,0,6.029043108448
|||;24883,24883,24883,24883,0,0,0,0,11.029043108448
|||;24883,24883,24883,24883,0,0,0,0,16.029043108448
|||;24883,24883,24883,24883,0,0,0,0,21.029043108448
|||;24883,24883,24883,24883,0,0,0,0,26.029043108448
|||;24883,24883,24883,24883,0,0,0,0,31.029043108448
|||;24883,24883,24883,24883,0,0,0,0,36.029043108448
|||;24883,24883,24883,24883,0,0,0,0,41.029043108448
|||;24883,24883,24883,24883,0,0,0,0,46.029043108448
|||;24883,24883,24883,24883,0,0,0,0,51.029043108448
|||;24883,24883,24883,24883,0,0,0,0,56.029043108448
|||;24883,24883,24883,24883,0,0,0,0,61.029043108448
|||;24883,24883,24883,24883,0,0,0,0,66.029043108448
|||;24883,24883,24883,24883,0,0,0,0,71.029043108448
|||;24883,24883,24883,24883,0,0,0,0,76.029043108448
|||;24883,24883,24883,24883,0,0,0,0,81.029043108448
|||;24883,24883,24883,24883,0,0,0,0,86.029043108448
|||;24883,24883,24883,24883,0,0,0,0,91.029043108448
|||;24883,24883,24883,24883,0,0,0,0,96.029043108448
|||;24883,24883,24883,24883,0,0,0,0,101.029043108448
|||;24883,24883,24883,24883,0,0,0,0,106.029043108448
|||;24883,24883,24883,24883,0,0,0,0,111.029043108448
|||;24883,24883,24883,24883,0,0,0,0,116.029043108448
|||;24883,24883,24883,24883,0,0,0,0,121.029043108448
|||;24883,24883,24883,24883,0,0,0,0,126.029043108448
|||;24883,24883,24883,24883,0,0,0,0,131.029043108448
|||;24883,24883,24883,24883,0,0,0,0,136.029043108448
|||;24883,24883,24883,24883,0,0,0,0,141.029043108448
|||;24883,24883,24883,24883,0,0,0,0,146.029043108448
|||;24883,24883,24883,24883,0,0,0,0,151.029043108448
|||;24883,24883,24883,24883,0,0,0,0,156.029043108448
|||;24883,24883,24883,24883,0,0,0,0,161.029043108448
|||;24883,24883,24883,24883,0,0,0,0,166.029043108448
|||;24883,24883,24883,24883,0,0,0,0,171.029043108448
|||;24883,24883,24883,24883,0,0,0,0,176.029043108448
|||;24883,24883,24883,24883,0,0,0,0,181.029043108448
|||;24883,24883,24883,24883,0,0,0,0,186.029043108448
|||;24883,24883,24883,24883,0,0,0,0,191.029043108448
|497sfzra(2),||497sfzra(2),;24883,24063.8,24883,24063.8,0,1.847856313853,0,1.847856313853,196.029043108448
|||;24883,24883,24883,24883,0,0,0,0,201.029043108448
193frhzj(2),|193frhzj(2),|193frhzj(2),|193frhzj(2),;22963,23603,22963,23603,8.606753100841,5.448391655058,8.606753100841,5.448391655058,206.029043108448
193frhzj(2),|193frhzj(2),|193frhzj(2),|193frhzj(2),;22963,23603,22963,23603,3.606753100841,0.448391655058,3.606753100841,0.448391655058,211.029043108448
|||;24883,24883,24883,24883,0,0,0,0,216.029043108448
|||;24883,24883,24883,24883,0,0,0,0,221.029043108448
|||;24883,24883,24883,24883,0,0,0,0,226.029043108448
|||;24883,24883,24883,24883,0,0,0,0,231.029043108448
|||;24883,24883,24883,24883,0,0,0,0,236.029043108448
|||;24883,24883,24883,24883,0,0,0,0,241.029043108448
|||;24883,24883,24883,24883,0,0,0,0,246.029043108448
555jdvym(2),|555jdvym(2),|555jdvym(2),|555jdvym(2),;23859,23859,23859,23347,0.42438578424,0.42438578424,0.42438578424,2.951074940866,251.029043108448
|||;24883,24883,24883,24883,0,0,0,0,256.029043108448
|||;24883,24883,24883,24883,0,0,0,0,261.029043108448
990ogeki(2),|990ogeki(2),|990ogeki(2),|990ogeki(2),;23869.2,22855.5,23869.2,23869.2,1.615503691652,6.618348221772,1.615503691652,1.615503691652,266.029043108448
|990ogeki(2),||;24883,22855.5,24883,24883,0,1.618348221772,0,0,271.029043108448
|||;24883,24883,24883,24883,0,0,0,0,276.029043108448
|||;24883,24883,24883,24883,0,0,0,0,281.029043108448
|||;24883,24883,24883,24883,0,0,0,0,286.029043108448
|||;24883,24883,24883,24883,0,0,0,0,291.029043108448
|||;24883,24883,24883,24883,0,0,0,0,296.029043108448
|||;24883,24883,24883,24883,0,0,0,0,301.029043108448
|||;24883,24883,24883,24883,0,0,0,0,306.029043108448
|||;24883,24883,24883,24883,0,0,0,0,311.029043108448
|||;24883,24883,24883,24883,0,0,0,0,316.029043108448
|||;24883,24883,24883,24883,0,0,0,0,321.029043108448
951alyjk(2),|951alyjk(2),|951alyjk(2),|951alyjk(2),;22164.3,23070.5,23070.5,22164.3,12.735506812709,8.14526700548,8.14526700548,12.735506812709,326.029043108448
951alyjk(2),|951alyjk(2),|951alyjk(2),|951alyjk(2),;22164.3,23070.5,23070.5,22164.3,7.735506812709,3.14526700548,3.14526700548,7.735506812709,331.029043108448
951alyjk(2),|||951alyjk(2),;22164.3,24883,24883,22164.3,2.735506812709,0,0,2.735506812709,336.029043108448
|||;24883,24883,24883,24883,0,0,0,0,341.029043108448
|||;24883,24883,24883,24883,0,0,0,0,346.029043108448
|||;24883,24883,24883,24883,0,0,0,0,351.029043108448
|||;24883,24883,24883,24883,0,0,0,0,356.029043108448
|||;24883,24883,24883,24883,0,0,0,0,361.029043108448
31skrhu(2),|31skrhu(2),|31skrhu(2),|31skrhu(2),;21949.2,21949.2,22927.2,22927.2,12.441296263719,12.441296263719,7.615319974562,7.615319974562,366.029043108448
31skrhu(2),|31skrhu(2),|31skrhu(2),|31skrhu(2),;21949.2,21949.2,22927.2,22927.2,7.441296263719,7.441296263719,2.615319974562,2.615319974562,371.029043108448
31skrhu(2),|31skrhu(2),||;21949.2,21949.2,24883,24883,2.441296263719,2.441296263719,0,0,376.029043108448
|||;24883,24883,24883,24883,0,0,0,0,381.029043108448
|||;24883,24883,24883,24883,0,0,0,0,386.029043108448
|||;24883,24883,24883,24883,0,0,0,0,391.029043108448
|||;24883,24883,24883,24883,0,0,0,0,396.029043108448
|||;24883,24883,24883,24883,0,0,0,0,401.029043108448
202ofpby(2),|202ofpby(2),||202ofpby(2),;23055.2,21836.6,24883,23664.4,5.614699267646,11.628219460417,0,2.607939171261,406.029043108448
202ofpby(2),|202ofpby(2),||;23055.2,21836.6,24883,24883,0.614699267646,6.628219460417,0,0,411.029043108448
|202ofpby(2),||;24883,21836.6,24883,24883,0,1.628219460417,0,0,416.029043108448
36oxplz(2),|36oxplz(2),|36oxplz(2),|36oxplz(2),;23009.1,23009.1,22072.1,22072.1,5.989104861825,11.61506943069,10.612946018451,10.612946018451,421.029043108448
36oxplz(2),|36oxplz(2),|36oxplz(2),|36oxplz(2),;23009.1,23009.1,22072.1,22072.1,0.989104861825,6.61506943069,5.612946018451,5.612946018451,426.029043108448
36oxplz(3),|36oxplz(3),|36oxplz(2),|36oxplz(2),;23009.1,23009.1,22072.1,22072.1,0,1.61506943069,0.612946018451,0.612946018451,431.029043108448
36oxplz(3),|36oxplz(3),|36oxplz(3),|36oxplz(3),;23009.1,23009.1,22072.1,22072.1,0,0,0,0,436.029043108448
36oxplz(3),|36oxplz(3),|36oxplz(3),|36oxplz(3),;23009.1,23009.1,22072.1,22072.1,0,0,0,0,441.029043108448
36oxplz(3),|36oxplz(3),|36oxplz(3),|36oxplz(3),;23009.1,23009.1,22072.1,22072.1,0,0,0,0,446.029043108448
36oxplz(3),|36oxplz(3),|36oxplz(3),|36oxplz(3),;23009.1,23009.1,22072.1,22072.1,0,0,0,0,451.029043108448
36oxplz(3),|36oxplz(3),|36oxplz(3),|36oxplz(3),;23009.1,23009.1,22072.1,22072.1,0,0,0,0,456.029043108448
36oxplz(3),|36oxplz(3),|36oxplz(3),|36oxplz(3),;23009.1,23009.1,22072.1,22072.1,0,0,0,0,461.029043108448
36oxplz(3),|36oxplz(3),|36oxplz(3),|36oxplz(3),;23009.1,23009.1,22072.1,22072.1,0,0,0,0,466.029043108448
36oxplz(3),|36oxplz(3),|36oxplz(3),|36oxplz(3),;23009.1,23009.1,22072.1,22072.1,0,0,0,0,471.029043108448
36oxplz(3),|36oxplz(3),|36oxplz(3),|36oxplz(3),;23009.1,23009.1,22072.1,22072.1,0,0,0,0,476.029043108448
36oxplz(3),|36oxplz(3),|36oxplz(3),|36oxplz(3),;23009.1,23009.1,22072.1,22072.1,0,0,0,0,481.029043108448
36oxplz(3),62ybagw(0),|36oxplz(3),62ybagw(0),|36oxplz(3),62ybagw(0),|36oxplz(3),62ybagw(0),;22225.7,22225.7,21288.7,20505.4,5.508402082289,5.508402082289,5.508402082289,9.374236491927,486.029043108448
36oxplz(3),62ybagw(2),|36oxplz(3),62ybagw(2),|36oxplz(3),62ybagw(2),|36oxplz(3),62ybagw(2),;22225.7,22225.7,21288.7,20505.4,0.508402082289,0.508402082289,0.508402082289,4.374236491927,491.029043108448
36oxplz(3),|36oxplz(3),|36oxplz(3),|36oxplz(3),;23009.1,23009.1,22072.1,22072.1,0,0,0,0,496.029043108448
36oxplz(3),|36oxplz(3),|36oxplz(3),|36oxplz(3),;23009.1,23009.1,22072.1,22072.1,0,0,0,0,501.029043108448
36oxplz(3),|36oxplz(3),|36oxplz(3),|36oxplz(3),;23009.1,23009.1,22072.1,22072.1,0,0,0,0,506.029043108448
36oxplz(3),|36oxplz(3),|36oxplz(3),|36oxplz(3),;23009.1,23009.1,22072.1,22072.1,0,0,0,0,511.029043108448
36oxplz(3),|36oxplz(3),|36oxplz(3),|36oxplz(3),;23009.1,23009.1,22072.1,22072.1,0,0,0,0,516.029043108448
36oxplz(3),|36oxplz(3),|36oxplz(3),|36oxplz(3),;23009.1,23009.1,22072.1,22072.1,0,0,0,0,521.029043108448
36oxplz(3),|36oxplz(3),|36oxplz(3),|36oxplz(3),;23009.1,23009.1,22072.1,22072.1,0,0,0,0,526.029043108448
36oxplz(3),|36oxplz(3),|36oxplz(3),|36oxplz(3),;23009.1,23009.1,22072.1,22072.1,0,0,0,0,531.029043108448
36oxplz(3),|36oxplz(3),|36oxplz(3),|36oxplz(3),;23009.1,23009.1,22072.1,22072.1,0,0,0,0,536.029043108448
36oxplz(3),|36oxplz(3),|36oxplz(3),|36oxplz(3),;23009.1,23009.1,22072.1,22072.1,0,0,0,0,541.029043108448
36oxplz(3),|36oxplz(3),|36oxplz(3),|36oxplz(3),;23009.1,23009.1,22072.1,22072.1,0,0,0,0,546.029043108448
36oxplz(3),|36oxplz(3),|36oxplz(3),|36oxplz(3),;23009.1,23009.1,22072.1,22072.1,0,0,0,0,551.029043108448
36oxplz(3),|36oxplz(3),|36oxplz(3),|36oxplz(3),;23009.1,23009.1,22072.1,22072.1,0,0,0,0,556.029043108448
36oxplz(3),|36oxplz(3),|36oxplz(3),|36oxplz(3),;23009.1,23009.1,22072.1,22072.1,0,0,0,0,561.029043108448
36oxplz(3),|36oxplz(3),|36oxplz(3),|36oxplz(3),;23009.1,23009.1,22072.1,22072.1,0,0,0,0,566.029043108448
36oxplz(3),|36oxplz(3),|36oxplz(3),|36oxplz(3),;23009.1,23009.1,22072.1,22072.1,0,0,0,0,571.029043108448
36oxplz(3),|36oxplz(3),|36oxplz(3),|36oxplz(3),;23009.1,23009.1,22072.1,22072.1,0,0,0,0,576.029043108448
36oxplz(3),36ofhcm(0),|36oxplz(3),36ofhcm(0),|36oxplz(3),36ofhcm(0),|36oxplz(3),36ofhcm(0),;20228.9,20228.9,20218.7,20218.7,15.319617942334,15.319617942334,10.74631056884,10.74631056884,581.029043108448
36ofhcm(2),|36ofhcm(2),|36ofhcm(2),|36ofhcm(2),;22102.8,22102.8,23029.6,23029.6,10.319617942334,10.319617942334,5.74631056884,5.74631056884,586.029043108448
36ofhcm(2),|36ofhcm(2),|36ofhcm(2),|36ofhcm(2),;22102.8,22102.8,23029.6,23029.6,5.319617942334,5.319617942334,0.74631056884,0.74631056884,591.029043108448
36ofhcm(2),|36ofhcm(2),||;22102.8,22102.8,24883,24883,0.319617942334,0.319617942334,0,0,596.029043108448
|||;24883,24883,24883,24883,0,0,0,0,601.029043108448
|||;24883,24883,24883,24883,0,0,0,0,606.029043108448
|||;24883,24883,24883,24883,0,0,0,0,611.029043108448
|||;24883,24883,24883,24883,0,0,0,0,616.029043108448
|||;24883,24883,24883,24883,0,0,0,0,621.029043108448
|||;24883,24883,24883,24883,0,0,0,0,626.029043108448
|||;24883,24883,24883,24883,0,0,0,0,631.029043108448
|||;24883,24883,24883,24883,0,0,0,0,636.029043108448
|||;24883,24883,24883,24883,0,0,0,0,641.029043108448
|||;24883,24883,24883,24883,0,0,0,0,646.029043108448
|||;24883,24883,24883,24883,0,0,0,0,651.029043108448
|||;24883,24883,24883,24883,0,0,0,0,656.029043108448
|||;24883,24883,24883,24883,0,0,0,0,661.029043108448
|||;24883,24883,24883,24883,0,0,0,0,666.029043108448
|||;24883,24883,24883,24883,0,0,0,0,671.029043108448
|||;24883,24883,24883,24883,0,0,0,0,676.029043108448
|||;24883,24883,24883,24883,0,0,0,0,681.029043108448
|||;24883,24883,24883,24883,0,0,0,0,686.029043108448
|||;24883,24883,24883,24883,0,0,0,0,691.029043108448
|||;24883,24883,24883,24883,0,0,0,0,696.029043108448
|||;24883,24883,24883,24883,0,0,0,0,701.029043108448
|||;24883,24883,24883,24883,0,0,0,0,706.029043108448
|||;24883,24883,24883,24883,0,0,0,0,711.029043108448
|||;24883,24883,24883,24883,0,0,0,0,716.029043108448
|||;24883,24883,24883,24883,0,0,0,0,721.029043108448
|||;24883,24883,24883,24883,0,0,0,0,726.029043108448
|||;24883,24883,24883,24883,0,0,0,0,731.029043108448
|||;24883,24883,24883,24883,0,0,0,0,736.029043108448
|||;24883,24883,24883,24883,0,0,0,0,741.029043108448
|||;24883,24883,24883,24883,0,0,0,0,746.029043108448
|||;24883,24883,24883,24883,0,0,0,0,751.029043108448
|||;24883,24883,24883,24883,0,0,0,0,756.029043108448
|||;24883,24883,24883,24883,0,0,0,0,761.029043108448
|||;24883,24883,24883,24883,0,0,0,0,766.029043108448
|||;24883,24883,24883,24883,0,0,0,0,771.029043108448
|||;24883,24883,24883,24883,0,0,0,0,776.029043108448
|||;24883,24883,24883,24883,0,0,0,0,781.029043108448
|||;24883,24883,24883,24883,0,0,0,0,786.029043108448
|||;24883,24883,24883,24883,0,0,0,0,791.029043108448
|||;24883,24883,24883,24883,0,0,0,0,796.029043108448
|||;24883,24883,24883,24883,0,0,0,0,801.029043108448
|||;24883,24883,24883,24883,0,0,0,0,806.029043108448
|||;24883,24883,24883,24883,0,0,0,0,811.029043108448
|||;24883,24883,24883,24883,0,0,0,0,816.029043108448
|||;24883,24883,24883,24883,0,0,0,0,821.029043108448
|||;24883,24883,24883,24883,0,0,0,0,826.029043108448
|||;24883,24883,24883,24883,0,0,0,0,831.029043108448
|||;24883,24883,24883,24883,0,0,0,0,836.029043108448
|||;24883,24883,24883,24883,0,0,0,0,841.029043108448
|||;24883,24883,24883,24883,0,0,0,0,846.029043108448
|||;24883,24883,24883,24883,0,0,0,0,851.029043108448
|||;24883,24883,24883,24883,0,0,0,0,856.029043108448
|||;24883,24883,24883,24883,0,0,0,0,861.029043108448
|||;24883,24883,24883,24883,0,0,0,0,866.029043108448
|||;24883,24883,24883,24883,0,0,0,0,871.029043108448
|||;24883,24883,24883,24883,0,0,0,0,876.029043108448
|||;24883,24883,24883,24883,0,0,0,0,881.029043108448
|||;24883,24883,24883,24883,0,0,0,0,886.029043108448
|||;24883,24883,24883,24883,0,0,0,0,891.029043108448
|||;24883,24883,24883,24883,0,0,0,0,896.029043108448
|||;24883,24883,24883,24883,0,0,0,0,901.029043108448
|||;24883,24883,24883,24883,0,0,0,0,906.029043108448
|||;24883,24883,24883,24883,0,0,0,0,911.029043108448
|||;24883,24883,24883,24883,0,0,0,0,916.029043108448
|||;24883,24883,24883,24883,0,0,0,0,921.029043108448
|||;24883,24883,24883,24883,0,0,0,0,926.029043108448
|||;24883,24883,24883,24883,0,0,0,0,931.029043108448
|417fenis(0),|417fenis(2),|;24883,21145.4,21892.9,24883,0,19.06189209982,14.983592597812,0,936.029043108448
|417fenis(2),|417fenis(2),|;24883,21145.4,21892.9,24883,0,14.06189209982,9.983592597812,0,941.029043108448
|417fenis(2),|417fenis(2),|;24883,21145.4,21892.9,24883,0,9.06189209982,4.983592597812,0,946.029043108448
|417fenis(2),|417fenis(3),|;24883,21145.4,21892.9,24883,0,4.06189209982,0,0,951.029043108448
|417fenis(3),|417fenis(3),|;24883,21145.4,21892.9,24883,0,0,0,0,956.029043108448
|417fenis(3),|417fenis(3),|;24883,21145.4,21892.9,24883,0,0,0,0,961.029043108448
|417fenis(3),|417fenis(3),|;24883,21145.4,21892.9,24883,0,0,0,0,966.029043108448
|417fenis(3),|417fenis(3),|;24883,21145.4,21892.9,24883,0,0,0,0,971.029043108448
|417fenis(3),|417fenis(3),|;24883,21145.4,21892.9,24883,0,0,0,0,976.029043108448
|417fenis(3),|417fenis(3),|;24883,21145.4,21892.9,24883,0,0,0,0,981.029043108448
|417fenis(3),|417fenis(3),|;24883,21145.4,21892.9,24883,0,0,0,0,986.029043108448
|417fenis(3),|417fenis(3),|;24883,21145.4,21892.9,24883,0,0,0,0,991.029043108448
|417fenis(3),|417fenis(3),|;24883,21145.4,21892.9,24883,0,0,0,0,996.029043108448
|417fenis(3),|417fenis(3),|;24883,21145.4,21892.9,24883,0,0,0,0,1001.029043108448
|417fenis(3),|417fenis(3),|;24883,21145.4,21892.9,24883,0,0,0,0,1006.029043108448
|417fenis(3),|417fenis(3),|;24883,21145.4,21892.9,24883,0,0,0,0,1011.029043108448
|417fenis(3),|417fenis(3),|;24883,21145.4,21892.9,24883,0,0,0,0,1016.029043108448
|417fenis(3),|417fenis(3),|;24883,21145.4,21892.9,24883,0,0,0,0,1021.029043108448
|417fenis(3),|417fenis(3),|;24883,21145.4,21892.9,24883,0,0,0,0,1026.029043108448
|417fenis(3),|417fenis(3),|;24883,21145.4,21892.9,24883,0,0,0,0,1031.029043108448
|417fenis(3),|417fenis(3),|;24883,21145.4,21892.9,24883,0,0,0,0,1036.029043108448
|417fenis(3),|417fenis(3),|;24883,21145.4,21892.9,24883,0,0,0,0,1041.029043108448
|417fenis(3),|417fenis(3),|;24883,21145.4,21892.9,24883,0,0,0,0,1046.029043108448
|417fenis(3),|417fenis(3),|;24883,21145.4,21892.9,24883,0,0,0,0,1051.029043108448
|417fenis(3),|417fenis(3),|;24883,21145.4,21892.9,24883,0,0,0,0,1056.029043108448
|417fenis(3),|417fenis(3),|;24883,21145.4,21892.9,24883,0,0,0,0,1061.029043108448
|417fenis(3),|417fenis(3),|;24883,21145.4,21892.9,24883,0,0,0,0,1066.029043108448
|417fenis(3),|417fenis(3),|;24883,21145.4,21892.9,24883,0,0,0,0,1071.029043108448
|417fenis(3),|417fenis(3),|;24883,21145.4,21892.9,24883,0,0,0,0,1076.029043108448
|417fenis(3),|417fenis(3),|;24883,21145.4,21892.9,24883,0,0,0,0,1081.029043108448
|417fenis(3),|417fenis(3),|;24883,21145.4,21892.9,24883,0,0,0,0,1086.029043108448
|417fenis(3),|417fenis(3),|;24883,21145.4,21892.9,24883,0,0,0,0,1091.029043108448
|417fenis(3),|417fenis(3),|;24883,21145.4,21892.9,24883,0,0,0,0,1096.029043108448
|417fenis(3),|417fenis(3),|;24883,21145.4,21892.9,24883,0,0,0,0,1101.029043108448
|417fenis(3),|417fenis(3),|;24883,21145.4,21892.9,24883,0,0,0,0,1106.029043108448
|417fenis(3),|417fenis(3),|;24883,21145.4,21892.9,24883,0,0,0,0,1111.029043108448
|417fenis(3),|417fenis(3),|;24883,21145.4,21892.9,24883,0,0,0,0,1116.029043108448
|417fenis(3),|417fenis(3),|;24883,21145.4,21892.9,24883,0,0,0,0,1121.029043108448
|417fenis(3),|417fenis(3),|;24883,21145.4,21892.9,24883,0,0,0,0,1126.029043108448
|417fenis(3),|417fenis(3),|;24883,21145.4,21892.9,24883,0,0,0,0,1131.029043108448
|417fenis(3),|417fenis(3),|;24883,21145.4,21892.9,24883,0,0,0,0,1136.029043108448
|417fenis(3),|417fenis(3),|;24883,21145.4,21892.9,24883,0,0,0,0,1141.029043108448
|417fenis(3),|417fenis(3),|;24883,21145.4,21892.9,24883,0,0,0,0,1146.029043108448
|417fenis(3),|417fenis(3),|;24883,21145.4,21892.9,24883,0,0,0,0,1151.029043108448
|417fenis(3),|417fenis(3),|;24883,21145.4,21892.9,24883,0,0,0,0,1156.029043108448
|417fenis(3),|417fenis(3),|;24883,21145.4,21892.9,24883,0,0,0,0,1161.029043108448
|417fenis(3),|417fenis(3),|;24883,21145.4,21892.9,24883,0,0,0,0,1166.029043108448
|417fenis(3),|417fenis(3),|;24883,21145.4,21892.9,24883,0,0,0,0,1171.029043108448
|417fenis(3),|417fenis(3),|;24883,21145.4,21892.9,24883,0,0,0,0,1176.029043108448
|417fenis(3),|417fenis(3),|;24883,21145.4,21892.9,24883,0,0,0,0,1181.029043108448
|417fenis(3),|417fenis(3),|;24883,21145.4,21892.9,24883,0,0,0,0,1186.029043108448
|417fenis(3),|417fenis(3),|;24883,21145.4,21892.9,24883,0,0,0,0,1191.029043108448
|417fenis(3),|417fenis(3),|;24883,21145.4,21892.9,24883,0,0,0,0,1196.029043108448
|417fenis(3),|417fenis(3),|;24883,21145.4,21892.9,24883,0,0,0,0,1201.029043108448
|417fenis(3),|417fenis(3),|;24883,21145.4,21892.9,24883,0,0,0,0,1206.029043108448
|417fenis(3),|417fenis(3),|;24883,21145.4,21892.9,24883,0,0,0,0,1211.029043108448
|417fenis(3),|417fenis(3),|;24883,21145.4,21892.9,24883,0,0,0,0,1216.029043108448
309ugnqz(0),|417fenis(3),309ugnqz(0),|417fenis(3),309ugnqz(0),|309ugnqz(0),;23439.2,19701.6,20449.1,23439.2,9.66715017714,9.66715017714,9.66715017714,9.66715017714,1221.029043108448
309ugnqz(2),|417fenis(3),309ugnqz(2),|417fenis(3),309ugnqz(2),|309ugnqz(2),;23439.2,19701.6,20449.1,23439.2,4.66715017714,4.66715017714,4.66715017714,4.66715017714,1226.029043108448
|417fenis(3),|417fenis(3),|;24883,21145.4,21892.9,24883,0,0,0,0,1231.029043108448
|417fenis(3),|417fenis(3),|;24883,21145.4,21892.9,24883,0,0,0,0,1236.029043108448
|417fenis(3),|417fenis(3),|;24883,21145.4,21892.9,24883,0,0,0,0,1241.029043108448
|417fenis(3),|417fenis(3),|;24883,21145.4,21892.9,24883,0,0,0,0,1246.029043108448
|417fenis(3),|417fenis(3),|;24883,21145.4,21892.9,24883,0,0,0,0,1251.029043108448
|417fenis(3),|417fenis(3),|;24883,21145.4,21892.9,24883,0,0,0,0,1256.029043108448
|417fenis(3),|417fenis(3),|;24883,21145.4,21892.9,24883,0,0,0,0,1261.029043108448
|417fenis(3),|417fenis(3),|;24883,21145.4,21892.9,24883,0,0,0,0,1266.029043108448
|417fenis(3),|417fenis(3),|;24883,21145.4,21892.9,24883,0,0,0,0,1271.029043108448
|417fenis(3),|417fenis(3),|;24883,21145.4,21892.9,24883,0,0,0,0,1276.029043108448
|417fenis(3),|417fenis(3),|;24883,21145.4,21892.9,24883,0,0,0,0,1281.029043108448
|417fenis(3),|417fenis(3),|;24883,21145.4,21892.9,24883,0,0,0,0,1286.029043108448
|417fenis(3),|417fenis(3),|;24883,21145.4,21892.9,24883,0,0,0,0,1291.029043108448
|417fenis(3),|417fenis(3),|;24883,21145.4,21892.9,24883,0,0,0,0,1296.029043108448
|417fenis(3),|417fenis(3),|;24883,21145.4,21892.9,24883,0,0,0,0,1301.029043108448
|417fenis(3),|417fenis(3),|;24883,21145.4,21892.9,24883,0,0,0,0,1306.029043108448
|417fenis(3),|417fenis(3),|;24883,21145.4,21892.9,24883,0,0,0,0,1311.029043108448
|417fenis(3),|417fenis(3),|;24883,21145.4,21892.9,24883,0,0,0,0,1316.029043108448
|417fenis(3),|417fenis(3),|;24883,21145.4,21892.9,24883,0,0,0,0,1321.029043108448
|417fenis(3),|417fenis(3),|;24883,21145.4,21892.9,24883,0,0,0,0,1326.029043108448
|417fenis(3),|417fenis(3),|;24883,21145.4,21892.9,24883,0,0,0,0,1331.029043108448
|417fenis(3),|417fenis(3),|;24883,21145.4,21892.9,24883,0,0,0,0,1336.029043108448
|417fenis(3),|417fenis(3),|;24883,21145.4,21892.9,24883,0,0,0,0,1341.029043108448
|417fenis(3),|417fenis(3),|;24883,21145.4,21892.9,24883,0,0,0,0,1346.029043108448
|417fenis(3),|417fenis(3),|;24883,21145.4,21892.9,24883,0,0,0,0,1351.029043108448
|417fenis(3),|417fenis(3),|;24883,21145.4,21892.9,24883,0,0,0,0,1356.029043108448
|417fenis(3),|417fenis(3),|;24883,21145.4,21892.9,24883,0,0,0,0,1361.029043108448
|417fenis(3),|417fenis(3),|;24883,21145.4,21892.9,24883,0,0,0,0,1366.029043108448
|417fenis(3),|417fenis(3),|;24883,21145.4,21892.9,24883,0,0,0,0,1371.029043108448
|417fenis(3),|417fenis(3),|;24883,21145.4,21892.9,24883,0,0,0,0,1376.029043108448
|417fenis(3),|417fenis(3),|;24883,21145.4,21892.9,24883,0,0,0,0,1381.029043108448
|417fenis(3),|417fenis(3),|;24883,21145.4,21892.9,24883,0,0,0,0,1386.029043108448
|417fenis(3),|417fenis(3),|;24883,21145.4,21892.9,24883,0,0,0,0,1391.029043108448
|417fenis(3),|417fenis(3),|;24883,21145.4,21892.9,24883,0,0,0,0,1396.029043108448
|417fenis(3),|417fenis(3),|;24883,21145.4,21892.9,24883,0,0,0,0,1401.029043108448
|417fenis(3),|417fenis(3),|;24883,21145.4,21892.9,24883,0,0,0,0,1406.029043108448
|417fenis(3),|417fenis(3),|;24883,21145.4,21892.9,24883,0,0,0,0,1411.029043108448
|417fenis(3),|417fenis(3),|;24883,21145.4,21892.9,24883,0,0,0,0,1416.029043108448
|417fenis(3),|417fenis(3),|;24883,21145.4,21892.9,24883,0,0,0,0,1421.029043108448
|417fenis(3),|417fenis(3),|;24883,21145.4,21892.9,24883,0,0,0,0,1426.029043108448
|417fenis(3),|417fenis(3),|;24883,21145.4,21892.9,24883,0,0,0,0,1431.029043108448
|417fenis(3),|417fenis(3),|;24883,21145.4,21892.9,24883,0,0,0,0,1436.029043108448
417jfxtb(0),|417fenis(3),417jfxtb(0),|417fenis(3),417jfxtb(0),|417jfxtb(0),;22886.2,18150.2,18897.7,22886.2,12.270535256501,17.587579111922,17.587579111922,12.270535256501,1441.029043108448
417jfxtb(2),|417fenis(3),417jfxtb(2),|417fenis(3),417jfxtb(2),|417jfxtb(2),;22886.2,18150.2,18897.7,22886.2,7.270535256501,12.587579111922,12.587579111922,7.270535256501,1446.029043108448
417jfxtb(2),|417fenis(3),417jfxtb(2),|417fenis(3),417jfxtb(2),|417jfxtb(2),;22886.2,18150.2,18897.7,22886.2,2.270535256501,7.587579111922,7.587579111922,2.270535256501,1451.029043108448
417jfxtb(3),|417fenis(3),417jfxtb(2),|417fenis(3),417jfxtb(2),|417jfxtb(3),;22886.2,18150.2,18897.7,22886.2,0,2.587579111922,2.587579111922,0,1456.029043108448
417jfxtb(3),|417fenis(3),417jfxtb(3),|417fenis(3),417jfxtb(3),|417jfxtb(3),;22886.2,18150.2,18897.7,22886.2,0,0,0,0,1461.029043108448
417jfxtb(3),|417fenis(3),417jfxtb(3),|417fenis(3),417jfxtb(3),|417jfxtb(3),;22886.2,18150.2,18897.7,22886.2,0,0,0,0,1466.029043108448
417jfxtb(3),|417fenis(3),417jfxtb(3),|417fenis(3),417jfxtb(3),|417jfxtb(3),;22886.2,18150.2,18897.7,22886.2,0,0,0,0,1471.029043108448
417jfxtb(3),|417fenis(3),417jfxtb(3),|417fenis(3),417jfxtb(3),|417jfxtb(3),;22886.2,18150.2,18897.7,22886.2,0,0,0,0,1476.029043108448
417jfxtb(3),|417fenis(3),417jfxtb(3),|417fenis(3),417jfxtb(3),|417jfxtb(3),;22886.2,18150.2,18897.7,22886.2,0,0,0,0,1481.029043108448
417jfxtb(3),|417fenis(3),417jfxtb(3),|417fenis(3),417jfxtb(3),|417jfxtb(3),;22886.2,18150.2,18897.7,22886.2,0,0,0,0,1486.029043108448
417jfxtb(3),|417fenis(3),417jfxtb(3),|417fenis(3),417jfxtb(3),|417jfxtb(3),;22886.2,18150.2,18897.7,22886.2,0,0,0,0,1491.029043108448
417jfxtb(3),|417fenis(3),417jfxtb(3),|417fenis(3),417jfxtb(3),|417jfxtb(3),;22886.2,18150.2,18897.7,22886.2,0,0,0,0,1496.029043108448
417jfxtb(3),|417fenis(3),417jfxtb(3),|417fenis(3),417jfxtb(3),|417jfxtb(3),;22886.2,18150.2,18897.7,22886.2,0,0,0,0,1501.029043108448
417jfxtb(3),|417fenis(3),417jfxtb(3),|417fenis(3),417jfxtb(3),|417jfxtb(3),;22886.2,18150.2,18897.7,22886.2,0,0,0,0,1506.029043108448
417jfxtb(3),|417fenis(3),417jfxtb(3),|417fenis(3),417jfxtb(3),|417jfxtb(3),;22886.2,18150.2,18897.7,22886.2,0,0,0,0,1511.029043108448
417jfxtb(3),|417fenis(3),417jfxtb(3),|417fenis(3),417jfxtb(3),|417jfxtb(3),;22886.2,18150.2,18897.7,22886.2,0,0,0,0,1516.029043108448
417jfxtb(3),|417fenis(3),417jfxtb(3),|417fenis(3),417jfxtb(3),|417jfxtb(3),;22886.2,18150.2,18897.7,22886.2,0,0,0,0,1521.029043108448
417jfxtb(3),|417fenis(3),417jfxtb(3),|417fenis(3),417jfxtb(3),|417jfxtb(3),;22886.2,18150.2,18897.7,22886.2,0,0,0,0,1526.029043108448
417jfxtb(3),|417fenis(3),417jfxtb(3),|417fenis(3),417jfxtb(3),|417jfxtb(3),;22886.2,18150.2,18897.7,22886.2,0,0,0,0,1531.029043108448
417jfxtb(3),|417fenis(3),417jfxtb(3),|417fenis(3),417jfxtb(3),|417jfxtb(3),;22886.2,18150.2,18897.7,22886.2,0,0,0,0,1536.029043108448
417jfxtb(3),|417fenis(3),417jfxtb(3),|417fenis(3),417jfxtb(3),|417jfxtb(3),;22886.2,18150.2,18897.7,22886.2,0,0,0,0,1541.029043108448
417jfxtb(3),|417fenis(3),417jfxtb(3),|417fenis(3),417jfxtb(3),|417jfxtb(3),;22886.2,18150.2,18897.7,22886.2,0,0,0,0,1546.029043108448
417jfxtb(3),|417fenis(3),417jfxtb(3),|417fenis(3),417jfxtb(3),|417jfxtb(3),;22886.2,18150.2,18897.7,22886.2,0,0,0,0,1551.029043108448
417jfxtb(3),|417fenis(3),417jfxtb(3),|417fenis(3),417jfxtb(3),|417jfxtb(3),;22886.2,18150.2,18897.7,22886.2,0,0,0,0,1556.029043108448
417jfxtb(3),|417fenis(3),417jfxtb(3),|417fenis(3),417jfxtb(3),|417jfxtb(3),;22886.2,18150.2,18897.7,22886.2,0,0,0,0,1561.029043108448
417jfxtb(3),|417fenis(3),417jfxtb(3),|417fenis(3),417jfxtb(3),|417jfxtb(3),;22886.2,18150.2,18897.7,22886.2,0,0,0,0,1566.029043108448
417jfxtb(3),|417fenis(3),417jfxtb(3),|417fenis(3),417jfxtb(3),|417jfxtb(3),;22886.2,18150.2,18897.7,22886.2,0,0,0,0,1571.029043108448
417jfxtb(3),|417fenis(3),417jfxtb(3),|417fenis(3),417jfxtb(3),|417jfxtb(3),;22886.2,18150.2,18897.7,22886.2,0,0,0,0,1576.029043108448
417jfxtb(3),|417fenis(3),417jfxtb(3),|417fenis(3),417jfxtb(3),|417jfxtb(3),;22886.2,18150.2,18897.7,22886.2,0,0,0,0,1581.029043108448
417jfxtb(3),|417fenis(3),417jfxtb(3),|417fenis(3),417jfxtb(3),|417jfxtb(3),;22886.2,18150.2,18897.7,22886.2,0,0,0,0,1586.029043108448
417jfxtb(3),|417fenis(3),417jfxtb(3),|417fenis(3),417jfxtb(3),|417jfxtb(3),;22886.2,18150.2,18897.7,22886.2,0,0,0,0,1591.029043108448
417jfxtb(3),|417fenis(3),417jfxtb(3),|417fenis(3),417jfxtb(3),|417jfxtb(3),;22886.2,18150.2,18897.7,22886.2,0,0,0,0,1596.029043108448
417jfxtb(3),|417fenis(3),417jfxtb(3),|417fenis(3),417jfxtb(3),|417jfxtb(3),;22886.2,18150.2,18897.7,22886.2,0,0,0,0,1601.029043108448
417jfxtb(3),|417fenis(3),417jfxtb(3),|417fenis(3),417jfxtb(3),|417jfxtb(3),;22886.2,18150.2,18897.7,22886.2,0,0,0,0,1606.029043108448
417jfxtb(3),|417fenis(3),417jfxtb(3),|417fenis(3),417jfxtb(3),|417jfxtb(3),;22886.2,18150.2,18897.7,22886.2,0,0,0,0,1611.029043108448
417jfxtb(3),|417fenis(3),417jfxtb(3),|417fenis(3),417jfxtb(3),|417jfxtb(3),;22886.2,18150.2,18897.7,22886.2,0,0,0,0,1616.029043108448
417jfxtb(3),|417fenis(3),417jfxtb(3),|417fenis(3),417jfxtb(3),|417jfxtb(3),;22886.2,18150.2,18897.7,22886.2,0,0,0,0,1621.029043108448
417jfxtb(3),|417fenis(3),417jfxtb(3),|417fenis(3),417jfxtb(3),|417jfxtb(3),;22886.2,18150.2,18897.7,22886.2,0,0,0,0,1626.029043108448
417jfxtb(3),|417fenis(3),417jfxtb(3),|417fenis(3),417jfxtb(3),|417jfxtb(3),;22886.2,18150.2,18897.7,22886.2,0,0,0,0,1631.029043108448
417jfxtb(3),|417fenis(3),417jfxtb(3),|417fenis(3),417jfxtb(3),|417jfxtb(3),;22886.2,18150.2,18897.7,22886.2,0,0,0,0,1636.029043108448
417jfxtb(3),|417fenis(3),417jfxtb(3),|417fenis(3),417jfxtb(3),|417jfxtb(3),;22886.2,18150.2,18897.7,22886.2,0,0,0,0,1641.029043108448
417jfxtb(3),|417fenis(3),417jfxtb(3),|417fenis(3),417jfxtb(3),|417jfxtb(3),;22886.2,18150.2,18897.7,22886.2,0,0,0,0,1646.029043108448
417jfxtb(3),|417fenis(3),417jfxtb(3),|417fenis(3),417jfxtb(3),|417jfxtb(3),;22886.2,18150.2,18897.7,22886.2,0,0,0,0,1651.029043108448
417jfxtb(3),|417fenis(3),417jfxtb(3),|417fenis(3),417jfxtb(3),|417jfxtb(3),;22886.2,18150.2,18897.7,22886.2,0,0,0,0,1656.029043108448
417jfxtb(3),|417fenis(3),417jfxtb(3),|417fenis(3),417jfxtb(3),|417jfxtb(3),;22886.2,18150.2,18897.7,22886.2,0,0,0,0,1661.029043108448
417jfxtb(3),|417fenis(3),417jfxtb(3),|417fenis(3),417jfxtb(3),|417jfxtb(3),;22886.2,18150.2,18897.7,22886.2,0,0,0,0,1666.029043108448
417jfxtb(3),|417fenis(3),417jfxtb(3),|417fenis(3),417jfxtb(3),|417jfxtb(3),;22886.2,18150.2,18897.7,22886.2,0,0,0,0,1671.029043108448
417jfxtb(3),|417fenis(3),417jfxtb(3),|417fenis(3),417jfxtb(3),|417jfxtb(3),;22886.2,18150.2,18897.7,22886.2,0,0,0,0,1676.029043108448
417jfxtb(3),|417fenis(3),417jfxtb(3),|417fenis(3),417jfxtb(3),|417jfxtb(3),;22886.2,18150.2,18897.7,22886.2,0,0,0,0,1681.029043108448
417jfxtb(3),|417fenis(3),417jfxtb(3),|417fenis(3),417jfxtb(3),|417jfxtb(3),;22886.2,18150.2,18897.7,22886.2,0,0,0,0,1686.029043108448
417jfxtb(3),|417fenis(3),417jfxtb(3),|417fenis(3),417jfxtb(3),|417jfxtb(3),;22886.2,18150.2,18897.7,22886.2,0,0,0,0,1691.029043108448
417jfxtb(3),|417fenis(3),417jfxtb(3),|417fenis(3),417jfxtb(3),|417jfxtb(3),;22886.2,18150.2,18897.7,22886.2,0,0,0,0,1696.029043108448
417jfxtb(3),|417fenis(3),417jfxtb(3),|417fenis(3),417jfxtb(3),|417jfxtb(3),;22886.2,18150.2,18897.7,22886.2,0,0,0,0,1701.029043108448
417jfxtb(3),|417fenis(3),417jfxtb(3),|417fenis(3),417jfxtb(3),|417jfxtb(3),;22886.2,18150.2,18897.7,22886.2,0,0,0,0,1706.029043108448
417jfxtb(3),|417fenis(3),417jfxtb(3),|417fenis(3),417jfxtb(3),|417jfxtb(3),;22886.2,18150.2,18897.7,22886.2,0,0,0,0,1711.029043108448
417jfxtb(3),|417fenis(3),417jfxtb(3),|417fenis(3),417jfxtb(3),|417jfxtb(3),;22886.2,18150.2,18897.7,22886.2,0,0,0,0,1716.029043108448
417jfxtb(3),|417fenis(3),417jfxtb(3),|417fenis(3),417jfxtb(3),|417jfxtb(3),;22886.2,18150.2,18897.7,22886.2,0,0,0,0,1721.029043108448
417jfxtb(3),|417fenis(3),417jfxtb(3),|417fenis(3),417jfxtb(3),|417jfxtb(3),;22886.2,18150.2,18897.7,22886.2,0,0,0,0,1726.029043108448
417jfxtb(3),|417fenis(3),417jfxtb(3),|417fenis(3),417jfxtb(3),|417jfxtb(3),;22886.2,18150.2,18897.7,22886.2,0,0,0,0,1731.029043108448
417jfxtb(3),|417fenis(3),417jfxtb(3),|417fenis(3),417jfxtb(3),|417jfxtb(3),;22886.2,18150.2,18897.7,22886.2,0,0,0,0,1736.029043108448
417jfxtb(3),|417fenis(3),417jfxtb(3),|417fenis(3),417jfxtb(3),|417jfxtb(3),;22886.2,18150.2,18897.7,22886.2,0,0,0,0,1741.029043108448
417jfxtb(3),|417fenis(3),417jfxtb(3),|417fenis(3),417jfxtb(3),|417jfxtb(3),;22886.2,18150.2,18897.7,22886.2,0,0,0,0,1746.029043108448
417jfxtb(3),|417fenis(3),417jfxtb(3),|417fenis(3),417jfxtb(3),|417jfxtb(3),;22886.2,18150.2,18897.7,22886.2,0,0,0,0,1751.029043108448
417jfxtb(3),|417fenis(3),417jfxtb(3),|417fenis(3),417jfxtb(3),|417jfxtb(3),;22886.2,18150.2,18897.7,22886.2,0,0,0,0,1756.029043108448
417jfxtb(3),|417fenis(3),417jfxtb(3),|417fenis(3),417jfxtb(3),|417jfxtb(3),;22886.2,18150.2,18897.7,22886.2,0,0,0,0,1761.029043108448
417jfxtb(3),|417fenis(3),417jfxtb(3),|417fenis(3),417jfxtb(3),|417jfxtb(3),;22886.2,18150.2,18897.7,22886.2,0,0,0,0,1766.029043108448
417jfxtb(3),|417fenis(3),417jfxtb(3),|417fenis(3),417jfxtb(3),|417jfxtb(3),;22886.2,18150.2,18897.7,22886.2,0,0,0,0,1771.029043108448
417jfxtb(3),|417fenis(3),417jfxtb(3),|417fenis(3),417jfxtb(3),|417jfxtb(3),;22886.2,18150.2,18897.7,22886.2,0,0,0,0,1776.029043108448
417jfxtb(3),|417fenis(3),417jfxtb(3),|417fenis(3),417jfxtb(3),|417jfxtb(3),;22886.2,18150.2,18897.7,22886.2,0,0,0,0,1781.029043108448
417jfxtb(3),|417fenis(3),417jfxtb(3),|417fenis(3),417jfxtb(3),|417jfxtb(3),;22886.2,18150.2,18897.7,22886.2,0,0,0,0,1786.029043108448
417jfxtb(3),|417fenis(3),417jfxtb(3),|417fenis(3),417jfxtb(3),|417jfxtb(3),;22886.2,18150.2,18897.7,22886.2,0,0,0,0,1791.029043108448
417jfxtb(3),417ygfmv(0),|417fenis(3),417jfxtb(3),417ygfmv(0),|417fenis(3),417jfxtb(3),417ygfmv(0),|417jfxtb(3),417ygfmv(0),;20720.4,16706.4,17453.9,20720.4,11.704267185278,7.953635474435,7.953635474435,11.704267185278,1796.029043108448
417jfxtb(3),417ygfmv(2),|417fenis(3),417jfxtb(3),417ygfmv(2),|417fenis(3),417jfxtb(3),417ygfmv(2),|417jfxtb(3),417ygfmv(2),;20720.4,16706.4,17453.9,20720.4,6.704267185278,2.953635474435,2.953635474435,6.704267185278,1801.029043108448
417jfxtb(3),417ygfmv(2),|417fenis(3),417jfxtb(3),417ygfmv(3),|417fenis(3),417jfxtb(3),417ygfmv(3),|417jfxtb(3),417ygfmv(2),;20720.4,16706.4,17453.9,20720.4,1.704267185278,0,0,1.704267185278,1806.029043108448
417jfxtb(3),417ygfmv(3),|417fenis(3),417jfxtb(3),417ygfmv(3),|417fenis(3),417jfxtb(3),417ygfmv(3),|417jfxtb(3),417ygfmv(3),;20720.4,16706.4,17453.9,20720.4,0,0,0,0,1811.029043108448
417jfxtb(3),417ygfmv(3),|417fenis(3),417jfxtb(3),417ygfmv(3),|417fenis(3),417jfxtb(3),417ygfmv(3),|417jfxtb(3),417ygfmv(3),;20720.4,16706.4,17453.9,20720.4,0,0,0,0,1816.029043108448
417jfxtb(3),417ygfmv(3),|417fenis(3),417jfxtb(3),417ygfmv(3),|417fenis(3),417jfxtb(3),417ygfmv(3),|417jfxtb(3),417ygfmv(3),;20720.4,16706.4,17453.9,20720.4,0,0,0,0,1821.029043108448
417jfxtb(3),417ygfmv(3),|417fenis(3),417jfxtb(3),417ygfmv(3),|417fenis(3),417jfxtb(3),417ygfmv(3),|417jfxtb(3),417ygfmv(3),;20720.4,16706.4,17453.9,20720.4,0,0,0,0,1826.029043108448
417jfxtb(3),417ygfmv(3),|417fenis(3),417jfxtb(3),417ygfmv(3),|417fenis(3),417jfxtb(3),417ygfmv(3),|417jfxtb(3),417ygfmv(3),;20720.4,16706.4,17453.9,20720.4,0,0,0,0,1831.029043108448
417jfxtb(3),417ygfmv(3),|417fenis(3),417jfxtb(3),417ygfmv(3),|417fenis(3),417jfxtb(3),417ygfmv(3),|417jfxtb(3),417ygfmv(3),;20720.4,16706.4,17453.9,20720.4,0,0,0,0,1836.029043108448
417jfxtb(3),417ygfmv(3),|417fenis(3),417jfxtb(3),417ygfmv(3),|417fenis(3),417jfxtb(3),417ygfmv(3),|417jfxtb(3),417ygfmv(3),;20720.4,16706.4,17453.9,20720.4,0,0,0,0,1841.029043108448
417jfxtb(3),417ygfmv(3),|417fenis(3),417jfxtb(3),417ygfmv(3),|417fenis(3),417jfxtb(3),417ygfmv(3),|417jfxtb(3),417ygfmv(3),;20720.4,16706.4,17453.9,20720.4,0,0,0,0,1846.029043108448
417jfxtb(3),417ygfmv(3),|417fenis(3),417jfxtb(3),417ygfmv(3),|417fenis(3),417jfxtb(3),417ygfmv(3),|417jfxtb(3),417ygfmv(3),;20720.4,16706.4,17453.9,20720.4,0,0,0,0,1851.029043108448
417jfxtb(3),417ygfmv(3),|417fenis(3),417jfxtb(3),417ygfmv(3),|417fenis(3),417jfxtb(3),417ygfmv(3),|417jfxtb(3),417ygfmv(3),;20720.4,16706.4,17453.9,20720.4,0,0,0,0,1856.029043108448
417jfxtb(3),417ygfmv(3),|417fenis(3),417jfxtb(3),417ygfmv(3),|417fenis(3),417jfxtb(3),417ygfmv(3),|417jfxtb(3),417ygfmv(3),;20720.4,16706.4,17453.9,20720.4,0,0,0,0,1861.029043108448
417jfxtb(3),417ygfmv(3),|417fenis(3),417jfxtb(3),417ygfmv(3),|417fenis(3),417jfxtb(3),417ygfmv(3),|417jfxtb(3),417ygfmv(3),;20720.4,16706.4,17453.9,20720.4,0,0,0,0,1866.029043108448
417jfxtb(3),417ygfmv(3),|417fenis(3),417jfxtb(3),417ygfmv(3),|417fenis(3),417jfxtb(3),417ygfmv(3),|417jfxtb(3),417ygfmv(3),;20720.4,16706.4,17453.9,20720.4,0,0,0,0,1871.029043108448
417jfxtb(3),417ygfmv(3),|417fenis(3),417jfxtb(3),417ygfmv(3),|417fenis(3),417jfxtb(3),417ygfmv(3),|417jfxtb(3),417ygfmv(3),;20720.4,16706.4,17453.9,20720.4,0,0,0,0,1876.029043108448
417jfxtb(3),417ygfmv(3),|417jfxtb(3),417ygfmv(3),|417jfxtb(3),417ygfmv(3),|417jfxtb(3),417ygfmv(3),;20720.4,20444,20444,20720.4,0,0,0,0,1881.029043108448
417jfxtb(3),417ygfmv(3),|417jfxtb(3),417ygfmv(3),|417jfxtb(3),417ygfmv(3),|417jfxtb(3),417ygfmv(3),;20720.4,20444,20444,20720.4,0,0,0,0,1886.029043108448
417jfxtb(3),417ygfmv(3),|417jfxtb(3),417ygfmv(3),|417jfxtb(3),417ygfmv(3),|417jfxtb(3),417ygfmv(3),;20720.4,20444,20444,20720.4,0,0,0,0,1891.029043108448
417jfxtb(3),417ygfmv(3),|417jfxtb(3),417ygfmv(3),|417jfxtb(3),417ygfmv(3),|417jfxtb(3),417ygfmv(3),;20720.4,20444,20444,20720.4,0,0,0,0,1896.029043108448
417jfxtb(3),417ygfmv(3),|417jfxtb(3),417ygfmv(3),|417jfxtb(3),417ygfmv(3),|417jfxtb(3),417ygfmv(3),;20720.4,20444,20444,20720.4,0,0,0,0,1901.029043108448
417jfxtb(3),417ygfmv(3),|417jfxtb(3),417ygfmv(3),|417jfxtb(3),417ygfmv(3),|417jfxtb(3),417ygfmv(3),;20720.4,20444,20444,20720.4,0,0,0,0,1906.029043108448
417jfxtb(3),417ygfmv(3),|417jfxtb(3),417ygfmv(3),|417jfxtb(3),417ygfmv(3),|417jfxtb(3),417ygfmv(3),;20720.4,20444,20444,20720.4,0,0,0,0,1911.029043108448
417jfxtb(3),417ygfmv(3),|417jfxtb(3),417ygfmv(3),|417jfxtb(3),417ygfmv(3),|417jfxtb(3),417ygfmv(3),;20720.4,20444,20444,20720.4,0,0,0,0,1916.029043108448
417jfxtb(3),417ygfmv(3),|417jfxtb(3),417ygfmv(3),|417jfxtb(3),417ygfmv(3),|417jfxtb(3),417ygfmv(3),;20720.4,20444,20444,20720.4,0,0,0,0,1921.029043108448
417jfxtb(3),417ygfmv(3),|417jfxtb(3),417ygfmv(3),|417jfxtb(3),417ygfmv(3),|417jfxtb(3),417ygfmv(3),;20720.4,20444,20444,20720.4,0,0,0,0,1926.029043108448
417jfxtb(3),417ygfmv(3),|417jfxtb(3),417ygfmv(3),|417jfxtb(3),417ygfmv(3),|417jfxtb(3),417ygfmv(3),;20720.4,20444,20444,20720.4,0,0,0,0,1931.029043108448
417jfxtb(3),417ygfmv(3),|417jfxtb(3),417ygfmv(3),|417jfxtb(3),417ygfmv(3),|417jfxtb(3),417ygfmv(3),;20720.4,20444,20444,20720.4,0,0,0,0,1936.029043108448
417jfxtb(3),417ygfmv(3),|417jfxtb(3),417ygfmv(3),|417jfxtb(3),417ygfmv(3),|417jfxtb(3),417ygfmv(3),;20720.4,20444,20444,20720.4,0,0,0,0,1941.029043108448
417jfxtb(3),417ygfmv(3),|417jfxtb(3),417ygfmv(3),|417jfxtb(3),417ygfmv(3),|417jfxtb(3),417ygfmv(3),;20720.4,20444,20444,20720.4,0,0,0,0,1946.029043108448
417jfxtb(3),417ygfmv(3),|417jfxtb(3),417ygfmv(3),|417jfxtb(3),417ygfmv(3),|417jfxtb(3),417ygfmv(3),;20720.4,20444,20444,20720.4,0,0,0,0,1951.029043108448
417jfxtb(3),417ygfmv(3),|417jfxtb(3),417ygfmv(3),|417jfxtb(3),417ygfmv(3),|417jfxtb(3),417ygfmv(3),;20720.4,20444,20444,20720.4,0,0,0,0,1956.029043108448
417jfxtb(3),417ygfmv(3),|417jfxtb(3),417ygfmv(3),|417jfxtb(3),417ygfmv(3),|417jfxtb(3),417ygfmv(3),;20720.4,20444,20444,20720.4,0,0,0,0,1961.029043108448
417jfxtb(3),417ygfmv(3),|417jfxtb(3),417ygfmv(3),|417jfxtb(3),417ygfmv(3),|417jfxtb(3),417ygfmv(3),;20720.4,20444,20444,20720.4,0,0,0,0,1966.029043108448
417jfxtb(3),417ygfmv(3),|417jfxtb(3),417ygfmv(3),|417jfxtb(3),417ygfmv(3),|417jfxtb(3),417ygfmv(3),;20720.4,20444,20444,20720.4,0,0,0,0,1971.029043108448
417ygfmv(3),|417ygfmv(3),|417ygfmv(3),|417ygfmv(3),;22717.2,23439.2,23439.2,22717.2,0,0,0,0,1976.029043108448
417ygfmv(3),|417ygfmv(3),|417ygfmv(3),|417ygfmv(3),;22717.2,23439.2,23439.2,22717.2,0,0,0,0,1981.029043108448
417ygfmv(3),|417ygfmv(3),|417ygfmv(3),|417ygfmv(3),;22717.2,23439.2,23439.2,22717.2,0,0,0,0,1986.029043108448
417ygfmv(3),|417ygfmv(3),|417ygfmv(3),|417ygfmv(3),;22717.2,23439.2,23439.2,22717.2,0,0,0,0,1991.029043108448
417ygfmv(3),|417ygfmv(3),|417ygfmv(3),|417ygfmv(3),;22717.2,23439.2,23439.2,22717.2,0,0,0,0,1996.029043108448
