|||;25088,25088,25088,25088,0,0,0,0,1.145705846692
|||;25088,25088,25088,25088,0,0,0,0,6.145705846692
|||;25088,25088,25088,25088,0,0,0,0,11.145705846692
|||;25088,25088,25088,25088,0,0,0,0,16.145705846692
|||;25088,25088,25088,25088,0,0,0,0,21.145705846692
|||;25088,25088,25088,25088,0,0,0,0,26.145705846692
|||;25088,25088,25088,25088,0,0,0,0,31.145705846692
|||;25088,25088,25088,25088,0,0,0,0,36.145705846692
|||;25088,25088,25088,25088,0,0,0,0,41.145705846692
|||;25088,25088,25088,25088,0,0,0,0,46.145705846692
|||;25088,25088,25088,25088,0,0,0,0,51.145705846692
|||;25088,25088,25088,25088,0,0,0,0,56.145705846692
|||;25088,25088,25088,25088,0,0,0,0,61.145705846692
|||;25088,25088,25088,25088,0,0,0,0,66.145705846692
276jbfyi(2),|276jbfyi(2),||276jbfyi(2),;24314.9,24314.9,25088,20449.3,2.042149017308,2.042149017308,0,19.944930262729,71.145705846692
|||276jbfyi(2),;25088,25088,25088,20449.3,0,0,0,14.944930262729,76.145705846692
|||276jbfyi(2),;25088,25088,25088,20449.3,0,0,0,9.944930262729,81.145705846692
|578pevcf(2),|578pevcf(2),|276jbfyi(2),578pevcf(1),;25088,23808,23808,17249.3,0,5.694407732986,5.694407732986,23.522238732517,86.145705846692
|578pevcf(2),|578pevcf(2),|276jbfyi(3),578pevcf(2),;25088,23808,23808,17249.3,0,0.694407732986,0.694407732986,18.522238732517,91.145705846692
|||276jbfyi(3),578pevcf(2),;25088,25088,25088,17249.3,0,0,0,13.522238732517,96.145705846692
270wxvjr(0),|270wxvjr(0),||276jbfyi(3),578pevcf(2),270wxvjr(0),;24325.1,24325.1,25088,13434.9,5.933084770975,5.933084770975,0,30.679034002199,101.145705846692
270wxvjr(2),|270wxvjr(2),||276jbfyi(3),578pevcf(3),270wxvjr(2),;24325.1,24325.1,25088,13434.9,0.933084770975,0.933084770975,0,25.679034002199,106.145705846692
|||276jbfyi(3),578pevcf(3),270wxvjr(2),;25088,25088,25088,13434.9,0,0,0,20.679034002199,111.145705846692
|||276jbfyi(3),578pevcf(3),270wxvjr(2),;25088,25088,25088,13434.9,0,0,0,15.679034002199,116.145705846692
|||276jbfyi(3),578pevcf(3),270wxvjr(2),;25088,25088,25088,13434.9,0,0,0,10.679034002199,121.145705846692
|||276jbfyi(3),578pevcf(3),270wxvjr(3),;25088,25088,25088,13434.9,0,0,0,5.679034002199,126.145705846692
|||276jbfyi(3),578pevcf(3),270wxvjr(3),;25088,25088,25088,13434.9,0,0,0,0.679034002199,131.145705846692
|||276jbfyi(3),578pevcf(3),270wxvjr(3),;25088,25088,25088,13434.9,0,0,0,0,136.145705846692
|||276jbfyi(3),578pevcf(3),270wxvjr(3),;25088,25088,25088,13434.9,0,0,0,0,141.145705846692
|||578pevcf(3),270wxvjr(3),;25088,25088,25088,18073.6,0,0,0,0,146.145705846692
|||578pevcf(3),270wxvjr(3),;25088,25088,25088,18073.6,0,0,0,0,151.145705846692
|82jylgc(0),||578pevcf(3),270wxvjr(3),82jylgc(0),;25088,23121.9,25088,13486.1,0,12.621787344009,0,24.421148047306,156.145705846692
|82jylgc(2),||270wxvjr(3),82jylgc(2),;25088,23121.9,25088,16686.1,0,7.621787344009,0,19.421148047306,161.145705846692
|82jylgc(2),||82jylgc(2),;25088,23121.9,25088,20500.5,0,2.621787344009,0,14.421148047306,166.145705846692
|82jylgc(3),||82jylgc(2),;25088,23121.9,25088,20500.5,0,0,0,9.421148047306,171.145705846692
|82jylgc(3),||82jylgc(2),;25088,23121.9,25088,20500.5,0,0,0,4.421148047306,176.145705846692
|82jylgc(3),||82jylgc(3),;25088,23121.9,25088,20500.5,0,0,0,0,181.145705846692
|82jylgc(3),||82jylgc(3),;25088,23121.9,25088,20500.5,0,0,0,0,186.145705846692
|82jylgc(3),||82jylgc(3),;25088,23121.9,25088,20500.5,0,0,0,0,191.145705846692
|82jylgc(3),||82jylgc(3),;25088,23121.9,25088,20500.5,0,0,0,0,196.145705846692
|82jylgc(3),||82jylgc(3),;25088,23121.9,25088,20500.5,0,0,0,0,201.145705846692
26pxydh(0),|82jylgc(3),26pxydh(0),|26pxydh(0),|82jylgc(3),26pxydh(0),;22492.2,20526.1,23357.4,18769.9,15.96487339827,15.96487339827,11.95749587446,11.95749587446,206.145705846692
26pxydh(2),|82jylgc(3),26pxydh(2),|26pxydh(2),|82jylgc(3),26pxydh(2),;22492.2,20526.1,23357.4,18769.9,10.96487339827,10.96487339827,6.95749587446,6.95749587446,211.145705846692
26pxydh(2),|82jylgc(3),26pxydh(2),|26pxydh(2),|82jylgc(3),26pxydh(2),;22492.2,20526.1,23357.4,18769.9,5.96487339827,5.96487339827,1.95749587446,1.95749587446,216.145705846692
26pxydh(2),|82jylgc(3),26pxydh(2),|26pxydh(3),|82jylgc(3),26pxydh(3),;22492.2,20526.1,23357.4,18769.9,0.96487339827,0.96487339827,0,0,221.145705846692
26pxydh(3),|82jylgc(3),26pxydh(3),|26pxydh(3),|82jylgc(3),26pxydh(3),;22492.2,20526.1,23357.4,18769.9,0,0,0,0,226.145705846692
26pxydh(3),356nqhvb(0),666fxmiw(0),|82jylgc(3),26pxydh(3),356nqhvb(0),|26pxydh(3),666fxmiw(0),|82jylgc(3),26pxydh(3),356nqhvb(0),666fxmiw(0),;18759.7,15918.1,20392.9,15037.4,26.240720652124,24.431138356578,17.559411229074,26.240720652124,231.145705846692
26pxydh(3),356nqhvb(2),666fxmiw(1),|82jylgc(3),26pxydh(3),356nqhvb(2),|26pxydh(3),666fxmiw(2),|82jylgc(3),26pxydh(3),356nqhvb(2),666fxmiw(1),;18759.7,15918.1,20392.9,15037.4,21.240720652124,19.431138356578,12.559411229074,21.240720652124,236.145705846692
26pxydh(3),666fxmiw(2),|82jylgc(3),26pxydh(3),356nqhvb(2),|26pxydh(3),666fxmiw(2),|82jylgc(3),26pxydh(3),666fxmiw(2),;19527.7,15918.1,20392.9,15805.4,16.240720652124,14.431138356578,7.559411229074,16.240720652124,241.145705846692
26pxydh(3),666fxmiw(2),|82jylgc(3),26pxydh(3),356nqhvb(2),|26pxydh(3),666fxmiw(2),|82jylgc(3),26pxydh(3),666fxmiw(2),;19527.7,15918.1,20392.9,15805.4,11.240720652124,9.431138356578,2.559411229074,11.240720652124,246.145705846692
26pxydh(3),666fxmiw(2),|26pxydh(3),356nqhvb(2),|26pxydh(3),666fxmiw(3),|26pxydh(3),666fxmiw(2),;19527.7,17884.2,20392.9,20392.9,6.240720652124,4.431138356578,0,6.240720652124,251.145705846692
26pxydh(3),666fxmiw(3),|26pxydh(3),356nqhvb(3),|26pxydh(3),666fxmiw(3),|26pxydh(3),666fxmiw(3),;19527.7,17884.2,20392.9,20392.9,1.240720652124,0,0,1.240720652124,256.145705846692
26pxydh(3),666fxmiw(3),|26pxydh(3),356nqhvb(3),|26pxydh(3),666fxmiw(3),|26pxydh(3),666fxmiw(3),;19527.7,17884.2,20392.9,20392.9,0,0,0,0,261.145705846692
26pxydh(3),666fxmiw(3),|26pxydh(3),356nqhvb(3),|26pxydh(3),666fxmiw(3),|26pxydh(3),666fxmiw(3),;19527.7,17884.2,20392.9,20392.9,0,0,0,0,266.145705846692
26pxydh(3),666fxmiw(3),|26pxydh(3),356nqhvb(3),|26pxydh(3),666fxmiw(3),|26pxydh(3),666fxmiw(3),;19527.7,17884.2,20392.9,20392.9,0,0,0,0,271.145705846692
26pxydh(3),666fxmiw(3),26txuny(0),|26pxydh(3),356nqhvb(3),26txuny(0),|26pxydh(3),666fxmiw(3),26txuny(0),|26pxydh(3),666fxmiw(3),26txuny(0),;17239.1,16358.4,18867.1,18867.1,11.986139474089,8.453007811085,8.453007811085,8.453007811085,276.145705846692
666fxmiw(3),26txuny(2),|356nqhvb(3),26txuny(2),|666fxmiw(3),26txuny(2),|666fxmiw(3),26txuny(2),;19834.9,18954.2,20597.7,20597.7,6.986139474089,3.453007811085,3.453007811085,3.453007811085,281.145705846692
666fxmiw(3),26txuny(2),|356nqhvb(3),|666fxmiw(3),|666fxmiw(3),;19834.9,20480,22123.5,22123.5,1.986139474089,0,0,0,286.145705846692
666fxmiw(3),317dwrlt(0),|356nqhvb(3),317dwrlt(0),|666fxmiw(3),317dwrlt(0),|666fxmiw(3),317dwrlt(0),;20157.4,19497,19174.4,18191.3,13.290573027791,8.865812764054,17.715333291527,22.140093555263,291.145705846692
666fxmiw(3),317dwrlt(2),|356nqhvb(3),317dwrlt(2),|666fxmiw(3),317dwrlt(2),|666fxmiw(3),317dwrlt(2),;20157.4,19497,19174.4,18191.3,8.290573027791,3.865812764054,12.715333291527,17.140093555263,296.145705846692
666fxmiw(3),317dwrlt(2),|356nqhvb(3),|666fxmiw(3),317dwrlt(2),|666fxmiw(3),317dwrlt(2),;20157.4,20480,19174.4,18191.3,3.290573027791,0,7.715333291527,12.140093555263,301.145705846692
666fxmiw(3),|356nqhvb(3),|666fxmiw(3),317dwrlt(2),|666fxmiw(3),317dwrlt(2),;22123.5,20480,19174.4,18191.3,0,0,2.715333291527,7.140093555263,306.145705846692
666fxmiw(3),||666fxmiw(3),317dwrlt(3),|666fxmiw(3),317dwrlt(2),;22123.5,25088,19174.4,18191.3,0,0,0,2.140093555263,311.145705846692
666fxmiw(3),312smoze(0),|312smoze(0),|666fxmiw(3),317dwrlt(3),312smoze(0),|666fxmiw(3),317dwrlt(3),312smoze(0),;20833.3,23152.6,17239,16901.1,7.189130830377,10.092879753454,10.092879753454,7.189130830377,316.145705846692
666fxmiw(3),312smoze(2),|312smoze(2),|666fxmiw(3),317dwrlt(3),312smoze(2),|666fxmiw(3),317dwrlt(3),312smoze(2),;20833.3,23152.6,17239,16901.1,2.189130830377,5.092879753454,5.092879753454,2.189130830377,321.145705846692
666fxmiw(3),|312smoze(2),|666fxmiw(3),317dwrlt(3),312smoze(2),|666fxmiw(3),317dwrlt(3),;22123.5,23152.6,17239,18191.3,0,0.092879753454,0.092879753454,0,326.145705846692
666fxmiw(3),||317dwrlt(3),|666fxmiw(3),317dwrlt(3),;22123.5,25088,22138.9,18191.3,0,0,0,0,331.145705846692
666fxmiw(3),||317dwrlt(3),|666fxmiw(3),317dwrlt(3),;22123.5,25088,22138.9,18191.3,0,0,0,0,336.145705846692
666fxmiw(3),||317dwrlt(3),|666fxmiw(3),317dwrlt(3),;22123.5,25088,22138.9,18191.3,0,0,0,0,341.145705846692
666fxmiw(3),||317dwrlt(3),|666fxmiw(3),317dwrlt(3),;22123.5,25088,22138.9,18191.3,0,0,0,0,346.145705846692
666fxmiw(3),||317dwrlt(3),|666fxmiw(3),317dwrlt(3),;22123.5,25088,22138.9,18191.3,0,0,0,0,351.145705846692
666fxmiw(3),||317dwrlt(3),|666fxmiw(3),317dwrlt(3),;22123.5,25088,22138.9,18191.3,0,0,0,0,356.145705846692
666fxmiw(3),||317dwrlt(3),|666fxmiw(3),317dwrlt(3),;22123.5,25088,22138.9,18191.3,0,0,0,0,361.145705846692
666fxmiw(3),360qrmvw(0),||317dwrlt(3),360qrmvw(0),|666fxmiw(3),317dwrlt(3),;19563.5,25088,20090.9,18191.3,13.584753080891,0,11.213523776862,0,366.145705846692
666fxmiw(3),360qrmvw(2),||317dwrlt(3),360qrmvw(2),|666fxmiw(3),317dwrlt(3),;19563.5,25088,20090.9,18191.3,8.584753080891,0,6.213523776862,0,371.145705846692
666fxmiw(3),360qrmvw(2),||317dwrlt(3),360qrmvw(2),|666fxmiw(3),317dwrlt(3),;19563.5,25088,20090.9,18191.3,3.584753080891,0,1.213523776862,0,376.145705846692
666fxmiw(3),360qrmvw(3),||317dwrlt(3),360qrmvw(3),|666fxmiw(3),317dwrlt(3),;19563.5,25088,20090.9,18191.3,0,0,0,0,381.145705846692
666fxmiw(3),360qrmvw(3),243cxdqu(2),|243cxdqu(2),|317dwrlt(3),360qrmvw(3),|666fxmiw(3),317dwrlt(3),243cxdqu(2),;17566.7,23091.2,20090.9,16194.5,8.726469835068,8.726469835068,0,8.726469835068,386.145705846692
666fxmiw(3),360qrmvw(3),243cxdqu(2),|243cxdqu(2),|317dwrlt(3),360qrmvw(3),|666fxmiw(3),317dwrlt(3),243cxdqu(2),;17566.7,23091.2,20090.9,16194.5,3.726469835068,3.726469835068,0,3.726469835068,391.145705846692
666fxmiw(3),360qrmvw(3),243cxdqu(3),|243cxdqu(3),|317dwrlt(3),360qrmvw(3),|666fxmiw(3),317dwrlt(3),243cxdqu(3),;17566.7,23091.2,20090.9,16194.5,0,0,0,0,396.145705846692
666fxmiw(3),360qrmvw(3),243cxdqu(3),|243cxdqu(3),|317dwrlt(3),360qrmvw(3),|666fxmiw(3),317dwrlt(3),243cxdqu(3),;17566.7,23091.2,20090.9,16194.5,0,0,0,0,401.145705846692
666fxmiw(3),360qrmvw(3),243cxdqu(3),|243cxdqu(3),|317dwrlt(3),360qrmvw(3),|666fxmiw(3),317dwrlt(3),243cxdqu(3),;17566.7,23091.2,20090.9,16194.5,0,0,0,0,406.145705846692
666fxmiw(3),360qrmvw(3),243cxdqu(3),|243cxdqu(3),|317dwrlt(3),360qrmvw(3),|666fxmiw(3),317dwrlt(3),243cxdqu(3),;17566.7,23091.2,20090.9,16194.5,0,0,0,0,411.145705846692
666fxmiw(3),360qrmvw(3),243cxdqu(3),620hadsx(0),|243cxdqu(3),620hadsx(0),|317dwrlt(3),360qrmvw(3),620hadsx(0),|666fxmiw(3),317dwrlt(3),243cxdqu(3),620hadsx(0),;14848,20372.5,18278.4,14382,16.854953956552,16.854953956552,12.65787808842,12.65787808842,416.145705846692
666fxmiw(3),360qrmvw(3),243cxdqu(3),620hadsx(2),|243cxdqu(3),620hadsx(2),|317dwrlt(3),360qrmvw(3),620hadsx(2),|666fxmiw(3),317dwrlt(3),243cxdqu(3),620hadsx(2),;14848,20372.5,18278.4,14382,11.854953956552,11.854953956552,7.65787808842,7.65787808842,421.145705846692
666fxmiw(3),360qrmvw(3),243cxdqu(3),620hadsx(2),82tyxgl(0),|243cxdqu(3),620hadsx(2),82tyxgl(0),|317dwrlt(3),360qrmvw(3),620hadsx(2),82tyxgl(0),|666fxmiw(3),317dwrlt(3),243cxdqu(3),620hadsx(2),82tyxgl(0),;13772.8,19297.3,16665.6,12769.2,14.568771222038,14.568771222038,12.791486123136,12.791486123136,426.145705846692
666fxmiw(3),360qrmvw(3),243cxdqu(3),620hadsx(2),82tyxgl(1),|243cxdqu(3),620hadsx(2),82tyxgl(1),|317dwrlt(3),360qrmvw(3),620hadsx(3),82tyxgl(2),|666fxmiw(3),317dwrlt(3),243cxdqu(3),620hadsx(3),82tyxgl(2),;13772.8,19297.3,16665.6,12769.2,9.568771222038,9.568771222038,7.791486123136,7.791486123136,431.145705846692
666fxmiw(3),360qrmvw(3),243cxdqu(3),620hadsx(3),82tyxgl(2),|243cxdqu(3),620hadsx(3),82tyxgl(2),|317dwrlt(3),360qrmvw(3),620hadsx(3),82tyxgl(2),|666fxmiw(3),317dwrlt(3),243cxdqu(3),620hadsx(3),82tyxgl(2),;13772.8,19297.3,16665.6,12769.2,4.568771222038,4.568771222038,2.791486123136,2.791486123136,436.145705846692
666fxmiw(3),360qrmvw(3),243cxdqu(3),620hadsx(3),|243cxdqu(3),620hadsx(3),|317dwrlt(3),360qrmvw(3),620hadsx(3),|666fxmiw(3),317dwrlt(3),243cxdqu(3),620hadsx(3),;14848,20372.5,18278.4,14382,0,0,0,0,441.145705846692
666fxmiw(3),360qrmvw(3),243cxdqu(3),620hadsx(3),|243cxdqu(3),620hadsx(3),|317dwrlt(3),360qrmvw(3),620hadsx(3),|666fxmiw(3),317dwrlt(3),243cxdqu(3),620hadsx(3),;14848,20372.5,18278.4,14382,0,0,0,0,446.145705846692
666fxmiw(3),360qrmvw(3),243cxdqu(3),620hadsx(3),|243cxdqu(3),620hadsx(3),|317dwrlt(3),360qrmvw(3),620hadsx(3),|666fxmiw(3),317dwrlt(3),243cxdqu(3),620hadsx(3),;14848,20372.5,18278.4,14382,0,0,0,0,451.145705846692
666fxmiw(3),360qrmvw(3),243cxdqu(3),620hadsx(3),|243cxdqu(3),620hadsx(3),|317dwrlt(3),360qrmvw(3),620hadsx(3),|666fxmiw(3),317dwrlt(3),243cxdqu(3),620hadsx(3),;14848,20372.5,18278.4,14382,0,0,0,0,456.145705846692
666fxmiw(3),360qrmvw(3),620hadsx(3),|620hadsx(3),130wraus(2),|360qrmvw(3),620hadsx(3),130wraus(2),|666fxmiw(3),620hadsx(3),130wraus(2),;16844.8,21616.7,17464.3,17300.4,0,3.002061714098,16.944890021791,13.459182944868,461.145705846692
666fxmiw(3),360qrmvw(3),620hadsx(3),|620hadsx(3),|360qrmvw(3),620hadsx(3),130wraus(2),|666fxmiw(3),620hadsx(3),130wraus(2),;16844.8,22369.3,17464.3,17300.4,0,0,11.944890021791,8.459182944868,466.145705846692
666fxmiw(3),360qrmvw(3),620hadsx(3),|620hadsx(3),|360qrmvw(3),620hadsx(3),130wraus(2),|666fxmiw(3),620hadsx(3),130wraus(2),;16844.8,22369.3,17464.3,17300.4,0,0,6.944890021791,3.459182944868,471.145705846692
360qrmvw(3),620hadsx(3),|620hadsx(3),|360qrmvw(3),620hadsx(3),130wraus(2),|620hadsx(3),130wraus(3),;19809.3,22369.3,17464.3,20264.9,0,0,1.944890021791,0,476.145705846692
360qrmvw(3),620hadsx(3),|620hadsx(3),|360qrmvw(3),620hadsx(3),130wraus(3),|620hadsx(3),130wraus(3),;19809.3,22369.3,17464.3,20264.9,0,0,0,0,481.145705846692
360qrmvw(3),620hadsx(3),|620hadsx(3),|360qrmvw(3),620hadsx(3),130wraus(3),|620hadsx(3),130wraus(3),;19809.3,22369.3,17464.3,20264.9,0,0,0,0,486.145705846692
360qrmvw(3),620hadsx(3),|620hadsx(3),|360qrmvw(3),620hadsx(3),130wraus(3),|620hadsx(3),130wraus(3),;19809.3,22369.3,17464.3,20264.9,0,0,0,0,491.145705846692
360qrmvw(3),620hadsx(3),|620hadsx(3),|360qrmvw(3),620hadsx(3),130wraus(3),|620hadsx(3),130wraus(3),;19809.3,22369.3,17464.3,20264.9,0,0,0,0,496.145705846692
360qrmvw(3),620hadsx(3),|620hadsx(3),|360qrmvw(3),620hadsx(3),130wraus(3),|620hadsx(3),130wraus(3),;19809.3,22369.3,17464.3,20264.9,0,0,0,0,501.145705846692
360qrmvw(3),620hadsx(3),|620hadsx(3),|360qrmvw(3),620hadsx(3),130wraus(3),|620hadsx(3),130wraus(3),;19809.3,22369.3,17464.3,20264.9,0,0,0,0,506.145705846692
360qrmvw(3),620hadsx(3),|620hadsx(3),|360qrmvw(3),620hadsx(3),130wraus(3),|620hadsx(3),130wraus(3),;19809.3,22369.3,17464.3,20264.9,0,0,0,0,511.145705846692
360qrmvw(3),620hadsx(3),|620hadsx(3),|360qrmvw(3),620hadsx(3),130wraus(3),|620hadsx(3),130wraus(3),;19809.3,22369.3,17464.3,20264.9,0,0,0,0,516.145705846692
360qrmvw(3),620hadsx(3),|620hadsx(3),|360qrmvw(3),620hadsx(3),130wraus(3),|620hadsx(3),130wraus(3),;19809.3,22369.3,17464.3,20264.9,0,0,0,0,521.145705846692
360qrmvw(3),620hadsx(3),|620hadsx(3),|360qrmvw(3),620hadsx(3),130wraus(3),|620hadsx(3),130wraus(3),;19809.3,22369.3,17464.3,20264.9,0,0,0,0,526.145705846692
360qrmvw(3),||360qrmvw(3),130wraus(3),|130wraus(3),;22528,25088,19276.8,22077.4,0,0,0,0,531.145705846692
360qrmvw(3),||360qrmvw(3),130wraus(3),|130wraus(3),;22528,25088,19276.8,22077.4,0,0,0,0,536.145705846692
360qrmvw(3),||360qrmvw(3),130wraus(3),|130wraus(3),;22528,25088,19276.8,22077.4,0,0,0,0,541.145705846692
||130wraus(3),|130wraus(3),;25088,25088,21324.8,22077.4,0,0,0,0,546.145705846692
||130wraus(3),|130wraus(3),;25088,25088,21324.8,22077.4,0,0,0,0,551.145705846692
||130wraus(3),|130wraus(3),;25088,25088,21324.8,22077.4,0,0,0,0,556.145705846692
||130wraus(3),|130wraus(3),;25088,25088,21324.8,22077.4,0,0,0,0,561.145705846692
||130wraus(3),|130wraus(3),;25088,25088,21324.8,22077.4,0,0,0,0,566.145705846692
362qplgd(0),|362qplgd(0),|130wraus(3),362qplgd(0),|130wraus(3),362qplgd(0),;22323.2,23244.8,18560,20234.2,14.236322788803,10.08811004155,14.236322788803,10.08811004155,571.145705846692
362qplgd(2),|362qplgd(2),|362qplgd(2),|362qplgd(2),;22323.2,23244.8,22323.2,23244.8,9.236322788803,5.08811004155,9.236322788803,5.08811004155,576.145705846692
362qplgd(2),||362qplgd(2),|;22323.2,25088,22323.2,25088,4.236322788803,0.08811004155,4.236322788803,0.08811004155,581.145705846692
|||;25088,25088,25088,25088,0,0,0,0,586.145705846692
|||;25088,25088,25088,25088,0,0,0,0,591.145705846692
|||;25088,25088,25088,25088,0,0,0,0,596.145705846692
|||;25088,25088,25088,25088,0,0,0,0,601.145705846692
|||;25088,25088,25088,25088,0,0,0,0,606.145705846692
552lkmew(2),|552lkmew(2),|552lkmew(2),|552lkmew(2),;23470.1,23470.1,23470.1,23470.1,6.545968579713,6.545968579713,6.545968579713,6.545968579713,611.145705846692
552lkmew(2),|552lkmew(2),|552lkmew(2),|552lkmew(2),;23470.1,23470.1,23470.1,23470.1,1.545968579713,1.545968579713,1.545968579713,1.545968579713,616.145705846692
552lkmew(3),|552lkmew(3),|552lkmew(3),497zwiph(0),|552lkmew(3),497zwiph(0),;23470.1,23470.1,22917.1,22917.1,0,0,4.707901665425,4.707901665425,621.145705846692
552lkmew(3),|552lkmew(3),|552lkmew(3),|552lkmew(3),;23470.1,23470.1,23470.1,23470.1,0,0,0,0,626.145705846692
552lkmew(3),|552lkmew(3),|552lkmew(3),|552lkmew(3),;23470.1,23470.1,23470.1,23470.1,0,0,0,0,631.145705846692
552lkmew(3),|552lkmew(3),|552lkmew(3),|552lkmew(3),;23470.1,23470.1,23470.1,23470.1,0,0,0,0,636.145705846692
552lkmew(3),|552lkmew(3),|552lkmew(3),|552lkmew(3),;23470.1,23470.1,23470.1,23470.1,0,0,0,0,641.145705846692
552lkmew(3),|552lkmew(3),|552lkmew(3),|552lkmew(3),;23470.1,23470.1,23470.1,23470.1,0,0,0,0,646.145705846692
552lkmew(3),|552lkmew(3),|552lkmew(3),|552lkmew(3),;23470.1,23470.1,23470.1,23470.1,0,0,0,0,651.145705846692
552lkmew(3),|552lkmew(3),|552lkmew(3),|552lkmew(3),;23470.1,23470.1,23470.1,23470.1,0,0,0,0,656.145705846692
552lkmew(3),|552lkmew(3),|552lkmew(3),|552lkmew(3),;23470.1,23470.1,23470.1,23470.1,0,0,0,0,661.145705846692
552lkmew(3),|552lkmew(3),|552lkmew(3),|552lkmew(3),;23470.1,23470.1,23470.1,23470.1,0,0,0,0,666.145705846692
552lkmew(3),|552lkmew(3),|552lkmew(3),|552lkmew(3),;23470.1,23470.1,23470.1,23470.1,0,0,0,0,671.145705846692
552lkmew(3),|552lkmew(3),|552lkmew(3),|552lkmew(3),;23470.1,23470.1,23470.1,23470.1,0,0,0,0,676.145705846692
552lkmew(3),|552lkmew(3),|552lkmew(3),|552lkmew(3),;23470.1,23470.1,23470.1,23470.1,0,0,0,0,681.145705846692
552lkmew(3),|552lkmew(3),|552lkmew(3),|552lkmew(3),;23470.1,23470.1,23470.1,23470.1,0,0,0,0,686.145705846692
552lkmew(3),|552lkmew(3),|552lkmew(3),|552lkmew(3),;23470.1,23470.1,23470.1,23470.1,0,0,0,0,691.145705846692
552lkmew(3),|552lkmew(3),|552lkmew(3),|552lkmew(3),;23470.1,23470.1,23470.1,23470.1,0,0,0,0,696.145705846692
552lkmew(3),|552lkmew(3),|552lkmew(3),|552lkmew(3),;23470.1,23470.1,23470.1,23470.1,0,0,0,0,701.145705846692
552lkmew(3),|552lkmew(3),|552lkmew(3),|552lkmew(3),;23470.1,23470.1,23470.1,23470.1,0,0,0,0,706.145705846692
552lkmew(3),|552lkmew(3),|552lkmew(3),|552lkmew(3),;23470.1,23470.1,23470.1,23470.1,0,0,0,0,711.145705846692
|||;25088,25088,25088,25088,0,0,0,0,716.145705846692
|||;25088,25088,25088,25088,0,0,0,0,721.145705846692
25tizxu(2),|25tizxu(2),|25tizxu(2),|25tizxu(2),;22374.4,24002.6,24545.3,24002.6,10.694442160175,3.365932973361,0.923096577757,3.365932973361,726.145705846692
25tizxu(2),|||;22374.4,25088,25088,25088,5.694442160175,0,0,0,731.145705846692
25tizxu(2),|||;22374.4,25088,25088,25088,0.694442160175,0,0,0,736.145705846692
25tizxu(3),|||;22374.4,25088,25088,25088,0,0,0,0,741.145705846692
25tizxu(3),|202btfql(0),|202btfql(0),|;22374.4,24355.8,24355.8,25088,0,4.023218192027,4.023218192027,0,746.145705846692
25tizxu(3),|||;22374.4,25088,25088,25088,0,0,0,0,751.145705846692
25tizxu(3),|||;22374.4,25088,25088,25088,0,0,0,0,756.145705846692
25tizxu(3),|||;22374.4,25088,25088,25088,0,0,0,0,761.145705846692
25tizxu(3),|||;22374.4,25088,25088,25088,0,0,0,0,766.145705846692
25tizxu(3),|||;22374.4,25088,25088,25088,0,0,0,0,771.145705846692
25tizxu(3),|||;22374.4,25088,25088,25088,0,0,0,0,776.145705846692
25tizxu(3),|||;22374.4,25088,25088,25088,0,0,0,0,781.145705846692
25tizxu(3),|||;22374.4,25088,25088,25088,0,0,0,0,786.145705846692
25tizxu(3),|||;22374.4,25088,25088,25088,0,0,0,0,791.145705846692
25tizxu(3),|||;22374.4,25088,25088,25088,0,0,0,0,796.145705846692
25tizxu(3),|||;22374.4,25088,25088,25088,0,0,0,0,801.145705846692
25tizxu(3),|||;22374.4,25088,25088,25088,0,0,0,0,806.145705846692
25tizxu(3),|||;22374.4,25088,25088,25088,0,0,0,0,811.145705846692
25tizxu(3),|||;22374.4,25088,25088,25088,0,0,0,0,816.145705846692
25tizxu(3),|||;22374.4,25088,25088,25088,0,0,0,0,821.145705846692
25tizxu(3),|||;22374.4,25088,25088,25088,0,0,0,0,826.145705846692
25tizxu(3),|||;22374.4,25088,25088,25088,0,0,0,0,831.145705846692
25tizxu(3),|||;22374.4,25088,25088,25088,0,0,0,0,836.145705846692
25tizxu(3),|||;22374.4,25088,25088,25088,0,0,0,0,841.145705846692
25tizxu(3),|||;22374.4,25088,25088,25088,0,0,0,0,846.145705846692
25tizxu(3),|||;22374.4,25088,25088,25088,0,0,0,0,851.145705846692
25tizxu(3),|||;22374.4,25088,25088,25088,0,0,0,0,856.145705846692
25tizxu(3),|||;22374.4,25088,25088,25088,0,0,0,0,861.145705846692
|||;25088,25088,25088,25088,0,0,0,0,866.145705846692
|||;25088,25088,25088,25088,0,0,0,0,871.145705846692
|||;25088,25088,25088,25088,0,0,0,0,876.145705846692
|||;25088,25088,25088,25088,0,0,0,0,881.145705846692
|||;25088,25088,25088,25088,0,0,0,0,886.145705846692
|||;25088,25088,25088,25088,0,0,0,0,891.145705846692
|||;25088,25088,25088,25088,0,0,0,0,896.145705846692
|||;25088,25088,25088,25088,0,0,0,0,901.145705846692
|||;25088,25088,25088,25088,0,0,0,0,906.145705846692
|||;25088,25088,25088,25088,0,0,0,0,911.145705846692
|||;25088,25088,25088,25088,0,0,0,0,916.145705846692
|||;25088,25088,25088,25088,0,0,0,0,921.145705846692
|||;25088,25088,25088,25088,0,0,0,0,926.145705846692
|||;25088,25088,25088,25088,0,0,0,0,931.145705846692
|||;25088,25088,25088,25088,0,0,0,0,936.145705846692
|||;25088,25088,25088,25088,0,0,0,0,941.145705846692
|||;25088,25088,25088,25088,0,0,0,0,946.145705846692
|||;25088,25088,25088,25088,0,0,0,0,951.145705846692
|||;25088,25088,25088,25088,0,0,0,0,956.145705846692
|||;25088,25088,25088,25088,0,0,0,0,961.145705846692
|||;25088,25088,25088,25088,0,0,0,0,966.145705846692
|||;25088,25088,25088,25088,0,0,0,0,971.145705846692
|||;25088,25088,25088,25088,0,0,0,0,976.145705846692
|||;25088,25088,25088,25088,0,0,0,0,981.145705846692
|||;25088,25088,25088,25088,0,0,0,0,986.145705846692
|||;25088,25088,25088,25088,0,0,0,0,991.145705846692
|||;25088,25088,25088,25088,0,0,0,0,996.145705846692
|||;25088,25088,25088,25088,0,0,0,0,1001.145705846692
|||;25088,25088,25088,25088,0,0,0,0,1006.145705846692
|||;25088,25088,25088,25088,0,0,0,0,1011.145705846692
|||;25088,25088,25088,25088,0,0,0,0,1016.145705846692
|||;25088,25088,25088,25088,0,0,0,0,1021.145705846692
|||;25088,25088,25088,25088,0,0,0,0,1026.145705846692
|||;25088,25088,25088,25088,0,0,0,0,1031.145705846692
|||;25088,25088,25088,25088,0,0,0,0,1036.145705846692
|||;25088,25088,25088,25088,0,0,0,0,1041.145705846692
|||;25088,25088,25088,25088,0,0,0,0,1046.145705846692
|||;25088,25088,25088,25088,0,0,0,0,1051.145705846692
|||;25088,25088,25088,25088,0,0,0,0,1056.145705846692
|||;25088,25088,25088,25088,0,0,0,0,1061.145705846692
|||;25088,25088,25088,25088,0,0,0,0,1066.145705846692
|||;25088,25088,25088,25088,0,0,0,0,1071.145705846692
|||;25088,25088,25088,25088,0,0,0,0,1076.145705846692
|||;25088,25088,25088,25088,0,0,0,0,1081.145705846692
|||;25088,25088,25088,25088,0,0,0,0,1086.145705846692
|||;25088,25088,25088,25088,0,0,0,0,1091.145705846692
|||;25088,25088,25088,25088,0,0,0,0,1096.145705846692
|||;25088,25088,25088,25088,0,0,0,0,1101.145705846692
|||;25088,25088,25088,25088,0,0,0,0,1106.145705846692
|||;25088,25088,25088,25088,0,0,0,0,1111.145705846692
|||;25088,25088,25088,25088,0,0,0,0,1116.145705846692
|||;25088,25088,25088,25088,0,0,0,0,1121.145705846692
|||;25088,25088,25088,25088,0,0,0,0,1126.145705846692
|||;25088,25088,25088,25088,0,0,0,0,1131.145705846692
|||;25088,25088,25088,25088,0,0,0,0,1136.145705846692
|||;25088,25088,25088,25088,0,0,0,0,1141.145705846692
|||;25088,25088,25088,25088,0,0,0,0,1146.145705846692
|||;25088,25088,25088,25088,0,0,0,0,1151.145705846692
|||;25088,25088,25088,25088,0,0,0,0,1156.145705846692
|||;25088,25088,25088,25088,0,0,0,0,1161.145705846692
|||;25088,25088,25088,25088,0,0,0,0,1166.145705846692
|||;25088,25088,25088,25088,0,0,0,0,1171.145705846692
|||;25088,25088,25088,25088,0,0,0,0,1176.145705846692
|||;25088,25088,25088,25088,0,0,0,0,1181.145705846692
|||;25088,25088,25088,25088,0,0,0,0,1186.145705846692
|||;25088,25088,25088,25088,0,0,0,0,1191.145705846692
|||;25088,25088,25088,25088,0,0,0,0,1196.145705846692
|||;25088,25088,25088,25088,0,0,0,0,1201.145705846692
|||;25088,25088,25088,25088,0,0,0,0,1206.145705846692
|||;25088,25088,25088,25088,0,0,0,0,1211.145705846692
|||;25088,25088,25088,25088,0,0,0,0,1216.145705846692
|||;25088,25088,25088,25088,0,0,0,0,1221.145705846692
|||;25088,25088,25088,25088,0,0,0,0,1226.145705846692
|||;25088,25088,25088,25088,0,0,0,0,1231.145705846692
|||;25088,25088,25088,25088,0,0,0,0,1236.145705846692
|||;25088,25088,25088,25088,0,0,0,0,1241.145705846692
|||;25088,25088,25088,25088,0,0,0,0,1246.145705846692
|||;25088,25088,25088,25088,0,0,0,0,1251.145705846692
|||;25088,25088,25088,25088,0,0,0,0,1256.145705846692
|||;25088,25088,25088,25088,0,0,0,0,1261.145705846692
|||;25088,25088,25088,25088,0,0,0,0,1266.145705846692
|||;25088,25088,25088,25088,0,0,0,0,1271.145705846692
|||;25088,25088,25088,25088,0,0,0,0,1276.145705846692
|||;25088,25088,25088,25088,0,0,0,0,1281.145705846692
|||;25088,25088,25088,25088,0,0,0,0,1286.145705846692
|||;25088,25088,25088,25088,0,0,0,0,1291.145705846692
|||;25088,25088,25088,25088,0,0,0,0,1296.145705846692
|||;25088,25088,25088,25088,0,0,0,0,1301.145705846692
|||;25088,25088,25088,25088,0,0,0,0,1306.145705846692
|||;25088,25088,25088,25088,0,0,0,0,1311.145705846692
|||;25088,25088,25088,25088,0,0,0,0,1316.145705846692
|||;25088,25088,25088,25088,0,0,0,0,1321.145705846692
|||;25088,25088,25088,25088,0,0,0,0,1326.145705846692
|||;25088,25088,25088,25088,0,0,0,0,1331.145705846692
|||;25088,25088,25088,25088,0,0,0,0,1336.145705846692
|||;25088,25088,25088,25088,0,0,0,0,1341.145705846692
|||;25088,25088,25088,25088,0,0,0,0,1346.145705846692
|||;25088,25088,25088,25088,0,0,0,0,1351.145705846692
|||;25088,25088,25088,25088,0,0,0,0,1356.145705846692
|||;25088,25088,25088,25088,0,0,0,0,1361.145705846692
|||;25088,25088,25088,25088,0,0,0,0,1366.145705846692
|||;25088,25088,25088,25088,0,0,0,0,1371.145705846692
|||;25088,25088,25088,25088,0,0,0,0,1376.145705846692
|||;25088,25088,25088,25088,0,0,0,0,1381.145705846692
|||;25088,25088,25088,25088,0,0,0,0,1386.145705846692
|||;25088,25088,25088,25088,0,0,0,0,1391.145705846692
|||;25088,25088,25088,25088,0,0,0,0,1396.145705846692
|||;25088,25088,25088,25088,0,0,0,0,1401.145705846692
|||;25088,25088,25088,25088,0,0,0,0,1406.145705846692
|||;25088,25088,25088,25088,0,0,0,0,1411.145705846692
|||;25088,25088,25088,25088,0,0,0,0,1416.145705846692
|||;25088,25088,25088,25088,0,0,0,0,1421.145705846692
|||;25088,25088,25088,25088,0,0,0,0,1426.145705846692
|||;25088,25088,25088,25088,0,0,0,0,1431.145705846692
|||;25088,25088,25088,25088,0,0,0,0,1436.145705846692
|||;25088,25088,25088,25088,0,0,0,0,1441.145705846692
|||;25088,25088,25088,25088,0,0,0,0,1446.145705846692
|||;25088,25088,25088,25088,0,0,0,0,1451.145705846692
|||;25088,25088,25088,25088,0,0,0,0,1456.145705846692
|||;25088,25088,25088,25088,0,0,0,0,1461.145705846692
|||;25088,25088,25088,25088,0,0,0,0,1466.145705846692
|||;25088,25088,25088,25088,0,0,0,0,1471.145705846692
|||;25088,25088,25088,25088,0,0,0,0,1476.145705846692
|||;25088,25088,25088,25088,0,0,0,0,1481.145705846692
|||;25088,25088,25088,25088,0,0,0,0,1486.145705846692
|||;25088,25088,25088,25088,0,0,0,0,1491.145705846692
|||;25088,25088,25088,25088,0,0,0,0,1496.145705846692
|||;25088,25088,25088,25088,0,0,0,0,1501.145705846692
|||;25088,25088,25088,25088,0,0,0,0,1506.145705846692
|||;25088,25088,25088,25088,0,0,0,0,1511.145705846692
|||;25088,25088,25088,25088,0,0,0,0,1516.145705846692
|||;25088,25088,25088,25088,0,0,0,0,1521.145705846692
|||;25088,25088,25088,25088,0,0,0,0,1526.145705846692
|||;25088,25088,25088,25088,0,0,0,0,1531.145705846692
|||;25088,25088,25088,25088,0,0,0,0,1536.145705846692
|||;25088,25088,25088,25088,0,0,0,0,1541.145705846692
|||;25088,25088,25088,25088,0,0,0,0,1546.145705846692
|||;25088,25088,25088,25088,0,0,0,0,1551.145705846692
|||;25088,25088,25088,25088,0,0,0,0,1556.145705846692
|||;25088,25088,25088,25088,0,0,0,0,1561.145705846692
|||;25088,25088,25088,25088,0,0,0,0,1566.145705846692
|||;25088,25088,25088,25088,0,0,0,0,1571.145705846692
|||;25088,25088,25088,25088,0,0,0,0,1576.145705846692
|||;25088,25088,25088,25088,0,0,0,0,1581.145705846692
|||;25088,25088,25088,25088,0,0,0,0,1586.145705846692
|||;25088,25088,25088,25088,0,0,0,0,1591.145705846692
|||;25088,25088,25088,25088,0,0,0,0,1596.145705846692
|||;25088,25088,25088,25088,0,0,0,0,1601.145705846692
|||;25088,25088,25088,25088,0,0,0,0,1606.145705846692
|||;25088,25088,25088,25088,0,0,0,0,1611.145705846692
|||;25088,25088,25088,25088,0,0,0,0,1616.145705846692
|||;25088,25088,25088,25088,0,0,0,0,1621.145705846692
|||;25088,25088,25088,25088,0,0,0,0,1626.145705846692
|||;25088,25088,25088,25088,0,0,0,0,1631.145705846692
|||;25088,25088,25088,25088,0,0,0,0,1636.145705846692
|||;25088,25088,25088,25088,0,0,0,0,1641.145705846692
|||;25088,25088,25088,25088,0,0,0,0,1646.145705846692
|||;25088,25088,25088,25088,0,0,0,0,1651.145705846692
|||;25088,25088,25088,25088,0,0,0,0,1656.145705846692
|663ghtok(2),|663ghtok(2),|663ghtok(2),;25088,22753.3,22753.3,22753.3,0.074111522811,7.28264860706,7.28264860706,7.28264860706,1661.145705846692
|663ghtok(2),|663ghtok(2),|663ghtok(2),;25088,22753.3,22753.3,22753.3,0,2.28264860706,2.28264860706,2.28264860706,1666.145705846692
|663ghtok(3),|663ghtok(3),|663ghtok(3),;25088,22753.3,22753.3,22753.3,0,0,0,0,1671.145705846692
|663ghtok(3),|663ghtok(3),|663ghtok(3),;25088,22753.3,22753.3,22753.3,0,0,0,0,1676.145705846692
|663ghtok(3),|663ghtok(3),|663ghtok(3),;25088,22753.3,22753.3,22753.3,0,0,0,0,1681.145705846692
|663ghtok(3),|663ghtok(3),|663ghtok(3),;25088,22753.3,22753.3,22753.3,0,0,0,0,1686.145705846692
|663ghtok(3),|663ghtok(3),|663ghtok(3),;25088,22753.3,22753.3,22753.3,0,0,0,0,1691.145705846692
|663ghtok(3),|663ghtok(3),|663ghtok(3),;25088,22753.3,22753.3,22753.3,0,0,0,0,1696.145705846692
|663ghtok(3),|663ghtok(3),|663ghtok(3),;25088,22753.3,22753.3,22753.3,0,0,0,0,1701.145705846692
|663ghtok(3),|663ghtok(3),|663ghtok(3),;25088,22753.3,22753.3,22753.3,0,0,0,0,1706.145705846692
|663ghtok(3),|663ghtok(3),|663ghtok(3),;25088,22753.3,22753.3,22753.3,0,0,0,0,1711.145705846692
|663ghtok(3),|663ghtok(3),|663ghtok(3),;25088,22753.3,22753.3,22753.3,0,0,0,0,1716.145705846692
|663ghtok(3),|663ghtok(3),|663ghtok(3),;25088,22753.3,22753.3,22753.3,0,0,0,0,1721.145705846692
|663ghtok(3),|663ghtok(3),|663ghtok(3),;25088,22753.3,22753.3,22753.3,0,0,0,0,1726.145705846692
|||;25088,25088,25088,25088,0,0,0,0,1731.145705846692
|||;25088,25088,25088,25088,0,0,0,0,1736.145705846692
|||;25088,25088,25088,25088,0,0,0,0,1741.145705846692
|||;25088,25088,25088,25088,0,0,0,0,1746.145705846692
|||;25088,25088,25088,25088,0,0,0,0,1751.145705846692
|||;25088,25088,25088,25088,0,0,0,0,1756.145705846692
|||;25088,25088,25088,25088,0,0,0,0,1761.145705846692
|||;25088,25088,25088,25088,0,0,0,0,1766.145705846692
|||;25088,25088,25088,25088,0,0,0,0,1771.145705846692
|||;25088,25088,25088,25088,0,0,0,0,1776.145705846692
|||;25088,25088,25088,25088,0,0,0,0,1781.145705846692
|||;25088,25088,25088,25088,0,0,0,0,1786.145705846692
|||;25088,25088,25088,25088,0,0,0,0,1791.145705846692
|||;25088,25088,25088,25088,0,0,0,0,1796.145705846692
|||;25088,25088,25088,25088,0,0,0,0,1801.145705846692
|||;25088,25088,25088,25088,0,0,0,0,1806.145705846692
|||;25088,25088,25088,25088,0,0,0,0,1811.145705846692
|||;25088,25088,25088,25088,0,0,0,0,1816.145705846692
|||;25088,25088,25088,25088,0,0,0,0,1821.145705846692
|||;25088,25088,25088,25088,0,0,0,0,1826.145705846692
|||;25088,25088,25088,25088,0,0,0,0,1831.145705846692
|||;25088,25088,25088,25088,0,0,0,0,1836.145705846692
|||;25088,25088,25088,25088,0,0,0,0,1841.145705846692
|||;25088,25088,25088,25088,0,0,0,0,1846.145705846692
|||;25088,25088,25088,25088,0,0,0,0,1851.145705846692
|||;25088,25088,25088,25088,0,0,0,0,1856.145705846692
|||;25088,25088,25088,25088,0,0,0,0,1861.145705846692
|||;25088,25088,25088,25088,0,0,0,0,1866.145705846692
|||;25088,25088,25088,25088,0,0,0,0,1871.145705846692
|||;25088,25088,25088,25088,0,0,0,0,1876.145705846692
|||;25088,25088,25088,25088,0,0,0,0,1881.145705846692
|||;25088,25088,25088,25088,0,0,0,0,1886.145705846692
|||;25088,25088,25088,25088,0,0,0,0,1891.145705846692
|||;25088,25088,25088,25088,0,0,0,0,1896.145705846692
|||;25088,25088,25088,25088,0,0,0,0,1901.145705846692
|||;25088,25088,25088,25088,0,0,0,0,1906.145705846692
|||;25088,25088,25088,25088,0,0,0,0,1911.145705846692
|||;25088,25088,25088,25088,0,0,0,0,1916.145705846692
|||;25088,25088,25088,25088,0,0,0,0,1921.145705846692
247nlkqi(0),|247nlkqi(0),|247nlkqi(0),|247nlkqi(0),;23582.7,22830.1,22830.1,23582.7,9.418210614626,12.903917691549,12.903917691549,9.418210614626,1926.145705846692
247nlkqi(2),106qtjha(1),|247nlkqi(2),106qtjha(1),|247nlkqi(2),106qtjha(1),|247nlkqi(2),106qtjha(1),;21913.6,21161,21161,21913.6,17.283191293977,20.7688983709,20.7688983709,17.283191293977,1931.145705846692
247nlkqi(3),106qtjha(2),|247nlkqi(2),106qtjha(1),|247nlkqi(2),106qtjha(1),|247nlkqi(3),106qtjha(2),;21913.6,21161,21161,21913.6,12.283191293977,15.7688983709,15.7688983709,12.283191293977,1936.145705846692
247nlkqi(3),106qtjha(2),|247nlkqi(3),106qtjha(2),|247nlkqi(3),106qtjha(2),|247nlkqi(3),106qtjha(2),;21913.6,21161,21161,21913.6,7.283191293977,10.7688983709,10.7688983709,7.283191293977,1941.145705846692
247nlkqi(3),106qtjha(3),|247nlkqi(3),106qtjha(2),|247nlkqi(3),106qtjha(2),|247nlkqi(3),106qtjha(3),;21913.6,21161,21161,21913.6,2.283191293977,5.7688983709,5.7688983709,2.283191293977,1946.145705846692
247nlkqi(3),106qtjha(3),|247nlkqi(3),106qtjha(3),|247nlkqi(3),106qtjha(3),|247nlkqi(3),106qtjha(3),;21913.6,21161,21161,21913.6,0,0.7688983709,0.7688983709,0,1951.145705846692
247nlkqi(3),106qtjha(3),2ujfir(0),|247nlkqi(3),106qtjha(3),2ujfir(0),|247nlkqi(3),106qtjha(3),2ujfir(0),|247nlkqi(3),106qtjha(3),2ujfir(0),;19440.6,19512.4,18688,20265,13.003442896043,9.078430383223,13.003442896043,9.078430383223,1956.145705846692
247nlkqi(3),106qtjha(3),2ujfir(2),|247nlkqi(3),106qtjha(3),2ujfir(2),|247nlkqi(3),106qtjha(3),2ujfir(2),|247nlkqi(3),106qtjha(3),2ujfir(2),;19440.6,19512.4,18688,20265,8.003442896043,4.078430383223,8.003442896043,4.078430383223,1961.145705846692
247nlkqi(3),106qtjha(3),2ujfir(2),|247nlkqi(3),106qtjha(3),2ujfir(3),|247nlkqi(3),106qtjha(3),2ujfir(2),|247nlkqi(3),106qtjha(3),2ujfir(3),;19440.6,19512.4,18688,20265,3.003442896043,0,3.003442896043,0,1966.145705846692
247nlkqi(3),106qtjha(3),2ujfir(3),|247nlkqi(3),106qtjha(3),2ujfir(3),|247nlkqi(3),106qtjha(3),2ujfir(3),|247nlkqi(3),106qtjha(3),2ujfir(3),;19440.6,19512.4,18688,20265,0,0,0,0,1971.145705846692
247nlkqi(3),106qtjha(3),2ujfir(3),|247nlkqi(3),106qtjha(3),2ujfir(3),|247nlkqi(3),106qtjha(3),2ujfir(3),|247nlkqi(3),106qtjha(3),2ujfir(3),;19440.6,19512.4,18688,20265,0,0,0,0,1976.145705846692
247nlkqi(3),106qtjha(3),2ujfir(3),|247nlkqi(3),106qtjha(3),2ujfir(3),|247nlkqi(3),106qtjha(3),2ujfir(3),|247nlkqi(3),106qtjha(3),2ujfir(3),;19440.6,19512.4,18688,20265,0,0,0,0,1981.145705846692
247nlkqi(3),106qtjha(3),2ujfir(3),|247nlkqi(3),106qtjha(3),2ujfir(3),|247nlkqi(3),106qtjha(3),2ujfir(3),|247nlkqi(3),106qtjha(3),2ujfir(3),;19440.6,19512.4,18688,20265,0,0,0,0,1986.145705846692
247nlkqi(3),106qtjha(3),2ujfir(3),|247nlkqi(3),106qtjha(3),2ujfir(3),|247nlkqi(3),106qtjha(3),2ujfir(3),|247nlkqi(3),106qtjha(3),2ujfir(3),;19440.6,19512.4,18688,20265,0,0,0,0,1991.145705846692
247nlkqi(3),106qtjha(3),2ujfir(3),|247nlkqi(3),106qtjha(3),2ujfir(3),|247nlkqi(3),106qtjha(3),2ujfir(3),|247nlkqi(3),106qtjha(3),2ujfir(3),;19440.6,19512.4,18688,20265,0,0,0,0,1996.145705846692
