|||;25497,25497,25497,25497,0,0,0,0,1.143738831256
|||;25497,25497,25497,25497,0,0,0,0,6.143738831256
|||;25497,25497,25497,25497,0,0,0,0,11.143738831256
|||;25497,25497,25497,25497,0,0,0,0,16.143738831256
|||;25497,25497,25497,25497,0,0,0,0,21.143738831256
|||;25497,25497,25497,25497,0,0,0,0,26.143738831256
|||;25497,25497,25497,25497,0,0,0,0,31.143738831256
|||;25497,25497,25497,25497,0,0,0,0,36.143738831256
|||;25497,25497,25497,25497,0,0,0,0,41.143738831256
|||;25497,25497,25497,25497,0,0,0,0,46.143738831256
|||;25497,25497,25497,25497,0,0,0,0,51.143738831256
|||;25497,25497,25497,25497,0,0,0,0,56.143738831256
|||;25497,25497,25497,25497,0,0,0,0,61.143738831256
|||;25497,25497,25497,25497,0,0,0,0,66.143738831256
|||;25497,25497,25497,25497,0,0,0,0,71.143738831256
|||;25497,25497,25497,25497,0,0,0,0,76.143738831256
|||;25497,25497,25497,25497,0,0,0,0,81.143738831256
|||;25497,25497,25497,25497,0,0,0,0,86.143738831256
|||;25497,25497,25497,25497,0,0,0,0,91.143738831256
|||;25497,25497,25497,25497,0,0,0,0,96.143738831256
|||;25497,25497,25497,25497,0,0,0,0,101.143738831256
401bocad(2),|401bocad(2),|401bocad(2),|401bocad(2),;23853.5,23853.5,24401.3,24401.3,4.278858990011,4.278858990011,1.812976968033,1.812976968033,106.143738831256
|||;25497,25497,25497,25497,0,0,0,0,111.143738831256
|||;25497,25497,25497,25497,0,0,0,0,116.143738831256
803motfx(2),|803motfx(2),|803motfx(2),|803motfx(2),;24237.5,24237.5,23607.7,23607.7,3.52908107462,3.52908107462,6.363693118576,6.363693118576,121.143738831256
||803motfx(2),|803motfx(2),;25497,25497,23607.7,23607.7,0,0,1.363693118576,1.363693118576,126.143738831256
|||;25497,25497,25497,25497,0,0,0,0,131.143738831256
|||;25497,25497,25497,25497,0,0,0,0,136.143738831256
|||;25497,25497,25497,25497,0,0,0,0,141.143738831256
|||;25497,25497,25497,25497,0,0,0,0,146.143738831256
|||;25497,25497,25497,25497,0,0,0,0,151.143738831256
|||;25497,25497,25497,25497,0,0,0,0,156.143738831256
|||;25497,25497,25497,25497,0,0,0,0,161.143738831256
934bcqoz(2),|934bcqoz(2),|934bcqoz(2),|934bcqoz(2),;23459.2,21421.5,23459.2,23459.2,6.892004947948,16.064164244651,6.892004947948,6.892004947948,166.143738831256
934bcqoz(2),|934bcqoz(2),|934bcqoz(2),|934bcqoz(2),;23459.2,21421.5,23459.2,23459.2,1.892004947948,11.064164244651,1.892004947948,1.892004947948,171.143738831256
|934bcqoz(2),||;25497,21421.5,25497,25497,0,6.064164244651,0,0,176.143738831256
|934bcqoz(2),||;25497,21421.5,25497,25497,0,1.064164244651,0,0,181.143738831256
|934bcqoz(3),||;25497,21421.5,25497,25497,0,0,0,0,186.143738831256
|934bcqoz(3),||;25497,21421.5,25497,25497,0,0,0,0,191.143738831256
|934bcqoz(3),||;25497,21421.5,25497,25497,0,0,0,0,196.143738831256
|934bcqoz(3),||334jrgsy(0),;25497,21421.5,25497,24887.7,0,0,0,3.946461111285,201.143738831256
|934bcqoz(3),||;25497,21421.5,25497,25497,0,0,0,0,206.143738831256
|934bcqoz(3),||;25497,21421.5,25497,25497,0,0,0,0,211.143738831256
|934bcqoz(3),||;25497,21421.5,25497,25497,0,0,0,0,216.143738831256
|934bcqoz(3),||;25497,21421.5,25497,25497,0,0,0,0,221.143738831256
|934bcqoz(3),||;25497,21421.5,25497,25497,0,0,0,0,226.143738831256
|934bcqoz(3),||;25497,21421.5,25497,25497,0,0,0,0,231.143738831256
416flqpn(2),|934bcqoz(3),416flqpn(2),|416flqpn(2),|416flqpn(2),;23362,19998.1,23362,24073.6,6.965998197872,3.762656131938,6.965998197872,3.762656131938,236.143738831256
416flqpn(2),|934bcqoz(3),|416flqpn(2),|;23362,21421.5,23362,25497,1.965998197872,0,1.965998197872,0,241.143738831256
|934bcqoz(3),||;25497,21421.5,25497,25497,0,0,0,0,246.143738831256
|934bcqoz(3),||;25497,21421.5,25497,25497,0,0,0,0,251.143738831256
|934bcqoz(3),||;25497,21421.5,25497,25497,0,0,0,0,256.143738831256
|934bcqoz(3),||;25497,21421.5,25497,25497,0,0,0,0,261.143738831256
|934bcqoz(3),||;25497,21421.5,25497,25497,0,0,0,0,266.143738831256
|934bcqoz(3),||;25497,21421.5,25497,25497,0,0,0,0,271.143738831256
|934bcqoz(3),||;25497,21421.5,25497,25497,0,0,0,0,276.143738831256
|||;25497,25497,25497,25497,0,0,0,0,281.143738831256
655jraob(2),|655jraob(2),|655jraob(2),|655jraob(2),;24247.7,23623.1,24247.7,23623.1,1.081874893913,3.893441311495,1.081874893913,3.893441311495,286.143738831256
|||;25497,25497,25497,25497,0,0,0,0,291.143738831256
|||;25497,25497,25497,25497,0,0,0,0,296.143738831256
|||;25497,25497,25497,25497,0,0,0,0,301.143738831256
139juibw(2),|139juibw(2),||139juibw(2),;23059.9,23669.2,25497,23669.2,8.722718244997,5.980288706536,0,5.980288706536,306.143738831256
139juibw(2),|139juibw(2),||139juibw(2),;23059.9,23669.2,25497,23669.2,3.722718244997,0.980288706536,0,0.980288706536,311.143738831256
139juibw(3),466fwvep(0),|139juibw(3),466fwvep(0),|466fwvep(0),|139juibw(3),466fwvep(0),;22051.3,20643.3,22471.1,20643.3,10.618832775431,18.175261157053,18.175261157053,18.175261157053,316.143738831256
139juibw(3),466fwvep(2),|139juibw(3),466fwvep(2),|466fwvep(2),|139juibw(3),466fwvep(2),;22051.3,20643.3,22471.1,20643.3,5.618832775431,13.175261157053,13.175261157053,13.175261157053,321.143738831256
139juibw(3),|139juibw(3),466fwvep(2),|466fwvep(2),|139juibw(3),466fwvep(2),;23059.9,20643.3,22471.1,20643.3,0.618832775431,8.175261157053,8.175261157053,8.175261157053,326.143738831256
139juibw(3),|139juibw(3),466fwvep(2),|466fwvep(2),|139juibw(3),466fwvep(2),;23059.9,20643.3,22471.1,20643.3,0,3.175261157053,3.175261157053,3.175261157053,331.143738831256
139juibw(3),|139juibw(3),||139juibw(3),;23059.9,23669.2,25497,23669.2,0,0,0,0,336.143738831256
139juibw(3),|139juibw(3),||139juibw(3),;23059.9,23669.2,25497,23669.2,0,0,0,0,341.143738831256
139juibw(3),|139juibw(3),||139juibw(3),;23059.9,23669.2,25497,23669.2,0,0,0,0,346.143738831256
139juibw(3),|139juibw(3),||139juibw(3),;23059.9,23669.2,25497,23669.2,0,0,0,0,351.143738831256
139juibw(3),|139juibw(3),||139juibw(3),;23059.9,23669.2,25497,23669.2,0,0,0,0,356.143738831256
|||;25497,25497,25497,25497,0,0,0,0,361.143738831256
|||;25497,25497,25497,25497,0,0,0,0,366.143738831256
|||;25497,25497,25497,25497,0,0,0,0,371.143738831256
|||;25497,25497,25497,25497,0,0,0,0,376.143738831256
|||;25497,25497,25497,25497,0,0,0,0,381.143738831256
|||;25497,25497,25497,25497,0,0,0,0,386.143738831256
|||;25497,25497,25497,25497,0,0,0,0,391.143738831256
|||;25497,25497,25497,25497,0,0,0,0,396.143738831256
|||;25497,25497,25497,25497,0,0,0,0,401.143738831256
|||308fbmpx(2),;25497,25497,25497,21226.9,0,0,0,14.729489206668,406.143738831256
|||308fbmpx(2),;25497,25497,25497,21226.9,0,0,0,9.729489206668,411.143738831256
|||308fbmpx(2),;25497,25497,25497,21226.9,0,0,0,4.729489206668,416.143738831256
|||308fbmpx(3),;25497,25497,25497,21226.9,0,0,0,0,421.143738831256
|||308fbmpx(3),;25497,25497,25497,21226.9,0,0,0,0,426.143738831256
|||308fbmpx(3),;25497,25497,25497,21226.9,0,0,0,0,431.143738831256
|||308fbmpx(3),;25497,25497,25497,21226.9,0,0,0,0,436.143738831256
|||308fbmpx(3),;25497,25497,25497,21226.9,0,0,0,0,441.143738831256
|||308fbmpx(3),;25497,25497,25497,21226.9,0,0,0,0,446.143738831256
|||308fbmpx(3),;25497,25497,25497,21226.9,0,0,0,0,451.143738831256
|||308fbmpx(3),;25497,25497,25497,21226.9,0,0,0,0,456.143738831256
|||308fbmpx(3),;25497,25497,25497,21226.9,0,0,0,0,461.143738831256
|||308fbmpx(3),;25497,25497,25497,21226.9,0,0,0,0,466.143738831256
|||308fbmpx(3),;25497,25497,25497,21226.9,0,0,0,0,471.143738831256
|||308fbmpx(3),;25497,25497,25497,21226.9,0,0,0,0,476.143738831256
|||308fbmpx(3),;25497,25497,25497,21226.9,0,0,0,0,481.143738831256
|||308fbmpx(3),;25497,25497,25497,21226.9,0,0,0,0,486.143738831256
|||308fbmpx(3),;25497,25497,25497,21226.9,0,0,0,0,491.143738831256
|||308fbmpx(3),;25497,25497,25497,21226.9,0,0,0,0,496.143738831256
|||308fbmpx(3),;25497,25497,25497,21226.9,0,0,0,0,501.143738831256
308qrahf(0),|308qrahf(0),|308qrahf(0),|308fbmpx(3),308qrahf(0),;23653.8,23653.8,24268.2,19998.1,10.036661730935,10.036661730935,7.1911865661,7.1911865661,506.143738831256
308qrahf(2),|308qrahf(2),|308qrahf(2),|308qrahf(2),;23653.8,23653.8,24268.2,24268.2,5.036661730935,5.036661730935,2.1911865661,2.1911865661,511.143738831256
|||;25497,25497,25497,25497,0.036661730935,0.036661730935,0,0,516.143738831256
|||;25497,25497,25497,25497,0,0,0,0,521.143738831256
|||;25497,25497,25497,25497,0,0,0,0,526.143738831256
|||;25497,25497,25497,25497,0,0,0,0,531.143738831256
|||;25497,25497,25497,25497,0,0,0,0,536.143738831256
|||;25497,25497,25497,25497,0,0,0,0,541.143738831256
|||;25497,25497,25497,25497,0,0,0,0,546.143738831256
|||;25497,25497,25497,25497,0,0,0,0,551.143738831256
|||;25497,25497,25497,25497,0,0,0,0,556.143738831256
331kqjnz(2),|331kqjnz(2),|331kqjnz(2),|331kqjnz(2),;23377.3,24790.4,23377.3,23377.3,9.085776994709,2.725184115588,9.085776994709,9.085776994709,561.143738831256
331kqjnz(2),||331kqjnz(2),|331kqjnz(2),;23377.3,25497,23377.3,23377.3,4.085776994709,0,4.085776994709,4.085776994709,566.143738831256
331kqjnz(3),||331kqjnz(3),|331kqjnz(3),;23377.3,25497,23377.3,23377.3,0,0,0,0,571.143738831256
331kqjnz(3),||331kqjnz(3),|331kqjnz(3),;23377.3,25497,23377.3,23377.3,0,0,0,0,576.143738831256
331kqjnz(3),||331kqjnz(3),|331kqjnz(3),;23377.3,25497,23377.3,23377.3,0,0,0,0,581.143738831256
331kqjnz(3),||331kqjnz(3),|331kqjnz(3),;23377.3,25497,23377.3,23377.3,0,0,0,0,586.143738831256
331kqjnz(3),||331kqjnz(3),|331kqjnz(3),;23377.3,25497,23377.3,23377.3,0,0,0,0,591.143738831256
331kqjnz(3),||331kqjnz(3),|331kqjnz(3),;23377.3,25497,23377.3,23377.3,0,0,0,0,596.143738831256
331kqjnz(3),||331kqjnz(3),|331kqjnz(3),;23377.3,25497,23377.3,23377.3,0,0,0,0,601.143738831256
331kqjnz(3),||331kqjnz(3),|331kqjnz(3),;23377.3,25497,23377.3,23377.3,0,0,0,0,606.143738831256
331kqjnz(3),331pyzmt(0),|331pyzmt(0),|331kqjnz(3),331pyzmt(0),|331kqjnz(3),331pyzmt(0),;21226.9,24063.4,21943.7,21226.9,10.78777941341,7.561391721102,7.561391721102,10.78777941341,611.143738831256
331kqjnz(3),331pyzmt(2),|331pyzmt(2),|331kqjnz(3),331pyzmt(2),|331kqjnz(3),331pyzmt(2),;21226.9,24063.4,21943.7,21226.9,5.78777941341,2.561391721102,2.561391721102,5.78777941341,616.143738831256
331kqjnz(3),331pyzmt(2),|331pyzmt(3),|331kqjnz(3),331pyzmt(3),|331kqjnz(3),331pyzmt(2),;21226.9,24063.4,21943.7,21226.9,0.78777941341,0,0,0.78777941341,621.143738831256
331kqjnz(3),331pyzmt(3),|331pyzmt(3),|331kqjnz(3),331pyzmt(3),|331kqjnz(3),331pyzmt(3),;21226.9,24063.4,21943.7,21226.9,0,0,0,0,626.143738831256
331kqjnz(3),331pyzmt(3),|331pyzmt(3),|331kqjnz(3),331pyzmt(3),|331kqjnz(3),331pyzmt(3),;21226.9,24063.4,21943.7,21226.9,0,0,0,0,631.143738831256
331kqjnz(3),331pyzmt(3),|331pyzmt(3),|331kqjnz(3),331pyzmt(3),|331kqjnz(3),331pyzmt(3),;21226.9,24063.4,21943.7,21226.9,0,0,0,0,636.143738831256
331kqjnz(3),331pyzmt(3),|331pyzmt(3),|331kqjnz(3),331pyzmt(3),|331kqjnz(3),331pyzmt(3),;21226.9,24063.4,21943.7,21226.9,0,0,0,0,641.143738831256
331kqjnz(3),331pyzmt(3),|331pyzmt(3),|331kqjnz(3),331pyzmt(3),|331kqjnz(3),331pyzmt(3),;21226.9,24063.4,21943.7,21226.9,0,0,0,0,646.143738831256
331pyzmt(3),|331pyzmt(3),|331pyzmt(3),|331pyzmt(3),;23346.6,24063.4,24063.4,23346.6,0,0,0,0,651.143738831256
331pyzmt(3),|331pyzmt(3),|331pyzmt(3),|331pyzmt(3),;23346.6,24063.4,24063.4,23346.6,0,0,0,0,656.143738831256
331pyzmt(3),|331pyzmt(3),|331pyzmt(3),|331pyzmt(3),;23346.6,24063.4,24063.4,23346.6,0,0,0,0,661.143738831256
331pyzmt(3),|331pyzmt(3),|331pyzmt(3),|331pyzmt(3),;23346.6,24063.4,24063.4,23346.6,0,0,0,0,666.143738831256
331pyzmt(3),|331pyzmt(3),|331pyzmt(3),|331pyzmt(3),708maibd(2),;23346.6,24063.4,24063.4,22752.7,0,0,0,0.700158370763,671.143738831256
331pyzmt(3),|331pyzmt(3),|331pyzmt(3),|331pyzmt(3),;23346.6,24063.4,24063.4,23346.6,0,0,0,0,676.143738831256
331pyzmt(3),|331pyzmt(3),|331pyzmt(3),|331pyzmt(3),;23346.6,24063.4,24063.4,23346.6,0,0,0,0,681.143738831256
331pyzmt(3),|331pyzmt(3),|331pyzmt(3),|331pyzmt(3),;23346.6,24063.4,24063.4,23346.6,0,0,0,0,686.143738831256
331pyzmt(3),|331pyzmt(3),|331pyzmt(3),|331pyzmt(3),;23346.6,24063.4,24063.4,23346.6,0,0,0,0,691.143738831256
331pyzmt(3),|331pyzmt(3),|331pyzmt(3),|331pyzmt(3),;23346.6,24063.4,24063.4,23346.6,0,0,0,0,696.143738831256
331pyzmt(3),|331pyzmt(3),|331pyzmt(3),|331pyzmt(3),;23346.6,24063.4,24063.4,23346.6,0,0,0,0,701.143738831256
331pyzmt(3),|331pyzmt(3),|331pyzmt(3),|331pyzmt(3),;23346.6,24063.4,24063.4,23346.6,0,0,0,0,706.143738831256
331pyzmt(3),|331pyzmt(3),|331pyzmt(3),|331pyzmt(3),;23346.6,24063.4,24063.4,23346.6,0,0,0,0,711.143738831256
331pyzmt(3),|331pyzmt(3),|331pyzmt(3),|331pyzmt(3),;23346.6,24063.4,24063.4,23346.6,0,0,0,0,716.143738831256
331pyzmt(3),|331pyzmt(3),|331pyzmt(3),|331pyzmt(3),;23346.6,24063.4,24063.4,23346.6,0,0,0,0,721.143738831256
331pyzmt(3),|331pyzmt(3),|331pyzmt(3),|331pyzmt(3),;23346.6,24063.4,24063.4,23346.6,0,0,0,0,726.143738831256
331pyzmt(3),308oabfi(2),|331pyzmt(3),308oabfi(2),|331pyzmt(3),308oabfi(2),198vfekd(1),|331pyzmt(3),308oabfi(2),198vfekd(1),;22722,22189.5,20269.5,20192.7,0.161793311006,5.784926146171,19.704130635885,16.656760672515,731.143738831256
331pyzmt(3),|331pyzmt(3),308oabfi(2),|331pyzmt(3),308oabfi(2),198vfekd(1),|331pyzmt(3),308oabfi(2),198vfekd(1),;23346.6,22189.5,20269.5,20192.7,0,0.784926146171,14.704130635885,11.656760672515,736.143738831256
331pyzmt(3),|331pyzmt(3),|331pyzmt(3),198vfekd(2),|331pyzmt(3),198vfekd(2),;23346.6,24063.4,22143.4,22066.6,0,0,9.704130635885,6.656760672515,741.143738831256
331pyzmt(3),|331pyzmt(3),|331pyzmt(3),198vfekd(3),|331pyzmt(3),198vfekd(3),;23346.6,24063.4,22143.4,22066.6,0,0,4.704130635885,1.656760672515,746.143738831256
331pyzmt(3),|331pyzmt(3),|331pyzmt(3),198vfekd(3),|331pyzmt(3),198vfekd(3),;23346.6,24063.4,22143.4,22066.6,0,0,0,0,751.143738831256
331pyzmt(3),|331pyzmt(3),|331pyzmt(3),198vfekd(3),|331pyzmt(3),198vfekd(3),;23346.6,24063.4,22143.4,22066.6,0,0,0,0,756.143738831256
331pyzmt(3),|331pyzmt(3),|331pyzmt(3),198vfekd(3),|331pyzmt(3),198vfekd(3),;23346.6,24063.4,22143.4,22066.6,0,0,0,0,761.143738831256
331pyzmt(3),|331pyzmt(3),|331pyzmt(3),198vfekd(3),|331pyzmt(3),198vfekd(3),;23346.6,24063.4,22143.4,22066.6,0,0,0,0,766.143738831256
331pyzmt(3),|331pyzmt(3),|331pyzmt(3),198vfekd(3),|331pyzmt(3),198vfekd(3),;23346.6,24063.4,22143.4,22066.6,0,0,0,0,771.143738831256
331pyzmt(3),|331pyzmt(3),|331pyzmt(3),198vfekd(3),|331pyzmt(3),198vfekd(3),;23346.6,24063.4,22143.4,22066.6,0,0,0,0,776.143738831256
331pyzmt(3),|331pyzmt(3),|331pyzmt(3),198vfekd(3),|331pyzmt(3),198vfekd(3),;23346.6,24063.4,22143.4,22066.6,0,0,0,0,781.143738831256
331pyzmt(3),|331pyzmt(3),|331pyzmt(3),198vfekd(3),|331pyzmt(3),198vfekd(3),;23346.6,24063.4,22143.4,22066.6,0,0,0,0,786.143738831256
331pyzmt(3),|331pyzmt(3),|331pyzmt(3),198vfekd(3),|331pyzmt(3),198vfekd(3),;23346.6,24063.4,22143.4,22066.6,0,0,0,0,791.143738831256
331pyzmt(3),18rxtjd(0),|331pyzmt(3),|331pyzmt(3),198vfekd(3),|331pyzmt(3),198vfekd(3),;22788.5,24063.4,22143.4,22066.6,3.050040791284,0,0,0,796.143738831256
331pyzmt(3),|331pyzmt(3),|331pyzmt(3),198vfekd(3),|331pyzmt(3),198vfekd(3),;23346.6,24063.4,22143.4,22066.6,0,0,0,0,801.143738831256
331pyzmt(3),|331pyzmt(3),|331pyzmt(3),198vfekd(3),|331pyzmt(3),198vfekd(3),;23346.6,24063.4,22143.4,22066.6,0,0,0,0,806.143738831256
331pyzmt(3),|331pyzmt(3),|331pyzmt(3),198vfekd(3),|331pyzmt(3),198vfekd(3),;23346.6,24063.4,22143.4,22066.6,0,0,0,0,811.143738831256
331pyzmt(3),|331pyzmt(3),|331pyzmt(3),198vfekd(3),|331pyzmt(3),198vfekd(3),;23346.6,24063.4,22143.4,22066.6,0,0,0,0,816.143738831256
331pyzmt(3),|331pyzmt(3),|331pyzmt(3),198vfekd(3),|331pyzmt(3),198vfekd(3),;23346.6,24063.4,22143.4,22066.6,0,0,0,0,821.143738831256
331pyzmt(3),|331pyzmt(3),|331pyzmt(3),198vfekd(3),|331pyzmt(3),198vfekd(3),;23346.6,24063.4,22143.4,22066.6,0,0,0,0,826.143738831256
331pyzmt(3),|331pyzmt(3),|331pyzmt(3),198vfekd(3),|331pyzmt(3),198vfekd(3),;23346.6,24063.4,22143.4,22066.6,0,0,0,0,831.143738831256
331pyzmt(3),|331pyzmt(3),|331pyzmt(3),198vfekd(3),|331pyzmt(3),198vfekd(3),;23346.6,24063.4,22143.4,22066.6,0,0,0,0,836.143738831256
331pyzmt(3),|331pyzmt(3),|331pyzmt(3),198vfekd(3),|331pyzmt(3),198vfekd(3),;23346.6,24063.4,22143.4,22066.6,0,0,0,0,841.143738831256
331pyzmt(3),|331pyzmt(3),|331pyzmt(3),198vfekd(3),|331pyzmt(3),198vfekd(3),;23346.6,24063.4,22143.4,22066.6,0,0,0,0,846.143738831256
331pyzmt(3),|331pyzmt(3),|331pyzmt(3),198vfekd(3),|331pyzmt(3),198vfekd(3),;23346.6,24063.4,22143.4,22066.6,0,0,0,0,851.143738831256
331pyzmt(3),|331pyzmt(3),|331pyzmt(3),198vfekd(3),|331pyzmt(3),198vfekd(3),708xgyot(2),;23346.6,24063.4,22143.4,21508.5,0,0,0,1.116101614669,856.143738831256
331pyzmt(3),|331pyzmt(3),|331pyzmt(3),198vfekd(3),|331pyzmt(3),198vfekd(3),;23346.6,24063.4,22143.4,22066.6,0,0,0,0,861.143738831256
||198vfekd(3),|198vfekd(3),;25497,25497,23577,24217,0,0,0,0,866.143738831256
||198vfekd(3),|198vfekd(3),;25497,25497,23577,24217,0,0,0,0,871.143738831256
||198vfekd(3),|198vfekd(3),;25497,25497,23577,24217,0,0,0,0,876.143738831256
||198vfekd(3),|198vfekd(3),;25497,25497,23577,24217,0,0,0,0,881.143738831256
||198vfekd(3),|198vfekd(3),;25497,25497,23577,24217,0,0,0,0,886.143738831256
||198vfekd(3),|198vfekd(3),;25497,25497,23577,24217,0,0,0,0,891.143738831256
||198vfekd(3),|198vfekd(3),;25497,25497,23577,24217,0,0,0,0,896.143738831256
||198vfekd(3),|198vfekd(3),;25497,25497,23577,24217,0,0,0,0,901.143738831256
||198vfekd(3),|198vfekd(3),;25497,25497,23577,24217,0,0,0,0,906.143738831256
||198vfekd(3),|198vfekd(3),;25497,25497,23577,24217,0,0,0,0,911.143738831256
||198vfekd(3),|198vfekd(3),;25497,25497,23577,24217,0,0,0,0,916.143738831256
||198vfekd(3),|198vfekd(3),;25497,25497,23577,24217,0,0,0,0,921.143738831256
||198vfekd(3),|198vfekd(3),;25497,25497,23577,24217,0,0,0,0,926.143738831256
||198vfekd(3),|198vfekd(3),;25497,25497,23577,24217,0,0,0,0,931.143738831256
||198vfekd(3),|198vfekd(3),;25497,25497,23577,24217,0,0,0,0,936.143738831256
||198vfekd(3),|198vfekd(3),;25497,25497,23577,24217,0,0,0,0,941.143738831256
||198vfekd(3),|198vfekd(3),;25497,25497,23577,24217,0,0,0,0,946.143738831256
||198vfekd(3),|198vfekd(3),;25497,25497,23577,24217,0,0,0,0,951.143738831256
||198vfekd(3),|198vfekd(3),;25497,25497,23577,24217,0,0,0,0,956.143738831256
||198vfekd(3),|198vfekd(3),;25497,25497,23577,24217,0,0,0,0,961.143738831256
||198vfekd(3),|198vfekd(3),;25497,25497,23577,24217,0,0,0,0,966.143738831256
||198vfekd(3),|198vfekd(3),;25497,25497,23577,24217,0,0,0,0,971.143738831256
||198vfekd(3),|198vfekd(3),;25497,25497,23577,24217,0,0,0,0,976.143738831256
||198vfekd(3),|198vfekd(3),;25497,25497,23577,24217,0,0,0,0,981.143738831256
||198vfekd(3),|198vfekd(3),;25497,25497,23577,24217,0,0,0,0,986.143738831256
||198vfekd(3),|198vfekd(3),;25497,25497,23577,24217,0,0,0,0,991.143738831256
||198vfekd(3),|198vfekd(3),;25497,25497,23577,24217,0,0,0,0,996.143738831256
||198vfekd(3),|198vfekd(3),;25497,25497,23577,24217,0,0,0,0,1001.143738831256
||198vfekd(3),|198vfekd(3),;25497,25497,23577,24217,0,0,0,0,1006.143738831256
||198vfekd(3),|198vfekd(3),;25497,25497,23577,24217,0,0,0,0,1011.143738831256
||198vfekd(3),|198vfekd(3),;25497,25497,23577,24217,0,0,0,0,1016.143738831256
||198vfekd(3),|198vfekd(3),;25497,25497,23577,24217,0,0,0,0,1021.143738831256
||198vfekd(3),|198vfekd(3),;25497,25497,23577,24217,0,0,0,0,1026.143738831256
||198vfekd(3),|198vfekd(3),;25497,25497,23577,24217,0,0,0,0,1031.143738831256
||198vfekd(3),|198vfekd(3),;25497,25497,23577,24217,0,0,0,0,1036.143738831256
||198vfekd(3),|198vfekd(3),;25497,25497,23577,24217,0,0,0,0,1041.143738831256
||198vfekd(3),|198vfekd(3),;25497,25497,23577,24217,0,0,0,0,1046.143738831256
||198vfekd(3),|198vfekd(3),;25497,25497,23577,24217,0,0,0,0,1051.143738831256
||198vfekd(3),|198vfekd(3),;25497,25497,23577,24217,0,0,0,0,1056.143738831256
||198vfekd(3),|198vfekd(3),;25497,25497,23577,24217,0,0,0,0,1061.143738831256
||198vfekd(3),|198vfekd(3),;25497,25497,23577,24217,0,0,0,0,1066.143738831256
||198vfekd(3),|198vfekd(3),;25497,25497,23577,24217,0,0,0,0,1071.143738831256
||198vfekd(3),|198vfekd(3),;25497,25497,23577,24217,0,0,0,0,1076.143738831256
||198vfekd(3),|198vfekd(3),;25497,25497,23577,24217,0,0,0,0,1081.143738831256
||198vfekd(3),|198vfekd(3),;25497,25497,23577,24217,0,0,0,0,1086.143738831256
||198vfekd(3),|198vfekd(3),;25497,25497,23577,24217,0,0,0,0,1091.143738831256
||198vfekd(3),|198vfekd(3),;25497,25497,23577,24217,0,0,0,0,1096.143738831256
||198vfekd(3),|198vfekd(3),;25497,25497,23577,24217,0,0,0,0,1101.143738831256
||198vfekd(3),|198vfekd(3),;25497,25497,23577,24217,0,0,0,0,1106.143738831256
||198vfekd(3),|198vfekd(3),;25497,25497,23577,24217,0,0,0,0,1111.143738831256
||198vfekd(3),|198vfekd(3),;25497,25497,23577,24217,0,0,0,0,1116.143738831256
||198vfekd(3),|198vfekd(3),;25497,25497,23577,24217,0,0,0,0,1121.143738831256
||198vfekd(3),|198vfekd(3),;25497,25497,23577,24217,0,0,0,0,1126.143738831256
||198vfekd(3),|198vfekd(3),;25497,25497,23577,24217,0,0,0,0,1131.143738831256
||198vfekd(3),|198vfekd(3),;25497,25497,23577,24217,0,0,0,0,1136.143738831256
||198vfekd(3),|198vfekd(3),;25497,25497,23577,24217,0,0,0,0,1141.143738831256
||198vfekd(3),|198vfekd(3),;25497,25497,23577,24217,0,0,0,0,1146.143738831256
||198vfekd(3),|198vfekd(3),;25497,25497,23577,24217,0,0,0,0,1151.143738831256
||198vfekd(3),|198vfekd(3),;25497,25497,23577,24217,0,0,0,0,1156.143738831256
||198vfekd(3),|198vfekd(3),;25497,25497,23577,24217,0,0,0,0,1161.143738831256
||198vfekd(3),|198vfekd(3),;25497,25497,23577,24217,0,0,0,0,1166.143738831256
||198vfekd(3),|198vfekd(3),;25497,25497,23577,24217,0,0,0,0,1171.143738831256
||198vfekd(3),|198vfekd(3),;25497,25497,23577,24217,0,0,0,0,1176.143738831256
||198vfekd(3),|198vfekd(3),;25497,25497,23577,24217,0,0,0,0,1181.143738831256
||198vfekd(3),|198vfekd(3),;25497,25497,23577,24217,0,0,0,0,1186.143738831256
||198vfekd(3),|198vfekd(3),;25497,25497,23577,24217,0,0,0,0,1191.143738831256
||198vfekd(3),|198vfekd(3),;25497,25497,23577,24217,0,0,0,0,1196.143738831256
||198vfekd(3),|198vfekd(3),;25497,25497,23577,24217,0,0,0,0,1201.143738831256
||198vfekd(3),|198vfekd(3),;25497,25497,23577,24217,0,0,0,0,1206.143738831256
||198vfekd(3),|198vfekd(3),;25497,25497,23577,24217,0,0,0,0,1211.143738831256
||198vfekd(3),|198vfekd(3),;25497,25497,23577,24217,0,0,0,0,1216.143738831256
||198vfekd(3),|198vfekd(3),;25497,25497,23577,24217,0,0,0,0,1221.143738831256
||198vfekd(3),|198vfekd(3),;25497,25497,23577,24217,0,0,0,0,1226.143738831256
||198vfekd(3),|198vfekd(3),;25497,25497,23577,24217,0,0,0,0,1231.143738831256
||198vfekd(3),|198vfekd(3),;25497,25497,23577,24217,0,0,0,0,1236.143738831256
||198vfekd(3),|198vfekd(3),;25497,25497,23577,24217,0,0,0,0,1241.143738831256
||198vfekd(3),|198vfekd(3),;25497,25497,23577,24217,0,0,0,0,1246.143738831256
||198vfekd(3),|198vfekd(3),;25497,25497,23577,24217,0,0,0,0,1251.143738831256
||198vfekd(3),|198vfekd(3),;25497,25497,23577,24217,0,0,0,0,1256.143738831256
||198vfekd(3),|198vfekd(3),;25497,25497,23577,24217,0,0,0,0,1261.143738831256
||198vfekd(3),|198vfekd(3),;25497,25497,23577,24217,0,0,0,0,1266.143738831256
||198vfekd(3),|198vfekd(3),;25497,25497,23577,24217,0,0,0,0,1271.143738831256
||198vfekd(3),|198vfekd(3),;25497,25497,23577,24217,0,0,0,0,1276.143738831256
||198vfekd(3),|198vfekd(3),;25497,25497,23577,24217,0,0,0,0,1281.143738831256
||198vfekd(3),|198vfekd(3),;25497,25497,23577,24217,0,0,0,0,1286.143738831256
||198vfekd(3),|198vfekd(3),;25497,25497,23577,24217,0,0,0,0,1291.143738831256
||198vfekd(3),|198vfekd(3),;25497,25497,23577,24217,0,0,0,0,1296.143738831256
|||;25497,25497,25497,25497,0,0,0,0,1301.143738831256
|||;25497,25497,25497,25497,0,0,0,0,1306.143738831256
|||;25497,25497,25497,25497,0,0,0,0,1311.143738831256
|||;25497,25497,25497,25497,0,0,0,0,1316.143738831256
|||;25497,25497,25497,25497,0,0,0,0,1321.143738831256
|||;25497,25497,25497,25497,0,0,0,0,1326.143738831256
|||;25497,25497,25497,25497,0,0,0,0,1331.143738831256
|||;25497,25497,25497,25497,0,0,0,0,1336.143738831256
|||;25497,25497,25497,25497,0,0,0,0,1341.143738831256
|||;25497,25497,25497,25497,0,0,0,0,1346.143738831256
|||;25497,25497,25497,25497,0,0,0,0,1351.143738831256
|||;25497,25497,25497,25497,0,0,0,0,1356.143738831256
|||;25497,25497,25497,25497,0,0,0,0,1361.143738831256
|||;25497,25497,25497,25497,0,0,0,0,1366.143738831256
|||;25497,25497,25497,25497,0,0,0,0,1371.143738831256
|||;25497,25497,25497,25497,0,0,0,0,1376.143738831256
|||;25497,25497,25497,25497,0,0,0,0,1381.143738831256
|||;25497,25497,25497,25497,0,0,0,0,1386.143738831256
|||;25497,25497,25497,25497,0,0,0,0,1391.143738831256
|||;25497,25497,25497,25497,0,0,0,0,1396.143738831256
|||;25497,25497,25497,25497,0,0,0,0,1401.143738831256
|||;25497,25497,25497,25497,0,0,0,0,1406.143738831256
|||;25497,25497,25497,25497,0,0,0,0,1411.143738831256
|||;25497,25497,25497,25497,0,0,0,0,1416.143738831256
|||;25497,25497,25497,25497,0,0,0,0,1421.143738831256
|||;25497,25497,25497,25497,0,0,0,0,1426.143738831256
|||;25497,25497,25497,25497,0,0,0,0,1431.143738831256
|||;25497,25497,25497,25497,0,0,0,0,1436.143738831256
|||;25497,25497,25497,25497,0,0,0,0,1441.143738831256
|||;25497,25497,25497,25497,0,0,0,0,1446.143738831256
|||;25497,25497,25497,25497,0,0,0,0,1451.143738831256
|||;25497,25497,25497,25497,0,0,0,0,1456.143738831256
|||;25497,25497,25497,25497,0,0,0,0,1461.143738831256
|||;25497,25497,25497,25497,0,0,0,0,1466.143738831256
|||;25497,25497,25497,25497,0,0,0,0,1471.143738831256
|||;25497,25497,25497,25497,0,0,0,0,1476.143738831256
|||;25497,25497,25497,25497,0,0,0,0,1481.143738831256
|||;25497,25497,25497,25497,0,0,0,0,1486.143738831256
|||;25497,25497,25497,25497,0,0,0,0,1491.143738831256
|||;25497,25497,25497,25497,0,0,0,0,1496.143738831256
|||;25497,25497,25497,25497,0,0,0,0,1501.143738831256
|||;25497,25497,25497,25497,0,0,0,0,1506.143738831256
|||;25497,25497,25497,25497,0,0,0,0,1511.143738831256
|||;25497,25497,25497,25497,0,0,0,0,1516.143738831256
|||;25497,25497,25497,25497,0,0,0,0,1521.143738831256
|||;25497,25497,25497,25497,0,0,0,0,1526.143738831256
|||;25497,25497,25497,25497,0,0,0,0,1531.143738831256
|||;25497,25497,25497,25497,0,0,0,0,1536.143738831256
|||;25497,25497,25497,25497,0,0,0,0,1541.143738831256
|||;25497,25497,25497,25497,0,0,0,0,1546.143738831256
|||;25497,25497,25497,25497,0,0,0,0,1551.143738831256
|||;25497,25497,25497,25497,0,0,0,0,1556.143738831256
|||;25497,25497,25497,25497,0,0,0,0,1561.143738831256
|||;25497,25497,25497,25497,0,0,0,0,1566.143738831256
|||;25497,25497,25497,25497,0,0,0,0,1571.143738831256
|||;25497,25497,25497,25497,0,0,0,0,1576.143738831256
|||;25497,25497,25497,25497,0,0,0,0,1581.143738831256
|||;25497,25497,25497,25497,0,0,0,0,1586.143738831256
|||;25497,25497,25497,25497,0,0,0,0,1591.143738831256
|||;25497,25497,25497,25497,0,0,0,0,1596.143738831256
|||;25497,25497,25497,25497,0,0,0,0,1601.143738831256
|||;25497,25497,25497,25497,0,0,0,0,1606.143738831256
|||;25497,25497,25497,25497,0,0,0,0,1611.143738831256
|||;25497,25497,25497,25497,0,0,0,0,1616.143738831256
|||;25497,25497,25497,25497,0,0,0,0,1621.143738831256
|||;25497,25497,25497,25497,0,0,0,0,1626.143738831256
|||;25497,25497,25497,25497,0,0,0,0,1631.143738831256
|||;25497,25497,25497,25497,0,0,0,0,1636.143738831256
|||;25497,25497,25497,25497,0,0,0,0,1641.143738831256
|||;25497,25497,25497,25497,0,0,0,0,1646.143738831256
|||;25497,25497,25497,25497,0,0,0,0,1651.143738831256
|||;25497,25497,25497,25497,0,0,0,0,1656.143738831256
|||;25497,25497,25497,25497,0,0,0,0,1661.143738831256
|||;25497,25497,25497,25497,0,0,0,0,1666.143738831256
|||;25497,25497,25497,25497,0,0,0,0,1671.143738831256
|||;25497,25497,25497,25497,0,0,0,0,1676.143738831256
|||;25497,25497,25497,25497,0,0,0,0,1681.143738831256
|||;25497,25497,25497,25497,0,0,0,0,1686.143738831256
|||;25497,25497,25497,25497,0,0,0,0,1691.143738831256
|||;25497,25497,25497,25497,0,0,0,0,1696.143738831256
|||;25497,25497,25497,25497,0,0,0,0,1701.143738831256
123kbpeo(2),|123kbpeo(2),|123kbpeo(2),|123kbpeo(2),;23914.9,24442.3,23914.9,24442.3,6.134429616704,3.692063433554,6.134429616704,3.692063433554,1706.143738831256
123kbpeo(2),|123kbpeo(3),|123kbpeo(2),|123kbpeo(3),;23914.9,24442.3,23914.9,24442.3,1.134429616704,0,1.134429616704,0,1711.143738831256
123kbpeo(3),|123kbpeo(3),|123kbpeo(3),|123kbpeo(3),;23914.9,24442.3,23914.9,24442.3,0,0,0,0,1716.143738831256
123kbpeo(3),|123kbpeo(3),|123kbpeo(3),|123kbpeo(3),;23914.9,24442.3,23914.9,24442.3,0,0,0,0,1721.143738831256
123kbpeo(3),|123kbpeo(3),|123kbpeo(3),|123kbpeo(3),;23914.9,24442.3,23914.9,24442.3,0,0,0,0,1726.143738831256
123kbpeo(3),|123kbpeo(3),|123kbpeo(3),|123kbpeo(3),;23914.9,24442.3,23914.9,24442.3,0,0,0,0,1731.143738831256
123kbpeo(3),|123kbpeo(3),|123kbpeo(3),|123kbpeo(3),;23914.9,24442.3,23914.9,24442.3,0,0,0,0,1736.143738831256
123kbpeo(3),|123kbpeo(3),|123kbpeo(3),|123kbpeo(3),;23914.9,24442.3,23914.9,24442.3,0,0,0,0,1741.143738831256
123kbpeo(3),|123kbpeo(3),|123kbpeo(3),|123kbpeo(3),;23914.9,24442.3,23914.9,24442.3,0,0,0,0,1746.143738831256
123kbpeo(3),|123kbpeo(3),|123kbpeo(3),|123kbpeo(3),;23914.9,24442.3,23914.9,24442.3,0,0,0,0,1751.143738831256
123kbpeo(3),|123kbpeo(3),|123kbpeo(3),|123kbpeo(3),;23914.9,24442.3,23914.9,24442.3,0,0,0,0,1756.143738831256
123kbpeo(3),|123kbpeo(3),|123kbpeo(3),|123kbpeo(3),;23914.9,24442.3,23914.9,24442.3,0,0,0,0,1761.143738831256
123kbpeo(3),|123kbpeo(3),|123kbpeo(3),|123kbpeo(3),;23914.9,24442.3,23914.9,24442.3,0,0,0,0,1766.143738831256
123kbpeo(3),|123kbpeo(3),|123kbpeo(3),|123kbpeo(3),;23914.9,24442.3,23914.9,24442.3,0,0,0,0,1771.143738831256
123kbpeo(3),|123kbpeo(3),|123kbpeo(3),|123kbpeo(3),;23914.9,24442.3,23914.9,24442.3,0,0,0,0,1776.143738831256
123kbpeo(3),|123kbpeo(3),|123kbpeo(3),|123kbpeo(3),;23914.9,24442.3,23914.9,24442.3,0,0,0,0,1781.143738831256
123kbpeo(3),|123kbpeo(3),|123kbpeo(3),|123kbpeo(3),;23914.9,24442.3,23914.9,24442.3,0,0,0,0,1786.143738831256
123kbpeo(3),|123kbpeo(3),|123kbpeo(3),|123kbpeo(3),;23914.9,24442.3,23914.9,24442.3,0,0,0,0,1791.143738831256
123kbpeo(3),|123kbpeo(3),|123kbpeo(3),|123kbpeo(3),;23914.9,24442.3,23914.9,24442.3,0,0,0,0,1796.143738831256
123kbpeo(3),|123kbpeo(3),|123kbpeo(3),|123kbpeo(3),;23914.9,24442.3,23914.9,24442.3,0,0,0,0,1801.143738831256
123kbpeo(3),|123kbpeo(3),|123kbpeo(3),|123kbpeo(3),;23914.9,24442.3,23914.9,24442.3,0,0,0,0,1806.143738831256
123kbpeo(3),|123kbpeo(3),|123kbpeo(3),|123kbpeo(3),;23914.9,24442.3,23914.9,24442.3,0,0,0,0,1811.143738831256
123kbpeo(3),|123kbpeo(3),|123kbpeo(3),|123kbpeo(3),;23914.9,24442.3,23914.9,24442.3,0,0,0,0,1816.143738831256
123kbpeo(3),|123kbpeo(3),|123kbpeo(3),|123kbpeo(3),;23914.9,24442.3,23914.9,24442.3,0,0,0,0,1821.143738831256
123kbpeo(3),|123kbpeo(3),|123kbpeo(3),|123kbpeo(3),;23914.9,24442.3,23914.9,24442.3,0,0,0,0,1826.143738831256
123kbpeo(3),|123kbpeo(3),|123kbpeo(3),|123kbpeo(3),;23914.9,24442.3,23914.9,24442.3,0,0,0,0,1831.143738831256
123kbpeo(3),|123kbpeo(3),|123kbpeo(3),|123kbpeo(3),;23914.9,24442.3,23914.9,24442.3,0,0,0,0,1836.143738831256
123kbpeo(3),|123kbpeo(3),|123kbpeo(3),|123kbpeo(3),;23914.9,24442.3,23914.9,24442.3,0,0,0,0,1841.143738831256
123kbpeo(3),|123kbpeo(3),|123kbpeo(3),|123kbpeo(3),;23914.9,24442.3,23914.9,24442.3,0,0,0,0,1846.143738831256
123kbpeo(3),|123kbpeo(3),|123kbpeo(3),|123kbpeo(3),;23914.9,24442.3,23914.9,24442.3,0,0,0,0,1851.143738831256
123kbpeo(3),|123kbpeo(3),|123kbpeo(3),|123kbpeo(3),;23914.9,24442.3,23914.9,24442.3,0,0,0,0,1856.143738831256
123kbpeo(3),|123kbpeo(3),|123kbpeo(3),|123kbpeo(3),;23914.9,24442.3,23914.9,24442.3,0,0,0,0,1861.143738831256
123kbpeo(3),|123kbpeo(3),|123kbpeo(3),|123kbpeo(3),;23914.9,24442.3,23914.9,24442.3,0,0,0,0,1866.143738831256
123kbpeo(3),|123kbpeo(3),|123kbpeo(3),|123kbpeo(3),;23914.9,24442.3,23914.9,24442.3,0,0,0,0,1871.143738831256
123kbpeo(3),|123kbpeo(3),|123kbpeo(3),|123kbpeo(3),;23914.9,24442.3,23914.9,24442.3,0,0,0,0,1876.143738831256
123kbpeo(3),|123kbpeo(3),|123kbpeo(3),|123kbpeo(3),;23914.9,24442.3,23914.9,24442.3,0,0,0,0,1881.143738831256
123kbpeo(3),|123kbpeo(3),|123kbpeo(3),|123kbpeo(3),;23914.9,24442.3,23914.9,24442.3,0,0,0,0,1886.143738831256
123kbpeo(3),|123kbpeo(3),|123kbpeo(3),|123kbpeo(3),;23914.9,24442.3,23914.9,24442.3,0,0,0,0,1891.143738831256
123kbpeo(3),|123kbpeo(3),|123kbpeo(3),|123kbpeo(3),;23914.9,24442.3,23914.9,24442.3,0,0,0,0,1896.143738831256
123kbpeo(3),|123kbpeo(3),|123kbpeo(3),|123kbpeo(3),;23914.9,24442.3,23914.9,24442.3,0,0,0,0,1901.143738831256
123kbpeo(3),|123kbpeo(3),|123kbpeo(3),|123kbpeo(3),;23914.9,24442.3,23914.9,24442.3,0,0,0,0,1906.143738831256
123kbpeo(3),|123kbpeo(3),|123kbpeo(3),|123kbpeo(3),;23914.9,24442.3,23914.9,24442.3,0,0,0,0,1911.143738831256
123kbpeo(3),|123kbpeo(3),|123kbpeo(3),|123kbpeo(3),;23914.9,24442.3,23914.9,24442.3,0,0,0,0,1916.143738831256
123kbpeo(3),|123kbpeo(3),|123kbpeo(3),|123kbpeo(3),;23914.9,24442.3,23914.9,24442.3,0,0,0,0,1921.143738831256
123kbpeo(3),|123kbpeo(3),|123kbpeo(3),|123kbpeo(3),;23914.9,24442.3,23914.9,24442.3,0,0,0,0,1926.143738831256
123kbpeo(3),|123kbpeo(3),|123kbpeo(3),|123kbpeo(3),;23914.9,24442.3,23914.9,24442.3,0,0,0,0,1931.143738831256
123kbpeo(3),|123kbpeo(3),|123kbpeo(3),|123kbpeo(3),;23914.9,24442.3,23914.9,24442.3,0,0,0,0,1936.143738831256
123kbpeo(3),|123kbpeo(3),|123kbpeo(3),|123kbpeo(3),;23914.9,24442.3,23914.9,24442.3,0,0,0,0,1941.143738831256
123kbpeo(3),|123kbpeo(3),|123kbpeo(3),|123kbpeo(3),;23914.9,24442.3,23914.9,24442.3,0,0,0,0,1946.143738831256
123kbpeo(3),|123kbpeo(3),|123kbpeo(3),|123kbpeo(3),;23914.9,24442.3,23914.9,24442.3,0,0,0,0,1951.143738831256
123kbpeo(3),|123kbpeo(3),|123kbpeo(3),|123kbpeo(3),;23914.9,24442.3,23914.9,24442.3,0,0,0,0,1956.143738831256
123kbpeo(3),|123kbpeo(3),|123kbpeo(3),|123kbpeo(3),;23914.9,24442.3,23914.9,24442.3,0,0,0,0,1961.143738831256
123kbpeo(3),|123kbpeo(3),|123kbpeo(3),|123kbpeo(3),;23914.9,24442.3,23914.9,24442.3,0,0,0,0,1966.143738831256
123kbpeo(3),|123kbpeo(3),|123kbpeo(3),|123kbpeo(3),;23914.9,24442.3,23914.9,24442.3,0,0,0,0,1971.143738831256
123kbpeo(3),|123kbpeo(3),|123kbpeo(3),|123kbpeo(3),;23914.9,24442.3,23914.9,24442.3,0,0,0,0,1976.143738831256
123kbpeo(3),|123kbpeo(3),|123kbpeo(3),|123kbpeo(3),;23914.9,24442.3,23914.9,24442.3,0,0,0,0,1981.143738831256
123kbpeo(3),|123kbpeo(3),|123kbpeo(3),|123kbpeo(3),;23914.9,24442.3,23914.9,24442.3,0,0,0,0,1986.143738831256
123kbpeo(3),|123kbpeo(3),|123kbpeo(3),|123kbpeo(3),;23914.9,24442.3,23914.9,24442.3,0,0,0,0,1991.143738831256
123kbpeo(3),|123kbpeo(3),|123kbpeo(3),|123kbpeo(3),;23914.9,24442.3,23914.9,24442.3,0,0,0,0,1996.143738831256
