|||;21196,21196,21196,21196,0,0,0,0,1.033525796656
|||;21196,21196,21196,21196,0,0,0,0,6.033525796656
|||;21196,21196,21196,21196,0,0,0,0,11.033525796656
|||;21196,21196,21196,21196,0,0,0,0,16.033525796656
|||;21196,21196,21196,21196,0,0,0,0,21.033525796656
|||;21196,21196,21196,21196,0,0,0,0,26.033525796656
|||;21196,21196,21196,21196,0,0,0,0,31.033525796656
|||;21196,21196,21196,21196,0,0,0,0,36.033525796656
|||;21196,21196,21196,21196,0,0,0,0,41.033525796656
|||;21196,21196,21196,21196,0,0,0,0,46.033525796656
|||;21196,21196,21196,21196,0,0,0,0,51.033525796656
|||;21196,21196,21196,21196,0,0,0,0,56.033525796656
|||;21196,21196,21196,21196,0,0,0,0,61.033525796656
|||;21196,21196,21196,21196,0,0,0,0,66.033525796656
|||;21196,21196,21196,21196,0,0,0,0,71.033525796656
|||;21196,21196,21196,21196,0,0,0,0,76.033525796656
|||;21196,21196,21196,21196,0,0,0,0,81.033525796656
|||;21196,21196,21196,21196,0,0,0,0,86.033525796656
|||;21196,21196,21196,21196,0,0,0,0,91.033525796656
|||;21196,21196,21196,21196,0,0,0,0,96.033525796656
|||;21196,21196,21196,21196,0,0,0,0,101.033525796656
446leayj(2),|446leayj(2),|446leayj(2),|446leayj(2),;19434.7,17673.4,19434.7,19434.7,10.064216559651,21.890778658012,10.064216559651,10.064216559651,106.033525796656
446leayj(2),|446leayj(2),|446leayj(2),|446leayj(2),;19434.7,17673.4,19434.7,19434.7,5.064216559651,16.890778658012,5.064216559651,5.064216559651,111.033525796656
|446leayj(2),||;21196,17673.4,21196,21196,0.064216559651,11.890778658012,0.064216559651,0.064216559651,116.033525796656
|446leayj(2),||;21196,17673.4,21196,21196,0,6.890778658012,0,0,121.033525796656
82japig(0),|446leayj(2),82japig(0),|82japig(0),|31xlygm(2),;20376.8,16854.2,20376.8,20325.6,10.221231409849,13.972340864517,10.221231409849,4.29164627568,126.033525796656
82japig(2),552vwxrq(0),|446leayj(3),82japig(2),|82japig(2),552vwxrq(0),|552vwxrq(0),;17837.3,16854.2,19741.9,18021.6,25.216397631423,8.972340864517,12.427208385521,23.549875579221,131.033525796656
552vwxrq(1),|446leayj(3),|552vwxrq(1),|552vwxrq(2),;18656.5,17673.4,20561.1,18021.6,20.216397631423,3.972340864517,7.427208385521,18.549875579221,136.033525796656
552vwxrq(2),|446leayj(3),|552vwxrq(2),|552vwxrq(2),;18656.5,17673.4,20561.1,18021.6,15.216397631423,0,2.427208385521,13.549875579221,141.033525796656
552vwxrq(2),|446leayj(3),||552vwxrq(2),;18656.5,17673.4,21196,18021.6,10.216397631423,0,0,8.549875579221,146.033525796656
552vwxrq(2),|446leayj(3),|918xwjfg(0),|552vwxrq(2),;18656.5,17673.4,20376.8,18021.6,5.216397631423,0,6.565270363897,3.549875579221,151.033525796656
552vwxrq(3),|446leayj(3),|918xwjfg(2),|552vwxrq(3),;18656.5,17673.4,20376.8,18021.6,0.216397631423,0,1.565270363897,0,156.033525796656
552vwxrq(3),|446leayj(3),||552vwxrq(3),;18656.5,17673.4,21196,18021.6,0,0,0,0,161.033525796656
552vwxrq(3),|446leayj(3),||552vwxrq(3),;18656.5,17673.4,21196,18021.6,0,0,0,0,166.033525796656
552vwxrq(3),|446leayj(3),||552vwxrq(3),;18656.5,17673.4,21196,18021.6,0,0,0,0,171.033525796656
552vwxrq(3),|446leayj(3),||552vwxrq(3),;18656.5,17673.4,21196,18021.6,0,0,0,0,176.033525796656
552vwxrq(3),|446leayj(3),||552vwxrq(3),;18656.5,17673.4,21196,18021.6,0,0,0,0,181.033525796656
552vwxrq(3),|||552vwxrq(3),;18656.5,21196,21196,18021.6,0,0,0,0,186.033525796656
552vwxrq(3),|||552vwxrq(3),;18656.5,21196,21196,18021.6,0,0,0,0,191.033525796656
552vwxrq(3),552kiazr(2),|552kiazr(2),|552kiazr(2),|552vwxrq(3),552kiazr(2),;13946.1,20253.9,20253.9,15195.4,31.291807776622,5.988465612688,5.988465612688,18.640136694655,196.033525796656
552kiazr(2),|552kiazr(2),|552kiazr(2),|552kiazr(2),;16485.6,20253.9,20253.9,18369.8,26.291807776622,0.988465612688,0.988465612688,13.640136694655,201.033525796656
552kiazr(2),|||552kiazr(2),;16485.6,21196,21196,18369.8,21.291807776622,0,0,8.640136694655,206.033525796656
552kiazr(2),|||552kiazr(2),;16485.6,21196,21196,18369.8,16.291807776622,0,0,3.640136694655,211.033525796656
552kiazr(2),|||552kiazr(3),;16485.6,21196,21196,18369.8,11.291807776622,0,0,0,216.033525796656
552kiazr(2),610pgmjn(1),|610pgmjn(2),|610pgmjn(2),|552kiazr(3),;15123.7,18472.2,18472.2,18369.8,19.85507542213,16.957249083825,16.957249083825,0,221.033525796656
552kiazr(2),610pgmjn(1),|610pgmjn(2),|610pgmjn(2),|552kiazr(3),;15123.7,18472.2,18472.2,18369.8,14.85507542213,11.957249083825,11.957249083825,0,226.033525796656
552kiazr(3),610pgmjn(2),|610pgmjn(2),|610pgmjn(2),|552kiazr(3),;15123.7,18472.2,18472.2,18369.8,9.85507542213,6.957249083825,6.957249083825,0,231.033525796656
552kiazr(3),610pgmjn(2),|610pgmjn(2),|610pgmjn(2),|552kiazr(3),;15123.7,18472.2,18472.2,18369.8,4.85507542213,1.957249083825,1.957249083825,0,236.033525796656
552kiazr(3),610pgmjn(3),|610pgmjn(3),|610pgmjn(3),|552kiazr(3),;15123.7,18472.2,18472.2,18369.8,0,0,0,0,241.033525796656
552kiazr(3),610pgmjn(3),|610pgmjn(3),|610pgmjn(3),|552kiazr(3),;15123.7,18472.2,18472.2,18369.8,0,0,0,0,246.033525796656
610pgmjn(3),|610pgmjn(3),|610pgmjn(3),|;19834.1,18472.2,18472.2,21196,0,0,0,0,251.033525796656
610pgmjn(3),|610pgmjn(3),|610pgmjn(3),|;19834.1,18472.2,18472.2,21196,0,0,0,0,256.033525796656
610pgmjn(3),|610pgmjn(3),|610pgmjn(3),|;19834.1,18472.2,18472.2,21196,0,0,0,0,261.033525796656
610pgmjn(3),|610pgmjn(3),|610pgmjn(3),|;19834.1,18472.2,18472.2,21196,0,0,0,0,266.033525796656
610pgmjn(3),|610pgmjn(3),|610pgmjn(3),|;19834.1,18472.2,18472.2,21196,0,0,0,0,271.033525796656
610pgmjn(3),|610pgmjn(3),|610pgmjn(3),|;19834.1,18472.2,18472.2,21196,0,0,0,0,276.033525796656
610pgmjn(3),|610pgmjn(3),|610pgmjn(3),|;19834.1,18472.2,18472.2,21196,0,0,0,0,281.033525796656
610pgmjn(3),|610pgmjn(3),|610pgmjn(3),|;19834.1,18472.2,18472.2,21196,0,0,0,0,286.033525796656
610pgmjn(3),|610pgmjn(3),|610pgmjn(3),|;19834.1,18472.2,18472.2,21196,0,0,0,0,291.033525796656
610pgmjn(3),684zgjcx(0),|610pgmjn(3),684zgjcx(0),|610pgmjn(3),|684zgjcx(0),;17898.7,17827.1,18472.2,19905.8,13.710666484468,5.047022156599,0,9.378844320534,296.033525796656
610pgmjn(3),684zgjcx(2),|610pgmjn(3),|610pgmjn(3),|684zgjcx(2),;17898.7,18472.2,18472.2,19905.8,8.710666484468,0.047022156599,0,4.378844320534,301.033525796656
610pgmjn(3),684zgjcx(2),|610pgmjn(3),|610pgmjn(3),|;17898.7,18472.2,18472.2,21196,3.710666484468,0,0,0,306.033525796656
610pgmjn(3),|610pgmjn(3),|610pgmjn(3),|;19834.1,18472.2,18472.2,21196,0,0,0,0,311.033525796656
610pgmjn(3),|610pgmjn(3),|610pgmjn(3),|;19834.1,18472.2,18472.2,21196,0,0,0,0,316.033525796656
610pgmjn(3),|610pgmjn(3),|610pgmjn(3),|;19834.1,18472.2,18472.2,21196,0,0,0,0,321.033525796656
610pgmjn(3),|610pgmjn(3),|610pgmjn(3),|;19834.1,18472.2,18472.2,21196,0,0,0,0,326.033525796656
610pgmjn(3),|610pgmjn(3),|610pgmjn(3),|;19834.1,18472.2,18472.2,21196,0,0,0,0,331.033525796656
610pgmjn(3),|610pgmjn(3),|610pgmjn(3),|;19834.1,18472.2,18472.2,21196,0,0,0,0,336.033525796656
610pgmjn(3),552jiafs(2),|610pgmjn(3),552jiafs(2),|610pgmjn(3),552jiafs(2),|552jiafs(2),;18984.2,17622.3,17622.3,19496.2,5.420014472747,5.420014472747,5.420014472747,11.127018276026,341.033525796656
610pgmjn(3),552jiafs(2),|610pgmjn(3),552jiafs(2),|610pgmjn(3),552jiafs(2),|552jiafs(2),;18984.2,17622.3,17622.3,19496.2,0.420014472747,0.420014472747,0.420014472747,6.127018276026,346.033525796656
610pgmjn(3),|610pgmjn(3),|610pgmjn(3),|552jiafs(2),;19834.1,18472.2,18472.2,19496.2,0,0,0,1.127018276026,351.033525796656
610pgmjn(3),|610pgmjn(3),|610pgmjn(3),|;19834.1,18472.2,18472.2,21196,0,0,0,0,356.033525796656
610pgmjn(3),|610pgmjn(3),|610pgmjn(3),|;19834.1,18472.2,18472.2,21196,0,0,0,0,361.033525796656
610pgmjn(3),|610pgmjn(3),|610pgmjn(3),|;19834.1,18472.2,18472.2,21196,0,0,0,0,366.033525796656
610pgmjn(3),|610pgmjn(3),|610pgmjn(3),|;19834.1,18472.2,18472.2,21196,0,0,0,0,371.033525796656
610pgmjn(3),|610pgmjn(3),|610pgmjn(3),|;19834.1,18472.2,18472.2,21196,0,0,0,0,376.033525796656
610pgmjn(3),|610pgmjn(3),|610pgmjn(3),|;19834.1,18472.2,18472.2,21196,0,0,0,0,381.033525796656
610pgmjn(3),|610pgmjn(3),|610pgmjn(3),|;19834.1,18472.2,18472.2,21196,0,0,0,0,386.033525796656
610pgmjn(3),|610pgmjn(3),|610pgmjn(3),|;19834.1,18472.2,18472.2,21196,0,0,0,0,391.033525796656
610pgmjn(3),|610pgmjn(3),|610pgmjn(3),|;19834.1,18472.2,18472.2,21196,0,0,0,0,396.033525796656
610pgmjn(3),|610pgmjn(3),|610pgmjn(3),|;19834.1,18472.2,18472.2,21196,0,0,0,0,401.033525796656
610pgmjn(3),|610pgmjn(3),|610pgmjn(3),|;19834.1,18472.2,18472.2,21196,0,0,0,0,406.033525796656
610pgmjn(3),|610pgmjn(3),|610pgmjn(3),|;19834.1,18472.2,18472.2,21196,0,0,0,0,411.033525796656
610pgmjn(3),|610pgmjn(3),|610pgmjn(3),|;19834.1,18472.2,18472.2,21196,0,0,0,0,416.033525796656
610pgmjn(3),455rvxyj(0),|610pgmjn(3),455rvxyj(0),|610pgmjn(3),455rvxyj(0),|455rvxyj(0),;18277.6,16915.7,16915.7,18083,12.512749601235,12.512749601235,12.512749601235,22.964130060252,421.033525796656
610pgmjn(3),455rvxyj(2),|610pgmjn(3),455rvxyj(2),|610pgmjn(3),455rvxyj(2),|455rvxyj(2),;18277.6,16915.7,16915.7,18083,7.512749601235,7.512749601235,7.512749601235,17.964130060252,426.033525796656
610pgmjn(3),455rvxyj(2),|610pgmjn(3),455rvxyj(2),|610pgmjn(3),455rvxyj(2),|455rvxyj(2),;18277.6,16915.7,16915.7,18083,2.512749601235,2.512749601235,2.512749601235,12.964130060252,431.033525796656
610pgmjn(3),455rvxyj(3),|610pgmjn(3),455rvxyj(3),|610pgmjn(3),455rvxyj(3),|455rvxyj(2),;18277.6,16915.7,16915.7,18083,0,0,0,7.964130060252,436.033525796656
610pgmjn(3),455rvxyj(3),|610pgmjn(3),455rvxyj(3),|610pgmjn(3),455rvxyj(3),|455rvxyj(2),;18277.6,16915.7,16915.7,18083,0,0,0,2.964130060252,441.033525796656
610pgmjn(3),455rvxyj(3),|610pgmjn(3),455rvxyj(3),|610pgmjn(3),455rvxyj(3),|455rvxyj(3),;18277.6,16915.7,16915.7,18083,0,0,0,0,446.033525796656
610pgmjn(3),455rvxyj(3),|610pgmjn(3),455rvxyj(3),|610pgmjn(3),455rvxyj(3),|455rvxyj(3),;18277.6,16915.7,16915.7,18083,0,0,0,0,451.033525796656
610pgmjn(3),455rvxyj(3),|610pgmjn(3),455rvxyj(3),|610pgmjn(3),455rvxyj(3),|455rvxyj(3),;18277.6,16915.7,16915.7,18083,0,0,0,0,456.033525796656
610pgmjn(3),455rvxyj(3),|610pgmjn(3),455rvxyj(3),|610pgmjn(3),455rvxyj(3),|455rvxyj(3),;18277.6,16915.7,16915.7,18083,0,0,0,0,461.033525796656
610pgmjn(3),455rvxyj(3),|610pgmjn(3),455rvxyj(3),|610pgmjn(3),455rvxyj(3),|455rvxyj(3),;18277.6,16915.7,16915.7,18083,0,0,0,0,466.033525796656
610pgmjn(3),455rvxyj(3),|610pgmjn(3),455rvxyj(3),|610pgmjn(3),455rvxyj(3),|455rvxyj(3),;18277.6,16915.7,16915.7,18083,0,0,0,0,471.033525796656
610pgmjn(3),455rvxyj(3),|610pgmjn(3),455rvxyj(3),|610pgmjn(3),455rvxyj(3),|455rvxyj(3),;18277.6,16915.7,16915.7,18083,0,0,0,0,476.033525796656
610pgmjn(3),455rvxyj(3),|610pgmjn(3),455rvxyj(3),|610pgmjn(3),455rvxyj(3),|455rvxyj(3),;18277.6,16915.7,16915.7,18083,0,0,0,0,481.033525796656
610pgmjn(3),455rvxyj(3),|610pgmjn(3),455rvxyj(3),|610pgmjn(3),455rvxyj(3),|455rvxyj(3),;18277.6,16915.7,16915.7,18083,0,0,0,0,486.033525796656
610pgmjn(3),455rvxyj(3),|610pgmjn(3),455rvxyj(3),|610pgmjn(3),455rvxyj(3),|455rvxyj(3),;18277.6,16915.7,16915.7,18083,0,0,0,0,491.033525796656
610pgmjn(3),455rvxyj(3),|610pgmjn(3),455rvxyj(3),|610pgmjn(3),455rvxyj(3),|455rvxyj(3),;18277.6,16915.7,16915.7,18083,0,0,0,0,496.033525796656
610pgmjn(3),455rvxyj(3),|610pgmjn(3),455rvxyj(3),|610pgmjn(3),455rvxyj(3),|455rvxyj(3),;18277.6,16915.7,16915.7,18083,0,0,0,0,501.033525796656
610pgmjn(3),455rvxyj(3),|610pgmjn(3),455rvxyj(3),|610pgmjn(3),455rvxyj(3),|455rvxyj(3),;18277.6,16915.7,16915.7,18083,0,0,0,0,506.033525796656
610pgmjn(3),455rvxyj(3),|610pgmjn(3),455rvxyj(3),|610pgmjn(3),455rvxyj(3),|455rvxyj(3),;18277.6,16915.7,16915.7,18083,0,0,0,0,511.033525796656
610pgmjn(3),455rvxyj(3),|610pgmjn(3),455rvxyj(3),|610pgmjn(3),455rvxyj(3),|455rvxyj(3),;18277.6,16915.7,16915.7,18083,0,0,0,0,516.033525796656
610pgmjn(3),455rvxyj(3),|610pgmjn(3),455rvxyj(3),|610pgmjn(3),455rvxyj(3),|455rvxyj(3),;18277.6,16915.7,16915.7,18083,0,0,0,0,521.033525796656
610pgmjn(3),|610pgmjn(3),|610pgmjn(3),|;19834.1,18472.2,18472.2,21196,0,0,0,0,526.033525796656
610pgmjn(3),|610pgmjn(3),|610pgmjn(3),|;19834.1,18472.2,18472.2,21196,0,0,0,0,531.033525796656
610pgmjn(3),|610pgmjn(3),|610pgmjn(3),|;19834.1,18472.2,18472.2,21196,0,0,0,0,536.033525796656
610pgmjn(3),|610pgmjn(3),|610pgmjn(3),|;19834.1,18472.2,18472.2,21196,0,0,0,0,541.033525796656
610pgmjn(3),|610pgmjn(3),|610pgmjn(3),|;19834.1,18472.2,18472.2,21196,0,0,0,0,546.033525796656
610pgmjn(3),|610pgmjn(3),|610pgmjn(3),|;19834.1,18472.2,18472.2,21196,0,0,0,0,551.033525796656
610pgmjn(3),|610pgmjn(3),|610pgmjn(3),|;19834.1,18472.2,18472.2,21196,0,0,0,0,556.033525796656
610pgmjn(3),|610pgmjn(3),|610pgmjn(3),|;19834.1,18472.2,18472.2,21196,0,0,0,0,561.033525796656
610pgmjn(3),|610pgmjn(3),|610pgmjn(3),|;19834.1,18472.2,18472.2,21196,0,0,0,0,566.033525796656
610pgmjn(3),|610pgmjn(3),|610pgmjn(3),|;19834.1,18472.2,18472.2,21196,0,0,0,0,571.033525796656
610pgmjn(3),|610pgmjn(3),|610pgmjn(3),|;19834.1,18472.2,18472.2,21196,0,0,0,0,576.033525796656
610pgmjn(3),|610pgmjn(3),|610pgmjn(3),|;19834.1,18472.2,18472.2,21196,0,0,0,0,581.033525796656
|||;21196,21196,21196,21196,0,0,0,0,586.033525796656
|||;21196,21196,21196,21196,0,0,0,0,591.033525796656
|||;21196,21196,21196,21196,0,0,0,0,596.033525796656
|||;21196,21196,21196,21196,0,0,0,0,601.033525796656
|||;21196,21196,21196,21196,0,0,0,0,606.033525796656
|||;21196,21196,21196,21196,0,0,0,0,611.033525796656
|||;21196,21196,21196,21196,0,0,0,0,616.033525796656
455sugdf(2),|455sugdf(2),|455sugdf(2),|;19613.9,19613.9,19086.6,21196,7.689638587001,7.689638587001,11.230731308313,0,621.033525796656
455sugdf(2),|455sugdf(2),|455sugdf(2),|;19613.9,19613.9,19086.6,21196,2.689638587001,2.689638587001,6.230731308313,0,626.033525796656
455sugdf(3),|455sugdf(3),|455sugdf(2),|;19613.9,19613.9,19086.6,21196,0,0,1.230731308313,0,631.033525796656
455sugdf(3),|455sugdf(3),|455sugdf(3),|;19613.9,19613.9,19086.6,21196,0,0,0,0,636.033525796656
455sugdf(3),|455sugdf(3),|455sugdf(3),|;19613.9,19613.9,19086.6,21196,0,0,0,0,641.033525796656
455sugdf(3),|455sugdf(3),|455sugdf(3),|;19613.9,19613.9,19086.6,21196,0,0,0,0,646.033525796656
455sugdf(3),|455sugdf(3),|455sugdf(3),|;19613.9,19613.9,19086.6,21196,0,0,0,0,651.033525796656
455sugdf(3),|455sugdf(3),|455sugdf(3),|;19613.9,19613.9,19086.6,21196,0,0,0,0,656.033525796656
455sugdf(3),|455sugdf(3),|455sugdf(3),|;19613.9,19613.9,19086.6,21196,0,0,0,0,661.033525796656
455sugdf(3),|455sugdf(3),|455sugdf(3),|;19613.9,19613.9,19086.6,21196,0,0,0,0,666.033525796656
455sugdf(3),|455sugdf(3),|455sugdf(3),|;19613.9,19613.9,19086.6,21196,0,0,0,0,671.033525796656
455sugdf(3),|455sugdf(3),|455sugdf(3),|;19613.9,19613.9,19086.6,21196,0,0,0,0,676.033525796656
455sugdf(3),|455sugdf(3),|455sugdf(3),|;19613.9,19613.9,19086.6,21196,0,0,0,0,681.033525796656
455sugdf(3),|455sugdf(3),|455sugdf(3),|;19613.9,19613.9,19086.6,21196,0,0,0,0,686.033525796656
455sugdf(3),|455sugdf(3),|455sugdf(3),|;19613.9,19613.9,19086.6,21196,0,0,0,0,691.033525796656
455sugdf(3),|455sugdf(3),|455sugdf(3),|;19613.9,19613.9,19086.6,21196,0,0,0,0,696.033525796656
455sugdf(3),|455sugdf(3),|455sugdf(3),|;19613.9,19613.9,19086.6,21196,0,0,0,0,701.033525796656
455sugdf(3),|455sugdf(3),|455sugdf(3),|;19613.9,19613.9,19086.6,21196,0,0,0,0,706.033525796656
455sugdf(3),|455sugdf(3),|455sugdf(3),|;19613.9,19613.9,19086.6,21196,0,0,0,0,711.033525796656
455sugdf(3),|455sugdf(3),|455sugdf(3),|;19613.9,19613.9,19086.6,21196,0,0,0,0,716.033525796656
455sugdf(3),|455sugdf(3),|455sugdf(3),|;19613.9,19613.9,19086.6,21196,0,0,0,0,721.033525796656
455sugdf(3),|455sugdf(3),|455sugdf(3),|;19613.9,19613.9,19086.6,21196,0,0,0,0,726.033525796656
455sugdf(3),|455sugdf(3),|455sugdf(3),|;19613.9,19613.9,19086.6,21196,0,0,0,0,731.033525796656
455sugdf(3),|455sugdf(3),|455sugdf(3),|;19613.9,19613.9,19086.6,21196,0,0,0,0,736.033525796656
455sugdf(3),|455sugdf(3),|455sugdf(3),|;19613.9,19613.9,19086.6,21196,0,0,0,0,741.033525796656
455sugdf(3),|455sugdf(3),|455sugdf(3),|;19613.9,19613.9,19086.6,21196,0,0,0,0,746.033525796656
455sugdf(3),|455sugdf(3),|455sugdf(3),|;19613.9,19613.9,19086.6,21196,0,0,0,0,751.033525796656
455sugdf(3),|455sugdf(3),|455sugdf(3),|;19613.9,19613.9,19086.6,21196,0,0,0,0,756.033525796656
455sugdf(3),|455sugdf(3),|455sugdf(3),|;19613.9,19613.9,19086.6,21196,0,0,0,0,761.033525796656
455sugdf(3),|455sugdf(3),|455sugdf(3),|;19613.9,19613.9,19086.6,21196,0,0,0,0,766.033525796656
455sugdf(3),|455sugdf(3),|455sugdf(3),|;19613.9,19613.9,19086.6,21196,0,0,0,0,771.033525796656
455sugdf(3),|455sugdf(3),|455sugdf(3),|;19613.9,19613.9,19086.6,21196,0,0,0,0,776.033525796656
455sugdf(3),|455sugdf(3),|455sugdf(3),|;19613.9,19613.9,19086.6,21196,0,0,0,0,781.033525796656
455sugdf(3),|455sugdf(3),|455sugdf(3),|;19613.9,19613.9,19086.6,21196,0,0,0,0,786.033525796656
455sugdf(3),|455sugdf(3),|455sugdf(3),|;19613.9,19613.9,19086.6,21196,0,0,0,0,791.033525796656
455sugdf(3),|455sugdf(3),|455sugdf(3),|;19613.9,19613.9,19086.6,21196,0,0,0,0,796.033525796656
455sugdf(3),|455sugdf(3),|455sugdf(3),|;19613.9,19613.9,19086.6,21196,0,0,0,0,801.033525796656
455sugdf(3),|455sugdf(3),|455sugdf(3),|;19613.9,19613.9,19086.6,21196,0,0,0,0,806.033525796656
455sugdf(3),|455sugdf(3),|455sugdf(3),|;19613.9,19613.9,19086.6,21196,0,0,0,0,811.033525796656
455sugdf(3),|455sugdf(3),|455sugdf(3),|;19613.9,19613.9,19086.6,21196,0,0,0,0,816.033525796656
455sugdf(3),|455sugdf(3),|455sugdf(3),|;19613.9,19613.9,19086.6,21196,0,0,0,0,821.033525796656
455sugdf(3),|455sugdf(3),|455sugdf(3),|;19613.9,19613.9,19086.6,21196,0,0,0,0,826.033525796656
455sugdf(3),|455sugdf(3),|455sugdf(3),|;19613.9,19613.9,19086.6,21196,0,0,0,0,831.033525796656
455sugdf(3),|455sugdf(3),|455sugdf(3),|;19613.9,19613.9,19086.6,21196,0,0,0,0,836.033525796656
455sugdf(3),|455sugdf(3),|455sugdf(3),|62xfuin(0),;19613.9,19613.9,19086.6,15082.7,0,0,0,44.678545936074,841.033525796656
455sugdf(3),|455sugdf(3),|455sugdf(3),|62xfuin(2),;19613.9,19613.9,19086.6,15082.7,0,0,0,39.678545936074,846.033525796656
455sugdf(3),|455sugdf(3),|455sugdf(3),|62xfuin(2),;19613.9,19613.9,19086.6,15082.7,0,0,0,34.678545936074,851.033525796656
455sugdf(3),|455sugdf(3),|455sugdf(3),|62xfuin(2),;19613.9,19613.9,19086.6,15082.7,0,0,0,29.678545936074,856.033525796656
455sugdf(3),|455sugdf(3),|455sugdf(3),|62xfuin(2),;19613.9,19613.9,19086.6,15082.7,0,0,0,24.678545936074,861.033525796656
455sugdf(3),|455sugdf(3),|455sugdf(3),|62xfuin(2),;19613.9,19613.9,19086.6,15082.7,0,0,0,19.678545936074,866.033525796656
455sugdf(3),|455sugdf(3),|455sugdf(3),|62xfuin(2),;19613.9,19613.9,19086.6,15082.7,0,0,0,14.678545936074,871.033525796656
455sugdf(3),|455sugdf(3),|455sugdf(3),|62xfuin(2),;19613.9,19613.9,19086.6,15082.7,0,0,0,9.678545936074,876.033525796656
|||62xfuin(2),;21196,21196,21196,15082.7,0,0,0,4.678545936074,881.033525796656
|||62xfuin(3),;21196,21196,21196,15082.7,0,0,0,0,886.033525796656
|||62xfuin(3),;21196,21196,21196,15082.7,0,0,0,0,891.033525796656
|||62xfuin(3),;21196,21196,21196,15082.7,0,0,0,0,896.033525796656
|||62xfuin(3),;21196,21196,21196,15082.7,0,0,0,0,901.033525796656
|||62xfuin(3),;21196,21196,21196,15082.7,0,0,0,0,906.033525796656
|||62xfuin(3),;21196,21196,21196,15082.7,0,0,0,0,911.033525796656
|||62xfuin(3),;21196,21196,21196,15082.7,0,0,0,0,916.033525796656
|||62xfuin(3),;21196,21196,21196,15082.7,0,0,0,0,921.033525796656
|||62xfuin(3),;21196,21196,21196,15082.7,0,0,0,0,926.033525796656
|||62xfuin(3),;21196,21196,21196,15082.7,0,0,0,0,931.033525796656
|||62xfuin(3),;21196,21196,21196,15082.7,0,0,0,0,936.033525796656
|||62xfuin(3),;21196,21196,21196,15082.7,0,0,0,0,941.033525796656
|||62xfuin(3),;21196,21196,21196,15082.7,0,0,0,0,946.033525796656
|||62xfuin(3),;21196,21196,21196,15082.7,0,0,0,0,951.033525796656
|||62xfuin(3),;21196,21196,21196,15082.7,0,0,0,0,956.033525796656
|||62xfuin(3),;21196,21196,21196,15082.7,0,0,0,0,961.033525796656
|||62xfuin(3),;21196,21196,21196,15082.7,0,0,0,0,966.033525796656
|||62xfuin(3),;21196,21196,21196,15082.7,0,0,0,0,971.033525796656
|||62xfuin(3),;21196,21196,21196,15082.7,0,0,0,0,976.033525796656
|||62xfuin(3),;21196,21196,21196,15082.7,0,0,0,0,981.033525796656
|||62xfuin(3),;21196,21196,21196,15082.7,0,0,0,0,986.033525796656
|||62xfuin(3),;21196,21196,21196,15082.7,0,0,0,0,991.033525796656
|||62xfuin(3),;21196,21196,21196,15082.7,0,0,0,0,996.033525796656
|||62xfuin(3),;21196,21196,21196,15082.7,0,0,0,0,1001.033525796656
|||62xfuin(3),;21196,21196,21196,15082.7,0,0,0,0,1006.033525796656
|||62xfuin(3),;21196,21196,21196,15082.7,0,0,0,0,1011.033525796656
|||62xfuin(3),;21196,21196,21196,15082.7,0,0,0,0,1016.033525796656
|||62xfuin(3),;21196,21196,21196,15082.7,0,0,0,0,1021.033525796656
|||62xfuin(3),;21196,21196,21196,15082.7,0,0,0,0,1026.033525796656
|||62xfuin(3),;21196,21196,21196,15082.7,0,0,0,0,1031.033525796656
|||62xfuin(3),;21196,21196,21196,15082.7,0,0,0,0,1036.033525796656
|||62xfuin(3),;21196,21196,21196,15082.7,0,0,0,0,1041.033525796656
|||62xfuin(3),;21196,21196,21196,15082.7,0,0,0,0,1046.033525796656
|||62xfuin(3),;21196,21196,21196,15082.7,0,0,0,0,1051.033525796656
|||62xfuin(3),;21196,21196,21196,15082.7,0,0,0,0,1056.033525796656
|||62xfuin(3),;21196,21196,21196,15082.7,0,0,0,0,1061.033525796656
|||62xfuin(3),;21196,21196,21196,15082.7,0,0,0,0,1066.033525796656
|||62xfuin(3),;21196,21196,21196,15082.7,0,0,0,0,1071.033525796656
|||62xfuin(3),;21196,21196,21196,15082.7,0,0,0,0,1076.033525796656
|||62xfuin(3),;21196,21196,21196,15082.7,0,0,0,0,1081.033525796656
|||62xfuin(3),;21196,21196,21196,15082.7,0,0,0,0,1086.033525796656
|||62xfuin(3),;21196,21196,21196,15082.7,0,0,0,0,1091.033525796656
|||62xfuin(3),;21196,21196,21196,15082.7,0,0,0,0,1096.033525796656
|||62xfuin(3),;21196,21196,21196,15082.7,0,0,0,0,1101.033525796656
|||62xfuin(3),;21196,21196,21196,15082.7,0,0,0,0,1106.033525796656
|||62xfuin(3),;21196,21196,21196,15082.7,0,0,0,0,1111.033525796656
|||62xfuin(3),;21196,21196,21196,15082.7,0,0,0,0,1116.033525796656
|||62xfuin(3),;21196,21196,21196,15082.7,0,0,0,0,1121.033525796656
|||62xfuin(3),;21196,21196,21196,15082.7,0,0,0,0,1126.033525796656
|||62xfuin(3),;21196,21196,21196,15082.7,0,0,0,0,1131.033525796656
|||62xfuin(3),;21196,21196,21196,15082.7,0,0,0,0,1136.033525796656
|||62xfuin(3),;21196,21196,21196,15082.7,0,0,0,0,1141.033525796656
465uvozy(2),||465uvozy(2),|62xfuin(3),;17637.6,21196,17637.6,15082.7,22.823551739946,0,22.823551739946,0,1146.033525796656
465uvozy(2),||465uvozy(2),|62xfuin(3),;17637.6,21196,17637.6,15082.7,17.823551739946,0,17.823551739946,0,1151.033525796656
465uvozy(2),||465uvozy(2),|62xfuin(3),;17637.6,21196,17637.6,15082.7,12.823551739946,0,12.823551739946,0,1156.033525796656
465uvozy(2),||465uvozy(2),|62xfuin(3),;17637.6,21196,17637.6,15082.7,7.823551739946,0,7.823551739946,0,1161.033525796656
465uvozy(2),||465uvozy(2),|62xfuin(3),;17637.6,21196,17637.6,15082.7,2.823551739946,0,2.823551739946,0,1166.033525796656
465uvozy(3),||465uvozy(3),|62xfuin(3),;17637.6,21196,17637.6,15082.7,0,0,0,0,1171.033525796656
465uvozy(3),||465uvozy(3),|62xfuin(3),;17637.6,21196,17637.6,15082.7,0,0,0,0,1176.033525796656
465uvozy(3),||465uvozy(3),|62xfuin(3),;17637.6,21196,17637.6,15082.7,0,0,0,0,1181.033525796656
465uvozy(3),||465uvozy(3),|62xfuin(3),;17637.6,21196,17637.6,15082.7,0,0,0,0,1186.033525796656
465uvozy(3),||465uvozy(3),|62xfuin(3),;17637.6,21196,17637.6,15082.7,0,0,0,0,1191.033525796656
465uvozy(3),||465uvozy(3),|62xfuin(3),;17637.6,21196,17637.6,15082.7,0,0,0,0,1196.033525796656
465uvozy(3),||465uvozy(3),|62xfuin(3),;17637.6,21196,17637.6,15082.7,0,0,0,0,1201.033525796656
465uvozy(3),||465uvozy(3),|62xfuin(3),;17637.6,21196,17637.6,15082.7,0,0,0,0,1206.033525796656
465uvozy(3),||465uvozy(3),|62xfuin(3),;17637.6,21196,17637.6,15082.7,0,0,0,0,1211.033525796656
465uvozy(3),||465uvozy(3),|62xfuin(3),;17637.6,21196,17637.6,15082.7,0,0,0,0,1216.033525796656
465uvozy(3),||465uvozy(3),|62xfuin(3),;17637.6,21196,17637.6,15082.7,0,0,0,0,1221.033525796656
465uvozy(3),||465uvozy(3),|62xfuin(3),;17637.6,21196,17637.6,15082.7,0,0,0,0,1226.033525796656
465uvozy(3),||465uvozy(3),|62xfuin(3),;17637.6,21196,17637.6,15082.7,0,0,0,0,1231.033525796656
465uvozy(3),||465uvozy(3),|62xfuin(3),;17637.6,21196,17637.6,15082.7,0,0,0,0,1236.033525796656
465uvozy(3),||465uvozy(3),|62xfuin(3),;17637.6,21196,17637.6,15082.7,0,0,0,0,1241.033525796656
465uvozy(3),||465uvozy(3),|62xfuin(3),;17637.6,21196,17637.6,15082.7,0,0,0,0,1246.033525796656
465uvozy(3),||465uvozy(3),|62xfuin(3),;17637.6,21196,17637.6,15082.7,0,0,0,0,1251.033525796656
465uvozy(3),||465uvozy(3),|62xfuin(3),;17637.6,21196,17637.6,15082.7,0,0,0,0,1256.033525796656
465uvozy(3),||465uvozy(3),|62xfuin(3),;17637.6,21196,17637.6,15082.7,0,0,0,0,1261.033525796656
465uvozy(3),||465uvozy(3),|;17637.6,21196,17637.6,21196,0,0,0,0,1266.033525796656
465uvozy(3),||465uvozy(3),|;17637.6,21196,17637.6,21196,0,0,0,0,1271.033525796656
465uvozy(3),||465uvozy(3),|;17637.6,21196,17637.6,21196,0,0,0,0,1276.033525796656
465uvozy(3),||465uvozy(3),|;17637.6,21196,17637.6,21196,0,0,0,0,1281.033525796656
465uvozy(3),||465uvozy(3),|;17637.6,21196,17637.6,21196,0,0,0,0,1286.033525796656
465uvozy(3),||465uvozy(3),|;17637.6,21196,17637.6,21196,0,0,0,0,1291.033525796656
465uvozy(3),||465uvozy(3),|;17637.6,21196,17637.6,21196,0,0,0,0,1296.033525796656
465uvozy(3),||465uvozy(3),|;17637.6,21196,17637.6,21196,0,0,0,0,1301.033525796656
465uvozy(3),||465uvozy(3),|;17637.6,21196,17637.6,21196,0,0,0,0,1306.033525796656
465uvozy(3),||465uvozy(3),|;17637.6,21196,17637.6,21196,0,0,0,0,1311.033525796656
465uvozy(3),||465uvozy(3),|;17637.6,21196,17637.6,21196,0,0,0,0,1316.033525796656
465uvozy(3),||465uvozy(3),|;17637.6,21196,17637.6,21196,0,0,0,0,1321.033525796656
465uvozy(3),||465uvozy(3),|;17637.6,21196,17637.6,21196,0,0,0,0,1326.033525796656
465uvozy(3),||465uvozy(3),|;17637.6,21196,17637.6,21196,0,0,0,0,1331.033525796656
465uvozy(3),||465uvozy(3),|;17637.6,21196,17637.6,21196,0,0,0,0,1336.033525796656
465uvozy(3),||465uvozy(3),|;17637.6,21196,17637.6,21196,0,0,0,0,1341.033525796656
465uvozy(3),||465uvozy(3),|;17637.6,21196,17637.6,21196,0,0,0,0,1346.033525796656
465uvozy(3),||465uvozy(3),|;17637.6,21196,17637.6,21196,0,0,0,0,1351.033525796656
465uvozy(3),||465uvozy(3),|;17637.6,21196,17637.6,21196,0,0,0,0,1356.033525796656
465uvozy(3),||465uvozy(3),|;17637.6,21196,17637.6,21196,0,0,0,0,1361.033525796656
465uvozy(3),||465uvozy(3),|;17637.6,21196,17637.6,21196,0,0,0,0,1366.033525796656
465uvozy(3),||465uvozy(3),|;17637.6,21196,17637.6,21196,0,0,0,0,1371.033525796656
465uvozy(3),||465uvozy(3),|;17637.6,21196,17637.6,21196,0,0,0,0,1376.033525796656
465uvozy(3),||465uvozy(3),|;17637.6,21196,17637.6,21196,0,0,0,0,1381.033525796656
465uvozy(3),||465uvozy(3),|;17637.6,21196,17637.6,21196,0,0,0,0,1386.033525796656
465uvozy(3),||465uvozy(3),|;17637.6,21196,17637.6,21196,0,0,0,0,1391.033525796656
465uvozy(3),||465uvozy(3),|;17637.6,21196,17637.6,21196,0,0,0,0,1396.033525796656
465uvozy(3),||465uvozy(3),|;17637.6,21196,17637.6,21196,0,0,0,0,1401.033525796656
465uvozy(3),||465uvozy(3),|;17637.6,21196,17637.6,21196,0,0,0,0,1406.033525796656
465uvozy(3),||465uvozy(3),|;17637.6,21196,17637.6,21196,0,0,0,0,1411.033525796656
465uvozy(3),||465uvozy(3),|;17637.6,21196,17637.6,21196,0,0,0,0,1416.033525796656
465uvozy(3),||465uvozy(3),|;17637.6,21196,17637.6,21196,0,0,0,0,1421.033525796656
465uvozy(3),||465uvozy(3),|;17637.6,21196,17637.6,21196,0,0,0,0,1426.033525796656
465uvozy(3),||465uvozy(3),|;17637.6,21196,17637.6,21196,0,0,0,0,1431.033525796656
465uvozy(3),||465uvozy(3),|;17637.6,21196,17637.6,21196,0,0,0,0,1436.033525796656
465uvozy(3),||465uvozy(3),|;17637.6,21196,17637.6,21196,0,0,0,0,1441.033525796656
465uvozy(3),||465uvozy(3),|;17637.6,21196,17637.6,21196,0,0,0,0,1446.033525796656
465uvozy(3),||465uvozy(3),|;17637.6,21196,17637.6,21196,0,0,0,0,1451.033525796656
465uvozy(3),||465uvozy(3),|;17637.6,21196,17637.6,21196,0,0,0,0,1456.033525796656
465uvozy(3),||465uvozy(3),|;17637.6,21196,17637.6,21196,0,0,0,0,1461.033525796656
465uvozy(3),||465uvozy(3),|;17637.6,21196,17637.6,21196,0,0,0,0,1466.033525796656
465uvozy(3),||465uvozy(3),|;17637.6,21196,17637.6,21196,0,0,0,0,1471.033525796656
465uvozy(3),||465uvozy(3),|;17637.6,21196,17637.6,21196,0,0,0,0,1476.033525796656
465uvozy(3),||465uvozy(3),|;17637.6,21196,17637.6,21196,0,0,0,0,1481.033525796656
465uvozy(3),||465uvozy(3),|;17637.6,21196,17637.6,21196,0,0,0,0,1486.033525796656
465uvozy(3),||465uvozy(3),|;17637.6,21196,17637.6,21196,0,0,0,0,1491.033525796656
465uvozy(3),||465uvozy(3),|;17637.6,21196,17637.6,21196,0,0,0,0,1496.033525796656
465uvozy(3),||465uvozy(3),|;17637.6,21196,17637.6,21196,0,0,0,0,1501.033525796656
465uvozy(3),||465uvozy(3),|;17637.6,21196,17637.6,21196,0,0,0,0,1506.033525796656
465uvozy(3),||465uvozy(3),|;17637.6,21196,17637.6,21196,0,0,0,0,1511.033525796656
465uvozy(3),||465uvozy(3),|;17637.6,21196,17637.6,21196,0,0,0,0,1516.033525796656
465uvozy(3),||465uvozy(3),|;17637.6,21196,17637.6,21196,0,0,0,0,1521.033525796656
465uvozy(3),||465uvozy(3),|;17637.6,21196,17637.6,21196,0,0,0,0,1526.033525796656
465uvozy(3),||465uvozy(3),|;17637.6,21196,17637.6,21196,0,0,0,0,1531.033525796656
465uvozy(3),||465uvozy(3),|;17637.6,21196,17637.6,21196,0,0,0,0,1536.033525796656
465uvozy(3),||465uvozy(3),|;17637.6,21196,17637.6,21196,0,0,0,0,1541.033525796656
465uvozy(3),||465uvozy(3),|;17637.6,21196,17637.6,21196,0,0,0,0,1546.033525796656
465uvozy(3),||465uvozy(3),|;17637.6,21196,17637.6,21196,0,0,0,0,1551.033525796656
465uvozy(3),||465uvozy(3),|;17637.6,21196,17637.6,21196,0,0,0,0,1556.033525796656
465uvozy(3),||465uvozy(3),|;17637.6,21196,17637.6,21196,0,0,0,0,1561.033525796656
465uvozy(3),||465uvozy(3),|;17637.6,21196,17637.6,21196,0,0,0,0,1566.033525796656
465uvozy(3),||465uvozy(3),|;17637.6,21196,17637.6,21196,0,0,0,0,1571.033525796656
|||;21196,21196,21196,21196,0,0,0,0,1576.033525796656
|||;21196,21196,21196,21196,0,0,0,0,1581.033525796656
|||;21196,21196,21196,21196,0,0,0,0,1586.033525796656
|||;21196,21196,21196,21196,0,0,0,0,1591.033525796656
|||;21196,21196,21196,21196,0,0,0,0,1596.033525796656
|||;21196,21196,21196,21196,0,0,0,0,1601.033525796656
|||;21196,21196,21196,21196,0,0,0,0,1606.033525796656
|||;21196,21196,21196,21196,0,0,0,0,1611.033525796656
|||;21196,21196,21196,21196,0,0,0,0,1616.033525796656
|||;21196,21196,21196,21196,0,0,0,0,1621.033525796656
|||;21196,21196,21196,21196,0,0,0,0,1626.033525796656
|||;21196,21196,21196,21196,0,0,0,0,1631.033525796656
|||;21196,21196,21196,21196,0,0,0,0,1636.033525796656
|||;21196,21196,21196,21196,0,0,0,0,1641.033525796656
|||;21196,21196,21196,21196,0,0,0,0,1646.033525796656
|||;21196,21196,21196,21196,0,0,0,0,1651.033525796656
|||;21196,21196,21196,21196,0,0,0,0,1656.033525796656
|||;21196,21196,21196,21196,0,0,0,0,1661.033525796656
|||;21196,21196,21196,21196,0,0,0,0,1666.033525796656
|||;21196,21196,21196,21196,0,0,0,0,1671.033525796656
|||;21196,21196,21196,21196,0,0,0,0,1676.033525796656
|||;21196,21196,21196,21196,0,0,0,0,1681.033525796656
|||;21196,21196,21196,21196,0,0,0,0,1686.033525796656
|||;21196,21196,21196,21196,0,0,0,0,1691.033525796656
|||;21196,21196,21196,21196,0,0,0,0,1696.033525796656
|||;21196,21196,21196,21196,0,0,0,0,1701.033525796656
|||;21196,21196,21196,21196,0,0,0,0,1706.033525796656
|||;21196,21196,21196,21196,0,0,0,0,1711.033525796656
|||;21196,21196,21196,21196,0,0,0,0,1716.033525796656
|||;21196,21196,21196,21196,0,0,0,0,1721.033525796656
|||;21196,21196,21196,21196,0,0,0,0,1726.033525796656
|||;21196,21196,21196,21196,0,0,0,0,1731.033525796656
|||;21196,21196,21196,21196,0,0,0,0,1736.033525796656
|||;21196,21196,21196,21196,0,0,0,0,1741.033525796656
|||;21196,21196,21196,21196,0,0,0,0,1746.033525796656
|||;21196,21196,21196,21196,0,0,0,0,1751.033525796656
|||;21196,21196,21196,21196,0,0,0,0,1756.033525796656
|||;21196,21196,21196,21196,0,0,0,0,1761.033525796656
|||;21196,21196,21196,21196,0,0,0,0,1766.033525796656
|||;21196,21196,21196,21196,0,0,0,0,1771.033525796656
|||;21196,21196,21196,21196,0,0,0,0,1776.033525796656
|||;21196,21196,21196,21196,0,0,0,0,1781.033525796656
|||;21196,21196,21196,21196,0,0,0,0,1786.033525796656
|||;21196,21196,21196,21196,0,0,0,0,1791.033525796656
|||;21196,21196,21196,21196,0,0,0,0,1796.033525796656
|||;21196,21196,21196,21196,0,0,0,0,1801.033525796656
|||;21196,21196,21196,21196,0,0,0,0,1806.033525796656
|||;21196,21196,21196,21196,0,0,0,0,1811.033525796656
|||;21196,21196,21196,21196,0,0,0,0,1816.033525796656
|||;21196,21196,21196,21196,0,0,0,0,1821.033525796656
|||;21196,21196,21196,21196,0,0,0,0,1826.033525796656
|||;21196,21196,21196,21196,0,0,0,0,1831.033525796656
|||;21196,21196,21196,21196,0,0,0,0,1836.033525796656
|||;21196,21196,21196,21196,0,0,0,0,1841.033525796656
|||;21196,21196,21196,21196,0,0,0,0,1846.033525796656
|||;21196,21196,21196,21196,0,0,0,0,1851.033525796656
|||;21196,21196,21196,21196,0,0,0,0,1856.033525796656
|||;21196,21196,21196,21196,0,0,0,0,1861.033525796656
|||;21196,21196,21196,21196,0,0,0,0,1866.033525796656
|||;21196,21196,21196,21196,0,0,0,0,1871.033525796656
|||;21196,21196,21196,21196,0,0,0,0,1876.033525796656
|||;21196,21196,21196,21196,0,0,0,0,1881.033525796656
|||;21196,21196,21196,21196,0,0,0,0,1886.033525796656
|||;21196,21196,21196,21196,0,0,0,0,1891.033525796656
|||;21196,21196,21196,21196,0,0,0,0,1896.033525796656
|||;21196,21196,21196,21196,0,0,0,0,1901.033525796656
|||;21196,21196,21196,21196,0,0,0,0,1906.033525796656
|||;21196,21196,21196,21196,0,0,0,0,1911.033525796656
|||;21196,21196,21196,21196,0,0,0,0,1916.033525796656
|||;21196,21196,21196,21196,0,0,0,0,1921.033525796656
|||;21196,21196,21196,21196,0,0,0,0,1926.033525796656
||106qtjha(2),|;21196,21196,20361.4,21196,0,0,4.313046198554,0,1931.033525796656
||106qtjha(3),|;21196,21196,20361.4,21196,0,0,0,0,1936.033525796656
||106qtjha(3),|;21196,21196,20361.4,21196,0,0,0,0,1941.033525796656
||106qtjha(3),|;21196,21196,20361.4,21196,0,0,0,0,1946.033525796656
||106qtjha(3),|;21196,21196,20361.4,21196,0,0,0,0,1951.033525796656
||106qtjha(3),|;21196,21196,20361.4,21196,0,0,0,0,1956.033525796656
||106qtjha(3),|;21196,21196,20361.4,21196,0,0,0,0,1961.033525796656
||106qtjha(3),|;21196,21196,20361.4,21196,0,0,0,0,1966.033525796656
||106qtjha(3),|;21196,21196,20361.4,21196,0,0,0,0,1971.033525796656
||106qtjha(3),|;21196,21196,20361.4,21196,0,0,0,0,1976.033525796656
||106qtjha(3),|;21196,21196,20361.4,21196,0,0,0,0,1981.033525796656
||106qtjha(3),|;21196,21196,20361.4,21196,0,0,0,0,1986.033525796656
||106qtjha(3),|;21196,21196,20361.4,21196,0,0,0,0,1991.033525796656
||106qtjha(3),|;21196,21196,20361.4,21196,0,0,0,0,1996.033525796656
