412vdjqc,0.4,(1500,4500,3),166.675275720497,-570
796ogdws,0.1,(1500,4500,3),219.875333956522,-137
318khxej,0.3,(1500,4500,3),238.126578850932,-570
287ezxyd,0.4,(1500,4500,3),287.120616863354,-569
534zhdey,0.2,(1500,4500,3),305.028455291925,-569
647kojnr,0.3,(1500,4500,3),408.127046414025,570
75oysak,0.3,(1500,4500,3),513.12605131402,-569
212dawnh,0.2,(1500,4500,3),535.305910193783,569
126iglyh,0.5,(1500,4500,3),603.146043782609,-570
84bnrsg,0.3,(1500,4500,3),610.456432496637,-569
23oupbj,0.4,(1500,4500,3),632.128631832298,-570
70vxize,0.2,(1500,4500,3),657.803209590062,569
70ndwvy,0.4,(1500,4500,3),658.514571987578,569
15ztagv,0.3,(1500,4500,3),865.142385835066,-569
978nhcsd,0.3,(1500,4500,3),1055.054702149068,-569
