235vtcfw,0.2,(1500,4500,3),33.94391457225,-569
318khxej,0.1,(1500,4500,3),237.757903950311,-570
287ezxyd,0.2,(1500,4500,3),278.419229931677,-569
534zhdey,0.3,(1500,4500,3),308.936044937888,-569
412audkf,0.4,(1500,4500,3),345.708681074534,-569
647kojnr,0.1,(1500,4500,3),408.978874091044,570
23oupbj,0.1,(1500,4500,3),446.826129708075,-571
75oysak,0.1,(1500,4500,3),504.320618071784,-569
84bnrsg,0.2,(1500,4500,3),607.694965266823,-569
212dawnh,0.4,(1500,4500,3),617.985154119249,570
70vxize,0.3,(1500,4500,3),656.935197385093,569
15ztagv,0.1,(1500,4500,3),858.316872493451,-569
978nhcsd,0.2,(1500,4500,3),1051.850172099379,-569
501fewpa,0.4,(1500,4500,3),1168.926571031056,56
