235vtcfw,0.2,(1500,4500,3),33.94391457225,-569
412vdjqc,0.3,(1500,4500,3),168.923995540373,-570
796ogdws,0.1,(1500,4500,3),219.875506956522,-137
318khxej,0.1,(1500,4500,3),237.758223950311,-570
287ezxyd,0.2,(1500,4500,3),278.419549931677,-569
534zhdey,0.3,(1500,4500,3),308.936364937888,-569
412audkf,0.3,(1500,4500,3),340.837222055901,-569
647kojnr,0.2,(1500,4500,3),409.052960252534,570
126iglyh,0.1,(1500,4500,3),413.098418956522,-571
75oysak,0.3,(1500,4500,3),513.12605131402,-569
212dawnh,0.2,(1500,4500,3),535.305910193783,569
84bnrsg,0.3,(1500,4500,3),610.456432496637,-569
70vxize,0.2,(1500,4500,3),657.803369590062,569
15ztagv,0.2,(1500,4500,3),861.729629164259,-569
978nhcsd,0.4,(1500,4500,3),1058.259219198758,-569
