978xourk,0.2,(1500,5500,3),30.993534401962,265
779nsxcy,0.1,(1500,5500,3),65.387122786046,-137
691ylbzr,0.2,(1500,5500,3),88.518373071577,-262
956tgbqu,0.4,(1500,5500,3),132.060252708861,-265
776lfoay,0.3,(1500,5500,3),147.299441561587,265
691cnzlu,0.2,(1500,5500,3),167.956319594937,264
287ahcio,0.5,(1500,5500,3),167.975626533807,-137
333xkoue,0.3,(1500,5500,3),178.292296746835,-442
796ogdws,0.2,(1500,5500,3),224.039531098147,-137
672chsna,0.2,(1500,5500,3),440.418119860759,404
783tycxf,0.3,(1500,5500,3),568.811146822785,-478
67qxcgs,0.3,(1500,5500,3),1716.623354822785,-59
