247opysa,0.1,(2500,6500,3),142.489262862069,-456
959fbdtk,0.2,(2500,6500,3),187.623758862069,-368
478cospq,0.3,(2500,6500,3),321.243047919745,-604
662iuwap,0.5,(2500,6500,3),323.407655413793,62
662okvtj,0.2,(2500,6500,3),323.869391137931,62
478wypcv,0.1,(2500,6500,3),326.056155287286,-604
639ipjcz,0.8,(2500,6500,3),354.020688586207,-604
670qgyjv,0.1,(2500,6500,3),421.937230448276,-61
394zxlna,0.4,(2500,6500,3),443.725616275862,-63
91lefbk,0.1,(2500,6500,3),552.806948197511,-368
72vxwfe,0.5,(2500,6500,3),652.178583548336,63
214fahrb,0.2,(2500,6500,3),704.77053856283,-61
101mjxar,0.1,(2500,6500,3),772.996200965517,-60
47iqsan,0.1,(2500,6500,3),788.638174896552,-605
