247opysa,0.1,(2500,6500,3),142.488929862069,-456
959fbdtk,0.7,(2500,6500,3),186.888781517241,-368
478cospq,0.3,(2500,6500,3),321.243047919745,-604
662iuwap,0.5,(2500,6500,3),321.407482413793,62
662okvtj,0.2,(2500,6500,3),323.869019137931,62
478wypcv,0.4,(2500,6500,3),387.072960804527,-603
670qgyjv,0.1,(2500,6500,3),423.936910448276,-61
394zxlna,0.6,(2500,6500,3),442.682364413793,-63
91lefbk,0.1,(2500,6500,3),551.806948197511,-368
691cnzlu,0.3,(2500,6500,3),583.713605275862,61
72vxwfe,0.5,(2500,6500,3),652.178583548336,63
47iqsan,0.1,(2500,6500,3),788.637854896552,-605
211cpgxr,1,(2500,6500,3),853.879903931034,-337
