670dqnve,0.6,(2500,5500,3),43.522787312361,-409
280azofp,0.2,(2500,5500,3),152.213577100702,-303
267ozjxt,0.4,(2500,5500,3),181.803759956522,-302
267duowg,0.2,(2500,5500,3),188.954682116504,-302
649pbjge,0.3,(2500,5500,3),201.77612954768,-303
665cilgs,0.1,(2500,5500,3),246.77181758694,53
103eowfb,0.3,(2500,5500,3),300.673008343333,281
783qoybe,0.2,(2500,5500,3),348.950254884058,302
101mjxar,0.1,(2500,5500,3),772.083308797101,-60
742peozs,0.2,(2500,5500,3),797.955671951783,402
313afuwv,0.2,(2500,5500,3),937.315452952883,-192
214ekpls,0.3,(2500,5500,3),1023.242040930988,-302
