805fmzia,0.2,(2500,4500,3),208.777713143021,-457
212txbfl,0.7,(2500,4500,3),278.388542341772,-54
665cilgs,0.4,(2500,4500,3),322.898532822785,54
235vtcfw,0.6,(2500,4500,3),362.591449594937,52
235dmqsk,0.2,(2500,4500,3),367.296369477151,52
779fmruo,0.5,(2500,4500,3),462.286173151899,54
313ejvna,0.2,(2500,4500,3),560.11317844886,-54
687dmzux,0.4,(2500,4500,3),576.069990797468,122
649igfjr,0.9,(2500,4500,3),631.153863443038,54
687vrdlg,0.4,(2500,4500,3),669.064281063291,-52
52sxpkh,0.2,(2500,4500,3),678.278951184368,54
54hlute,0.7,(2500,4500,3),681.649323355196,-52
54hqlgu,0.3,(2500,4500,3),682.864743576841,-52
2dxwzt,0.2,(2500,4500,3),711.713586192124,-52
318mqvfi,0.6,(2500,4500,3),758.593114392405,54
9gncmo,0.3,(2500,4500,3),832.04483900757,54
966vwuyx,0.7,(2500,4500,3),1002.295677,-52
12kovux,0.3,(2500,4500,3),1161.484829291139,-54
458incso,0.5,(2500,4500,3),1261.762107151899,-54
