940wzryg,0.5,(2500,4500,3),43.899512879688,-365
735mjuaf,0.2,(2500,4500,3),55.003827177851,367
805fmzia,0.2,(2500,4500,3),208.777713143021,-457
856mgkan,0.1,(2500,4500,3),220.72873678481,149
235dmqsk,0.2,(2500,4500,3),367.296369477151,52
54hlute,0.1,(2500,4500,3),410.935061481779,-367
60oswei,0.2,(2500,4500,3),440.14942235075,121
70ndwvy,0.2,(2500,4500,3),446.249600330516,-53
313ejvna,0.2,(2500,4500,3),560.11317844886,-54
52sxpkh,0.2,(2500,4500,3),678.278951184368,54
2dxwzt,0.3,(2500,4500,3),713.173352470605,-52
9gncmo,0.4,(2500,4500,3),832.018016526557,54
75dkifs,0.2,(2500,4500,3),836.436036397173,54
2rtzyj,0.3,(2500,4500,3),926.566832209406,54
215hviqm,0.2,(2500,4500,3),1147.099621493671,122
458incso,0.5,(2500,4500,3),1261.762280151899,-54
