735mjuaf,0.4,(2500,4500,3),58.463040950003,367
212txbfl,0.3,(2500,4500,3),168.584317860759,-55
805fmzia,0.4,(2500,4500,3),291.688489041755,-54
235dmqsk,0.3,(2500,4500,3),369.97753848981,52
54hlute,0.1,(2500,4500,3),410.935061481779,-367
60oswei,0.2,(2500,4500,3),440.14942235075,121
70ndwvy,0.2,(2500,4500,3),446.249600330516,-53
687vrdlg,0.1,(2500,4500,3),501.436860265823,-121
313ejvna,0.3,(2500,4500,3),563.45800315772,-54
2dxwzt,0.2,(2500,4500,3),711.713586192124,-52
52sxpkh,0.4,(2500,4500,3),721.871172348925,55
75dkifs,0.5,(2500,4500,3),838.709426574388,54
2rtzyj,0.3,(2500,4500,3),926.566832209406,54
241eqspk,0.3,(2500,4500,3),953.059946873418,122
501fewpa,0.2,(2500,4500,3),1071.514969687715,-53
215hviqm,0.2,(2500,4500,3),1147.099435493671,122
