901qrpzh,0.3,(2500,3500,3),39.703298342818,614
607vowua,0.3,(2500,3500,3),278.168101382979,-614
607mbyzo,0.3,(2500,3500,3),289.023420808511,-614
60oswei,0.1,(2500,3500,3),435.593730893617,121
228djgeh,1,(2500,3500,3),561.543249042553,65
966rwpod,0.3,(2500,3500,3),582.09077587234,-65
634pazqr,0.5,(2500,3500,3),652.827204893617,-67
731drwje,0.2,(2500,3500,3),673.407765850481,66
241eqspk,0.2,(2500,3500,3),772.025815510638,67
241umtpj,0.2,(2500,3500,3),779.089839470198,67
407bvyto,0.2,(2500,3500,3),965.680581659574,-438
218rdbfk,0.2,(2500,3500,3),1001.550131886021,-66
638rzujt,1,(2500,3500,3),1047.357831744681,65
204skome,1,(2500,3500,3),1168.675678361702,-515
126vzaks,0.2,(2500,3500,3),1310.813113680851,-67
854mzexl,0.3,(2500,3500,3),1448.69044523341,-65
268kownl,0.3,(2500,3500,3),1794.578135946353,-65
