940wzryg,0.5,(2500,4500,3),43.899512879688,-365
735mjuaf,0.1,(2500,4500,3),81.774220291775,-414
805fmzia,0.2,(2500,4500,3),208.777713143021,-457
731txfrm,0.8,(2500,4500,3),237.975991860759,-410
235dmqsk,0.3,(2500,4500,3),369.97753848981,52
649igfjr,0.1,(2500,4500,3),389.935659493671,-51
54hlute,0.1,(2500,4500,3),410.935061481779,-367
60oswei,0.3,(2500,4500,3),444.078264072269,121
779fmruo,0.5,(2500,4500,3),462.286346151899,54
313ejvna,0.3,(2500,4500,3),563.45800315772,-54
687vrdlg,0.5,(2500,4500,3),667.940177329114,-52
52sxpkh,0.2,(2500,4500,3),678.278951184368,54
54hqlgu,0.7,(2500,4500,3),683.562597146461,-52
2dxwzt,0.3,(2500,4500,3),713.173352470605,-52
246nseox,1,(2500,4500,3),817.812519708861,-54
9gncmo,0.3,(2500,4500,3),832.04483900757,54
75dkifs,0.3,(2500,4500,3),836.860499789578,54
2rtzyj,0.4,(2500,4500,3),926.911656918267,54
501fewpa,0.2,(2500,4500,3),1071.514969687715,-53
