172tsupx,0.1,(2500,3500,3),32.058704255319,-152
607vowua,0.4,(2500,3500,3),277.384555510638,-614
607mbyzo,0.3,(2500,3500,3),289.023260808511,-614
634pazqr,0.3,(2500,3500,3),581.55537993617,121
966rwpod,0.4,(2500,3500,3),582.927944829787,-65
731drwje,0.3,(2500,3500,3),676.508873595162,66
241eqspk,0.2,(2500,3500,3),772.025668510638,67
241umtpj,0.3,(2500,3500,3),782.369428236155,67
215hviqm,0.2,(2500,3500,3),830.472682492092,-66
407bvyto,0.2,(2500,3500,3),965.680421659574,-438
218rdbfk,0.3,(2500,3500,3),1002.878296651978,-66
126vzaks,0.2,(2500,3500,3),1310.812966680851,-67
854mzexl,0.3,(2500,3500,3),1448.69044523341,-65
268kownl,0.2,(2500,3500,3),1791.833990244225,-65
