901qrpzh,0.3,(2500,3500,3),39.703298342818,614
687dmzux,0.5,(2500,3500,3),173.471911106383,460
607mbyzo,0.1,(2500,3500,3),283.80320993617,-614
607vowua,0.1,(2500,3500,3),351.73520612766,-612
60oswei,0.1,(2500,3500,3),435.594089893617,121
634wlxjk,0.5,(2500,3500,3),653.963857659574,-67
731drwje,0.3,(2500,3500,3),676.508873595162,66
241eqspk,0.1,(2500,3500,3),773.787263255319,67
241umtpj,0.3,(2500,3500,3),782.369428236155,67
215hviqm,0.2,(2500,3500,3),830.472682492092,-66
407bvyto,0.3,(2500,3500,3),968.447396489362,-438
218rdbfk,0.3,(2500,3500,3),1002.878296651978,-66
126vzaks,0.3,(2500,3500,3),1314.717732021277,-67
854mzexl,0.2,(2500,3500,3),1448.853103275964,-65
59vlbja,1,(2500,3500,3),1611.199473534351,-65
268kownl,0.3,(2500,3500,3),1794.578135946353,-65
