247opysa,0.1,(3500,6500,3),141.203977730587,-456
314vxhdc,0.7,(3500,6500,3),267.565346901408,329
74xaomq,0.2,(3500,6500,3),303.170192478873,-454
91kwmph,0.4,(3500,6500,3),322.304420619866,-527
314doxbm,1,(3500,6500,3),381.233981874036,331
247wndks,0.3,(3500,6500,3),473.195619112676,-454
436vclmi,0.5,(3500,6500,3),737.004950997688,330
162xzatp,0.3,(3500,6500,3),1148.936485985915,-289
213ktjmg,0.3,(3500,6500,3),1251.825977633803,-328
213ryvhp,0.2,(3500,6500,3),1318.730747577465,-327
903ojhed,0.2,(3500,6500,3),1492.854555971392,253
