603elxjr,0.2,(3500,500,3),37.297615160212,-186
686unfzp,0.3,(3500,500,3),76.470937196027,174
831yplqr,0.3,(3500,500,3),166.307045636364,168
306hpcgv,0.1,(3500,500,3),172.898074048378,227
706uopnk,0.1,(3500,500,3),177.357270585798,174
122qilcf,0.7,(3500,500,3),401.582195212121,186
601prieg,0.1,(3500,500,3),463.319465183019,173
120uwdkl,0.3,(3500,500,3),532.710370363636,178
122mexoc,0.2,(3500,500,3),591.457530318005,-228
588gzvjl,0.3,(3500,500,3),631.308563926755,227
601lmehd,0.2,(3500,500,3),635.599407511245,227
144guept,0.1,(3500,500,3),885.727644212121,-178
488einfq,0.3,(3500,500,3),982.599017251717,-178
885vlqfp,0.2,(3500,500,3),1028.544794454545,-184
302ojrsn,0.2,(3500,500,3),1210.286585615856,-178
707bqojv,0.5,(3500,500,3),1620.049051176654,-178
18cldmu,0.1,(3500,500,3),1944.380858636364,177
