315htxbc,0.2,(3500,5500,3),32.146572726338,-247
369mvonb,0.1,(3500,5500,3),181.279193556842,206
321lsctu,0.3,(3500,5500,3),186.673374930954,-181
185xnjch,0.2,(3500,5500,3),192.584750380952,543
185qvwkt,0.3,(3500,5500,3),206.639375999116,543
608abgui,0.4,(3500,5500,3),267.331841809524,-246
296hlqdb,0.2,(3500,5500,3),272.165141534464,206
35mzebq,0.3,(3500,5500,3),434.036468172659,-183
216omzqr,0.1,(3500,5500,3),473.647933031739,287
976hbtal,0.2,(3500,5500,3),511.488136623751,182
71dsoxu,0.4,(3500,5500,3),1418.012361825397,-284
903klngs,0.1,(3500,5500,3),1496.994162904762,253
