132vneox,0.3,(3500,4500,3),38.017367592192,145
137zunpj,0.2,(3500,4500,3),193.820605588235,146
904tqpgn,0.2,(3500,4500,3),204.967901130356,-87
735ucego,0.5,(3500,4500,3),213.170481843137,412
369mvonb,0.4,(3500,4500,3),242.288026294118,-88
738mlhvs,0.1,(3500,4500,3),459.346701647059,-625
856mgkan,0.3,(3500,4500,3),493.417501941176,-87
315dagcx,0.5,(3500,4500,3),547.188123117647,-147
393jgbpa,0.6,(3500,4500,3),576.785590882353,180
901cfxmv,0.3,(3500,4500,3),618.523595241471,147
733eynxp,0.5,(3500,4500,3),791.792405627451,-187
556curiq,0.3,(3500,4500,3),943.058721764706,-165
828wqjxg,0.1,(3500,4500,3),1012.180124352941,159
403qgisz,0.3,(3500,4500,3),1036.638549058824,87
429nypor,0.2,(3500,4500,3),1158.112643490196,87
34zxfuk,0.7,(3500,4500,3),1558.435867431373,147
710mbgkv,0.2,(3500,4500,3),1827.742257019608,87
