315htxbc,0.2,(3500,5500,3),32.146572726338,-247
314vxhdc,0.1,(3500,5500,3),107.982798549588,283
369mvonb,0.1,(3500,5500,3),181.279193556842,206
321lsctu,0.3,(3500,5500,3),186.673374930954,-181
185xnjch,0.3,(3500,5500,3),192.877415571429,543
185qvwkt,0.2,(3500,5500,3),201.979038221339,543
608abgui,0.1,(3500,5500,3),266.854032952381,-246
296hlqdb,0.4,(3500,5500,3),271.150223439226,206
103eowfb,0.1,(3500,5500,3),291.352433444444,281
216omzqr,0.1,(3500,5500,3),406.647933031739,286
35mzebq,0.4,(3500,5500,3),432.730094077421,-183
976hbtal,0.3,(3500,5500,3),512.782305004703,182
162xzatp,0.1,(3500,5500,3),1146.757676761905,-289
71dsoxu,0.1,(3500,5500,3),1416.626280206349,-284
