247opysa,0.1,(3500,6500,3),141.203977730587,-456
91lefbk,0.2,(3500,6500,3),272.748751126761,-528
74xaomq,0.3,(3500,6500,3),301.21666271831,-454
91kwmph,0.3,(3500,6500,3),322.14392394381,-527
247wndks,0.3,(3500,6500,3),473.195446112676,-454
436usago,0.2,(3500,6500,3),501.084711779277,327
436vclmi,0.5,(3500,6500,3),737.004950997688,330
162xzatp,0.3,(3500,6500,3),1148.936299985915,-289
213ktjmg,0.2,(3500,6500,3),1252.660946422535,-328
213ryvhp,0.2,(3500,6500,3),1318.730574577465,-327
903ojhed,0.6,(3500,6500,3),1552.467357774209,327
