291lxqgf,0.2,(4500,2500,3),35.444391793847,117
771dzhbr,0.2,(4500,2500,3),432.1046686,-117
225gwboy,0.6,(4500,2500,3),447.8698558,117
870unyqf,0.3,(4500,2500,3),471.1986594,117
186lqhsk,0.4,(4500,2500,3),602.7371552,-36
104hqnfk,0.4,(4500,2500,3),616.2195362,-119
432yhubk,0.2,(4500,2500,3),674.935143416052,117
342btkul,0.4,(4500,2500,3),681.271458933333,36
868qnfoy,0.1,(4500,2500,3),738.480808575776,39
233fhjei,0.1,(4500,2500,3),772.589801333333,42
93crvfl,0.2,(4500,2500,3),773.7818708,322
809zvmku,0.1,(4500,2500,3),837.524409333333,-653
64yjmcn,0.5,(4500,2500,3),891.149335333333,36
64otuhz,0.2,(4500,2500,3),1082.821440262179,-42
148sixjr,0.5,(4500,2500,3),1162.085004,117
