393qlgpn,0.1,(4500,3500,3),32.888856556717,204
265cwubr,0.3,(4500,3500,3),88.601602396667,646
342asjdg,0.4,(4500,3500,3),227.411943105263,245
160vhakx,0.2,(4500,3500,3),278.103034599969,-646
83cgjhd,0.6,(4500,3500,3),392.220007842105,-245
83xuiap,0.2,(4500,3500,3),402.888130175443,-245
184zbqag,0.2,(4500,3500,3),416.279799526316,208
104hqnfk,0.1,(4500,3500,3),542.426808624374,-204
148aolcn,0.5,(4500,3500,3),621.417425526316,164
738udshv,0.2,(4500,3500,3),663.080386526316,164
117zsfxp,0.1,(4500,3500,3),673.035185995833,-204
186btucw,0.1,(4500,3500,3),900.352852619084,208
40ejdot,0.3,(4500,3500,3),1323.845276656673,244
216ybagi,0.2,(4500,3500,3),1523.461197210526,326
