291lxqgf,0.2,(4500,2500,3),35.444391793847,117
771dzhbr,0.2,(4500,2500,3),432.1041496,-117
870joity,0.2,(4500,2500,3),472.049793733333,117
186lqhsk,0.4,(4500,2500,3),602.7368262,-36
432yhubk,0.3,(4500,2500,3),678.849827149385,117
868qnfoy,0.2,(4500,2500,3),744.70235950911,39
93crvfl,0.3,(4500,2500,3),773.0173582,322
233fhjei,0.4,(4500,2500,3),786.220822333333,42
809zvmku,0.3,(4500,2500,3),836.922047,-653
64yjmcn,0.5,(4500,2500,3),891.149175333333,36
64otuhz,0.3,(4500,2500,3),1088.553655728846,-42
