328alxkb,0.3,(4500,500,3),34.473618095438,425
558zypou,0.2,(4500,500,3),76.388212296196,-176
123qhskm,0.2,(4500,500,3),142.419495172862,425
293tonwp,1,(4500,500,3),156.378951288755,425
306hpcgv,0.3,(4500,500,3),222.500723647059,-211
16lqcrt,0.3,(4500,500,3),293.740706415786,685
55wcoat,0.3,(4500,500,3),306.473828043805,684
55ohxca,0.5,(4500,500,3),307.968411283718,684
16rkxhd,0.2,(4500,500,3),314.442270651985,684
815zkgrl,0.2,(4500,500,3),323.142328984386,684
949ditzk,0.3,(4500,500,3),393.517663336447,684
971qjgdi,0.2,(4500,500,3),438.524760352941,-6
127rtbuj,0.1,(4500,500,3),505.017657329752,685
151yfgiz,0.1,(4500,500,3),572.846686529412,5
196guxmw,0.4,(4500,500,3),631.135917543198,685
603iwbkx,0.1,(4500,500,3),646.589913882353,-211
546nlbti,0.3,(4500,500,3),695.473394058824,-684
358wjhme,0.2,(4500,500,3),802.81930747943,425
485jvhau,0.3,(4500,500,3),872.658065588235,685
358jacnl,0.2,(4500,500,3),940.106160235294,-685
100qumvs,0.2,(4500,500,3),1028.951973235294,426
37aogjh,0.2,(4500,500,3),1184.546332529412,-685
352ckrov,0.3,(4500,500,3),1251.10313732731,684
488odzyc,0.3,(4500,500,3),1314.398029161038,176
208nlsdp,0.2,(4500,500,3),1322.717443941176,685
207vypzf,0.1,(4500,500,3),1428.178824927544,-7
143udqzr,0.3,(4500,500,3),1462.460206117647,-684
510vleys,0.3,(4500,500,3),1699.020517588235,-6
8pakyc,0.2,(4500,500,3),1728.241559529412,426
78pfdvb,0.3,(4500,500,3),1796.974450680763,-558
