233qtfcr,1,(4500,500,3),131.275308131667,214
306hpcgv,0.1,(4500,500,3),171.719810882353,227
417animp,0.3,(4500,500,3),201.499241143381,-176
123qhskm,0.4,(4500,500,3),277.671636349332,684
16lqcrt,0.2,(4500,500,3),293.978169004021,685
55wcoat,0.2,(4500,500,3),306.768340984981,684
16rkxhd,0.3,(4500,500,3),312.01976524022,684
815lywdx,0.7,(4500,500,3),318.441349144019,684
815zkgrl,0.1,(4500,500,3),319.071386866739,684
949ditzk,0.2,(4500,500,3),389.600923571741,684
971qjgdi,0.4,(4500,500,3),436.640927705882,-6
188yvciw,0.1,(4500,500,3),517.090668058824,-175
196guxmw,0.4,(4500,500,3),632.135917543198,685
546nlbti,0.2,(4500,500,3),690.076830705882,-684
358wjhme,0.3,(4500,500,3),806.427642538254,425
485jvhau,0.3,(4500,500,3),872.658437588235,685
358jacnl,0.2,(4500,500,3),940.106614235294,-685
100qumvs,0.4,(4500,500,3),1027.094164470588,426
37aogjh,0.2,(4500,500,3),1184.546825529412,-685
352ckrov,0.2,(4500,500,3),1247.340599915545,684
488odzyc,0.3,(4500,500,3),1314.398029161038,176
208nlsdp,0.3,(4500,500,3),1322.641283411765,685
207vypzf,0.1,(4500,500,3),1428.178824927544,-7
143udqzr,0.2,(4500,500,3),1457.958055411765,-684
510vleys,0.3,(4500,500,3),1699.020976588235,-6
8pakyc,0.3,(4500,500,3),1728.255957294118,426
78pfdvb,0.2,(4500,500,3),1797.299804092528,-558
