246nogir,0.3,(4500,4500,3),41.014222405094,429
658jabfd,0.3,(4500,4500,3),161.894363800195,-113
117agqjr,0.2,(4500,4500,3),168.562552162393,-166
182fwzum,0.3,(4500,4500,3),205.058001121056,24
163evxwn,0.1,(4500,4500,3),271.696919357916,453
182fyiws,0.2,(4500,4500,3),298.915752121369,-406
652kinxl,0.4,(4500,4500,3),307.399672564103,24
67tmyvp,0.2,(4500,4500,3),321.979373676386,-20
178esmok,0.2,(4500,4500,3),361.386611962323,-24
178sgqcx,0.1,(4500,4500,3),363.695387491972,-24
904tqpgn,0.1,(4500,4500,3),378.215320264957,-23
573ncjot,0.3,(4500,4500,3),452.448728541657,20
321uxdki,0.2,(4500,4500,3),647.738548164273,19
904xtiqn,0.1,(4500,4500,3),689.010581418803,20
296sqlgb,0.3,(4500,4500,3),691.598409100371,20
371ynvcj,0.3,(4500,4500,3),873.50712174359,-25
772ciytp,0.2,(4500,4500,3),931.482197444718,20
431ivlnb,0.5,(4500,4500,3),961.310678034188,-20
35ytpnv,0.3,(4500,4500,3),1076.978572129938,20
765lwdfc,0.3,(4500,4500,3),1121.585343051282,-19
534bdflm,0.3,(4500,4500,3),1222.740455509364,20
276osnuc,0.2,(4500,4500,3),1322.284069794872,24
28nbtsc,0.2,(4500,4500,3),1387.434229102564,-167
52ivtpq,0.2,(4500,4500,3),1393.520991059829,20
9tluzo,0.3,(4500,4500,3),1578.535316358974,20
304bhktp,0.5,(4500,4500,3),1596.213683880342,-20
1bpkmn,0.4,(4500,4500,3),1607.435072230769,-20
