977pijol,0.4,(5500,3500,3),39.028791967599,-91
402liyom,0.2,(5500,3500,3),71.572572744085,428
57jigxh,0.3,(5500,3500,3),123.928409237113,89
886mugpc,0.3,(5500,3500,3),145.683338659794,69
854ezhgn,0.2,(5500,3500,3),185.968133494121,-89
56smdbo,0.2,(5500,3500,3),238.332069381443,89
177tykzb,0.1,(5500,3500,3),270.44009799597,-93
81ejmig,0.1,(5500,3500,3),322.808801041237,-359
632bired,0.2,(5500,3500,3),411.358906515464,89
177fkugt,0.4,(5500,3500,3),421.074463014613,90
21ahkfv,0.1,(5500,3500,3),510.648077206186,130
56erqow,0.3,(5500,3500,3),513.991381164948,-125
278tcgfj,0.1,(5500,3500,3),585.349613971827,93
747germy,0.2,(5500,3500,3),969.404183130963,-89
40rtpjd,0.5,(5500,3500,3),1786.633839587629,89
