632isept,0.3,(5500,2500,3),33.91474062175,498
432rabdl,0.3,(5500,2500,3),51.055278550263,-158
184knilm,0.2,(5500,2500,3),62.35832235264,156
201qycan,0.2,(5500,2500,3),102.803961084843,158
201owfbr,0.2,(5500,2500,3),112.0551919325,158
844mnhvi,0.2,(5500,2500,3),113.836499436242,498
195cpvtz,0.3,(5500,2500,3),151.043867671988,-38
382qblgk,0.3,(5500,2500,3),151.419433740175,-49
382vphdn,0.2,(5500,2500,3),158.671488405913,-49
523zwapk,0.2,(5500,2500,3),287.140721550336,155
90fijda,0.1,(5500,2500,3),359.961480708619,-38
198ctkvn,0.3,(5500,2500,3),411.370359295302,158
946pblwt,0.2,(5500,2500,3),473.475824832215,-158
946rxbhn,0.3,(5500,2500,3),487.314058085792,-158
198ihpom,0.3,(5500,2500,3),508.682176489933,-49
614xlbos,0.3,(5500,2500,3),567.203897514171,156
736wiyqu,0.2,(5500,2500,3),619.98531818635,-49
36fahpm,0.1,(5500,2500,3),1622.911857387468,-157
