632isept,0.3,(5500,2500,3),33.91474062175,498
432rabdl,0.2,(5500,2500,3),48.184010040196,-158
184knilm,0.3,(5500,2500,3),64.734913386197,156
201qycan,0.2,(5500,2500,3),101.803961084843,158
844mnhvi,0.2,(5500,2500,3),113.836659436242,498
201owfbr,0.2,(5500,2500,3),114.0551919325,158
195cpvtz,0.2,(5500,2500,3),147.525156262592,-38
382qblgk,0.1,(5500,2500,3),153.524131297222,-49
382vphdn,0.3,(5500,2500,3),161.021301667658,-49
523zwapk,0.5,(5500,2500,3),286.092483375839,155
90fijda,0.4,(5500,2500,3),374.064476037478,-38
198ctkvn,0.3,(5500,2500,3),411.370519295302,158
946pblwt,0.3,(5500,2500,3),473.037553248322,-158
946rxbhn,0.2,(5500,2500,3),482.584909951563,-158
198ihpom,0.3,(5500,2500,3),507.682362489933,-49
614xlbos,0.2,(5500,2500,3),566.812545675244,156
736wiyqu,0.2,(5500,2500,3),619.98531818635,-49
36fahpm,0.1,(5500,2500,3),1622.911857387468,-157
