969eftlo,0.2,(5500,500,3),308.172854574149,-8
6fkqvt,0.3,(5500,500,3),516.156486815445,7
7ebyjr,0.3,(5500,500,3),557.072167484472,8
189crykw,0.4,(5500,500,3),696.21500305333,10
306fjmbr,0.2,(5500,500,3),717.968411018634,8
595hjxlf,0.1,(5500,500,3),723.891305273292,-10
221ohtcm,0.1,(5500,500,3),792.601038153983,9
417azckv,0.3,(5500,500,3),797.950262712951,9
125arupf,0.4,(5500,500,3),801.80579247031,9
221byhck,0.2,(5500,500,3),874.541484303509,10
401eyras,0.3,(5500,500,3),903.776093045835,-8
196mozpq,0.1,(5500,500,3),942.332460125111,8
334iwapj,0.2,(5500,500,3),1066.971270038695,-8
158leuzj,0.3,(5500,500,3),1121.252457441394,-10
254hjxrm,0.4,(5500,500,3),1453.564085478261,-10
308nhgpa,0.3,(5500,500,3),1886.522357757764,-10
