969eftlo,0.3,(5500,500,3),368.22686063626,-7
100revbd,0.9,(5500,500,3),436.165666031056,-10
6axbvh,0.5,(5500,500,3),508.946727142857,7
6fkqvt,0.2,(5500,500,3),512.48321436824,7
7ebyjr,0.3,(5500,500,3),557.071994484472,8
815zkgrl,0.5,(5500,500,3),613.194575242236,7
189crykw,0.1,(5500,500,3),636.131139599914,9
221ohtcm,0.4,(5500,500,3),711.666987172617,8
306fjmbr,0.3,(5500,500,3),716.50122552795,8
320jwevc,0.9,(5500,500,3),728.163690555981,9
125arupf,0.2,(5500,500,3),732.489367724969,8
417azckv,0.2,(5500,500,3),793.234927160156,9
221byhck,0.2,(5500,500,3),874.541484303509,10
401eyras,0.2,(5500,500,3),899.920459555151,-8
196mozpq,0.1,(5500,500,3),942.332460125111,8
158leuzj,0.2,(5500,500,3),1117.162359751953,-10
254hjxrm,0.5,(5500,500,3),1451.304455347826,-10
308nhgpa,0.4,(5500,500,3),1886.179445677019,-10
