632isept,0.3,(5500,2500,3),33.91474062175,498
432rabdl,0.3,(5500,2500,3),51.055278550263,-158
184knilm,0.2,(5500,2500,3),62.35832235264,156
201qycan,0.3,(5500,2500,3),103.49157064189,158
201owfbr,0.2,(5500,2500,3),112.0551919325,158
844mnhvi,0.2,(5500,2500,3),113.836179436242,498
195cpvtz,0.3,(5500,2500,3),151.043867671988,-38
382qblgk,0.3,(5500,2500,3),151.419433740175,-49
382vphdn,0.3,(5500,2500,3),162.021301667658,-49
523zwapk,0.2,(5500,2500,3),287.140401550336,155
90fijda,0.2,(5500,2500,3),364.662479151572,-38
198ctkvn,0.2,(5500,2500,3),407.063123530201,158
946pblwt,0.3,(5500,2500,3),473.037029248322,-158
946rxbhn,0.2,(5500,2500,3),482.584909951563,-158
198ihpom,0.2,(5500,2500,3),506.444615993289,-49
614xlbos,0.2,(5500,2500,3),566.812545675244,156
736wiyqu,0.3,(5500,2500,3),624.489268790377,-49
36fahpm,0.1,(5500,2500,3),1622.911857387468,-157
