111cwdrm,0.3,(5500,4500,3),42.540053669349,13
756lcnia,0.3,(5500,4500,3),55.418741801935,-123
540vjkbf,0.3,(5500,4500,3),237.079918823529,-13
297ukiso,0.2,(5500,4500,3),250.091313358076,-375
757zcidh,0.2,(5500,4500,3),328.59336,-13
429yhoge,0.2,(5500,4500,3),348.103029941176,-13
540ywfmd,0.1,(5500,4500,3),352.971783822336,14
368evtny,0.3,(5500,4500,3),372.430354117647,375
757kdzxc,0.4,(5500,4500,3),407.710470411765,14
431ipdec,0.2,(5500,4500,3),567.441048764706,14
368xknud,0.3,(5500,4500,3),572.255904647059,14
663kfeil,0.3,(5500,4500,3),627.134210153645,-14
398xafeu,0.3,(5500,4500,3),722.578766470588,14
292sbzvk,0.2,(5500,4500,3),731.558983470588,14
276mhoxb,0.4,(5500,4500,3),743.535102411765,375
913sogat,0.3,(5500,4500,3),752.041511632241,-14
503todfb,0.5,(5500,4500,3),787.692671596138,13
438laobq,0.2,(5500,4500,3),801.243981133574,-13
270chznp,0.2,(5500,4500,3),862.983571584697,-13
913gxapr,0.3,(5500,4500,3),873.505302802578,13
663kshvy,0.2,(5500,4500,3),927.636629584041,-374
316rnasc,0.4,(5500,4500,3),1113.007390967785,-375
573qoxzc,0.3,(5500,4500,3),1129.570757165503,-374
66sfjwe,0.4,(5500,4500,3),1148.112777588235,-13
26vaxec,0.2,(5500,4500,3),1166.541843823529,-13
772nafie,0.1,(5500,4500,3),1168.515333764706,210
106ycwxn,0.2,(5500,4500,3),1237.611674741603,13
169ldpjb,0.1,(5500,4500,3),1295.39026983674,-375
243iokzu,0.1,(5500,4500,3),1308.183079381902,-13
130clmda,0.1,(5500,4500,3),1327.038170352941,374
446ckifq,0.2,(5500,4500,3),1417.790634647059,375
947lpezn,0.7,(5500,4500,3),1451.873295882353,-14
130zplki,0.5,(5500,4500,3),1542.097667475724,-13
665efjyz,0.3,(5500,4500,3),1714.72816187478,-375
4xpihf,0.2,(5500,4500,3),1957.713717826404,-375
