111cwdrm,0.3,(5500,4500,3),42.540053669349,13
297lqtao,0.8,(5500,4500,3),132.404968330779,13
297ukiso,0.3,(5500,4500,3),255.488395711018,-375
757zcidh,0.2,(5500,4500,3),328.593654,-13
540ywfmd,0.1,(5500,4500,3),352.971783822336,14
402jzmxw,0.3,(5500,4500,3),421.912107058824,129
371cftwq,0.9,(5500,4500,3),557.589980529412,-13
663kfeil,0.3,(5500,4500,3),627.134210153645,-14
431ipdec,0.3,(5500,4500,3),693.459246647059,-210
398xafeu,0.3,(5500,4500,3),722.579060470588,14
292sbzvk,0.3,(5500,4500,3),733.031184705882,14
913sogat,0.2,(5500,4500,3),746.82947210283,-14
503todfb,0.5,(5500,4500,3),787.692671596138,13
438laobq,0.3,(5500,4500,3),803.671903957103,-13
270chznp,0.3,(5500,4500,3),863.658218172932,-13
178sgqcx,0.7,(5500,4500,3),866.099967235294,13
913gxapr,0.3,(5500,4500,3),873.505302802578,13
663kshvy,0.3,(5500,4500,3),931.522528878159,-374
316rnasc,0.4,(5500,4500,3),1113.007390967785,-375
573qoxzc,0.1,(5500,4500,3),1120.256935047856,-374
66sfjwe,0.3,(5500,4500,3),1147.975869941176,-13
26vaxec,0.3,(5500,4500,3),1166.401680235294,-13
772nafie,0.3,(5500,4500,3),1167.348986294118,210
772ciytp,0.4,(5500,4500,3),1168.578686117647,210
904xtiqn,0.8,(5500,4500,3),1176.302312882353,13
106ycwxn,0.4,(5500,4500,3),1238.69187803572,13
169ldpjb,0.1,(5500,4500,3),1295.39026983674,-375
243iokzu,0.3,(5500,4500,3),1306.457586676019,-13
947lpezn,0.1,(5500,4500,3),1338.596507411765,210
665efjyz,0.2,(5500,4500,3),1708.745110580662,-375
4xpihf,0.2,(5500,4500,3),1957.713717826404,-375
