969eftlo,0.2,(5500,500,3),308.172854574149,-8
6fkqvt,0.2,(5500,500,3),512.48321436824,7
7ebyjr,0.4,(5500,500,3),557.145920645963,8
189crykw,0.1,(5500,500,3),636.131139599914,9
221ohtcm,0.4,(5500,500,3),711.666987172617,8
306fjmbr,0.3,(5500,500,3),716.50105252795,8
595hjxlf,0.9,(5500,500,3),786.441745459627,-9
417azckv,0.2,(5500,500,3),793.234927160156,9
221byhck,0.2,(5500,500,3),874.541484303509,10
125arupf,0.2,(5500,500,3),878.489367724969,10
401eyras,0.3,(5500,500,3),903.776093045835,-8
196mozpq,0.7,(5500,500,3),998.778880000887,9
334iwapj,0.4,(5500,500,3),1072.327854982795,-8
158leuzj,0.3,(5500,500,3),1121.252457441394,-10
254hjxrm,0.1,(5500,500,3),1196.342060869565,3
308nhgpa,0.3,(5500,500,3),1886.522024757764,-10
