765ztphe,0.4,(6500,4500,3),191.623496733333,223
368xknud,0.1,(6500,4500,3),222.285553444444,224
297ukiso,0.1,(6500,4500,3),242.375035555556,-375
398nfcgp,0.2,(6500,4500,3),305.808379299013,223
729jvemg,0.2,(6500,4500,3),335.798088176855,-223
180jiwok,0.1,(6500,4500,3),346.914951787791,358
270bqkxs,0.3,(6500,4500,3),481.549116237125,223
666premo,0.1,(6500,4500,3),802.042554054451,223
82tykwz,0.2,(6500,4500,3),883.175373284028,224
317yumtp,0.4,(6500,4500,3),883.340344379929,224
317lwkgp,0.3,(6500,4500,3),894.572183494599,224
663kshvy,0.1,(6500,4500,3),922.8009398,-374
684iknwo,0.5,(6500,4500,3),1116.854899888889,223
53knjzs,0.4,(6500,4500,3),1218.396123857165,224
369ygqmf,0.2,(6500,4500,3),1309.038093933333,376
4xpihf,0.1,(6500,4500,3),1950.268397644444,-375
