971levrs,0.2,(6500,500,3),36.268329696142,-11
969iqkhe,0.4,(6500,500,3),67.582384710697,-11
714lszto,0.2,(6500,500,3),86.953852670063,390
936pjndr,0.2,(6500,500,3),138.000948235947,385
936vmjbz,0.2,(6500,500,3),222.184263504519,386
595otihq,0.3,(6500,500,3),280.778024512821,3
506imlku,0.3,(6500,500,3),520.568315205128,-384
934ywevd,0.3,(6500,500,3),571.457441948718,3
727juckt,0.3,(6500,500,3),666.720168826772,-3
124detzj,0.2,(6500,500,3),703.316843562868,-0
555wgsao,0.1,(6500,500,3),963.44283257265,3
320isbyw,0.2,(6500,500,3),1031.540244834612,-3
127qwzdo,0.2,(6500,500,3),1118.56084724749,-3
736lyscd,0.1,(6500,500,3),1304.277406504274,0
