292zejum,0.1,(6500,3500,3),141.905716563107,222
355pcnai,0.4,(6500,3500,3),176.669668554481,532
726rufzv,0.1,(6500,3500,3),183.98186538835,-130
886eligk,0.1,(6500,3500,3),223.485514165049,-359
355gqesh,0.2,(6500,3500,3),274.73901409583,643
726zwsyg,0.8,(6500,3500,3),322.660948203884,75
492jqfbh,0.3,(6500,3500,3),397.492144737864,-75
21swoae,0.1,(6500,3500,3),406.172983704481,73
418rwtge,0.1,(6500,3500,3),502.376297256511,-549
268mxqbn,0.2,(6500,3500,3),512.051487009709,130
21ahkfv,0.2,(6500,3500,3),518.484413163979,130
434chlui,0.3,(6500,3500,3),652.71146576699,-75
434pmngt,0.3,(6500,3500,3),653.453770174757,-75
492qokbn,0.5,(6500,3500,3),657.314975103798,130
756zjery,0.3,(6500,3500,3),672.202735582524,595
81gtojq,0.2,(6500,3500,3),836.417846520085,-104
684iknwo,0.1,(6500,3500,3),878.858651864078,-225
317lwkgp,0.1,(6500,3500,3),888.194733708738,224
192bmflj,0.2,(6500,3500,3),1347.844486679612,75
104cajgk,0.3,(6500,3500,3),1873.915543107868,-70
