971levrs,0.3,(6500,500,3),41.609793764518,-11
714lszto,0.3,(6500,500,3),118.438711746986,-11
936vmjbz,0.1,(6500,500,3),218.348447025886,386
595otihq,0.2,(6500,500,3),276.512529008547,3
727gpnqd,0.8,(6500,500,3),476.297299333333,-385
506imlku,0.2,(6500,500,3),513.829294803419,-384
934ywevd,0.3,(6500,500,3),571.457908948718,3
727juckt,0.2,(6500,500,3),666.876822228481,-3
124detzj,0.2,(6500,500,3),703.316843562868,-0
221byhck,0.2,(6500,500,3),943.16722857265,11
555wgsao,0.1,(6500,500,3),963.44331257265,3
320isbyw,0.2,(6500,500,3),1031.540244834612,-3
127qwzdo,0.2,(6500,500,3),1118.56084724749,-3
