368xknud,0.1,(6500,4500,3),222.285406444444,224
362hbmkq,0.5,(6500,4500,3),299.057302040243,-223
398nfcgp,0.1,(6500,4500,3),301.753885432347,223
729jvemg,0.2,(6500,4500,3),335.798088176855,-223
180jiwok,0.1,(6500,4500,3),346.914951787791,358
270bqkxs,0.4,(6500,4500,3),482.813325303792,223
666premo,0.2,(6500,4500,3),809.37272294334,223
317yumtp,0.5,(6500,4500,3),881.860872024373,224
82tykwz,0.3,(6500,4500,3),887.043453639584,224
317lwkgp,0.1,(6500,4500,3),890.581676827932,224
53knjzs,0.2,(6500,4500,3),1115.265807057165,223
684iknwo,0.3,(6500,4500,3),1118.792368533333,223
169ldpjb,0.1,(6500,4500,3),1294.516017911111,-375
369ygqmf,0.3,(6500,4500,3),1308.6244084,376
