355pcnai,0.3,(6500,3500,3),177.823822185549,532
146lovfk,0.5,(6500,3500,3),182.890086495146,105
355gqesh,0.1,(6500,3500,3),266.839062872529,643
492jqfbh,0.4,(6500,3500,3),276.617752650485,104
268mxqbn,0.2,(6500,3500,3),418.051647009709,73
418rwtge,0.1,(6500,3500,3),501.376297256511,-549
21swoae,0.5,(6500,3500,3),508.533682733607,130
21ahkfv,0.2,(6500,3500,3),518.484413163979,130
434pmngt,0.4,(6500,3500,3),651.62088323301,-75
492qokbn,0.2,(6500,3500,3),658.410943414478,130
747aqlrg,0.6,(6500,3500,3),672.722755986989,-74
756zjery,0.2,(6500,3500,3),673.88642738835,595
202umzdh,0.1,(6500,3500,3),681.229229184466,106
278tcgfj,0.6,(6500,3500,3),786.424068417476,75
434chlui,0.1,(6500,3500,3),793.06529292233,73
81gtojq,0.3,(6500,3500,3),838.236354947269,-104
684iknwo,0.1,(6500,3500,3),938.858837864078,222
192bmflj,0.2,(6500,3500,3),1347.844672679612,75
104cajgk,0.3,(6500,3500,3),1873.915543107868,-70
