82lpomr,0.2,(7500,3500,3),31.328184302024,142
560loesx,0.1,(7500,3500,3),91.79169973258,292
722lhmbv,0.3,(7500,3500,3),96.958043076532,-141
900shlwq,0.2,(7500,3500,3),113.033417911917,372
31zjpci,0.1,(7500,3500,3),128.202630533679,-450
560ebdxi,0.5,(7500,3500,3),148.505678358934,-524
356wklxz,0.5,(7500,3500,3),194.630565055989,292
107cpxgt,0.2,(7500,3500,3),206.298618300518,-139
594dmwnz,0.3,(7500,3500,3),218.576259829016,-259
594couhg,0.1,(7500,3500,3),251.541722958549,-258
455aefyj,0.1,(7500,3500,3),255.742944707524,-141
146lovfk,0.3,(7500,3500,3),282.436354007808,432
89ztvms,0.2,(7500,3500,3),335.693692759742,138
468vpwuy,0.1,(7500,3500,3),339.377093196891,226
107gufqd,0.2,(7500,3500,3),392.195557588384,141
497zefqs,0.3,(7500,3500,3),421.597023554404,-105
497gvndt,0.7,(7500,3500,3),423.871230720207,-105
773qwnxv,0.3,(7500,3500,3),457.381616073745,261
660wgmae,0.3,(7500,3500,3),494.02353761658,261
62avcwu,0.1,(7500,3500,3),682.532798580311,-432
