61sbhfg,0.2,(7500,1500,3),34.06306744365,-98
803dcrhw,0.3,(7500,1500,3),123.732695128774,307
655lfkcw,0.5,(7500,1500,3),126.521101785883,98
637nkftc,0.2,(7500,1500,3),163.793382006062,395
884dtnqm,0.3,(7500,1500,3),213.567975268563,-48
466fdghj,0.3,(7500,1500,3),244.027093576271,306
637oefia,0.2,(7500,1500,3),253.000143318771,586
934ciqyn,0.3,(7500,1500,3),278.238259720825,677
416uihwx,0.3,(7500,1500,3),288.728130813559,-48
158lkfao,0.2,(7500,1500,3),378.318537224591,46
555wxmsc,0.4,(7500,1500,3),606.817557,46
31suyvp,0.3,(7500,1500,3),648.903433542373,98
818myths,0.2,(7500,1500,3),665.566474846597,-48
209axbfj,0.1,(7500,1500,3),746.454694457627,-98
309yipwt,0.2,(7500,1500,3),982.22070553777,-96
