468zceqd,0.2,(7500,4500,3),33.950857719218,257
438hzklm,0.1,(7500,4500,3),53.780622743241,-225
292zejum,0.1,(7500,4500,3),79.11633147205,-226
312trejh,0.3,(7500,4500,3),138.648049658385,257
578dwaiz,0.5,(7500,4500,3),156.190495776398,-225
578lnwpx,0.3,(7500,4500,3),157.947494857143,-225
594couhg,0.9,(7500,4500,3),331.942152461551,257
468vpwuy,0.2,(7500,4500,3),351.023416108268,226
918qivaz,0.2,(7500,4500,3),383.378745416149,257
918lmdca,0.2,(7500,4500,3),389.076229703575,257
243wnhtm,0.2,(7500,4500,3),458.073286993789,257
666hxfzq,0.2,(7500,4500,3),474.120257968944,-225
53vwuct,0.2,(7500,4500,3),548.035144820513,257
552khxzq,0.2,(7500,4500,3),606.100540223602,18
362ouxwp,0.2,(7500,4500,3),730.446480813194,-257
