61sbhfg,0.3,(7500,1500,3),38.399551240261,-98
803dcrhw,0.3,(7500,1500,3),121.732695128774,307
655lfkcw,0.4,(7500,1500,3),128.829168497747,98
637nkftc,0.1,(7500,1500,3),163.959268921316,395
884dtnqm,0.3,(7500,1500,3),211.567975268563,-48
466fdghj,0.2,(7500,1500,3),238.802479050847,306
637oefia,0.3,(7500,1500,3),252.194447318771,586
934ciqyn,0.4,(7500,1500,3),278.60080561913,677
416uihwx,0.1,(7500,1500,3),287.922985271186,-48
158lkfao,0.2,(7500,1500,3),377.318537224591,46
31suyvp,0.3,(7500,1500,3),648.903740542373,98
818myths,0.1,(7500,1500,3),660.696816812698,-48
209axbfj,0.1,(7500,1500,3),746.454867457627,-98
309oieuy,0.4,(7500,1500,3),922.280296131915,-230
309yipwt,0.2,(7500,1500,3),982.22070553777,-96
