139bluhw,0.1,(7500,500,3),132.916369481014,101
143slqxn,0.2,(7500,500,3),156.899378801802,102
257uislw,0.5,(7500,500,3),181.468558279279,2
506jxmcu,0.2,(7500,500,3),218.619722728761,-389
637oefia,0.1,(7500,500,3),240.070434657658,586
787hmvua,0.2,(7500,500,3),335.00161545045,-1
199zprok,0.2,(7500,500,3),500.664135261261,102
10gyvdu,0.3,(7500,500,3),506.914197864865,-2
124detzj,0.1,(7500,500,3),669.552996,-1
708sliqb,0.2,(7500,500,3),853.477142641351,2
844fpjeh,0.3,(7500,500,3),1286.93631872973,1
736lyscd,0.1,(7500,500,3),1448.58791918018,1
293sxckw,0.2,(7500,500,3),1587.935219297297,1
123csxau,0.3,(7500,500,3),1933.123109567568,101
