82lpomr,0.3,(7500,3500,3),34.088166726894,142
560loesx,0.2,(7500,3500,3),92.551360831025,292
722lhmbv,0.2,(7500,3500,3),96.089721252697,-141
560ebdxi,0.1,(7500,3500,3),97.684676742354,292
312trejh,0.1,(7500,3500,3),138.555815259067,257
31zjpci,0.4,(7500,3500,3),139.677389134715,-450
353wibso,0.2,(7500,3500,3),157.446639262378,503
146lovfk,0.1,(7500,3500,3),181.699389033715,105
356wklxz,0.2,(7500,3500,3),183.155992454953,292
26gfrle,0.1,(7500,3500,3),186.616985455959,-259
594dmwnz,0.2,(7500,3500,3),216.33802188601,-259
455aefyj,0.3,(7500,3500,3),260.262266904415,-141
89ztvms,0.2,(7500,3500,3),335.693692759742,138
146dlasc,0.1,(7500,3500,3),371.484477108357,587
355gqesh,0.3,(7500,3500,3),381.587314435233,-105
107gufqd,0.3,(7500,3500,3),396.259468717918,141
900satzf,0.1,(7500,3500,3),408.727924683938,141
497zefqs,0.2,(7500,3500,3),421.924438036269,-105
773qwnxv,0.2,(7500,3500,3),453.535026394989,261
243wnhtm,0.1,(7500,3500,3),458.944665910876,257
660wgmae,0.5,(7500,3500,3),491.978613694301,261
202umzdh,0.2,(7500,3500,3),556.533588216748,-432
660mlgac,1,(7500,3500,3),837.522535093264,-141
