|||;30208,30208,30208,30208,0,0,0,0,1.149686863883
|||;30208,30208,30208,30208,0,0,0,0,6.149686863883
|||;30208,30208,30208,30208,0,0,0,0,11.149686863883
|||;30208,30208,30208,30208,0,0,0,0,16.149686863883
|||;30208,30208,30208,30208,0,0,0,0,21.149686863883
|||;30208,30208,30208,30208,0,0,0,0,26.149686863883
|||;30208,30208,30208,30208,0,0,0,0,31.149686863883
|||;30208,30208,30208,30208,0,0,0,0,36.149686863883
|||;30208,30208,30208,30208,0,0,0,0,41.149686863883
|||;30208,30208,30208,30208,0,0,0,0,46.149686863883
|||;30208,30208,30208,30208,0,0,0,0,51.149686863883
|||;30208,30208,30208,30208,0,0,0,0,56.149686863883
|||;30208,30208,30208,30208,0,0,0,0,61.149686863883
|||;30208,30208,30208,30208,0,0,0,0,66.149686863883
|||;30208,30208,30208,30208,0,0,0,0,71.149686863883
|||;30208,30208,30208,30208,0,0,0,0,76.149686863883
|||;30208,30208,30208,30208,0,0,0,0,81.149686863883
|||;30208,30208,30208,30208,0,0,0,0,86.149686863883
|||;30208,30208,30208,30208,0,0,0,0,91.149686863883
|||;30208,30208,30208,30208,0,0,0,0,96.149686863883
|||;30208,30208,30208,30208,0,0,0,0,101.149686863883
|||;30208,30208,30208,30208,0,0,0,0,106.149686863883
|||;30208,30208,30208,30208,0,0,0,0,111.149686863883
|||;30208,30208,30208,30208,0,0,0,0,116.149686863883
968wkgxc(2),|968wkgxc(2),|968wkgxc(2),|;27013.1,28610.6,27013.1,30208,17.750094793518,7.36419917447,17.750094793518,0,121.149686863883
968wkgxc(2),|968wkgxc(2),|968wkgxc(2),|;27013.1,28610.6,27013.1,30208,12.750094793518,2.36419917447,12.750094793518,0,126.149686863883
968wkgxc(2),||968wkgxc(2),|;27013.1,30208,27013.1,30208,7.750094793518,0,7.750094793518,0,131.149686863883
968wkgxc(2),||968wkgxc(2),|;27013.1,30208,27013.1,30208,2.750094793518,0,2.750094793518,0,136.149686863883
968wkgxc(3),||968wkgxc(3),|;27013.1,30208,27013.1,30208,0,0,0,0,141.149686863883
968wkgxc(3),||968wkgxc(3),|;27013.1,30208,27013.1,30208,0,0,0,0,146.149686863883
968wkgxc(3),||968wkgxc(3),|;27013.1,30208,27013.1,30208,0,0,0,0,151.149686863883
968wkgxc(3),||968wkgxc(3),|;27013.1,30208,27013.1,30208,0,0,0,0,156.149686863883
968wkgxc(3),||968wkgxc(3),|;27013.1,30208,27013.1,30208,0,0,0,0,161.149686863883
968wkgxc(3),||968wkgxc(3),|;27013.1,30208,27013.1,30208,0,0,0,0,166.149686863883
968wkgxc(3),||968wkgxc(3),|;27013.1,30208,27013.1,30208,0,0,0,0,171.149686863883
968wkgxc(3),||968wkgxc(3),|;27013.1,30208,27013.1,30208,0,0,0,0,176.149686863883
968wkgxc(3),||968wkgxc(3),|;27013.1,30208,27013.1,30208,0,0,0,0,181.149686863883
968wkgxc(3),||968wkgxc(3),|;27013.1,30208,27013.1,30208,0,0,0,0,186.149686863883
968wkgxc(3),||968wkgxc(3),|;27013.1,30208,27013.1,30208,0,0,0,0,191.149686863883
968wkgxc(3),808fsldz(0),|808fsldz(0),|968wkgxc(3),808fsldz(0),|808fsldz(0),;25016.3,28211.2,25016.3,29209.6,17.888133655387,17.888133655387,17.888133655387,11.266948893482,196.149686863883
968wkgxc(3),808fsldz(2),|808fsldz(2),|968wkgxc(3),808fsldz(2),|808fsldz(2),;25016.3,28211.2,25016.3,29209.6,12.888133655387,12.888133655387,12.888133655387,6.266948893482,201.149686863883
968wkgxc(3),808fsldz(2),|808fsldz(2),|968wkgxc(3),808fsldz(2),|808fsldz(2),;25016.3,28211.2,25016.3,29209.6,7.888133655387,7.888133655387,7.888133655387,1.266948893482,206.149686863883
968wkgxc(3),808fsldz(2),|808fsldz(2),|968wkgxc(3),808fsldz(2),|;25016.3,28211.2,25016.3,30208,2.888133655387,2.888133655387,2.888133655387,0,211.149686863883
|||;30208,30208,30208,30208,0,0,0,0,216.149686863883
|||;30208,30208,30208,30208,0,0,0,0,221.149686863883
|||;30208,30208,30208,30208,0,0,0,0,226.149686863883
|||;30208,30208,30208,30208,0,0,0,0,231.149686863883
|||;30208,30208,30208,30208,0,0,0,0,236.149686863883
|||;30208,30208,30208,30208,0,0,0,0,241.149686863883
|||;30208,30208,30208,30208,0,0,0,0,246.149686863883
|||;30208,30208,30208,30208,0,0,0,0,251.149686863883
|||;30208,30208,30208,30208,0,0,0,0,256.149686863883
|||;30208,30208,30208,30208,0,0,0,0,261.149686863883
|||;30208,30208,30208,30208,0,0,0,0,266.149686863883
|||;30208,30208,30208,30208,0,0,0,0,271.149686863883
|||;30208,30208,30208,30208,0,0,0,0,276.149686863883
|||;30208,30208,30208,30208,0,0,0,0,281.149686863883
224galcm(2),|224galcm(2),|224galcm(2),|224galcm(2),;28723.2,28723.2,27980.8,27980.8,9.663091983333,9.663091983333,14.489870396031,14.489870396031,286.149686863883
224galcm(2),|224galcm(2),|224galcm(2),|224galcm(2),;28723.2,28723.2,27980.8,27980.8,4.663091983333,4.663091983333,9.489870396031,9.489870396031,291.149686863883
||224galcm(2),|224galcm(2),;30208,30208,27980.8,27980.8,0,0,4.489870396031,4.489870396031,296.149686863883
|||;30208,30208,30208,30208,0,0,0,0,301.149686863883
|||;30208,30208,30208,30208,0,0,0,0,306.149686863883
618rtygc(2),|618rtygc(2),|618rtygc(2),|618rtygc(2),;29235.2,27289.6,28262.4,27289.6,6.333308547114,18.982796801082,12.658052674098,18.982796801082,311.149686863883
618rtygc(2),|618rtygc(2),|618rtygc(2),|618rtygc(2),;29235.2,27289.6,28262.4,27289.6,1.333308547114,13.982796801082,7.658052674098,13.982796801082,316.149686863883
|618rtygc(2),|618rtygc(2),|618rtygc(2),;30208,27289.6,28262.4,27289.6,0,8.982796801082,2.658052674098,8.982796801082,321.149686863883
|618rtygc(2),||618rtygc(2),;30208,27289.6,30208,27289.6,0,3.982796801082,0,3.982796801082,326.149686863883
|||;30208,30208,30208,30208,0,0,0,0,331.149686863883
|||;30208,30208,30208,30208,0,0,0,0,336.149686863883
|||;30208,30208,30208,30208,0,0,0,0,341.149686863883
|||;30208,30208,30208,30208,0,0,0,0,346.149686863883
|||;30208,30208,30208,30208,0,0,0,0,351.149686863883
|||;30208,30208,30208,30208,0,0,0,0,356.149686863883
|||;30208,30208,30208,30208,0,0,0,0,361.149686863883
|||;30208,30208,30208,30208,0,0,0,0,366.149686863883
|||;30208,30208,30208,30208,0,0,0,0,371.149686863883
|||;30208,30208,30208,30208,0,0,0,0,376.149686863883
|||;30208,30208,30208,30208,0,0,0,0,381.149686863883
|||;30208,30208,30208,30208,0,0,0,0,386.149686863883
33uakop(2),|||;29271,30208,30208,30208,4.073255961698,0,0,0,391.149686863883
|||;30208,30208,30208,30208,0,0,0,0,396.149686863883
|||;30208,30208,30208,30208,0,0,0,0,401.149686863883
|||;30208,30208,30208,30208,0,0,0,0,406.149686863883
|||;30208,30208,30208,30208,0,0,0,0,411.149686863883
|||;30208,30208,30208,30208,0,0,0,0,416.149686863883
|||;30208,30208,30208,30208,0,0,0,0,421.149686863883
|||;30208,30208,30208,30208,0,0,0,0,426.149686863883
|||;30208,30208,30208,30208,0,0,0,0,431.149686863883
|||;30208,30208,30208,30208,0,0,0,0,436.149686863883
|||;30208,30208,30208,30208,0,0,0,0,441.149686863883
|||;30208,30208,30208,30208,0,0,0,0,446.149686863883
|||;30208,30208,30208,30208,0,0,0,0,451.149686863883
|||;30208,30208,30208,30208,0,0,0,0,456.149686863883
|||;30208,30208,30208,30208,0,0,0,0,461.149686863883
|||;30208,30208,30208,30208,0,0,0,0,466.149686863883
|||;30208,30208,30208,30208,0,0,0,0,471.149686863883
|||;30208,30208,30208,30208,0,0,0,0,476.149686863883
|||;30208,30208,30208,30208,0,0,0,0,481.149686863883
|||;30208,30208,30208,30208,0,0,0,0,486.149686863883
|||;30208,30208,30208,30208,0,0,0,0,491.149686863883
885zrmdy(2),|885zrmdy(2),|885zrmdy(2),|885zrmdy(2),;29030.4,28441.6,29030.4,29030.4,5.805093016875,9.633227620049,5.805093016875,5.805093016875,496.149686863883
885zrmdy(2),|885zrmdy(2),|885zrmdy(2),|885zrmdy(2),;29030.4,28441.6,29030.4,29030.4,0.805093016875,4.633227620049,0.805093016875,0.805093016875,501.149686863883
|||;30208,30208,30208,30208,0,0,0,0,506.149686863883
|||;30208,30208,30208,30208,0,0,0,0,511.149686863883
|||;30208,30208,30208,30208,0,0,0,0,516.149686863883
|||;30208,30208,30208,30208,0,0,0,0,521.149686863883
|||;30208,30208,30208,30208,0,0,0,0,526.149686863883
|||;30208,30208,30208,30208,0,0,0,0,531.149686863883
|||;30208,30208,30208,30208,0,0,0,0,536.149686863883
|||;30208,30208,30208,30208,0,0,0,0,541.149686863883
|||;30208,30208,30208,30208,0,0,0,0,546.149686863883
|||;30208,30208,30208,30208,0,0,0,0,551.149686863883
|||;30208,30208,30208,30208,0,0,0,0,556.149686863883
|||;30208,30208,30208,30208,0,0,0,0,561.149686863883
|||;30208,30208,30208,30208,0,0,0,0,566.149686863883
|||;30208,30208,30208,30208,0,0,0,0,571.149686863883
|||;30208,30208,30208,30208,0,0,0,0,576.149686863883
|||;30208,30208,30208,30208,0,0,0,0,581.149686863883
|||;30208,30208,30208,30208,0,0,0,0,586.149686863883
|||;30208,30208,30208,30208,0,0,0,0,591.149686863883
|||;30208,30208,30208,30208,0,0,0,0,596.149686863883
|||;30208,30208,30208,30208,0,0,0,0,601.149686863883
|||;30208,30208,30208,30208,0,0,0,0,606.149686863883
|||;30208,30208,30208,30208,0,0,0,0,611.149686863883
|||;30208,30208,30208,30208,0,0,0,0,616.149686863883
|||;30208,30208,30208,30208,0,0,0,0,621.149686863883
|||;30208,30208,30208,30208,0,0,0,0,626.149686863883
|||;30208,30208,30208,30208,0,0,0,0,631.149686863883
|||;30208,30208,30208,30208,0,0,0,0,636.149686863883
|||;30208,30208,30208,30208,0,0,0,0,641.149686863883
|||;30208,30208,30208,30208,0,0,0,0,646.149686863883
|||;30208,30208,30208,30208,0,0,0,0,651.149686863883
|||;30208,30208,30208,30208,0,0,0,0,656.149686863883
|||;30208,30208,30208,30208,0,0,0,0,661.149686863883
|||;30208,30208,30208,30208,0,0,0,0,666.149686863883
|||;30208,30208,30208,30208,0,0,0,0,671.149686863883
|||;30208,30208,30208,30208,0,0,0,0,676.149686863883
|||;30208,30208,30208,30208,0,0,0,0,681.149686863883
|||;30208,30208,30208,30208,0,0,0,0,686.149686863883
|||;30208,30208,30208,30208,0,0,0,0,691.149686863883
|||;30208,30208,30208,30208,0,0,0,0,696.149686863883
|||;30208,30208,30208,30208,0,0,0,0,701.149686863883
|||;30208,30208,30208,30208,0,0,0,0,706.149686863883
|||;30208,30208,30208,30208,0,0,0,0,711.149686863883
|||;30208,30208,30208,30208,0,0,0,0,716.149686863883
|||;30208,30208,30208,30208,0,0,0,0,721.149686863883
|||;30208,30208,30208,30208,0,0,0,0,726.149686863883
|||;30208,30208,30208,30208,0,0,0,0,731.149686863883
|||;30208,30208,30208,30208,0,0,0,0,736.149686863883
|||;30208,30208,30208,30208,0,0,0,0,741.149686863883
|||;30208,30208,30208,30208,0,0,0,0,746.149686863883
|||;30208,30208,30208,30208,0,0,0,0,751.149686863883
|||;30208,30208,30208,30208,0,0,0,0,756.149686863883
|||;30208,30208,30208,30208,0,0,0,0,761.149686863883
|||;30208,30208,30208,30208,0,0,0,0,766.149686863883
|||;30208,30208,30208,30208,0,0,0,0,771.149686863883
|||;30208,30208,30208,30208,0,0,0,0,776.149686863883
|||;30208,30208,30208,30208,0,0,0,0,781.149686863883
|||;30208,30208,30208,30208,0,0,0,0,786.149686863883
|||;30208,30208,30208,30208,0,0,0,0,791.149686863883
|||;30208,30208,30208,30208,0,0,0,0,796.149686863883
|||;30208,30208,30208,30208,0,0,0,0,801.149686863883
|||;30208,30208,30208,30208,0,0,0,0,806.149686863883
|||;30208,30208,30208,30208,0,0,0,0,811.149686863883
|||;30208,30208,30208,30208,0,0,0,0,816.149686863883
|||;30208,30208,30208,30208,0,0,0,0,821.149686863883
|||;30208,30208,30208,30208,0,0,0,0,826.149686863883
|||;30208,30208,30208,30208,0,0,0,0,831.149686863883
|||;30208,30208,30208,30208,0,0,0,0,836.149686863883
|||;30208,30208,30208,30208,0,0,0,0,841.149686863883
|||;30208,30208,30208,30208,0,0,0,0,846.149686863883
|||;30208,30208,30208,30208,0,0,0,0,851.149686863883
|||;30208,30208,30208,30208,0,0,0,0,856.149686863883
|||;30208,30208,30208,30208,0,0,0,0,861.149686863883
|||;30208,30208,30208,30208,0,0,0,0,866.149686863883
|||;30208,30208,30208,30208,0,0,0,0,871.149686863883
|||;30208,30208,30208,30208,0,0,0,0,876.149686863883
|||;30208,30208,30208,30208,0,0,0,0,881.149686863883
|||;30208,30208,30208,30208,0,0,0,0,886.149686863883
|||;30208,30208,30208,30208,0,0,0,0,891.149686863883
|||;30208,30208,30208,30208,0,0,0,0,896.149686863883
|||;30208,30208,30208,30208,0,0,0,0,901.149686863883
|||;30208,30208,30208,30208,0,0,0,0,906.149686863883
|||;30208,30208,30208,30208,0,0,0,0,911.149686863883
|||;30208,30208,30208,30208,0,0,0,0,916.149686863883
|||;30208,30208,30208,30208,0,0,0,0,921.149686863883
|||;30208,30208,30208,30208,0,0,0,0,926.149686863883
|||;30208,30208,30208,30208,0,0,0,0,931.149686863883
|||;30208,30208,30208,30208,0,0,0,0,936.149686863883
|||;30208,30208,30208,30208,0,0,0,0,941.149686863883
|||;30208,30208,30208,30208,0,0,0,0,946.149686863883
|||;30208,30208,30208,30208,0,0,0,0,951.149686863883
|||;30208,30208,30208,30208,0,0,0,0,956.149686863883
|||;30208,30208,30208,30208,0,0,0,0,961.149686863883
|||;30208,30208,30208,30208,0,0,0,0,966.149686863883
|||;30208,30208,30208,30208,0,0,0,0,971.149686863883
|||;30208,30208,30208,30208,0,0,0,0,976.149686863883
|||;30208,30208,30208,30208,0,0,0,0,981.149686863883
|||;30208,30208,30208,30208,0,0,0,0,986.149686863883
|||;30208,30208,30208,30208,0,0,0,0,991.149686863883
|||;30208,30208,30208,30208,0,0,0,0,996.149686863883
|||;30208,30208,30208,30208,0,0,0,0,1001.149686863883
|||;30208,30208,30208,30208,0,0,0,0,1006.149686863883
|||;30208,30208,30208,30208,0,0,0,0,1011.149686863883
|||;30208,30208,30208,30208,0,0,0,0,1016.149686863883
|||;30208,30208,30208,30208,0,0,0,0,1021.149686863883
|||;30208,30208,30208,30208,0,0,0,0,1026.149686863883
|||;30208,30208,30208,30208,0,0,0,0,1031.149686863883
|||;30208,30208,30208,30208,0,0,0,0,1036.149686863883
|||;30208,30208,30208,30208,0,0,0,0,1041.149686863883
|||;30208,30208,30208,30208,0,0,0,0,1046.149686863883
|||;30208,30208,30208,30208,0,0,0,0,1051.149686863883
|||;30208,30208,30208,30208,0,0,0,0,1056.149686863883
|||;30208,30208,30208,30208,0,0,0,0,1061.149686863883
|||;30208,30208,30208,30208,0,0,0,0,1066.149686863883
|||;30208,30208,30208,30208,0,0,0,0,1071.149686863883
|||;30208,30208,30208,30208,0,0,0,0,1076.149686863883
|||;30208,30208,30208,30208,0,0,0,0,1081.149686863883
|||;30208,30208,30208,30208,0,0,0,0,1086.149686863883
|||;30208,30208,30208,30208,0,0,0,0,1091.149686863883
|||;30208,30208,30208,30208,0,0,0,0,1096.149686863883
|||;30208,30208,30208,30208,0,0,0,0,1101.149686863883
|||;30208,30208,30208,30208,0,0,0,0,1106.149686863883
|||;30208,30208,30208,30208,0,0,0,0,1111.149686863883
|||;30208,30208,30208,30208,0,0,0,0,1116.149686863883
|||;30208,30208,30208,30208,0,0,0,0,1121.149686863883
|||;30208,30208,30208,30208,0,0,0,0,1126.149686863883
|||;30208,30208,30208,30208,0,0,0,0,1131.149686863883
|||;30208,30208,30208,30208,0,0,0,0,1136.149686863883
|||;30208,30208,30208,30208,0,0,0,0,1141.149686863883
|||;30208,30208,30208,30208,0,0,0,0,1146.149686863883
|||;30208,30208,30208,30208,0,0,0,0,1151.149686863883
|||;30208,30208,30208,30208,0,0,0,0,1156.149686863883
|||;30208,30208,30208,30208,0,0,0,0,1161.149686863883
|||;30208,30208,30208,30208,0,0,0,0,1166.149686863883
|||;30208,30208,30208,30208,0,0,0,0,1171.149686863883
|||;30208,30208,30208,30208,0,0,0,0,1176.149686863883
|||;30208,30208,30208,30208,0,0,0,0,1181.149686863883
|||;30208,30208,30208,30208,0,0,0,0,1186.149686863883
|||;30208,30208,30208,30208,0,0,0,0,1191.149686863883
|||;30208,30208,30208,30208,0,0,0,0,1196.149686863883
|||;30208,30208,30208,30208,0,0,0,0,1201.149686863883
|||;30208,30208,30208,30208,0,0,0,0,1206.149686863883
|||;30208,30208,30208,30208,0,0,0,0,1211.149686863883
|||;30208,30208,30208,30208,0,0,0,0,1216.149686863883
|||;30208,30208,30208,30208,0,0,0,0,1221.149686863883
|||;30208,30208,30208,30208,0,0,0,0,1226.149686863883
|||;30208,30208,30208,30208,0,0,0,0,1231.149686863883
|||;30208,30208,30208,30208,0,0,0,0,1236.149686863883
|||;30208,30208,30208,30208,0,0,0,0,1241.149686863883
|||;30208,30208,30208,30208,0,0,0,0,1246.149686863883
|||;30208,30208,30208,30208,0,0,0,0,1251.149686863883
|||;30208,30208,30208,30208,0,0,0,0,1256.149686863883
|||;30208,30208,30208,30208,0,0,0,0,1261.149686863883
|||;30208,30208,30208,30208,0,0,0,0,1266.149686863883
|||;30208,30208,30208,30208,0,0,0,0,1271.149686863883
|||;30208,30208,30208,30208,0,0,0,0,1276.149686863883
|||;30208,30208,30208,30208,0,0,0,0,1281.149686863883
|||;30208,30208,30208,30208,0,0,0,0,1286.149686863883
|||;30208,30208,30208,30208,0,0,0,0,1291.149686863883
|||;30208,30208,30208,30208,0,0,0,0,1296.149686863883
|||;30208,30208,30208,30208,0,0,0,0,1301.149686863883
|||;30208,30208,30208,30208,0,0,0,0,1306.149686863883
|||;30208,30208,30208,30208,0,0,0,0,1311.149686863883
|||;30208,30208,30208,30208,0,0,0,0,1316.149686863883
|||;30208,30208,30208,30208,0,0,0,0,1321.149686863883
|||;30208,30208,30208,30208,0,0,0,0,1326.149686863883
|||;30208,30208,30208,30208,0,0,0,0,1331.149686863883
|||;30208,30208,30208,30208,0,0,0,0,1336.149686863883
|||;30208,30208,30208,30208,0,0,0,0,1341.149686863883
|||;30208,30208,30208,30208,0,0,0,0,1346.149686863883
|||;30208,30208,30208,30208,0,0,0,0,1351.149686863883
|||;30208,30208,30208,30208,0,0,0,0,1356.149686863883
|||;30208,30208,30208,30208,0,0,0,0,1361.149686863883
|||;30208,30208,30208,30208,0,0,0,0,1366.149686863883
|||;30208,30208,30208,30208,0,0,0,0,1371.149686863883
|||;30208,30208,30208,30208,0,0,0,0,1376.149686863883
|||;30208,30208,30208,30208,0,0,0,0,1381.149686863883
|||;30208,30208,30208,30208,0,0,0,0,1386.149686863883
|||;30208,30208,30208,30208,0,0,0,0,1391.149686863883
|||;30208,30208,30208,30208,0,0,0,0,1396.149686863883
|||;30208,30208,30208,30208,0,0,0,0,1401.149686863883
|||;30208,30208,30208,30208,0,0,0,0,1406.149686863883
|||;30208,30208,30208,30208,0,0,0,0,1411.149686863883
|||;30208,30208,30208,30208,0,0,0,0,1416.149686863883
|||;30208,30208,30208,30208,0,0,0,0,1421.149686863883
|||;30208,30208,30208,30208,0,0,0,0,1426.149686863883
|||;30208,30208,30208,30208,0,0,0,0,1431.149686863883
|||;30208,30208,30208,30208,0,0,0,0,1436.149686863883
|||;30208,30208,30208,30208,0,0,0,0,1441.149686863883
|||;30208,30208,30208,30208,0,0,0,0,1446.149686863883
|||;30208,30208,30208,30208,0,0,0,0,1451.149686863883
|||;30208,30208,30208,30208,0,0,0,0,1456.149686863883
|||;30208,30208,30208,30208,0,0,0,0,1461.149686863883
|||;30208,30208,30208,30208,0,0,0,0,1466.149686863883
|||;30208,30208,30208,30208,0,0,0,0,1471.149686863883
|||;30208,30208,30208,30208,0,0,0,0,1476.149686863883
|||;30208,30208,30208,30208,0,0,0,0,1481.149686863883
|||;30208,30208,30208,30208,0,0,0,0,1486.149686863883
|||;30208,30208,30208,30208,0,0,0,0,1491.149686863883
|||;30208,30208,30208,30208,0,0,0,0,1496.149686863883
|||;30208,30208,30208,30208,0,0,0,0,1501.149686863883
|||;30208,30208,30208,30208,0,0,0,0,1506.149686863883
|||;30208,30208,30208,30208,0,0,0,0,1511.149686863883
|||;30208,30208,30208,30208,0,0,0,0,1516.149686863883
|||;30208,30208,30208,30208,0,0,0,0,1521.149686863883
|||;30208,30208,30208,30208,0,0,0,0,1526.149686863883
|||;30208,30208,30208,30208,0,0,0,0,1531.149686863883
|||;30208,30208,30208,30208,0,0,0,0,1536.149686863883
|||;30208,30208,30208,30208,0,0,0,0,1541.149686863883
|||;30208,30208,30208,30208,0,0,0,0,1546.149686863883
|||;30208,30208,30208,30208,0,0,0,0,1551.149686863883
|||;30208,30208,30208,30208,0,0,0,0,1556.149686863883
|||;30208,30208,30208,30208,0,0,0,0,1561.149686863883
|||;30208,30208,30208,30208,0,0,0,0,1566.149686863883
|||;30208,30208,30208,30208,0,0,0,0,1571.149686863883
|||;30208,30208,30208,30208,0,0,0,0,1576.149686863883
|||;30208,30208,30208,30208,0,0,0,0,1581.149686863883
|||;30208,30208,30208,30208,0,0,0,0,1586.149686863883
|||;30208,30208,30208,30208,0,0,0,0,1591.149686863883
|||;30208,30208,30208,30208,0,0,0,0,1596.149686863883
|||;30208,30208,30208,30208,0,0,0,0,1601.149686863883
|||;30208,30208,30208,30208,0,0,0,0,1606.149686863883
|||;30208,30208,30208,30208,0,0,0,0,1611.149686863883
|||;30208,30208,30208,30208,0,0,0,0,1616.149686863883
|||;30208,30208,30208,30208,0,0,0,0,1621.149686863883
|||;30208,30208,30208,30208,0,0,0,0,1626.149686863883
|||;30208,30208,30208,30208,0,0,0,0,1631.149686863883
|||;30208,30208,30208,30208,0,0,0,0,1636.149686863883
|||;30208,30208,30208,30208,0,0,0,0,1641.149686863883
|||;30208,30208,30208,30208,0,0,0,0,1646.149686863883
|||;30208,30208,30208,30208,0,0,0,0,1651.149686863883
|||;30208,30208,30208,30208,0,0,0,0,1656.149686863883
|||;30208,30208,30208,30208,0,0,0,0,1661.149686863883
|||;30208,30208,30208,30208,0,0,0,0,1666.149686863883
|||;30208,30208,30208,30208,0,0,0,0,1671.149686863883
|||;30208,30208,30208,30208,0,0,0,0,1676.149686863883
|||;30208,30208,30208,30208,0,0,0,0,1681.149686863883
|||;30208,30208,30208,30208,0,0,0,0,1686.149686863883
|||;30208,30208,30208,30208,0,0,0,0,1691.149686863883
|||;30208,30208,30208,30208,0,0,0,0,1696.149686863883
|||;30208,30208,30208,30208,0,0,0,0,1701.149686863883
|||;30208,30208,30208,30208,0,0,0,0,1706.149686863883
|||;30208,30208,30208,30208,0,0,0,0,1711.149686863883
|||;30208,30208,30208,30208,0,0,0,0,1716.149686863883
|||;30208,30208,30208,30208,0,0,0,0,1721.149686863883
|||;30208,30208,30208,30208,0,0,0,0,1726.149686863883
|||;30208,30208,30208,30208,0,0,0,0,1731.149686863883
|||;30208,30208,30208,30208,0,0,0,0,1736.149686863883
|||;30208,30208,30208,30208,0,0,0,0,1741.149686863883
|||;30208,30208,30208,30208,0,0,0,0,1746.149686863883
|||;30208,30208,30208,30208,0,0,0,0,1751.149686863883
|||;30208,30208,30208,30208,0,0,0,0,1756.149686863883
|||;30208,30208,30208,30208,0,0,0,0,1761.149686863883
|||;30208,30208,30208,30208,0,0,0,0,1766.149686863883
|||;30208,30208,30208,30208,0,0,0,0,1771.149686863883
|||;30208,30208,30208,30208,0,0,0,0,1776.149686863883
|||;30208,30208,30208,30208,0,0,0,0,1781.149686863883
|||;30208,30208,30208,30208,0,0,0,0,1786.149686863883
|||;30208,30208,30208,30208,0,0,0,0,1791.149686863883
|||;30208,30208,30208,30208,0,0,0,0,1796.149686863883
|||;30208,30208,30208,30208,0,0,0,0,1801.149686863883
|||;30208,30208,30208,30208,0,0,0,0,1806.149686863883
|||;30208,30208,30208,30208,0,0,0,0,1811.149686863883
|||;30208,30208,30208,30208,0,0,0,0,1816.149686863883
|||;30208,30208,30208,30208,0,0,0,0,1821.149686863883
|||;30208,30208,30208,30208,0,0,0,0,1826.149686863883
|||;30208,30208,30208,30208,0,0,0,0,1831.149686863883
|||;30208,30208,30208,30208,0,0,0,0,1836.149686863883
|||;30208,30208,30208,30208,0,0,0,0,1841.149686863883
|||;30208,30208,30208,30208,0,0,0,0,1846.149686863883
|||;30208,30208,30208,30208,0,0,0,0,1851.149686863883
|||;30208,30208,30208,30208,0,0,0,0,1856.149686863883
|||;30208,30208,30208,30208,0,0,0,0,1861.149686863883
|||;30208,30208,30208,30208,0,0,0,0,1866.149686863883
|||;30208,30208,30208,30208,0,0,0,0,1871.149686863883
|||;30208,30208,30208,30208,0,0,0,0,1876.149686863883
|||;30208,30208,30208,30208,0,0,0,0,1881.149686863883
|||;30208,30208,30208,30208,0,0,0,0,1886.149686863883
|||;30208,30208,30208,30208,0,0,0,0,1891.149686863883
|||;30208,30208,30208,30208,0,0,0,0,1896.149686863883
|||;30208,30208,30208,30208,0,0,0,0,1901.149686863883
|||;30208,30208,30208,30208,0,0,0,0,1906.149686863883
|||;30208,30208,30208,30208,0,0,0,0,1911.149686863883
|||;30208,30208,30208,30208,0,0,0,0,1916.149686863883
|||;30208,30208,30208,30208,0,0,0,0,1921.149686863883
|||;30208,30208,30208,30208,0,0,0,0,1926.149686863883
|||;30208,30208,30208,30208,0,0,0,0,1931.149686863883
|||;30208,30208,30208,30208,0,0,0,0,1936.149686863883
|||;30208,30208,30208,30208,0,0,0,0,1941.149686863883
|||;30208,30208,30208,30208,0,0,0,0,1946.149686863883
|||;30208,30208,30208,30208,0,0,0,0,1951.149686863883
|||;30208,30208,30208,30208,0,0,0,0,1956.149686863883
|||;30208,30208,30208,30208,0,0,0,0,1961.149686863883
|||;30208,30208,30208,30208,0,0,0,0,1966.149686863883
|||;30208,30208,30208,30208,0,0,0,0,1971.149686863883
|||;30208,30208,30208,30208,0,0,0,0,1976.149686863883
|||;30208,30208,30208,30208,0,0,0,0,1981.149686863883
|||;30208,30208,30208,30208,0,0,0,0,1986.149686863883
|||;30208,30208,30208,30208,0,0,0,0,1991.149686863883
|||;30208,30208,30208,30208,0,0,0,0,1996.149686863883
