|||;19968,19968,19968,19968,0,0,0,0,1.142901062721
|||;19968,19968,19968,19968,0,0,0,0,6.142901062721
|||;19968,19968,19968,19968,0,0,0,0,11.142901062721
|||;19968,19968,19968,19968,0,0,0,0,16.142901062721
|||;19968,19968,19968,19968,0,0,0,0,21.142901062721
|||;19968,19968,19968,19968,0,0,0,0,26.142901062721
|||;19968,19968,19968,19968,0,0,0,0,31.142901062721
|||;19968,19968,19968,19968,0,0,0,0,36.142901062721
|||;19968,19968,19968,19968,0,0,0,0,41.142901062721
|||;19968,19968,19968,19968,0,0,0,0,46.142901062721
|||;19968,19968,19968,19968,0,0,0,0,51.142901062721
|||;19968,19968,19968,19968,0,0,0,0,56.142901062721
|||;19968,19968,19968,19968,0,0,0,0,61.142901062721
|||;19968,19968,19968,19968,0,0,0,0,66.142901062721
|||;19968,19968,19968,19968,0,0,0,0,71.142901062721
|||;19968,19968,19968,19968,0,0,0,0,76.142901062721
|||;19968,19968,19968,19968,0,0,0,0,81.142901062721
530hygmk(2),|||;14233.6,19968,19968,19968,37.671730077033,0,0,0,86.142901062721
530hygmk(2),|||;14233.6,19968,19968,19968,32.671730077033,0,0,0,91.142901062721
530hygmk(2),|||;14233.6,19968,19968,19968,27.671730077033,0,0,0,96.142901062721
530hygmk(2),|742vloem(2),|742vloem(2),|742vloem(2),;14233.6,18462.7,18462.7,18462.7,22.671730077033,7.42425711012,7.42425711012,7.42425711012,101.142901062721
530hygmk(2),|742vloem(2),|742vloem(2),|742vloem(2),;14233.6,18462.7,18462.7,18462.7,17.671730077033,2.42425711012,2.42425711012,2.42425711012,106.142901062721
530hygmk(2),|||;14233.6,19968,19968,19968,12.671730077033,0,0,0,111.142901062721
530hygmk(2),|||;14233.6,19968,19968,19968,7.671730077033,0,0,0,116.142901062721
530hygmk(2),|||;14233.6,19968,19968,19968,2.671730077033,0,0,0,121.142901062721
530hygmk(3),|||;14233.6,19968,19968,19968,0,0,0,0,126.142901062721
530hygmk(3),|||;14233.6,19968,19968,19968,0,0,0,0,131.142901062721
530hygmk(3),|||;14233.6,19968,19968,19968,0,0,0,0,136.142901062721
530hygmk(3),|||;14233.6,19968,19968,19968,0,0,0,0,141.142901062721
530hygmk(3),|||;14233.6,19968,19968,19968,0,0,0,0,146.142901062721
530hygmk(3),|||;14233.6,19968,19968,19968,0,0,0,0,151.142901062721
530hygmk(3),|||;14233.6,19968,19968,19968,0,0,0,0,156.142901062721
530hygmk(3),|||;14233.6,19968,19968,19968,0,0,0,0,161.142901062721
530hygmk(3),|||;14233.6,19968,19968,19968,0,0,0,0,166.142901062721
530hygmk(3),|||;14233.6,19968,19968,19968,0,0,0,0,171.142901062721
530hygmk(3),|||;14233.6,19968,19968,19968,0,0,0,0,176.142901062721
530hygmk(3),|||;14233.6,19968,19968,19968,0,0,0,0,181.142901062721
530hygmk(3),|||;14233.6,19968,19968,19968,0,0,0,0,186.142901062721
530hygmk(3),|||;14233.6,19968,19968,19968,0,0,0,0,191.142901062721
530hygmk(3),|||;14233.6,19968,19968,19968,0,0,0,0,196.142901062721
530hygmk(3),|||;14233.6,19968,19968,19968,0,0,0,0,201.142901062721
530hygmk(3),|||;14233.6,19968,19968,19968,0,0,0,0,206.142901062721
|||;19968,19968,19968,19968,0,0,0,0,211.142901062721
482bnuyt(2),||482bnuyt(2),|;16097.3,19968,16097.3,19968,27.090932475723,0,27.090932475723,0,216.142901062721
482bnuyt(2),||482bnuyt(2),|;16097.3,19968,16097.3,19968,22.090932475723,0,22.090932475723,0,221.142901062721
482bnuyt(2),||482bnuyt(2),|;16097.3,19968,16097.3,19968,17.090932475723,0,17.090932475723,0,226.142901062721
482bnuyt(2),||482bnuyt(2),|;16097.3,19968,16097.3,19968,12.090932475723,0,12.090932475723,0,231.142901062721
482bnuyt(2),||482bnuyt(2),|;16097.3,19968,16097.3,19968,7.090932475723,0,7.090932475723,0,236.142901062721
482bnuyt(2),||482bnuyt(2),|;16097.3,19968,16097.3,19968,2.090932475723,0,2.090932475723,0,241.142901062721
482bnuyt(3),||482bnuyt(3),|;16097.3,19968,16097.3,19968,0,0,0,0,246.142901062721
482bnuyt(3),||482bnuyt(3),|;16097.3,19968,16097.3,19968,0,0,0,0,251.142901062721
482bnuyt(3),||482bnuyt(3),|;16097.3,19968,16097.3,19968,0,0,0,0,256.142901062721
482bnuyt(3),||482bnuyt(3),|;16097.3,19968,16097.3,19968,0,0,0,0,261.142901062721
482bnuyt(3),||482bnuyt(3),|;16097.3,19968,16097.3,19968,0,0,0,0,266.142901062721
482bnuyt(3),||482bnuyt(3),|;16097.3,19968,16097.3,19968,0,0,0,0,271.142901062721
482bnuyt(3),||482bnuyt(3),|;16097.3,19968,16097.3,19968,0,0,0,0,276.142901062721
|||;19968,19968,19968,19968,0,0,0,0,281.142901062721
|||;19968,19968,19968,19968,0,0,0,0,286.142901062721
|||;19968,19968,19968,19968,0,0,0,0,291.142901062721
|||;19968,19968,19968,19968,0,0,0,0,296.142901062721
|||;19968,19968,19968,19968,0,0,0,0,301.142901062721
|||;19968,19968,19968,19968,0,0,0,0,306.142901062721
|||;19968,19968,19968,19968,0,0,0,0,311.142901062721
|||;19968,19968,19968,19968,0,0,0,0,316.142901062721
|||;19968,19968,19968,19968,0,0,0,0,321.142901062721
|||;19968,19968,19968,19968,0,0,0,0,326.142901062721
|||;19968,19968,19968,19968,0,0,0,0,331.142901062721
|||;19968,19968,19968,19968,0,0,0,0,336.142901062721
|||;19968,19968,19968,19968,0,0,0,0,341.142901062721
|||;19968,19968,19968,19968,0,0,0,0,346.142901062721
|||;19968,19968,19968,19968,0,0,0,0,351.142901062721
|||;19968,19968,19968,19968,0,0,0,0,356.142901062721
|||;19968,19968,19968,19968,0,0,0,0,361.142901062721
|||;19968,19968,19968,19968,0,0,0,0,366.142901062721
|||;19968,19968,19968,19968,0,0,0,0,371.142901062721
|||;19968,19968,19968,19968,0,0,0,0,376.142901062721
|280gpnjk(2),||;19968,19031,19968,19968,0,3.949422603606,0,0,381.142901062721
|280gpnjk(3),||;19968,19031,19968,19968,0,0,0,0,386.142901062721
|280gpnjk(3),||;19968,19031,19968,19968,0,0,0,0,391.142901062721
|280gpnjk(3),||;19968,19031,19968,19968,0,0,0,0,396.142901062721
|280gpnjk(3),||;19968,19031,19968,19968,0,0,0,0,401.142901062721
|280gpnjk(3),||;19968,19031,19968,19968,0,0,0,0,406.142901062721
|280gpnjk(3),||;19968,19031,19968,19968,0,0,0,0,411.142901062721
|280gpnjk(3),||;19968,19031,19968,19968,0,0,0,0,416.142901062721
|280gpnjk(3),||;19968,19031,19968,19968,0,0,0,0,421.142901062721
|280gpnjk(3),||;19968,19031,19968,19968,0,0,0,0,426.142901062721
|280gpnjk(3),||;19968,19031,19968,19968,0,0,0,0,431.142901062721
|280gpnjk(3),||;19968,19031,19968,19968,0,0,0,0,436.142901062721
|280gpnjk(3),||;19968,19031,19968,19968,0,0,0,0,441.142901062721
|280gpnjk(3),||;19968,19031,19968,19968,0,0,0,0,446.142901062721
|280gpnjk(3),|731knjdf(0),|731knjdf(0),;19968,19031,14699.5,17710.1,0,0,41.771999036369,19.746220510054,451.142901062721
|280gpnjk(3),|731knjdf(2),|731knjdf(2),;19968,19031,14699.5,17710.1,0,0,36.771999036369,14.746220510054,456.142901062721
|280gpnjk(3),|731knjdf(2),|731knjdf(2),;19968,19031,14699.5,17710.1,0,0,31.771999036369,9.746220510054,461.142901062721
|280gpnjk(3),|731knjdf(2),|731knjdf(2),;19968,19031,14699.5,17710.1,0,0,26.771999036369,4.746220510054,466.142901062721
|280gpnjk(3),|731knjdf(2),|731knjdf(3),;19968,19031,14699.5,17710.1,0,0,21.771999036369,0,471.142901062721
|280gpnjk(3),|731knjdf(2),|731knjdf(3),;19968,19031,14699.5,17710.1,0,0,16.771999036369,0,476.142901062721
|280gpnjk(3),|731knjdf(2),|731knjdf(3),;19968,19031,14699.5,17710.1,0,0,11.771999036369,0,481.142901062721
|280gpnjk(3),|731knjdf(2),|731knjdf(3),;19968,19031,14699.5,17710.1,0,0,6.771999036369,0,486.142901062721
|280gpnjk(3),|731knjdf(2),|731knjdf(3),;19968,19031,14699.5,17710.1,0,0,1.771999036369,0,491.142901062721
|280gpnjk(3),|731knjdf(3),|731knjdf(3),;19968,19031,14699.5,17710.1,0,0,0,0,496.142901062721
|280gpnjk(3),|731knjdf(3),|731knjdf(3),;19968,19031,14699.5,17710.1,0,0,0,0,501.142901062721
|280gpnjk(3),|731knjdf(3),|731knjdf(3),;19968,19031,14699.5,17710.1,0,0,0,0,506.142901062721
|280gpnjk(3),|731knjdf(3),|731knjdf(3),;19968,19031,14699.5,17710.1,0,0,0,0,511.142901062721
|280gpnjk(3),|731knjdf(3),|731knjdf(3),;19968,19031,14699.5,17710.1,0,0,0,0,516.142901062721
|280gpnjk(3),|731knjdf(3),|731knjdf(3),;19968,19031,14699.5,17710.1,0,0,0,0,521.142901062721
|280gpnjk(3),|731knjdf(3),|731knjdf(3),;19968,19031,14699.5,17710.1,0,0,0,0,526.142901062721
|280gpnjk(3),|731knjdf(3),|731knjdf(3),;19968,19031,14699.5,17710.1,0,0,0,0,531.142901062721
|280gpnjk(3),|731knjdf(3),|;19968,19031,14699.5,19968,0,0,0,0,536.142901062721
|280gpnjk(3),|731knjdf(3),|;19968,19031,14699.5,19968,0,0,0,0,541.142901062721
|280gpnjk(3),|731knjdf(3),|;19968,19031,14699.5,19968,0,0,0,0,546.142901062721
|280gpnjk(3),|731knjdf(3),|;19968,19031,14699.5,19968,0,0,0,0,551.142901062721
|280gpnjk(3),|731knjdf(3),|;19968,19031,14699.5,19968,0,0,0,0,556.142901062721
|280gpnjk(3),|731knjdf(3),|;19968,19031,14699.5,19968,0,0,0,0,561.142901062721
|280gpnjk(3),|731knjdf(3),|;19968,19031,14699.5,19968,0,0,0,0,566.142901062721
|280gpnjk(3),|731knjdf(3),|;19968,19031,14699.5,19968,0,0,0,0,571.142901062721
|280gpnjk(3),|731knjdf(3),|;19968,19031,14699.5,19968,0,0,0,0,576.142901062721
634fvglx(0),|280gpnjk(3),634fvglx(0),|731knjdf(3),|;17479.7,13224.9,14699.5,19968,20.878569726982,45.15187667435,0,0,581.142901062721
634fvglx(2),|280gpnjk(3),634fvglx(2),|731knjdf(3),|;17479.7,13224.9,14699.5,19968,15.878569726982,40.15187667435,0,0,586.142901062721
634fvglx(2),|280gpnjk(3),634fvglx(2),|731knjdf(3),|;17479.7,13224.9,14699.5,19968,10.878569726982,35.15187667435,0,0,591.142901062721
634fvglx(2),|280gpnjk(3),634fvglx(2),|731knjdf(3),|;17479.7,13224.9,14699.5,19968,5.878569726982,30.15187667435,0,0,596.142901062721
634fvglx(2),|280gpnjk(3),634fvglx(2),|731knjdf(3),|;17479.7,13224.9,14699.5,19968,0.878569726982,25.15187667435,0,0,601.142901062721
634fvglx(3),|280gpnjk(3),634fvglx(2),|731knjdf(3),|;17479.7,13224.9,14699.5,19968,0,20.15187667435,0,0,606.142901062721
634fvglx(3),|280gpnjk(3),634fvglx(2),|731knjdf(3),|;17479.7,13224.9,14699.5,19968,0,15.15187667435,0,0,611.142901062721
634fvglx(3),|280gpnjk(3),634fvglx(2),|731knjdf(3),|;17479.7,13224.9,14699.5,19968,0,10.15187667435,0,0,616.142901062721
634fvglx(3),|280gpnjk(3),634fvglx(2),|731knjdf(3),|;17479.7,13224.9,14699.5,19968,0,5.15187667435,0,0,621.142901062721
634fvglx(3),|280gpnjk(3),634fvglx(3),|731knjdf(3),|;17479.7,13224.9,14699.5,19968,0,0.15187667435,0,0,626.142901062721
634fvglx(3),|280gpnjk(3),634fvglx(3),|731knjdf(3),|;17479.7,13224.9,14699.5,19968,0,0,0,0,631.142901062721
634fvglx(3),|280gpnjk(3),634fvglx(3),|731knjdf(3),|;17479.7,13224.9,14699.5,19968,0,0,0,0,636.142901062721
634fvglx(3),|280gpnjk(3),634fvglx(3),|731knjdf(3),|;17479.7,13224.9,14699.5,19968,0,0,0,0,641.142901062721
634fvglx(3),|280gpnjk(3),634fvglx(3),|731knjdf(3),|;17479.7,13224.9,14699.5,19968,0,0,0,0,646.142901062721
634fvglx(3),|280gpnjk(3),634fvglx(3),|731knjdf(3),|;17479.7,13224.9,14699.5,19968,0,0,0,0,651.142901062721
215efmcu(0),|280gpnjk(3),634fvglx(3),|731knjdf(3),|215efmcu(0),;16204.8,13224.9,14699.5,16204.8,31.56233580112,0,0,31.56233580112,656.142901062721
215efmcu(2),|280gpnjk(3),634fvglx(3),|731knjdf(3),|215efmcu(2),;16204.8,13224.9,14699.5,16204.8,26.56233580112,0,0,26.56233580112,661.142901062721
215efmcu(2),|280gpnjk(3),634fvglx(3),||215efmcu(2),;16204.8,13224.9,19968,16204.8,21.56233580112,0,0,21.56233580112,666.142901062721
215efmcu(2),241idysv(0),|280gpnjk(3),634fvglx(3),241idysv(0),|241idysv(0),|215efmcu(2),241idysv(0),;15554.6,11274.2,16716.8,15554.6,26.413829113358,17.388404231973,26.90294121443,26.413829113358,671.142901062721
215efmcu(2),241idysv(1),|280gpnjk(3),634fvglx(3),241idysv(2),|241idysv(2),|215efmcu(2),241idysv(1),;15554.6,11274.2,16716.8,15554.6,21.413829113358,12.388404231973,21.90294121443,21.413829113358,676.142901062721
215efmcu(2),241idysv(1),|280gpnjk(3),634fvglx(3),241idysv(2),|241idysv(2),|215efmcu(2),241idysv(1),;15554.6,11274.2,16716.8,15554.6,16.413829113358,7.388404231973,16.90294121443,16.413829113358,681.142901062721
215efmcu(2),241idysv(1),|280gpnjk(3),634fvglx(3),241idysv(2),|241idysv(2),|215efmcu(2),241idysv(1),;15554.6,11274.2,16716.8,15554.6,11.413829113358,2.388404231973,11.90294121443,11.413829113358,686.142901062721
215efmcu(3),241idysv(2),|280gpnjk(3),634fvglx(3),241idysv(3),|241idysv(2),|215efmcu(3),241idysv(2),;15554.6,11274.2,16716.8,15554.6,6.413829113358,0,6.90294121443,6.413829113358,691.142901062721
215efmcu(3),241idysv(3),|280gpnjk(3),634fvglx(3),241idysv(3),|241idysv(2),|215efmcu(3),241idysv(3),;15554.6,11274.2,16716.8,15554.6,1.413829113358,0,1.90294121443,1.413829113358,696.142901062721
215efmcu(3),241idysv(3),|280gpnjk(3),634fvglx(3),241idysv(3),|241idysv(3),|215efmcu(3),241idysv(3),;15554.6,11274.2,16716.8,15554.6,0,0,0,0,701.142901062721
215efmcu(3),241idysv(3),|634fvglx(3),241idysv(3),|241idysv(3),|215efmcu(3),241idysv(3),;15554.6,12211.2,16716.8,15554.6,0,0,0,0,706.142901062721
215efmcu(3),241idysv(3),|634fvglx(3),241idysv(3),|241idysv(3),|215efmcu(3),241idysv(3),;15554.6,12211.2,16716.8,15554.6,0,0,0,0,711.142901062721
215efmcu(3),241idysv(3),|634fvglx(3),241idysv(3),|241idysv(3),|215efmcu(3),241idysv(3),;15554.6,12211.2,16716.8,15554.6,0,0,0,0,716.142901062721
215efmcu(3),241idysv(3),|634fvglx(3),241idysv(3),|241idysv(3),|215efmcu(3),241idysv(3),;15554.6,12211.2,16716.8,15554.6,0,0,0,0,721.142901062721
215efmcu(3),241idysv(3),|634fvglx(3),241idysv(3),|241idysv(3),|215efmcu(3),241idysv(3),;15554.6,12211.2,16716.8,15554.6,0,0,0,0,726.142901062721
215efmcu(3),241idysv(3),|634fvglx(3),241idysv(3),|241idysv(3),|215efmcu(3),241idysv(3),;15554.6,12211.2,16716.8,15554.6,0,0,0,0,731.142901062721
215efmcu(3),241idysv(3),|634fvglx(3),241idysv(3),|241idysv(3),|215efmcu(3),241idysv(3),;15554.6,12211.2,16716.8,15554.6,0,0,0,0,736.142901062721
215efmcu(3),241idysv(3),|634fvglx(3),241idysv(3),|241idysv(3),|215efmcu(3),241idysv(3),;15554.6,12211.2,16716.8,15554.6,0,0,0,0,741.142901062721
215efmcu(3),241idysv(3),|634fvglx(3),241idysv(3),|241idysv(3),|215efmcu(3),241idysv(3),;15554.6,12211.2,16716.8,15554.6,0,0,0,0,746.142901062721
215efmcu(3),241idysv(3),|634fvglx(3),241idysv(3),|241idysv(3),|215efmcu(3),241idysv(3),;15554.6,12211.2,16716.8,15554.6,0,0,0,0,751.142901062721
215efmcu(3),241idysv(3),|634fvglx(3),241idysv(3),|241idysv(3),|215efmcu(3),241idysv(3),;15554.6,12211.2,16716.8,15554.6,0,0,0,0,756.142901062721
215efmcu(3),241idysv(3),|634fvglx(3),241idysv(3),|241idysv(3),|215efmcu(3),241idysv(3),;15554.6,12211.2,16716.8,15554.6,0,0,0,0,761.142901062721
215efmcu(3),241idysv(3),|634fvglx(3),241idysv(3),|241idysv(3),|215efmcu(3),241idysv(3),;15554.6,12211.2,16716.8,15554.6,0,0,0,0,766.142901062721
215efmcu(3),241idysv(3),|241idysv(3),|241idysv(3),|215efmcu(3),241idysv(3),;15554.6,18017.3,16716.8,15554.6,0,0,0,0,771.142901062721
215efmcu(3),|||215efmcu(3),241idysv(3),;16204.8,19968,19968,15554.6,0,0,0,0,776.142901062721
215efmcu(3),|||215efmcu(3),241idysv(3),;16204.8,19968,19968,15554.6,0,0,0,0,781.142901062721
215efmcu(3),|||215efmcu(3),241idysv(3),;16204.8,19968,19968,15554.6,0,0,0,0,786.142901062721
215efmcu(3),|||215efmcu(3),241idysv(3),;16204.8,19968,19968,15554.6,0,0,0,0,791.142901062721
215efmcu(3),||218cimhn(0),|215efmcu(3),241idysv(3),;16204.8,19968,13946.9,15554.6,0,0,44.705804742973,0,796.142901062721
215efmcu(3),|633dwzvp(0),|218cimhn(2),|215efmcu(3),241idysv(3),633dwzvp(0),;16204.8,16819.2,13946.9,12405.8,0,25.361071439675,39.705804742973,25.361071439675,801.142901062721
215efmcu(3),|633dwzvp(2),|218cimhn(2),|215efmcu(3),241idysv(3),633dwzvp(2),;16204.8,16819.2,13946.9,12405.8,0,20.361071439675,34.705804742973,20.361071439675,806.142901062721
215efmcu(3),|633dwzvp(2),|218cimhn(2),|215efmcu(3),241idysv(3),633dwzvp(2),;16204.8,16819.2,13946.9,12405.8,0,15.361071439675,29.705804742973,15.361071439675,811.142901062721
215efmcu(3),|633dwzvp(2),|218cimhn(2),|215efmcu(3),241idysv(3),633dwzvp(2),;16204.8,16819.2,13946.9,12405.8,0,10.361071439675,24.705804742973,10.361071439675,816.142901062721
215efmcu(3),|633dwzvp(2),|218cimhn(2),|215efmcu(3),241idysv(3),633dwzvp(2),;16204.8,16819.2,13946.9,12405.8,0,5.361071439675,19.705804742973,5.361071439675,821.142901062721
|633dwzvp(2),|218cimhn(2),|241idysv(3),633dwzvp(2),;19968,16819.2,13946.9,16169,0,0.361071439675,14.705804742973,0.361071439675,826.142901062721
|633dwzvp(3),|218cimhn(2),|241idysv(3),633dwzvp(3),;19968,16819.2,13946.9,16169,0,0,9.705804742973,0,831.142901062721
|633dwzvp(3),|218cimhn(2),|241idysv(3),633dwzvp(3),;19968,16819.2,13946.9,16169,0,0,4.705804742973,0,836.142901062721
|633dwzvp(3),|218cimhn(3),|241idysv(3),633dwzvp(3),;19968,16819.2,13946.9,16169,0,0,0,0,841.142901062721
|633dwzvp(3),|218cimhn(3),|241idysv(3),633dwzvp(3),;19968,16819.2,13946.9,16169,0,0,0,0,846.142901062721
|633dwzvp(3),|218cimhn(3),|241idysv(3),633dwzvp(3),;19968,16819.2,13946.9,16169,0,0,0,0,851.142901062721
|633dwzvp(3),|218cimhn(3),|241idysv(3),633dwzvp(3),;19968,16819.2,13946.9,16169,0,0,0,0,856.142901062721
|633dwzvp(3),|218cimhn(3),|241idysv(3),633dwzvp(3),;19968,16819.2,13946.9,16169,0,0,0,0,861.142901062721
|633dwzvp(3),|218cimhn(3),|241idysv(3),633dwzvp(3),;19968,16819.2,13946.9,16169,0,0,0,0,866.142901062721
|633dwzvp(3),|218cimhn(3),|241idysv(3),633dwzvp(3),;19968,16819.2,13946.9,16169,0,0,0,0,871.142901062721
|633dwzvp(3),|218cimhn(3),|241idysv(3),633dwzvp(3),;19968,16819.2,13946.9,16169,0,0,0,0,876.142901062721
|633dwzvp(3),|218cimhn(3),|241idysv(3),633dwzvp(3),;19968,16819.2,13946.9,16169,0,0,0,0,881.142901062721
|633dwzvp(3),|218cimhn(3),|633dwzvp(3),;19968,16819.2,13946.9,16819.2,0,0,0,0,886.142901062721
|633dwzvp(3),|218cimhn(3),|633dwzvp(3),;19968,16819.2,13946.9,16819.2,0,0,0,0,891.142901062721
|633dwzvp(3),|218cimhn(3),|633dwzvp(3),;19968,16819.2,13946.9,16819.2,0,0,0,0,896.142901062721
|633dwzvp(3),|218cimhn(3),|633dwzvp(3),;19968,16819.2,13946.9,16819.2,0,0,0,0,901.142901062721
|633dwzvp(3),|218cimhn(3),|633dwzvp(3),;19968,16819.2,13946.9,16819.2,0,0,0,0,906.142901062721
|633dwzvp(3),|218cimhn(3),|633dwzvp(3),;19968,16819.2,13946.9,16819.2,0,0,0,0,911.142901062721
|633dwzvp(3),|218cimhn(3),|633dwzvp(3),;19968,16819.2,13946.9,16819.2,0,0,0,0,916.142901062721
|633dwzvp(3),|218cimhn(3),|633dwzvp(3),;19968,16819.2,13946.9,16819.2,0,0,0,0,921.142901062721
|633dwzvp(3),|218cimhn(3),|633dwzvp(3),;19968,16819.2,13946.9,16819.2,0,0,0,0,926.142901062721
|633dwzvp(3),|218cimhn(3),|633dwzvp(3),;19968,16819.2,13946.9,16819.2,0,0,0,0,931.142901062721
|633dwzvp(3),|218cimhn(3),|633dwzvp(3),;19968,16819.2,13946.9,16819.2,0,0,0,0,936.142901062721
||218cimhn(3),|;19968,19968,13946.9,19968,0,0,0,0,941.142901062721
||218cimhn(3),|;19968,19968,13946.9,19968,0,0,0,0,946.142901062721
||218cimhn(3),|;19968,19968,13946.9,19968,0,0,0,0,951.142901062721
||218cimhn(3),|;19968,19968,13946.9,19968,0,0,0,0,956.142901062721
||218cimhn(3),|;19968,19968,13946.9,19968,0,0,0,0,961.142901062721
||218cimhn(3),|;19968,19968,13946.9,19968,0,0,0,0,966.142901062721
||218cimhn(3),|;19968,19968,13946.9,19968,0,0,0,0,971.142901062721
||218cimhn(3),|;19968,19968,13946.9,19968,0,0,0,0,976.142901062721
741mzled(2),|741mzled(2),|218cimhn(3),741mzled(2),|741mzled(2),;18201.6,18790.4,12769.3,18201.6,9.755928972247,5.524832831896,5.524832831896,9.755928972247,981.142901062721
741mzled(2),|741mzled(2),|218cimhn(3),741mzled(2),|741mzled(2),;18201.6,18790.4,12769.3,18201.6,4.755928972247,0.524832831896,0.524832831896,4.755928972247,986.142901062721
||218cimhn(3),|;19968,19968,13946.9,19968,0,0,0,0,991.142901062721
||218cimhn(3),|;19968,19968,13946.9,19968,0,0,0,0,996.142901062721
||218cimhn(3),|;19968,19968,13946.9,19968,0,0,0,0,1001.142901062721
|||;19968,19968,19968,19968,0,0,0,0,1006.142901062721
|||;19968,19968,19968,19968,0,0,0,0,1011.142901062721
|||;19968,19968,19968,19968,0,0,0,0,1016.142901062721
|||;19968,19968,19968,19968,0,0,0,0,1021.142901062721
|||;19968,19968,19968,19968,0,0,0,0,1026.142901062721
|||;19968,19968,19968,19968,0,0,0,0,1031.142901062721
|||;19968,19968,19968,19968,0,0,0,0,1036.142901062721
|||;19968,19968,19968,19968,0,0,0,0,1041.142901062721
|||;19968,19968,19968,19968,0,0,0,0,1046.142901062721
638hmkti(2),|638hmkti(2),|638hmkti(2),|638hmkti(2),;18416.6,18933.8,18416.6,18933.8,8.472465890692,4.756459715254,8.472465890692,4.756459715254,1051.142901062721
638hmkti(2),||638hmkti(2),|;18416.6,19968,18416.6,19968,3.472465890692,0,3.472465890692,0,1056.142901062721
|||;19968,19968,19968,19968,0,0,0,0,1061.142901062721
|||;19968,19968,19968,19968,0,0,0,0,1066.142901062721
|||;19968,19968,19968,19968,0,0,0,0,1071.142901062721
|||;19968,19968,19968,19968,0,0,0,0,1076.142901062721
|||;19968,19968,19968,19968,0,0,0,0,1081.142901062721
|||;19968,19968,19968,19968,0,0,0,0,1086.142901062721
|||;19968,19968,19968,19968,0,0,0,0,1091.142901062721
|||;19968,19968,19968,19968,0,0,0,0,1096.142901062721
|||;19968,19968,19968,19968,0,0,0,0,1101.142901062721
|||;19968,19968,19968,19968,0,0,0,0,1106.142901062721
|||;19968,19968,19968,19968,0,0,0,0,1111.142901062721
|||;19968,19968,19968,19968,0,0,0,0,1116.142901062721
|||;19968,19968,19968,19968,0,0,0,0,1121.142901062721
|||;19968,19968,19968,19968,0,0,0,0,1126.142901062721
|||;19968,19968,19968,19968,0,0,0,0,1131.142901062721
|||;19968,19968,19968,19968,0,0,0,0,1136.142901062721
|||;19968,19968,19968,19968,0,0,0,0,1141.142901062721
|||;19968,19968,19968,19968,0,0,0,0,1146.142901062721
|||;19968,19968,19968,19968,0,0,0,0,1151.142901062721
|||;19968,19968,19968,19968,0,0,0,0,1156.142901062721
|||;19968,19968,19968,19968,0,0,0,0,1161.142901062721
|||;19968,19968,19968,19968,0,0,0,0,1166.142901062721
|||;19968,19968,19968,19968,0,0,0,0,1171.142901062721
|||;19968,19968,19968,19968,0,0,0,0,1176.142901062721
|||;19968,19968,19968,19968,0,0,0,0,1181.142901062721
|||;19968,19968,19968,19968,0,0,0,0,1186.142901062721
|||;19968,19968,19968,19968,0,0,0,0,1191.142901062721
|||;19968,19968,19968,19968,0,0,0,0,1196.142901062721
|||;19968,19968,19968,19968,0,0,0,0,1201.142901062721
|||;19968,19968,19968,19968,0,0,0,0,1206.142901062721
|||;19968,19968,19968,19968,0,0,0,0,1211.142901062721
|||;19968,19968,19968,19968,0,0,0,0,1216.142901062721
|||;19968,19968,19968,19968,0,0,0,0,1221.142901062721
|||;19968,19968,19968,19968,0,0,0,0,1226.142901062721
|||;19968,19968,19968,19968,0,0,0,0,1231.142901062721
|||;19968,19968,19968,19968,0,0,0,0,1236.142901062721
|||;19968,19968,19968,19968,0,0,0,0,1241.142901062721
|||;19968,19968,19968,19968,0,0,0,0,1246.142901062721
|||;19968,19968,19968,19968,0,0,0,0,1251.142901062721
|||;19968,19968,19968,19968,0,0,0,0,1256.142901062721
|||;19968,19968,19968,19968,0,0,0,0,1261.142901062721
|||;19968,19968,19968,19968,0,0,0,0,1266.142901062721
|||;19968,19968,19968,19968,0,0,0,0,1271.142901062721
|||;19968,19968,19968,19968,0,0,0,0,1276.142901062721
|||;19968,19968,19968,19968,0,0,0,0,1281.142901062721
|||;19968,19968,19968,19968,0,0,0,0,1286.142901062721
|||;19968,19968,19968,19968,0,0,0,0,1291.142901062721
|||;19968,19968,19968,19968,0,0,0,0,1296.142901062721
|||;19968,19968,19968,19968,0,0,0,0,1301.142901062721
|||;19968,19968,19968,19968,0,0,0,0,1306.142901062721
|||;19968,19968,19968,19968,0,0,0,0,1311.142901062721
|||;19968,19968,19968,19968,0,0,0,0,1316.142901062721
|||;19968,19968,19968,19968,0,0,0,0,1321.142901062721
|||;19968,19968,19968,19968,0,0,0,0,1326.142901062721
|||;19968,19968,19968,19968,0,0,0,0,1331.142901062721
|||;19968,19968,19968,19968,0,0,0,0,1336.142901062721
|||;19968,19968,19968,19968,0,0,0,0,1341.142901062721
|||;19968,19968,19968,19968,0,0,0,0,1346.142901062721
|||;19968,19968,19968,19968,0,0,0,0,1351.142901062721
|||;19968,19968,19968,19968,0,0,0,0,1356.142901062721
|||;19968,19968,19968,19968,0,0,0,0,1361.142901062721
|||;19968,19968,19968,19968,0,0,0,0,1366.142901062721
|||;19968,19968,19968,19968,0,0,0,0,1371.142901062721
|||;19968,19968,19968,19968,0,0,0,0,1376.142901062721
|||;19968,19968,19968,19968,0,0,0,0,1381.142901062721
|||;19968,19968,19968,19968,0,0,0,0,1386.142901062721
|||;19968,19968,19968,19968,0,0,0,0,1391.142901062721
|||;19968,19968,19968,19968,0,0,0,0,1396.142901062721
|||;19968,19968,19968,19968,0,0,0,0,1401.142901062721
|||;19968,19968,19968,19968,0,0,0,0,1406.142901062721
|||;19968,19968,19968,19968,0,0,0,0,1411.142901062721
|||;19968,19968,19968,19968,0,0,0,0,1416.142901062721
|||;19968,19968,19968,19968,0,0,0,0,1421.142901062721
|||;19968,19968,19968,19968,0,0,0,0,1426.142901062721
|||;19968,19968,19968,19968,0,0,0,0,1431.142901062721
|||;19968,19968,19968,19968,0,0,0,0,1436.142901062721
|||;19968,19968,19968,19968,0,0,0,0,1441.142901062721
|||;19968,19968,19968,19968,0,0,0,0,1446.142901062721
|||;19968,19968,19968,19968,0,0,0,0,1451.142901062721
|||;19968,19968,19968,19968,0,0,0,0,1456.142901062721
|||;19968,19968,19968,19968,0,0,0,0,1461.142901062721
|||;19968,19968,19968,19968,0,0,0,0,1466.142901062721
|||;19968,19968,19968,19968,0,0,0,0,1471.142901062721
|||;19968,19968,19968,19968,0,0,0,0,1476.142901062721
|||;19968,19968,19968,19968,0,0,0,0,1481.142901062721
|||;19968,19968,19968,19968,0,0,0,0,1486.142901062721
|||;19968,19968,19968,19968,0,0,0,0,1491.142901062721
|59qgnme(2),||59qgnme(2),;19968,16025.6,19968,16025.6,0,24.959366729833,0,24.959366729833,1496.142901062721
|59qgnme(2),||59qgnme(2),;19968,16025.6,19968,16025.6,0,19.959366729833,0,19.959366729833,1501.142901062721
|59qgnme(2),||59qgnme(2),;19968,16025.6,19968,16025.6,0,14.959366729833,0,14.959366729833,1506.142901062721
|59qgnme(2),||59qgnme(2),;19968,16025.6,19968,16025.6,0,9.959366729833,0,9.959366729833,1511.142901062721
|59qgnme(2),||59qgnme(2),;19968,16025.6,19968,16025.6,0,4.959366729833,0,4.959366729833,1516.142901062721
|59qgnme(3),||59qgnme(3),;19968,16025.6,19968,16025.6,0,0,0,0,1521.142901062721
|59qgnme(3),||59qgnme(3),;19968,16025.6,19968,16025.6,0,0,0,0,1526.142901062721
|59qgnme(3),||59qgnme(3),;19968,16025.6,19968,16025.6,0,0,0,0,1531.142901062721
|59qgnme(3),||59qgnme(3),;19968,16025.6,19968,16025.6,0,0,0,0,1536.142901062721
|59qgnme(3),||59qgnme(3),;19968,16025.6,19968,16025.6,0,0,0,0,1541.142901062721
|59qgnme(3),||59qgnme(3),;19968,16025.6,19968,16025.6,0,0,0,0,1546.142901062721
|59qgnme(3),||59qgnme(3),;19968,16025.6,19968,16025.6,0,0,0,0,1551.142901062721
|59qgnme(3),||59qgnme(3),;19968,16025.6,19968,16025.6,0,0,0,0,1556.142901062721
|59qgnme(3),||59qgnme(3),;19968,16025.6,19968,16025.6,0,0,0,0,1561.142901062721
|59qgnme(3),||59qgnme(3),;19968,16025.6,19968,16025.6,0,0,0,0,1566.142901062721
|59qgnme(3),||59qgnme(3),;19968,16025.6,19968,16025.6,0,0,0,0,1571.142901062721
|59qgnme(3),||59qgnme(3),;19968,16025.6,19968,16025.6,0,0,0,0,1576.142901062721
|59qgnme(3),||59qgnme(3),;19968,16025.6,19968,16025.6,0,0,0,0,1581.142901062721
|59qgnme(3),||59qgnme(3),;19968,16025.6,19968,16025.6,0,0,0,0,1586.142901062721
|59qgnme(3),||59qgnme(3),;19968,16025.6,19968,16025.6,0,0,0,0,1591.142901062721
|59qgnme(3),||59qgnme(3),;19968,16025.6,19968,16025.6,0,0,0,0,1596.142901062721
|59qgnme(3),||59qgnme(3),;19968,16025.6,19968,16025.6,0,0,0,0,1601.142901062721
|59qgnme(3),||59qgnme(3),;19968,16025.6,19968,16025.6,0,0,0,0,1606.142901062721
|59qgnme(3),||59qgnme(3),;19968,16025.6,19968,16025.6,0,0,0,0,1611.142901062721
|||;19968,19968,19968,19968,0,0,0,0,1616.142901062721
|||;19968,19968,19968,19968,0,0,0,0,1621.142901062721
|||;19968,19968,19968,19968,0,0,0,0,1626.142901062721
|||;19968,19968,19968,19968,0,0,0,0,1631.142901062721
|||;19968,19968,19968,19968,0,0,0,0,1636.142901062721
|||;19968,19968,19968,19968,0,0,0,0,1641.142901062721
|||;19968,19968,19968,19968,0,0,0,0,1646.142901062721
|||;19968,19968,19968,19968,0,0,0,0,1651.142901062721
|||;19968,19968,19968,19968,0,0,0,0,1656.142901062721
|||;19968,19968,19968,19968,0,0,0,0,1661.142901062721
|||;19968,19968,19968,19968,0,0,0,0,1666.142901062721
|||;19968,19968,19968,19968,0,0,0,0,1671.142901062721
|||;19968,19968,19968,19968,0,0,0,0,1676.142901062721
|||;19968,19968,19968,19968,0,0,0,0,1681.142901062721
|||;19968,19968,19968,19968,0,0,0,0,1686.142901062721
|||;19968,19968,19968,19968,0,0,0,0,1691.142901062721
|||;19968,19968,19968,19968,0,0,0,0,1696.142901062721
|||;19968,19968,19968,19968,0,0,0,0,1701.142901062721
|||;19968,19968,19968,19968,0,0,0,0,1706.142901062721
|||;19968,19968,19968,19968,0,0,0,0,1711.142901062721
|||;19968,19968,19968,19968,0,0,0,0,1716.142901062721
|||;19968,19968,19968,19968,0,0,0,0,1721.142901062721
|||;19968,19968,19968,19968,0,0,0,0,1726.142901062721
|||;19968,19968,19968,19968,0,0,0,0,1731.142901062721
|||;19968,19968,19968,19968,0,0,0,0,1736.142901062721
|||;19968,19968,19968,19968,0,0,0,0,1741.142901062721
|||;19968,19968,19968,19968,0,0,0,0,1746.142901062721
|||;19968,19968,19968,19968,0,0,0,0,1751.142901062721
|||;19968,19968,19968,19968,0,0,0,0,1756.142901062721
|||;19968,19968,19968,19968,0,0,0,0,1761.142901062721
|||;19968,19968,19968,19968,0,0,0,0,1766.142901062721
|||;19968,19968,19968,19968,0,0,0,0,1771.142901062721
|||;19968,19968,19968,19968,0,0,0,0,1776.142901062721
|||;19968,19968,19968,19968,0,0,0,0,1781.142901062721
|||;19968,19968,19968,19968,0,0,0,0,1786.142901062721
|||;19968,19968,19968,19968,0,0,0,0,1791.142901062721
|||;19968,19968,19968,19968,0,0,0,0,1796.142901062721
|||;19968,19968,19968,19968,0,0,0,0,1801.142901062721
|||;19968,19968,19968,19968,0,0,0,0,1806.142901062721
|||;19968,19968,19968,19968,0,0,0,0,1811.142901062721
|||;19968,19968,19968,19968,0,0,0,0,1816.142901062721
|||;19968,19968,19968,19968,0,0,0,0,1821.142901062721
|||;19968,19968,19968,19968,0,0,0,0,1826.142901062721
|||;19968,19968,19968,19968,0,0,0,0,1831.142901062721
|||;19968,19968,19968,19968,0,0,0,0,1836.142901062721
|||;19968,19968,19968,19968,0,0,0,0,1841.142901062721
|||;19968,19968,19968,19968,0,0,0,0,1846.142901062721
|||;19968,19968,19968,19968,0,0,0,0,1851.142901062721
|||;19968,19968,19968,19968,0,0,0,0,1856.142901062721
|||;19968,19968,19968,19968,0,0,0,0,1861.142901062721
|||;19968,19968,19968,19968,0,0,0,0,1866.142901062721
|||;19968,19968,19968,19968,0,0,0,0,1871.142901062721
|||;19968,19968,19968,19968,0,0,0,0,1876.142901062721
|||;19968,19968,19968,19968,0,0,0,0,1881.142901062721
|||;19968,19968,19968,19968,0,0,0,0,1886.142901062721
|||;19968,19968,19968,19968,0,0,0,0,1891.142901062721
|||;19968,19968,19968,19968,0,0,0,0,1896.142901062721
|||;19968,19968,19968,19968,0,0,0,0,1901.142901062721
|||;19968,19968,19968,19968,0,0,0,0,1906.142901062721
|||;19968,19968,19968,19968,0,0,0,0,1911.142901062721
|||;19968,19968,19968,19968,0,0,0,0,1916.142901062721
|||;19968,19968,19968,19968,0,0,0,0,1921.142901062721
|||;19968,19968,19968,19968,0,0,0,0,1926.142901062721
|||;19968,19968,19968,19968,0,0,0,0,1931.142901062721
|||;19968,19968,19968,19968,0,0,0,0,1936.142901062721
|||;19968,19968,19968,19968,0,0,0,0,1941.142901062721
|||;19968,19968,19968,19968,0,0,0,0,1946.142901062721
|||;19968,19968,19968,19968,0,0,0,0,1951.142901062721
|||;19968,19968,19968,19968,0,0,0,0,1956.142901062721
|||;19968,19968,19968,19968,0,0,0,0,1961.142901062721
|||;19968,19968,19968,19968,0,0,0,0,1966.142901062721
|||;19968,19968,19968,19968,0,0,0,0,1971.142901062721
|||;19968,19968,19968,19968,0,0,0,0,1976.142901062721
|||;19968,19968,19968,19968,0,0,0,0,1981.142901062721
|||;19968,19968,19968,19968,0,0,0,0,1986.142901062721
|||;19968,19968,19968,19968,0,0,0,0,1991.142901062721
|||;19968,19968,19968,19968,0,0,0,0,1996.142901062721
