|||;25292,25292,25292,25292,0,0,0,0,1.08533609038
|||;25292,25292,25292,25292,0,0,0,0,6.08533609038
|||;25292,25292,25292,25292,0,0,0,0,11.08533609038
|||;25292,25292,25292,25292,0,0,0,0,16.08533609038
|||;25292,25292,25292,25292,0,0,0,0,21.08533609038
|||;25292,25292,25292,25292,0,0,0,0,26.08533609038
|||;25292,25292,25292,25292,0,0,0,0,31.08533609038
|||;25292,25292,25292,25292,0,0,0,0,36.08533609038
|||;25292,25292,25292,25292,0,0,0,0,41.08533609038
|||;25292,25292,25292,25292,0,0,0,0,46.08533609038
|||;25292,25292,25292,25292,0,0,0,0,51.08533609038
|||;25292,25292,25292,25292,0,0,0,0,56.08533609038
|||;25292,25292,25292,25292,0,0,0,0,61.08533609038
|||;25292,25292,25292,25292,0,0,0,0,66.08533609038
|||;25292,25292,25292,25292,0,0,0,0,71.08533609038
|||;25292,25292,25292,25292,0,0,0,0,76.08533609038
|||;25292,25292,25292,25292,0,0,0,0,81.08533609038
|||;25292,25292,25292,25292,0,0,0,0,86.08533609038
|||;25292,25292,25292,25292,0,0,0,0,91.08533609038
|||;25292,25292,25292,25292,0,0,0,0,96.08533609038
|||;25292,25292,25292,25292,0,0,0,0,101.08533609038
|||;25292,25292,25292,25292,0,0,0,0,106.08533609038
|||;25292,25292,25292,25292,0,0,0,0,111.08533609038
|||;25292,25292,25292,25292,0,0,0,0,116.08533609038
|||;25292,25292,25292,25292,0,0,0,0,121.08533609038
|||;25292,25292,25292,25292,0,0,0,0,126.08533609038
|||;25292,25292,25292,25292,0,0,0,0,131.08533609038
|||;25292,25292,25292,25292,0,0,0,0,136.08533609038
|||;25292,25292,25292,25292,0,0,0,0,141.08533609038
|||;25292,25292,25292,25292,0,0,0,0,146.08533609038
|||;25292,25292,25292,25292,0,0,0,0,151.08533609038
|||;25292,25292,25292,25292,0,0,0,0,156.08533609038
|||;25292,25292,25292,25292,0,0,0,0,161.08533609038
|||;25292,25292,25292,25292,0,0,0,0,166.08533609038
|||;25292,25292,25292,25292,0,0,0,0,171.08533609038
|||;25292,25292,25292,25292,0,0,0,0,176.08533609038
|||;25292,25292,25292,25292,0,0,0,0,181.08533609038
|||;25292,25292,25292,25292,0,0,0,0,186.08533609038
|||;25292,25292,25292,25292,0,0,0,0,191.08533609038
|||;25292,25292,25292,25292,0,0,0,0,196.08533609038
|||;25292,25292,25292,25292,0,0,0,0,201.08533609038
|||;25292,25292,25292,25292,0,0,0,0,206.08533609038
|||;25292,25292,25292,25292,0,0,0,0,211.08533609038
|||;25292,25292,25292,25292,0,0,0,0,216.08533609038
|||;25292,25292,25292,25292,0,0,0,0,221.08533609038
|||;25292,25292,25292,25292,0,0,0,0,226.08533609038
|||;25292,25292,25292,25292,0,0,0,0,231.08533609038
|||;25292,25292,25292,25292,0,0,0,0,236.08533609038
|||;25292,25292,25292,25292,0,0,0,0,241.08533609038
|||;25292,25292,25292,25292,0,0,0,0,246.08533609038
|||;25292,25292,25292,25292,0,0,0,0,251.08533609038
|||;25292,25292,25292,25292,0,0,0,0,256.08533609038
|||;25292,25292,25292,25292,0,0,0,0,261.08533609038
|||;25292,25292,25292,25292,0,0,0,0,266.08533609038
|||;25292,25292,25292,25292,0,0,0,0,271.08533609038
|||;25292,25292,25292,25292,0,0,0,0,276.08533609038
|||;25292,25292,25292,25292,0,0,0,0,281.08533609038
|||;25292,25292,25292,25292,0,0,0,0,286.08533609038
|||;25292,25292,25292,25292,0,0,0,0,291.08533609038
|||;25292,25292,25292,25292,0,0,0,0,296.08533609038
|||;25292,25292,25292,25292,0,0,0,0,301.08533609038
|||;25292,25292,25292,25292,0,0,0,0,306.08533609038
|||;25292,25292,25292,25292,0,0,0,0,311.08533609038
|||;25292,25292,25292,25292,0,0,0,0,316.08533609038
|||;25292,25292,25292,25292,0,0,0,0,321.08533609038
||91vhaxw(2),|;25292,25292,17509.6,25292,0,0,57.245988743058,0,326.08533609038
||91vhaxw(2),|;25292,25292,17509.6,25292,0,0,52.245988743058,0,331.08533609038
||91vhaxw(2),|;25292,25292,17509.6,25292,0,0,47.245988743058,0,336.08533609038
||91vhaxw(2),|;25292,25292,17509.6,25292,0,0,42.245988743058,0,341.08533609038
||91vhaxw(2),|;25292,25292,17509.6,25292,0,0,37.245988743058,0,346.08533609038
50csanx(2),|50csanx(2),|91vhaxw(2),|;24682.7,21027,17509.6,25292,3.804735302491,32.326002502491,32.245988743058,0,351.08533609038
|50csanx(2),|91vhaxw(2),|;25292,21027,17509.6,25292,0,27.326002502491,27.245988743058,0,356.08533609038
|50csanx(2),|91vhaxw(2),|;25292,21027,17509.6,25292,0,22.326002502491,22.245988743058,0,361.08533609038
|50csanx(2),|91vhaxw(2),|;25292,21027,17509.6,25292,0,17.326002502491,17.245988743058,0,366.08533609038
|50csanx(2),|91vhaxw(2),|;25292,21027,17509.6,25292,0,12.326002502491,12.245988743058,0,371.08533609038
|50csanx(2),|91vhaxw(2),|;25292,21027,17509.6,25292,0,7.326002502491,7.245988743058,0,376.08533609038
|50csanx(2),|91vhaxw(2),|;25292,21027,17509.6,25292,0,2.326002502491,2.245988743058,0,381.08533609038
|50csanx(3),|91vhaxw(3),|;25292,21027,17509.6,25292,0,0,0,0,386.08533609038
|50csanx(3),|91vhaxw(3),|;25292,21027,17509.6,25292,0,0,0,0,391.08533609038
|50csanx(3),|91vhaxw(3),|;25292,21027,17509.6,25292,0,0,0,0,396.08533609038
|50csanx(3),|91vhaxw(3),|;25292,21027,17509.6,25292,0,0,0,0,401.08533609038
|50csanx(3),|91vhaxw(3),|;25292,21027,17509.6,25292,0,0,0,0,406.08533609038
|50csanx(3),|91vhaxw(3),|;25292,21027,17509.6,25292,0,0,0,0,411.08533609038
|50csanx(3),|91vhaxw(3),|;25292,21027,17509.6,25292,0,0,0,0,416.08533609038
|50csanx(3),|91vhaxw(3),|;25292,21027,17509.6,25292,0,0,0,0,421.08533609038
|50csanx(3),|91vhaxw(3),|;25292,21027,17509.6,25292,0,0,0,0,426.08533609038
|50csanx(3),|91vhaxw(3),|;25292,21027,17509.6,25292,0,0,0,0,431.08533609038
|50csanx(3),|91vhaxw(3),|;25292,21027,17509.6,25292,0,0,0,0,436.08533609038
|50csanx(3),|91vhaxw(3),|;25292,21027,17509.6,25292,0,0,0,0,441.08533609038
|50csanx(3),|91vhaxw(3),|;25292,21027,17509.6,25292,0,0,0,0,446.08533609038
|50csanx(3),|91vhaxw(3),|;25292,21027,17509.6,25292,0,0,0,0,451.08533609038
|50csanx(3),|91vhaxw(3),|;25292,21027,17509.6,25292,0,0,0,0,456.08533609038
|50csanx(3),|91vhaxw(3),|;25292,21027,17509.6,25292,0,0,0,0,461.08533609038
|50csanx(3),|91vhaxw(3),|;25292,21027,17509.6,25292,0,0,0,0,466.08533609038
|50csanx(3),|91vhaxw(3),|;25292,21027,17509.6,25292,0,0,0,0,471.08533609038
|50csanx(3),|91vhaxw(3),|;25292,21027,17509.6,25292,0,0,0,0,476.08533609038
|50csanx(3),|91vhaxw(3),|;25292,21027,17509.6,25292,0,0,0,0,481.08533609038
|50csanx(3),|91vhaxw(3),|;25292,21027,17509.6,25292,0,0,0,0,486.08533609038
|50csanx(3),|91vhaxw(3),|;25292,21027,17509.6,25292,0,0,0,0,491.08533609038
|50csanx(3),72hgcum(0),|91vhaxw(3),|72hgcum(0),;25292,16163,17509.6,20428,0,42.430548223472,0,42.430548223472,496.08533609038
|50csanx(3),72hgcum(2),|91vhaxw(3),|72hgcum(2),;25292,16163,17509.6,20428,0,37.430548223472,0,37.430548223472,501.08533609038
|50csanx(3),72hgcum(2),|91vhaxw(3),|72hgcum(2),;25292,16163,17509.6,20428,0,32.430548223472,0,32.430548223472,506.08533609038
|50csanx(3),72hgcum(2),|91vhaxw(3),|72hgcum(2),;25292,16163,17509.6,20428,0,27.430548223472,0,27.430548223472,511.08533609038
|50csanx(3),72hgcum(2),|91vhaxw(3),|72hgcum(2),;25292,16163,17509.6,20428,0,22.430548223472,0,22.430548223472,516.08533609038
|50csanx(3),72hgcum(2),|91vhaxw(3),|72hgcum(2),;25292,16163,17509.6,20428,0,17.430548223472,0,17.430548223472,521.08533609038
|50csanx(3),72hgcum(2),|91vhaxw(3),|72hgcum(2),;25292,16163,17509.6,20428,0,12.430548223472,0,12.430548223472,526.08533609038
|50csanx(3),72hgcum(2),|91vhaxw(3),|72hgcum(2),;25292,16163,17509.6,20428,0,7.430548223472,0,7.430548223472,531.08533609038
|50csanx(3),72hgcum(2),|91vhaxw(3),|72hgcum(2),;25292,16163,17509.6,20428,0,2.430548223472,0,2.430548223472,536.08533609038
|50csanx(3),72hgcum(3),|91vhaxw(3),|72hgcum(3),;25292,16163,17509.6,20428,0,0,0,0,541.08533609038
956duogr(0),|50csanx(3),72hgcum(3),|91vhaxw(3),|72hgcum(3),;22117.6,16163,17509.6,20428,27.825982015562,0,0,0,546.08533609038
956duogr(2),|50csanx(3),72hgcum(3),|91vhaxw(3),|72hgcum(3),;22117.6,16163,17509.6,20428,22.825982015562,0,0,0,551.08533609038
956duogr(2),|50csanx(3),72hgcum(3),214ntojw(0),|91vhaxw(3),214ntojw(0),|72hgcum(3),214ntojw(0),;22117.6,13193.4,15282.4,18200.8,17.825982015562,23.858837324151,18.066703228913,18.066703228913,556.08533609038
956duogr(2),|50csanx(3),72hgcum(3),214ntojw(2),|91vhaxw(3),214ntojw(2),|72hgcum(3),214ntojw(2),;22117.6,13193.4,15282.4,18200.8,12.825982015562,18.858837324151,13.066703228913,13.066703228913,561.08533609038
956duogr(2),|50csanx(3),72hgcum(3),214ntojw(2),|91vhaxw(3),214ntojw(2),|72hgcum(3),214ntojw(2),;22117.6,13193.4,15282.4,18200.8,7.825982015562,13.858837324151,8.066703228913,8.066703228913,566.08533609038
956duogr(2),|50csanx(3),72hgcum(3),214ntojw(2),|91vhaxw(3),214ntojw(2),|72hgcum(3),214ntojw(2),;22117.6,13193.4,15282.4,18200.8,2.825982015562,8.858837324151,3.066703228913,3.066703228913,571.08533609038
956duogr(3),|50csanx(3),72hgcum(3),214ntojw(2),|91vhaxw(3),214ntojw(3),|72hgcum(3),214ntojw(3),;22117.6,13193.4,15282.4,18200.8,0,3.858837324151,0,0,576.08533609038
956duogr(3),691hcpki(0),|50csanx(3),72hgcum(3),214ntojw(3),691hcpki(0),|91vhaxw(3),214ntojw(3),691hcpki(0),|72hgcum(3),214ntojw(3),;19245.3,10321.1,11452.6,18200.8,24.866269730288,27.702872144819,32.336125425527,0,581.08533609038
956duogr(3),691hcpki(2),|72hgcum(3),214ntojw(3),691hcpki(2),|91vhaxw(3),214ntojw(3),691hcpki(2),|72hgcum(3),214ntojw(3),;19245.3,14586.1,11452.6,18200.8,19.866269730288,22.702872144819,27.336125425527,0,586.08533609038
956duogr(3),691hcpki(2),|72hgcum(3),214ntojw(3),691hcpki(2),|91vhaxw(3),214ntojw(3),691hcpki(2),|72hgcum(3),214ntojw(3),;19245.3,14586.1,11452.6,18200.8,14.866269730288,17.702872144819,22.336125425527,0,591.08533609038
956duogr(3),691hcpki(2),|72hgcum(3),214ntojw(3),691hcpki(2),|91vhaxw(3),214ntojw(3),691hcpki(2),|72hgcum(3),214ntojw(3),;19245.3,14586.1,11452.6,18200.8,9.866269730288,12.702872144819,17.336125425527,0,596.08533609038
956duogr(3),691hcpki(2),|72hgcum(3),214ntojw(3),691hcpki(2),|91vhaxw(3),214ntojw(3),691hcpki(2),|72hgcum(3),214ntojw(3),;19245.3,14586.1,11452.6,18200.8,4.866269730288,7.702872144819,12.336125425527,0,601.08533609038
956duogr(3),691hcpki(3),|72hgcum(3),214ntojw(3),691hcpki(3),|91vhaxw(3),214ntojw(3),691hcpki(2),|72hgcum(3),214ntojw(3),;19245.3,14586.1,11452.6,18200.8,0,2.702872144819,7.336125425527,0,606.08533609038
956duogr(3),691hcpki(3),|72hgcum(3),214ntojw(3),691hcpki(3),|91vhaxw(3),214ntojw(3),691hcpki(2),|72hgcum(3),214ntojw(3),;19245.3,14586.1,11452.6,18200.8,0,0,2.336125425527,0,611.08533609038
956duogr(3),691hcpki(3),|72hgcum(3),214ntojw(3),691hcpki(3),|91vhaxw(3),214ntojw(3),691hcpki(3),|72hgcum(3),214ntojw(3),;19245.3,14586.1,11452.6,18200.8,0,0,0,0,616.08533609038
956duogr(3),691hcpki(3),|72hgcum(3),214ntojw(3),691hcpki(3),|91vhaxw(3),214ntojw(3),691hcpki(3),|72hgcum(3),214ntojw(3),;19245.3,14586.1,11452.6,18200.8,0,0,0,0,621.08533609038
956duogr(3),691hcpki(3),|72hgcum(3),691hcpki(3),|91vhaxw(3),691hcpki(3),|72hgcum(3),;19245.3,17555.7,13679.8,20428,0,0,0,0,626.08533609038
956duogr(3),691hcpki(3),|72hgcum(3),691hcpki(3),|91vhaxw(3),691hcpki(3),|72hgcum(3),;19245.3,17555.7,13679.8,20428,0,0,0,0,631.08533609038
956duogr(3),691hcpki(3),|72hgcum(3),691hcpki(3),|91vhaxw(3),691hcpki(3),|72hgcum(3),;19245.3,17555.7,13679.8,20428,0,0,0,0,636.08533609038
956duogr(3),691hcpki(3),|72hgcum(3),691hcpki(3),|91vhaxw(3),691hcpki(3),|72hgcum(3),;19245.3,17555.7,13679.8,20428,0,0,0,0,641.08533609038
956duogr(3),691hcpki(3),|72hgcum(3),691hcpki(3),|91vhaxw(3),691hcpki(3),|72hgcum(3),;19245.3,17555.7,13679.8,20428,0,0,0,0,646.08533609038
956duogr(3),691hcpki(3),|72hgcum(3),691hcpki(3),|91vhaxw(3),691hcpki(3),|72hgcum(3),;19245.3,17555.7,13679.8,20428,0,0,0,0,651.08533609038
956duogr(3),691hcpki(3),|691hcpki(3),|91vhaxw(3),691hcpki(3),|;19245.3,22419.7,13679.8,25292,0,0,0,0,656.08533609038
956duogr(3),691hcpki(3),|691hcpki(3),|91vhaxw(3),691hcpki(3),|;19245.3,22419.7,13679.8,25292,0,0,0,0,661.08533609038
956duogr(3),691hcpki(3),|691hcpki(3),|91vhaxw(3),691hcpki(3),|;19245.3,22419.7,13679.8,25292,0,0,0,0,666.08533609038
956duogr(3),691hcpki(3),|691hcpki(3),|91vhaxw(3),691hcpki(3),|;19245.3,22419.7,13679.8,25292,0,0,0,0,671.08533609038
956duogr(3),691hcpki(3),|691hcpki(3),|91vhaxw(3),691hcpki(3),|;19245.3,22419.7,13679.8,25292,0,0,0,0,676.08533609038
956duogr(3),691hcpki(3),|691hcpki(3),|91vhaxw(3),691hcpki(3),|;19245.3,22419.7,13679.8,25292,0,0,0,0,681.08533609038
956duogr(3),691hcpki(3),|691hcpki(3),|91vhaxw(3),691hcpki(3),|;19245.3,22419.7,13679.8,25292,0,0,0,0,686.08533609038
691hcpki(3),|691hcpki(3),|91vhaxw(3),691hcpki(3),|;22419.7,22419.7,13679.8,25292,0,0,0,0,691.08533609038
691hcpki(3),|691hcpki(3),|91vhaxw(3),691hcpki(3),|;22419.7,22419.7,13679.8,25292,0,0,0,0,696.08533609038
691hcpki(3),|691hcpki(3),|91vhaxw(3),691hcpki(3),|;22419.7,22419.7,13679.8,25292,0,0,0,0,701.08533609038
691hcpki(3),|691hcpki(3),|91vhaxw(3),691hcpki(3),|;22419.7,22419.7,13679.8,25292,0,0,0,0,706.08533609038
691hcpki(3),|691hcpki(3),|91vhaxw(3),691hcpki(3),|;22419.7,22419.7,13679.8,25292,0,0,0,0,711.08533609038
691hcpki(3),|691hcpki(3),|91vhaxw(3),691hcpki(3),|;22419.7,22419.7,13679.8,25292,0,0,0,0,716.08533609038
691hcpki(3),|691hcpki(3),|91vhaxw(3),691hcpki(3),|;22419.7,22419.7,13679.8,25292,0,0,0,0,721.08533609038
691hcpki(3),|691hcpki(3),|91vhaxw(3),691hcpki(3),|;22419.7,22419.7,13679.8,25292,0,0,0,0,726.08533609038
691hcpki(3),|691hcpki(3),|91vhaxw(3),691hcpki(3),|;22419.7,22419.7,13679.8,25292,0,0,0,0,731.08533609038
||91vhaxw(3),|;25292,25292,17509.6,25292,0,0,0,0,736.08533609038
||91vhaxw(3),|;25292,25292,17509.6,25292,0,0,0,0,741.08533609038
||91vhaxw(3),|;25292,25292,17509.6,25292,0,0,0,0,746.08533609038
||91vhaxw(3),|;25292,25292,17509.6,25292,0,0,0,0,751.08533609038
||91vhaxw(3),|;25292,25292,17509.6,25292,0,0,0,0,756.08533609038
||91vhaxw(3),|;25292,25292,17509.6,25292,0,0,0,0,761.08533609038
||91vhaxw(3),|;25292,25292,17509.6,25292,0,0,0,0,766.08533609038
||91vhaxw(3),|;25292,25292,17509.6,25292,0,0,0,0,771.08533609038
||91vhaxw(3),|;25292,25292,17509.6,25292,0,0,0,0,776.08533609038
||91vhaxw(3),|;25292,25292,17509.6,25292,0,0,0,0,781.08533609038
||91vhaxw(3),|;25292,25292,17509.6,25292,0,0,0,0,786.08533609038
||91vhaxw(3),|;25292,25292,17509.6,25292,0,0,0,0,791.08533609038
||91vhaxw(3),|;25292,25292,17509.6,25292,0,0,0,0,796.08533609038
||91vhaxw(3),|;25292,25292,17509.6,25292,0,0,0,0,801.08533609038
||91vhaxw(3),|;25292,25292,17509.6,25292,0,0,0,0,806.08533609038
||91vhaxw(3),|;25292,25292,17509.6,25292,0,0,0,0,811.08533609038
||91vhaxw(3),|;25292,25292,17509.6,25292,0,0,0,0,816.08533609038
||91vhaxw(3),|;25292,25292,17509.6,25292,0,0,0,0,821.08533609038
||91vhaxw(3),|;25292,25292,17509.6,25292,0,0,0,0,826.08533609038
|||;25292,25292,25292,25292,0,0,0,0,831.08533609038
|||;25292,25292,25292,25292,0,0,0,0,836.08533609038
|||;25292,25292,25292,25292,0,0,0,0,841.08533609038
|||;25292,25292,25292,25292,0,0,0,0,846.08533609038
|||;25292,25292,25292,25292,0,0,0,0,851.08533609038
|||;25292,25292,25292,25292,0,0,0,0,856.08533609038
|||;25292,25292,25292,25292,0,0,0,0,861.08533609038
|||;25292,25292,25292,25292,0,0,0,0,866.08533609038
|||;25292,25292,25292,25292,0,0,0,0,871.08533609038
|||;25292,25292,25292,25292,0,0,0,0,876.08533609038
|||;25292,25292,25292,25292,0,0,0,0,881.08533609038
|||;25292,25292,25292,25292,0,0,0,0,886.08533609038
|||;25292,25292,25292,25292,0,0,0,0,891.08533609038
|||;25292,25292,25292,25292,0,0,0,0,896.08533609038
|||;25292,25292,25292,25292,0,0,0,0,901.08533609038
|||;25292,25292,25292,25292,0,0,0,0,906.08533609038
|||;25292,25292,25292,25292,0,0,0,0,911.08533609038
|||;25292,25292,25292,25292,0,0,0,0,916.08533609038
|||;25292,25292,25292,25292,0,0,0,0,921.08533609038
|||;25292,25292,25292,25292,0,0,0,0,926.08533609038
|||;25292,25292,25292,25292,0,0,0,0,931.08533609038
|||;25292,25292,25292,25292,0,0,0,0,936.08533609038
|||;25292,25292,25292,25292,0,0,0,0,941.08533609038
|||;25292,25292,25292,25292,0,0,0,0,946.08533609038
|||;25292,25292,25292,25292,0,0,0,0,951.08533609038
|||;25292,25292,25292,25292,0,0,0,0,956.08533609038
|||;25292,25292,25292,25292,0,0,0,0,961.08533609038
|||;25292,25292,25292,25292,0,0,0,0,966.08533609038
|||;25292,25292,25292,25292,0,0,0,0,971.08533609038
|||;25292,25292,25292,25292,0,0,0,0,976.08533609038
|||;25292,25292,25292,25292,0,0,0,0,981.08533609038
|||;25292,25292,25292,25292,0,0,0,0,986.08533609038
|||;25292,25292,25292,25292,0,0,0,0,991.08533609038
|||;25292,25292,25292,25292,0,0,0,0,996.08533609038
|||;25292,25292,25292,25292,0,0,0,0,1001.08533609038
|||;25292,25292,25292,25292,0,0,0,0,1006.08533609038
|||;25292,25292,25292,25292,0,0,0,0,1011.08533609038
|||;25292,25292,25292,25292,0,0,0,0,1016.08533609038
|||;25292,25292,25292,25292,0,0,0,0,1021.08533609038
|||;25292,25292,25292,25292,0,0,0,0,1026.08533609038
|||;25292,25292,25292,25292,0,0,0,0,1031.08533609038
|||;25292,25292,25292,25292,0,0,0,0,1036.08533609038
|||;25292,25292,25292,25292,0,0,0,0,1041.08533609038
|||;25292,25292,25292,25292,0,0,0,0,1046.08533609038
|||;25292,25292,25292,25292,0,0,0,0,1051.08533609038
|||;25292,25292,25292,25292,0,0,0,0,1056.08533609038
|||;25292,25292,25292,25292,0,0,0,0,1061.08533609038
|||;25292,25292,25292,25292,0,0,0,0,1066.08533609038
|||;25292,25292,25292,25292,0,0,0,0,1071.08533609038
|||;25292,25292,25292,25292,0,0,0,0,1076.08533609038
|||;25292,25292,25292,25292,0,0,0,0,1081.08533609038
|||;25292,25292,25292,25292,0,0,0,0,1086.08533609038
|||;25292,25292,25292,25292,0,0,0,0,1091.08533609038
|||;25292,25292,25292,25292,0,0,0,0,1096.08533609038
|||;25292,25292,25292,25292,0,0,0,0,1101.08533609038
|||;25292,25292,25292,25292,0,0,0,0,1106.08533609038
|||;25292,25292,25292,25292,0,0,0,0,1111.08533609038
|||;25292,25292,25292,25292,0,0,0,0,1116.08533609038
|||;25292,25292,25292,25292,0,0,0,0,1121.08533609038
|||;25292,25292,25292,25292,0,0,0,0,1126.08533609038
|||;25292,25292,25292,25292,0,0,0,0,1131.08533609038
|||;25292,25292,25292,25292,0,0,0,0,1136.08533609038
|||;25292,25292,25292,25292,0,0,0,0,1141.08533609038
|||;25292,25292,25292,25292,0,0,0,0,1146.08533609038
|||;25292,25292,25292,25292,0,0,0,0,1151.08533609038
|||;25292,25292,25292,25292,0,0,0,0,1156.08533609038
|||;25292,25292,25292,25292,0,0,0,0,1161.08533609038
|||;25292,25292,25292,25292,0,0,0,0,1166.08533609038
|||;25292,25292,25292,25292,0,0,0,0,1171.08533609038
|||;25292,25292,25292,25292,0,0,0,0,1176.08533609038
|||;25292,25292,25292,25292,0,0,0,0,1181.08533609038
|||;25292,25292,25292,25292,0,0,0,0,1186.08533609038
|||;25292,25292,25292,25292,0,0,0,0,1191.08533609038
|||;25292,25292,25292,25292,0,0,0,0,1196.08533609038
|||;25292,25292,25292,25292,0,0,0,0,1201.08533609038
|||;25292,25292,25292,25292,0,0,0,0,1206.08533609038
|||;25292,25292,25292,25292,0,0,0,0,1211.08533609038
|||;25292,25292,25292,25292,0,0,0,0,1216.08533609038
|||;25292,25292,25292,25292,0,0,0,0,1221.08533609038
|||;25292,25292,25292,25292,0,0,0,0,1226.08533609038
|||;25292,25292,25292,25292,0,0,0,0,1231.08533609038
|||;25292,25292,25292,25292,0,0,0,0,1236.08533609038
|||;25292,25292,25292,25292,0,0,0,0,1241.08533609038
|||;25292,25292,25292,25292,0,0,0,0,1246.08533609038
|||;25292,25292,25292,25292,0,0,0,0,1251.08533609038
|||;25292,25292,25292,25292,0,0,0,0,1256.08533609038
|||;25292,25292,25292,25292,0,0,0,0,1261.08533609038
|||;25292,25292,25292,25292,0,0,0,0,1266.08533609038
|||;25292,25292,25292,25292,0,0,0,0,1271.08533609038
|||;25292,25292,25292,25292,0,0,0,0,1276.08533609038
|||;25292,25292,25292,25292,0,0,0,0,1281.08533609038
|||;25292,25292,25292,25292,0,0,0,0,1286.08533609038
|||;25292,25292,25292,25292,0,0,0,0,1291.08533609038
|||;25292,25292,25292,25292,0,0,0,0,1296.08533609038
|||;25292,25292,25292,25292,0,0,0,0,1301.08533609038
|||;25292,25292,25292,25292,0,0,0,0,1306.08533609038
|||;25292,25292,25292,25292,0,0,0,0,1311.08533609038
|||;25292,25292,25292,25292,0,0,0,0,1316.08533609038
|||;25292,25292,25292,25292,0,0,0,0,1321.08533609038
|||;25292,25292,25292,25292,0,0,0,0,1326.08533609038
|||;25292,25292,25292,25292,0,0,0,0,1331.08533609038
|||;25292,25292,25292,25292,0,0,0,0,1336.08533609038
|||;25292,25292,25292,25292,0,0,0,0,1341.08533609038
|||;25292,25292,25292,25292,0,0,0,0,1346.08533609038
|||;25292,25292,25292,25292,0,0,0,0,1351.08533609038
|||;25292,25292,25292,25292,0,0,0,0,1356.08533609038
|||;25292,25292,25292,25292,0,0,0,0,1361.08533609038
|||;25292,25292,25292,25292,0,0,0,0,1366.08533609038
|||;25292,25292,25292,25292,0,0,0,0,1371.08533609038
|||;25292,25292,25292,25292,0,0,0,0,1376.08533609038
|||;25292,25292,25292,25292,0,0,0,0,1381.08533609038
|||;25292,25292,25292,25292,0,0,0,0,1386.08533609038
|||;25292,25292,25292,25292,0,0,0,0,1391.08533609038
|||;25292,25292,25292,25292,0,0,0,0,1396.08533609038
|||;25292,25292,25292,25292,0,0,0,0,1401.08533609038
|||;25292,25292,25292,25292,0,0,0,0,1406.08533609038
|||;25292,25292,25292,25292,0,0,0,0,1411.08533609038
|||;25292,25292,25292,25292,0,0,0,0,1416.08533609038
|||;25292,25292,25292,25292,0,0,0,0,1421.08533609038
|||;25292,25292,25292,25292,0,0,0,0,1426.08533609038
|||;25292,25292,25292,25292,0,0,0,0,1431.08533609038
|||;25292,25292,25292,25292,0,0,0,0,1436.08533609038
|||;25292,25292,25292,25292,0,0,0,0,1441.08533609038
|||;25292,25292,25292,25292,0,0,0,0,1446.08533609038
|||;25292,25292,25292,25292,0,0,0,0,1451.08533609038
|||;25292,25292,25292,25292,0,0,0,0,1456.08533609038
|||;25292,25292,25292,25292,0,0,0,0,1461.08533609038
|||;25292,25292,25292,25292,0,0,0,0,1466.08533609038
|||;25292,25292,25292,25292,0,0,0,0,1471.08533609038
|||;25292,25292,25292,25292,0,0,0,0,1476.08533609038
|||;25292,25292,25292,25292,0,0,0,0,1481.08533609038
|||;25292,25292,25292,25292,0,0,0,0,1486.08533609038
|||;25292,25292,25292,25292,0,0,0,0,1491.08533609038
|||;25292,25292,25292,25292,0,0,0,0,1496.08533609038
|||;25292,25292,25292,25292,0,0,0,0,1501.08533609038
|||;25292,25292,25292,25292,0,0,0,0,1506.08533609038
|||;25292,25292,25292,25292,0,0,0,0,1511.08533609038
|||;25292,25292,25292,25292,0,0,0,0,1516.08533609038
|||;25292,25292,25292,25292,0,0,0,0,1521.08533609038
|||;25292,25292,25292,25292,0,0,0,0,1526.08533609038
|||;25292,25292,25292,25292,0,0,0,0,1531.08533609038
|||;25292,25292,25292,25292,0,0,0,0,1536.08533609038
|||;25292,25292,25292,25292,0,0,0,0,1541.08533609038
|||;25292,25292,25292,25292,0,0,0,0,1546.08533609038
|||;25292,25292,25292,25292,0,0,0,0,1551.08533609038
|||;25292,25292,25292,25292,0,0,0,0,1556.08533609038
|||;25292,25292,25292,25292,0,0,0,0,1561.08533609038
|||;25292,25292,25292,25292,0,0,0,0,1566.08533609038
|||;25292,25292,25292,25292,0,0,0,0,1571.08533609038
|||;25292,25292,25292,25292,0,0,0,0,1576.08533609038
|||;25292,25292,25292,25292,0,0,0,0,1581.08533609038
|||;25292,25292,25292,25292,0,0,0,0,1586.08533609038
|||;25292,25292,25292,25292,0,0,0,0,1591.08533609038
|||;25292,25292,25292,25292,0,0,0,0,1596.08533609038
|||;25292,25292,25292,25292,0,0,0,0,1601.08533609038
|||;25292,25292,25292,25292,0,0,0,0,1606.08533609038
|||;25292,25292,25292,25292,0,0,0,0,1611.08533609038
|||;25292,25292,25292,25292,0,0,0,0,1616.08533609038
|||;25292,25292,25292,25292,0,0,0,0,1621.08533609038
|||;25292,25292,25292,25292,0,0,0,0,1626.08533609038
|||;25292,25292,25292,25292,0,0,0,0,1631.08533609038
|||;25292,25292,25292,25292,0,0,0,0,1636.08533609038
|||;25292,25292,25292,25292,0,0,0,0,1641.08533609038
|||;25292,25292,25292,25292,0,0,0,0,1646.08533609038
|||;25292,25292,25292,25292,0,0,0,0,1651.08533609038
|||;25292,25292,25292,25292,0,0,0,0,1656.08533609038
|||;25292,25292,25292,25292,0,0,0,0,1661.08533609038
|||;25292,25292,25292,25292,0,0,0,0,1666.08533609038
|||;25292,25292,25292,25292,0,0,0,0,1671.08533609038
|||;25292,25292,25292,25292,0,0,0,0,1676.08533609038
|||;25292,25292,25292,25292,0,0,0,0,1681.08533609038
|||;25292,25292,25292,25292,0,0,0,0,1686.08533609038
|||;25292,25292,25292,25292,0,0,0,0,1691.08533609038
|||;25292,25292,25292,25292,0,0,0,0,1696.08533609038
|||;25292,25292,25292,25292,0,0,0,0,1701.08533609038
|||;25292,25292,25292,25292,0,0,0,0,1706.08533609038
|||;25292,25292,25292,25292,0,0,0,0,1711.08533609038
|||;25292,25292,25292,25292,0,0,0,0,1716.08533609038
|||;25292,25292,25292,25292,0,0,0,0,1721.08533609038
|||;25292,25292,25292,25292,0,0,0,0,1726.08533609038
|||;25292,25292,25292,25292,0,0,0,0,1731.08533609038
|||;25292,25292,25292,25292,0,0,0,0,1736.08533609038
|||;25292,25292,25292,25292,0,0,0,0,1741.08533609038
|||;25292,25292,25292,25292,0,0,0,0,1746.08533609038
|||;25292,25292,25292,25292,0,0,0,0,1751.08533609038
|||;25292,25292,25292,25292,0,0,0,0,1756.08533609038
|||;25292,25292,25292,25292,0,0,0,0,1761.08533609038
|||;25292,25292,25292,25292,0,0,0,0,1766.08533609038
|||;25292,25292,25292,25292,0,0,0,0,1771.08533609038
|||;25292,25292,25292,25292,0,0,0,0,1776.08533609038
|||;25292,25292,25292,25292,0,0,0,0,1781.08533609038
|||;25292,25292,25292,25292,0,0,0,0,1786.08533609038
|||;25292,25292,25292,25292,0,0,0,0,1791.08533609038
|||;25292,25292,25292,25292,0,0,0,0,1796.08533609038
|||;25292,25292,25292,25292,0,0,0,0,1801.08533609038
|||;25292,25292,25292,25292,0,0,0,0,1806.08533609038
|||;25292,25292,25292,25292,0,0,0,0,1811.08533609038
|||;25292,25292,25292,25292,0,0,0,0,1816.08533609038
|||;25292,25292,25292,25292,0,0,0,0,1821.08533609038
|||;25292,25292,25292,25292,0,0,0,0,1826.08533609038
|||;25292,25292,25292,25292,0,0,0,0,1831.08533609038
|||;25292,25292,25292,25292,0,0,0,0,1836.08533609038
|||;25292,25292,25292,25292,0,0,0,0,1841.08533609038
|||;25292,25292,25292,25292,0,0,0,0,1846.08533609038
|||;25292,25292,25292,25292,0,0,0,0,1851.08533609038
|||;25292,25292,25292,25292,0,0,0,0,1856.08533609038
|||;25292,25292,25292,25292,0,0,0,0,1861.08533609038
|||;25292,25292,25292,25292,0,0,0,0,1866.08533609038
|||;25292,25292,25292,25292,0,0,0,0,1871.08533609038
|||;25292,25292,25292,25292,0,0,0,0,1876.08533609038
|||;25292,25292,25292,25292,0,0,0,0,1881.08533609038
|||;25292,25292,25292,25292,0,0,0,0,1886.08533609038
|||;25292,25292,25292,25292,0,0,0,0,1891.08533609038
|||;25292,25292,25292,25292,0,0,0,0,1896.08533609038
|||;25292,25292,25292,25292,0,0,0,0,1901.08533609038
|||;25292,25292,25292,25292,0,0,0,0,1906.08533609038
|||;25292,25292,25292,25292,0,0,0,0,1911.08533609038
|||;25292,25292,25292,25292,0,0,0,0,1916.08533609038
|||;25292,25292,25292,25292,0,0,0,0,1921.08533609038
|||;25292,25292,25292,25292,0,0,0,0,1926.08533609038
|||;25292,25292,25292,25292,0,0,0,0,1931.08533609038
|||;25292,25292,25292,25292,0,0,0,0,1936.08533609038
|||;25292,25292,25292,25292,0,0,0,0,1941.08533609038
|||;25292,25292,25292,25292,0,0,0,0,1946.08533609038
|||;25292,25292,25292,25292,0,0,0,0,1951.08533609038
|||;25292,25292,25292,25292,0,0,0,0,1956.08533609038
|||;25292,25292,25292,25292,0,0,0,0,1961.08533609038
|||;25292,25292,25292,25292,0,0,0,0,1966.08533609038
|||;25292,25292,25292,25292,0,0,0,0,1971.08533609038
|||;25292,25292,25292,25292,0,0,0,0,1976.08533609038
|||;25292,25292,25292,25292,0,0,0,0,1981.08533609038
|||;25292,25292,25292,25292,0,0,0,0,1986.08533609038
|||;25292,25292,25292,25292,0,0,0,0,1991.08533609038
|||;25292,25292,25292,25292,0,0,0,0,1996.08533609038
