|||;25702,25702,25702,25702,0,0,0,0,1.066513020815
|||;25702,25702,25702,25702,0,0,0,0,6.066513020815
|||;25702,25702,25702,25702,0,0,0,0,11.066513020815
|||;25702,25702,25702,25702,0,0,0,0,16.066513020815
|||;25702,25702,25702,25702,0,0,0,0,21.066513020815
|||;25702,25702,25702,25702,0,0,0,0,26.066513020815
|||;25702,25702,25702,25702,0,0,0,0,31.066513020815
|||;25702,25702,25702,25702,0,0,0,0,36.066513020815
|||;25702,25702,25702,25702,0,0,0,0,41.066513020815
|||;25702,25702,25702,25702,0,0,0,0,46.066513020815
|||;25702,25702,25702,25702,0,0,0,0,51.066513020815
|||;25702,25702,25702,25702,0,0,0,0,56.066513020815
|||;25702,25702,25702,25702,0,0,0,0,61.066513020815
|||;25702,25702,25702,25702,0,0,0,0,66.066513020815
|||;25702,25702,25702,25702,0,0,0,0,71.066513020815
|||;25702,25702,25702,25702,0,0,0,0,76.066513020815
|||;25702,25702,25702,25702,0,0,0,0,81.066513020815
|||;25702,25702,25702,25702,0,0,0,0,86.066513020815
735qyouf(2),|735qyouf(2),|735qyouf(2),|735qyouf(2),;23828.1,25077.4,23203.4,24452.7,10.87682477153,0.518058340158,16.056207987217,5.697441555844,91.066513020815
735qyouf(2),||735qyouf(2),|735qyouf(2),;23828.1,25702,23203.4,24452.7,5.87682477153,0,11.056207987217,0.697441555844,96.066513020815
735qyouf(2),742vloem(1),||735qyouf(2),|;21570.2,25702,23203.4,25702,21.991400387095,0,6.056207987217,0,101.066513020815
742vloem(2),||735qyouf(2),|;23444.1,25702,23203.4,25702,16.991400387095,0,1.056207987217,0,106.066513020815
742vloem(2),|||;23444.1,25702,25702,25702,11.991400387095,0,0,0,111.066513020815
742vloem(2),|||;23444.1,25702,25702,25702,6.991400387095,0,0,0,116.066513020815
742vloem(3),|||;23444.1,25702,25702,25702,1.991400387095,0,0,0,121.066513020815
742vloem(3),|||;23444.1,25702,25702,25702,0,0,0,0,126.066513020815
742vloem(3),|||;23444.1,25702,25702,25702,0,0,0,0,131.066513020815
742vloem(3),|||;23444.1,25702,25702,25702,0,0,0,0,136.066513020815
742vloem(3),783ekyvw(2),|783ekyvw(2),|783ekyvw(2),|783ekyvw(2),;21554.8,23812.7,24442.5,24442.5,14.710333938888,14.710333938888,9.652496762418,9.652496762418,141.066513020815
742vloem(3),783ekyvw(2),|783ekyvw(2),|783ekyvw(2),|783ekyvw(2),;21554.8,23812.7,24442.5,24442.5,9.710333938888,9.710333938888,4.652496762418,4.652496762418,146.066513020815
742vloem(3),783ekyvw(2),|783ekyvw(2),||;21554.8,23812.7,25702,25702,4.710333938888,4.710333938888,0,0,151.066513020815
742vloem(3),102ezuac(1),|102ezuac(1),|102ezuac(2),|102ezuac(2),;22389.4,24647.3,24119.9,24119.9,11.701886595212,11.701886595212,12.357168929627,12.357168929627,156.066513020815
742vloem(3),102ezuac(2),|102ezuac(2),|102ezuac(2),|102ezuac(2),;22389.4,24647.3,24119.9,24119.9,6.701886595212,6.701886595212,7.357168929627,7.357168929627,161.066513020815
742vloem(3),102ezuac(3),|102ezuac(3),|102ezuac(2),901aurkf(1),|102ezuac(2),;22389.4,24647.3,22583.9,24119.9,1.701886595212,1.701886595212,18.855899201625,2.357168929627,166.066513020815
742vloem(3),102ezuac(3),212agzik(2),|102ezuac(3),212agzik(2),|102ezuac(3),901aurkf(2),|102ezuac(3),212agzik(2),;20408,22005.4,22583.9,22138.5,16.825336054355,22.129896995531,13.855899201625,17.48061838877,171.066513020815
742vloem(3),102ezuac(3),212agzik(2),|102ezuac(3),212agzik(2),|102ezuac(3),901aurkf(2),|102ezuac(3),212agzik(2),;20408,22005.4,22583.9,22138.5,11.825336054355,17.129896995531,8.855899201625,12.48061838877,176.066513020815
742vloem(3),102ezuac(3),212agzik(2),|102ezuac(3),212agzik(2),|102ezuac(3),901aurkf(2),|102ezuac(3),212agzik(2),;20408,22005.4,22583.9,22138.5,6.825336054355,12.129896995531,3.855899201625,7.48061838877,181.066513020815
742vloem(3),102ezuac(3),212agzik(2),|102ezuac(3),212agzik(2),|102ezuac(3),|102ezuac(3),212agzik(2),;20408,22005.4,24119.9,22138.5,1.825336054355,7.129896995531,0,2.48061838877,186.066513020815
742vloem(3),102ezuac(3),212agzik(3),|102ezuac(3),212agzik(2),|102ezuac(3),|102ezuac(3),212agzik(3),;20408,22005.4,24119.9,22138.5,0,2.129896995531,0,0,191.066513020815
742vloem(3),102ezuac(3),212agzik(3),|102ezuac(3),212agzik(3),|102ezuac(3),|102ezuac(3),212agzik(3),;20408,22005.4,24119.9,22138.5,0,0,0,0,196.066513020815
742vloem(3),102ezuac(3),212agzik(3),|102ezuac(3),212agzik(3),|102ezuac(3),|102ezuac(3),212agzik(3),;20408,22005.4,24119.9,22138.5,0,0,0,0,201.066513020815
742vloem(3),102ezuac(3),212agzik(3),|102ezuac(3),212agzik(3),|102ezuac(3),|102ezuac(3),212agzik(3),;20408,22005.4,24119.9,22138.5,0,0,0,0,206.066513020815
742vloem(3),102ezuac(3),212agzik(3),|102ezuac(3),212agzik(3),|102ezuac(3),|102ezuac(3),212agzik(3),;20408,22005.4,24119.9,22138.5,0,0,0,0,211.066513020815
742vloem(3),102ezuac(3),212agzik(3),|102ezuac(3),212agzik(3),|102ezuac(3),|102ezuac(3),212agzik(3),;20408,22005.4,24119.9,22138.5,0,0,0,0,216.066513020815
742vloem(3),102ezuac(3),212agzik(3),|102ezuac(3),212agzik(3),|102ezuac(3),|102ezuac(3),212agzik(3),;20408,22005.4,24119.9,22138.5,0,0,0,0,221.066513020815
742vloem(3),102ezuac(3),212agzik(3),|102ezuac(3),212agzik(3),|102ezuac(3),|102ezuac(3),212agzik(3),;20408,22005.4,24119.9,22138.5,0,0,0,0,226.066513020815
742vloem(3),102ezuac(3),212agzik(3),|102ezuac(3),212agzik(3),|102ezuac(3),|102ezuac(3),212agzik(3),;20408,22005.4,24119.9,22138.5,0,0,0,0,231.066513020815
742vloem(3),102ezuac(3),212agzik(3),|102ezuac(3),212agzik(3),|102ezuac(3),|102ezuac(3),212agzik(3),;20408,22005.4,24119.9,22138.5,0,0,0,0,236.066513020815
742vloem(3),102ezuac(3),212agzik(3),|102ezuac(3),212agzik(3),|102ezuac(3),|102ezuac(3),212agzik(3),;20408,22005.4,24119.9,22138.5,0,0,0,0,241.066513020815
742vloem(3),102ezuac(3),212agzik(3),|102ezuac(3),212agzik(3),|102ezuac(3),|102ezuac(3),212agzik(3),;20408,22005.4,24119.9,22138.5,0,0,0,0,246.066513020815
742vloem(3),102ezuac(3),212agzik(3),|102ezuac(3),212agzik(3),|102ezuac(3),|102ezuac(3),212agzik(3),;20408,22005.4,24119.9,22138.5,0,0,0,0,251.066513020815
742vloem(3),102ezuac(3),212agzik(3),|102ezuac(3),212agzik(3),|102ezuac(3),|102ezuac(3),212agzik(3),;20408,22005.4,24119.9,22138.5,0,0,0,0,256.066513020815
742vloem(3),102ezuac(3),212agzik(3),|102ezuac(3),212agzik(3),|102ezuac(3),|102ezuac(3),212agzik(3),;20408,22005.4,24119.9,22138.5,0,0,0,0,261.066513020815
742vloem(3),102ezuac(3),212agzik(3),|102ezuac(3),212agzik(3),|102ezuac(3),|102ezuac(3),212agzik(3),;20408,22005.4,24119.9,22138.5,0,0,0,0,266.066513020815
742vloem(3),102ezuac(3),212agzik(3),|102ezuac(3),212agzik(3),|102ezuac(3),|102ezuac(3),212agzik(3),;20408,22005.4,24119.9,22138.5,0,0,0,0,271.066513020815
742vloem(3),102ezuac(3),212agzik(3),|102ezuac(3),212agzik(3),|102ezuac(3),|102ezuac(3),212agzik(3),;20408,22005.4,24119.9,22138.5,0,0,0,0,276.066513020815
742vloem(3),102ezuac(3),|102ezuac(3),|102ezuac(3),|102ezuac(3),;22389.4,24647.3,24119.9,24119.9,0,0,0,0,281.066513020815
742vloem(3),102ezuac(3),|102ezuac(3),|102ezuac(3),|102ezuac(3),;22389.4,24647.3,24119.9,24119.9,0,0,0,0,286.066513020815
742vloem(3),102ezuac(3),|102ezuac(3),|102ezuac(3),|102ezuac(3),;22389.4,24647.3,24119.9,24119.9,0,0,0,0,291.066513020815
742vloem(3),102ezuac(3),|102ezuac(3),|102ezuac(3),|102ezuac(3),;22389.4,24647.3,24119.9,24119.9,0,0,0,0,296.066513020815
742vloem(3),102ezuac(3),|102ezuac(3),|102ezuac(3),|102ezuac(3),;22389.4,24647.3,24119.9,24119.9,0,0,0,0,301.066513020815
742vloem(3),102ezuac(3),|102ezuac(3),|102ezuac(3),|102ezuac(3),;22389.4,24647.3,24119.9,24119.9,0,0,0,0,306.066513020815
742vloem(3),102ezuac(3),|102ezuac(3),|102ezuac(3),|102ezuac(3),;22389.4,24647.3,24119.9,24119.9,0,0,0,0,311.066513020815
742vloem(3),102ezuac(3),|102ezuac(3),|102ezuac(3),|102ezuac(3),;22389.4,24647.3,24119.9,24119.9,0,0,0,0,316.066513020815
742vloem(3),102ezuac(3),|102ezuac(3),|102ezuac(3),|102ezuac(3),;22389.4,24647.3,24119.9,24119.9,0,0,0,0,321.066513020815
742vloem(3),102ezuac(3),|102ezuac(3),|102ezuac(3),|102ezuac(3),;22389.4,24647.3,24119.9,24119.9,0,0,0,0,326.066513020815
742vloem(3),102ezuac(3),|102ezuac(3),|102ezuac(3),|102ezuac(3),;22389.4,24647.3,24119.9,24119.9,0,0,0,0,331.066513020815
102ezuac(3),|102ezuac(3),|102ezuac(3),|102ezuac(3),;24647.3,24647.3,24119.9,24119.9,0,0,0,0,336.066513020815
102ezuac(3),|102ezuac(3),|102ezuac(3),|102ezuac(3),;24647.3,24647.3,24119.9,24119.9,0,0,0,0,341.066513020815
102ezuac(3),805dsoqy(2),|102ezuac(3),805dsoqy(2),|102ezuac(3),805dsoqy(2),|102ezuac(3),805dsoqy(2),;22850.2,22850.2,22921.8,22921.8,12.515535083192,12.515535083192,7.704421671428,7.704421671428,346.066513020815
102ezuac(3),805dsoqy(2),|102ezuac(3),805dsoqy(2),|102ezuac(3),805dsoqy(2),|102ezuac(3),805dsoqy(2),;22850.2,22850.2,22921.8,22921.8,7.515535083192,7.515535083192,2.704421671428,2.704421671428,351.066513020815
102ezuac(3),805dsoqy(2),|102ezuac(3),805dsoqy(2),|102ezuac(3),|102ezuac(3),;22850.2,22850.2,24119.9,24119.9,2.515535083192,2.515535083192,0,0,356.066513020815
|||;25702,25702,25702,25702,0,0,0,0,361.066513020815
|||;25702,25702,25702,25702,0,0,0,0,366.066513020815
|||;25702,25702,25702,25702,0,0,0,0,371.066513020815
|||;25702,25702,25702,25702,0,0,0,0,376.066513020815
280gpnjk(2),|280gpnjk(2),|280gpnjk(2),|280gpnjk(2),;24765,23828.1,23828.1,21954.2,4.695923784831,12.342998608361,12.342998608361,27.63714825542,381.066513020815
280gpnjk(3),779adzml(2),|280gpnjk(2),779adzml(1),|280gpnjk(2),779adzml(1),|280gpnjk(2),779adzml(1),;22630,21693.1,21693.1,21242.5,20.753139985432,28.400214808962,28.400214808962,32.262830024648,386.066513020815
280gpnjk(3),779adzml(2),|280gpnjk(2),779adzml(1),|280gpnjk(2),779adzml(1),|280gpnjk(2),779adzml(1),;22630,21693.1,21693.1,21242.5,15.753139985432,23.400214808962,23.400214808962,27.262830024648,391.066513020815
280gpnjk(3),779adzml(2),|280gpnjk(3),779adzml(2),|280gpnjk(3),779adzml(2),|280gpnjk(2),779adzml(1),;22630,21693.1,21693.1,21242.5,10.753139985432,18.400214808962,18.400214808962,22.262830024648,396.066513020815
280gpnjk(3),779adzml(2),|280gpnjk(3),779adzml(2),|280gpnjk(3),779adzml(2),|280gpnjk(2),779adzml(1),;22630,21693.1,21693.1,21242.5,5.753139985432,13.400214808962,13.400214808962,17.262830024648,401.066513020815
280gpnjk(3),779adzml(3),54adpvb(2),|280gpnjk(3),779adzml(2),54adpvb(1),|280gpnjk(3),779adzml(2),|280gpnjk(2),779adzml(1),;19343,19501.7,21693.1,21242.5,30.403461128975,29.250721677995,8.400214808962,12.262830024648,406.066513020815
280gpnjk(3),779adzml(3),54adpvb(2),332hxoyi(0),|280gpnjk(3),779adzml(3),54adpvb(1),332hxoyi(0),|280gpnjk(3),779adzml(3),332hxoyi(0),|280gpnjk(3),779adzml(2),332hxoyi(0),;17510,16752.3,18027.2,20326,45.317942468961,51.525795331706,38.035880776399,19.816719050908,411.066513020815
280gpnjk(3),779adzml(3),54adpvb(2),332hxoyi(1),|280gpnjk(3),779adzml(3),54adpvb(2),332hxoyi(1),|280gpnjk(3),779adzml(3),332hxoyi(2),|280gpnjk(3),779adzml(3),332hxoyi(2),;17510,16752.3,18027.2,20326,40.317942468961,46.525795331706,33.035880776399,14.816719050908,416.066513020815
280gpnjk(3),779adzml(3),54adpvb(2),332hxoyi(1),|280gpnjk(3),779adzml(3),54adpvb(2),332hxoyi(1),|280gpnjk(3),779adzml(3),332hxoyi(2),|280gpnjk(3),779adzml(3),332hxoyi(2),;17510,16752.3,18027.2,20326,35.317942468961,41.525795331706,28.035880776399,9.816719050908,421.066513020815
280gpnjk(3),779adzml(3),54adpvb(2),332hxoyi(1),|280gpnjk(3),779adzml(3),54adpvb(2),332hxoyi(1),|280gpnjk(3),779adzml(3),332hxoyi(2),|280gpnjk(3),779adzml(3),332hxoyi(3),;17510,16752.3,18027.2,20326,30.317942468961,36.525795331706,23.035880776399,4.816719050908,426.066513020815
280gpnjk(3),779adzml(3),54adpvb(3),332hxoyi(1),|280gpnjk(3),779adzml(3),54adpvb(3),332hxoyi(2),|280gpnjk(3),779adzml(3),332hxoyi(2),|280gpnjk(3),779adzml(3),332hxoyi(3),;17510,16752.3,18027.2,20326,25.317942468961,31.525795331706,18.035880776399,0,431.066513020815
280gpnjk(3),779adzml(3),54adpvb(3),332hxoyi(2),|280gpnjk(3),779adzml(3),54adpvb(3),332hxoyi(2),246vhrqw(0),|280gpnjk(3),779adzml(3),332hxoyi(2),|280gpnjk(3),779adzml(3),332hxoyi(3),;17510,14417.6,18027.2,20326,20.317942468961,48.740839088855,13.035880776399,0,436.066513020815
280gpnjk(3),779adzml(3),54adpvb(3),332hxoyi(2),|280gpnjk(3),779adzml(3),54adpvb(3),332hxoyi(2),246vhrqw(1),|280gpnjk(3),779adzml(3),332hxoyi(2),|280gpnjk(3),779adzml(3),332hxoyi(3),;17510,14417.6,18027.2,20326,15.317942468961,43.740839088855,8.035880776399,0,441.066513020815
280gpnjk(3),779adzml(3),54adpvb(3),332hxoyi(3),|280gpnjk(3),779adzml(3),54adpvb(3),332hxoyi(2),246vhrqw(1),|280gpnjk(3),779adzml(3),332hxoyi(3),|280gpnjk(3),779adzml(3),332hxoyi(3),;17510,14417.6,18027.2,20326,10.317942468961,38.740839088855,3.035880776399,0,446.066513020815
280gpnjk(3),779adzml(3),54adpvb(3),332hxoyi(3),|280gpnjk(3),779adzml(3),54adpvb(3),332hxoyi(2),246vhrqw(1),|280gpnjk(3),779adzml(3),332hxoyi(3),|280gpnjk(3),779adzml(3),332hxoyi(3),;17510,14417.6,18027.2,20326,5.317942468961,33.740839088855,0,0,451.066513020815
280gpnjk(3),779adzml(3),54adpvb(3),332hxoyi(3),|280gpnjk(3),779adzml(3),54adpvb(3),332hxoyi(3),246vhrqw(2),|280gpnjk(3),779adzml(3),332hxoyi(3),|280gpnjk(3),779adzml(3),332hxoyi(3),;17510,14417.6,18027.2,20326,0.317942468961,28.740839088855,0,0,456.066513020815
280gpnjk(3),779adzml(3),54adpvb(3),332hxoyi(3),|280gpnjk(3),779adzml(3),54adpvb(3),332hxoyi(3),246vhrqw(2),|280gpnjk(3),779adzml(3),332hxoyi(3),|280gpnjk(3),779adzml(3),332hxoyi(3),;17510,14417.6,18027.2,20326,0,23.740839088855,0,0,461.066513020815
280gpnjk(3),54adpvb(3),332hxoyi(3),|280gpnjk(3),779adzml(3),54adpvb(3),332hxoyi(3),246vhrqw(2),|280gpnjk(3),779adzml(3),332hxoyi(3),|280gpnjk(3),779adzml(3),332hxoyi(3),;19645,14417.6,18027.2,20326,0,18.740839088855,0,0,466.066513020815
280gpnjk(3),54adpvb(3),332hxoyi(3),|280gpnjk(3),779adzml(3),54adpvb(3),332hxoyi(3),246vhrqw(3),|280gpnjk(3),779adzml(3),332hxoyi(3),|280gpnjk(3),779adzml(3),332hxoyi(3),;19645,14417.6,18027.2,20326,0,13.740839088855,0,0,471.066513020815
280gpnjk(3),54adpvb(3),332hxoyi(3),|280gpnjk(3),779adzml(3),54adpvb(3),332hxoyi(3),246vhrqw(3),|280gpnjk(3),779adzml(3),332hxoyi(3),|280gpnjk(3),779adzml(3),332hxoyi(3),;19645,14417.6,18027.2,20326,0,8.740839088855,0,0,476.066513020815
280gpnjk(3),54adpvb(3),332hxoyi(3),|280gpnjk(3),779adzml(3),54adpvb(3),332hxoyi(3),246vhrqw(3),|280gpnjk(3),779adzml(3),332hxoyi(3),|280gpnjk(3),779adzml(3),332hxoyi(3),;19645,14417.6,18027.2,20326,0,3.740839088855,0,0,481.066513020815
280gpnjk(3),54adpvb(3),332hxoyi(3),|280gpnjk(3),779adzml(3),54adpvb(3),332hxoyi(3),246vhrqw(3),|280gpnjk(3),779adzml(3),332hxoyi(3),|280gpnjk(3),779adzml(3),332hxoyi(3),;19645,14417.6,18027.2,20326,0,0,0,0,486.066513020815
280gpnjk(3),54adpvb(3),332hxoyi(3),|280gpnjk(3),779adzml(3),54adpvb(3),332hxoyi(3),246vhrqw(3),|280gpnjk(3),779adzml(3),332hxoyi(3),|280gpnjk(3),779adzml(3),332hxoyi(3),;19645,14417.6,18027.2,20326,0,0,0,0,491.066513020815
280gpnjk(3),54adpvb(3),332hxoyi(3),|280gpnjk(3),779adzml(3),54adpvb(3),332hxoyi(3),246vhrqw(3),|280gpnjk(3),779adzml(3),332hxoyi(3),|280gpnjk(3),779adzml(3),332hxoyi(3),;19645,14417.6,18027.2,20326,0,0,0,0,496.066513020815
280gpnjk(3),54adpvb(3),332hxoyi(3),|280gpnjk(3),779adzml(3),54adpvb(3),332hxoyi(3),246vhrqw(3),|280gpnjk(3),779adzml(3),332hxoyi(3),|280gpnjk(3),779adzml(3),332hxoyi(3),;19645,14417.6,18027.2,20326,0,0,0,0,501.066513020815
280gpnjk(3),54adpvb(3),332hxoyi(3),|280gpnjk(3),779adzml(3),54adpvb(3),332hxoyi(3),246vhrqw(3),|280gpnjk(3),779adzml(3),332hxoyi(3),|280gpnjk(3),779adzml(3),332hxoyi(3),;19645,14417.6,18027.2,20326,0,0,0,0,506.066513020815
280gpnjk(3),54adpvb(3),332hxoyi(3),|280gpnjk(3),779adzml(3),54adpvb(3),332hxoyi(3),246vhrqw(3),|280gpnjk(3),779adzml(3),332hxoyi(3),|280gpnjk(3),779adzml(3),332hxoyi(3),;19645,14417.6,18027.2,20326,0,0,0,0,511.066513020815
280gpnjk(3),54adpvb(3),332hxoyi(3),|280gpnjk(3),54adpvb(3),332hxoyi(3),246vhrqw(3),|280gpnjk(3),332hxoyi(3),|280gpnjk(3),332hxoyi(3),;19645,16552.6,20162.2,21037.7,0,0,0,0,516.066513020815
280gpnjk(3),54adpvb(3),332hxoyi(3),|280gpnjk(3),54adpvb(3),332hxoyi(3),246vhrqw(3),|280gpnjk(3),332hxoyi(3),|280gpnjk(3),332hxoyi(3),;19645,16552.6,20162.2,21037.7,0,0,0,0,521.066513020815
280gpnjk(3),54adpvb(3),332hxoyi(3),|280gpnjk(3),54adpvb(3),332hxoyi(3),246vhrqw(3),|280gpnjk(3),332hxoyi(3),333grdnp(0),|280gpnjk(3),332hxoyi(3),333grdnp(0),;19645,16552.6,17551,18426.5,0,0,21.620864556067,21.620864556067,526.066513020815
280gpnjk(3),54adpvb(3),332hxoyi(3),|280gpnjk(3),54adpvb(3),332hxoyi(3),246vhrqw(3),|280gpnjk(3),332hxoyi(3),333grdnp(2),|280gpnjk(3),332hxoyi(3),333grdnp(2),;19645,16552.6,17551,18426.5,0,0,16.620864556067,16.620864556067,531.066513020815
280gpnjk(3),54adpvb(3),332hxoyi(3),|280gpnjk(3),54adpvb(3),332hxoyi(3),246vhrqw(3),|280gpnjk(3),332hxoyi(3),333grdnp(2),|280gpnjk(3),332hxoyi(3),333grdnp(2),;19645,16552.6,17551,18426.5,0,0,11.620864556067,11.620864556067,536.066513020815
280gpnjk(3),54adpvb(3),332hxoyi(3),|280gpnjk(3),54adpvb(3),332hxoyi(3),246vhrqw(3),|280gpnjk(3),332hxoyi(3),333grdnp(2),|280gpnjk(3),332hxoyi(3),333grdnp(2),;19645,16552.6,17551,18426.5,0,0,6.620864556067,6.620864556067,541.066513020815
280gpnjk(3),54adpvb(3),332hxoyi(3),324ymdlw(0),|280gpnjk(3),54adpvb(3),332hxoyi(3),246vhrqw(3),324ymdlw(0),|280gpnjk(3),332hxoyi(3),333grdnp(2),324ymdlw(0),|280gpnjk(3),332hxoyi(3),333grdnp(2),324ymdlw(0),;18779.7,13956.8,14089.9,16695.9,13.462106147255,28.036878225686,37.836294841784,23.261522763352,546.066513020815
280gpnjk(3),54adpvb(3),332hxoyi(3),324ymdlw(0),|280gpnjk(3),54adpvb(3),332hxoyi(3),246vhrqw(3),324ymdlw(0),|280gpnjk(3),332hxoyi(3),333grdnp(3),324ymdlw(0),|280gpnjk(3),332hxoyi(3),333grdnp(3),324ymdlw(0),;18779.7,13956.8,14089.9,16695.9,8.462106147255,23.036878225686,32.836294841784,18.261522763352,551.066513020815
54adpvb(3),332hxoyi(3),324ymdlw(2),2dskvu(0),|54adpvb(3),332hxoyi(3),246vhrqw(3),324ymdlw(2),2dskvu(0),|332hxoyi(3),333grdnp(3),324ymdlw(2),2dskvu(0),|280gpnjk(3),332hxoyi(3),333grdnp(3),324ymdlw(2),2dskvu(0),;16936.5,14904,14110.4,12989,32.03650939733,31.725614338506,48.967864523232,49.278759582055,556.066513020815
54adpvb(3),332hxoyi(3),324ymdlw(3),2dskvu(2),|54adpvb(3),332hxoyi(3),246vhrqw(3),324ymdlw(2),2dskvu(1),|332hxoyi(3),333grdnp(3),324ymdlw(2),2dskvu(1),|280gpnjk(3),332hxoyi(3),333grdnp(3),324ymdlw(2),2dskvu(1),;16936.5,14904,14110.4,12989,27.03650939733,26.725614338506,43.967864523232,44.278759582055,561.066513020815
54adpvb(3),332hxoyi(3),324ymdlw(3),2dskvu(2),|54adpvb(3),332hxoyi(3),246vhrqw(3),324ymdlw(2),2dskvu(1),|332hxoyi(3),333grdnp(3),324ymdlw(2),2dskvu(1),|280gpnjk(3),332hxoyi(3),333grdnp(3),324ymdlw(2),2dskvu(1),;16936.5,14904,14110.4,12989,22.03650939733,21.725614338506,38.967864523232,39.278759582055,566.066513020815
54adpvb(3),332hxoyi(3),324ymdlw(3),2dskvu(2),|54adpvb(3),332hxoyi(3),246vhrqw(3),324ymdlw(2),2dskvu(1),|332hxoyi(3),333grdnp(3),324ymdlw(2),2dskvu(1),|280gpnjk(3),332hxoyi(3),333grdnp(3),324ymdlw(3),2dskvu(2),;16936.5,14904,14110.4,12989,17.03650939733,16.725614338506,33.967864523232,34.278759582055,571.066513020815
54adpvb(3),332hxoyi(3),324ymdlw(3),2dskvu(2),|54adpvb(3),332hxoyi(3),246vhrqw(3),324ymdlw(3),2dskvu(2),|332hxoyi(3),333grdnp(3),324ymdlw(2),2dskvu(1),|280gpnjk(3),332hxoyi(3),333grdnp(3),324ymdlw(3),2dskvu(2),;16936.5,14904,14110.4,12989,12.03650939733,11.725614338506,28.967864523232,29.278759582055,576.066513020815
54adpvb(3),332hxoyi(3),324ymdlw(3),2dskvu(2),|54adpvb(3),332hxoyi(3),246vhrqw(3),324ymdlw(3),2dskvu(2),|332hxoyi(3),333grdnp(3),324ymdlw(3),2dskvu(1),|280gpnjk(3),332hxoyi(3),333grdnp(3),324ymdlw(3),2dskvu(2),;16936.5,14904,14110.4,12989,7.03650939733,6.725614338506,23.967864523232,24.278759582055,581.066513020815
54adpvb(3),332hxoyi(3),324ymdlw(3),2dskvu(3),|54adpvb(3),332hxoyi(3),246vhrqw(3),324ymdlw(3),2dskvu(3),|332hxoyi(3),333grdnp(3),324ymdlw(3),2dskvu(2),|280gpnjk(3),332hxoyi(3),333grdnp(3),324ymdlw(3),2dskvu(2),;16936.5,14904,14110.4,12989,2.03650939733,1.725614338506,18.967864523232,19.278759582055,586.066513020815
54adpvb(3),332hxoyi(3),324ymdlw(3),2dskvu(3),|54adpvb(3),332hxoyi(3),246vhrqw(3),324ymdlw(3),2dskvu(3),|332hxoyi(3),333grdnp(3),324ymdlw(3),2dskvu(2),|280gpnjk(3),332hxoyi(3),333grdnp(3),324ymdlw(3),2dskvu(2),;16936.5,14904,14110.4,12989,0,0,13.967864523232,14.278759582055,591.066513020815
332hxoyi(3),324ymdlw(3),2dskvu(3),|332hxoyi(3),246vhrqw(3),324ymdlw(3),2dskvu(3),|332hxoyi(3),333grdnp(3),324ymdlw(3),2dskvu(2),|280gpnjk(3),332hxoyi(3),333grdnp(3),324ymdlw(3),2dskvu(2),;20223.5,17095.4,14110.4,12989,0,0,8.967864523232,9.278759582055,596.066513020815
332hxoyi(3),324ymdlw(3),2dskvu(3),|332hxoyi(3),246vhrqw(3),324ymdlw(3),2dskvu(3),|332hxoyi(3),333grdnp(3),324ymdlw(3),2dskvu(3),|280gpnjk(3),332hxoyi(3),333grdnp(3),324ymdlw(3),2dskvu(3),;20223.5,17095.4,14110.4,12989,0,0,3.967864523232,4.278759582055,601.066513020815
332hxoyi(3),324ymdlw(3),2dskvu(3),|332hxoyi(3),246vhrqw(3),324ymdlw(3),2dskvu(3),|332hxoyi(3),333grdnp(3),324ymdlw(3),2dskvu(3),|280gpnjk(3),332hxoyi(3),333grdnp(3),324ymdlw(3),2dskvu(3),;20223.5,17095.4,14110.4,12989,0,0,0,0,606.066513020815
332hxoyi(3),324ymdlw(3),2dskvu(3),|332hxoyi(3),246vhrqw(3),324ymdlw(3),2dskvu(3),|332hxoyi(3),333grdnp(3),324ymdlw(3),2dskvu(3),|280gpnjk(3),332hxoyi(3),333grdnp(3),324ymdlw(3),2dskvu(3),;20223.5,17095.4,14110.4,12989,0,0,0,0,611.066513020815
332hxoyi(3),324ymdlw(3),2dskvu(3),|332hxoyi(3),246vhrqw(3),324ymdlw(3),2dskvu(3),|332hxoyi(3),333grdnp(3),324ymdlw(3),2dskvu(3),|280gpnjk(3),332hxoyi(3),333grdnp(3),324ymdlw(3),2dskvu(3),;20223.5,17095.4,14110.4,12989,0,0,0,0,616.066513020815
332hxoyi(3),324ymdlw(3),2dskvu(3),|332hxoyi(3),246vhrqw(3),324ymdlw(3),2dskvu(3),|332hxoyi(3),333grdnp(3),324ymdlw(3),2dskvu(3),|280gpnjk(3),332hxoyi(3),333grdnp(3),324ymdlw(3),2dskvu(3),;20223.5,17095.4,14110.4,12989,0,0,0,0,621.066513020815
332hxoyi(3),324ymdlw(3),2dskvu(3),|332hxoyi(3),246vhrqw(3),324ymdlw(3),2dskvu(3),|332hxoyi(3),333grdnp(3),324ymdlw(3),2dskvu(3),|280gpnjk(3),332hxoyi(3),333grdnp(3),324ymdlw(3),2dskvu(3),;20223.5,17095.4,14110.4,12989,0,0,0,0,626.066513020815
332hxoyi(3),324ymdlw(3),2dskvu(3),|332hxoyi(3),246vhrqw(3),324ymdlw(3),2dskvu(3),|332hxoyi(3),333grdnp(3),324ymdlw(3),2dskvu(3),|280gpnjk(3),332hxoyi(3),333grdnp(3),324ymdlw(3),2dskvu(3),;20223.5,17095.4,14110.4,12989,0,0,0,0,631.066513020815
332hxoyi(3),324ymdlw(3),2dskvu(3),|332hxoyi(3),246vhrqw(3),324ymdlw(3),2dskvu(3),|332hxoyi(3),333grdnp(3),324ymdlw(3),2dskvu(3),|280gpnjk(3),332hxoyi(3),333grdnp(3),324ymdlw(3),2dskvu(3),;20223.5,17095.4,14110.4,12989,0,0,0,0,636.066513020815
332hxoyi(3),324ymdlw(3),2dskvu(3),|332hxoyi(3),246vhrqw(3),324ymdlw(3),2dskvu(3),|332hxoyi(3),333grdnp(3),324ymdlw(3),2dskvu(3),|280gpnjk(3),332hxoyi(3),333grdnp(3),324ymdlw(3),2dskvu(3),;20223.5,17095.4,14110.4,12989,0,0,0,0,641.066513020815
332hxoyi(3),324ymdlw(3),2dskvu(3),|332hxoyi(3),246vhrqw(3),324ymdlw(3),2dskvu(3),|332hxoyi(3),333grdnp(3),324ymdlw(3),2dskvu(3),|280gpnjk(3),332hxoyi(3),333grdnp(3),324ymdlw(3),2dskvu(3),;20223.5,17095.4,14110.4,12989,0,0,0,0,646.066513020815
332hxoyi(3),324ymdlw(3),2dskvu(3),|332hxoyi(3),246vhrqw(3),324ymdlw(3),2dskvu(3),|332hxoyi(3),333grdnp(3),324ymdlw(3),2dskvu(3),|280gpnjk(3),332hxoyi(3),333grdnp(3),324ymdlw(3),2dskvu(3),;20223.5,17095.4,14110.4,12989,0,0,0,0,651.066513020815
332hxoyi(3),324ymdlw(3),2dskvu(3),|332hxoyi(3),246vhrqw(3),324ymdlw(3),2dskvu(3),|332hxoyi(3),333grdnp(3),324ymdlw(3),2dskvu(3),|280gpnjk(3),332hxoyi(3),333grdnp(3),324ymdlw(3),2dskvu(3),;20223.5,17095.4,14110.4,12989,0,0,0,0,656.066513020815
332hxoyi(3),324ymdlw(3),2dskvu(3),|332hxoyi(3),246vhrqw(3),324ymdlw(3),2dskvu(3),|332hxoyi(3),333grdnp(3),324ymdlw(3),2dskvu(3),|280gpnjk(3),332hxoyi(3),333grdnp(3),324ymdlw(3),2dskvu(3),;20223.5,17095.4,14110.4,12989,0,0,0,0,661.066513020815
332hxoyi(3),324ymdlw(3),2dskvu(3),|332hxoyi(3),246vhrqw(3),324ymdlw(3),2dskvu(3),|332hxoyi(3),333grdnp(3),324ymdlw(3),2dskvu(3),|280gpnjk(3),332hxoyi(3),333grdnp(3),324ymdlw(3),2dskvu(3),;20223.5,17095.4,14110.4,12989,0,0,0,0,666.066513020815
332hxoyi(3),324ymdlw(3),2dskvu(3),|332hxoyi(3),246vhrqw(3),324ymdlw(3),2dskvu(3),|332hxoyi(3),333grdnp(3),324ymdlw(3),2dskvu(3),|280gpnjk(3),332hxoyi(3),333grdnp(3),324ymdlw(3),2dskvu(3),;20223.5,17095.4,14110.4,12989,0,0,0,0,671.066513020815
332hxoyi(3),324ymdlw(3),2dskvu(3),|332hxoyi(3),246vhrqw(3),324ymdlw(3),2dskvu(3),|332hxoyi(3),333grdnp(3),324ymdlw(3),2dskvu(3),|280gpnjk(3),332hxoyi(3),333grdnp(3),324ymdlw(3),2dskvu(3),;20223.5,17095.4,14110.4,12989,0,0,0,0,676.066513020815
332hxoyi(3),324ymdlw(3),2dskvu(3),|332hxoyi(3),246vhrqw(3),324ymdlw(3),2dskvu(3),|332hxoyi(3),324ymdlw(3),2dskvu(3),|280gpnjk(3),332hxoyi(3),324ymdlw(3),2dskvu(3),;20223.5,17095.4,16721.6,15600.2,0,0,0,0,681.066513020815
332hxoyi(3),324ymdlw(3),2dskvu(3),|332hxoyi(3),246vhrqw(3),324ymdlw(3),2dskvu(3),|332hxoyi(3),324ymdlw(3),2dskvu(3),|280gpnjk(3),332hxoyi(3),324ymdlw(3),2dskvu(3),;20223.5,17095.4,16721.6,15600.2,0,0,0,0,686.066513020815
332hxoyi(3),324ymdlw(3),2dskvu(3),|332hxoyi(3),246vhrqw(3),324ymdlw(3),2dskvu(3),|332hxoyi(3),324ymdlw(3),2dskvu(3),|280gpnjk(3),332hxoyi(3),324ymdlw(3),2dskvu(3),;20223.5,17095.4,16721.6,15600.2,0,0,0,0,691.066513020815
332hxoyi(3),324ymdlw(3),2dskvu(3),|332hxoyi(3),246vhrqw(3),324ymdlw(3),2dskvu(3),|332hxoyi(3),324ymdlw(3),2dskvu(3),|280gpnjk(3),332hxoyi(3),324ymdlw(3),2dskvu(3),;20223.5,17095.4,16721.6,15600.2,0,0,0,0,696.066513020815
332hxoyi(3),324ymdlw(3),2dskvu(3),|332hxoyi(3),246vhrqw(3),324ymdlw(3),2dskvu(3),|332hxoyi(3),324ymdlw(3),2dskvu(3),|280gpnjk(3),332hxoyi(3),324ymdlw(3),2dskvu(3),;20223.5,17095.4,16721.6,15600.2,0,0,0,0,701.066513020815
332hxoyi(3),324ymdlw(3),2dskvu(3),|332hxoyi(3),246vhrqw(3),324ymdlw(3),2dskvu(3),|332hxoyi(3),324ymdlw(3),2dskvu(3),|280gpnjk(3),332hxoyi(3),324ymdlw(3),2dskvu(3),;20223.5,17095.4,16721.6,15600.2,0,0,0,0,706.066513020815
332hxoyi(3),324ymdlw(3),2dskvu(3),|332hxoyi(3),246vhrqw(3),324ymdlw(3),2dskvu(3),|332hxoyi(3),324ymdlw(3),2dskvu(3),|280gpnjk(3),332hxoyi(3),324ymdlw(3),2dskvu(3),;20223.5,17095.4,16721.6,15600.2,0,0,0,0,711.066513020815
332hxoyi(3),324ymdlw(3),|332hxoyi(3),246vhrqw(3),324ymdlw(3),|332hxoyi(3),324ymdlw(3),2dskvu(3),|280gpnjk(3),332hxoyi(3),324ymdlw(3),2dskvu(3),;23003.7,18022.1,16721.6,15600.2,0,0,0,0,716.066513020815
332hxoyi(3),324ymdlw(3),|332hxoyi(3),246vhrqw(3),324ymdlw(3),|332hxoyi(3),324ymdlw(3),2dskvu(3),|280gpnjk(3),332hxoyi(3),324ymdlw(3),2dskvu(3),;23003.7,18022.1,16721.6,15600.2,0,0,0,0,721.066513020815
332hxoyi(3),324ymdlw(3),|332hxoyi(3),246vhrqw(3),324ymdlw(3),|332hxoyi(3),324ymdlw(3),2dskvu(3),|280gpnjk(3),332hxoyi(3),324ymdlw(3),2dskvu(3),;23003.7,18022.1,16721.6,15600.2,0,0,0,0,726.066513020815
332hxoyi(3),324ymdlw(3),|332hxoyi(3),246vhrqw(3),324ymdlw(3),|332hxoyi(3),324ymdlw(3),2dskvu(3),|280gpnjk(3),332hxoyi(3),324ymdlw(3),2dskvu(3),;23003.7,18022.1,16721.6,15600.2,0,0,0,0,731.066513020815
332hxoyi(3),324ymdlw(3),|332hxoyi(3),246vhrqw(3),324ymdlw(3),|332hxoyi(3),324ymdlw(3),2dskvu(3),|280gpnjk(3),332hxoyi(3),324ymdlw(3),2dskvu(3),;23003.7,18022.1,16721.6,15600.2,0,0,0,0,736.066513020815
324ymdlw(3),|246vhrqw(3),324ymdlw(3),|324ymdlw(3),2dskvu(3),|280gpnjk(3),324ymdlw(3),2dskvu(3),;24836.7,20771.5,20387.5,16516.7,0,0,0,0,741.066513020815
324ymdlw(3),|246vhrqw(3),324ymdlw(3),|324ymdlw(3),2dskvu(3),|280gpnjk(3),324ymdlw(3),2dskvu(3),;24836.7,20771.5,20387.5,16516.7,0,0,0,0,746.066513020815
324ymdlw(3),|246vhrqw(3),324ymdlw(3),|324ymdlw(3),2dskvu(3),|324ymdlw(3),2dskvu(3),;24836.7,20771.5,20387.5,20264.5,0,0,0,0,751.066513020815
324ymdlw(3),|246vhrqw(3),324ymdlw(3),|324ymdlw(3),2dskvu(3),|324ymdlw(3),2dskvu(3),;24836.7,20771.5,20387.5,20264.5,0,0,0,0,756.066513020815
324ymdlw(3),|246vhrqw(3),324ymdlw(3),|324ymdlw(3),2dskvu(3),|324ymdlw(3),2dskvu(3),;24836.7,20771.5,20387.5,20264.5,0,0,0,0,761.066513020815
324ymdlw(3),|246vhrqw(3),324ymdlw(3),|324ymdlw(3),2dskvu(3),|324ymdlw(3),2dskvu(3),;24836.7,20771.5,20387.5,20264.5,0,0,0,0,766.066513020815
324ymdlw(3),|246vhrqw(3),324ymdlw(3),|324ymdlw(3),2dskvu(3),|324ymdlw(3),2dskvu(3),;24836.7,20771.5,20387.5,20264.5,0,0,0,0,771.066513020815
324ymdlw(3),|246vhrqw(3),324ymdlw(3),|324ymdlw(3),2dskvu(3),|324ymdlw(3),2dskvu(3),;24836.7,20771.5,20387.5,20264.5,0,0,0,0,776.066513020815
324ymdlw(3),|246vhrqw(3),324ymdlw(3),|324ymdlw(3),2dskvu(3),|324ymdlw(3),2dskvu(3),;24836.7,20771.5,20387.5,20264.5,0,0,0,0,781.066513020815
324ymdlw(3),|246vhrqw(3),324ymdlw(3),|324ymdlw(3),2dskvu(3),|324ymdlw(3),2dskvu(3),;24836.7,20771.5,20387.5,20264.5,0,0,0,0,786.066513020815
324ymdlw(3),|246vhrqw(3),324ymdlw(3),|324ymdlw(3),2dskvu(3),|324ymdlw(3),2dskvu(3),;24836.7,20771.5,20387.5,20264.5,0,0,0,0,791.066513020815
324ymdlw(3),|246vhrqw(3),324ymdlw(3),|324ymdlw(3),2dskvu(3),|324ymdlw(3),2dskvu(3),;24836.7,20771.5,20387.5,20264.5,0,0,0,0,796.066513020815
324ymdlw(3),|246vhrqw(3),324ymdlw(3),|324ymdlw(3),2dskvu(3),|324ymdlw(3),2dskvu(3),;24836.7,20771.5,20387.5,20264.5,0,0,0,0,801.066513020815
324ymdlw(3),|246vhrqw(3),324ymdlw(3),|324ymdlw(3),2dskvu(3),|324ymdlw(3),2dskvu(3),;24836.7,20771.5,20387.5,20264.5,0,0,0,0,806.066513020815
324ymdlw(3),|246vhrqw(3),324ymdlw(3),|324ymdlw(3),2dskvu(3),|324ymdlw(3),2dskvu(3),;24836.7,20771.5,20387.5,20264.5,0,0,0,0,811.066513020815
324ymdlw(3),|246vhrqw(3),324ymdlw(3),|324ymdlw(3),2dskvu(3),|324ymdlw(3),2dskvu(3),;24836.7,20771.5,20387.5,20264.5,0,0,0,0,816.066513020815
324ymdlw(3),|324ymdlw(3),|324ymdlw(3),2dskvu(3),|324ymdlw(3),2dskvu(3),;24836.7,23106.2,20387.5,20264.5,0,0,0,0,821.066513020815
324ymdlw(3),|324ymdlw(3),|324ymdlw(3),2dskvu(3),|324ymdlw(3),2dskvu(3),;24836.7,23106.2,20387.5,20264.5,0,0,0,0,826.066513020815
324ymdlw(3),|324ymdlw(3),|324ymdlw(3),2dskvu(3),|324ymdlw(3),2dskvu(3),;24836.7,23106.2,20387.5,20264.5,0,0,0,0,831.066513020815
324ymdlw(3),|324ymdlw(3),|324ymdlw(3),2dskvu(3),|324ymdlw(3),2dskvu(3),;24836.7,23106.2,20387.5,20264.5,0,0,0,0,836.066513020815
324ymdlw(3),|324ymdlw(3),|324ymdlw(3),2dskvu(3),|324ymdlw(3),2dskvu(3),;24836.7,23106.2,20387.5,20264.5,0,0,0,0,841.066513020815
324ymdlw(3),|324ymdlw(3),|324ymdlw(3),2dskvu(3),|324ymdlw(3),2dskvu(3),;24836.7,23106.2,20387.5,20264.5,0,0,0,0,846.066513020815
324ymdlw(3),|324ymdlw(3),|324ymdlw(3),2dskvu(3),|324ymdlw(3),2dskvu(3),;24836.7,23106.2,20387.5,20264.5,0,0,0,0,851.066513020815
324ymdlw(3),|324ymdlw(3),|324ymdlw(3),2dskvu(3),|324ymdlw(3),2dskvu(3),;24836.7,23106.2,20387.5,20264.5,0,0,0,0,856.066513020815
324ymdlw(3),|324ymdlw(3),|324ymdlw(3),2dskvu(3),|324ymdlw(3),2dskvu(3),;24836.7,23106.2,20387.5,20264.5,0,0,0,0,861.066513020815
324ymdlw(3),|324ymdlw(3),|324ymdlw(3),2dskvu(3),|324ymdlw(3),2dskvu(3),;24836.7,23106.2,20387.5,20264.5,0,0,0,0,866.066513020815
324ymdlw(3),|324ymdlw(3),|324ymdlw(3),2dskvu(3),|324ymdlw(3),2dskvu(3),;24836.7,23106.2,20387.5,20264.5,0,0,0,0,871.066513020815
324ymdlw(3),|324ymdlw(3),|324ymdlw(3),2dskvu(3),|324ymdlw(3),2dskvu(3),;24836.7,23106.2,20387.5,20264.5,0,0,0,0,876.066513020815
324ymdlw(3),|324ymdlw(3),|324ymdlw(3),2dskvu(3),|324ymdlw(3),2dskvu(3),;24836.7,23106.2,20387.5,20264.5,0,0,0,0,881.066513020815
324ymdlw(3),|324ymdlw(3),|324ymdlw(3),2dskvu(3),|324ymdlw(3),2dskvu(3),;24836.7,23106.2,20387.5,20264.5,0,0,0,0,886.066513020815
324ymdlw(3),|324ymdlw(3),|324ymdlw(3),2dskvu(3),|324ymdlw(3),2dskvu(3),;24836.7,23106.2,20387.5,20264.5,0,0,0,0,891.066513020815
324ymdlw(3),|324ymdlw(3),|324ymdlw(3),2dskvu(3),|324ymdlw(3),2dskvu(3),;24836.7,23106.2,20387.5,20264.5,0,0,0,0,896.066513020815
324ymdlw(3),|324ymdlw(3),|324ymdlw(3),2dskvu(3),|324ymdlw(3),2dskvu(3),;24836.7,23106.2,20387.5,20264.5,0,0,0,0,901.066513020815
324ymdlw(3),|324ymdlw(3),|324ymdlw(3),2dskvu(3),|324ymdlw(3),2dskvu(3),;24836.7,23106.2,20387.5,20264.5,0,0,0,0,906.066513020815
324ymdlw(3),|324ymdlw(3),|324ymdlw(3),2dskvu(3),|324ymdlw(3),2dskvu(3),;24836.7,23106.2,20387.5,20264.5,0,0,0,0,911.066513020815
324ymdlw(3),|324ymdlw(3),|324ymdlw(3),2dskvu(3),|324ymdlw(3),2dskvu(3),;24836.7,23106.2,20387.5,20264.5,0,0,0,0,916.066513020815
324ymdlw(3),|324ymdlw(3),|324ymdlw(3),2dskvu(3),|324ymdlw(3),2dskvu(3),;24836.7,23106.2,20387.5,20264.5,0,0,0,0,921.066513020815
324ymdlw(3),|324ymdlw(3),|324ymdlw(3),2dskvu(3),|324ymdlw(3),2dskvu(3),;24836.7,23106.2,20387.5,20264.5,0,0,0,0,926.066513020815
324ymdlw(3),|324ymdlw(3),|324ymdlw(3),|324ymdlw(3),;24836.7,23106.2,22240.9,23971.4,0,0,0,0,931.066513020815
324ymdlw(3),|324ymdlw(3),|324ymdlw(3),|324ymdlw(3),;24836.7,23106.2,22240.9,23971.4,0,0,0,0,936.066513020815
324ymdlw(3),|324ymdlw(3),|324ymdlw(3),|324ymdlw(3),;24836.7,23106.2,22240.9,23971.4,0,0,0,0,941.066513020815
324ymdlw(3),|324ymdlw(3),|324ymdlw(3),|324ymdlw(3),;24836.7,23106.2,22240.9,23971.4,0,0,0,0,946.066513020815
324ymdlw(3),|324ymdlw(3),|324ymdlw(3),|324ymdlw(3),;24836.7,23106.2,22240.9,23971.4,0,0,0,0,951.066513020815
324ymdlw(3),|324ymdlw(3),|324ymdlw(3),|324ymdlw(3),;24836.7,23106.2,22240.9,23971.4,0,0,0,0,956.066513020815
324ymdlw(3),|324ymdlw(3),|324ymdlw(3),|324ymdlw(3),;24836.7,23106.2,22240.9,23971.4,0,0,0,0,961.066513020815
324ymdlw(3),|324ymdlw(3),|324ymdlw(3),|324ymdlw(3),;24836.7,23106.2,22240.9,23971.4,0,0,0,0,966.066513020815
324ymdlw(3),|324ymdlw(3),|324ymdlw(3),|324ymdlw(3),;24836.7,23106.2,22240.9,23971.4,0,0,0,0,971.066513020815
324ymdlw(3),|324ymdlw(3),|324ymdlw(3),|324ymdlw(3),;24836.7,23106.2,22240.9,23971.4,0,0,0,0,976.066513020815
324ymdlw(3),|324ymdlw(3),|324ymdlw(3),|324ymdlw(3),;24836.7,23106.2,22240.9,23971.4,0,0,0,0,981.066513020815
324ymdlw(3),|324ymdlw(3),|324ymdlw(3),|324ymdlw(3),;24836.7,23106.2,22240.9,23971.4,0,0,0,0,986.066513020815
324ymdlw(3),|324ymdlw(3),|324ymdlw(3),|324ymdlw(3),;24836.7,23106.2,22240.9,23971.4,0,0,0,0,991.066513020815
324ymdlw(3),|324ymdlw(3),|324ymdlw(3),|324ymdlw(3),;24836.7,23106.2,22240.9,23971.4,0,0,0,0,996.066513020815
324ymdlw(3),|324ymdlw(3),|324ymdlw(3),|324ymdlw(3),;24836.7,23106.2,22240.9,23971.4,0,0,0,0,1001.066513020815
324ymdlw(3),|324ymdlw(3),|324ymdlw(3),|324ymdlw(3),;24836.7,23106.2,22240.9,23971.4,0,0,0,0,1006.066513020815
324ymdlw(3),|324ymdlw(3),|324ymdlw(3),|324ymdlw(3),;24836.7,23106.2,22240.9,23971.4,0,0,0,0,1011.066513020815
324ymdlw(3),|324ymdlw(3),|324ymdlw(3),|324ymdlw(3),;24836.7,23106.2,22240.9,23971.4,0,0,0,0,1016.066513020815
324ymdlw(3),|324ymdlw(3),|324ymdlw(3),|324ymdlw(3),;24836.7,23106.2,22240.9,23971.4,0,0,0,0,1021.066513020815
324ymdlw(3),|324ymdlw(3),|324ymdlw(3),|324ymdlw(3),;24836.7,23106.2,22240.9,23971.4,0,0,0,0,1026.066513020815
324ymdlw(3),|324ymdlw(3),|324ymdlw(3),|324ymdlw(3),;24836.7,23106.2,22240.9,23971.4,0,0,0,0,1031.066513020815
324ymdlw(3),|324ymdlw(3),|324ymdlw(3),|324ymdlw(3),;24836.7,23106.2,22240.9,23971.4,0,0,0,0,1036.066513020815
324ymdlw(3),|324ymdlw(3),|324ymdlw(3),|324ymdlw(3),;24836.7,23106.2,22240.9,23971.4,0,0,0,0,1041.066513020815
324ymdlw(3),|324ymdlw(3),|324ymdlw(3),|324ymdlw(3),;24836.7,23106.2,22240.9,23971.4,0,0,0,0,1046.066513020815
324ymdlw(3),|324ymdlw(3),|324ymdlw(3),|324ymdlw(3),;24836.7,23106.2,22240.9,23971.4,0,0,0,0,1051.066513020815
324ymdlw(3),|324ymdlw(3),|324ymdlw(3),|324ymdlw(3),;24836.7,23106.2,22240.9,23971.4,0,0,0,0,1056.066513020815
324ymdlw(3),|324ymdlw(3),|324ymdlw(3),|324ymdlw(3),;24836.7,23106.2,22240.9,23971.4,0,0,0,0,1061.066513020815
324ymdlw(3),|324ymdlw(3),|324ymdlw(3),|324ymdlw(3),;24836.7,23106.2,22240.9,23971.4,0,0,0,0,1066.066513020815
324ymdlw(3),|324ymdlw(3),|324ymdlw(3),|324ymdlw(3),;24836.7,23106.2,22240.9,23971.4,0,0,0,0,1071.066513020815
324ymdlw(3),|324ymdlw(3),|324ymdlw(3),|324ymdlw(3),;24836.7,23106.2,22240.9,23971.4,0,0,0,0,1076.066513020815
324ymdlw(3),|324ymdlw(3),|324ymdlw(3),|324ymdlw(3),;24836.7,23106.2,22240.9,23971.4,0,0,0,0,1081.066513020815
324ymdlw(3),|324ymdlw(3),|324ymdlw(3),|324ymdlw(3),;24836.7,23106.2,22240.9,23971.4,0,0,0,0,1086.066513020815
324ymdlw(3),|324ymdlw(3),|324ymdlw(3),|324ymdlw(3),;24836.7,23106.2,22240.9,23971.4,0,0,0,0,1091.066513020815
324ymdlw(3),|324ymdlw(3),|324ymdlw(3),|324ymdlw(3),;24836.7,23106.2,22240.9,23971.4,0,0,0,0,1096.066513020815
324ymdlw(3),|324ymdlw(3),|324ymdlw(3),|324ymdlw(3),;24836.7,23106.2,22240.9,23971.4,0,0,0,0,1101.066513020815
324ymdlw(3),|324ymdlw(3),|324ymdlw(3),|324ymdlw(3),;24836.7,23106.2,22240.9,23971.4,0,0,0,0,1106.066513020815
324ymdlw(3),|324ymdlw(3),|324ymdlw(3),|324ymdlw(3),;24836.7,23106.2,22240.9,23971.4,0,0,0,0,1111.066513020815
324ymdlw(3),|324ymdlw(3),|324ymdlw(3),|324ymdlw(3),;24836.7,23106.2,22240.9,23971.4,0,0,0,0,1116.066513020815
324ymdlw(3),|324ymdlw(3),|324ymdlw(3),|324ymdlw(3),;24836.7,23106.2,22240.9,23971.4,0,0,0,0,1121.066513020815
324ymdlw(3),|324ymdlw(3),|324ymdlw(3),|324ymdlw(3),;24836.7,23106.2,22240.9,23971.4,0,0,0,0,1126.066513020815
324ymdlw(3),|324ymdlw(3),|324ymdlw(3),|324ymdlw(3),;24836.7,23106.2,22240.9,23971.4,0,0,0,0,1131.066513020815
324ymdlw(3),|324ymdlw(3),|324ymdlw(3),|324ymdlw(3),;24836.7,23106.2,22240.9,23971.4,0,0,0,0,1136.066513020815
324ymdlw(3),|324ymdlw(3),|324ymdlw(3),|324ymdlw(3),;24836.7,23106.2,22240.9,23971.4,0,0,0,0,1141.066513020815
324ymdlw(3),|324ymdlw(3),|324ymdlw(3),|324ymdlw(3),;24836.7,23106.2,22240.9,23971.4,0,0,0,0,1146.066513020815
324ymdlw(3),|324ymdlw(3),|324ymdlw(3),|324ymdlw(3),;24836.7,23106.2,22240.9,23971.4,0,0,0,0,1151.066513020815
324ymdlw(3),|324ymdlw(3),|324ymdlw(3),|324ymdlw(3),;24836.7,23106.2,22240.9,23971.4,0,0,0,0,1156.066513020815
324ymdlw(3),|324ymdlw(3),|324ymdlw(3),|324ymdlw(3),;24836.7,23106.2,22240.9,23971.4,0,0,0,0,1161.066513020815
324ymdlw(3),|324ymdlw(3),|324ymdlw(3),|324ymdlw(3),;24836.7,23106.2,22240.9,23971.4,0,0,0,0,1166.066513020815
324ymdlw(3),|324ymdlw(3),|324ymdlw(3),|324ymdlw(3),;24836.7,23106.2,22240.9,23971.4,0,0,0,0,1171.066513020815
324ymdlw(3),|324ymdlw(3),|324ymdlw(3),|324ymdlw(3),;24836.7,23106.2,22240.9,23971.4,0,0,0,0,1176.066513020815
324ymdlw(3),|324ymdlw(3),|324ymdlw(3),|324ymdlw(3),;24836.7,23106.2,22240.9,23971.4,0,0,0,0,1181.066513020815
324ymdlw(3),|324ymdlw(3),|324ymdlw(3),|324ymdlw(3),;24836.7,23106.2,22240.9,23971.4,0,0,0,0,1186.066513020815
324ymdlw(3),|324ymdlw(3),|324ymdlw(3),|324ymdlw(3),;24836.7,23106.2,22240.9,23971.4,0,0,0,0,1191.066513020815
324ymdlw(3),|324ymdlw(3),|324ymdlw(3),|324ymdlw(3),;24836.7,23106.2,22240.9,23971.4,0,0,0,0,1196.066513020815
324ymdlw(3),|324ymdlw(3),|324ymdlw(3),|324ymdlw(3),;24836.7,23106.2,22240.9,23971.4,0,0,0,0,1201.066513020815
324ymdlw(3),|324ymdlw(3),|324ymdlw(3),|324ymdlw(3),;24836.7,23106.2,22240.9,23971.4,0,0,0,0,1206.066513020815
324ymdlw(3),|324ymdlw(3),|324ymdlw(3),|324ymdlw(3),;24836.7,23106.2,22240.9,23971.4,0,0,0,0,1211.066513020815
324ymdlw(3),|324ymdlw(3),|324ymdlw(3),|324ymdlw(3),;24836.7,23106.2,22240.9,23971.4,0,0,0,0,1216.066513020815
|||;25702,25702,25702,25702,0,0,0,0,1221.066513020815
|||;25702,25702,25702,25702,0,0,0,0,1226.066513020815
|||;25702,25702,25702,25702,0,0,0,0,1231.066513020815
15obfre(2),|15obfre(2),|15obfre(2),|15obfre(2),;24360.6,24360.6,24360.6,24360.6,6.389967076497,6.389967076497,6.389967076497,6.389967076497,1236.066513020815
15obfre(2),|15obfre(2),|15obfre(2),|15obfre(2),;24360.6,24360.6,24360.6,24360.6,1.389967076497,1.389967076497,1.389967076497,1.389967076497,1241.066513020815
|||;25702,25702,25702,25702,0,0,0,0,1246.066513020815
|||;25702,25702,25702,25702,0,0,0,0,1251.066513020815
|||;25702,25702,25702,25702,0,0,0,0,1256.066513020815
|||;25702,25702,25702,25702,0,0,0,0,1261.066513020815
|||;25702,25702,25702,25702,0,0,0,0,1266.066513020815
|||;25702,25702,25702,25702,0,0,0,0,1271.066513020815
|||;25702,25702,25702,25702,0,0,0,0,1276.066513020815
|||;25702,25702,25702,25702,0,0,0,0,1281.066513020815
|||;25702,25702,25702,25702,0,0,0,0,1286.066513020815
|||;25702,25702,25702,25702,0,0,0,0,1291.066513020815
|||;25702,25702,25702,25702,0,0,0,0,1296.066513020815
|||;25702,25702,25702,25702,0,0,0,0,1301.066513020815
|||;25702,25702,25702,25702,0,0,0,0,1306.066513020815
|||;25702,25702,25702,25702,0,0,0,0,1311.066513020815
|||;25702,25702,25702,25702,0,0,0,0,1316.066513020815
|||;25702,25702,25702,25702,0,0,0,0,1321.066513020815
|||;25702,25702,25702,25702,0,0,0,0,1326.066513020815
|||;25702,25702,25702,25702,0,0,0,0,1331.066513020815
|||;25702,25702,25702,25702,0,0,0,0,1336.066513020815
|||;25702,25702,25702,25702,0,0,0,0,1341.066513020815
|||;25702,25702,25702,25702,0,0,0,0,1346.066513020815
|||;25702,25702,25702,25702,0,0,0,0,1351.066513020815
|||;25702,25702,25702,25702,0,0,0,0,1356.066513020815
|||;25702,25702,25702,25702,0,0,0,0,1361.066513020815
|||;25702,25702,25702,25702,0,0,0,0,1366.066513020815
|||;25702,25702,25702,25702,0,0,0,0,1371.066513020815
|||;25702,25702,25702,25702,0,0,0,0,1376.066513020815
|||;25702,25702,25702,25702,0,0,0,0,1381.066513020815
|||;25702,25702,25702,25702,0,0,0,0,1386.066513020815
|||;25702,25702,25702,25702,0,0,0,0,1391.066513020815
|||;25702,25702,25702,25702,0,0,0,0,1396.066513020815
|||;25702,25702,25702,25702,0,0,0,0,1401.066513020815
|||;25702,25702,25702,25702,0,0,0,0,1406.066513020815
|||;25702,25702,25702,25702,0,0,0,0,1411.066513020815
|||;25702,25702,25702,25702,0,0,0,0,1416.066513020815
|||;25702,25702,25702,25702,0,0,0,0,1421.066513020815
|||;25702,25702,25702,25702,0,0,0,0,1426.066513020815
|||;25702,25702,25702,25702,0,0,0,0,1431.066513020815
|||;25702,25702,25702,25702,0,0,0,0,1436.066513020815
|||;25702,25702,25702,25702,0,0,0,0,1441.066513020815
|||;25702,25702,25702,25702,0,0,0,0,1446.066513020815
|||;25702,25702,25702,25702,0,0,0,0,1451.066513020815
|||;25702,25702,25702,25702,0,0,0,0,1456.066513020815
|||;25702,25702,25702,25702,0,0,0,0,1461.066513020815
|||;25702,25702,25702,25702,0,0,0,0,1466.066513020815
|||;25702,25702,25702,25702,0,0,0,0,1471.066513020815
|||;25702,25702,25702,25702,0,0,0,0,1476.066513020815
|||;25702,25702,25702,25702,0,0,0,0,1481.066513020815
|||;25702,25702,25702,25702,0,0,0,0,1486.066513020815
|||;25702,25702,25702,25702,0,0,0,0,1491.066513020815
|||;25702,25702,25702,25702,0,0,0,0,1496.066513020815
|||;25702,25702,25702,25702,0,0,0,0,1501.066513020815
|||;25702,25702,25702,25702,0,0,0,0,1506.066513020815
|||;25702,25702,25702,25702,0,0,0,0,1511.066513020815
|||;25702,25702,25702,25702,0,0,0,0,1516.066513020815
|||;25702,25702,25702,25702,0,0,0,0,1521.066513020815
|||;25702,25702,25702,25702,0,0,0,0,1526.066513020815
|||;25702,25702,25702,25702,0,0,0,0,1531.066513020815
|||;25702,25702,25702,25702,0,0,0,0,1536.066513020815
|||;25702,25702,25702,25702,0,0,0,0,1541.066513020815
|||;25702,25702,25702,25702,0,0,0,0,1546.066513020815
|||;25702,25702,25702,25702,0,0,0,0,1551.066513020815
|||;25702,25702,25702,25702,0,0,0,0,1556.066513020815
|||;25702,25702,25702,25702,0,0,0,0,1561.066513020815
|||;25702,25702,25702,25702,0,0,0,0,1566.066513020815
|||;25702,25702,25702,25702,0,0,0,0,1571.066513020815
|||;25702,25702,25702,25702,0,0,0,0,1576.066513020815
|||;25702,25702,25702,25702,0,0,0,0,1581.066513020815
|||;25702,25702,25702,25702,0,0,0,0,1586.066513020815
|||;25702,25702,25702,25702,0,0,0,0,1591.066513020815
|||;25702,25702,25702,25702,0,0,0,0,1596.066513020815
83tibcq(2),|83tibcq(2),||83tibcq(2),;22834.8,24985.2,25702,22118,22.651429900598,5.380766371186,0,28.408317743735,1601.066513020815
83tibcq(2),|83tibcq(2),||83tibcq(2),;22834.8,24985.2,25702,22118,17.651429900598,0.380766371186,0,23.408317743735,1606.066513020815
83tibcq(2),|||83tibcq(2),;22834.8,25702,25702,22118,12.651429900598,0,0,18.408317743735,1611.066513020815
83tibcq(2),|||83tibcq(2),;22834.8,25702,25702,22118,7.651429900598,0,0,13.408317743735,1616.066513020815
83tibcq(2),|||83tibcq(2),;22834.8,25702,25702,22118,2.651429900598,0,0,8.408317743735,1621.066513020815
83tibcq(3),|||83tibcq(2),;22834.8,25702,25702,22118,0,0,0,3.408317743735,1626.066513020815
83tibcq(3),|||83tibcq(3),;22834.8,25702,25702,22118,0,0,0,0,1631.066513020815
83tibcq(3),|||83tibcq(3),;22834.8,25702,25702,22118,0,0,0,0,1636.066513020815
83tibcq(3),|||83tibcq(3),;22834.8,25702,25702,22118,0,0,0,0,1641.066513020815
83tibcq(3),|||83tibcq(3),;22834.8,25702,25702,22118,0,0,0,0,1646.066513020815
83tibcq(3),|||83tibcq(3),;22834.8,25702,25702,22118,0,0,0,0,1651.066513020815
83tibcq(3),|||83tibcq(3),;22834.8,25702,25702,22118,0,0,0,0,1656.066513020815
83tibcq(3),|||83tibcq(3),;22834.8,25702,25702,22118,0,0,0,0,1661.066513020815
83tibcq(3),|||83tibcq(3),;22834.8,25702,25702,22118,0,0,0,0,1666.066513020815
83tibcq(3),|||83tibcq(3),;22834.8,25702,25702,22118,0,0,0,0,1671.066513020815
83tibcq(3),|||83tibcq(3),;22834.8,25702,25702,22118,0,0,0,0,1676.066513020815
83tibcq(3),|||83tibcq(3),;22834.8,25702,25702,22118,0,0,0,0,1681.066513020815
83tibcq(3),|||83tibcq(3),;22834.8,25702,25702,22118,0,0,0,0,1686.066513020815
83tibcq(3),|||83tibcq(3),;22834.8,25702,25702,22118,0,0,0,0,1691.066513020815
83tibcq(3),|||83tibcq(3),;22834.8,25702,25702,22118,0,0,0,0,1696.066513020815
83tibcq(3),|||83tibcq(3),;22834.8,25702,25702,22118,0,0,0,0,1701.066513020815
83tibcq(3),|||83tibcq(3),;22834.8,25702,25702,22118,0,0,0,0,1706.066513020815
83tibcq(3),|||83tibcq(3),;22834.8,25702,25702,22118,0,0,0,0,1711.066513020815
83tibcq(3),|||83tibcq(3),;22834.8,25702,25702,22118,0,0,0,0,1716.066513020815
83tibcq(3),|||83tibcq(3),;22834.8,25702,25702,22118,0,0,0,0,1721.066513020815
83tibcq(3),|||83tibcq(3),;22834.8,25702,25702,22118,0,0,0,0,1726.066513020815
|||;25702,25702,25702,25702,0,0,0,0,1731.066513020815
|||;25702,25702,25702,25702,0,0,0,0,1736.066513020815
|||;25702,25702,25702,25702,0,0,0,0,1741.066513020815
|||;25702,25702,25702,25702,0,0,0,0,1746.066513020815
|||;25702,25702,25702,25702,0,0,0,0,1751.066513020815
|||;25702,25702,25702,25702,0,0,0,0,1756.066513020815
|||;25702,25702,25702,25702,0,0,0,0,1761.066513020815
|||;25702,25702,25702,25702,0,0,0,0,1766.066513020815
|||;25702,25702,25702,25702,0,0,0,0,1771.066513020815
|||;25702,25702,25702,25702,0,0,0,0,1776.066513020815
|||;25702,25702,25702,25702,0,0,0,0,1781.066513020815
|||;25702,25702,25702,25702,0,0,0,0,1786.066513020815
|||;25702,25702,25702,25702,0,0,0,0,1791.066513020815
|||;25702,25702,25702,25702,0,0,0,0,1796.066513020815
|||;25702,25702,25702,25702,0,0,0,0,1801.066513020815
|||;25702,25702,25702,25702,0,0,0,0,1806.066513020815
|||;25702,25702,25702,25702,0,0,0,0,1811.066513020815
|||;25702,25702,25702,25702,0,0,0,0,1816.066513020815
|||;25702,25702,25702,25702,0,0,0,0,1821.066513020815
|||;25702,25702,25702,25702,0,0,0,0,1826.066513020815
|||;25702,25702,25702,25702,0,0,0,0,1831.066513020815
|||;25702,25702,25702,25702,0,0,0,0,1836.066513020815
|||;25702,25702,25702,25702,0,0,0,0,1841.066513020815
|||;25702,25702,25702,25702,0,0,0,0,1846.066513020815
|||;25702,25702,25702,25702,0,0,0,0,1851.066513020815
|||;25702,25702,25702,25702,0,0,0,0,1856.066513020815
|||;25702,25702,25702,25702,0,0,0,0,1861.066513020815
|||;25702,25702,25702,25702,0,0,0,0,1866.066513020815
|||;25702,25702,25702,25702,0,0,0,0,1871.066513020815
|||;25702,25702,25702,25702,0,0,0,0,1876.066513020815
|||;25702,25702,25702,25702,0,0,0,0,1881.066513020815
|||;25702,25702,25702,25702,0,0,0,0,1886.066513020815
|||;25702,25702,25702,25702,0,0,0,0,1891.066513020815
|||;25702,25702,25702,25702,0,0,0,0,1896.066513020815
|||;25702,25702,25702,25702,0,0,0,0,1901.066513020815
|||;25702,25702,25702,25702,0,0,0,0,1906.066513020815
|||;25702,25702,25702,25702,0,0,0,0,1911.066513020815
|||;25702,25702,25702,25702,0,0,0,0,1916.066513020815
|||;25702,25702,25702,25702,0,0,0,0,1921.066513020815
|||;25702,25702,25702,25702,0,0,0,0,1926.066513020815
|||;25702,25702,25702,25702,0,0,0,0,1931.066513020815
|||;25702,25702,25702,25702,0,0,0,0,1936.066513020815
|||;25702,25702,25702,25702,0,0,0,0,1941.066513020815
|||;25702,25702,25702,25702,0,0,0,0,1946.066513020815
|||;25702,25702,25702,25702,0,0,0,0,1951.066513020815
|||;25702,25702,25702,25702,0,0,0,0,1956.066513020815
|||;25702,25702,25702,25702,0,0,0,0,1961.066513020815
|||;25702,25702,25702,25702,0,0,0,0,1966.066513020815
|||;25702,25702,25702,25702,0,0,0,0,1971.066513020815
|||;25702,25702,25702,25702,0,0,0,0,1976.066513020815
|||;25702,25702,25702,25702,0,0,0,0,1981.066513020815
|||;25702,25702,25702,25702,0,0,0,0,1986.066513020815
|||;25702,25702,25702,25702,0,0,0,0,1991.066513020815
|||;25702,25702,25702,25702,0,0,0,0,1996.066513020815
