|||;31232,31232,31232,31232,0,0,0,0,1.094953821921
|||;31232,31232,31232,31232,0,0,0,0,6.094953821921
|||;31232,31232,31232,31232,0,0,0,0,11.094953821921
|||;31232,31232,31232,31232,0,0,0,0,16.094953821921
|||;31232,31232,31232,31232,0,0,0,0,21.094953821921
|||;31232,31232,31232,31232,0,0,0,0,26.094953821921
|||;31232,31232,31232,31232,0,0,0,0,31.094953821921
|||;31232,31232,31232,31232,0,0,0,0,36.094953821921
|||;31232,31232,31232,31232,0,0,0,0,41.094953821921
352lvktw(2),|||;29593.6,31232,31232,31232,9.864500845247,0,0,0,46.094953821921
352lvktw(2),|||;29593.6,31232,31232,31232,4.864500845247,0,0,0,51.094953821921
352lvktw(3),832rvfuy(1),||832rvfuy(2),|;26035.2,31232,27673.6,31232,33.051297885838,0,26.12337121867,0,56.094953821921
352lvktw(3),832rvfuy(2),||832rvfuy(2),|;26035.2,31232,27673.6,31232,28.051297885838,0,21.12337121867,0,61.094953821921
352lvktw(3),832rvfuy(2),||832rvfuy(2),|;26035.2,31232,27673.6,31232,23.051297885838,0,16.12337121867,0,66.094953821921
352lvktw(3),832rvfuy(2),||832rvfuy(2),|;26035.2,31232,27673.6,31232,18.051297885838,0,11.12337121867,0,71.094953821921
352lvktw(3),832rvfuy(2),||832rvfuy(2),|;26035.2,31232,27673.6,31232,13.051297885838,0,6.12337121867,0,76.094953821921
352lvktw(3),832rvfuy(2),||832rvfuy(2),|;26035.2,31232,27673.6,31232,8.051297885838,0,1.12337121867,0,81.094953821921
352lvktw(3),832rvfuy(3),||832rvfuy(3),|;26035.2,31232,27673.6,31232,3.051297885838,0,0,0,86.094953821921
352lvktw(3),832rvfuy(3),||832rvfuy(3),|;26035.2,31232,27673.6,31232,0,0,0,0,91.094953821921
352lvktw(3),832rvfuy(3),||832rvfuy(3),|;26035.2,31232,27673.6,31232,0,0,0,0,96.094953821921
352lvktw(3),832rvfuy(3),||832rvfuy(3),|;26035.2,31232,27673.6,31232,0,0,0,0,101.094953821921
352lvktw(3),832rvfuy(3),||832rvfuy(3),|;26035.2,31232,27673.6,31232,0,0,0,0,106.094953821921
352lvktw(3),832rvfuy(3),||832rvfuy(3),|;26035.2,31232,27673.6,31232,0,0,0,0,111.094953821921
352lvktw(3),832rvfuy(3),||832rvfuy(3),|;26035.2,31232,27673.6,31232,0,0,0,0,116.094953821921
352lvktw(3),832rvfuy(3),||832rvfuy(3),|;26035.2,31232,27673.6,31232,0,0,0,0,121.094953821921
352lvktw(3),832rvfuy(3),||832rvfuy(3),|;26035.2,31232,27673.6,31232,0,0,0,0,126.094953821921
352lvktw(3),832rvfuy(3),||832rvfuy(3),|;26035.2,31232,27673.6,31232,0,0,0,0,131.094953821921
352lvktw(3),832rvfuy(3),||832rvfuy(3),|;26035.2,31232,27673.6,31232,0,0,0,0,136.094953821921
352lvktw(3),832rvfuy(3),||832rvfuy(3),|;26035.2,31232,27673.6,31232,0,0,0,0,141.094953821921
352lvktw(3),832rvfuy(3),||832rvfuy(3),|;26035.2,31232,27673.6,31232,0,0,0,0,146.094953821921
352lvktw(3),832rvfuy(3),||832rvfuy(3),|;26035.2,31232,27673.6,31232,0,0,0,0,151.094953821921
352lvktw(3),832rvfuy(3),||832rvfuy(3),|;26035.2,31232,27673.6,31232,0,0,0,0,156.094953821921
352lvktw(3),832rvfuy(3),||832rvfuy(3),|;26035.2,31232,27673.6,31232,0,0,0,0,161.094953821921
352lvktw(3),832rvfuy(3),||832rvfuy(3),|;26035.2,31232,27673.6,31232,0,0,0,0,166.094953821921
352lvktw(3),832rvfuy(3),||832rvfuy(3),|;26035.2,31232,27673.6,31232,0,0,0,0,171.094953821921
352lvktw(3),832rvfuy(3),||832rvfuy(3),|;26035.2,31232,27673.6,31232,0,0,0,0,176.094953821921
352lvktw(3),832rvfuy(3),||832rvfuy(3),|;26035.2,31232,27673.6,31232,0,0,0,0,181.094953821921
352lvktw(3),832rvfuy(3),||832rvfuy(3),|;26035.2,31232,27673.6,31232,0,0,0,0,186.094953821921
352lvktw(3),832rvfuy(3),||832rvfuy(3),|;26035.2,31232,27673.6,31232,0,0,0,0,191.094953821921
352lvktw(3),832rvfuy(3),||832rvfuy(3),|;26035.2,31232,27673.6,31232,0,0,0,0,196.094953821921
352lvktw(3),832rvfuy(3),||832rvfuy(3),|;26035.2,31232,27673.6,31232,0,0,0,0,201.094953821921
352lvktw(3),832rvfuy(3),||832rvfuy(3),|;26035.2,31232,27673.6,31232,0,0,0,0,206.094953821921
352lvktw(3),832rvfuy(3),||832rvfuy(3),|;26035.2,31232,27673.6,31232,0,0,0,0,211.094953821921
352lvktw(3),832rvfuy(3),||832rvfuy(3),|;26035.2,31232,27673.6,31232,0,0,0,0,216.094953821921
352lvktw(3),832rvfuy(3),||832rvfuy(3),|;26035.2,31232,27673.6,31232,0,0,0,0,221.094953821921
352lvktw(3),|||;29593.6,31232,31232,31232,0,0,0,0,226.094953821921
352lvktw(3),|||;29593.6,31232,31232,31232,0,0,0,0,231.094953821921
352lvktw(3),|||;29593.6,31232,31232,31232,0,0,0,0,236.094953821921
352lvktw(3),|||;29593.6,31232,31232,31232,0,0,0,0,241.094953821921
352lvktw(3),|||;29593.6,31232,31232,31232,0,0,0,0,246.094953821921
352lvktw(3),|||;29593.6,31232,31232,31232,0,0,0,0,251.094953821921
352lvktw(3),|||;29593.6,31232,31232,31232,0,0,0,0,256.094953821921
352lvktw(3),|||;29593.6,31232,31232,31232,0,0,0,0,261.094953821921
352lvktw(3),|||;29593.6,31232,31232,31232,0,0,0,0,266.094953821921
352lvktw(3),|||;29593.6,31232,31232,31232,0,0,0,0,271.094953821921
352lvktw(3),|||;29593.6,31232,31232,31232,0,0,0,0,276.094953821921
352lvktw(3),|||;29593.6,31232,31232,31232,0,0,0,0,281.094953821921
352lvktw(3),|||;29593.6,31232,31232,31232,0,0,0,0,286.094953821921
352lvktw(3),|||;29593.6,31232,31232,31232,0,0,0,0,291.094953821921
352lvktw(3),|||;29593.6,31232,31232,31232,0,0,0,0,296.094953821921
|||;31232,31232,31232,31232,0,0,0,0,301.094953821921
|||;31232,31232,31232,31232,0,0,0,0,306.094953821921
|||;31232,31232,31232,31232,0,0,0,0,311.094953821921
|590dsyzc(2),||;31232,30453.8,31232,31232,0,2.221012529815,0,0,316.094953821921
|||;31232,31232,31232,31232,0,0,0,0,321.094953821921
|||;31232,31232,31232,31232,0,0,0,0,326.094953821921
|||;31232,31232,31232,31232,0,0,0,0,331.094953821921
|||;31232,31232,31232,31232,0,0,0,0,336.094953821921
|302vzens(2),|302vzens(2),|;31232,28134.4,28753.9,31232,0,25.54574583321,20.440219919018,0,341.094953821921
|302vzens(2),|302vzens(2),|;31232,28134.4,28753.9,31232,0,20.54574583321,15.440219919018,0,346.094953821921
|302vzens(2),|302vzens(2),|;31232,28134.4,28753.9,31232,0,15.54574583321,10.440219919018,0,351.094953821921
|302vzens(2),|302vzens(2),|;31232,28134.4,28753.9,31232,0,10.54574583321,5.440219919018,0,356.094953821921
|302vzens(2),|302vzens(3),|;31232,28134.4,28753.9,31232,0,5.54574583321,0.440219919018,0,361.094953821921
|302vzens(2),|302vzens(3),|;31232,28134.4,28753.9,31232,0,0.54574583321,0,0,366.094953821921
|302vzens(3),|302vzens(3),|;31232,28134.4,28753.9,31232,0,0,0,0,371.094953821921
|302vzens(3),|302vzens(3),|;31232,28134.4,28753.9,31232,0,0,0,0,376.094953821921
|302vzens(3),|302vzens(3),|;31232,28134.4,28753.9,31232,0,0,0,0,381.094953821921
|302vzens(3),|302vzens(3),|;31232,28134.4,28753.9,31232,0,0,0,0,386.094953821921
|302vzens(3),|302vzens(3),|;31232,28134.4,28753.9,31232,0,0,0,0,391.094953821921
|302vzens(3),|302vzens(3),|;31232,28134.4,28753.9,31232,0,0,0,0,396.094953821921
|302vzens(3),|302vzens(3),|;31232,28134.4,28753.9,31232,0,0,0,0,401.094953821921
|302vzens(3),|302vzens(3),|;31232,28134.4,28753.9,31232,0,0,0,0,406.094953821921
|302vzens(3),|302vzens(3),|;31232,28134.4,28753.9,31232,0,0,0,0,411.094953821921
|302vzens(3),|302vzens(3),|;31232,28134.4,28753.9,31232,0,0,0,0,416.094953821921
|302vzens(3),|302vzens(3),|;31232,28134.4,28753.9,31232,0,0,0,0,421.094953821921
|302vzens(3),|302vzens(3),|;31232,28134.4,28753.9,31232,0,0,0,0,426.094953821921
|302vzens(3),|302vzens(3),|;31232,28134.4,28753.9,31232,0,0,0,0,431.094953821921
|302vzens(3),|302vzens(3),|;31232,28134.4,28753.9,31232,0,0,0,0,436.094953821921
|302vzens(3),|302vzens(3),|;31232,28134.4,28753.9,31232,0,0,0,0,441.094953821921
|302vzens(3),|302vzens(3),|;31232,28134.4,28753.9,31232,0,0,0,0,446.094953821921
|302vzens(3),|302vzens(3),|;31232,28134.4,28753.9,31232,0,0,0,0,451.094953821921
|302vzens(3),|302vzens(3),|;31232,28134.4,28753.9,31232,0,0,0,0,456.094953821921
|302vzens(3),|302vzens(3),|;31232,28134.4,28753.9,31232,0,0,0,0,461.094953821921
|302vzens(3),|302vzens(3),|;31232,28134.4,28753.9,31232,0,0,0,0,466.094953821921
|302vzens(3),|302vzens(3),|;31232,28134.4,28753.9,31232,0,0,0,0,471.094953821921
|302vzens(3),|302vzens(3),|;31232,28134.4,28753.9,31232,0,0,0,0,476.094953821921
|302vzens(3),|302vzens(3),|;31232,28134.4,28753.9,31232,0,0,0,0,481.094953821921
|302vzens(3),|302vzens(3),|;31232,28134.4,28753.9,31232,0,0,0,0,486.094953821921
|302vzens(3),|302vzens(3),|;31232,28134.4,28753.9,31232,0,0,0,0,491.094953821921
|302vzens(3),|302vzens(3),289jgaks(2),|289jgaks(2),;31232,28134.4,27996.1,30474.2,0,0,4.967643355657,4.967643355657,496.094953821921
|302vzens(3),|302vzens(3),|;31232,28134.4,28753.9,31232,0,0,0,0,501.094953821921
|302vzens(3),|302vzens(3),|;31232,28134.4,28753.9,31232,0,0,0,0,506.094953821921
|302vzens(3),|302vzens(3),|;31232,28134.4,28753.9,31232,0,0,0,0,511.094953821921
|302vzens(3),|302vzens(3),|;31232,28134.4,28753.9,31232,0,0,0,0,516.094953821921
|302vzens(3),|302vzens(3),|;31232,28134.4,28753.9,31232,0,0,0,0,521.094953821921
|302vzens(3),|302vzens(3),|;31232,28134.4,28753.9,31232,0,0,0,0,526.094953821921
|302vzens(3),|302vzens(3),|;31232,28134.4,28753.9,31232,0,0,0,0,531.094953821921
|302vzens(3),|302vzens(3),|;31232,28134.4,28753.9,31232,0,0,0,0,536.094953821921
|302vzens(3),|302vzens(3),|;31232,28134.4,28753.9,31232,0,0,0,0,541.094953821921
|302vzens(3),|302vzens(3),|;31232,28134.4,28753.9,31232,0,0,0,0,546.094953821921
|302vzens(3),|302vzens(3),|;31232,28134.4,28753.9,31232,0,0,0,0,551.094953821921
|302vzens(3),|302vzens(3),|;31232,28134.4,28753.9,31232,0,0,0,0,556.094953821921
|302vzens(3),|302vzens(3),|;31232,28134.4,28753.9,31232,0,0,0,0,561.094953821921
|302vzens(3),|302vzens(3),|;31232,28134.4,28753.9,31232,0,0,0,0,566.094953821921
|302vzens(3),|302vzens(3),|;31232,28134.4,28753.9,31232,0,0,0,0,571.094953821921
|302vzens(3),|302vzens(3),|;31232,28134.4,28753.9,31232,0,0,0,0,576.094953821921
|302vzens(3),|302vzens(3),|;31232,28134.4,28753.9,31232,0,0,0,0,581.094953821921
|302vzens(3),|302vzens(3),|;31232,28134.4,28753.9,31232,0,0,0,0,586.094953821921
|302vzens(3),|302vzens(3),|;31232,28134.4,28753.9,31232,0,0,0,0,591.094953821921
|302vzens(3),|302vzens(3),|;31232,28134.4,28753.9,31232,0,0,0,0,596.094953821921
|302vzens(3),|302vzens(3),|;31232,28134.4,28753.9,31232,0,0,0,0,601.094953821921
|302vzens(3),|302vzens(3),|;31232,28134.4,28753.9,31232,0,0,0,0,606.094953821921
|302vzens(3),|302vzens(3),|;31232,28134.4,28753.9,31232,0,0,0,0,611.094953821921
|302vzens(3),|302vzens(3),|;31232,28134.4,28753.9,31232,0,0,0,0,616.094953821921
|302vzens(3),|302vzens(3),|;31232,28134.4,28753.9,31232,0,0,0,0,621.094953821921
|302vzens(3),|302vzens(3),|;31232,28134.4,28753.9,31232,0,0,0,0,626.094953821921
|302vzens(3),|302vzens(3),|;31232,28134.4,28753.9,31232,0,0,0,0,631.094953821921
|302vzens(3),|302vzens(3),|;31232,28134.4,28753.9,31232,0,0,0,0,636.094953821921
|302vzens(3),|302vzens(3),|;31232,28134.4,28753.9,31232,0,0,0,0,641.094953821921
|302vzens(3),|302vzens(3),|;31232,28134.4,28753.9,31232,0,0,0,0,646.094953821921
|302vzens(3),|302vzens(3),|;31232,28134.4,28753.9,31232,0,0,0,0,651.094953821921
|302vzens(3),|302vzens(3),|;31232,28134.4,28753.9,31232,0,0,0,0,656.094953821921
|302vzens(3),|302vzens(3),|;31232,28134.4,28753.9,31232,0,0,0,0,661.094953821921
|302vzens(3),|302vzens(3),|;31232,28134.4,28753.9,31232,0,0,0,0,666.094953821921
|302vzens(3),|302vzens(3),|;31232,28134.4,28753.9,31232,0,0,0,0,671.094953821921
|302vzens(3),|302vzens(3),|;31232,28134.4,28753.9,31232,0,0,0,0,676.094953821921
|302vzens(3),|302vzens(3),|;31232,28134.4,28753.9,31232,0,0,0,0,681.094953821921
|302vzens(3),|302vzens(3),|;31232,28134.4,28753.9,31232,0,0,0,0,686.094953821921
|302vzens(3),|302vzens(3),|;31232,28134.4,28753.9,31232,0,0,0,0,691.094953821921
|302vzens(3),|302vzens(3),|;31232,28134.4,28753.9,31232,0,0,0,0,696.094953821921
|302vzens(3),|302vzens(3),|;31232,28134.4,28753.9,31232,0,0,0,0,701.094953821921
|302vzens(3),|302vzens(3),|;31232,28134.4,28753.9,31232,0,0,0,0,706.094953821921
|302vzens(3),|302vzens(3),|;31232,28134.4,28753.9,31232,0,0,0,0,711.094953821921
|302vzens(3),|302vzens(3),|;31232,28134.4,28753.9,31232,0,0,0,0,716.094953821921
|302vzens(3),|302vzens(3),120imfvb(2),|;31232,28134.4,25344,31232,0,0,26.511287151949,0,721.094953821921
|302vzens(3),|302vzens(3),120imfvb(2),|;31232,28134.4,25344,31232,0,0,21.511287151949,0,726.094953821921
|302vzens(3),|302vzens(3),120imfvb(2),|;31232,28134.4,25344,31232,0,0,16.511287151949,0,731.094953821921
|302vzens(3),|302vzens(3),120imfvb(2),|;31232,28134.4,25344,31232,0,0,11.511287151949,0,736.094953821921
|302vzens(3),|302vzens(3),120imfvb(2),|;31232,28134.4,25344,31232,0,0,6.511287151949,0,741.094953821921
|302vzens(3),|302vzens(3),120imfvb(2),|;31232,28134.4,25344,31232,0,0,1.511287151949,0,746.094953821921
|302vzens(3),|302vzens(3),120imfvb(3),|;31232,28134.4,25344,31232,0,0,0,0,751.094953821921
|302vzens(3),|302vzens(3),120imfvb(3),|;31232,28134.4,25344,31232,0,0,0,0,756.094953821921
|302vzens(3),|302vzens(3),120imfvb(3),|;31232,28134.4,25344,31232,0,0,0,0,761.094953821921
|302vzens(3),|302vzens(3),120imfvb(3),|;31232,28134.4,25344,31232,0,0,0,0,766.094953821921
|302vzens(3),|302vzens(3),120imfvb(3),|;31232,28134.4,25344,31232,0,0,0,0,771.094953821921
|302vzens(3),|302vzens(3),120imfvb(3),|;31232,28134.4,25344,31232,0,0,0,0,776.094953821921
|302vzens(3),|302vzens(3),120imfvb(3),|;31232,28134.4,25344,31232,0,0,0,0,781.094953821921
|302vzens(3),|302vzens(3),120imfvb(3),|;31232,28134.4,25344,31232,0,0,0,0,786.094953821921
|302vzens(3),|302vzens(3),120imfvb(3),|;31232,28134.4,25344,31232,0,0,0,0,791.094953821921
|302vzens(3),|302vzens(3),120imfvb(3),|;31232,28134.4,25344,31232,0,0,0,0,796.094953821921
|302vzens(3),|302vzens(3),120imfvb(3),|;31232,28134.4,25344,31232,0,0,0,0,801.094953821921
|302vzens(3),|302vzens(3),120imfvb(3),|;31232,28134.4,25344,31232,0,0,0,0,806.094953821921
|302vzens(3),|302vzens(3),120imfvb(3),|;31232,28134.4,25344,31232,0,0,0,0,811.094953821921
||120imfvb(3),|;31232,31232,27822.1,31232,0,0,0,0,816.094953821921
||120imfvb(3),|;31232,31232,27822.1,31232,0,0,0,0,821.094953821921
||120imfvb(3),|;31232,31232,27822.1,31232,0,0,0,0,826.094953821921
||120imfvb(3),|;31232,31232,27822.1,31232,0,0,0,0,831.094953821921
||120imfvb(3),|;31232,31232,27822.1,31232,0,0,0,0,836.094953821921
||120imfvb(3),|;31232,31232,27822.1,31232,0,0,0,0,841.094953821921
||120imfvb(3),|;31232,31232,27822.1,31232,0,0,0,0,846.094953821921
||120imfvb(3),|;31232,31232,27822.1,31232,0,0,0,0,851.094953821921
||120imfvb(3),|;31232,31232,27822.1,31232,0,0,0,0,856.094953821921
||120imfvb(3),|;31232,31232,27822.1,31232,0,0,0,0,861.094953821921
||120imfvb(3),|;31232,31232,27822.1,31232,0,0,0,0,866.094953821921
||120imfvb(3),|;31232,31232,27822.1,31232,0,0,0,0,871.094953821921
||120imfvb(3),|;31232,31232,27822.1,31232,0,0,0,0,876.094953821921
||120imfvb(3),|;31232,31232,27822.1,31232,0,0,0,0,881.094953821921
||120imfvb(3),|;31232,31232,27822.1,31232,0,0,0,0,886.094953821921
||120imfvb(3),|;31232,31232,27822.1,31232,0,0,0,0,891.094953821921
||120imfvb(3),|;31232,31232,27822.1,31232,0,0,0,0,896.094953821921
||120imfvb(3),|;31232,31232,27822.1,31232,0,0,0,0,901.094953821921
||120imfvb(3),|;31232,31232,27822.1,31232,0,0,0,0,906.094953821921
||120imfvb(3),|;31232,31232,27822.1,31232,0,0,0,0,911.094953821921
||120imfvb(3),|;31232,31232,27822.1,31232,0,0,0,0,916.094953821921
||120imfvb(3),|;31232,31232,27822.1,31232,0,0,0,0,921.094953821921
|||;31232,31232,31232,31232,0,0,0,0,926.094953821921
|||;31232,31232,31232,31232,0,0,0,0,931.094953821921
|||;31232,31232,31232,31232,0,0,0,0,936.094953821921
|||;31232,31232,31232,31232,0,0,0,0,941.094953821921
|||;31232,31232,31232,31232,0,0,0,0,946.094953821921
|||;31232,31232,31232,31232,0,0,0,0,951.094953821921
|||;31232,31232,31232,31232,0,0,0,0,956.094953821921
|||;31232,31232,31232,31232,0,0,0,0,961.094953821921
|||;31232,31232,31232,31232,0,0,0,0,966.094953821921
|||;31232,31232,31232,31232,0,0,0,0,971.094953821921
|||;31232,31232,31232,31232,0,0,0,0,976.094953821921
|||;31232,31232,31232,31232,0,0,0,0,981.094953821921
|||;31232,31232,31232,31232,0,0,0,0,986.094953821921
|||;31232,31232,31232,31232,0,0,0,0,991.094953821921
|||;31232,31232,31232,31232,0,0,0,0,996.094953821921
|||;31232,31232,31232,31232,0,0,0,0,1001.094953821921
|||;31232,31232,31232,31232,0,0,0,0,1006.094953821921
|||;31232,31232,31232,31232,0,0,0,0,1011.094953821921
|||;31232,31232,31232,31232,0,0,0,0,1016.094953821921
|||;31232,31232,31232,31232,0,0,0,0,1021.094953821921
|||;31232,31232,31232,31232,0,0,0,0,1026.094953821921
|||;31232,31232,31232,31232,0,0,0,0,1031.094953821921
|||;31232,31232,31232,31232,0,0,0,0,1036.094953821921
|||;31232,31232,31232,31232,0,0,0,0,1041.094953821921
|||;31232,31232,31232,31232,0,0,0,0,1046.094953821921
|||;31232,31232,31232,31232,0,0,0,0,1051.094953821921
|||;31232,31232,31232,31232,0,0,0,0,1056.094953821921
|||;31232,31232,31232,31232,0,0,0,0,1061.094953821921
|||;31232,31232,31232,31232,0,0,0,0,1066.094953821921
|||;31232,31232,31232,31232,0,0,0,0,1071.094953821921
|||;31232,31232,31232,31232,0,0,0,0,1076.094953821921
|||;31232,31232,31232,31232,0,0,0,0,1081.094953821921
|||;31232,31232,31232,31232,0,0,0,0,1086.094953821921
|||;31232,31232,31232,31232,0,0,0,0,1091.094953821921
|||;31232,31232,31232,31232,0,0,0,0,1096.094953821921
|||;31232,31232,31232,31232,0,0,0,0,1101.094953821921
|||;31232,31232,31232,31232,0,0,0,0,1106.094953821921
|||;31232,31232,31232,31232,0,0,0,0,1111.094953821921
|||;31232,31232,31232,31232,0,0,0,0,1116.094953821921
|||;31232,31232,31232,31232,0,0,0,0,1121.094953821921
|||;31232,31232,31232,31232,0,0,0,0,1126.094953821921
|||;31232,31232,31232,31232,0,0,0,0,1131.094953821921
|||;31232,31232,31232,31232,0,0,0,0,1136.094953821921
|||;31232,31232,31232,31232,0,0,0,0,1141.094953821921
|||;31232,31232,31232,31232,0,0,0,0,1146.094953821921
|||;31232,31232,31232,31232,0,0,0,0,1151.094953821921
|||;31232,31232,31232,31232,0,0,0,0,1156.094953821921
|||;31232,31232,31232,31232,0,0,0,0,1161.094953821921
|||;31232,31232,31232,31232,0,0,0,0,1166.094953821921
|||;31232,31232,31232,31232,0,0,0,0,1171.094953821921
|||;31232,31232,31232,31232,0,0,0,0,1176.094953821921
|||;31232,31232,31232,31232,0,0,0,0,1181.094953821921
|||;31232,31232,31232,31232,0,0,0,0,1186.094953821921
|||;31232,31232,31232,31232,0,0,0,0,1191.094953821921
|||;31232,31232,31232,31232,0,0,0,0,1196.094953821921
|||;31232,31232,31232,31232,0,0,0,0,1201.094953821921
|||;31232,31232,31232,31232,0,0,0,0,1206.094953821921
|||;31232,31232,31232,31232,0,0,0,0,1211.094953821921
|||;31232,31232,31232,31232,0,0,0,0,1216.094953821921
|||;31232,31232,31232,31232,0,0,0,0,1221.094953821921
|||;31232,31232,31232,31232,0,0,0,0,1226.094953821921
|||;31232,31232,31232,31232,0,0,0,0,1231.094953821921
|||;31232,31232,31232,31232,0,0,0,0,1236.094953821921
|||;31232,31232,31232,31232,0,0,0,0,1241.094953821921
|||;31232,31232,31232,31232,0,0,0,0,1246.094953821921
|||;31232,31232,31232,31232,0,0,0,0,1251.094953821921
|||;31232,31232,31232,31232,0,0,0,0,1256.094953821921
|||;31232,31232,31232,31232,0,0,0,0,1261.094953821921
|||;31232,31232,31232,31232,0,0,0,0,1266.094953821921
|||;31232,31232,31232,31232,0,0,0,0,1271.094953821921
|||;31232,31232,31232,31232,0,0,0,0,1276.094953821921
|||;31232,31232,31232,31232,0,0,0,0,1281.094953821921
|||;31232,31232,31232,31232,0,0,0,0,1286.094953821921
|||;31232,31232,31232,31232,0,0,0,0,1291.094953821921
|||;31232,31232,31232,31232,0,0,0,0,1296.094953821921
|||;31232,31232,31232,31232,0,0,0,0,1301.094953821921
|||;31232,31232,31232,31232,0,0,0,0,1306.094953821921
|||;31232,31232,31232,31232,0,0,0,0,1311.094953821921
|||;31232,31232,31232,31232,0,0,0,0,1316.094953821921
|||;31232,31232,31232,31232,0,0,0,0,1321.094953821921
358ioxyr(2),|358ioxyr(2),|358ioxyr(2),|358ioxyr(2),;28221.4,28221.4,30228.5,30228.5,22.057771506637,22.057771506637,5.256221988485,5.256221988485,1326.094953821921
358ioxyr(2),|358ioxyr(2),|358ioxyr(3),|358ioxyr(3),;28221.4,28221.4,30228.5,30228.5,17.057771506637,17.057771506637,0.256221988485,0.256221988485,1331.094953821921
358ioxyr(2),|358ioxyr(2),|358ioxyr(3),|358ioxyr(3),;28221.4,28221.4,30228.5,30228.5,12.057771506637,12.057771506637,0,0,1336.094953821921
358ioxyr(2),|358ioxyr(2),|358ioxyr(3),|358ioxyr(3),;28221.4,28221.4,30228.5,30228.5,7.057771506637,7.057771506637,0,0,1341.094953821921
358ioxyr(2),|358ioxyr(2),|358ioxyr(3),|358ioxyr(3),;28221.4,28221.4,30228.5,30228.5,2.057771506637,2.057771506637,0,0,1346.094953821921
358ioxyr(3),|358ioxyr(3),|358ioxyr(3),|358ioxyr(3),;28221.4,28221.4,30228.5,30228.5,0,0,0,0,1351.094953821921
358ioxyr(3),|358ioxyr(3),|358ioxyr(3),|358ioxyr(3),;28221.4,28221.4,30228.5,30228.5,0,0,0,0,1356.094953821921
358ioxyr(3),|358ioxyr(3),|358ioxyr(3),|358ioxyr(3),;28221.4,28221.4,30228.5,30228.5,0,0,0,0,1361.094953821921
358ioxyr(3),|358ioxyr(3),|358ioxyr(3),|358ioxyr(3),;28221.4,28221.4,30228.5,30228.5,0,0,0,0,1366.094953821921
358ioxyr(3),|358ioxyr(3),|358ioxyr(3),|358ioxyr(3),;28221.4,28221.4,30228.5,30228.5,0,0,0,0,1371.094953821921
358ioxyr(3),|358ioxyr(3),|358ioxyr(3),|358ioxyr(3),;28221.4,28221.4,30228.5,30228.5,0,0,0,0,1376.094953821921
358ioxyr(3),|358ioxyr(3),|358ioxyr(3),|358ioxyr(3),;28221.4,28221.4,30228.5,30228.5,0,0,0,0,1381.094953821921
358ioxyr(3),|358ioxyr(3),|358ioxyr(3),|358ioxyr(3),;28221.4,28221.4,30228.5,30228.5,0,0,0,0,1386.094953821921
358ioxyr(3),|358ioxyr(3),|358ioxyr(3),|358ioxyr(3),;28221.4,28221.4,30228.5,30228.5,0,0,0,0,1391.094953821921
358ioxyr(3),|358ioxyr(3),|358ioxyr(3),|358ioxyr(3),;28221.4,28221.4,30228.5,30228.5,0,0,0,0,1396.094953821921
358ioxyr(3),|358ioxyr(3),|358ioxyr(3),|358ioxyr(3),;28221.4,28221.4,30228.5,30228.5,0,0,0,0,1401.094953821921
358ioxyr(3),|358ioxyr(3),|358ioxyr(3),|358ioxyr(3),;28221.4,28221.4,30228.5,30228.5,0,0,0,0,1406.094953821921
358ioxyr(3),|358ioxyr(3),|358ioxyr(3),|358ioxyr(3),;28221.4,28221.4,30228.5,30228.5,0,0,0,0,1411.094953821921
358ioxyr(3),|358ioxyr(3),|358ioxyr(3),|358ioxyr(3),;28221.4,28221.4,30228.5,30228.5,0,0,0,0,1416.094953821921
358ioxyr(3),|358ioxyr(3),|358ioxyr(3),|358ioxyr(3),;28221.4,28221.4,30228.5,30228.5,0,0,0,0,1421.094953821921
358ioxyr(3),|358ioxyr(3),|358ioxyr(3),|358ioxyr(3),;28221.4,28221.4,30228.5,30228.5,0,0,0,0,1426.094953821921
358ioxyr(3),|358ioxyr(3),|358ioxyr(3),|358ioxyr(3),;28221.4,28221.4,30228.5,30228.5,0,0,0,0,1431.094953821921
358ioxyr(3),|358ioxyr(3),|358ioxyr(3),|358ioxyr(3),;28221.4,28221.4,30228.5,30228.5,0,0,0,0,1436.094953821921
358ioxyr(3),|358ioxyr(3),|358ioxyr(3),|358ioxyr(3),;28221.4,28221.4,30228.5,30228.5,0,0,0,0,1441.094953821921
358ioxyr(3),|358ioxyr(3),|358ioxyr(3),|358ioxyr(3),;28221.4,28221.4,30228.5,30228.5,0,0,0,0,1446.094953821921
358ioxyr(3),|358ioxyr(3),|358ioxyr(3),|358ioxyr(3),;28221.4,28221.4,30228.5,30228.5,0,0,0,0,1451.094953821921
358ioxyr(3),|358ioxyr(3),|358ioxyr(3),|358ioxyr(3),;28221.4,28221.4,30228.5,30228.5,0,0,0,0,1456.094953821921
358ioxyr(3),|358ioxyr(3),|358ioxyr(3),|358ioxyr(3),;28221.4,28221.4,30228.5,30228.5,0,0,0,0,1461.094953821921
358ioxyr(3),|358ioxyr(3),|358ioxyr(3),|358ioxyr(3),;28221.4,28221.4,30228.5,30228.5,0,0,0,0,1466.094953821921
358ioxyr(3),|358ioxyr(3),|358ioxyr(3),|358ioxyr(3),;28221.4,28221.4,30228.5,30228.5,0,0,0,0,1471.094953821921
358ioxyr(3),|358ioxyr(3),|358ioxyr(3),|358ioxyr(3),;28221.4,28221.4,30228.5,30228.5,0,0,0,0,1476.094953821921
358ioxyr(3),|358ioxyr(3),|358ioxyr(3),|358ioxyr(3),;28221.4,28221.4,30228.5,30228.5,0,0,0,0,1481.094953821921
358ioxyr(3),|358ioxyr(3),|358ioxyr(3),|358ioxyr(3),;28221.4,28221.4,30228.5,30228.5,0,0,0,0,1486.094953821921
358ioxyr(3),|358ioxyr(3),|358ioxyr(3),|358ioxyr(3),;28221.4,28221.4,30228.5,30228.5,0,0,0,0,1491.094953821921
358ioxyr(3),|358ioxyr(3),|358ioxyr(3),|358ioxyr(3),;28221.4,28221.4,30228.5,30228.5,0,0,0,0,1496.094953821921
358ioxyr(3),|358ioxyr(3),|358ioxyr(3),|358ioxyr(3),;28221.4,28221.4,30228.5,30228.5,0,0,0,0,1501.094953821921
358ioxyr(3),|358ioxyr(3),|358ioxyr(3),|358ioxyr(3),;28221.4,28221.4,30228.5,30228.5,0,0,0,0,1506.094953821921
358ioxyr(3),|358ioxyr(3),|358ioxyr(3),|358ioxyr(3),;28221.4,28221.4,30228.5,30228.5,0,0,0,0,1511.094953821921
358ioxyr(3),|358ioxyr(3),|358ioxyr(3),|358ioxyr(3),;28221.4,28221.4,30228.5,30228.5,0,0,0,0,1516.094953821921
358ioxyr(3),|358ioxyr(3),|358ioxyr(3),|358ioxyr(3),;28221.4,28221.4,30228.5,30228.5,0,0,0,0,1521.094953821921
358ioxyr(3),|358ioxyr(3),|358ioxyr(3),|358ioxyr(3),;28221.4,28221.4,30228.5,30228.5,0,0,0,0,1526.094953821921
358ioxyr(3),|358ioxyr(3),|358ioxyr(3),|358ioxyr(3),;28221.4,28221.4,30228.5,30228.5,0,0,0,0,1531.094953821921
358ioxyr(3),|358ioxyr(3),|358ioxyr(3),|358ioxyr(3),;28221.4,28221.4,30228.5,30228.5,0,0,0,0,1536.094953821921
358ioxyr(3),|358ioxyr(3),|358ioxyr(3),|358ioxyr(3),;28221.4,28221.4,30228.5,30228.5,0,0,0,0,1541.094953821921
|||;31232,31232,31232,31232,0,0,0,0,1546.094953821921
|||;31232,31232,31232,31232,0,0,0,0,1551.094953821921
|||;31232,31232,31232,31232,0,0,0,0,1556.094953821921
|||;31232,31232,31232,31232,0,0,0,0,1561.094953821921
|||;31232,31232,31232,31232,0,0,0,0,1566.094953821921
|||;31232,31232,31232,31232,0,0,0,0,1571.094953821921
|||;31232,31232,31232,31232,0,0,0,0,1576.094953821921
|||;31232,31232,31232,31232,0,0,0,0,1581.094953821921
|||;31232,31232,31232,31232,0,0,0,0,1586.094953821921
|||;31232,31232,31232,31232,0,0,0,0,1591.094953821921
|||;31232,31232,31232,31232,0,0,0,0,1596.094953821921
|||;31232,31232,31232,31232,0,0,0,0,1601.094953821921
|||;31232,31232,31232,31232,0,0,0,0,1606.094953821921
|||;31232,31232,31232,31232,0,0,0,0,1611.094953821921
|||;31232,31232,31232,31232,0,0,0,0,1616.094953821921
|||;31232,31232,31232,31232,0,0,0,0,1621.094953821921
|||;31232,31232,31232,31232,0,0,0,0,1626.094953821921
|||;31232,31232,31232,31232,0,0,0,0,1631.094953821921
|||;31232,31232,31232,31232,0,0,0,0,1636.094953821921
|||;31232,31232,31232,31232,0,0,0,0,1641.094953821921
|||;31232,31232,31232,31232,0,0,0,0,1646.094953821921
|||;31232,31232,31232,31232,0,0,0,0,1651.094953821921
|||;31232,31232,31232,31232,0,0,0,0,1656.094953821921
|||;31232,31232,31232,31232,0,0,0,0,1661.094953821921
|||;31232,31232,31232,31232,0,0,0,0,1666.094953821921
|||;31232,31232,31232,31232,0,0,0,0,1671.094953821921
|||;31232,31232,31232,31232,0,0,0,0,1676.094953821921
|||;31232,31232,31232,31232,0,0,0,0,1681.094953821921
|||;31232,31232,31232,31232,0,0,0,0,1686.094953821921
|||;31232,31232,31232,31232,0,0,0,0,1691.094953821921
|||;31232,31232,31232,31232,0,0,0,0,1696.094953821921
|||;31232,31232,31232,31232,0,0,0,0,1701.094953821921
|||;31232,31232,31232,31232,0,0,0,0,1706.094953821921
|||;31232,31232,31232,31232,0,0,0,0,1711.094953821921
|||;31232,31232,31232,31232,0,0,0,0,1716.094953821921
|||;31232,31232,31232,31232,0,0,0,0,1721.094953821921
|||;31232,31232,31232,31232,0,0,0,0,1726.094953821921
|||;31232,31232,31232,31232,0,0,0,0,1731.094953821921
|||;31232,31232,31232,31232,0,0,0,0,1736.094953821921
|||;31232,31232,31232,31232,0,0,0,0,1741.094953821921
|||;31232,31232,31232,31232,0,0,0,0,1746.094953821921
|||;31232,31232,31232,31232,0,0,0,0,1751.094953821921
|||;31232,31232,31232,31232,0,0,0,0,1756.094953821921
|||;31232,31232,31232,31232,0,0,0,0,1761.094953821921
|||;31232,31232,31232,31232,0,0,0,0,1766.094953821921
|||;31232,31232,31232,31232,0,0,0,0,1771.094953821921
|||;31232,31232,31232,31232,0,0,0,0,1776.094953821921
|||;31232,31232,31232,31232,0,0,0,0,1781.094953821921
|||;31232,31232,31232,31232,0,0,0,0,1786.094953821921
|||;31232,31232,31232,31232,0,0,0,0,1791.094953821921
|||;31232,31232,31232,31232,0,0,0,0,1796.094953821921
|||;31232,31232,31232,31232,0,0,0,0,1801.094953821921
|||;31232,31232,31232,31232,0,0,0,0,1806.094953821921
|||;31232,31232,31232,31232,0,0,0,0,1811.094953821921
|||;31232,31232,31232,31232,0,0,0,0,1816.094953821921
|||;31232,31232,31232,31232,0,0,0,0,1821.094953821921
|||;31232,31232,31232,31232,0,0,0,0,1826.094953821921
|||;31232,31232,31232,31232,0,0,0,0,1831.094953821921
|||;31232,31232,31232,31232,0,0,0,0,1836.094953821921
|||;31232,31232,31232,31232,0,0,0,0,1841.094953821921
|||;31232,31232,31232,31232,0,0,0,0,1846.094953821921
|||;31232,31232,31232,31232,0,0,0,0,1851.094953821921
|||;31232,31232,31232,31232,0,0,0,0,1856.094953821921
|||;31232,31232,31232,31232,0,0,0,0,1861.094953821921
|||;31232,31232,31232,31232,0,0,0,0,1866.094953821921
|||;31232,31232,31232,31232,0,0,0,0,1871.094953821921
|||;31232,31232,31232,31232,0,0,0,0,1876.094953821921
|||;31232,31232,31232,31232,0,0,0,0,1881.094953821921
|||;31232,31232,31232,31232,0,0,0,0,1886.094953821921
|||;31232,31232,31232,31232,0,0,0,0,1891.094953821921
|||;31232,31232,31232,31232,0,0,0,0,1896.094953821921
|||;31232,31232,31232,31232,0,0,0,0,1901.094953821921
|||;31232,31232,31232,31232,0,0,0,0,1906.094953821921
|||;31232,31232,31232,31232,0,0,0,0,1911.094953821921
|||;31232,31232,31232,31232,0,0,0,0,1916.094953821921
|||;31232,31232,31232,31232,0,0,0,0,1921.094953821921
|||;31232,31232,31232,31232,0,0,0,0,1926.094953821921
|||;31232,31232,31232,31232,0,0,0,0,1931.094953821921
|||;31232,31232,31232,31232,0,0,0,0,1936.094953821921
|||;31232,31232,31232,31232,0,0,0,0,1941.094953821921
|||;31232,31232,31232,31232,0,0,0,0,1946.094953821921
|||;31232,31232,31232,31232,0,0,0,0,1951.094953821921
|||;31232,31232,31232,31232,0,0,0,0,1956.094953821921
|||;31232,31232,31232,31232,0,0,0,0,1961.094953821921
|||;31232,31232,31232,31232,0,0,0,0,1966.094953821921
|||;31232,31232,31232,31232,0,0,0,0,1971.094953821921
|||;31232,31232,31232,31232,0,0,0,0,1976.094953821921
|||;31232,31232,31232,31232,0,0,0,0,1981.094953821921
|||;31232,31232,31232,31232,0,0,0,0,1986.094953821921
|||;31232,31232,31232,31232,0,0,0,0,1991.094953821921
|||;31232,31232,31232,31232,0,0,0,0,1996.094953821921
