|||;23244,23244,23244,23244,0,0,0,0,1.105251632784
|||;23244,23244,23244,23244,0,0,0,0,6.105251632784
|||;23244,23244,23244,23244,0,0,0,0,11.105251632784
|||;23244,23244,23244,23244,0,0,0,0,16.105251632784
|||;23244,23244,23244,23244,0,0,0,0,21.105251632784
|||;23244,23244,23244,23244,0,0,0,0,26.105251632784
|||;23244,23244,23244,23244,0,0,0,0,31.105251632784
|||;23244,23244,23244,23244,0,0,0,0,36.105251632784
|662eulad(2),||662eulad(2),;23244,22281.4,23244,22281.4,0,1.391754553945,0,1.391754553945,41.105251632784
|662eulad(3),||662eulad(3),;23244,22281.4,23244,22281.4,0,0,0,0,46.105251632784
|662eulad(3),||662eulad(3),;23244,22281.4,23244,22281.4,0,0,0,0,51.105251632784
|662eulad(3),||662eulad(3),;23244,22281.4,23244,22281.4,0,0,0,0,56.105251632784
|662eulad(3),||662eulad(3),;23244,22281.4,23244,22281.4,0,0,0,0,61.105251632784
|662eulad(3),||662eulad(3),;23244,22281.4,23244,22281.4,0,0,0,0,66.105251632784
|662eulad(3),||662eulad(3),;23244,22281.4,23244,22281.4,0,0,0,0,71.105251632784
|662eulad(3),||662eulad(3),;23244,22281.4,23244,22281.4,0,0,0,0,76.105251632784
|662eulad(3),||662eulad(3),;23244,22281.4,23244,22281.4,0,0,0,0,81.105251632784
|662eulad(3),||662eulad(3),;23244,22281.4,23244,22281.4,0,0,0,0,86.105251632784
171ltrek(2),|662eulad(3),171ltrek(2),|171ltrek(2),|662eulad(3),171ltrek(2),;21411,19532,21411,19532,6.823990565032,11.065687830568,6.823990565032,11.065687830568,91.105251632784
171ltrek(2),|662eulad(3),171ltrek(2),|171ltrek(2),|662eulad(3),171ltrek(2),;21411,19532,21411,19532,1.823990565032,6.065687830568,1.823990565032,6.065687830568,96.105251632784
|662eulad(3),171ltrek(2),||662eulad(3),171ltrek(2),;23244,19532,23244,19532,0,1.065687830568,0,1.065687830568,101.105251632784
|662eulad(3),||662eulad(3),;23244,22281.4,23244,22281.4,0,0,0,0,106.105251632784
608fpauq(0),|662eulad(3),608fpauq(0),|608fpauq(0),|662eulad(3),608fpauq(0),;22199.5,21236.9,21677.3,20714.7,6.410411408362,6.410411408362,8.963467950735,8.963467950735,111.105251632784
608fpauq(2),|662eulad(3),608fpauq(2),|608fpauq(2),|662eulad(3),608fpauq(2),;22199.5,21236.9,21677.3,20714.7,1.410411408362,1.410411408362,3.963467950735,3.963467950735,116.105251632784
|662eulad(3),||662eulad(3),;23244,22281.4,23244,22281.4,0,0,0,0,121.105251632784
|662eulad(3),||662eulad(3),;23244,22281.4,23244,22281.4,0,0,0,0,126.105251632784
|662eulad(3),|66awnjx(0),|662eulad(3),;23244,22281.4,22470.9,22281.4,0,0,5.683202884451,0,131.105251632784
|662eulad(3),|66awnjx(2),|662eulad(3),;23244,22281.4,22470.9,22281.4,0,0,0.683202884451,0,136.105251632784
|662eulad(3),|66awnjx(3),|662eulad(3),;23244,22281.4,22470.9,22281.4,0,0,0,0,141.105251632784
|662eulad(3),|66awnjx(3),|662eulad(3),;23244,22281.4,22470.9,22281.4,0,0,0,0,146.105251632784
|662eulad(3),|66awnjx(3),|662eulad(3),;23244,22281.4,22470.9,22281.4,0,0,0,0,151.105251632784
|662eulad(3),|66awnjx(3),|662eulad(3),;23244,22281.4,22470.9,22281.4,0,0,0,0,156.105251632784
296uocyg(0),|662eulad(3),296uocyg(0),|66awnjx(3),296uocyg(0),|662eulad(3),296uocyg(0),;22076.6,20530.4,20719.9,21114,6.782514969392,9.483931104986,9.483931104986,6.782514969392,161.105251632784
296uocyg(2),|662eulad(3),296uocyg(2),|66awnjx(3),296uocyg(2),|662eulad(3),296uocyg(2),;22076.6,20530.4,20719.9,21114,1.782514969392,4.483931104986,4.483931104986,1.782514969392,166.105251632784
|662eulad(3),|66awnjx(3),|662eulad(3),;23244,22281.4,22470.9,22281.4,0,0,0,0,171.105251632784
|662eulad(3),|66awnjx(3),|662eulad(3),;23244,22281.4,22470.9,22281.4,0,0,0,0,176.105251632784
|662eulad(3),|66awnjx(3),|662eulad(3),;23244,22281.4,22470.9,22281.4,0,0,0,0,181.105251632784
|662eulad(3),|66awnjx(3),|662eulad(3),;23244,22281.4,22470.9,22281.4,0,0,0,0,186.105251632784
321kcvqu(2),|662eulad(3),321kcvqu(2),|66awnjx(3),321kcvqu(2),|662eulad(3),321kcvqu(2),;21943.5,20330.7,21170.4,20330.7,5.359113950683,8.453252978931,5.359113950683,8.453252978931,191.105251632784
321kcvqu(2),|662eulad(3),321kcvqu(2),|66awnjx(3),321kcvqu(2),|662eulad(3),321kcvqu(2),;21943.5,20330.7,21170.4,20330.7,0.359113950683,3.453252978931,0.359113950683,3.453252978931,196.105251632784
|662eulad(3),|66awnjx(3),|662eulad(3),;23244,22281.4,22470.9,22281.4,0,0,0,0,201.105251632784
|662eulad(3),|66awnjx(3),|662eulad(3),;23244,22281.4,22470.9,22281.4,0,0,0,0,206.105251632784
|662eulad(3),|66awnjx(3),|662eulad(3),;23244,22281.4,22470.9,22281.4,0,0,0,0,211.105251632784
|662eulad(3),|66awnjx(3),|662eulad(3),;23244,22281.4,22470.9,22281.4,0,0,0,0,216.105251632784
|662eulad(3),|66awnjx(3),|662eulad(3),;23244,22281.4,22470.9,22281.4,0,0,0,0,221.105251632784
|662eulad(3),|66awnjx(3),|662eulad(3),;23244,22281.4,22470.9,22281.4,0,0,0,0,226.105251632784
|662eulad(3),|66awnjx(3),|662eulad(3),;23244,22281.4,22470.9,22281.4,0,0,0,0,231.105251632784
|662eulad(3),|66awnjx(3),|662eulad(3),;23244,22281.4,22470.9,22281.4,0,0,0,0,236.105251632784
|662eulad(3),|66awnjx(3),|662eulad(3),;23244,22281.4,22470.9,22281.4,0,0,0,0,241.105251632784
|662eulad(3),|66awnjx(3),|662eulad(3),;23244,22281.4,22470.9,22281.4,0,0,0,0,246.105251632784
|662eulad(3),|66awnjx(3),|662eulad(3),;23244,22281.4,22470.9,22281.4,0,0,0,0,251.105251632784
|662eulad(3),|66awnjx(3),|662eulad(3),;23244,22281.4,22470.9,22281.4,0,0,0,0,256.105251632784
|662eulad(3),|66awnjx(3),|662eulad(3),;23244,22281.4,22470.9,22281.4,0,0,0,0,261.105251632784
|662eulad(3),|66awnjx(3),|662eulad(3),;23244,22281.4,22470.9,22281.4,0,0,0,0,266.105251632784
|662eulad(3),216eiqtf(0),|66awnjx(3),|662eulad(3),216eiqtf(0),;23244,21713.1,22470.9,21713.1,0,4.691099119238,0,4.691099119238,271.105251632784
|662eulad(3),|66awnjx(3),|662eulad(3),;23244,22281.4,22470.9,22281.4,0,0,0,0,276.105251632784
|662eulad(3),|66awnjx(3),|662eulad(3),;23244,22281.4,22470.9,22281.4,0,0,0,0,281.105251632784
|662eulad(3),|66awnjx(3),|662eulad(3),;23244,22281.4,22470.9,22281.4,0,0,0,0,286.105251632784
|662eulad(3),|66awnjx(3),|662eulad(3),;23244,22281.4,22470.9,22281.4,0,0,0,0,291.105251632784
28chfgk(0),|662eulad(3),|66awnjx(3),|662eulad(3),;22127.8,22281.4,22470.9,22281.4,7.18447753002,0,0,0,296.105251632784
28chfgk(2),|662eulad(3),|66awnjx(3),|662eulad(3),;22127.8,22281.4,22470.9,22281.4,2.18447753002,0,0,0,301.105251632784
|662eulad(3),|66awnjx(3),|662eulad(3),;23244,22281.4,22470.9,22281.4,0,0,0,0,306.105251632784
|662eulad(3),|66awnjx(3),|662eulad(3),;23244,22281.4,22470.9,22281.4,0,0,0,0,311.105251632784
|662eulad(3),|66awnjx(3),|662eulad(3),;23244,22281.4,22470.9,22281.4,0,0,0,0,316.105251632784
|662eulad(3),|66awnjx(3),|662eulad(3),;23244,22281.4,22470.9,22281.4,0,0,0,0,321.105251632784
|662eulad(3),|66awnjx(3),|662eulad(3),;23244,22281.4,22470.9,22281.4,0,0,0,0,326.105251632784
|662eulad(3),|66awnjx(3),|662eulad(3),;23244,22281.4,22470.9,22281.4,0,0,0,0,331.105251632784
|662eulad(3),|66awnjx(3),|662eulad(3),;23244,22281.4,22470.9,22281.4,0,0,0,0,336.105251632784
|662eulad(3),|66awnjx(3),|662eulad(3),;23244,22281.4,22470.9,22281.4,0,0,0,0,341.105251632784
|662eulad(3),|66awnjx(3),|662eulad(3),;23244,22281.4,22470.9,22281.4,0,0,0,0,346.105251632784
|662eulad(3),|66awnjx(3),|662eulad(3),;23244,22281.4,22470.9,22281.4,0,0,0,0,351.105251632784
|662eulad(3),|66awnjx(3),|662eulad(3),;23244,22281.4,22470.9,22281.4,0,0,0,0,356.105251632784
|662eulad(3),|66awnjx(3),|662eulad(3),;23244,22281.4,22470.9,22281.4,0,0,0,0,361.105251632784
|662eulad(3),|66awnjx(3),|662eulad(3),;23244,22281.4,22470.9,22281.4,0,0,0,0,366.105251632784
|662eulad(3),|66awnjx(3),|662eulad(3),;23244,22281.4,22470.9,22281.4,0,0,0,0,371.105251632784
|662eulad(3),|66awnjx(3),|662eulad(3),;23244,22281.4,22470.9,22281.4,0,0,0,0,376.105251632784
|662eulad(3),|66awnjx(3),|662eulad(3),;23244,22281.4,22470.9,22281.4,0,0,0,0,381.105251632784
|662eulad(3),|66awnjx(3),|662eulad(3),;23244,22281.4,22470.9,22281.4,0,0,0,0,386.105251632784
|662eulad(3),|66awnjx(3),|662eulad(3),;23244,22281.4,22470.9,22281.4,0,0,0,0,391.105251632784
|662eulad(3),|66awnjx(3),|662eulad(3),;23244,22281.4,22470.9,22281.4,0,0,0,0,396.105251632784
|662eulad(3),|66awnjx(3),|662eulad(3),;23244,22281.4,22470.9,22281.4,0,0,0,0,401.105251632784
|662eulad(3),|66awnjx(3),|662eulad(3),;23244,22281.4,22470.9,22281.4,0,0,0,0,406.105251632784
|662eulad(3),|66awnjx(3),|662eulad(3),;23244,22281.4,22470.9,22281.4,0,0,0,0,411.105251632784
|662eulad(3),|66awnjx(3),|662eulad(3),;23244,22281.4,22470.9,22281.4,0,0,0,0,416.105251632784
|662eulad(3),|66awnjx(3),|662eulad(3),;23244,22281.4,22470.9,22281.4,0,0,0,0,421.105251632784
|662eulad(3),|66awnjx(3),|662eulad(3),;23244,22281.4,22470.9,22281.4,0,0,0,0,426.105251632784
|662eulad(3),|66awnjx(3),|662eulad(3),;23244,22281.4,22470.9,22281.4,0,0,0,0,431.105251632784
|662eulad(3),|66awnjx(3),|662eulad(3),;23244,22281.4,22470.9,22281.4,0,0,0,0,436.105251632784
|662eulad(3),|66awnjx(3),|662eulad(3),;23244,22281.4,22470.9,22281.4,0,0,0,0,441.105251632784
185fhjlv(2),|662eulad(3),185fhjlv(2),|66awnjx(3),185fhjlv(2),|662eulad(3),185fhjlv(2),;21109,20858,20335.9,20858,7.423492273569,4.129660318766,7.423492273569,4.129660318766,446.105251632784
185fhjlv(2),|662eulad(3),|66awnjx(3),185fhjlv(2),|662eulad(3),;21109,22281.4,20335.9,22281.4,2.423492273569,0,2.423492273569,0,451.105251632784
|662eulad(3),|66awnjx(3),|662eulad(3),;23244,22281.4,22470.9,22281.4,0,0,0,0,456.105251632784
|662eulad(3),|66awnjx(3),|662eulad(3),;23244,22281.4,22470.9,22281.4,0,0,0,0,461.105251632784
|662eulad(3),|66awnjx(3),|662eulad(3),;23244,22281.4,22470.9,22281.4,0,0,0,0,466.105251632784
|662eulad(3),|66awnjx(3),|662eulad(3),;23244,22281.4,22470.9,22281.4,0,0,0,0,471.105251632784
|662eulad(3),|66awnjx(3),|662eulad(3),;23244,22281.4,22470.9,22281.4,0,0,0,0,476.105251632784
|662eulad(3),|66awnjx(3),|662eulad(3),;23244,22281.4,22470.9,22281.4,0,0,0,0,481.105251632784
|662eulad(3),|66awnjx(3),|662eulad(3),;23244,22281.4,22470.9,22281.4,0,0,0,0,486.105251632784
|662eulad(3),|66awnjx(3),|662eulad(3),;23244,22281.4,22470.9,22281.4,0,0,0,0,491.105251632784
|662eulad(3),|66awnjx(3),|662eulad(3),;23244,22281.4,22470.9,22281.4,0,0,0,0,496.105251632784
|662eulad(3),|66awnjx(3),|662eulad(3),;23244,22281.4,22470.9,22281.4,0,0,0,0,501.105251632784
|662eulad(3),|66awnjx(3),|662eulad(3),;23244,22281.4,22470.9,22281.4,0,0,0,0,506.105251632784
976sabue(0),|662eulad(3),976sabue(0),|66awnjx(3),976sabue(0),|662eulad(3),976sabue(0),;21667,20704.4,19317,20704.4,9.173916750334,9.173916750334,16.472479642989,9.173916750334,511.105251632784
976sabue(2),|662eulad(3),976sabue(2),|66awnjx(3),976sabue(2),|662eulad(3),976sabue(2),;21667,20704.4,19317,20704.4,4.173916750334,4.173916750334,11.472479642989,4.173916750334,516.105251632784
163rgewi(0),|662eulad(3),163rgewi(0),|66awnjx(3),976sabue(2),|662eulad(3),163rgewi(0),;21554.4,21436.6,19317,21436.6,11.992718828871,7.972774422091,6.472479642989,7.972774422091,521.105251632784
163rgewi(2),|662eulad(3),|66awnjx(3),976sabue(2),|662eulad(3),;21554.4,22281.4,19317,22281.4,6.992718828871,2.972774422091,1.472479642989,2.972774422091,526.105251632784
|662eulad(3),|66awnjx(3),976sabue(3),|662eulad(3),;23244,22281.4,19317,22281.4,1.992718828871,0,0,0,531.105251632784
||66awnjx(3),976sabue(3),|;23244,23244,19317,23244,0,0,0,0,536.105251632784
||66awnjx(3),976sabue(3),|;23244,23244,19317,23244,0,0,0,0,541.105251632784
||66awnjx(3),976sabue(3),|;23244,23244,19317,23244,0,0,0,0,546.105251632784
||66awnjx(3),976sabue(3),|74txnik(0),;23244,23244,19317,22675.7,0,0,0,4.727270356049,551.105251632784
||66awnjx(3),976sabue(3),|;23244,23244,19317,23244,0,0,0,0,556.105251632784
||66awnjx(3),976sabue(3),|;23244,23244,19317,23244,0,0,0,0,561.105251632784
||66awnjx(3),976sabue(3),|;23244,23244,19317,23244,0,0,0,0,566.105251632784
||66awnjx(3),976sabue(3),|;23244,23244,19317,23244,0,0,0,0,571.105251632784
||66awnjx(3),976sabue(3),|;23244,23244,19317,23244,0,0,0,0,576.105251632784
||66awnjx(3),976sabue(3),|;23244,23244,19317,23244,0,0,0,0,581.105251632784
||66awnjx(3),|;23244,23244,22470.9,23244,0,0,0,0,586.105251632784
||66awnjx(3),|;23244,23244,22470.9,23244,0,0,0,0,591.105251632784
||66awnjx(3),|;23244,23244,22470.9,23244,0,0,0,0,596.105251632784
||66awnjx(3),|;23244,23244,22470.9,23244,0,0,0,0,601.105251632784
||66awnjx(3),|;23244,23244,22470.9,23244,0,0,0,0,606.105251632784
||66awnjx(3),|;23244,23244,22470.9,23244,0,0,0,0,611.105251632784
||66awnjx(3),|;23244,23244,22470.9,23244,0,0,0,0,616.105251632784
||66awnjx(3),|;23244,23244,22470.9,23244,0,0,0,0,621.105251632784
||66awnjx(3),|;23244,23244,22470.9,23244,0,0,0,0,626.105251632784
||66awnjx(3),|;23244,23244,22470.9,23244,0,0,0,0,631.105251632784
||66awnjx(3),|;23244,23244,22470.9,23244,0,0,0,0,636.105251632784
||66awnjx(3),|;23244,23244,22470.9,23244,0,0,0,0,641.105251632784
||66awnjx(3),|;23244,23244,22470.9,23244,0,0,0,0,646.105251632784
||66awnjx(3),|;23244,23244,22470.9,23244,0,0,0,0,651.105251632784
||66awnjx(3),|;23244,23244,22470.9,23244,0,0,0,0,656.105251632784
||66awnjx(3),|;23244,23244,22470.9,23244,0,0,0,0,661.105251632784
||66awnjx(3),|;23244,23244,22470.9,23244,0,0,0,0,666.105251632784
||66awnjx(3),|;23244,23244,22470.9,23244,0,0,0,0,671.105251632784
||66awnjx(3),|;23244,23244,22470.9,23244,0,0,0,0,676.105251632784
||66awnjx(3),|;23244,23244,22470.9,23244,0,0,0,0,681.105251632784
||66awnjx(3),|;23244,23244,22470.9,23244,0,0,0,0,686.105251632784
||66awnjx(3),|;23244,23244,22470.9,23244,0,0,0,0,691.105251632784
||66awnjx(3),|;23244,23244,22470.9,23244,0,0,0,0,696.105251632784
||66awnjx(3),|;23244,23244,22470.9,23244,0,0,0,0,701.105251632784
||66awnjx(3),|;23244,23244,22470.9,23244,0,0,0,0,706.105251632784
||66awnjx(3),|;23244,23244,22470.9,23244,0,0,0,0,711.105251632784
||66awnjx(3),|;23244,23244,22470.9,23244,0,0,0,0,716.105251632784
||66awnjx(3),|;23244,23244,22470.9,23244,0,0,0,0,721.105251632784
||66awnjx(3),|;23244,23244,22470.9,23244,0,0,0,0,726.105251632784
||66awnjx(3),|;23244,23244,22470.9,23244,0,0,0,0,731.105251632784
||66awnjx(3),|;23244,23244,22470.9,23244,0,0,0,0,736.105251632784
||66awnjx(3),|;23244,23244,22470.9,23244,0,0,0,0,741.105251632784
||66awnjx(3),|;23244,23244,22470.9,23244,0,0,0,0,746.105251632784
||66awnjx(3),|;23244,23244,22470.9,23244,0,0,0,0,751.105251632784
||66awnjx(3),|;23244,23244,22470.9,23244,0,0,0,0,756.105251632784
||66awnjx(3),|;23244,23244,22470.9,23244,0,0,0,0,761.105251632784
||66awnjx(3),|;23244,23244,22470.9,23244,0,0,0,0,766.105251632784
||66awnjx(3),|;23244,23244,22470.9,23244,0,0,0,0,771.105251632784
||66awnjx(3),|;23244,23244,22470.9,23244,0,0,0,0,776.105251632784
||66awnjx(3),|;23244,23244,22470.9,23244,0,0,0,0,781.105251632784
||66awnjx(3),|;23244,23244,22470.9,23244,0,0,0,0,786.105251632784
||66awnjx(3),|;23244,23244,22470.9,23244,0,0,0,0,791.105251632784
||66awnjx(3),|;23244,23244,22470.9,23244,0,0,0,0,796.105251632784
||66awnjx(3),|;23244,23244,22470.9,23244,0,0,0,0,801.105251632784
||66awnjx(3),|;23244,23244,22470.9,23244,0,0,0,0,806.105251632784
||66awnjx(3),|;23244,23244,22470.9,23244,0,0,0,0,811.105251632784
||66awnjx(3),|;23244,23244,22470.9,23244,0,0,0,0,816.105251632784
||66awnjx(3),|;23244,23244,22470.9,23244,0,0,0,0,821.105251632784
||66awnjx(3),|;23244,23244,22470.9,23244,0,0,0,0,826.105251632784
||66awnjx(3),|;23244,23244,22470.9,23244,0,0,0,0,831.105251632784
||66awnjx(3),|;23244,23244,22470.9,23244,0,0,0,0,836.105251632784
||66awnjx(3),|;23244,23244,22470.9,23244,0,0,0,0,841.105251632784
||66awnjx(3),|;23244,23244,22470.9,23244,0,0,0,0,846.105251632784
||66awnjx(3),|;23244,23244,22470.9,23244,0,0,0,0,851.105251632784
||66awnjx(3),|;23244,23244,22470.9,23244,0,0,0,0,856.105251632784
||66awnjx(3),|;23244,23244,22470.9,23244,0,0,0,0,861.105251632784
||66awnjx(3),|;23244,23244,22470.9,23244,0,0,0,0,866.105251632784
||66awnjx(3),|;23244,23244,22470.9,23244,0,0,0,0,871.105251632784
||66awnjx(3),|;23244,23244,22470.9,23244,0,0,0,0,876.105251632784
||66awnjx(3),|;23244,23244,22470.9,23244,0,0,0,0,881.105251632784
||66awnjx(3),|;23244,23244,22470.9,23244,0,0,0,0,886.105251632784
||66awnjx(3),|;23244,23244,22470.9,23244,0,0,0,0,891.105251632784
||66awnjx(3),|;23244,23244,22470.9,23244,0,0,0,0,896.105251632784
||66awnjx(3),|;23244,23244,22470.9,23244,0,0,0,0,901.105251632784
||66awnjx(3),|;23244,23244,22470.9,23244,0,0,0,0,906.105251632784
||66awnjx(3),|;23244,23244,22470.9,23244,0,0,0,0,911.105251632784
||66awnjx(3),|;23244,23244,22470.9,23244,0,0,0,0,916.105251632784
||66awnjx(3),|;23244,23244,22470.9,23244,0,0,0,0,921.105251632784
||66awnjx(3),|;23244,23244,22470.9,23244,0,0,0,0,926.105251632784
||66awnjx(3),|;23244,23244,22470.9,23244,0,0,0,0,931.105251632784
||66awnjx(3),|;23244,23244,22470.9,23244,0,0,0,0,936.105251632784
||66awnjx(3),|;23244,23244,22470.9,23244,0,0,0,0,941.105251632784
||66awnjx(3),|;23244,23244,22470.9,23244,0,0,0,0,946.105251632784
||66awnjx(3),|;23244,23244,22470.9,23244,0,0,0,0,951.105251632784
||66awnjx(3),|;23244,23244,22470.9,23244,0,0,0,0,956.105251632784
||66awnjx(3),|;23244,23244,22470.9,23244,0,0,0,0,961.105251632784
||66awnjx(3),|;23244,23244,22470.9,23244,0,0,0,0,966.105251632784
||66awnjx(3),|;23244,23244,22470.9,23244,0,0,0,0,971.105251632784
||66awnjx(3),|;23244,23244,22470.9,23244,0,0,0,0,976.105251632784
||66awnjx(3),|;23244,23244,22470.9,23244,0,0,0,0,981.105251632784
||66awnjx(3),|;23244,23244,22470.9,23244,0,0,0,0,986.105251632784
||66awnjx(3),|;23244,23244,22470.9,23244,0,0,0,0,991.105251632784
||66awnjx(3),|;23244,23244,22470.9,23244,0,0,0,0,996.105251632784
||66awnjx(3),|;23244,23244,22470.9,23244,0,0,0,0,1001.105251632784
||66awnjx(3),|;23244,23244,22470.9,23244,0,0,0,0,1006.105251632784
||66awnjx(3),|;23244,23244,22470.9,23244,0,0,0,0,1011.105251632784
||66awnjx(3),|;23244,23244,22470.9,23244,0,0,0,0,1016.105251632784
||66awnjx(3),|;23244,23244,22470.9,23244,0,0,0,0,1021.105251632784
||66awnjx(3),|;23244,23244,22470.9,23244,0,0,0,0,1026.105251632784
||66awnjx(3),|;23244,23244,22470.9,23244,0,0,0,0,1031.105251632784
||66awnjx(3),|;23244,23244,22470.9,23244,0,0,0,0,1036.105251632784
||66awnjx(3),|;23244,23244,22470.9,23244,0,0,0,0,1041.105251632784
||66awnjx(3),|;23244,23244,22470.9,23244,0,0,0,0,1046.105251632784
||66awnjx(3),|;23244,23244,22470.9,23244,0,0,0,0,1051.105251632784
||66awnjx(3),|;23244,23244,22470.9,23244,0,0,0,0,1056.105251632784
||66awnjx(3),|;23244,23244,22470.9,23244,0,0,0,0,1061.105251632784
||66awnjx(3),|;23244,23244,22470.9,23244,0,0,0,0,1066.105251632784
||66awnjx(3),|;23244,23244,22470.9,23244,0,0,0,0,1071.105251632784
||66awnjx(3),|;23244,23244,22470.9,23244,0,0,0,0,1076.105251632784
||66awnjx(3),|;23244,23244,22470.9,23244,0,0,0,0,1081.105251632784
||66awnjx(3),|;23244,23244,22470.9,23244,0,0,0,0,1086.105251632784
||66awnjx(3),|;23244,23244,22470.9,23244,0,0,0,0,1091.105251632784
||66awnjx(3),|;23244,23244,22470.9,23244,0,0,0,0,1096.105251632784
||66awnjx(3),|;23244,23244,22470.9,23244,0,0,0,0,1101.105251632784
||66awnjx(3),|;23244,23244,22470.9,23244,0,0,0,0,1106.105251632784
||66awnjx(3),|;23244,23244,22470.9,23244,0,0,0,0,1111.105251632784
||66awnjx(3),|;23244,23244,22470.9,23244,0,0,0,0,1116.105251632784
||66awnjx(3),|;23244,23244,22470.9,23244,0,0,0,0,1121.105251632784
||66awnjx(3),|;23244,23244,22470.9,23244,0,0,0,0,1126.105251632784
||66awnjx(3),|;23244,23244,22470.9,23244,0,0,0,0,1131.105251632784
||66awnjx(3),|;23244,23244,22470.9,23244,0,0,0,0,1136.105251632784
||66awnjx(3),|;23244,23244,22470.9,23244,0,0,0,0,1141.105251632784
||66awnjx(3),|;23244,23244,22470.9,23244,0,0,0,0,1146.105251632784
||66awnjx(3),|;23244,23244,22470.9,23244,0,0,0,0,1151.105251632784
||66awnjx(3),|;23244,23244,22470.9,23244,0,0,0,0,1156.105251632784
||66awnjx(3),|;23244,23244,22470.9,23244,0,0,0,0,1161.105251632784
||66awnjx(3),|;23244,23244,22470.9,23244,0,0,0,0,1166.105251632784
||66awnjx(3),|;23244,23244,22470.9,23244,0,0,0,0,1171.105251632784
||66awnjx(3),|;23244,23244,22470.9,23244,0,0,0,0,1176.105251632784
||66awnjx(3),|;23244,23244,22470.9,23244,0,0,0,0,1181.105251632784
||66awnjx(3),|;23244,23244,22470.9,23244,0,0,0,0,1186.105251632784
||66awnjx(3),|;23244,23244,22470.9,23244,0,0,0,0,1191.105251632784
||66awnjx(3),|;23244,23244,22470.9,23244,0,0,0,0,1196.105251632784
||66awnjx(3),|;23244,23244,22470.9,23244,0,0,0,0,1201.105251632784
||66awnjx(3),|;23244,23244,22470.9,23244,0,0,0,0,1206.105251632784
||66awnjx(3),|;23244,23244,22470.9,23244,0,0,0,0,1211.105251632784
||66awnjx(3),|;23244,23244,22470.9,23244,0,0,0,0,1216.105251632784
||66awnjx(3),|;23244,23244,22470.9,23244,0,0,0,0,1221.105251632784
||66awnjx(3),|;23244,23244,22470.9,23244,0,0,0,0,1226.105251632784
||66awnjx(3),|;23244,23244,22470.9,23244,0,0,0,0,1231.105251632784
||66awnjx(3),|;23244,23244,22470.9,23244,0,0,0,0,1236.105251632784
||66awnjx(3),|;23244,23244,22470.9,23244,0,0,0,0,1241.105251632784
||66awnjx(3),|;23244,23244,22470.9,23244,0,0,0,0,1246.105251632784
||66awnjx(3),|;23244,23244,22470.9,23244,0,0,0,0,1251.105251632784
||66awnjx(3),|;23244,23244,22470.9,23244,0,0,0,0,1256.105251632784
||66awnjx(3),|;23244,23244,22470.9,23244,0,0,0,0,1261.105251632784
||66awnjx(3),|;23244,23244,22470.9,23244,0,0,0,0,1266.105251632784
||66awnjx(3),|;23244,23244,22470.9,23244,0,0,0,0,1271.105251632784
||66awnjx(3),|;23244,23244,22470.9,23244,0,0,0,0,1276.105251632784
||66awnjx(3),|;23244,23244,22470.9,23244,0,0,0,0,1281.105251632784
||66awnjx(3),|;23244,23244,22470.9,23244,0,0,0,0,1286.105251632784
||66awnjx(3),|;23244,23244,22470.9,23244,0,0,0,0,1291.105251632784
||66awnjx(3),|;23244,23244,22470.9,23244,0,0,0,0,1296.105251632784
||66awnjx(3),|;23244,23244,22470.9,23244,0,0,0,0,1301.105251632784
||66awnjx(3),|;23244,23244,22470.9,23244,0,0,0,0,1306.105251632784
||66awnjx(3),|;23244,23244,22470.9,23244,0,0,0,0,1311.105251632784
||66awnjx(3),|;23244,23244,22470.9,23244,0,0,0,0,1316.105251632784
||66awnjx(3),|;23244,23244,22470.9,23244,0,0,0,0,1321.105251632784
||66awnjx(3),|;23244,23244,22470.9,23244,0,0,0,0,1326.105251632784
||66awnjx(3),|;23244,23244,22470.9,23244,0,0,0,0,1331.105251632784
||66awnjx(3),|;23244,23244,22470.9,23244,0,0,0,0,1336.105251632784
||66awnjx(3),|;23244,23244,22470.9,23244,0,0,0,0,1341.105251632784
||66awnjx(3),|;23244,23244,22470.9,23244,0,0,0,0,1346.105251632784
||66awnjx(3),|;23244,23244,22470.9,23244,0,0,0,0,1351.105251632784
||66awnjx(3),|;23244,23244,22470.9,23244,0,0,0,0,1356.105251632784
||66awnjx(3),|;23244,23244,22470.9,23244,0,0,0,0,1361.105251632784
||66awnjx(3),|;23244,23244,22470.9,23244,0,0,0,0,1366.105251632784
||66awnjx(3),|;23244,23244,22470.9,23244,0,0,0,0,1371.105251632784
||66awnjx(3),|;23244,23244,22470.9,23244,0,0,0,0,1376.105251632784
||66awnjx(3),|;23244,23244,22470.9,23244,0,0,0,0,1381.105251632784
||66awnjx(3),|;23244,23244,22470.9,23244,0,0,0,0,1386.105251632784
||66awnjx(3),|;23244,23244,22470.9,23244,0,0,0,0,1391.105251632784
||66awnjx(3),|;23244,23244,22470.9,23244,0,0,0,0,1396.105251632784
||66awnjx(3),|;23244,23244,22470.9,23244,0,0,0,0,1401.105251632784
||66awnjx(3),|;23244,23244,22470.9,23244,0,0,0,0,1406.105251632784
||66awnjx(3),|;23244,23244,22470.9,23244,0,0,0,0,1411.105251632784
||66awnjx(3),|;23244,23244,22470.9,23244,0,0,0,0,1416.105251632784
||66awnjx(3),|;23244,23244,22470.9,23244,0,0,0,0,1421.105251632784
||66awnjx(3),|;23244,23244,22470.9,23244,0,0,0,0,1426.105251632784
||66awnjx(3),|;23244,23244,22470.9,23244,0,0,0,0,1431.105251632784
||66awnjx(3),|;23244,23244,22470.9,23244,0,0,0,0,1436.105251632784
||66awnjx(3),|;23244,23244,22470.9,23244,0,0,0,0,1441.105251632784
||66awnjx(3),|;23244,23244,22470.9,23244,0,0,0,0,1446.105251632784
||66awnjx(3),|;23244,23244,22470.9,23244,0,0,0,0,1451.105251632784
||66awnjx(3),|;23244,23244,22470.9,23244,0,0,0,0,1456.105251632784
||66awnjx(3),|;23244,23244,22470.9,23244,0,0,0,0,1461.105251632784
||66awnjx(3),|;23244,23244,22470.9,23244,0,0,0,0,1466.105251632784
||66awnjx(3),|;23244,23244,22470.9,23244,0,0,0,0,1471.105251632784
||66awnjx(3),|;23244,23244,22470.9,23244,0,0,0,0,1476.105251632784
||66awnjx(3),|;23244,23244,22470.9,23244,0,0,0,0,1481.105251632784
||66awnjx(3),|;23244,23244,22470.9,23244,0,0,0,0,1486.105251632784
||66awnjx(3),|;23244,23244,22470.9,23244,0,0,0,0,1491.105251632784
||66awnjx(3),|;23244,23244,22470.9,23244,0,0,0,0,1496.105251632784
||66awnjx(3),|;23244,23244,22470.9,23244,0,0,0,0,1501.105251632784
||66awnjx(3),|;23244,23244,22470.9,23244,0,0,0,0,1506.105251632784
||66awnjx(3),|;23244,23244,22470.9,23244,0,0,0,0,1511.105251632784
||66awnjx(3),|;23244,23244,22470.9,23244,0,0,0,0,1516.105251632784
||66awnjx(3),|;23244,23244,22470.9,23244,0,0,0,0,1521.105251632784
||66awnjx(3),|;23244,23244,22470.9,23244,0,0,0,0,1526.105251632784
||66awnjx(3),|;23244,23244,22470.9,23244,0,0,0,0,1531.105251632784
||66awnjx(3),|;23244,23244,22470.9,23244,0,0,0,0,1536.105251632784
||66awnjx(3),|;23244,23244,22470.9,23244,0,0,0,0,1541.105251632784
||66awnjx(3),|;23244,23244,22470.9,23244,0,0,0,0,1546.105251632784
||66awnjx(3),|;23244,23244,22470.9,23244,0,0,0,0,1551.105251632784
||66awnjx(3),|;23244,23244,22470.9,23244,0,0,0,0,1556.105251632784
||66awnjx(3),|;23244,23244,22470.9,23244,0,0,0,0,1561.105251632784
||66awnjx(3),|;23244,23244,22470.9,23244,0,0,0,0,1566.105251632784
||66awnjx(3),|;23244,23244,22470.9,23244,0,0,0,0,1571.105251632784
||66awnjx(3),|;23244,23244,22470.9,23244,0,0,0,0,1576.105251632784
||66awnjx(3),|;23244,23244,22470.9,23244,0,0,0,0,1581.105251632784
||66awnjx(3),|;23244,23244,22470.9,23244,0,0,0,0,1586.105251632784
||66awnjx(3),|;23244,23244,22470.9,23244,0,0,0,0,1591.105251632784
||66awnjx(3),|;23244,23244,22470.9,23244,0,0,0,0,1596.105251632784
||66awnjx(3),|;23244,23244,22470.9,23244,0,0,0,0,1601.105251632784
||66awnjx(3),|;23244,23244,22470.9,23244,0,0,0,0,1606.105251632784
||66awnjx(3),|;23244,23244,22470.9,23244,0,0,0,0,1611.105251632784
||66awnjx(3),|;23244,23244,22470.9,23244,0,0,0,0,1616.105251632784
||66awnjx(3),|;23244,23244,22470.9,23244,0,0,0,0,1621.105251632784
||66awnjx(3),|;23244,23244,22470.9,23244,0,0,0,0,1626.105251632784
||66awnjx(3),|;23244,23244,22470.9,23244,0,0,0,0,1631.105251632784
||66awnjx(3),|;23244,23244,22470.9,23244,0,0,0,0,1636.105251632784
||66awnjx(3),|;23244,23244,22470.9,23244,0,0,0,0,1641.105251632784
||66awnjx(3),|;23244,23244,22470.9,23244,0,0,0,0,1646.105251632784
||66awnjx(3),|;23244,23244,22470.9,23244,0,0,0,0,1651.105251632784
||66awnjx(3),|;23244,23244,22470.9,23244,0,0,0,0,1656.105251632784
||66awnjx(3),|;23244,23244,22470.9,23244,0,0,0,0,1661.105251632784
||66awnjx(3),|;23244,23244,22470.9,23244,0,0,0,0,1666.105251632784
||66awnjx(3),|;23244,23244,22470.9,23244,0,0,0,0,1671.105251632784
||66awnjx(3),|;23244,23244,22470.9,23244,0,0,0,0,1676.105251632784
||66awnjx(3),|;23244,23244,22470.9,23244,0,0,0,0,1681.105251632784
||66awnjx(3),|;23244,23244,22470.9,23244,0,0,0,0,1686.105251632784
||66awnjx(3),|;23244,23244,22470.9,23244,0,0,0,0,1691.105251632784
||66awnjx(3),|;23244,23244,22470.9,23244,0,0,0,0,1696.105251632784
||66awnjx(3),|;23244,23244,22470.9,23244,0,0,0,0,1701.105251632784
||66awnjx(3),|;23244,23244,22470.9,23244,0,0,0,0,1706.105251632784
||66awnjx(3),|;23244,23244,22470.9,23244,0,0,0,0,1711.105251632784
||66awnjx(3),|;23244,23244,22470.9,23244,0,0,0,0,1716.105251632784
||66awnjx(3),|;23244,23244,22470.9,23244,0,0,0,0,1721.105251632784
||66awnjx(3),|;23244,23244,22470.9,23244,0,0,0,0,1726.105251632784
||66awnjx(3),|;23244,23244,22470.9,23244,0,0,0,0,1731.105251632784
||66awnjx(3),|;23244,23244,22470.9,23244,0,0,0,0,1736.105251632784
||66awnjx(3),|;23244,23244,22470.9,23244,0,0,0,0,1741.105251632784
||66awnjx(3),|;23244,23244,22470.9,23244,0,0,0,0,1746.105251632784
||66awnjx(3),|;23244,23244,22470.9,23244,0,0,0,0,1751.105251632784
||66awnjx(3),|;23244,23244,22470.9,23244,0,0,0,0,1756.105251632784
||66awnjx(3),|;23244,23244,22470.9,23244,0,0,0,0,1761.105251632784
||66awnjx(3),|;23244,23244,22470.9,23244,0,0,0,0,1766.105251632784
||66awnjx(3),|;23244,23244,22470.9,23244,0,0,0,0,1771.105251632784
||66awnjx(3),|;23244,23244,22470.9,23244,0,0,0,0,1776.105251632784
||66awnjx(3),|;23244,23244,22470.9,23244,0,0,0,0,1781.105251632784
||66awnjx(3),|;23244,23244,22470.9,23244,0,0,0,0,1786.105251632784
||66awnjx(3),|;23244,23244,22470.9,23244,0,0,0,0,1791.105251632784
||66awnjx(3),|;23244,23244,22470.9,23244,0,0,0,0,1796.105251632784
||66awnjx(3),|;23244,23244,22470.9,23244,0,0,0,0,1801.105251632784
||66awnjx(3),|;23244,23244,22470.9,23244,0,0,0,0,1806.105251632784
||66awnjx(3),|;23244,23244,22470.9,23244,0,0,0,0,1811.105251632784
||66awnjx(3),|;23244,23244,22470.9,23244,0,0,0,0,1816.105251632784
||66awnjx(3),|;23244,23244,22470.9,23244,0,0,0,0,1821.105251632784
||66awnjx(3),|;23244,23244,22470.9,23244,0,0,0,0,1826.105251632784
||66awnjx(3),|;23244,23244,22470.9,23244,0,0,0,0,1831.105251632784
||66awnjx(3),|;23244,23244,22470.9,23244,0,0,0,0,1836.105251632784
||66awnjx(3),|;23244,23244,22470.9,23244,0,0,0,0,1841.105251632784
||66awnjx(3),|;23244,23244,22470.9,23244,0,0,0,0,1846.105251632784
||66awnjx(3),|;23244,23244,22470.9,23244,0,0,0,0,1851.105251632784
|34dpzle(2),|66awnjx(3),|34dpzle(2),;23244,19480.8,22470.9,19480.8,0,16.011227665721,0,16.011227665721,1856.105251632784
|34dpzle(2),|66awnjx(3),|34dpzle(2),;23244,19480.8,22470.9,19480.8,0,11.011227665721,0,11.011227665721,1861.105251632784
|34dpzle(2),|66awnjx(3),|34dpzle(2),;23244,19480.8,22470.9,19480.8,0,6.011227665721,0,6.011227665721,1866.105251632784
|34dpzle(2),|66awnjx(3),|34dpzle(2),;23244,19480.8,22470.9,19480.8,0,1.011227665721,0,1.011227665721,1871.105251632784
|34dpzle(3),|66awnjx(3),|34dpzle(3),;23244,19480.8,22470.9,19480.8,0,0,0,0,1876.105251632784
|34dpzle(3),|66awnjx(3),|34dpzle(3),;23244,19480.8,22470.9,19480.8,0,0,0,0,1881.105251632784
|34dpzle(3),|66awnjx(3),|34dpzle(3),;23244,19480.8,22470.9,19480.8,0,0,0,0,1886.105251632784
|34dpzle(3),|66awnjx(3),|34dpzle(3),;23244,19480.8,22470.9,19480.8,0,0,0,0,1891.105251632784
|34dpzle(3),|66awnjx(3),|34dpzle(3),;23244,19480.8,22470.9,19480.8,0,0,0,0,1896.105251632784
|34dpzle(3),|66awnjx(3),|34dpzle(3),;23244,19480.8,22470.9,19480.8,0,0,0,0,1901.105251632784
|34dpzle(3),|66awnjx(3),|34dpzle(3),;23244,19480.8,22470.9,19480.8,0,0,0,0,1906.105251632784
|34dpzle(3),|66awnjx(3),|34dpzle(3),;23244,19480.8,22470.9,19480.8,0,0,0,0,1911.105251632784
|34dpzle(3),|66awnjx(3),|34dpzle(3),;23244,19480.8,22470.9,19480.8,0,0,0,0,1916.105251632784
|34dpzle(3),|66awnjx(3),|34dpzle(3),;23244,19480.8,22470.9,19480.8,0,0,0,0,1921.105251632784
||66awnjx(3),|;23244,23244,22470.9,23244,0,0,0,0,1926.105251632784
||66awnjx(3),|;23244,23244,22470.9,23244,0,0,0,0,1931.105251632784
||66awnjx(3),|;23244,23244,22470.9,23244,0,0,0,0,1936.105251632784
|||;23244,23244,23244,23244,0,0,0,0,1941.105251632784
|||;23244,23244,23244,23244,0,0,0,0,1946.105251632784
|||;23244,23244,23244,23244,0,0,0,0,1951.105251632784
|||;23244,23244,23244,23244,0,0,0,0,1956.105251632784
|||;23244,23244,23244,23244,0,0,0,0,1961.105251632784
|||;23244,23244,23244,23244,0,0,0,0,1966.105251632784
|||;23244,23244,23244,23244,0,0,0,0,1971.105251632784
|||;23244,23244,23244,23244,0,0,0,0,1976.105251632784
|||;23244,23244,23244,23244,0,0,0,0,1981.105251632784
|||;23244,23244,23244,23244,0,0,0,0,1986.105251632784
|||;23244,23244,23244,23244,0,0,0,0,1991.105251632784
|||;23244,23244,23244,23244,0,0,0,0,1996.105251632784
