|||;36147,36147,36147,36147,0,0,0,0,1.147798313471
|||;36147,36147,36147,36147,0,0,0,0,6.147798313471
|||;36147,36147,36147,36147,0,0,0,0,11.147798313471
|||;36147,36147,36147,36147,0,0,0,0,16.147798313471
|||;36147,36147,36147,36147,0,0,0,0,21.147798313471
|||;36147,36147,36147,36147,0,0,0,0,26.147798313471
|||;36147,36147,36147,36147,0,0,0,0,31.147798313471
|||;36147,36147,36147,36147,0,0,0,0,36.147798313471
|||;36147,36147,36147,36147,0,0,0,0,41.147798313471
|||;36147,36147,36147,36147,0,0,0,0,46.147798313471
|||;36147,36147,36147,36147,0,0,0,0,51.147798313471
|||;36147,36147,36147,36147,0,0,0,0,56.147798313471
|||;36147,36147,36147,36147,0,0,0,0,61.147798313471
|||;36147,36147,36147,36147,0,0,0,0,66.147798313471
|||;36147,36147,36147,36147,0,0,0,0,71.147798313471
|||;36147,36147,36147,36147,0,0,0,0,76.147798313471
|||;36147,36147,36147,36147,0,0,0,0,81.147798313471
|||;36147,36147,36147,36147,0,0,0,0,86.147798313471
|||;36147,36147,36147,36147,0,0,0,0,91.147798313471
|||;36147,36147,36147,36147,0,0,0,0,96.147798313471
|||;36147,36147,36147,36147,0,0,0,0,101.147798313471
|||;36147,36147,36147,36147,0,0,0,0,106.147798313471
|||;36147,36147,36147,36147,0,0,0,0,111.147798313471
|||;36147,36147,36147,36147,0,0,0,0,116.147798313471
|||;36147,36147,36147,36147,0,0,0,0,121.147798313471
|||;36147,36147,36147,36147,0,0,0,0,126.147798313471
|||;36147,36147,36147,36147,0,0,0,0,131.147798313471
|||;36147,36147,36147,36147,0,0,0,0,136.147798313471
313bfoce(2),|313bfoce(2),|313bfoce(2),|313bfoce(2),;34611,33843,33843,34611,4.561342449382,8.543276626597,8.543276626597,4.561342449382,141.147798313471
|313bfoce(2),148fasog(0),|313bfoce(2),148fasog(0),|148fasog(0),;36147,32921.4,27391.8,35225.4,0,14.08289324747,43.472819323419,10.100959070255,146.147798313471
|148fasog(2),|148fasog(2),|148fasog(2),;36147,35225.4,29695.8,35225.4,0,9.08289324747,38.472819323419,5.100959070255,151.147798313471
|148fasog(3),|148fasog(2),|148fasog(3),;36147,35225.4,29695.8,35225.4,0,4.08289324747,33.472819323419,0.100959070255,156.147798313471
713wugqt(2),|148fasog(3),713wugqt(2),|148fasog(2),|148fasog(3),713wugqt(2),;33771.3,34037.6,29695.8,32849.7,9.747909905645,8.694038605827,28.472819323419,10.870829289371,161.147798313471
713wugqt(2),|148fasog(3),|148fasog(2),901aurkf(1),|148fasog(3),713wugqt(2),;33771.3,35225.4,23551.8,32849.7,4.747909905645,3.694038605827,60.290834777844,5.870829289371,166.147798313471
|148fasog(3),|148fasog(2),901aurkf(1),|148fasog(3),;36147,35225.4,23551.8,35225.4,0,0,55.290834777844,0.870829289371,171.147798313471
|148fasog(3),|148fasog(2),901aurkf(1),|148fasog(3),;36147,35225.4,23551.8,35225.4,0,0,50.290834777844,0,176.147798313471
|148fasog(3),|148fasog(2),901aurkf(1),|148fasog(3),;36147,35225.4,23551.8,35225.4,0,0,45.290834777844,0,181.147798313471
|148fasog(3),|148fasog(3),901aurkf(2),|148fasog(3),;36147,35225.4,23551.8,35225.4,0,0,40.290834777844,0,186.147798313471
|148fasog(3),|148fasog(3),901aurkf(2),|148fasog(3),;36147,35225.4,23551.8,35225.4,0,0,35.290834777844,0,191.147798313471
|148fasog(3),|148fasog(3),901aurkf(2),|148fasog(3),;36147,35225.4,23551.8,35225.4,0,0,30.290834777844,0,196.147798313471
|148fasog(3),|148fasog(3),901aurkf(2),|148fasog(3),;36147,35225.4,23551.8,35225.4,0,0,25.290834777844,0,201.147798313471
|148fasog(3),|148fasog(3),901aurkf(2),|148fasog(3),;36147,35225.4,23551.8,35225.4,0,0,20.290834777844,0,206.147798313471
|148fasog(3),|148fasog(3),901aurkf(2),|148fasog(3),;36147,35225.4,23551.8,35225.4,0,0,15.290834777844,0,211.147798313471
|148fasog(3),|148fasog(3),901aurkf(3),|148fasog(3),;36147,35225.4,23551.8,35225.4,0,0,10.290834777844,0,216.147798313471
|148fasog(3),|148fasog(3),901aurkf(3),|148fasog(3),;36147,35225.4,23551.8,35225.4,0,0,5.290834777844,0,221.147798313471
|148fasog(3),|148fasog(3),901aurkf(3),|148fasog(3),;36147,35225.4,23551.8,35225.4,0,0,0.290834777844,0,226.147798313471
|148fasog(3),|148fasog(3),901aurkf(3),|148fasog(3),;36147,35225.4,23551.8,35225.4,0,0,0,0,231.147798313471
||148fasog(3),901aurkf(3),|;36147,36147,23551.8,36147,0,0,0,0,236.147798313471
||148fasog(3),901aurkf(3),|;36147,36147,23551.8,36147,0,0,0,0,241.147798313471
369wqjsv(2),|369wqjsv(2),|148fasog(3),901aurkf(3),369wqjsv(2),|369wqjsv(2),;34406.2,34406.2,20940.6,33535.8,8.614848801869,8.614848801869,13.24104086938,13.24104086938,246.147798313471
369wqjsv(2),|369wqjsv(2),|148fasog(3),901aurkf(3),369wqjsv(2),|369wqjsv(2),;34406.2,34406.2,20940.6,33535.8,3.614848801869,3.614848801869,8.24104086938,8.24104086938,251.147798313471
||148fasog(3),901aurkf(3),369wqjsv(2),|369wqjsv(2),;36147,36147,20940.6,33535.8,0,0,3.24104086938,3.24104086938,256.147798313471
||148fasog(3),901aurkf(3),|;36147,36147,23551.8,36147,0,0,0,0,261.147798313471
||148fasog(3),901aurkf(3),|;36147,36147,23551.8,36147,0,0,0,0,266.147798313471
|132bfoav(2),216eiqtf(0),|148fasog(3),901aurkf(3),|132bfoav(2),;36147,32250.7,23551.8,32819,0,22.110693557829,0,15.105190751956,271.147798313471
|132bfoav(2),216eiqtf(1),|148fasog(3),901aurkf(3),|132bfoav(2),;36147,32250.7,23551.8,32819,0,17.110693557829,0,10.105190751956,276.147798313471
|132bfoav(2),216eiqtf(1),|148fasog(3),901aurkf(3),|132bfoav(2),;36147,32250.7,23551.8,32819,0,12.110693557829,0,5.105190751956,281.147798313471
|132bfoav(2),216eiqtf(1),|148fasog(3),901aurkf(3),|132bfoav(2),;36147,32250.7,23551.8,32819,0,7.110693557829,0,0.105190751956,286.147798313471
|132bfoav(3),216eiqtf(3),|148fasog(3),901aurkf(3),|132bfoav(3),;36147,32250.7,23551.8,32819,0,2.110693557829,0,0,291.147798313471
|132bfoav(3),216eiqtf(3),|148fasog(3),901aurkf(3),|132bfoav(3),;36147,32250.7,23551.8,32819,0,0,0,0,296.147798313471
|132bfoav(3),216eiqtf(3),|148fasog(3),901aurkf(3),|132bfoav(3),;36147,32250.7,23551.8,32819,0,0,0,0,301.147798313471
|132bfoav(3),216eiqtf(3),|148fasog(3),901aurkf(3),|132bfoav(3),;36147,32250.7,23551.8,32819,0,0,0,0,306.147798313471
|132bfoav(3),216eiqtf(3),|148fasog(3),901aurkf(3),|132bfoav(3),;36147,32250.7,23551.8,32819,0,0,0,0,311.147798313471
|132bfoav(3),216eiqtf(3),|148fasog(3),901aurkf(3),|132bfoav(3),;36147,32250.7,23551.8,32819,0,0,0,0,316.147798313471
|132bfoav(3),216eiqtf(3),|901aurkf(3),|132bfoav(3),;36147,32250.7,30003,32819,0,0,0,0,321.147798313471
|132bfoav(3),216eiqtf(3),|901aurkf(3),|132bfoav(3),;36147,32250.7,30003,32819,0,0,0,0,326.147798313471
|132bfoav(3),216eiqtf(3),|901aurkf(3),|132bfoav(3),;36147,32250.7,30003,32819,0,0,0,0,331.147798313471
|132bfoav(3),216eiqtf(3),|901aurkf(3),|132bfoav(3),;36147,32250.7,30003,32819,0,0,0,0,336.147798313471
|132bfoav(3),216eiqtf(3),|901aurkf(3),|132bfoav(3),;36147,32250.7,30003,32819,0,0,0,0,341.147798313471
|132bfoav(3),216eiqtf(3),|901aurkf(3),|132bfoav(3),;36147,32250.7,30003,32819,0,0,0,0,346.147798313471
|132bfoav(3),216eiqtf(3),|901aurkf(3),|132bfoav(3),;36147,32250.7,30003,32819,0,0,0,0,351.147798313471
|132bfoav(3),216eiqtf(3),|901aurkf(3),|132bfoav(3),;36147,32250.7,30003,32819,0,0,0,0,356.147798313471
|132bfoav(3),216eiqtf(3),|901aurkf(3),|132bfoav(3),;36147,32250.7,30003,32819,0,0,0,0,361.147798313471
|216eiqtf(3),|901aurkf(3),|;36147,35578.7,30003,36147,0,0,0,0,366.147798313471
|216eiqtf(3),|901aurkf(3),|;36147,35578.7,30003,36147,0,0,0,0,371.147798313471
|216eiqtf(3),904hxgqw(0),|901aurkf(3),904hxgqw(0),|904hxgqw(0),;36147,34329.4,29378.4,35522.4,0,6.93909109615,3.700451298681,3.700451298681,376.147798313471
|216eiqtf(3),904hxgqw(2),|901aurkf(3),|;36147,34329.4,30003,36147,0,1.93909109615,0,0,381.147798313471
|216eiqtf(3),|901aurkf(3),|;36147,35578.7,30003,36147,0,0,0,0,386.147798313471
|216eiqtf(3),|901aurkf(3),|;36147,35578.7,30003,36147,0,0,0,0,391.147798313471
|216eiqtf(3),|901aurkf(3),|;36147,35578.7,30003,36147,0,0,0,0,396.147798313471
|216eiqtf(3),|901aurkf(3),|;36147,35578.7,30003,36147,0,0,0,0,401.147798313471
|216eiqtf(3),|901aurkf(3),|;36147,35578.7,30003,36147,0,0,0,0,406.147798313471
|216eiqtf(3),|901aurkf(3),|;36147,35578.7,30003,36147,0,0,0,0,411.147798313471
|216eiqtf(3),|901aurkf(3),|;36147,35578.7,30003,36147,0,0,0,0,416.147798313471
|216eiqtf(3),|901aurkf(3),|;36147,35578.7,30003,36147,0,0,0,0,421.147798313471
|216eiqtf(3),|901aurkf(3),|;36147,35578.7,30003,36147,0,0,0,0,426.147798313471
|216eiqtf(3),|901aurkf(3),|;36147,35578.7,30003,36147,0,0,0,0,431.147798313471
246vhrqw(0),|216eiqtf(3),246vhrqw(0),|901aurkf(3),246vhrqw(0),|246vhrqw(0),;35563.3,34411.3,28835.6,35563.3,3.209024300714,6.235294275398,6.235294275398,3.209024300714,436.147798313471
|216eiqtf(3),246vhrqw(2),|901aurkf(3),246vhrqw(2),|;36147,34411.3,28835.6,36147,0,1.235294275398,1.235294275398,0,441.147798313471
|216eiqtf(3),|901aurkf(3),|;36147,35578.7,30003,36147,0,0,0,0,446.147798313471
|216eiqtf(3),|901aurkf(3),|;36147,35578.7,30003,36147,0,0,0,0,451.147798313471
|216eiqtf(3),|901aurkf(3),|;36147,35578.7,30003,36147,0,0,0,0,456.147798313471
|216eiqtf(3),||;36147,35578.7,36147,36147,0,0,0,0,461.147798313471
|216eiqtf(3),||;36147,35578.7,36147,36147,0,0,0,0,466.147798313471
|216eiqtf(3),||;36147,35578.7,36147,36147,0,0,0,0,471.147798313471
|216eiqtf(3),||;36147,35578.7,36147,36147,0,0,0,0,476.147798313471
|216eiqtf(3),||;36147,35578.7,36147,36147,0,0,0,0,481.147798313471
|216eiqtf(3),||;36147,35578.7,36147,36147,0,0,0,0,486.147798313471
|216eiqtf(3),||;36147,35578.7,36147,36147,0,0,0,0,491.147798313471
|216eiqtf(3),||;36147,35578.7,36147,36147,0,0,0,0,496.147798313471
|216eiqtf(3),||;36147,35578.7,36147,36147,0,0,0,0,501.147798313471
|216eiqtf(3),||;36147,35578.7,36147,36147,0,0,0,0,506.147798313471
607lbwxr(2),|216eiqtf(3),607lbwxr(2),|607lbwxr(2),|;31810.4,34959.2,34908,36147,22.088052378214,2.331490960492,5.624251196779,0,511.147798313471
607lbwxr(2),|216eiqtf(3),|607lbwxr(2),|;31810.4,35578.7,34908,36147,17.088052378214,0,0.624251196779,0,516.147798313471
607lbwxr(2),|216eiqtf(3),||;31810.4,35578.7,36147,36147,12.088052378214,0,0,0,521.147798313471
607lbwxr(2),|216eiqtf(3),||;31810.4,35578.7,36147,36147,7.088052378214,0,0,0,526.147798313471
607lbwxr(2),|216eiqtf(3),||;31810.4,35578.7,36147,36147,2.088052378214,0,0,0,531.147798313471
607lbwxr(3),|216eiqtf(3),||;31810.4,35578.7,36147,36147,0,0,0,0,536.147798313471
607lbwxr(3),|216eiqtf(3),||;31810.4,35578.7,36147,36147,0,0,0,0,541.147798313471
607lbwxr(3),|216eiqtf(3),||;31810.4,35578.7,36147,36147,0,0,0,0,546.147798313471
607lbwxr(3),|216eiqtf(3),||;31810.4,35578.7,36147,36147,0,0,0,0,551.147798313471
607lbwxr(3),|216eiqtf(3),||;31810.4,35578.7,36147,36147,0,0,0,0,556.147798313471
607lbwxr(3),947usotf(0),|216eiqtf(3),947usotf(0),|947usotf(0),|947usotf(0),;31109,34877.3,35445.6,35445.6,4.842425250273,4.842425250273,4.842425250273,4.842425250273,561.147798313471
607lbwxr(3),|216eiqtf(3),||;31810.4,35578.7,36147,36147,0,0,0,0,566.147798313471
607lbwxr(3),|216eiqtf(3),||;31810.4,35578.7,36147,36147,0,0,0,0,571.147798313471
607lbwxr(3),|216eiqtf(3),||;31810.4,35578.7,36147,36147,0,0,0,0,576.147798313471
607lbwxr(3),|216eiqtf(3),||;31810.4,35578.7,36147,36147,0,0,0,0,581.147798313471
607lbwxr(3),665xlcrw(2),|665xlcrw(2),|665xlcrw(2),|665xlcrw(2),;30776.2,34595.6,34595.6,35112.8,5.261868164047,8.010370510039,8.010370510039,5.261868164047,586.147798313471
607lbwxr(3),665xlcrw(2),|665xlcrw(2),|665xlcrw(2),|665xlcrw(2),;30776.2,34595.6,34595.6,35112.8,0.261868164047,3.010370510039,3.010370510039,0.261868164047,591.147798313471
607lbwxr(3),|||;31810.4,36147,36147,36147,0,0,0,0,596.147798313471
607lbwxr(3),|||;31810.4,36147,36147,36147,0,0,0,0,601.147798313471
|||;36147,36147,36147,36147,0,0,0,0,606.147798313471
|||;36147,36147,36147,36147,0,0,0,0,611.147798313471
|||;36147,36147,36147,36147,0,0,0,0,616.147798313471
|||;36147,36147,36147,36147,0,0,0,0,621.147798313471
|||;36147,36147,36147,36147,0,0,0,0,626.147798313471
|||;36147,36147,36147,36147,0,0,0,0,631.147798313471
|||;36147,36147,36147,36147,0,0,0,0,636.147798313471
|||;36147,36147,36147,36147,0,0,0,0,641.147798313471
|||;36147,36147,36147,36147,0,0,0,0,646.147798313471
|||;36147,36147,36147,36147,0,0,0,0,651.147798313471
|||;36147,36147,36147,36147,0,0,0,0,656.147798313471
|||;36147,36147,36147,36147,0,0,0,0,661.147798313471
|||;36147,36147,36147,36147,0,0,0,0,666.147798313471
|||;36147,36147,36147,36147,0,0,0,0,671.147798313471
|||;36147,36147,36147,36147,0,0,0,0,676.147798313471
|||;36147,36147,36147,36147,0,0,0,0,681.147798313471
|||;36147,36147,36147,36147,0,0,0,0,686.147798313471
|||;36147,36147,36147,36147,0,0,0,0,691.147798313471
|||;36147,36147,36147,36147,0,0,0,0,696.147798313471
|||;36147,36147,36147,36147,0,0,0,0,701.147798313471
|||;36147,36147,36147,36147,0,0,0,0,706.147798313471
|||;36147,36147,36147,36147,0,0,0,0,711.147798313471
|||;36147,36147,36147,36147,0,0,0,0,716.147798313471
|||;36147,36147,36147,36147,0,0,0,0,721.147798313471
|||;36147,36147,36147,36147,0,0,0,0,726.147798313471
|||;36147,36147,36147,36147,0,0,0,0,731.147798313471
|||;36147,36147,36147,36147,0,0,0,0,736.147798313471
|||;36147,36147,36147,36147,0,0,0,0,741.147798313471
|||;36147,36147,36147,36147,0,0,0,0,746.147798313471
|||;36147,36147,36147,36147,0,0,0,0,751.147798313471
|||;36147,36147,36147,36147,0,0,0,0,756.147798313471
|||;36147,36147,36147,36147,0,0,0,0,761.147798313471
|||;36147,36147,36147,36147,0,0,0,0,766.147798313471
|||;36147,36147,36147,36147,0,0,0,0,771.147798313471
|||;36147,36147,36147,36147,0,0,0,0,776.147798313471
|||;36147,36147,36147,36147,0,0,0,0,781.147798313471
|||;36147,36147,36147,36147,0,0,0,0,786.147798313471
|||;36147,36147,36147,36147,0,0,0,0,791.147798313471
|||;36147,36147,36147,36147,0,0,0,0,796.147798313471
|||;36147,36147,36147,36147,0,0,0,0,801.147798313471
|||;36147,36147,36147,36147,0,0,0,0,806.147798313471
|||;36147,36147,36147,36147,0,0,0,0,811.147798313471
|||;36147,36147,36147,36147,0,0,0,0,816.147798313471
|||;36147,36147,36147,36147,0,0,0,0,821.147798313471
|||;36147,36147,36147,36147,0,0,0,0,826.147798313471
|||;36147,36147,36147,36147,0,0,0,0,831.147798313471
|||;36147,36147,36147,36147,0,0,0,0,836.147798313471
|||;36147,36147,36147,36147,0,0,0,0,841.147798313471
|||;36147,36147,36147,36147,0,0,0,0,846.147798313471
|||;36147,36147,36147,36147,0,0,0,0,851.147798313471
|||;36147,36147,36147,36147,0,0,0,0,856.147798313471
|||;36147,36147,36147,36147,0,0,0,0,861.147798313471
|||;36147,36147,36147,36147,0,0,0,0,866.147798313471
|||;36147,36147,36147,36147,0,0,0,0,871.147798313471
|||;36147,36147,36147,36147,0,0,0,0,876.147798313471
|||;36147,36147,36147,36147,0,0,0,0,881.147798313471
|||;36147,36147,36147,36147,0,0,0,0,886.147798313471
|||;36147,36147,36147,36147,0,0,0,0,891.147798313471
|||;36147,36147,36147,36147,0,0,0,0,896.147798313471
|||;36147,36147,36147,36147,0,0,0,0,901.147798313471
|||;36147,36147,36147,36147,0,0,0,0,906.147798313471
|||;36147,36147,36147,36147,0,0,0,0,911.147798313471
|||;36147,36147,36147,36147,0,0,0,0,916.147798313471
|||;36147,36147,36147,36147,0,0,0,0,921.147798313471
|||;36147,36147,36147,36147,0,0,0,0,926.147798313471
|||;36147,36147,36147,36147,0,0,0,0,931.147798313471
|||;36147,36147,36147,36147,0,0,0,0,936.147798313471
|||;36147,36147,36147,36147,0,0,0,0,941.147798313471
|||;36147,36147,36147,36147,0,0,0,0,946.147798313471
|||;36147,36147,36147,36147,0,0,0,0,951.147798313471
|||;36147,36147,36147,36147,0,0,0,0,956.147798313471
|||;36147,36147,36147,36147,0,0,0,0,961.147798313471
|||;36147,36147,36147,36147,0,0,0,0,966.147798313471
|||;36147,36147,36147,36147,0,0,0,0,971.147798313471
|||;36147,36147,36147,36147,0,0,0,0,976.147798313471
|||;36147,36147,36147,36147,0,0,0,0,981.147798313471
|||;36147,36147,36147,36147,0,0,0,0,986.147798313471
|||;36147,36147,36147,36147,0,0,0,0,991.147798313471
|||;36147,36147,36147,36147,0,0,0,0,996.147798313471
|||;36147,36147,36147,36147,0,0,0,0,1001.147798313471
|||;36147,36147,36147,36147,0,0,0,0,1006.147798313471
|||;36147,36147,36147,36147,0,0,0,0,1011.147798313471
|||;36147,36147,36147,36147,0,0,0,0,1016.147798313471
|||;36147,36147,36147,36147,0,0,0,0,1021.147798313471
|||;36147,36147,36147,36147,0,0,0,0,1026.147798313471
|||;36147,36147,36147,36147,0,0,0,0,1031.147798313471
|||;36147,36147,36147,36147,0,0,0,0,1036.147798313471
|||;36147,36147,36147,36147,0,0,0,0,1041.147798313471
|||;36147,36147,36147,36147,0,0,0,0,1046.147798313471
|||;36147,36147,36147,36147,0,0,0,0,1051.147798313471
|||;36147,36147,36147,36147,0,0,0,0,1056.147798313471
|||;36147,36147,36147,36147,0,0,0,0,1061.147798313471
|||;36147,36147,36147,36147,0,0,0,0,1066.147798313471
|||;36147,36147,36147,36147,0,0,0,0,1071.147798313471
|||;36147,36147,36147,36147,0,0,0,0,1076.147798313471
|||;36147,36147,36147,36147,0,0,0,0,1081.147798313471
|||;36147,36147,36147,36147,0,0,0,0,1086.147798313471
|||;36147,36147,36147,36147,0,0,0,0,1091.147798313471
|||;36147,36147,36147,36147,0,0,0,0,1096.147798313471
|||;36147,36147,36147,36147,0,0,0,0,1101.147798313471
|||;36147,36147,36147,36147,0,0,0,0,1106.147798313471
|||;36147,36147,36147,36147,0,0,0,0,1111.147798313471
|||;36147,36147,36147,36147,0,0,0,0,1116.147798313471
|||;36147,36147,36147,36147,0,0,0,0,1121.147798313471
|||;36147,36147,36147,36147,0,0,0,0,1126.147798313471
|||;36147,36147,36147,36147,0,0,0,0,1131.147798313471
|||;36147,36147,36147,36147,0,0,0,0,1136.147798313471
|||;36147,36147,36147,36147,0,0,0,0,1141.147798313471
|||;36147,36147,36147,36147,0,0,0,0,1146.147798313471
|||;36147,36147,36147,36147,0,0,0,0,1151.147798313471
|||;36147,36147,36147,36147,0,0,0,0,1156.147798313471
|||;36147,36147,36147,36147,0,0,0,0,1161.147798313471
|||;36147,36147,36147,36147,0,0,0,0,1166.147798313471
|||;36147,36147,36147,36147,0,0,0,0,1171.147798313471
|||;36147,36147,36147,36147,0,0,0,0,1176.147798313471
|||;36147,36147,36147,36147,0,0,0,0,1181.147798313471
|||;36147,36147,36147,36147,0,0,0,0,1186.147798313471
|||;36147,36147,36147,36147,0,0,0,0,1191.147798313471
|||;36147,36147,36147,36147,0,0,0,0,1196.147798313471
|||;36147,36147,36147,36147,0,0,0,0,1201.147798313471
|||;36147,36147,36147,36147,0,0,0,0,1206.147798313471
|||;36147,36147,36147,36147,0,0,0,0,1211.147798313471
|||;36147,36147,36147,36147,0,0,0,0,1216.147798313471
|||;36147,36147,36147,36147,0,0,0,0,1221.147798313471
|||;36147,36147,36147,36147,0,0,0,0,1226.147798313471
|||;36147,36147,36147,36147,0,0,0,0,1231.147798313471
|||;36147,36147,36147,36147,0,0,0,0,1236.147798313471
|||;36147,36147,36147,36147,0,0,0,0,1241.147798313471
|||;36147,36147,36147,36147,0,0,0,0,1246.147798313471
|||;36147,36147,36147,36147,0,0,0,0,1251.147798313471
|||;36147,36147,36147,36147,0,0,0,0,1256.147798313471
|||;36147,36147,36147,36147,0,0,0,0,1261.147798313471
|||;36147,36147,36147,36147,0,0,0,0,1266.147798313471
|||;36147,36147,36147,36147,0,0,0,0,1271.147798313471
|||;36147,36147,36147,36147,0,0,0,0,1276.147798313471
|||;36147,36147,36147,36147,0,0,0,0,1281.147798313471
|||;36147,36147,36147,36147,0,0,0,0,1286.147798313471
|||;36147,36147,36147,36147,0,0,0,0,1291.147798313471
|||;36147,36147,36147,36147,0,0,0,0,1296.147798313471
|||;36147,36147,36147,36147,0,0,0,0,1301.147798313471
|||;36147,36147,36147,36147,0,0,0,0,1306.147798313471
|||;36147,36147,36147,36147,0,0,0,0,1311.147798313471
|||;36147,36147,36147,36147,0,0,0,0,1316.147798313471
|||;36147,36147,36147,36147,0,0,0,0,1321.147798313471
|||;36147,36147,36147,36147,0,0,0,0,1326.147798313471
|||;36147,36147,36147,36147,0,0,0,0,1331.147798313471
|||;36147,36147,36147,36147,0,0,0,0,1336.147798313471
|||;36147,36147,36147,36147,0,0,0,0,1341.147798313471
|||;36147,36147,36147,36147,0,0,0,0,1346.147798313471
|||;36147,36147,36147,36147,0,0,0,0,1351.147798313471
|||;36147,36147,36147,36147,0,0,0,0,1356.147798313471
|||;36147,36147,36147,36147,0,0,0,0,1361.147798313471
|||;36147,36147,36147,36147,0,0,0,0,1366.147798313471
|||;36147,36147,36147,36147,0,0,0,0,1371.147798313471
|||;36147,36147,36147,36147,0,0,0,0,1376.147798313471
|||;36147,36147,36147,36147,0,0,0,0,1381.147798313471
|||;36147,36147,36147,36147,0,0,0,0,1386.147798313471
|||;36147,36147,36147,36147,0,0,0,0,1391.147798313471
|||;36147,36147,36147,36147,0,0,0,0,1396.147798313471
|||;36147,36147,36147,36147,0,0,0,0,1401.147798313471
|||;36147,36147,36147,36147,0,0,0,0,1406.147798313471
|||;36147,36147,36147,36147,0,0,0,0,1411.147798313471
|||;36147,36147,36147,36147,0,0,0,0,1416.147798313471
|||;36147,36147,36147,36147,0,0,0,0,1421.147798313471
|||;36147,36147,36147,36147,0,0,0,0,1426.147798313471
|||;36147,36147,36147,36147,0,0,0,0,1431.147798313471
|||;36147,36147,36147,36147,0,0,0,0,1436.147798313471
|||;36147,36147,36147,36147,0,0,0,0,1441.147798313471
|||;36147,36147,36147,36147,0,0,0,0,1446.147798313471
|||;36147,36147,36147,36147,0,0,0,0,1451.147798313471
|||;36147,36147,36147,36147,0,0,0,0,1456.147798313471
|||;36147,36147,36147,36147,0,0,0,0,1461.147798313471
|||;36147,36147,36147,36147,0,0,0,0,1466.147798313471
|||;36147,36147,36147,36147,0,0,0,0,1471.147798313471
|||;36147,36147,36147,36147,0,0,0,0,1476.147798313471
|||;36147,36147,36147,36147,0,0,0,0,1481.147798313471
|||;36147,36147,36147,36147,0,0,0,0,1486.147798313471
|||;36147,36147,36147,36147,0,0,0,0,1491.147798313471
|||;36147,36147,36147,36147,0,0,0,0,1496.147798313471
|||;36147,36147,36147,36147,0,0,0,0,1501.147798313471
|||;36147,36147,36147,36147,0,0,0,0,1506.147798313471
|||;36147,36147,36147,36147,0,0,0,0,1511.147798313471
|||;36147,36147,36147,36147,0,0,0,0,1516.147798313471
|||;36147,36147,36147,36147,0,0,0,0,1521.147798313471
|||;36147,36147,36147,36147,0,0,0,0,1526.147798313471
|||;36147,36147,36147,36147,0,0,0,0,1531.147798313471
|||;36147,36147,36147,36147,0,0,0,0,1536.147798313471
|||;36147,36147,36147,36147,0,0,0,0,1541.147798313471
|||;36147,36147,36147,36147,0,0,0,0,1546.147798313471
|||;36147,36147,36147,36147,0,0,0,0,1551.147798313471
|||;36147,36147,36147,36147,0,0,0,0,1556.147798313471
|||;36147,36147,36147,36147,0,0,0,0,1561.147798313471
|||;36147,36147,36147,36147,0,0,0,0,1566.147798313471
|||;36147,36147,36147,36147,0,0,0,0,1571.147798313471
|||;36147,36147,36147,36147,0,0,0,0,1576.147798313471
|||;36147,36147,36147,36147,0,0,0,0,1581.147798313471
|||;36147,36147,36147,36147,0,0,0,0,1586.147798313471
|||;36147,36147,36147,36147,0,0,0,0,1591.147798313471
|||;36147,36147,36147,36147,0,0,0,0,1596.147798313471
|||;36147,36147,36147,36147,0,0,0,0,1601.147798313471
|||;36147,36147,36147,36147,0,0,0,0,1606.147798313471
|||;36147,36147,36147,36147,0,0,0,0,1611.147798313471
|||;36147,36147,36147,36147,0,0,0,0,1616.147798313471
|||;36147,36147,36147,36147,0,0,0,0,1621.147798313471
|||;36147,36147,36147,36147,0,0,0,0,1626.147798313471
|||;36147,36147,36147,36147,0,0,0,0,1631.147798313471
|||;36147,36147,36147,36147,0,0,0,0,1636.147798313471
|||;36147,36147,36147,36147,0,0,0,0,1641.147798313471
|||;36147,36147,36147,36147,0,0,0,0,1646.147798313471
|||;36147,36147,36147,36147,0,0,0,0,1651.147798313471
|||;36147,36147,36147,36147,0,0,0,0,1656.147798313471
|||;36147,36147,36147,36147,0,0,0,0,1661.147798313471
|||;36147,36147,36147,36147,0,0,0,0,1666.147798313471
|||;36147,36147,36147,36147,0,0,0,0,1671.147798313471
|||;36147,36147,36147,36147,0,0,0,0,1676.147798313471
|||;36147,36147,36147,36147,0,0,0,0,1681.147798313471
|||;36147,36147,36147,36147,0,0,0,0,1686.147798313471
|||;36147,36147,36147,36147,0,0,0,0,1691.147798313471
|||;36147,36147,36147,36147,0,0,0,0,1696.147798313471
|||;36147,36147,36147,36147,0,0,0,0,1701.147798313471
|||;36147,36147,36147,36147,0,0,0,0,1706.147798313471
|||;36147,36147,36147,36147,0,0,0,0,1711.147798313471
|||;36147,36147,36147,36147,0,0,0,0,1716.147798313471
|||;36147,36147,36147,36147,0,0,0,0,1721.147798313471
|||;36147,36147,36147,36147,0,0,0,0,1726.147798313471
|||;36147,36147,36147,36147,0,0,0,0,1731.147798313471
|||;36147,36147,36147,36147,0,0,0,0,1736.147798313471
|||;36147,36147,36147,36147,0,0,0,0,1741.147798313471
|||;36147,36147,36147,36147,0,0,0,0,1746.147798313471
|||;36147,36147,36147,36147,0,0,0,0,1751.147798313471
|||;36147,36147,36147,36147,0,0,0,0,1756.147798313471
|||;36147,36147,36147,36147,0,0,0,0,1761.147798313471
|||;36147,36147,36147,36147,0,0,0,0,1766.147798313471
|||;36147,36147,36147,36147,0,0,0,0,1771.147798313471
|||;36147,36147,36147,36147,0,0,0,0,1776.147798313471
|||;36147,36147,36147,36147,0,0,0,0,1781.147798313471
|||;36147,36147,36147,36147,0,0,0,0,1786.147798313471
|||;36147,36147,36147,36147,0,0,0,0,1791.147798313471
|||;36147,36147,36147,36147,0,0,0,0,1796.147798313471
|||;36147,36147,36147,36147,0,0,0,0,1801.147798313471
|||;36147,36147,36147,36147,0,0,0,0,1806.147798313471
|||;36147,36147,36147,36147,0,0,0,0,1811.147798313471
|||;36147,36147,36147,36147,0,0,0,0,1816.147798313471
|||;36147,36147,36147,36147,0,0,0,0,1821.147798313471
|||;36147,36147,36147,36147,0,0,0,0,1826.147798313471
|||;36147,36147,36147,36147,0,0,0,0,1831.147798313471
|||;36147,36147,36147,36147,0,0,0,0,1836.147798313471
|||;36147,36147,36147,36147,0,0,0,0,1841.147798313471
|||;36147,36147,36147,36147,0,0,0,0,1846.147798313471
|||;36147,36147,36147,36147,0,0,0,0,1851.147798313471
|||;36147,36147,36147,36147,0,0,0,0,1856.147798313471
|||;36147,36147,36147,36147,0,0,0,0,1861.147798313471
|||;36147,36147,36147,36147,0,0,0,0,1866.147798313471
|||;36147,36147,36147,36147,0,0,0,0,1871.147798313471
|||;36147,36147,36147,36147,0,0,0,0,1876.147798313471
|||;36147,36147,36147,36147,0,0,0,0,1881.147798313471
|||;36147,36147,36147,36147,0,0,0,0,1886.147798313471
|||;36147,36147,36147,36147,0,0,0,0,1891.147798313471
|||;36147,36147,36147,36147,0,0,0,0,1896.147798313471
|||;36147,36147,36147,36147,0,0,0,0,1901.147798313471
|||;36147,36147,36147,36147,0,0,0,0,1906.147798313471
|||;36147,36147,36147,36147,0,0,0,0,1911.147798313471
|||;36147,36147,36147,36147,0,0,0,0,1916.147798313471
|||;36147,36147,36147,36147,0,0,0,0,1921.147798313471
|||;36147,36147,36147,36147,0,0,0,0,1926.147798313471
|||;36147,36147,36147,36147,0,0,0,0,1931.147798313471
|||;36147,36147,36147,36147,0,0,0,0,1936.147798313471
|||;36147,36147,36147,36147,0,0,0,0,1941.147798313471
|||;36147,36147,36147,36147,0,0,0,0,1946.147798313471
|||;36147,36147,36147,36147,0,0,0,0,1951.147798313471
|||;36147,36147,36147,36147,0,0,0,0,1956.147798313471
|||;36147,36147,36147,36147,0,0,0,0,1961.147798313471
|||;36147,36147,36147,36147,0,0,0,0,1966.147798313471
|||;36147,36147,36147,36147,0,0,0,0,1971.147798313471
|||;36147,36147,36147,36147,0,0,0,0,1976.147798313471
|||;36147,36147,36147,36147,0,0,0,0,1981.147798313471
|||;36147,36147,36147,36147,0,0,0,0,1986.147798313471
|||;36147,36147,36147,36147,0,0,0,0,1991.147798313471
|||;36147,36147,36147,36147,0,0,0,0,1996.147798313471
