|||;33280,33280,33280,33280,0,0,0,0,1.141581002388
|||;33280,33280,33280,33280,0,0,0,0,6.141581002388
|||;33280,33280,33280,33280,0,0,0,0,11.141581002388
|||;33280,33280,33280,33280,0,0,0,0,16.141581002388
|||;33280,33280,33280,33280,0,0,0,0,21.141581002388
|||;33280,33280,33280,33280,0,0,0,0,26.141581002388
|||;33280,33280,33280,33280,0,0,0,0,31.141581002388
|||;33280,33280,33280,33280,0,0,0,0,36.141581002388
|||;33280,33280,33280,33280,0,0,0,0,41.141581002388
|||;33280,33280,33280,33280,0,0,0,0,46.141581002388
|||;33280,33280,33280,33280,0,0,0,0,51.141581002388
|||;33280,33280,33280,33280,0,0,0,0,56.141581002388
|||;33280,33280,33280,33280,0,0,0,0,61.141581002388
|||;33280,33280,33280,33280,0,0,0,0,66.141581002388
|||;33280,33280,33280,33280,0,0,0,0,71.141581002388
|||;33280,33280,33280,33280,0,0,0,0,76.141581002388
|||;33280,33280,33280,33280,0,0,0,0,81.141581002388
|||;33280,33280,33280,33280,0,0,0,0,86.141581002388
|||;33280,33280,33280,33280,0,0,0,0,91.141581002388
|||;33280,33280,33280,33280,0,0,0,0,96.141581002388
|||;33280,33280,33280,33280,0,0,0,0,101.141581002388
|||;33280,33280,33280,33280,0,0,0,0,106.141581002388
|||;33280,33280,33280,33280,0,0,0,0,111.141581002388
|||;33280,33280,33280,33280,0,0,0,0,116.141581002388
|||;33280,33280,33280,33280,0,0,0,0,121.141581002388
738caypd(2),|738caypd(2),|738caypd(2),|738caypd(2),;32194.6,32194.6,31651.8,31651.8,4.300830852602,4.300830852602,7.689379787925,7.689379787925,126.141581002388
||738caypd(2),|738caypd(2),;33280,33280,31651.8,31651.8,0,0,2.689379787925,2.689379787925,131.141581002388
|||;33280,33280,33280,33280,0,0,0,0,136.141581002388
|||;33280,33280,33280,33280,0,0,0,0,141.141581002388
|||;33280,33280,33280,33280,0,0,0,0,146.141581002388
|||;33280,33280,33280,33280,0,0,0,0,151.141581002388
|||;33280,33280,33280,33280,0,0,0,0,156.141581002388
|||;33280,33280,33280,33280,0,0,0,0,161.141581002388
|||;33280,33280,33280,33280,0,0,0,0,166.141581002388
|||;33280,33280,33280,33280,0,0,0,0,171.141581002388
|||;33280,33280,33280,33280,0,0,0,0,176.141581002388
|||;33280,33280,33280,33280,0,0,0,0,181.141581002388
|||;33280,33280,33280,33280,0,0,0,0,186.141581002388
|||;33280,33280,33280,33280,0,0,0,0,191.141581002388
|||;33280,33280,33280,33280,0,0,0,0,196.141581002388
|||;33280,33280,33280,33280,0,0,0,0,201.141581002388
|||;33280,33280,33280,33280,0,0,0,0,206.141581002388
|||;33280,33280,33280,33280,0,0,0,0,211.141581002388
|||;33280,33280,33280,33280,0,0,0,0,216.141581002388
|||;33280,33280,33280,33280,0,0,0,0,221.141581002388
|||;33280,33280,33280,33280,0,0,0,0,226.141581002388
|||;33280,33280,33280,33280,0,0,0,0,231.141581002388
|||;33280,33280,33280,33280,0,0,0,0,236.141581002388
|||;33280,33280,33280,33280,0,0,0,0,241.141581002388
|||;33280,33280,33280,33280,0,0,0,0,246.141581002388
|||;33280,33280,33280,33280,0,0,0,0,251.141581002388
|||;33280,33280,33280,33280,0,0,0,0,256.141581002388
|||;33280,33280,33280,33280,0,0,0,0,261.141581002388
|||;33280,33280,33280,33280,0,0,0,0,266.141581002388
|||;33280,33280,33280,33280,0,0,0,0,271.141581002388
|||;33280,33280,33280,33280,0,0,0,0,276.141581002388
|||;33280,33280,33280,33280,0,0,0,0,281.141581002388
|||;33280,33280,33280,33280,0,0,0,0,286.141581002388
|||;33280,33280,33280,33280,0,0,0,0,291.141581002388
|||;33280,33280,33280,33280,0,0,0,0,296.141581002388
|||;33280,33280,33280,33280,0,0,0,0,301.141581002388
|||;33280,33280,33280,33280,0,0,0,0,306.141581002388
|||;33280,33280,33280,33280,0,0,0,0,311.141581002388
|||;33280,33280,33280,33280,0,0,0,0,316.141581002388
|||;33280,33280,33280,33280,0,0,0,0,321.141581002388
|||;33280,33280,33280,33280,0,0,0,0,326.141581002388
|||;33280,33280,33280,33280,0,0,0,0,331.141581002388
|||;33280,33280,33280,33280,0,0,0,0,336.141581002388
|||;33280,33280,33280,33280,0,0,0,0,341.141581002388
|||;33280,33280,33280,33280,0,0,0,0,346.141581002388
|||;33280,33280,33280,33280,0,0,0,0,351.141581002388
|||;33280,33280,33280,33280,0,0,0,0,356.141581002388
|||;33280,33280,33280,33280,0,0,0,0,361.141581002388
|||;33280,33280,33280,33280,0,0,0,0,366.141581002388
|||;33280,33280,33280,33280,0,0,0,0,371.141581002388
|||;33280,33280,33280,33280,0,0,0,0,376.141581002388
|||;33280,33280,33280,33280,0,0,0,0,381.141581002388
|||;33280,33280,33280,33280,0,0,0,0,386.141581002388
|||;33280,33280,33280,33280,0,0,0,0,391.141581002388
71gxmsd(2),||71gxmsd(2),|71gxmsd(2),;32337.9,33280,32337.9,32337.9,5.594388212709,0,5.594388212709,5.594388212709,396.141581002388
71gxmsd(2),||71gxmsd(2),|71gxmsd(2),;32337.9,33280,32337.9,32337.9,0.594388212709,0,0.594388212709,0.594388212709,401.141581002388
|||;33280,33280,33280,33280,0,0,0,0,406.141581002388
|||;33280,33280,33280,33280,0,0,0,0,411.141581002388
|||;33280,33280,33280,33280,0,0,0,0,416.141581002388
|||;33280,33280,33280,33280,0,0,0,0,421.141581002388
|||;33280,33280,33280,33280,0,0,0,0,426.141581002388
|227qnwiz(2),|227qnwiz(2),|;33280,30182.4,30182.4,33280,0,18.895065993441,18.895065993441,0,431.141581002388
|227qnwiz(2),|227qnwiz(2),|;33280,30182.4,30182.4,33280,0,13.895065993441,13.895065993441,0,436.141581002388
|227qnwiz(2),|227qnwiz(2),|;33280,30182.4,30182.4,33280,0,8.895065993441,8.895065993441,0,441.141581002388
|227qnwiz(2),|227qnwiz(2),|;33280,30182.4,30182.4,33280,0,3.895065993441,3.895065993441,0,446.141581002388
|227qnwiz(3),|227qnwiz(3),|;33280,30182.4,30182.4,33280,0,0,0,0,451.141581002388
|227qnwiz(3),|227qnwiz(3),|;33280,30182.4,30182.4,33280,0,0,0,0,456.141581002388
|227qnwiz(3),|227qnwiz(3),|;33280,30182.4,30182.4,33280,0,0,0,0,461.141581002388
|227qnwiz(3),|227qnwiz(3),|;33280,30182.4,30182.4,33280,0,0,0,0,466.141581002388
|227qnwiz(3),|227qnwiz(3),|;33280,30182.4,30182.4,33280,0,0,0,0,471.141581002388
|227qnwiz(3),|227qnwiz(3),|;33280,30182.4,30182.4,33280,0,0,0,0,476.141581002388
|227qnwiz(3),|227qnwiz(3),|;33280,30182.4,30182.4,33280,0,0,0,0,481.141581002388
|227qnwiz(3),|227qnwiz(3),|;33280,30182.4,30182.4,33280,0,0,0,0,486.141581002388
|227qnwiz(3),|227qnwiz(3),|;33280,30182.4,30182.4,33280,0,0,0,0,491.141581002388
160gvcrn(0),|227qnwiz(3),160gvcrn(0),|227qnwiz(3),|160gvcrn(0),;28646.4,27402.2,30182.4,31426.6,32.032192848048,20.218645226157,0,14.311871415212,496.141581002388
160gvcrn(2),|227qnwiz(3),160gvcrn(2),|227qnwiz(3),|160gvcrn(2),;28646.4,27402.2,30182.4,31426.6,27.032192848048,15.218645226157,0,9.311871415212,501.141581002388
160gvcrn(2),|227qnwiz(3),160gvcrn(2),|227qnwiz(3),|160gvcrn(2),;28646.4,27402.2,30182.4,31426.6,22.032192848048,10.218645226157,0,4.311871415212,506.141581002388
160gvcrn(2),|227qnwiz(3),160gvcrn(2),|227qnwiz(3),|160gvcrn(3),;28646.4,27402.2,30182.4,31426.6,17.032192848048,5.218645226157,0,0,511.141581002388
160gvcrn(2),|227qnwiz(3),160gvcrn(3),|227qnwiz(3),|160gvcrn(3),;28646.4,27402.2,30182.4,31426.6,12.032192848048,0.218645226157,0,0,516.141581002388
160gvcrn(2),|227qnwiz(3),160gvcrn(3),|227qnwiz(3),|160gvcrn(3),;28646.4,27402.2,30182.4,31426.6,7.032192848048,0,0,0,521.141581002388
160gvcrn(2),|227qnwiz(3),160gvcrn(3),|227qnwiz(3),|160gvcrn(3),;28646.4,27402.2,30182.4,31426.6,2.032192848048,0,0,0,526.141581002388
160gvcrn(3),|227qnwiz(3),160gvcrn(3),|227qnwiz(3),|160gvcrn(3),;28646.4,27402.2,30182.4,31426.6,0,0,0,0,531.141581002388
160gvcrn(3),|227qnwiz(3),160gvcrn(3),|227qnwiz(3),|160gvcrn(3),;28646.4,27402.2,30182.4,31426.6,0,0,0,0,536.141581002388
160gvcrn(3),|227qnwiz(3),160gvcrn(3),|227qnwiz(3),|160gvcrn(3),;28646.4,27402.2,30182.4,31426.6,0,0,0,0,541.141581002388
160gvcrn(3),|227qnwiz(3),160gvcrn(3),|227qnwiz(3),|160gvcrn(3),;28646.4,27402.2,30182.4,31426.6,0,0,0,0,546.141581002388
160gvcrn(3),|227qnwiz(3),160gvcrn(3),|227qnwiz(3),|160gvcrn(3),;28646.4,27402.2,30182.4,31426.6,0,0,0,0,551.141581002388
160gvcrn(3),|227qnwiz(3),160gvcrn(3),|227qnwiz(3),|160gvcrn(3),;28646.4,27402.2,30182.4,31426.6,0,0,0,0,556.141581002388
160gvcrn(3),|227qnwiz(3),160gvcrn(3),|227qnwiz(3),|160gvcrn(3),;28646.4,27402.2,30182.4,31426.6,0,0,0,0,561.141581002388
160gvcrn(3),|227qnwiz(3),160gvcrn(3),|227qnwiz(3),|160gvcrn(3),;28646.4,27402.2,30182.4,31426.6,0,0,0,0,566.141581002388
160gvcrn(3),|227qnwiz(3),160gvcrn(3),|227qnwiz(3),|160gvcrn(3),;28646.4,27402.2,30182.4,31426.6,0,0,0,0,571.141581002388
160gvcrn(3),|227qnwiz(3),160gvcrn(3),|227qnwiz(3),|160gvcrn(3),;28646.4,27402.2,30182.4,31426.6,0,0,0,0,576.141581002388
160gvcrn(3),|227qnwiz(3),160gvcrn(3),|227qnwiz(3),|160gvcrn(3),;28646.4,27402.2,30182.4,31426.6,0,0,0,0,581.141581002388
160gvcrn(3),|227qnwiz(3),160gvcrn(3),|227qnwiz(3),|160gvcrn(3),;28646.4,27402.2,30182.4,31426.6,0,0,0,0,586.141581002388
160gvcrn(3),|227qnwiz(3),160gvcrn(3),|227qnwiz(3),|160gvcrn(3),;28646.4,27402.2,30182.4,31426.6,0,0,0,0,591.141581002388
160gvcrn(3),|227qnwiz(3),160gvcrn(3),|227qnwiz(3),|160gvcrn(3),;28646.4,27402.2,30182.4,31426.6,0,0,0,0,596.141581002388
160gvcrn(3),|227qnwiz(3),160gvcrn(3),|227qnwiz(3),|160gvcrn(3),;28646.4,27402.2,30182.4,31426.6,0,0,0,0,601.141581002388
160gvcrn(3),|227qnwiz(3),160gvcrn(3),|227qnwiz(3),|160gvcrn(3),;28646.4,27402.2,30182.4,31426.6,0,0,0,0,606.141581002388
160gvcrn(3),|227qnwiz(3),160gvcrn(3),|227qnwiz(3),|160gvcrn(3),;28646.4,27402.2,30182.4,31426.6,0,0,0,0,611.141581002388
|227qnwiz(3),|227qnwiz(3),|;33280,30182.4,30182.4,33280,0,0,0,0,616.141581002388
|227qnwiz(3),|227qnwiz(3),|;33280,30182.4,30182.4,33280,0,0,0,0,621.141581002388
|227qnwiz(3),|227qnwiz(3),|;33280,30182.4,30182.4,33280,0,0,0,0,626.141581002388
|227qnwiz(3),|227qnwiz(3),|;33280,30182.4,30182.4,33280,0,0,0,0,631.141581002388
|227qnwiz(3),|227qnwiz(3),|;33280,30182.4,30182.4,33280,0,0,0,0,636.141581002388
|227qnwiz(3),|227qnwiz(3),|;33280,30182.4,30182.4,33280,0,0,0,0,641.141581002388
|227qnwiz(3),|227qnwiz(3),|;33280,30182.4,30182.4,33280,0,0,0,0,646.141581002388
|227qnwiz(3),|227qnwiz(3),|;33280,30182.4,30182.4,33280,0,0,0,0,651.141581002388
|227qnwiz(3),|227qnwiz(3),|;33280,30182.4,30182.4,33280,0,0,0,0,656.141581002388
|||;33280,33280,33280,33280,0,0,0,0,661.141581002388
|||;33280,33280,33280,33280,0,0,0,0,666.141581002388
|||;33280,33280,33280,33280,0,0,0,0,671.141581002388
|||;33280,33280,33280,33280,0,0,0,0,676.141581002388
|||;33280,33280,33280,33280,0,0,0,0,681.141581002388
|||;33280,33280,33280,33280,0,0,0,0,686.141581002388
|||;33280,33280,33280,33280,0,0,0,0,691.141581002388
|||;33280,33280,33280,33280,0,0,0,0,696.141581002388
|||;33280,33280,33280,33280,0,0,0,0,701.141581002388
|||;33280,33280,33280,33280,0,0,0,0,706.141581002388
|||;33280,33280,33280,33280,0,0,0,0,711.141581002388
|||;33280,33280,33280,33280,0,0,0,0,716.141581002388
|||;33280,33280,33280,33280,0,0,0,0,721.141581002388
|||;33280,33280,33280,33280,0,0,0,0,726.141581002388
|||;33280,33280,33280,33280,0,0,0,0,731.141581002388
|||;33280,33280,33280,33280,0,0,0,0,736.141581002388
|||;33280,33280,33280,33280,0,0,0,0,741.141581002388
|||;33280,33280,33280,33280,0,0,0,0,746.141581002388
|||;33280,33280,33280,33280,0,0,0,0,751.141581002388
|||;33280,33280,33280,33280,0,0,0,0,756.141581002388
|||;33280,33280,33280,33280,0,0,0,0,761.141581002388
|||;33280,33280,33280,33280,0,0,0,0,766.141581002388
|||;33280,33280,33280,33280,0,0,0,0,771.141581002388
|||;33280,33280,33280,33280,0,0,0,0,776.141581002388
|||;33280,33280,33280,33280,0,0,0,0,781.141581002388
|||;33280,33280,33280,33280,0,0,0,0,786.141581002388
|||;33280,33280,33280,33280,0,0,0,0,791.141581002388
|||;33280,33280,33280,33280,0,0,0,0,796.141581002388
|||;33280,33280,33280,33280,0,0,0,0,801.141581002388
|||;33280,33280,33280,33280,0,0,0,0,806.141581002388
|||;33280,33280,33280,33280,0,0,0,0,811.141581002388
|||;33280,33280,33280,33280,0,0,0,0,816.141581002388
|||;33280,33280,33280,33280,0,0,0,0,821.141581002388
|||;33280,33280,33280,33280,0,0,0,0,826.141581002388
|||;33280,33280,33280,33280,0,0,0,0,831.141581002388
|||;33280,33280,33280,33280,0,0,0,0,836.141581002388
|||;33280,33280,33280,33280,0,0,0,0,841.141581002388
|||;33280,33280,33280,33280,0,0,0,0,846.141581002388
|||;33280,33280,33280,33280,0,0,0,0,851.141581002388
|||;33280,33280,33280,33280,0,0,0,0,856.141581002388
|||;33280,33280,33280,33280,0,0,0,0,861.141581002388
|||;33280,33280,33280,33280,0,0,0,0,866.141581002388
|||;33280,33280,33280,33280,0,0,0,0,871.141581002388
|||;33280,33280,33280,33280,0,0,0,0,876.141581002388
|||;33280,33280,33280,33280,0,0,0,0,881.141581002388
|||;33280,33280,33280,33280,0,0,0,0,886.141581002388
|||;33280,33280,33280,33280,0,0,0,0,891.141581002388
|||;33280,33280,33280,33280,0,0,0,0,896.141581002388
|||;33280,33280,33280,33280,0,0,0,0,901.141581002388
|||;33280,33280,33280,33280,0,0,0,0,906.141581002388
|||;33280,33280,33280,33280,0,0,0,0,911.141581002388
|||;33280,33280,33280,33280,0,0,0,0,916.141581002388
|||;33280,33280,33280,33280,0,0,0,0,921.141581002388
|||;33280,33280,33280,33280,0,0,0,0,926.141581002388
|||;33280,33280,33280,33280,0,0,0,0,931.141581002388
|||;33280,33280,33280,33280,0,0,0,0,936.141581002388
|||;33280,33280,33280,33280,0,0,0,0,941.141581002388
|||;33280,33280,33280,33280,0,0,0,0,946.141581002388
|||;33280,33280,33280,33280,0,0,0,0,951.141581002388
|||;33280,33280,33280,33280,0,0,0,0,956.141581002388
|||;33280,33280,33280,33280,0,0,0,0,961.141581002388
|||;33280,33280,33280,33280,0,0,0,0,966.141581002388
|||;33280,33280,33280,33280,0,0,0,0,971.141581002388
|||;33280,33280,33280,33280,0,0,0,0,976.141581002388
|||;33280,33280,33280,33280,0,0,0,0,981.141581002388
|||;33280,33280,33280,33280,0,0,0,0,986.141581002388
|||;33280,33280,33280,33280,0,0,0,0,991.141581002388
|||;33280,33280,33280,33280,0,0,0,0,996.141581002388
|||;33280,33280,33280,33280,0,0,0,0,1001.141581002388
|||;33280,33280,33280,33280,0,0,0,0,1006.141581002388
|||;33280,33280,33280,33280,0,0,0,0,1011.141581002388
|||;33280,33280,33280,33280,0,0,0,0,1016.141581002388
|||;33280,33280,33280,33280,0,0,0,0,1021.141581002388
|||;33280,33280,33280,33280,0,0,0,0,1026.141581002388
|||;33280,33280,33280,33280,0,0,0,0,1031.141581002388
|||;33280,33280,33280,33280,0,0,0,0,1036.141581002388
|||;33280,33280,33280,33280,0,0,0,0,1041.141581002388
|||;33280,33280,33280,33280,0,0,0,0,1046.141581002388
|||;33280,33280,33280,33280,0,0,0,0,1051.141581002388
|||;33280,33280,33280,33280,0,0,0,0,1056.141581002388
|||;33280,33280,33280,33280,0,0,0,0,1061.141581002388
|||;33280,33280,33280,33280,0,0,0,0,1066.141581002388
|||;33280,33280,33280,33280,0,0,0,0,1071.141581002388
|||;33280,33280,33280,33280,0,0,0,0,1076.141581002388
|||;33280,33280,33280,33280,0,0,0,0,1081.141581002388
|||;33280,33280,33280,33280,0,0,0,0,1086.141581002388
|||;33280,33280,33280,33280,0,0,0,0,1091.141581002388
|||;33280,33280,33280,33280,0,0,0,0,1096.141581002388
|||;33280,33280,33280,33280,0,0,0,0,1101.141581002388
|||;33280,33280,33280,33280,0,0,0,0,1106.141581002388
|||;33280,33280,33280,33280,0,0,0,0,1111.141581002388
|||;33280,33280,33280,33280,0,0,0,0,1116.141581002388
|||;33280,33280,33280,33280,0,0,0,0,1121.141581002388
|||;33280,33280,33280,33280,0,0,0,0,1126.141581002388
|||;33280,33280,33280,33280,0,0,0,0,1131.141581002388
|||;33280,33280,33280,33280,0,0,0,0,1136.141581002388
|||;33280,33280,33280,33280,0,0,0,0,1141.141581002388
|||;33280,33280,33280,33280,0,0,0,0,1146.141581002388
|||;33280,33280,33280,33280,0,0,0,0,1151.141581002388
|||;33280,33280,33280,33280,0,0,0,0,1156.141581002388
|||;33280,33280,33280,33280,0,0,0,0,1161.141581002388
|||;33280,33280,33280,33280,0,0,0,0,1166.141581002388
|||;33280,33280,33280,33280,0,0,0,0,1171.141581002388
|||;33280,33280,33280,33280,0,0,0,0,1176.141581002388
|||;33280,33280,33280,33280,0,0,0,0,1181.141581002388
|||;33280,33280,33280,33280,0,0,0,0,1186.141581002388
|||;33280,33280,33280,33280,0,0,0,0,1191.141581002388
|||;33280,33280,33280,33280,0,0,0,0,1196.141581002388
|||;33280,33280,33280,33280,0,0,0,0,1201.141581002388
|||;33280,33280,33280,33280,0,0,0,0,1206.141581002388
|||;33280,33280,33280,33280,0,0,0,0,1211.141581002388
|||;33280,33280,33280,33280,0,0,0,0,1216.141581002388
|||;33280,33280,33280,33280,0,0,0,0,1221.141581002388
|||;33280,33280,33280,33280,0,0,0,0,1226.141581002388
|||;33280,33280,33280,33280,0,0,0,0,1231.141581002388
|||;33280,33280,33280,33280,0,0,0,0,1236.141581002388
|||;33280,33280,33280,33280,0,0,0,0,1241.141581002388
|||;33280,33280,33280,33280,0,0,0,0,1246.141581002388
|||;33280,33280,33280,33280,0,0,0,0,1251.141581002388
|||;33280,33280,33280,33280,0,0,0,0,1256.141581002388
|||;33280,33280,33280,33280,0,0,0,0,1261.141581002388
|||;33280,33280,33280,33280,0,0,0,0,1266.141581002388
|||;33280,33280,33280,33280,0,0,0,0,1271.141581002388
|||;33280,33280,33280,33280,0,0,0,0,1276.141581002388
|||;33280,33280,33280,33280,0,0,0,0,1281.141581002388
|||;33280,33280,33280,33280,0,0,0,0,1286.141581002388
|||;33280,33280,33280,33280,0,0,0,0,1291.141581002388
|||;33280,33280,33280,33280,0,0,0,0,1296.141581002388
|||;33280,33280,33280,33280,0,0,0,0,1301.141581002388
|||;33280,33280,33280,33280,0,0,0,0,1306.141581002388
|||;33280,33280,33280,33280,0,0,0,0,1311.141581002388
|||;33280,33280,33280,33280,0,0,0,0,1316.141581002388
|||;33280,33280,33280,33280,0,0,0,0,1321.141581002388
|||;33280,33280,33280,33280,0,0,0,0,1326.141581002388
|||;33280,33280,33280,33280,0,0,0,0,1331.141581002388
|||;33280,33280,33280,33280,0,0,0,0,1336.141581002388
|||;33280,33280,33280,33280,0,0,0,0,1341.141581002388
|||;33280,33280,33280,33280,0,0,0,0,1346.141581002388
|||;33280,33280,33280,33280,0,0,0,0,1351.141581002388
|||;33280,33280,33280,33280,0,0,0,0,1356.141581002388
|||;33280,33280,33280,33280,0,0,0,0,1361.141581002388
|||;33280,33280,33280,33280,0,0,0,0,1366.141581002388
|||;33280,33280,33280,33280,0,0,0,0,1371.141581002388
|||;33280,33280,33280,33280,0,0,0,0,1376.141581002388
|||;33280,33280,33280,33280,0,0,0,0,1381.141581002388
|||;33280,33280,33280,33280,0,0,0,0,1386.141581002388
|||;33280,33280,33280,33280,0,0,0,0,1391.141581002388
|||;33280,33280,33280,33280,0,0,0,0,1396.141581002388
|||;33280,33280,33280,33280,0,0,0,0,1401.141581002388
|||;33280,33280,33280,33280,0,0,0,0,1406.141581002388
|||;33280,33280,33280,33280,0,0,0,0,1411.141581002388
|||;33280,33280,33280,33280,0,0,0,0,1416.141581002388
|||;33280,33280,33280,33280,0,0,0,0,1421.141581002388
|||;33280,33280,33280,33280,0,0,0,0,1426.141581002388
|||;33280,33280,33280,33280,0,0,0,0,1431.141581002388
|||;33280,33280,33280,33280,0,0,0,0,1436.141581002388
|||;33280,33280,33280,33280,0,0,0,0,1441.141581002388
|||;33280,33280,33280,33280,0,0,0,0,1446.141581002388
|||;33280,33280,33280,33280,0,0,0,0,1451.141581002388
|||;33280,33280,33280,33280,0,0,0,0,1456.141581002388
|||;33280,33280,33280,33280,0,0,0,0,1461.141581002388
|||;33280,33280,33280,33280,0,0,0,0,1466.141581002388
|||;33280,33280,33280,33280,0,0,0,0,1471.141581002388
|||;33280,33280,33280,33280,0,0,0,0,1476.141581002388
|||;33280,33280,33280,33280,0,0,0,0,1481.141581002388
|||;33280,33280,33280,33280,0,0,0,0,1486.141581002388
|||;33280,33280,33280,33280,0,0,0,0,1491.141581002388
|||;33280,33280,33280,33280,0,0,0,0,1496.141581002388
|||;33280,33280,33280,33280,0,0,0,0,1501.141581002388
|||;33280,33280,33280,33280,0,0,0,0,1506.141581002388
|||;33280,33280,33280,33280,0,0,0,0,1511.141581002388
|||;33280,33280,33280,33280,0,0,0,0,1516.141581002388
|||;33280,33280,33280,33280,0,0,0,0,1521.141581002388
|||;33280,33280,33280,33280,0,0,0,0,1526.141581002388
|||;33280,33280,33280,33280,0,0,0,0,1531.141581002388
|||;33280,33280,33280,33280,0,0,0,0,1536.141581002388
|||;33280,33280,33280,33280,0,0,0,0,1541.141581002388
|||;33280,33280,33280,33280,0,0,0,0,1546.141581002388
|||;33280,33280,33280,33280,0,0,0,0,1551.141581002388
|||;33280,33280,33280,33280,0,0,0,0,1556.141581002388
|||;33280,33280,33280,33280,0,0,0,0,1561.141581002388
|||;33280,33280,33280,33280,0,0,0,0,1566.141581002388
|||;33280,33280,33280,33280,0,0,0,0,1571.141581002388
|||;33280,33280,33280,33280,0,0,0,0,1576.141581002388
|||;33280,33280,33280,33280,0,0,0,0,1581.141581002388
|||;33280,33280,33280,33280,0,0,0,0,1586.141581002388
|||;33280,33280,33280,33280,0,0,0,0,1591.141581002388
|||;33280,33280,33280,33280,0,0,0,0,1596.141581002388
|||;33280,33280,33280,33280,0,0,0,0,1601.141581002388
|||;33280,33280,33280,33280,0,0,0,0,1606.141581002388
|||;33280,33280,33280,33280,0,0,0,0,1611.141581002388
|||;33280,33280,33280,33280,0,0,0,0,1616.141581002388
|||;33280,33280,33280,33280,0,0,0,0,1621.141581002388
|||;33280,33280,33280,33280,0,0,0,0,1626.141581002388
|||;33280,33280,33280,33280,0,0,0,0,1631.141581002388
|||;33280,33280,33280,33280,0,0,0,0,1636.141581002388
|||;33280,33280,33280,33280,0,0,0,0,1641.141581002388
|||;33280,33280,33280,33280,0,0,0,0,1646.141581002388
|||;33280,33280,33280,33280,0,0,0,0,1651.141581002388
|||;33280,33280,33280,33280,0,0,0,0,1656.141581002388
|||;33280,33280,33280,33280,0,0,0,0,1661.141581002388
|||;33280,33280,33280,33280,0,0,0,0,1666.141581002388
|||;33280,33280,33280,33280,0,0,0,0,1671.141581002388
|||;33280,33280,33280,33280,0,0,0,0,1676.141581002388
|||;33280,33280,33280,33280,0,0,0,0,1681.141581002388
|||;33280,33280,33280,33280,0,0,0,0,1686.141581002388
|||;33280,33280,33280,33280,0,0,0,0,1691.141581002388
|||;33280,33280,33280,33280,0,0,0,0,1696.141581002388
|||;33280,33280,33280,33280,0,0,0,0,1701.141581002388
|||;33280,33280,33280,33280,0,0,0,0,1706.141581002388
|||;33280,33280,33280,33280,0,0,0,0,1711.141581002388
|||;33280,33280,33280,33280,0,0,0,0,1716.141581002388
|||;33280,33280,33280,33280,0,0,0,0,1721.141581002388
|||;33280,33280,33280,33280,0,0,0,0,1726.141581002388
|||;33280,33280,33280,33280,0,0,0,0,1731.141581002388
|||;33280,33280,33280,33280,0,0,0,0,1736.141581002388
|||;33280,33280,33280,33280,0,0,0,0,1741.141581002388
|||;33280,33280,33280,33280,0,0,0,0,1746.141581002388
|||;33280,33280,33280,33280,0,0,0,0,1751.141581002388
|||;33280,33280,33280,33280,0,0,0,0,1756.141581002388
|||;33280,33280,33280,33280,0,0,0,0,1761.141581002388
|||;33280,33280,33280,33280,0,0,0,0,1766.141581002388
|||;33280,33280,33280,33280,0,0,0,0,1771.141581002388
|||;33280,33280,33280,33280,0,0,0,0,1776.141581002388
|||;33280,33280,33280,33280,0,0,0,0,1781.141581002388
|||;33280,33280,33280,33280,0,0,0,0,1786.141581002388
|||;33280,33280,33280,33280,0,0,0,0,1791.141581002388
|||;33280,33280,33280,33280,0,0,0,0,1796.141581002388
|||;33280,33280,33280,33280,0,0,0,0,1801.141581002388
|||;33280,33280,33280,33280,0,0,0,0,1806.141581002388
|||;33280,33280,33280,33280,0,0,0,0,1811.141581002388
|||;33280,33280,33280,33280,0,0,0,0,1816.141581002388
|||;33280,33280,33280,33280,0,0,0,0,1821.141581002388
|||;33280,33280,33280,33280,0,0,0,0,1826.141581002388
|||;33280,33280,33280,33280,0,0,0,0,1831.141581002388
|||;33280,33280,33280,33280,0,0,0,0,1836.141581002388
|||;33280,33280,33280,33280,0,0,0,0,1841.141581002388
|||;33280,33280,33280,33280,0,0,0,0,1846.141581002388
|||;33280,33280,33280,33280,0,0,0,0,1851.141581002388
|||;33280,33280,33280,33280,0,0,0,0,1856.141581002388
|||;33280,33280,33280,33280,0,0,0,0,1861.141581002388
|||;33280,33280,33280,33280,0,0,0,0,1866.141581002388
|||;33280,33280,33280,33280,0,0,0,0,1871.141581002388
|||;33280,33280,33280,33280,0,0,0,0,1876.141581002388
|||;33280,33280,33280,33280,0,0,0,0,1881.141581002388
|||;33280,33280,33280,33280,0,0,0,0,1886.141581002388
|||;33280,33280,33280,33280,0,0,0,0,1891.141581002388
|||;33280,33280,33280,33280,0,0,0,0,1896.141581002388
|||;33280,33280,33280,33280,0,0,0,0,1901.141581002388
|||;33280,33280,33280,33280,0,0,0,0,1906.141581002388
|||;33280,33280,33280,33280,0,0,0,0,1911.141581002388
|||;33280,33280,33280,33280,0,0,0,0,1916.141581002388
|||;33280,33280,33280,33280,0,0,0,0,1921.141581002388
|||;33280,33280,33280,33280,0,0,0,0,1926.141581002388
|||;33280,33280,33280,33280,0,0,0,0,1931.141581002388
|||;33280,33280,33280,33280,0,0,0,0,1936.141581002388
|||;33280,33280,33280,33280,0,0,0,0,1941.141581002388
|||;33280,33280,33280,33280,0,0,0,0,1946.141581002388
|||;33280,33280,33280,33280,0,0,0,0,1951.141581002388
|||;33280,33280,33280,33280,0,0,0,0,1956.141581002388
|||;33280,33280,33280,33280,0,0,0,0,1961.141581002388
|||;33280,33280,33280,33280,0,0,0,0,1966.141581002388
|||;33280,33280,33280,33280,0,0,0,0,1971.141581002388
|||;33280,33280,33280,33280,0,0,0,0,1976.141581002388
|||;33280,33280,33280,33280,0,0,0,0,1981.141581002388
|||;33280,33280,33280,33280,0,0,0,0,1986.141581002388
|||;33280,33280,33280,33280,0,0,0,0,1991.141581002388
|||;33280,33280,33280,33280,0,0,0,0,1996.141581002388
