|||;23244,23244,23244,23244,0,0,0,0,1.132358137339
|||;23244,23244,23244,23244,0,0,0,0,6.132358137339
|||;23244,23244,23244,23244,0,0,0,0,11.132358137339
|||;23244,23244,23244,23244,0,0,0,0,16.132358137339
|||;23244,23244,23244,23244,0,0,0,0,21.132358137339
|||;23244,23244,23244,23244,0,0,0,0,26.132358137339
|||;23244,23244,23244,23244,0,0,0,0,31.132358137339
|||;23244,23244,23244,23244,0,0,0,0,36.132358137339
|||;23244,23244,23244,23244,0,0,0,0,41.132358137339
|||;23244,23244,23244,23244,0,0,0,0,46.132358137339
|||;23244,23244,23244,23244,0,0,0,0,51.132358137339
|||;23244,23244,23244,23244,0,0,0,0,56.132358137339
189funma(2),417frxgn(0),|189funma(2),417frxgn(0),|189funma(2),|;21354.7,9204.96,22255.8,23244,13.625892497505,74.227559517585,2.858884360233,0,61.132358137339
417frxgn(2),|189funma(2),417frxgn(1),||;22342.9,9204.96,23244,23244,8.625892497505,69.227559517585,0,0,66.132358137339
417frxgn(3),|189funma(2),417frxgn(1),||;22342.9,9204.96,23244,23244,3.625892497505,64.227559517585,0,0,71.132358137339
417frxgn(3),|189funma(2),417frxgn(1),||;22342.9,9204.96,23244,23244,0,59.227559517585,0,0,76.132358137339
417frxgn(3),147xyqfo(0),|189funma(2),417frxgn(1),|147xyqfo(0),|147xyqfo(0),;19286.3,9204.96,20187.4,20187.4,17.054114357598,54.227559517585,17.054114357598,17.054114357598,81.132358137339
417frxgn(3),147xyqfo(2),|189funma(2),417frxgn(1),6qvjyh(0),|147xyqfo(2),|147xyqfo(2),6qvjyh(0),;19286.3,3511.52,20187.4,18764,12.054114357598,81.519512389675,12.054114357598,23.273479663423,86.132358137339
417frxgn(3),147xyqfo(2),|189funma(3),417frxgn(2),6qvjyh(1),|147xyqfo(2),|147xyqfo(2),6qvjyh(1),;19286.3,3511.52,20187.4,18764,7.054114357598,76.519512389675,7.054114357598,18.273479663423,91.132358137339
417frxgn(3),147xyqfo(2),|189funma(3),417frxgn(2),6qvjyh(1),|147xyqfo(2),|147xyqfo(2),6qvjyh(1),;19286.3,3511.52,20187.4,18764,2.054114357598,71.519512389675,2.054114357598,13.273479663423,96.132358137339
417frxgn(3),147xyqfo(3),|189funma(3),417frxgn(2),6qvjyh(1),|147xyqfo(3),|147xyqfo(3),6qvjyh(2),;19286.3,3511.52,20187.4,18764,0,66.519512389675,0,8.273479663423,101.132358137339
417frxgn(3),147xyqfo(3),|189funma(3),417frxgn(2),6qvjyh(1),|147xyqfo(3),|147xyqfo(3),6qvjyh(3),;19286.3,3511.52,20187.4,18764,0,61.519512389675,0,3.273479663423,106.132358137339
417frxgn(3),147xyqfo(3),563yrokx(0),|189funma(3),417frxgn(2),6qvjyh(1),|147xyqfo(3),563yrokx(0),|147xyqfo(3),6qvjyh(3),563yrokx(0),;16726.3,3511.52,18267.4,16844,13.275935081043,56.519512389675,10.11757363526,10.432077436022,111.132358137339
417frxgn(3),147xyqfo(3),563yrokx(2),16qcuwe(1),|189funma(3),417frxgn(2),6qvjyh(1),16qcuwe(1),|147xyqfo(3),563yrokx(2),16qcuwe(1),|147xyqfo(3),6qvjyh(3),563yrokx(2),;12783.9,357.6,17478.9,16844,32.383359590584,71.735835598011,13.660592939982,5.432077436022,116.132358137339
417frxgn(3),147xyqfo(3),563yrokx(2),16qcuwe(1),|189funma(3),417frxgn(2),6qvjyh(1),16qcuwe(1),|147xyqfo(3),563yrokx(2),16qcuwe(1),|147xyqfo(3),6qvjyh(3),563yrokx(2),;12783.9,357.6,17478.9,16844,27.383359590584,66.735835598011,8.660592939982,0.432077436022,121.132358137339
417frxgn(3),147xyqfo(3),16qcuwe(2),|189funma(3),417frxgn(2),6qvjyh(1),16qcuwe(1),|147xyqfo(3),16qcuwe(3),|147xyqfo(3),6qvjyh(3),;15343.9,357.6,19398.9,18764,22.383359590584,61.735835598011,3.660592939982,0,126.132358137339
417frxgn(3),16qcuwe(2),|189funma(3),417frxgn(3),6qvjyh(2),16qcuwe(1),|16qcuwe(3),|6qvjyh(3),;18400.5,357.6,22455.5,21820.6,17.383359590584,56.735835598011,0,0,131.132358137339
417frxgn(3),16qcuwe(2),|189funma(3),417frxgn(3),6qvjyh(2),16qcuwe(1),|16qcuwe(3),|6qvjyh(3),;18400.5,357.6,22455.5,21820.6,12.383359590584,51.735835598011,0,0,136.132358137339
417frxgn(3),16qcuwe(2),|189funma(3),417frxgn(3),6qvjyh(2),16qcuwe(1),|16qcuwe(3),|6qvjyh(3),;18400.5,357.6,22455.5,21820.6,7.383359590584,46.735835598011,0,0,141.132358137339
417frxgn(3),16qcuwe(3),|189funma(3),417frxgn(3),6qvjyh(2),16qcuwe(1),|16qcuwe(3),|;18400.5,357.6,22455.5,23244,2.383359590584,41.735835598011,0,0,146.132358137339
16qcuwe(3),|189funma(3),417frxgn(3),6qvjyh(2),16qcuwe(1),|16qcuwe(3),|;19301.6,357.6,22455.5,23244,0,36.735835598011,0,0,151.132358137339
16qcuwe(3),|189funma(3),417frxgn(3),6qvjyh(2),16qcuwe(1),|16qcuwe(3),|;19301.6,357.6,22455.5,23244,0,31.735835598011,0,0,156.132358137339
16qcuwe(3),|189funma(3),417frxgn(3),6qvjyh(3),16qcuwe(2),|16qcuwe(3),|;19301.6,357.6,22455.5,23244,0,26.735835598011,0,0,161.132358137339
16qcuwe(3),|189funma(3),417frxgn(3),6qvjyh(3),16qcuwe(2),|16qcuwe(3),|;19301.6,357.6,22455.5,23244,0,21.735835598011,0,0,166.132358137339
16qcuwe(3),|189funma(3),417frxgn(3),6qvjyh(3),16qcuwe(2),|16qcuwe(3),|;19301.6,357.6,22455.5,23244,0,16.735835598011,0,0,171.132358137339
16qcuwe(3),|189funma(3),417frxgn(3),6qvjyh(3),16qcuwe(3),|16qcuwe(3),|;19301.6,357.6,22455.5,23244,0,11.735835598011,0,0,176.132358137339
16qcuwe(3),|189funma(3),417frxgn(3),6qvjyh(3),16qcuwe(3),||;19301.6,357.6,23244,23244,0,6.735835598011,0,0,181.132358137339
16qcuwe(3),|189funma(3),417frxgn(3),6qvjyh(3),16qcuwe(3),||;19301.6,357.6,23244,23244,0,1.735835598011,0,0,186.132358137339
16qcuwe(3),|189funma(3),417frxgn(3),6qvjyh(3),16qcuwe(3),||;19301.6,357.6,23244,23244,0,0,0,0,191.132358137339
16qcuwe(3),|417frxgn(3),6qvjyh(3),16qcuwe(3),||;19301.6,6286.56,23244,23244,0,0,0,0,196.132358137339
16qcuwe(3),|417frxgn(3),6qvjyh(3),16qcuwe(3),||;19301.6,6286.56,23244,23244,0,0,0,0,201.132358137339
16qcuwe(3),|417frxgn(3),6qvjyh(3),16qcuwe(3),||;19301.6,6286.56,23244,23244,0,0,0,0,206.132358137339
16qcuwe(3),|417frxgn(3),6qvjyh(3),16qcuwe(3),||;19301.6,6286.56,23244,23244,0,0,0,0,211.132358137339
16qcuwe(3),|417frxgn(3),6qvjyh(3),16qcuwe(3),||;19301.6,6286.56,23244,23244,0,0,0,0,216.132358137339
16qcuwe(3),|417frxgn(3),6qvjyh(3),16qcuwe(3),||;19301.6,6286.56,23244,23244,0,0,0,0,221.132358137339
16qcuwe(3),|417frxgn(3),6qvjyh(3),16qcuwe(3),||;19301.6,6286.56,23244,23244,0,0,0,0,226.132358137339
16qcuwe(3),|417frxgn(3),6qvjyh(3),16qcuwe(3),||;19301.6,6286.56,23244,23244,0,0,0,0,231.132358137339
16qcuwe(3),|417frxgn(3),6qvjyh(3),16qcuwe(3),||;19301.6,6286.56,23244,23244,0,0,0,0,236.132358137339
16qcuwe(3),217loekf(2),|417frxgn(3),6qvjyh(3),16qcuwe(3),217loekf(2),|217loekf(2),|217loekf(2),;17074.4,4801.76,21759.2,21016.8,9.26614576252,5.602446485411,5.602446485411,9.26614576252,241.132358137339
16qcuwe(3),217loekf(2),|417frxgn(3),6qvjyh(3),16qcuwe(3),217loekf(2),|217loekf(2),|217loekf(2),;17074.4,4801.76,21759.2,21016.8,4.26614576252,0.602446485411,0.602446485411,4.26614576252,246.132358137339
16qcuwe(3),|417frxgn(3),6qvjyh(3),16qcuwe(3),||;19301.6,6286.56,23244,23244,0,0,0,0,251.132358137339
16qcuwe(3),|417frxgn(3),6qvjyh(3),16qcuwe(3),||;19301.6,6286.56,23244,23244,0,0,0,0,256.132358137339
16qcuwe(3),|417frxgn(3),6qvjyh(3),16qcuwe(3),||;19301.6,6286.56,23244,23244,0,0,0,0,261.132358137339
16qcuwe(3),|417frxgn(3),6qvjyh(3),16qcuwe(3),||;19301.6,6286.56,23244,23244,0,0,0,0,266.132358137339
16qcuwe(3),|417frxgn(3),6qvjyh(3),16qcuwe(3),||;19301.6,6286.56,23244,23244,0,0,0,0,271.132358137339
16qcuwe(3),|417frxgn(3),16qcuwe(3),|320amksd(0),|320amksd(0),;19301.6,11980,22568.2,17161.4,0,0,3.813976142862,31.199813636838,276.132358137339
16qcuwe(3),|417frxgn(3),16qcuwe(3),||320amksd(2),;19301.6,11980,23244,17161.4,0,0,0,26.199813636838,281.132358137339
16qcuwe(3),|417frxgn(3),16qcuwe(3),||320amksd(2),;19301.6,11980,23244,17161.4,0,0,0,21.199813636838,286.132358137339
16qcuwe(3),971qnclh(2),|417frxgn(3),16qcuwe(3),971qnclh(2),|971qnclh(2),|320amksd(2),;16045.3,9537.76,20801.8,17161.4,14.885944110857,10.76250835182,10.76250835182,16.199813636838,291.132358137339
971qnclh(2),|417frxgn(3),16qcuwe(3),971qnclh(2),|971qnclh(2),|320amksd(2),;19987.7,9537.76,20801.8,17161.4,9.885944110857,5.76250835182,5.76250835182,11.199813636838,296.132358137339
971qnclh(2),|417frxgn(3),16qcuwe(3),971qnclh(2),|971qnclh(2),|320amksd(2),;19987.7,9537.76,20801.8,17161.4,4.885944110857,0.76250835182,0.76250835182,6.199813636838,301.132358137339
971qnclh(3),|417frxgn(3),16qcuwe(3),971qnclh(3),|971qnclh(3),|320amksd(2),;19987.7,9537.76,20801.8,17161.4,0,0,0,1.199813636838,306.132358137339
971qnclh(3),|417frxgn(3),16qcuwe(3),971qnclh(3),|971qnclh(3),|;19987.7,9537.76,20801.8,23244,0,0,0,0,311.132358137339
971qnclh(3),|417frxgn(3),971qnclh(3),|971qnclh(3),|;19987.7,12691.7,20801.8,23244,0,0,0,0,316.132358137339
971qnclh(3),|417frxgn(3),971qnclh(3),|971qnclh(3),|;19987.7,12691.7,20801.8,23244,0,0,0,0,321.132358137339
971qnclh(3),|417frxgn(3),971qnclh(3),|971qnclh(3),|;19987.7,12691.7,20801.8,23244,0,0,0,0,326.132358137339
971qnclh(3),|417frxgn(3),971qnclh(3),|971qnclh(3),|;19987.7,12691.7,20801.8,23244,0,0,0,0,331.132358137339
971qnclh(3),|417frxgn(3),971qnclh(3),|971qnclh(3),|;19987.7,12691.7,20801.8,23244,0,0,0,0,336.132358137339
971qnclh(3),|971qnclh(3),|971qnclh(3),|;19987.7,20801.8,20801.8,23244,0,0,0,0,341.132358137339
971qnclh(3),|971qnclh(3),|971qnclh(3),|;19987.7,20801.8,20801.8,23244,0,0,0,0,346.132358137339
971qnclh(3),|971qnclh(3),|971qnclh(3),|;19987.7,20801.8,20801.8,23244,0,0,0,0,351.132358137339
971qnclh(3),|971qnclh(3),|971qnclh(3),|;19987.7,20801.8,20801.8,23244,0,0,0,0,356.132358137339
971qnclh(3),|971qnclh(3),|971qnclh(3),|;19987.7,20801.8,20801.8,23244,0,0,0,0,361.132358137339
971qnclh(3),|971qnclh(3),|971qnclh(3),|;19987.7,20801.8,20801.8,23244,0,0,0,0,366.132358137339
971qnclh(3),|971qnclh(3),|971qnclh(3),|;19987.7,20801.8,20801.8,23244,0,0,0,0,371.132358137339
971qnclh(3),|971qnclh(3),|971qnclh(3),|;19987.7,20801.8,20801.8,23244,0,0,0,0,376.132358137339
971qnclh(3),|971qnclh(3),|971qnclh(3),|;19987.7,20801.8,20801.8,23244,0,0,0,0,381.132358137339
971qnclh(3),|971qnclh(3),|971qnclh(3),|;19987.7,20801.8,20801.8,23244,0,0,0,0,386.132358137339
971qnclh(3),|971qnclh(3),|971qnclh(3),|;19987.7,20801.8,20801.8,23244,0,0,0,0,391.132358137339
971qnclh(3),|971qnclh(3),|971qnclh(3),|;19987.7,20801.8,20801.8,23244,0,0,0,0,396.132358137339
971qnclh(3),|971qnclh(3),|971qnclh(3),|;19987.7,20801.8,20801.8,23244,0,0,0,0,401.132358137339
971qnclh(3),|971qnclh(3),|971qnclh(3),|;19987.7,20801.8,20801.8,23244,0,0,0,0,406.132358137339
971qnclh(3),221baomt(0),|971qnclh(3),221baomt(0),|971qnclh(3),221baomt(0),|221baomt(0),;17299.7,19009.8,18113.8,21452,16.650427328079,12.228721303983,16.650427328079,12.228721303983,411.132358137339
971qnclh(3),221baomt(2),|971qnclh(3),221baomt(2),|971qnclh(3),221baomt(2),|221baomt(2),;17299.7,19009.8,18113.8,21452,11.650427328079,7.228721303983,11.650427328079,7.228721303983,416.132358137339
971qnclh(3),221baomt(2),|971qnclh(3),221baomt(2),|971qnclh(3),221baomt(2),|221baomt(2),;17299.7,19009.8,18113.8,21452,6.650427328079,2.228721303983,6.650427328079,2.228721303983,421.132358137339
971qnclh(3),221baomt(2),|971qnclh(3),|971qnclh(3),221baomt(2),|;17299.7,20801.8,18113.8,23244,1.650427328079,0,1.650427328079,0,426.132358137339
971qnclh(3),|971qnclh(3),|971qnclh(3),|;19987.7,20801.8,20801.8,23244,0,0,0,0,431.132358137339
971qnclh(3),|971qnclh(3),|971qnclh(3),|;19987.7,20801.8,20801.8,23244,0,0,0,0,436.132358137339
971qnclh(3),|971qnclh(3),100vjkpb(0),|971qnclh(3),|;19987.7,19864.8,20801.8,23244,0,5.382154897052,0,0,441.132358137339
971qnclh(3),|971qnclh(3),100vjkpb(2),|971qnclh(3),|;19987.7,19864.8,20801.8,23244,0,0.382154897052,0,0,446.132358137339
971qnclh(3),|971qnclh(3),100vjkpb(3),|971qnclh(3),|;19987.7,19864.8,20801.8,23244,0,0,0,0,451.132358137339
971qnclh(3),|971qnclh(3),100vjkpb(3),|971qnclh(3),|;19987.7,19864.8,20801.8,23244,0,0,0,0,456.132358137339
971qnclh(3),|971qnclh(3),100vjkpb(3),|971qnclh(3),|;19987.7,19864.8,20801.8,23244,0,0,0,0,461.132358137339
971qnclh(3),|971qnclh(3),100vjkpb(3),|971qnclh(3),|;19987.7,19864.8,20801.8,23244,0,0,0,0,466.132358137339
971qnclh(3),|971qnclh(3),100vjkpb(3),|971qnclh(3),|;19987.7,19864.8,20801.8,23244,0,0,0,0,471.132358137339
971qnclh(3),|971qnclh(3),100vjkpb(3),|971qnclh(3),|;19987.7,19864.8,20801.8,23244,0,0,0,0,476.132358137339
971qnclh(3),|971qnclh(3),100vjkpb(3),|971qnclh(3),|;19987.7,19864.8,20801.8,23244,0,0,0,0,481.132358137339
971qnclh(3),|971qnclh(3),100vjkpb(3),|971qnclh(3),|;19987.7,19864.8,20801.8,23244,0,0,0,0,486.132358137339
971qnclh(3),|971qnclh(3),100vjkpb(3),|971qnclh(3),|;19987.7,19864.8,20801.8,23244,0,0,0,0,491.132358137339
971qnclh(3),|971qnclh(3),100vjkpb(3),|971qnclh(3),|;19987.7,19864.8,20801.8,23244,0,0,0,0,496.132358137339
971qnclh(3),|971qnclh(3),100vjkpb(3),|971qnclh(3),|;19987.7,19864.8,20801.8,23244,0,0,0,0,501.132358137339
971qnclh(3),|971qnclh(3),100vjkpb(3),|971qnclh(3),|;19987.7,19864.8,20801.8,23244,0,0,0,0,506.132358137339
971qnclh(3),|971qnclh(3),100vjkpb(3),|971qnclh(3),|;19987.7,19864.8,20801.8,23244,0,0,0,0,511.132358137339
971qnclh(3),|971qnclh(3),100vjkpb(3),|971qnclh(3),|;19987.7,19864.8,20801.8,23244,0,0,0,0,516.132358137339
971qnclh(3),127vjryd(0),|971qnclh(3),100vjkpb(3),127vjryd(0),|971qnclh(3),127vjryd(0),|127vjryd(0),;17176.8,17990.9,17990.9,21370.1,17.436617197939,12.690776041313,17.436617197939,12.690776041313,521.132358137339
971qnclh(3),127vjryd(2),|971qnclh(3),100vjkpb(3),127vjryd(2),|971qnclh(3),127vjryd(2),|127vjryd(2),;17176.8,17990.9,17990.9,21370.1,12.436617197939,7.690776041313,12.436617197939,7.690776041313,526.132358137339
971qnclh(3),127vjryd(2),|971qnclh(3),100vjkpb(3),127vjryd(2),|971qnclh(3),127vjryd(2),|127vjryd(2),;17176.8,17990.9,17990.9,21370.1,7.436617197939,2.690776041313,7.436617197939,2.690776041313,531.132358137339
971qnclh(3),127vjryd(2),|971qnclh(3),100vjkpb(3),|971qnclh(3),127vjryd(2),|;17176.8,19864.8,17990.9,23244,2.436617197939,0,2.436617197939,0,536.132358137339
971qnclh(3),127vjryd(3),|971qnclh(3),100vjkpb(3),|971qnclh(3),127vjryd(3),|;17176.8,19864.8,17990.9,23244,0,0,0,0,541.132358137339
971qnclh(3),|971qnclh(3),100vjkpb(3),|971qnclh(3),|;19987.7,19864.8,20801.8,23244,0,0,0,0,546.132358137339
971qnclh(3),|971qnclh(3),100vjkpb(3),|971qnclh(3),|;19987.7,19864.8,20801.8,23244,0,0,0,0,551.132358137339
971qnclh(3),|971qnclh(3),100vjkpb(3),|971qnclh(3),|;19987.7,19864.8,20801.8,23244,0,0,0,0,556.132358137339
971qnclh(3),|971qnclh(3),100vjkpb(3),|971qnclh(3),|;19987.7,19864.8,20801.8,23244,0,0,0,0,561.132358137339
971qnclh(3),|971qnclh(3),100vjkpb(3),|971qnclh(3),|;19987.7,19864.8,20801.8,23244,0,0,0,0,566.132358137339
971qnclh(3),|971qnclh(3),100vjkpb(3),|971qnclh(3),|;19987.7,19864.8,20801.8,23244,0,0,0,0,571.132358137339
971qnclh(3),|971qnclh(3),100vjkpb(3),|971qnclh(3),|;19987.7,19864.8,20801.8,23244,0,0,0,0,576.132358137339
971qnclh(3),|971qnclh(3),100vjkpb(3),|971qnclh(3),|;19987.7,19864.8,20801.8,23244,0,0,0,0,581.132358137339
971qnclh(3),|971qnclh(3),100vjkpb(3),|971qnclh(3),|;19987.7,19864.8,20801.8,23244,0,0,0,0,586.132358137339
971qnclh(3),|971qnclh(3),100vjkpb(3),|971qnclh(3),|;19987.7,19864.8,20801.8,23244,0,0,0,0,591.132358137339
971qnclh(3),|971qnclh(3),100vjkpb(3),|971qnclh(3),|;19987.7,19864.8,20801.8,23244,0,0,0,0,596.132358137339
971qnclh(3),|971qnclh(3),100vjkpb(3),|971qnclh(3),|;19987.7,19864.8,20801.8,23244,0,0,0,0,601.132358137339
971qnclh(3),|971qnclh(3),100vjkpb(3),|971qnclh(3),|;19987.7,19864.8,20801.8,23244,0,0,0,0,606.132358137339
971qnclh(3),|971qnclh(3),100vjkpb(3),|971qnclh(3),|;19987.7,19864.8,20801.8,23244,0,0,0,0,611.132358137339
971qnclh(3),|971qnclh(3),100vjkpb(3),|971qnclh(3),|;19987.7,19864.8,20801.8,23244,0,0,0,0,616.132358137339
971qnclh(3),|971qnclh(3),100vjkpb(3),|971qnclh(3),|;19987.7,19864.8,20801.8,23244,0,0,0,0,621.132358137339
971qnclh(3),|971qnclh(3),100vjkpb(3),|971qnclh(3),|;19987.7,19864.8,20801.8,23244,0,0,0,0,626.132358137339
971qnclh(3),|971qnclh(3),|971qnclh(3),|;19987.7,20801.8,20801.8,23244,0,0,0,0,631.132358137339
971qnclh(3),|971qnclh(3),|971qnclh(3),|;19987.7,20801.8,20801.8,23244,0,0,0,0,636.132358137339
971qnclh(3),603hyncq(0),|971qnclh(3),603hyncq(0),|971qnclh(3),603hyncq(0),|603hyncq(0),;19460.3,18165,19219.7,22716.6,3.878173544622,14.562799536589,9.220486540605,3.878173544622,641.132358137339
971qnclh(3),|971qnclh(3),603hyncq(2),|971qnclh(3),603hyncq(2),|;19987.7,18165,19219.7,23244,0,9.562799536589,4.220486540605,0,646.132358137339
971qnclh(3),|971qnclh(3),603hyncq(2),|971qnclh(3),603hyncq(3),|;19987.7,18165,19219.7,23244,0,4.562799536589,0,0,651.132358137339
971qnclh(3),|971qnclh(3),603hyncq(3),|971qnclh(3),603hyncq(3),|;19987.7,18165,19219.7,23244,0,0,0,0,656.132358137339
971qnclh(3),|971qnclh(3),603hyncq(3),|971qnclh(3),603hyncq(3),|;19987.7,18165,19219.7,23244,0,0,0,0,661.132358137339
971qnclh(3),|971qnclh(3),603hyncq(3),|971qnclh(3),603hyncq(3),|;19987.7,18165,19219.7,23244,0,0,0,0,666.132358137339
971qnclh(3),|971qnclh(3),603hyncq(3),|971qnclh(3),603hyncq(3),|;19987.7,18165,19219.7,23244,0,0,0,0,671.132358137339
|603hyncq(3),|603hyncq(3),|;23244,20607.2,21661.9,23244,0,0,0,0,676.132358137339
|603hyncq(3),|603hyncq(3),|;23244,20607.2,21661.9,23244,0,0,0,0,681.132358137339
|603hyncq(3),|603hyncq(3),|;23244,20607.2,21661.9,23244,0,0,0,0,686.132358137339
|603hyncq(3),|603hyncq(3),|;23244,20607.2,21661.9,23244,0,0,0,0,691.132358137339
|603hyncq(3),|603hyncq(3),|;23244,20607.2,21661.9,23244,0,0,0,0,696.132358137339
|||;23244,23244,23244,23244,0,0,0,0,701.132358137339
|||;23244,23244,23244,23244,0,0,0,0,706.132358137339
|||;23244,23244,23244,23244,0,0,0,0,711.132358137339
|||;23244,23244,23244,23244,0,0,0,0,716.132358137339
|||;23244,23244,23244,23244,0,0,0,0,721.132358137339
|||;23244,23244,23244,23244,0,0,0,0,726.132358137339
|||;23244,23244,23244,23244,0,0,0,0,731.132358137339
|||;23244,23244,23244,23244,0,0,0,0,736.132358137339
|||;23244,23244,23244,23244,0,0,0,0,741.132358137339
|||;23244,23244,23244,23244,0,0,0,0,746.132358137339
|||;23244,23244,23244,23244,0,0,0,0,751.132358137339
151lfaig(2),|151lfaig(2),|151lfaig(2),|151lfaig(2),;21462.2,22056.2,22056.2,21462.2,6.313918235359,3.382958813673,3.382958813673,6.313918235359,756.132358137339
151lfaig(2),|||151lfaig(2),;21462.2,23244,23244,21462.2,1.313918235359,0,0,1.313918235359,761.132358137339
|||;23244,23244,23244,23244,0,0,0,0,766.132358137339
|||;23244,23244,23244,23244,0,0,0,0,771.132358137339
|||;23244,23244,23244,23244,0,0,0,0,776.132358137339
|||;23244,23244,23244,23244,0,0,0,0,781.132358137339
|||;23244,23244,23244,23244,0,0,0,0,786.132358137339
|||;23244,23244,23244,23244,0,0,0,0,791.132358137339
|||;23244,23244,23244,23244,0,0,0,0,796.132358137339
524hmjkg(2),|524hmjkg(2),|524hmjkg(2),|524hmjkg(2),;21380.3,21380.3,21380.3,21380.3,8.945079110472,8.945079110472,8.945079110472,8.945079110472,801.132358137339
524hmjkg(2),|524hmjkg(2),|524hmjkg(2),|524hmjkg(2),;21380.3,21380.3,21380.3,21380.3,3.945079110472,3.945079110472,3.945079110472,3.945079110472,806.132358137339
|||;23244,23244,23244,23244,0,0,0,0,811.132358137339
|||;23244,23244,23244,23244,0,0,0,0,816.132358137339
|||;23244,23244,23244,23244,0,0,0,0,821.132358137339
|||;23244,23244,23244,23244,0,0,0,0,826.132358137339
|||;23244,23244,23244,23244,0,0,0,0,831.132358137339
|||;23244,23244,23244,23244,0,0,0,0,836.132358137339
|||;23244,23244,23244,23244,0,0,0,0,841.132358137339
|||;23244,23244,23244,23244,0,0,0,0,846.132358137339
|||;23244,23244,23244,23244,0,0,0,0,851.132358137339
|||;23244,23244,23244,23244,0,0,0,0,856.132358137339
|||;23244,23244,23244,23244,0,0,0,0,861.132358137339
|||;23244,23244,23244,23244,0,0,0,0,866.132358137339
|||;23244,23244,23244,23244,0,0,0,0,871.132358137339
|||;23244,23244,23244,23244,0,0,0,0,876.132358137339
|||;23244,23244,23244,23244,0,0,0,0,881.132358137339
|||;23244,23244,23244,23244,0,0,0,0,886.132358137339
|||;23244,23244,23244,23244,0,0,0,0,891.132358137339
|||;23244,23244,23244,23244,0,0,0,0,896.132358137339
|||;23244,23244,23244,23244,0,0,0,0,901.132358137339
|||;23244,23244,23244,23244,0,0,0,0,906.132358137339
|||;23244,23244,23244,23244,0,0,0,0,911.132358137339
|||;23244,23244,23244,23244,0,0,0,0,916.132358137339
|||;23244,23244,23244,23244,0,0,0,0,921.132358137339
|||;23244,23244,23244,23244,0,0,0,0,926.132358137339
|||;23244,23244,23244,23244,0,0,0,0,931.132358137339
|||;23244,23244,23244,23244,0,0,0,0,936.132358137339
|||;23244,23244,23244,23244,0,0,0,0,941.132358137339
|||;23244,23244,23244,23244,0,0,0,0,946.132358137339
|||;23244,23244,23244,23244,0,0,0,0,951.132358137339
|||;23244,23244,23244,23244,0,0,0,0,956.132358137339
|||;23244,23244,23244,23244,0,0,0,0,961.132358137339
|||;23244,23244,23244,23244,0,0,0,0,966.132358137339
|||;23244,23244,23244,23244,0,0,0,0,971.132358137339
|||;23244,23244,23244,23244,0,0,0,0,976.132358137339
|||;23244,23244,23244,23244,0,0,0,0,981.132358137339
|||;23244,23244,23244,23244,0,0,0,0,986.132358137339
|||;23244,23244,23244,23244,0,0,0,0,991.132358137339
|||;23244,23244,23244,23244,0,0,0,0,996.132358137339
|||;23244,23244,23244,23244,0,0,0,0,1001.132358137339
|||;23244,23244,23244,23244,0,0,0,0,1006.132358137339
78zsylg(2),|78zsylg(2),|78zsylg(2),|78zsylg(2),;20310.2,21288.2,20310.2,21288.2,12.018328087553,7.065018465063,12.018328087553,7.065018465063,1011.132358137339
78zsylg(2),|78zsylg(2),|78zsylg(2),|78zsylg(2),;20310.2,21288.2,20310.2,21288.2,7.018328087553,2.065018465063,7.018328087553,2.065018465063,1016.132358137339
78zsylg(2),|78zsylg(3),|78zsylg(2),|78zsylg(3),;20310.2,21288.2,20310.2,21288.2,2.018328087553,0,2.018328087553,0,1021.132358137339
78zsylg(3),|78zsylg(3),|78zsylg(3),|78zsylg(3),;20310.2,21288.2,20310.2,21288.2,0,0,0,0,1026.132358137339
78zsylg(3),|78zsylg(3),|78zsylg(3),|78zsylg(3),;20310.2,21288.2,20310.2,21288.2,0,0,0,0,1031.132358137339
78zsylg(3),|78zsylg(3),|78zsylg(3),|78zsylg(3),;20310.2,21288.2,20310.2,21288.2,0,0,0,0,1036.132358137339
78zsylg(3),|78zsylg(3),|78zsylg(3),|78zsylg(3),;20310.2,21288.2,20310.2,21288.2,0,0,0,0,1041.132358137339
78zsylg(3),|78zsylg(3),|78zsylg(3),|78zsylg(3),;20310.2,21288.2,20310.2,21288.2,0,0,0,0,1046.132358137339
78zsylg(3),|78zsylg(3),|78zsylg(3),|78zsylg(3),;20310.2,21288.2,20310.2,21288.2,0,0,0,0,1051.132358137339
78zsylg(3),|78zsylg(3),|78zsylg(3),|78zsylg(3),;20310.2,21288.2,20310.2,21288.2,0,0,0,0,1056.132358137339
78zsylg(3),|78zsylg(3),|78zsylg(3),|78zsylg(3),;20310.2,21288.2,20310.2,21288.2,0,0,0,0,1061.132358137339
78zsylg(3),|78zsylg(3),|78zsylg(3),|78zsylg(3),19hbmfe(0),;20310.2,21288.2,20310.2,13464.8,0,0,0,41.655179950775,1066.132358137339
78zsylg(3),|78zsylg(3),|78zsylg(3),|78zsylg(3),19hbmfe(2),;20310.2,21288.2,20310.2,13464.8,0,0,0,36.655179950775,1071.132358137339
78zsylg(3),|78zsylg(3),|78zsylg(3),|78zsylg(3),19hbmfe(2),;20310.2,21288.2,20310.2,13464.8,0,0,0,31.655179950775,1076.132358137339
78zsylg(3),|78zsylg(3),|78zsylg(3),|78zsylg(3),19hbmfe(2),;20310.2,21288.2,20310.2,13464.8,0,0,0,26.655179950775,1081.132358137339
78zsylg(3),|78zsylg(3),|78zsylg(3),|78zsylg(3),19hbmfe(2),;20310.2,21288.2,20310.2,13464.8,0,0,0,21.655179950775,1086.132358137339
78zsylg(3),|78zsylg(3),|78zsylg(3),|78zsylg(3),19hbmfe(2),;20310.2,21288.2,20310.2,13464.8,0,0,0,16.655179950775,1091.132358137339
78zsylg(3),|78zsylg(3),|78zsylg(3),|78zsylg(3),19hbmfe(2),;20310.2,21288.2,20310.2,13464.8,0,0,0,11.655179950775,1096.132358137339
78zsylg(3),|78zsylg(3),|78zsylg(3),|78zsylg(3),19hbmfe(2),;20310.2,21288.2,20310.2,13464.8,0,0,0,6.655179950775,1101.132358137339
78zsylg(3),|78zsylg(3),|78zsylg(3),|78zsylg(3),19hbmfe(2),;20310.2,21288.2,20310.2,13464.8,0,0,0,1.655179950775,1106.132358137339
78zsylg(3),|78zsylg(3),|78zsylg(3),|78zsylg(3),19hbmfe(3),;20310.2,21288.2,20310.2,13464.8,0,0,0,0,1111.132358137339
78zsylg(3),|78zsylg(3),|78zsylg(3),|78zsylg(3),19hbmfe(3),;20310.2,21288.2,20310.2,13464.8,0,0,0,0,1116.132358137339
78zsylg(3),|78zsylg(3),|78zsylg(3),|78zsylg(3),19hbmfe(3),;20310.2,21288.2,20310.2,13464.8,0,0,0,0,1121.132358137339
78zsylg(3),|78zsylg(3),|78zsylg(3),|78zsylg(3),19hbmfe(3),;20310.2,21288.2,20310.2,13464.8,0,0,0,0,1126.132358137339
78zsylg(3),|78zsylg(3),|78zsylg(3),|78zsylg(3),19hbmfe(3),;20310.2,21288.2,20310.2,13464.8,0,0,0,0,1131.132358137339
78zsylg(3),|78zsylg(3),|78zsylg(3),|78zsylg(3),19hbmfe(3),;20310.2,21288.2,20310.2,13464.8,0,0,0,0,1136.132358137339
78zsylg(3),|78zsylg(3),|78zsylg(3),|78zsylg(3),19hbmfe(3),;20310.2,21288.2,20310.2,13464.8,0,0,0,0,1141.132358137339
78zsylg(3),|78zsylg(3),|78zsylg(3),|78zsylg(3),19hbmfe(3),;20310.2,21288.2,20310.2,13464.8,0,0,0,0,1146.132358137339
78zsylg(3),|78zsylg(3),|78zsylg(3),|78zsylg(3),19hbmfe(3),;20310.2,21288.2,20310.2,13464.8,0,0,0,0,1151.132358137339
78zsylg(3),|78zsylg(3),|78zsylg(3),|78zsylg(3),19hbmfe(3),;20310.2,21288.2,20310.2,13464.8,0,0,0,0,1156.132358137339
78zsylg(3),|78zsylg(3),|78zsylg(3),|78zsylg(3),19hbmfe(3),;20310.2,21288.2,20310.2,13464.8,0,0,0,0,1161.132358137339
78zsylg(3),|78zsylg(3),|78zsylg(3),|78zsylg(3),19hbmfe(3),;20310.2,21288.2,20310.2,13464.8,0,0,0,0,1166.132358137339
78zsylg(3),|78zsylg(3),|78zsylg(3),|78zsylg(3),19hbmfe(3),;20310.2,21288.2,20310.2,13464.8,0,0,0,0,1171.132358137339
78zsylg(3),|78zsylg(3),|78zsylg(3),|78zsylg(3),19hbmfe(3),;20310.2,21288.2,20310.2,13464.8,0,0,0,0,1176.132358137339
78zsylg(3),8rmilt(0),|78zsylg(3),8rmilt(0),|78zsylg(3),8rmilt(0),|78zsylg(3),19hbmfe(3),8rmilt(0),;18385.1,19363.1,17422.5,10577.1,10.584932987859,10.584932987859,15.46044193565,15.46044193565,1181.132358137339
78zsylg(3),8rmilt(2),|78zsylg(3),8rmilt(2),|78zsylg(3),8rmilt(2),|78zsylg(3),19hbmfe(3),8rmilt(2),;18385.1,19363.1,17422.5,10577.1,5.584932987859,5.584932987859,10.46044193565,10.46044193565,1186.132358137339
78zsylg(3),8rmilt(2),|78zsylg(3),8rmilt(2),|78zsylg(3),8rmilt(2),|78zsylg(3),19hbmfe(3),8rmilt(2),;18385.1,19363.1,17422.5,10577.1,0.584932987859,0.584932987859,5.46044193565,5.46044193565,1191.132358137339
78zsylg(3),8rmilt(3),|78zsylg(3),8rmilt(3),|78zsylg(3),8rmilt(3),|78zsylg(3),19hbmfe(3),8rmilt(3),;18385.1,19363.1,17422.5,10577.1,0,0,0.46044193565,0.46044193565,1196.132358137339
78zsylg(3),8rmilt(3),|78zsylg(3),8rmilt(3),|78zsylg(3),8rmilt(3),|78zsylg(3),19hbmfe(3),8rmilt(3),;18385.1,19363.1,17422.5,10577.1,0,0,0,0,1201.132358137339
78zsylg(3),8rmilt(3),|78zsylg(3),8rmilt(3),|78zsylg(3),8rmilt(3),|78zsylg(3),19hbmfe(3),8rmilt(3),;18385.1,19363.1,17422.5,10577.1,0,0,0,0,1206.132358137339
78zsylg(3),8rmilt(3),|78zsylg(3),8rmilt(3),|78zsylg(3),8rmilt(3),|78zsylg(3),19hbmfe(3),8rmilt(3),;18385.1,19363.1,17422.5,10577.1,0,0,0,0,1211.132358137339
78zsylg(3),8rmilt(3),|78zsylg(3),8rmilt(3),|78zsylg(3),8rmilt(3),|78zsylg(3),19hbmfe(3),8rmilt(3),;18385.1,19363.1,17422.5,10577.1,0,0,0,0,1216.132358137339
78zsylg(3),8rmilt(3),|78zsylg(3),8rmilt(3),|78zsylg(3),8rmilt(3),|78zsylg(3),19hbmfe(3),8rmilt(3),;18385.1,19363.1,17422.5,10577.1,0,0,0,0,1221.132358137339
78zsylg(3),8rmilt(3),144owird(2),|78zsylg(3),8rmilt(3),144owird(2),|78zsylg(3),8rmilt(3),144owird(2),|78zsylg(3),8rmilt(3),;15338.7,18753.8,14985.4,18400.5,15.157856458404,2.813482739528,12.071763028685,0,1226.132358137339
78zsylg(3),8rmilt(3),144owird(2),|78zsylg(3),8rmilt(3),|78zsylg(3),8rmilt(3),144owird(2),|78zsylg(3),8rmilt(3),;15338.7,19363.1,14985.4,18400.5,10.157856458404,0,7.071763028685,0,1231.132358137339
78zsylg(3),8rmilt(3),144owird(2),|78zsylg(3),8rmilt(3),|78zsylg(3),8rmilt(3),144owird(2),|78zsylg(3),8rmilt(3),;15338.7,19363.1,14985.4,18400.5,5.157856458404,0,2.071763028685,0,1236.132358137339
78zsylg(3),8rmilt(3),144owird(3),|78zsylg(3),8rmilt(3),|78zsylg(3),8rmilt(3),144owird(3),|78zsylg(3),8rmilt(3),;15338.7,19363.1,14985.4,18400.5,0.157856458404,0,0,0,1241.132358137339
78zsylg(3),8rmilt(3),|78zsylg(3),8rmilt(3),|78zsylg(3),8rmilt(3),|78zsylg(3),8rmilt(3),;18385.1,19363.1,17422.5,18400.5,0,0,0,0,1246.132358137339
78zsylg(3),8rmilt(3),|78zsylg(3),8rmilt(3),|78zsylg(3),8rmilt(3),|78zsylg(3),8rmilt(3),;18385.1,19363.1,17422.5,18400.5,0,0,0,0,1251.132358137339
78zsylg(3),8rmilt(3),|78zsylg(3),8rmilt(3),|78zsylg(3),8rmilt(3),|78zsylg(3),8rmilt(3),;18385.1,19363.1,17422.5,18400.5,0,0,0,0,1256.132358137339
78zsylg(3),8rmilt(3),|78zsylg(3),8rmilt(3),|78zsylg(3),8rmilt(3),|78zsylg(3),8rmilt(3),;18385.1,19363.1,17422.5,18400.5,0,0,0,0,1261.132358137339
78zsylg(3),8rmilt(3),|78zsylg(3),8rmilt(3),|78zsylg(3),8rmilt(3),|78zsylg(3),8rmilt(3),;18385.1,19363.1,17422.5,18400.5,0,0,0,0,1266.132358137339
78zsylg(3),8rmilt(3),|78zsylg(3),8rmilt(3),|78zsylg(3),8rmilt(3),|78zsylg(3),8rmilt(3),;18385.1,19363.1,17422.5,18400.5,0,0,0,0,1271.132358137339
78zsylg(3),8rmilt(3),|78zsylg(3),8rmilt(3),|78zsylg(3),8rmilt(3),|78zsylg(3),8rmilt(3),;18385.1,19363.1,17422.5,18400.5,0,0,0,0,1276.132358137339
78zsylg(3),8rmilt(3),|78zsylg(3),8rmilt(3),|78zsylg(3),8rmilt(3),|78zsylg(3),8rmilt(3),;18385.1,19363.1,17422.5,18400.5,0,0,0,0,1281.132358137339
78zsylg(3),8rmilt(3),|78zsylg(3),8rmilt(3),|78zsylg(3),8rmilt(3),|78zsylg(3),8rmilt(3),;18385.1,19363.1,17422.5,18400.5,0,0,0,0,1286.132358137339
78zsylg(3),8rmilt(3),|78zsylg(3),8rmilt(3),|78zsylg(3),8rmilt(3),|78zsylg(3),8rmilt(3),;18385.1,19363.1,17422.5,18400.5,0,0,0,0,1291.132358137339
78zsylg(3),8rmilt(3),|78zsylg(3),8rmilt(3),|78zsylg(3),8rmilt(3),|78zsylg(3),8rmilt(3),;18385.1,19363.1,17422.5,18400.5,0,0,0,0,1296.132358137339
78zsylg(3),8rmilt(3),|78zsylg(3),8rmilt(3),|78zsylg(3),8rmilt(3),|78zsylg(3),8rmilt(3),;18385.1,19363.1,17422.5,18400.5,0,0,0,0,1301.132358137339
78zsylg(3),8rmilt(3),|78zsylg(3),8rmilt(3),|78zsylg(3),8rmilt(3),|78zsylg(3),8rmilt(3),;18385.1,19363.1,17422.5,18400.5,0,0,0,0,1306.132358137339
78zsylg(3),8rmilt(3),|78zsylg(3),8rmilt(3),|78zsylg(3),8rmilt(3),|78zsylg(3),8rmilt(3),;18385.1,19363.1,17422.5,18400.5,0,0,0,0,1311.132358137339
78zsylg(3),8rmilt(3),|78zsylg(3),8rmilt(3),|78zsylg(3),8rmilt(3),|78zsylg(3),8rmilt(3),;18385.1,19363.1,17422.5,18400.5,0,0,0,0,1316.132358137339
78zsylg(3),8rmilt(3),|78zsylg(3),8rmilt(3),|78zsylg(3),8rmilt(3),|78zsylg(3),8rmilt(3),;18385.1,19363.1,17422.5,18400.5,0,0,0,0,1321.132358137339
78zsylg(3),8rmilt(3),|78zsylg(3),8rmilt(3),|78zsylg(3),8rmilt(3),|78zsylg(3),8rmilt(3),;18385.1,19363.1,17422.5,18400.5,0,0,0,0,1326.132358137339
78zsylg(3),8rmilt(3),|78zsylg(3),8rmilt(3),|78zsylg(3),8rmilt(3),|78zsylg(3),8rmilt(3),;18385.1,19363.1,17422.5,18400.5,0,0,0,0,1331.132358137339
78zsylg(3),8rmilt(3),|78zsylg(3),8rmilt(3),|78zsylg(3),8rmilt(3),|78zsylg(3),8rmilt(3),;18385.1,19363.1,17422.5,18400.5,0,0,0,0,1336.132358137339
78zsylg(3),8rmilt(3),|78zsylg(3),8rmilt(3),|78zsylg(3),8rmilt(3),|78zsylg(3),8rmilt(3),;18385.1,19363.1,17422.5,18400.5,0,0,0,0,1341.132358137339
78zsylg(3),8rmilt(3),|78zsylg(3),8rmilt(3),|78zsylg(3),8rmilt(3),|78zsylg(3),8rmilt(3),;18385.1,19363.1,17422.5,18400.5,0,0,0,0,1346.132358137339
78zsylg(3),8rmilt(3),|78zsylg(3),8rmilt(3),|78zsylg(3),8rmilt(3),|78zsylg(3),8rmilt(3),;18385.1,19363.1,17422.5,18400.5,0,0,0,0,1351.132358137339
78zsylg(3),8rmilt(3),|78zsylg(3),8rmilt(3),|78zsylg(3),8rmilt(3),|78zsylg(3),8rmilt(3),;18385.1,19363.1,17422.5,18400.5,0,0,0,0,1356.132358137339
78zsylg(3),8rmilt(3),|78zsylg(3),8rmilt(3),|78zsylg(3),8rmilt(3),|78zsylg(3),8rmilt(3),;18385.1,19363.1,17422.5,18400.5,0,0,0,0,1361.132358137339
78zsylg(3),8rmilt(3),|78zsylg(3),8rmilt(3),|78zsylg(3),8rmilt(3),|78zsylg(3),8rmilt(3),;18385.1,19363.1,17422.5,18400.5,0,0,0,0,1366.132358137339
78zsylg(3),8rmilt(3),|78zsylg(3),8rmilt(3),|78zsylg(3),8rmilt(3),|78zsylg(3),8rmilt(3),;18385.1,19363.1,17422.5,18400.5,0,0,0,0,1371.132358137339
78zsylg(3),8rmilt(3),|78zsylg(3),8rmilt(3),|78zsylg(3),8rmilt(3),|78zsylg(3),8rmilt(3),;18385.1,19363.1,17422.5,18400.5,0,0,0,0,1376.132358137339
78zsylg(3),8rmilt(3),|78zsylg(3),8rmilt(3),|78zsylg(3),8rmilt(3),|78zsylg(3),8rmilt(3),;18385.1,19363.1,17422.5,18400.5,0,0,0,0,1381.132358137339
78zsylg(3),8rmilt(3),|78zsylg(3),8rmilt(3),|78zsylg(3),8rmilt(3),|78zsylg(3),8rmilt(3),;18385.1,19363.1,17422.5,18400.5,0,0,0,0,1386.132358137339
78zsylg(3),8rmilt(3),|78zsylg(3),8rmilt(3),|78zsylg(3),8rmilt(3),|78zsylg(3),8rmilt(3),;18385.1,19363.1,17422.5,18400.5,0,0,0,0,1391.132358137339
78zsylg(3),8rmilt(3),|78zsylg(3),8rmilt(3),|78zsylg(3),8rmilt(3),|78zsylg(3),8rmilt(3),;18385.1,19363.1,17422.5,18400.5,0,0,0,0,1396.132358137339
78zsylg(3),8rmilt(3),|78zsylg(3),8rmilt(3),|78zsylg(3),8rmilt(3),|78zsylg(3),8rmilt(3),;18385.1,19363.1,17422.5,18400.5,0,0,0,0,1401.132358137339
78zsylg(3),8rmilt(3),|78zsylg(3),8rmilt(3),|78zsylg(3),8rmilt(3),|78zsylg(3),8rmilt(3),;18385.1,19363.1,17422.5,18400.5,0,0,0,0,1406.132358137339
78zsylg(3),8rmilt(3),|78zsylg(3),8rmilt(3),|78zsylg(3),8rmilt(3),|78zsylg(3),8rmilt(3),;18385.1,19363.1,17422.5,18400.5,0,0,0,0,1411.132358137339
78zsylg(3),8rmilt(3),|78zsylg(3),8rmilt(3),|78zsylg(3),8rmilt(3),|78zsylg(3),8rmilt(3),;18385.1,19363.1,17422.5,18400.5,0,0,0,0,1416.132358137339
78zsylg(3),8rmilt(3),|78zsylg(3),8rmilt(3),|78zsylg(3),8rmilt(3),|78zsylg(3),8rmilt(3),;18385.1,19363.1,17422.5,18400.5,0,0,0,0,1421.132358137339
78zsylg(3),8rmilt(3),|78zsylg(3),8rmilt(3),|78zsylg(3),8rmilt(3),|78zsylg(3),8rmilt(3),;18385.1,19363.1,17422.5,18400.5,0,0,0,0,1426.132358137339
78zsylg(3),8rmilt(3),|78zsylg(3),8rmilt(3),|78zsylg(3),8rmilt(3),|78zsylg(3),8rmilt(3),;18385.1,19363.1,17422.5,18400.5,0,0,0,0,1431.132358137339
78zsylg(3),8rmilt(3),|78zsylg(3),8rmilt(3),|78zsylg(3),8rmilt(3),|78zsylg(3),8rmilt(3),;18385.1,19363.1,17422.5,18400.5,0,0,0,0,1436.132358137339
78zsylg(3),8rmilt(3),|78zsylg(3),8rmilt(3),|78zsylg(3),8rmilt(3),|78zsylg(3),8rmilt(3),;18385.1,19363.1,17422.5,18400.5,0,0,0,0,1441.132358137339
78zsylg(3),8rmilt(3),|78zsylg(3),8rmilt(3),|78zsylg(3),8rmilt(3),|78zsylg(3),8rmilt(3),;18385.1,19363.1,17422.5,18400.5,0,0,0,0,1446.132358137339
78zsylg(3),8rmilt(3),|78zsylg(3),8rmilt(3),|78zsylg(3),8rmilt(3),|78zsylg(3),8rmilt(3),;18385.1,19363.1,17422.5,18400.5,0,0,0,0,1451.132358137339
78zsylg(3),8rmilt(3),|78zsylg(3),8rmilt(3),|78zsylg(3),8rmilt(3),|78zsylg(3),8rmilt(3),;18385.1,19363.1,17422.5,18400.5,0,0,0,0,1456.132358137339
78zsylg(3),8rmilt(3),|78zsylg(3),8rmilt(3),|78zsylg(3),8rmilt(3),|78zsylg(3),8rmilt(3),;18385.1,19363.1,17422.5,18400.5,0,0,0,0,1461.132358137339
78zsylg(3),8rmilt(3),|78zsylg(3),8rmilt(3),|78zsylg(3),8rmilt(3),|78zsylg(3),8rmilt(3),;18385.1,19363.1,17422.5,18400.5,0,0,0,0,1466.132358137339
78zsylg(3),8rmilt(3),|78zsylg(3),8rmilt(3),|78zsylg(3),8rmilt(3),|78zsylg(3),8rmilt(3),;18385.1,19363.1,17422.5,18400.5,0,0,0,0,1471.132358137339
78zsylg(3),8rmilt(3),|78zsylg(3),8rmilt(3),|78zsylg(3),8rmilt(3),|78zsylg(3),8rmilt(3),;18385.1,19363.1,17422.5,18400.5,0,0,0,0,1476.132358137339
78zsylg(3),8rmilt(3),|78zsylg(3),8rmilt(3),|78zsylg(3),8rmilt(3),|78zsylg(3),8rmilt(3),;18385.1,19363.1,17422.5,18400.5,0,0,0,0,1481.132358137339
78zsylg(3),8rmilt(3),|78zsylg(3),8rmilt(3),|78zsylg(3),8rmilt(3),|78zsylg(3),8rmilt(3),;18385.1,19363.1,17422.5,18400.5,0,0,0,0,1486.132358137339
78zsylg(3),8rmilt(3),|78zsylg(3),8rmilt(3),|78zsylg(3),8rmilt(3),|78zsylg(3),8rmilt(3),;18385.1,19363.1,17422.5,18400.5,0,0,0,0,1491.132358137339
78zsylg(3),8rmilt(3),|78zsylg(3),8rmilt(3),|78zsylg(3),8rmilt(3),|78zsylg(3),8rmilt(3),;18385.1,19363.1,17422.5,18400.5,0,0,0,0,1496.132358137339
78zsylg(3),8rmilt(3),|78zsylg(3),8rmilt(3),|78zsylg(3),8rmilt(3),|78zsylg(3),8rmilt(3),;18385.1,19363.1,17422.5,18400.5,0,0,0,0,1501.132358137339
78zsylg(3),8rmilt(3),|78zsylg(3),8rmilt(3),|78zsylg(3),8rmilt(3),|78zsylg(3),8rmilt(3),;18385.1,19363.1,17422.5,18400.5,0,0,0,0,1506.132358137339
78zsylg(3),8rmilt(3),|78zsylg(3),8rmilt(3),|78zsylg(3),8rmilt(3),|78zsylg(3),8rmilt(3),;18385.1,19363.1,17422.5,18400.5,0,0,0,0,1511.132358137339
78zsylg(3),8rmilt(3),|78zsylg(3),8rmilt(3),|78zsylg(3),8rmilt(3),|78zsylg(3),8rmilt(3),;18385.1,19363.1,17422.5,18400.5,0,0,0,0,1516.132358137339
78zsylg(3),8rmilt(3),|78zsylg(3),8rmilt(3),|78zsylg(3),8rmilt(3),|78zsylg(3),8rmilt(3),;18385.1,19363.1,17422.5,18400.5,0,0,0,0,1521.132358137339
78zsylg(3),8rmilt(3),|78zsylg(3),8rmilt(3),|78zsylg(3),8rmilt(3),|78zsylg(3),8rmilt(3),;18385.1,19363.1,17422.5,18400.5,0,0,0,0,1526.132358137339
78zsylg(3),8rmilt(3),|78zsylg(3),8rmilt(3),|78zsylg(3),8rmilt(3),|78zsylg(3),8rmilt(3),;18385.1,19363.1,17422.5,18400.5,0,0,0,0,1531.132358137339
78zsylg(3),8rmilt(3),|78zsylg(3),8rmilt(3),|78zsylg(3),8rmilt(3),|78zsylg(3),8rmilt(3),;18385.1,19363.1,17422.5,18400.5,0,0,0,0,1536.132358137339
78zsylg(3),8rmilt(3),|78zsylg(3),8rmilt(3),|78zsylg(3),8rmilt(3),|78zsylg(3),8rmilt(3),;18385.1,19363.1,17422.5,18400.5,0,0,0,0,1541.132358137339
78zsylg(3),8rmilt(3),|78zsylg(3),8rmilt(3),|78zsylg(3),8rmilt(3),|78zsylg(3),8rmilt(3),;18385.1,19363.1,17422.5,18400.5,0,0,0,0,1546.132358137339
78zsylg(3),8rmilt(3),|78zsylg(3),8rmilt(3),|78zsylg(3),8rmilt(3),|78zsylg(3),8rmilt(3),;18385.1,19363.1,17422.5,18400.5,0,0,0,0,1551.132358137339
78zsylg(3),8rmilt(3),|78zsylg(3),8rmilt(3),|78zsylg(3),8rmilt(3),|78zsylg(3),8rmilt(3),;18385.1,19363.1,17422.5,18400.5,0,0,0,0,1556.132358137339
78zsylg(3),8rmilt(3),|78zsylg(3),8rmilt(3),|78zsylg(3),8rmilt(3),|78zsylg(3),8rmilt(3),;18385.1,19363.1,17422.5,18400.5,0,0,0,0,1561.132358137339
78zsylg(3),8rmilt(3),|78zsylg(3),8rmilt(3),|78zsylg(3),8rmilt(3),|78zsylg(3),8rmilt(3),;18385.1,19363.1,17422.5,18400.5,0,0,0,0,1566.132358137339
78zsylg(3),8rmilt(3),|78zsylg(3),8rmilt(3),|78zsylg(3),8rmilt(3),|78zsylg(3),8rmilt(3),;18385.1,19363.1,17422.5,18400.5,0,0,0,0,1571.132358137339
78zsylg(3),8rmilt(3),|78zsylg(3),8rmilt(3),|78zsylg(3),8rmilt(3),|78zsylg(3),8rmilt(3),;18385.1,19363.1,17422.5,18400.5,0,0,0,0,1576.132358137339
78zsylg(3),8rmilt(3),|78zsylg(3),8rmilt(3),|78zsylg(3),8rmilt(3),|78zsylg(3),8rmilt(3),;18385.1,19363.1,17422.5,18400.5,0,0,0,0,1581.132358137339
78zsylg(3),8rmilt(3),|78zsylg(3),8rmilt(3),|78zsylg(3),8rmilt(3),|78zsylg(3),8rmilt(3),;18385.1,19363.1,17422.5,18400.5,0,0,0,0,1586.132358137339
78zsylg(3),8rmilt(3),|78zsylg(3),8rmilt(3),|78zsylg(3),8rmilt(3),|78zsylg(3),8rmilt(3),;18385.1,19363.1,17422.5,18400.5,0,0,0,0,1591.132358137339
78zsylg(3),8rmilt(3),|78zsylg(3),8rmilt(3),|78zsylg(3),8rmilt(3),|78zsylg(3),8rmilt(3),;18385.1,19363.1,17422.5,18400.5,0,0,0,0,1596.132358137339
78zsylg(3),8rmilt(3),|78zsylg(3),8rmilt(3),|78zsylg(3),8rmilt(3),|78zsylg(3),8rmilt(3),;18385.1,19363.1,17422.5,18400.5,0,0,0,0,1601.132358137339
78zsylg(3),8rmilt(3),|78zsylg(3),8rmilt(3),|78zsylg(3),8rmilt(3),|78zsylg(3),8rmilt(3),;18385.1,19363.1,17422.5,18400.5,0,0,0,0,1606.132358137339
78zsylg(3),8rmilt(3),|78zsylg(3),8rmilt(3),|78zsylg(3),8rmilt(3),|78zsylg(3),8rmilt(3),;18385.1,19363.1,17422.5,18400.5,0,0,0,0,1611.132358137339
78zsylg(3),8rmilt(3),|78zsylg(3),8rmilt(3),|78zsylg(3),8rmilt(3),|78zsylg(3),8rmilt(3),;18385.1,19363.1,17422.5,18400.5,0,0,0,0,1616.132358137339
78zsylg(3),8rmilt(3),|78zsylg(3),8rmilt(3),|78zsylg(3),8rmilt(3),|78zsylg(3),8rmilt(3),;18385.1,19363.1,17422.5,18400.5,0,0,0,0,1621.132358137339
78zsylg(3),8rmilt(3),|78zsylg(3),8rmilt(3),|78zsylg(3),8rmilt(3),|78zsylg(3),8rmilt(3),;18385.1,19363.1,17422.5,18400.5,0,0,0,0,1626.132358137339
78zsylg(3),8rmilt(3),|78zsylg(3),8rmilt(3),|78zsylg(3),8rmilt(3),|78zsylg(3),8rmilt(3),;18385.1,19363.1,17422.5,18400.5,0,0,0,0,1631.132358137339
78zsylg(3),8rmilt(3),|78zsylg(3),8rmilt(3),|78zsylg(3),8rmilt(3),|78zsylg(3),8rmilt(3),;18385.1,19363.1,17422.5,18400.5,0,0,0,0,1636.132358137339
78zsylg(3),8rmilt(3),254anlbr(2),|78zsylg(3),8rmilt(3),|78zsylg(3),8rmilt(3),|78zsylg(3),8rmilt(3),;16716,19363.1,17422.5,18400.5,6.077491745303,0,0,0,1641.132358137339
78zsylg(3),8rmilt(3),254anlbr(2),|78zsylg(3),8rmilt(3),|78zsylg(3),8rmilt(3),|78zsylg(3),8rmilt(3),;16716,19363.1,17422.5,18400.5,1.077491745303,0,0,0,1646.132358137339
78zsylg(3),8rmilt(3),|78zsylg(3),8rmilt(3),|78zsylg(3),8rmilt(3),|78zsylg(3),8rmilt(3),;18385.1,19363.1,17422.5,18400.5,0,0,0,0,1651.132358137339
78zsylg(3),8rmilt(3),|78zsylg(3),8rmilt(3),|78zsylg(3),8rmilt(3),|78zsylg(3),8rmilt(3),;18385.1,19363.1,17422.5,18400.5,0,0,0,0,1656.132358137339
78zsylg(3),8rmilt(3),|78zsylg(3),8rmilt(3),|78zsylg(3),8rmilt(3),|78zsylg(3),8rmilt(3),;18385.1,19363.1,17422.5,18400.5,0,0,0,0,1661.132358137339
78zsylg(3),8rmilt(3),|78zsylg(3),8rmilt(3),|78zsylg(3),8rmilt(3),|78zsylg(3),8rmilt(3),;18385.1,19363.1,17422.5,18400.5,0,0,0,0,1666.132358137339
78zsylg(3),8rmilt(3),|78zsylg(3),8rmilt(3),|78zsylg(3),8rmilt(3),|78zsylg(3),8rmilt(3),;18385.1,19363.1,17422.5,18400.5,0,0,0,0,1671.132358137339
78zsylg(3),8rmilt(3),|78zsylg(3),8rmilt(3),|78zsylg(3),8rmilt(3),|78zsylg(3),8rmilt(3),;18385.1,19363.1,17422.5,18400.5,0,0,0,0,1676.132358137339
78zsylg(3),8rmilt(3),|78zsylg(3),8rmilt(3),|78zsylg(3),8rmilt(3),|78zsylg(3),8rmilt(3),;18385.1,19363.1,17422.5,18400.5,0,0,0,0,1681.132358137339
78zsylg(3),8rmilt(3),|78zsylg(3),8rmilt(3),|78zsylg(3),8rmilt(3),|78zsylg(3),8rmilt(3),;18385.1,19363.1,17422.5,18400.5,0,0,0,0,1686.132358137339
78zsylg(3),8rmilt(3),|78zsylg(3),8rmilt(3),|78zsylg(3),8rmilt(3),|78zsylg(3),8rmilt(3),;18385.1,19363.1,17422.5,18400.5,0,0,0,0,1691.132358137339
78zsylg(3),8rmilt(3),|78zsylg(3),8rmilt(3),|78zsylg(3),8rmilt(3),|78zsylg(3),8rmilt(3),;18385.1,19363.1,17422.5,18400.5,0,0,0,0,1696.132358137339
78zsylg(3),8rmilt(3),|78zsylg(3),8rmilt(3),|78zsylg(3),8rmilt(3),|78zsylg(3),8rmilt(3),;18385.1,19363.1,17422.5,18400.5,0,0,0,0,1701.132358137339
78zsylg(3),8rmilt(3),|78zsylg(3),8rmilt(3),|78zsylg(3),8rmilt(3),|78zsylg(3),8rmilt(3),;18385.1,19363.1,17422.5,18400.5,0,0,0,0,1706.132358137339
78zsylg(3),8rmilt(3),|78zsylg(3),8rmilt(3),|78zsylg(3),8rmilt(3),|78zsylg(3),8rmilt(3),;18385.1,19363.1,17422.5,18400.5,0,0,0,0,1711.132358137339
78zsylg(3),8rmilt(3),|78zsylg(3),8rmilt(3),|78zsylg(3),8rmilt(3),|78zsylg(3),8rmilt(3),;18385.1,19363.1,17422.5,18400.5,0,0,0,0,1716.132358137339
78zsylg(3),8rmilt(3),|78zsylg(3),8rmilt(3),|78zsylg(3),8rmilt(3),|78zsylg(3),8rmilt(3),;18385.1,19363.1,17422.5,18400.5,0,0,0,0,1721.132358137339
78zsylg(3),8rmilt(3),|78zsylg(3),8rmilt(3),|78zsylg(3),8rmilt(3),|78zsylg(3),8rmilt(3),;18385.1,19363.1,17422.5,18400.5,0,0,0,0,1726.132358137339
|||;23244,23244,23244,23244,0,0,0,0,1731.132358137339
|||;23244,23244,23244,23244,0,0,0,0,1736.132358137339
|||;23244,23244,23244,23244,0,0,0,0,1741.132358137339
|||;23244,23244,23244,23244,0,0,0,0,1746.132358137339
|||;23244,23244,23244,23244,0,0,0,0,1751.132358137339
|||;23244,23244,23244,23244,0,0,0,0,1756.132358137339
|||;23244,23244,23244,23244,0,0,0,0,1761.132358137339
|||;23244,23244,23244,23244,0,0,0,0,1766.132358137339
|||;23244,23244,23244,23244,0,0,0,0,1771.132358137339
|||;23244,23244,23244,23244,0,0,0,0,1776.132358137339
|||;23244,23244,23244,23244,0,0,0,0,1781.132358137339
|||;23244,23244,23244,23244,0,0,0,0,1786.132358137339
|||;23244,23244,23244,23244,0,0,0,0,1791.132358137339
|||;23244,23244,23244,23244,0,0,0,0,1796.132358137339
|||;23244,23244,23244,23244,0,0,0,0,1801.132358137339
|||;23244,23244,23244,23244,0,0,0,0,1806.132358137339
|||;23244,23244,23244,23244,0,0,0,0,1811.132358137339
|||;23244,23244,23244,23244,0,0,0,0,1816.132358137339
|||;23244,23244,23244,23244,0,0,0,0,1821.132358137339
|||;23244,23244,23244,23244,0,0,0,0,1826.132358137339
|||;23244,23244,23244,23244,0,0,0,0,1831.132358137339
|||;23244,23244,23244,23244,0,0,0,0,1836.132358137339
|||;23244,23244,23244,23244,0,0,0,0,1841.132358137339
|||;23244,23244,23244,23244,0,0,0,0,1846.132358137339
884zrhcs(2),|884zrhcs(2),|884zrhcs(2),|884zrhcs(2),;21687.5,21687.5,20909.3,20909.3,5.995762332619,5.995762332619,9.836329850691,9.836329850691,1851.132358137339
884zrhcs(2),|884zrhcs(2),|884zrhcs(2),|884zrhcs(2),;21687.5,21687.5,20909.3,20909.3,0.995762332619,0.995762332619,4.836329850691,4.836329850691,1856.132358137339
|||;23244,23244,23244,23244,0,0,0,0,1861.132358137339
|||;23244,23244,23244,23244,0,0,0,0,1866.132358137339
|||;23244,23244,23244,23244,0,0,0,0,1871.132358137339
|||;23244,23244,23244,23244,0,0,0,0,1876.132358137339
|||;23244,23244,23244,23244,0,0,0,0,1881.132358137339
|||;23244,23244,23244,23244,0,0,0,0,1886.132358137339
|||;23244,23244,23244,23244,0,0,0,0,1891.132358137339
|||;23244,23244,23244,23244,0,0,0,0,1896.132358137339
|||;23244,23244,23244,23244,0,0,0,0,1901.132358137339
|||;23244,23244,23244,23244,0,0,0,0,1906.132358137339
|||;23244,23244,23244,23244,0,0,0,0,1911.132358137339
|||;23244,23244,23244,23244,0,0,0,0,1916.132358137339
|||;23244,23244,23244,23244,0,0,0,0,1921.132358137339
|||;23244,23244,23244,23244,0,0,0,0,1926.132358137339
|||;23244,23244,23244,23244,0,0,0,0,1931.132358137339
|||;23244,23244,23244,23244,0,0,0,0,1936.132358137339
|||;23244,23244,23244,23244,0,0,0,0,1941.132358137339
|||;23244,23244,23244,23244,0,0,0,0,1946.132358137339
|||;23244,23244,23244,23244,0,0,0,0,1951.132358137339
|||;23244,23244,23244,23244,0,0,0,0,1956.132358137339
|||;23244,23244,23244,23244,0,0,0,0,1961.132358137339
|||;23244,23244,23244,23244,0,0,0,0,1966.132358137339
|||;23244,23244,23244,23244,0,0,0,0,1971.132358137339
|||;23244,23244,23244,23244,0,0,0,0,1976.132358137339
|||;23244,23244,23244,23244,0,0,0,0,1981.132358137339
|||;23244,23244,23244,23244,0,0,0,0,1986.132358137339
|||;23244,23244,23244,23244,0,0,0,0,1991.132358137339
|||;23244,23244,23244,23244,0,0,0,0,1996.132358137339
