|||;28774,28774,28774,28774,0,0,0,0,1.066673642287
|||;28774,28774,28774,28774,0,0,0,0,6.066673642287
|||;28774,28774,28774,28774,0,0,0,0,11.066673642287
|||;28774,28774,28774,28774,0,0,0,0,16.066673642287
|||;28774,28774,28774,28774,0,0,0,0,21.066673642287
|||;28774,28774,28774,28774,0,0,0,0,26.066673642287
|||;28774,28774,28774,28774,0,0,0,0,31.066673642287
|||;28774,28774,28774,28774,0,0,0,0,36.066673642287
|||;28774,28774,28774,28774,0,0,0,0,41.066673642287
|||;28774,28774,28774,28774,0,0,0,0,46.066673642287
|||;28774,28774,28774,28774,0,0,0,0,51.066673642287
|||;28774,28774,28774,28774,0,0,0,0,56.066673642287
|||;28774,28774,28774,28774,0,0,0,0,61.066673642287
|||;28774,28774,28774,28774,0,0,0,0,66.066673642287
|||;28774,28774,28774,28774,0,0,0,0,71.066673642287
|||;28774,28774,28774,28774,0,0,0,0,76.066673642287
|||;28774,28774,28774,28774,0,0,0,0,81.066673642287
|||;28774,28774,28774,28774,0,0,0,0,86.066673642287
|||;28774,28774,28774,28774,0,0,0,0,91.066673642287
|||;28774,28774,28774,28774,0,0,0,0,96.066673642287
|||;28774,28774,28774,28774,0,0,0,0,101.066673642287
184aqpok(2),|184aqpok(2),|184aqpok(2),|184aqpok(2),;27939.4,27939.4,27939.4,27939.4,1.341930365948,1.341930365948,1.341930365948,1.341930365948,106.066673642287
|||;28774,28774,28774,28774,0,0,0,0,111.066673642287
|||;28774,28774,28774,28774,0,0,0,0,116.066673642287
|||;28774,28774,28774,28774,0,0,0,0,121.066673642287
|||;28774,28774,28774,28774,0,0,0,0,126.066673642287
|||;28774,28774,28774,28774,0,0,0,0,131.066673642287
|||;28774,28774,28774,28774,0,0,0,0,136.066673642287
|||;28774,28774,28774,28774,0,0,0,0,141.066673642287
|||;28774,28774,28774,28774,0,0,0,0,146.066673642287
56ohkvj(2),|56ohkvj(2),|56ohkvj(2),|56ohkvj(2),;26761.8,27432.6,26761.8,27432.6,10.656463000464,6.000074661481,10.656463000464,6.000074661481,151.066673642287
56ohkvj(2),|56ohkvj(2),|56ohkvj(2),|56ohkvj(2),;26761.8,27432.6,26761.8,27432.6,5.656463000464,1.000074661481,5.656463000464,1.000074661481,156.066673642287
56ohkvj(2),||56ohkvj(2),|;26761.8,28774,26761.8,28774,0.656463000464,0,0.656463000464,0,161.066673642287
|||;28774,28774,28774,28774,0,0,0,0,166.066673642287
|||;28774,28774,28774,28774,0,0,0,0,171.066673642287
|||;28774,28774,28774,28774,0,0,0,0,176.066673642287
|||;28774,28774,28774,28774,0,0,0,0,181.066673642287
|||;28774,28774,28774,28774,0,0,0,0,186.066673642287
|||;28774,28774,28774,28774,0,0,0,0,191.066673642287
|||;28774,28774,28774,28774,0,0,0,0,196.066673642287
|||;28774,28774,28774,28774,0,0,0,0,201.066673642287
|||;28774,28774,28774,28774,0,0,0,0,206.066673642287
|||;28774,28774,28774,28774,0,0,0,0,211.066673642287
|||;28774,28774,28774,28774,0,0,0,0,216.066673642287
|278rsqwt(2),|278rsqwt(2),|;28774,27575.9,23981.7,28774,0,5.812353085643,31.700907390728,0,221.066673642287
|278rsqwt(2),|278rsqwt(2),|;28774,27575.9,23981.7,28774,0,0.812353085643,26.700907390728,0,226.066673642287
||278rsqwt(2),|;28774,28774,23981.7,28774,0,0,21.700907390728,0,231.066673642287
||278rsqwt(2),|;28774,28774,23981.7,28774,0,0,16.700907390728,0,236.066673642287
||278rsqwt(2),|;28774,28774,23981.7,28774,0,0,11.700907390728,0,241.066673642287
||278rsqwt(2),|;28774,28774,23981.7,28774,0,0,6.700907390728,0,246.066673642287
||278rsqwt(2),|;28774,28774,23981.7,28774,0,0,1.700907390728,0,251.066673642287
||278rsqwt(3),|;28774,28774,23981.7,28774,0,0,0,0,256.066673642287
||278rsqwt(3),|;28774,28774,23981.7,28774,0,0,0,0,261.066673642287
||278rsqwt(3),|;28774,28774,23981.7,28774,0,0,0,0,266.066673642287
756vnoiw(2),|756vnoiw(2),|278rsqwt(3),756vnoiw(2),|756vnoiw(2),;27222.6,27739.8,22947.5,27222.6,7.74243933111,4.152399466703,4.152399466703,7.74243933111,271.066673642287
756vnoiw(2),||278rsqwt(3),|756vnoiw(2),;27222.6,28774,23981.7,27222.6,2.74243933111,0,0,2.74243933111,276.066673642287
||278rsqwt(3),|;28774,28774,23981.7,28774,0,0,0,0,281.066673642287
||278rsqwt(3),|;28774,28774,23981.7,28774,0,0,0,0,286.066673642287
||278rsqwt(3),|;28774,28774,23981.7,28774,0,0,0,0,291.066673642287
||278rsqwt(3),|;28774,28774,23981.7,28774,0,0,0,0,296.066673642287
||278rsqwt(3),|;28774,28774,23981.7,28774,0,0,0,0,301.066673642287
||278rsqwt(3),|;28774,28774,23981.7,28774,0,0,0,0,306.066673642287
||278rsqwt(3),|;28774,28774,23981.7,28774,0,0,0,0,311.066673642287
81ogbnm(0),|81ogbnm(0),|278rsqwt(3),81ogbnm(0),|81ogbnm(0),;26050.2,27412.1,23300.7,26731.1,21.612145659732,11.979855851822,7.163710947867,16.796000755777,316.066673642287
81ogbnm(2),|81ogbnm(2),|278rsqwt(3),81ogbnm(2),|81ogbnm(2),;26050.2,27412.1,23300.7,26731.1,16.612145659732,6.979855851822,2.163710947867,11.796000755777,321.066673642287
81ogbnm(2),|81ogbnm(2),|278rsqwt(3),|81ogbnm(2),;26050.2,27412.1,23981.7,26731.1,11.612145659732,1.979855851822,0,6.796000755777,326.066673642287
81ogbnm(2),|177iykra(2),|278rsqwt(3),177iykra(2),|81ogbnm(2),;26050.2,27785.8,22993.5,26731.1,6.612145659732,8.769753268953,5.877265774844,1.796000755777,331.066673642287
81ogbnm(2),|177iykra(2),|278rsqwt(3),177iykra(2),|;26050.2,27785.8,22993.5,28774,1.612145659732,3.769753268953,0.877265774844,0,336.066673642287
|177iykra(3),|278rsqwt(3),|;28774,27785.8,23981.7,28774,0,0,0,0,341.066673642287
|177iykra(3),|278rsqwt(3),|;28774,27785.8,23981.7,28774,0,0,0,0,346.066673642287
|177iykra(3),|278rsqwt(3),|;28774,27785.8,23981.7,28774,0,0,0,0,351.066673642287
|177iykra(3),|278rsqwt(3),|;28774,27785.8,23981.7,28774,0,0,0,0,356.066673642287
|177iykra(3),|278rsqwt(3),|;28774,27785.8,23981.7,28774,0,0,0,0,361.066673642287
|177iykra(3),|278rsqwt(3),|;28774,27785.8,23981.7,28774,0,0,0,0,366.066673642287
|177iykra(3),|278rsqwt(3),|;28774,27785.8,23981.7,28774,0,0,0,0,371.066673642287
|177iykra(3),|278rsqwt(3),|;28774,27785.8,23981.7,28774,0,0,0,0,376.066673642287
|177iykra(3),|278rsqwt(3),|;28774,27785.8,23981.7,28774,0,0,0,0,381.066673642287
|177iykra(3),|278rsqwt(3),|;28774,27785.8,23981.7,28774,0,0,0,0,386.066673642287
|177iykra(3),|278rsqwt(3),|;28774,27785.8,23981.7,28774,0,0,0,0,391.066673642287
|177iykra(3),|278rsqwt(3),|;28774,27785.8,23981.7,28774,0,0,0,0,396.066673642287
|177iykra(3),|278rsqwt(3),|;28774,27785.8,23981.7,28774,0,0,0,0,401.066673642287
|177iykra(3),|278rsqwt(3),|;28774,27785.8,23981.7,28774,0,0,0,0,406.066673642287
|177iykra(3),|278rsqwt(3),|;28774,27785.8,23981.7,28774,0,0,0,0,411.066673642287
||278rsqwt(3),|;28774,28774,23981.7,28774,0,0,0,0,416.066673642287
||278rsqwt(3),|;28774,28774,23981.7,28774,0,0,0,0,421.066673642287
||278rsqwt(3),|;28774,28774,23981.7,28774,0,0,0,0,426.066673642287
||278rsqwt(3),|;28774,28774,23981.7,28774,0,0,0,0,431.066673642287
||278rsqwt(3),|;28774,28774,23981.7,28774,0,0,0,0,436.066673642287
||278rsqwt(3),|;28774,28774,23981.7,28774,0,0,0,0,441.066673642287
||278rsqwt(3),|;28774,28774,23981.7,28774,0,0,0,0,446.066673642287
||278rsqwt(3),|;28774,28774,23981.7,28774,0,0,0,0,451.066673642287
||278rsqwt(3),|;28774,28774,23981.7,28774,0,0,0,0,456.066673642287
||278rsqwt(3),|;28774,28774,23981.7,28774,0,0,0,0,461.066673642287
||278rsqwt(3),|;28774,28774,23981.7,28774,0,0,0,0,466.066673642287
||278rsqwt(3),|;28774,28774,23981.7,28774,0,0,0,0,471.066673642287
||278rsqwt(3),|;28774,28774,23981.7,28774,0,0,0,0,476.066673642287
||278rsqwt(3),|;28774,28774,23981.7,28774,0,0,0,0,481.066673642287
||278rsqwt(3),|;28774,28774,23981.7,28774,0,0,0,0,486.066673642287
|||;28774,28774,28774,28774,0,0,0,0,491.066673642287
|||;28774,28774,28774,28774,0,0,0,0,496.066673642287
|||;28774,28774,28774,28774,0,0,0,0,501.066673642287
|||;28774,28774,28774,28774,0,0,0,0,506.066673642287
|21bhfds(2),||;28774,28118.6,28774,28774,0,1.506897125631,0,0,511.066673642287
|||;28774,28774,28774,28774,0,0,0,0,516.066673642287
|||;28774,28774,28774,28774,0,0,0,0,521.066673642287
|||;28774,28774,28774,28774,0,0,0,0,526.066673642287
|||;28774,28774,28774,28774,0,0,0,0,531.066673642287
|||;28774,28774,28774,28774,0,0,0,0,536.066673642287
|||;28774,28774,28774,28774,0,0,0,0,541.066673642287
|||;28774,28774,28774,28774,0,0,0,0,546.066673642287
|||;28774,28774,28774,28774,0,0,0,0,551.066673642287
|||;28774,28774,28774,28774,0,0,0,0,556.066673642287
|||;28774,28774,28774,28774,0,0,0,0,561.066673642287
|||;28774,28774,28774,28774,0,0,0,0,566.066673642287
|||;28774,28774,28774,28774,0,0,0,0,571.066673642287
|||;28774,28774,28774,28774,0,0,0,0,576.066673642287
|||;28774,28774,28774,28774,0,0,0,0,581.066673642287
|||;28774,28774,28774,28774,0,0,0,0,586.066673642287
|||;28774,28774,28774,28774,0,0,0,0,591.066673642287
|||;28774,28774,28774,28774,0,0,0,0,596.066673642287
|||;28774,28774,28774,28774,0,0,0,0,601.066673642287
|||;28774,28774,28774,28774,0,0,0,0,606.066673642287
|||;28774,28774,28774,28774,0,0,0,0,611.066673642287
|||;28774,28774,28774,28774,0,0,0,0,616.066673642287
|||;28774,28774,28774,28774,0,0,0,0,621.066673642287
|||;28774,28774,28774,28774,0,0,0,0,626.066673642287
|||;28774,28774,28774,28774,0,0,0,0,631.066673642287
|||;28774,28774,28774,28774,0,0,0,0,636.066673642287
||192hlmae(2),182xiqtm(1),|192hlmae(2),182xiqtm(1),;28774,28774,21421.7,20766.3,0,0,53.400833601892,58.03592042675,641.066673642287
||182xiqtm(2),|192hlmae(2),182xiqtm(1),;28774,28774,22230.7,20766.3,0,0,48.400833601892,53.03592042675,646.066673642287
||182xiqtm(2),|192hlmae(2),182xiqtm(1),;28774,28774,22230.7,20766.3,0,0,43.400833601892,48.03592042675,651.066673642287
||182xiqtm(2),|192hlmae(2),182xiqtm(1),;28774,28774,22230.7,20766.3,0,0,38.400833601892,43.03592042675,656.066673642287
||182xiqtm(2),|192hlmae(2),182xiqtm(1),;28774,28774,22230.7,20766.3,0,0,33.400833601892,38.03592042675,661.066673642287
||182xiqtm(2),|192hlmae(2),182xiqtm(1),;28774,28774,22230.7,20766.3,0,0,28.400833601892,33.03592042675,666.066673642287
||182xiqtm(2),|192hlmae(2),182xiqtm(1),;28774,28774,22230.7,20766.3,0,0,23.400833601892,28.03592042675,671.066673642287
||182xiqtm(2),|192hlmae(2),182xiqtm(1),;28774,28774,22230.7,20766.3,0,0,18.400833601892,23.03592042675,676.066673642287
||182xiqtm(2),|192hlmae(2),182xiqtm(1),;28774,28774,22230.7,20766.3,0,0,13.400833601892,18.03592042675,681.066673642287
||182xiqtm(2),|192hlmae(2),182xiqtm(1),;28774,28774,22230.7,20766.3,0,0,8.400833601892,13.03592042675,686.066673642287
||182xiqtm(2),|192hlmae(3),182xiqtm(2),;28774,28774,22230.7,20766.3,0,0,3.400833601892,8.03592042675,691.066673642287
||182xiqtm(3),|192hlmae(3),182xiqtm(3),;28774,28774,22230.7,20766.3,0,0,0,3.03592042675,696.066673642287
||182xiqtm(3),|192hlmae(3),182xiqtm(3),;28774,28774,22230.7,20766.3,0,0,0,0,701.066673642287
||182xiqtm(3),|192hlmae(3),182xiqtm(3),;28774,28774,22230.7,20766.3,0,0,0,0,706.066673642287
||182xiqtm(3),|192hlmae(3),182xiqtm(3),;28774,28774,22230.7,20766.3,0,0,0,0,711.066673642287
||182xiqtm(3),|192hlmae(3),182xiqtm(3),;28774,28774,22230.7,20766.3,0,0,0,0,716.066673642287
||182xiqtm(3),|192hlmae(3),182xiqtm(3),;28774,28774,22230.7,20766.3,0,0,0,0,721.066673642287
||182xiqtm(3),|192hlmae(3),182xiqtm(3),;28774,28774,22230.7,20766.3,0,0,0,0,726.066673642287
||182xiqtm(3),|192hlmae(3),182xiqtm(3),;28774,28774,22230.7,20766.3,0,0,0,0,731.066673642287
||182xiqtm(3),|192hlmae(3),182xiqtm(3),;28774,28774,22230.7,20766.3,0,0,0,0,736.066673642287
||182xiqtm(3),|192hlmae(3),182xiqtm(3),;28774,28774,22230.7,20766.3,0,0,0,0,741.066673642287
||182xiqtm(3),|192hlmae(3),182xiqtm(3),;28774,28774,22230.7,20766.3,0,0,0,0,746.066673642287
||182xiqtm(3),|192hlmae(3),182xiqtm(3),;28774,28774,22230.7,20766.3,0,0,0,0,751.066673642287
||182xiqtm(3),|192hlmae(3),182xiqtm(3),;28774,28774,22230.7,20766.3,0,0,0,0,756.066673642287
||182xiqtm(3),|192hlmae(3),182xiqtm(3),;28774,28774,22230.7,20766.3,0,0,0,0,761.066673642287
||182xiqtm(3),|192hlmae(3),182xiqtm(3),;28774,28774,22230.7,20766.3,0,0,0,0,766.066673642287
||182xiqtm(3),|192hlmae(3),182xiqtm(3),;28774,28774,22230.7,20766.3,0,0,0,0,771.066673642287
||182xiqtm(3),640mbnax(0),|192hlmae(3),182xiqtm(3),640mbnax(0),;28774,28774,16424.6,19107.4,0,0,44.160466748348,14.829057934788,776.066673642287
||182xiqtm(3),640mbnax(2),|192hlmae(3),182xiqtm(3),640mbnax(2),;28774,28774,16424.6,19107.4,0,0,39.160466748348,9.829057934788,781.066673642287
||182xiqtm(3),640mbnax(2),|192hlmae(3),182xiqtm(3),640mbnax(2),;28774,28774,16424.6,19107.4,0,0,34.160466748348,4.829057934788,786.066673642287
||182xiqtm(3),640mbnax(2),|192hlmae(3),182xiqtm(3),640mbnax(3),;28774,28774,16424.6,19107.4,0,0,29.160466748348,0,791.066673642287
||182xiqtm(3),640mbnax(2),|192hlmae(3),182xiqtm(3),640mbnax(3),;28774,28774,16424.6,19107.4,0,0,24.160466748348,0,796.066673642287
||182xiqtm(3),640mbnax(2),|192hlmae(3),182xiqtm(3),640mbnax(3),;28774,28774,16424.6,19107.4,0,0,19.160466748348,0,801.066673642287
||182xiqtm(3),640mbnax(2),|192hlmae(3),182xiqtm(3),640mbnax(3),;28774,28774,16424.6,19107.4,0,0,14.160466748348,0,806.066673642287
||182xiqtm(3),640mbnax(2),|192hlmae(3),182xiqtm(3),640mbnax(3),;28774,28774,16424.6,19107.4,0,0,9.160466748348,0,811.066673642287
||182xiqtm(3),640mbnax(2),|192hlmae(3),182xiqtm(3),640mbnax(3),;28774,28774,16424.6,19107.4,0,0,4.160466748348,0,816.066673642287
||182xiqtm(3),640mbnax(3),|192hlmae(3),182xiqtm(3),640mbnax(3),;28774,28774,16424.6,19107.4,0,0,0,0,821.066673642287
||182xiqtm(3),640mbnax(3),|192hlmae(3),182xiqtm(3),640mbnax(3),;28774,28774,16424.6,19107.4,0,0,0,0,826.066673642287
||182xiqtm(3),640mbnax(3),|192hlmae(3),182xiqtm(3),640mbnax(3),;28774,28774,16424.6,19107.4,0,0,0,0,831.066673642287
||182xiqtm(3),640mbnax(3),|192hlmae(3),182xiqtm(3),640mbnax(3),;28774,28774,16424.6,19107.4,0,0,0,0,836.066673642287
||182xiqtm(3),640mbnax(3),|192hlmae(3),182xiqtm(3),640mbnax(3),;28774,28774,16424.6,19107.4,0,0,0,0,841.066673642287
||182xiqtm(3),640mbnax(3),|192hlmae(3),182xiqtm(3),640mbnax(3),;28774,28774,16424.6,19107.4,0,0,0,0,846.066673642287
||182xiqtm(3),640mbnax(3),|192hlmae(3),182xiqtm(3),640mbnax(3),;28774,28774,16424.6,19107.4,0,0,0,0,851.066673642287
||182xiqtm(3),640mbnax(3),|192hlmae(3),182xiqtm(3),;28774,28774,16424.6,20766.3,0,0,0,0,856.066673642287
||182xiqtm(3),640mbnax(3),|192hlmae(3),182xiqtm(3),;28774,28774,16424.6,20766.3,0,0,0,0,861.066673642287
||182xiqtm(3),640mbnax(3),|192hlmae(3),182xiqtm(3),;28774,28774,16424.6,20766.3,0,0,0,0,866.066673642287
||182xiqtm(3),640mbnax(3),|192hlmae(3),182xiqtm(3),;28774,28774,16424.6,20766.3,0,0,0,0,871.066673642287
||182xiqtm(3),640mbnax(3),|192hlmae(3),182xiqtm(3),;28774,28774,16424.6,20766.3,0,0,0,0,876.066673642287
||182xiqtm(3),640mbnax(3),|192hlmae(3),182xiqtm(3),;28774,28774,16424.6,20766.3,0,0,0,0,881.066673642287
||182xiqtm(3),640mbnax(3),|192hlmae(3),182xiqtm(3),;28774,28774,16424.6,20766.3,0,0,0,0,886.066673642287
||182xiqtm(3),640mbnax(3),|192hlmae(3),182xiqtm(3),;28774,28774,16424.6,20766.3,0,0,0,0,891.066673642287
||182xiqtm(3),640mbnax(3),|192hlmae(3),182xiqtm(3),;28774,28774,16424.6,20766.3,0,0,0,0,896.066673642287
||182xiqtm(3),640mbnax(3),|192hlmae(3),182xiqtm(3),;28774,28774,16424.6,20766.3,0,0,0,0,901.066673642287
||182xiqtm(3),640mbnax(3),|192hlmae(3),182xiqtm(3),;28774,28774,16424.6,20766.3,0,0,0,0,906.066673642287
||182xiqtm(3),640mbnax(3),|192hlmae(3),182xiqtm(3),;28774,28774,16424.6,20766.3,0,0,0,0,911.066673642287
||182xiqtm(3),640mbnax(3),|192hlmae(3),182xiqtm(3),;28774,28774,16424.6,20766.3,0,0,0,0,916.066673642287
||182xiqtm(3),640mbnax(3),|192hlmae(3),182xiqtm(3),;28774,28774,16424.6,20766.3,0,0,0,0,921.066673642287
||182xiqtm(3),640mbnax(3),|192hlmae(3),182xiqtm(3),;28774,28774,16424.6,20766.3,0,0,0,0,926.066673642287
||182xiqtm(3),640mbnax(3),|192hlmae(3),182xiqtm(3),;28774,28774,16424.6,20766.3,0,0,0,0,931.066673642287
||182xiqtm(3),640mbnax(3),|192hlmae(3),182xiqtm(3),;28774,28774,16424.6,20766.3,0,0,0,0,936.066673642287
||182xiqtm(3),640mbnax(3),|192hlmae(3),182xiqtm(3),;28774,28774,16424.6,20766.3,0,0,0,0,941.066673642287
||182xiqtm(3),640mbnax(3),|192hlmae(3),182xiqtm(3),;28774,28774,16424.6,20766.3,0,0,0,0,946.066673642287
||182xiqtm(3),640mbnax(3),|192hlmae(3),182xiqtm(3),;28774,28774,16424.6,20766.3,0,0,0,0,951.066673642287
||182xiqtm(3),640mbnax(3),|192hlmae(3),182xiqtm(3),;28774,28774,16424.6,20766.3,0,0,0,0,956.066673642287
747liqgn(2),|747liqgn(2),|182xiqtm(3),640mbnax(3),747liqgn(2),|192hlmae(3),182xiqtm(3),747liqgn(2),;27069,27069,15288,19629.7,9.8077724917,9.8077724917,5.862283135768,5.862283135768,961.066673642287
747liqgn(2),|747liqgn(2),|640mbnax(3),747liqgn(2),|192hlmae(3),182xiqtm(3),747liqgn(2),;27069,27069,21831.4,19629.7,4.8077724917,4.8077724917,0.862283135768,0.862283135768,966.066673642287
||640mbnax(3),|192hlmae(3),182xiqtm(3),;28774,28774,22968,20766.3,0,0,0,0,971.066673642287
||640mbnax(3),|192hlmae(3),182xiqtm(3),;28774,28774,22968,20766.3,0,0,0,0,976.066673642287
||640mbnax(3),|192hlmae(3),182xiqtm(3),;28774,28774,22968,20766.3,0,0,0,0,981.066673642287
||640mbnax(3),|192hlmae(3),182xiqtm(3),;28774,28774,22968,20766.3,0,0,0,0,986.066673642287
||640mbnax(3),|192hlmae(3),182xiqtm(3),;28774,28774,22968,20766.3,0,0,0,0,991.066673642287
||640mbnax(3),|192hlmae(3),182xiqtm(3),;28774,28774,22968,20766.3,0,0,0,0,996.066673642287
||640mbnax(3),|192hlmae(3),182xiqtm(3),;28774,28774,22968,20766.3,0,0,0,0,1001.066673642287
||640mbnax(3),|192hlmae(3),182xiqtm(3),;28774,28774,22968,20766.3,0,0,0,0,1006.066673642287
||640mbnax(3),|182xiqtm(3),;28774,28774,22968,28046.9,0,0,0,0,1011.066673642287
||640mbnax(3),|182xiqtm(3),;28774,28774,22968,28046.9,0,0,0,0,1016.066673642287
||640mbnax(3),|182xiqtm(3),;28774,28774,22968,28046.9,0,0,0,0,1021.066673642287
||640mbnax(3),|182xiqtm(3),;28774,28774,22968,28046.9,0,0,0,0,1026.066673642287
||640mbnax(3),|182xiqtm(3),;28774,28774,22968,28046.9,0,0,0,0,1031.066673642287
||640mbnax(3),|182xiqtm(3),;28774,28774,22968,28046.9,0,0,0,0,1036.066673642287
||640mbnax(3),|182xiqtm(3),;28774,28774,22968,28046.9,0,0,0,0,1041.066673642287
||640mbnax(3),|182xiqtm(3),;28774,28774,22968,28046.9,0,0,0,0,1046.066673642287
||640mbnax(3),|182xiqtm(3),;28774,28774,22968,28046.9,0,0,0,0,1051.066673642287
||640mbnax(3),|;28774,28774,22968,28773.9,0,0,0,0,1056.066673642287
||640mbnax(3),|;28774,28774,22968,28773.9,0,0,0,0,1061.066673642287
107uvrfj(0),||640mbnax(3),|107uvrfj(0),;27775.6,28774,22968,27775.5,8.965331530851,0,0,8.965331530851,1066.066673642287
107uvrfj(2),||640mbnax(3),|107uvrfj(2),;27775.6,28774,22968,27775.5,3.965331530851,0,0,3.965331530851,1071.066673642287
||640mbnax(3),|;28774,28774,22968,28773.9,0,0,0,0,1076.066673642287
||640mbnax(3),|;28774,28774,22968,28773.9,0,0,0,0,1081.066673642287
||640mbnax(3),|;28774,28774,22968,28773.9,0,0,0,0,1086.066673642287
||640mbnax(3),|;28774,28774,22968,28773.9,0,0,0,0,1091.066673642287
||640mbnax(3),|;28774,28774,22968,28773.9,0,0,0,0,1096.066673642287
||640mbnax(3),|;28774,28774,22968,28773.9,0,0,0,0,1101.066673642287
||640mbnax(3),|;28774,28774,22968,28773.9,0,0,0,0,1106.066673642287
||640mbnax(3),|;28774,28774,22968,28773.9,0,0,0,0,1111.066673642287
||640mbnax(3),|;28774,28774,22968,28773.9,0,0,0,0,1116.066673642287
||640mbnax(3),|;28774,28774,22968,28773.9,0,0,0,0,1121.066673642287
||640mbnax(3),|;28774,28774,22968,28773.9,0,0,0,0,1126.066673642287
|||;28774,28774,28774.1,28773.9,0,0,0,0,1131.066673642287
|||;28774,28774,28774.1,28773.9,0,0,0,0,1136.066673642287
|||;28774,28774,28774.1,28773.9,0,0,0,0,1141.066673642287
|||;28774,28774,28774.1,28773.9,0,0,0,0,1146.066673642287
|||;28774,28774,28774.1,28773.9,0,0,0,0,1151.066673642287
|||;28774,28774,28774.1,28773.9,0,0,0,0,1156.066673642287
|||;28774,28774,28774.1,28773.9,0,0,0,0,1161.066673642287
|||;28774,28774,28774.1,28773.9,0,0,0,0,1166.066673642287
|||;28774,28774,28774.1,28773.9,0,0,0,0,1171.066673642287
|||;28774,28774,28774.1,28773.9,0,0,0,0,1176.066673642287
|||;28774,28774,28774.1,28773.9,0,0,0,0,1181.066673642287
|||;28774,28774,28774.1,28773.9,0,0,0,0,1186.066673642287
|||;28774,28774,28774.1,28773.9,0,0,0,0,1191.066673642287
|||;28774,28774,28774.1,28773.9,0,0,0,0,1196.066673642287
|||;28774,28774,28774.1,28773.9,0,0,0,0,1201.066673642287
|||;28774,28774,28774.1,28773.9,0,0,0,0,1206.066673642287
|||;28774,28774,28774.1,28773.9,0,0,0,0,1211.066673642287
|||;28774,28774,28774.1,28773.9,0,0,0,0,1216.066673642287
|||;28774,28774,28774.1,28773.9,0,0,0,0,1221.066673642287
|||;28774,28774,28774.1,28773.9,0,0,0,0,1226.066673642287
|||;28774,28774,28774.1,28773.9,0,0,0,0,1231.066673642287
|||;28774,28774,28774.1,28773.9,0,0,0,0,1236.066673642287
|||;28774,28774,28774.1,28773.9,0,0,0,0,1241.066673642287
|||;28774,28774,28774.1,28773.9,0,0,0,0,1246.066673642287
|||;28774,28774,28774.1,28773.9,0,0,0,0,1251.066673642287
|||;28774,28774,28774.1,28773.9,0,0,0,0,1256.066673642287
|||;28774,28774,28774.1,28773.9,0,0,0,0,1261.066673642287
|||;28774,28774,28774.1,28773.9,0,0,0,0,1266.066673642287
|||;28774,28774,28774.1,28773.9,0,0,0,0,1271.066673642287
|||;28774,28774,28774.1,28773.9,0,0,0,0,1276.066673642287
|||;28774,28774,28774.1,28773.9,0,0,0,0,1281.066673642287
|||;28774,28774,28774.1,28773.9,0,0,0,0,1286.066673642287
|||;28774,28774,28774.1,28773.9,0,0,0,0,1291.066673642287
|||;28774,28774,28774.1,28773.9,0,0,0,0,1296.066673642287
|||;28774,28774,28774.1,28773.9,0,0,0,0,1301.066673642287
|||;28774,28774,28774.1,28773.9,0,0,0,0,1306.066673642287
|||;28774,28774,28774.1,28773.9,0,0,0,0,1311.066673642287
|||;28774,28774,28774.1,28773.9,0,0,0,0,1316.066673642287
|||;28774,28774,28774.1,28773.9,0,0,0,0,1321.066673642287
|||;28774,28774,28774.1,28773.9,0,0,0,0,1326.066673642287
|||;28774,28774,28774.1,28773.9,0,0,0,0,1331.066673642287
|||;28774,28774,28774.1,28773.9,0,0,0,0,1336.066673642287
|||;28774,28774,28774.1,28773.9,0,0,0,0,1341.066673642287
|||;28774,28774,28774.1,28773.9,0,0,0,0,1346.066673642287
|||;28774,28774,28774.1,28773.9,0,0,0,0,1351.066673642287
|||;28774,28774,28774.1,28773.9,0,0,0,0,1356.066673642287
|||;28774,28774,28774.1,28773.9,0,0,0,0,1361.066673642287
|||;28774,28774,28774.1,28773.9,0,0,0,0,1366.066673642287
|||;28774,28774,28774.1,28773.9,0,0,0,0,1371.066673642287
|||;28774,28774,28774.1,28773.9,0,0,0,0,1376.066673642287
|||;28774,28774,28774.1,28773.9,0,0,0,0,1381.066673642287
|||;28774,28774,28774.1,28773.9,0,0,0,0,1386.066673642287
|||;28774,28774,28774.1,28773.9,0,0,0,0,1391.066673642287
|||;28774,28774,28774.1,28773.9,0,0,0,0,1396.066673642287
|||;28774,28774,28774.1,28773.9,0,0,0,0,1401.066673642287
|||;28774,28774,28774.1,28773.9,0,0,0,0,1406.066673642287
|||;28774,28774,28774.1,28773.9,0,0,0,0,1411.066673642287
|||;28774,28774,28774.1,28773.9,0,0,0,0,1416.066673642287
|||;28774,28774,28774.1,28773.9,0,0,0,0,1421.066673642287
|||;28774,28774,28774.1,28773.9,0,0,0,0,1426.066673642287
|||;28774,28774,28774.1,28773.9,0,0,0,0,1431.066673642287
|||;28774,28774,28774.1,28773.9,0,0,0,0,1436.066673642287
|||;28774,28774,28774.1,28773.9,0,0,0,0,1441.066673642287
|||;28774,28774,28774.1,28773.9,0,0,0,0,1446.066673642287
|||;28774,28774,28774.1,28773.9,0,0,0,0,1451.066673642287
|||;28774,28774,28774.1,28773.9,0,0,0,0,1456.066673642287
|||;28774,28774,28774.1,28773.9,0,0,0,0,1461.066673642287
|||;28774,28774,28774.1,28773.9,0,0,0,0,1466.066673642287
|||;28774,28774,28774.1,28773.9,0,0,0,0,1471.066673642287
|||;28774,28774,28774.1,28773.9,0,0,0,0,1476.066673642287
|||;28774,28774,28774.1,28773.9,0,0,0,0,1481.066673642287
|||;28774,28774,28774.1,28773.9,0,0,0,0,1486.066673642287
|||;28774,28774,28774.1,28773.9,0,0,0,0,1491.066673642287
|||;28774,28774,28774.1,28773.9,0,0,0,0,1496.066673642287
|||;28774,28774,28774.1,28773.9,0,0,0,0,1501.066673642287
|||;28774,28774,28774.1,28773.9,0,0,0,0,1506.066673642287
|||;28774,28774,28774.1,28773.9,0,0,0,0,1511.066673642287
|||;28774,28774,28774.1,28773.9,0,0,0,0,1516.066673642287
|||;28774,28774,28774.1,28773.9,0,0,0,0,1521.066673642287
|||;28774,28774,28774.1,28773.9,0,0,0,0,1526.066673642287
|||;28774,28774,28774.1,28773.9,0,0,0,0,1531.066673642287
|||;28774,28774,28774.1,28773.9,0,0,0,0,1536.066673642287
|||;28774,28774,28774.1,28773.9,0,0,0,0,1541.066673642287
|||;28774,28774,28774.1,28773.9,0,0,0,0,1546.066673642287
|||;28774,28774,28774.1,28773.9,0,0,0,0,1551.066673642287
|||;28774,28774,28774.1,28773.9,0,0,0,0,1556.066673642287
|||;28774,28774,28774.1,28773.9,0,0,0,0,1561.066673642287
|||;28774,28774,28774.1,28773.9,0,0,0,0,1566.066673642287
|||;28774,28774,28774.1,28773.9,0,0,0,0,1571.066673642287
|||;28774,28774,28774.1,28773.9,0,0,0,0,1576.066673642287
|||;28774,28774,28774.1,28773.9,0,0,0,0,1581.066673642287
|||;28774,28774,28774.1,28773.9,0,0,0,0,1586.066673642287
|||;28774,28774,28774.1,28773.9,0,0,0,0,1591.066673642287
|||;28774,28774,28774.1,28773.9,0,0,0,0,1596.066673642287
|||;28774,28774,28774.1,28773.9,0,0,0,0,1601.066673642287
|||;28774,28774,28774.1,28773.9,0,0,0,0,1606.066673642287
|||;28774,28774,28774.1,28773.9,0,0,0,0,1611.066673642287
|||;28774,28774,28774.1,28773.9,0,0,0,0,1616.066673642287
|||;28774,28774,28774.1,28773.9,0,0,0,0,1621.066673642287
|||;28774,28774,28774.1,28773.9,0,0,0,0,1626.066673642287
|||;28774,28774,28774.1,28773.9,0,0,0,0,1631.066673642287
|||;28774,28774,28774.1,28773.9,0,0,0,0,1636.066673642287
|||;28774,28774,28774.1,28773.9,0,0,0,0,1641.066673642287
|||;28774,28774,28774.1,28773.9,0,0,0,0,1646.066673642287
|||;28774,28774,28774.1,28773.9,0,0,0,0,1651.066673642287
|||;28774,28774,28774.1,28773.9,0,0,0,0,1656.066673642287
|||;28774,28774,28774.1,28773.9,0,0,0,0,1661.066673642287
|||;28774,28774,28774.1,28773.9,0,0,0,0,1666.066673642287
|||;28774,28774,28774.1,28773.9,0,0,0,0,1671.066673642287
|||;28774,28774,28774.1,28773.9,0,0,0,0,1676.066673642287
|||;28774,28774,28774.1,28773.9,0,0,0,0,1681.066673642287
|||;28774,28774,28774.1,28773.9,0,0,0,0,1686.066673642287
|||;28774,28774,28774.1,28773.9,0,0,0,0,1691.066673642287
|||;28774,28774,28774.1,28773.9,0,0,0,0,1696.066673642287
|||;28774,28774,28774.1,28773.9,0,0,0,0,1701.066673642287
|||;28774,28774,28774.1,28773.9,0,0,0,0,1706.066673642287
|||;28774,28774,28774.1,28773.9,0,0,0,0,1711.066673642287
|||;28774,28774,28774.1,28773.9,0,0,0,0,1716.066673642287
|||;28774,28774,28774.1,28773.9,0,0,0,0,1721.066673642287
|||;28774,28774,28774.1,28773.9,0,0,0,0,1726.066673642287
|||;28774,28774,28774.1,28773.9,0,0,0,0,1731.066673642287
|||;28774,28774,28774.1,28773.9,0,0,0,0,1736.066673642287
|||;28774,28774,28774.1,28773.9,0,0,0,0,1741.066673642287
|||;28774,28774,28774.1,28773.9,0,0,0,0,1746.066673642287
|||;28774,28774,28774.1,28773.9,0,0,0,0,1751.066673642287
|||;28774,28774,28774.1,28773.9,0,0,0,0,1756.066673642287
|||;28774,28774,28774.1,28773.9,0,0,0,0,1761.066673642287
|||;28774,28774,28774.1,28773.9,0,0,0,0,1766.066673642287
|||;28774,28774,28774.1,28773.9,0,0,0,0,1771.066673642287
|||;28774,28774,28774.1,28773.9,0,0,0,0,1776.066673642287
|||;28774,28774,28774.1,28773.9,0,0,0,0,1781.066673642287
|||;28774,28774,28774.1,28773.9,0,0,0,0,1786.066673642287
|||;28774,28774,28774.1,28773.9,0,0,0,0,1791.066673642287
|||;28774,28774,28774.1,28773.9,0,0,0,0,1796.066673642287
|||;28774,28774,28774.1,28773.9,0,0,0,0,1801.066673642287
|||;28774,28774,28774.1,28773.9,0,0,0,0,1806.066673642287
|||;28774,28774,28774.1,28773.9,0,0,0,0,1811.066673642287
|||;28774,28774,28774.1,28773.9,0,0,0,0,1816.066673642287
|||;28774,28774,28774.1,28773.9,0,0,0,0,1821.066673642287
|||;28774,28774,28774.1,28773.9,0,0,0,0,1826.066673642287
|||;28774,28774,28774.1,28773.9,0,0,0,0,1831.066673642287
|||;28774,28774,28774.1,28773.9,0,0,0,0,1836.066673642287
|||;28774,28774,28774.1,28773.9,0,0,0,0,1841.066673642287
|||;28774,28774,28774.1,28773.9,0,0,0,0,1846.066673642287
|||;28774,28774,28774.1,28773.9,0,0,0,0,1851.066673642287
|||;28774,28774,28774.1,28773.9,0,0,0,0,1856.066673642287
|||;28774,28774,28774.1,28773.9,0,0,0,0,1861.066673642287
|||;28774,28774,28774.1,28773.9,0,0,0,0,1866.066673642287
|||;28774,28774,28774.1,28773.9,0,0,0,0,1871.066673642287
|||;28774,28774,28774.1,28773.9,0,0,0,0,1876.066673642287
|||;28774,28774,28774.1,28773.9,0,0,0,0,1881.066673642287
|||;28774,28774,28774.1,28773.9,0,0,0,0,1886.066673642287
|||;28774,28774,28774.1,28773.9,0,0,0,0,1891.066673642287
|||;28774,28774,28774.1,28773.9,0,0,0,0,1896.066673642287
|||;28774,28774,28774.1,28773.9,0,0,0,0,1901.066673642287
|||;28774,28774,28774.1,28773.9,0,0,0,0,1906.066673642287
|||;28774,28774,28774.1,28773.9,0,0,0,0,1911.066673642287
|||;28774,28774,28774.1,28773.9,0,0,0,0,1916.066673642287
|||;28774,28774,28774.1,28773.9,0,0,0,0,1921.066673642287
|||;28774,28774,28774.1,28773.9,0,0,0,0,1926.066673642287
|||;28774,28774,28774.1,28773.9,0,0,0,0,1931.066673642287
|||;28774,28774,28774.1,28773.9,0,0,0,0,1936.066673642287
|||;28774,28774,28774.1,28773.9,0,0,0,0,1941.066673642287
|||;28774,28774,28774.1,28773.9,0,0,0,0,1946.066673642287
|||;28774,28774,28774.1,28773.9,0,0,0,0,1951.066673642287
|||;28774,28774,28774.1,28773.9,0,0,0,0,1956.066673642287
|||;28774,28774,28774.1,28773.9,0,0,0,0,1961.066673642287
|||;28774,28774,28774.1,28773.9,0,0,0,0,1966.066673642287
|||;28774,28774,28774.1,28773.9,0,0,0,0,1971.066673642287
|||;28774,28774,28774.1,28773.9,0,0,0,0,1976.066673642287
|||;28774,28774,28774.1,28773.9,0,0,0,0,1981.066673642287
|||;28774,28774,28774.1,28773.9,0,0,0,0,1986.066673642287
|||;28774,28774,28774.1,28773.9,0,0,0,0,1991.066673642287
|||;28774,28774,28774.1,28773.9,0,0,0,0,1996.066673642287
