|||;17920,17920,17920,17920,0,0,0,0,1.127422931113
|||;17920,17920,17920,17920,0,0,0,0,6.127422931113
|||;17920,17920,17920,17920,0,0,0,0,11.127422931113
|||;17920,17920,17920,17920,0,0,0,0,16.127422931113
|||;17920,17920,17920,17920,0,0,0,0,21.127422931113
|||;17920,17920,17920,17920,0,0,0,0,26.127422931113
|||;17920,17920,17920,17920,0,0,0,0,31.127422931113
|||;17920,17920,17920,17920,0,0,0,0,36.127422931113
|||;17920,17920,17920,17920,0,0,0,0,41.127422931113
|||;17920,17920,17920,17920,0,0,0,0,46.127422931113
|||;17920,17920,17920,17920,0,0,0,0,51.127422931113
|||;17920,17920,17920,17920,0,0,0,0,56.127422931113
|||;17920,17920,17920,17920,0,0,0,0,61.127422931113
|||;17920,17920,17920,17920,0,0,0,0,66.127422931113
|||;17920,17920,17920,17920,0,0,0,0,71.127422931113
|||;17920,17920,17920,17920,0,0,0,0,76.127422931113
|||;17920,17920,17920,17920,0,0,0,0,81.127422931113
|||;17920,17920,17920,17920,0,0,0,0,86.127422931113
|||;17920,17920,17920,17920,0,0,0,0,91.127422931113
|||;17920,17920,17920,17920,0,0,0,0,96.127422931113
|||;17920,17920,17920,17920,0,0,0,0,101.127422931113
|||;17920,17920,17920,17920,0,0,0,0,106.127422931113
|||;17920,17920,17920,17920,0,0,0,0,111.127422931113
|||;17920,17920,17920,17920,0,0,0,0,116.127422931113
|||;17920,17920,17920,17920,0,0,0,0,121.127422931113
|||;17920,17920,17920,17920,0,0,0,0,126.127422931113
|||;17920,17920,17920,17920,0,0,0,0,131.127422931113
142qmcty(2),|142qmcty(2),||142qmcty(2),;15354.9,15354.9,17920,14499.8,14.724881283755,14.724881283755,0,21.262350103327,136.127422931113
142qmcty(2),|142qmcty(2),||142qmcty(2),;15354.9,15354.9,17920,14499.8,9.724881283755,9.724881283755,0,16.262350103327,141.127422931113
142qmcty(2),|142qmcty(2),||142qmcty(2),;15354.9,15354.9,17920,14499.8,4.724881283755,4.724881283755,0,11.262350103327,146.127422931113
142qmcty(3),|142qmcty(3),||142qmcty(2),;15354.9,15354.9,17920,14499.8,0,0,0,6.262350103327,151.127422931113
142qmcty(3),|142qmcty(3),||142qmcty(2),;15354.9,15354.9,17920,14499.8,0,0,0,1.262350103327,156.127422931113
142qmcty(3),|142qmcty(3),||142qmcty(3),;15354.9,15354.9,17920,14499.8,0,0,0,0,161.127422931113
142qmcty(3),|142qmcty(3),||142qmcty(3),;15354.9,15354.9,17920,14499.8,0,0,0,0,166.127422931113
142qmcty(3),|142qmcty(3),||142qmcty(3),;15354.9,15354.9,17920,14499.8,0,0,0,0,171.127422931113
142qmcty(3),|142qmcty(3),||142qmcty(3),;15354.9,15354.9,17920,14499.8,0,0,0,0,176.127422931113
142qmcty(3),|142qmcty(3),||142qmcty(3),;15354.9,15354.9,17920,14499.8,0,0,0,0,181.127422931113
142qmcty(3),|142qmcty(3),||142qmcty(3),;15354.9,15354.9,17920,14499.8,0,0,0,0,186.127422931113
142qmcty(3),|142qmcty(3),||142qmcty(3),;15354.9,15354.9,17920,14499.8,0,0,0,0,191.127422931113
142qmcty(3),|142qmcty(3),||142qmcty(3),;15354.9,15354.9,17920,14499.8,0,0,0,0,196.127422931113
142qmcty(3),|142qmcty(3),||142qmcty(3),;15354.9,15354.9,17920,14499.8,0,0,0,0,201.127422931113
142qmcty(3),|142qmcty(3),||142qmcty(3),;15354.9,15354.9,17920,14499.8,0,0,0,0,206.127422931113
142qmcty(3),|142qmcty(3),||142qmcty(3),;15354.9,15354.9,17920,14499.8,0,0,0,0,211.127422931113
142qmcty(3),|142qmcty(3),||142qmcty(3),;15354.9,15354.9,17920,14499.8,0,0,0,0,216.127422931113
142qmcty(3),|142qmcty(3),||142qmcty(3),;15354.9,15354.9,17920,14499.8,0,0,0,0,221.127422931113
142qmcty(3),|142qmcty(3),||142qmcty(3),;15354.9,15354.9,17920,14499.8,0,0,0,0,226.127422931113
142qmcty(3),|142qmcty(3),||142qmcty(3),;15354.9,15354.9,17920,14499.8,0,0,0,0,231.127422931113
142qmcty(3),|142qmcty(3),||142qmcty(3),;15354.9,15354.9,17920,14499.8,0,0,0,0,236.127422931113
142qmcty(3),|142qmcty(3),||142qmcty(3),;15354.9,15354.9,17920,14499.8,0,0,0,0,241.127422931113
142qmcty(3),|142qmcty(3),||142qmcty(3),;15354.9,15354.9,17920,14499.8,0,0,0,0,246.127422931113
142qmcty(3),|142qmcty(3),||142qmcty(3),;15354.9,15354.9,17920,14499.8,0,0,0,0,251.127422931113
142qmcty(3),|142qmcty(3),||142qmcty(3),;15354.9,15354.9,17920,14499.8,0,0,0,0,256.127422931113
142qmcty(3),|142qmcty(3),||142qmcty(3),;15354.9,15354.9,17920,14499.8,0,0,0,0,261.127422931113
142qmcty(3),|142qmcty(3),||142qmcty(3),;15354.9,15354.9,17920,14499.8,0,0,0,0,266.127422931113
142qmcty(3),|142qmcty(3),||142qmcty(3),;15354.9,15354.9,17920,14499.8,0,0,0,0,271.127422931113
142qmcty(3),|142qmcty(3),||142qmcty(3),;15354.9,15354.9,17920,14499.8,0,0,0,0,276.127422931113
142qmcty(3),|142qmcty(3),||142qmcty(3),;15354.9,15354.9,17920,14499.8,0,0,0,0,281.127422931113
142qmcty(3),|142qmcty(3),||142qmcty(3),;15354.9,15354.9,17920,14499.8,0,0,0,0,286.127422931113
142qmcty(3),|142qmcty(3),||142qmcty(3),;15354.9,15354.9,17920,14499.8,0,0,0,0,291.127422931113
142qmcty(3),546vljxg(2),|142qmcty(3),546vljxg(2),|546vljxg(2),|142qmcty(3),546vljxg(2),;13711.4,14259.2,16824.3,12856.3,8.652521082144,4.535176788566,4.535176788566,8.652521082144,296.127422931113
142qmcty(3),546vljxg(2),|142qmcty(3),||142qmcty(3),546vljxg(2),;13711.4,15354.9,17920,12856.3,3.652521082144,0,0,3.652521082144,301.127422931113
142qmcty(3),123edmib(2),|142qmcty(3),123edmib(2),|123edmib(2),|142qmcty(3),123edmib(2),;13880.3,13143.1,15708.2,13025.2,13.547035302239,16.469931151367,16.469931151367,13.547035302239,306.127422931113
142qmcty(3),123edmib(2),|142qmcty(3),123edmib(2),|123edmib(2),|142qmcty(3),123edmib(2),;13880.3,13143.1,15708.2,13025.2,8.547035302239,11.469931151367,11.469931151367,8.547035302239,311.127422931113
142qmcty(3),123edmib(2),|142qmcty(3),123edmib(2),|123edmib(2),|142qmcty(3),123edmib(2),;13880.3,13143.1,15708.2,13025.2,3.547035302239,6.469931151367,6.469931151367,3.547035302239,316.127422931113
142qmcty(3),123edmib(3),|142qmcty(3),123edmib(2),|123edmib(2),|142qmcty(3),123edmib(3),;13880.3,13143.1,15708.2,13025.2,0,1.469931151367,1.469931151367,0,321.127422931113
142qmcty(3),123edmib(3),|142qmcty(3),123edmib(3),|123edmib(3),|142qmcty(3),123edmib(3),;13880.3,13143.1,15708.2,13025.2,0,0,0,0,326.127422931113
142qmcty(3),123edmib(3),293ehdan(0),|142qmcty(3),123edmib(3),293ehdan(0),|123edmib(3),293ehdan(0),|142qmcty(3),123edmib(3),293ehdan(0),;12006.4,11893.8,14458.9,11151.3,15.379668701407,10.603793276331,10.603793276331,15.379668701407,331.127422931113
142qmcty(3),123edmib(3),293ehdan(2),|142qmcty(3),123edmib(3),293ehdan(2),|123edmib(3),293ehdan(2),|142qmcty(3),123edmib(3),293ehdan(2),;12006.4,11893.8,14458.9,11151.3,10.379668701407,5.603793276331,5.603793276331,10.379668701407,336.127422931113
142qmcty(3),123edmib(3),293ehdan(2),|142qmcty(3),123edmib(3),293ehdan(2),|123edmib(3),293ehdan(2),|142qmcty(3),123edmib(3),293ehdan(2),;12006.4,11893.8,14458.9,11151.3,5.379668701407,0.603793276331,0.603793276331,5.379668701407,341.127422931113
142qmcty(3),123edmib(3),293ehdan(2),|142qmcty(3),123edmib(3),293ehdan(3),|123edmib(3),293ehdan(3),|142qmcty(3),123edmib(3),293ehdan(2),;12006.4,11893.8,14458.9,11151.3,0.379668701407,0,0,0.379668701407,346.127422931113
142qmcty(3),123edmib(3),293ehdan(3),|142qmcty(3),123edmib(3),293ehdan(3),|123edmib(3),293ehdan(3),|142qmcty(3),123edmib(3),293ehdan(3),;12006.4,11893.8,14458.9,11151.3,0,0,0,0,351.127422931113
142qmcty(3),123edmib(3),293ehdan(3),|142qmcty(3),123edmib(3),293ehdan(3),|123edmib(3),293ehdan(3),|142qmcty(3),123edmib(3),293ehdan(3),;12006.4,11893.8,14458.9,11151.3,0,0,0,0,356.127422931113
142qmcty(3),123edmib(3),293ehdan(3),|142qmcty(3),123edmib(3),293ehdan(3),|123edmib(3),293ehdan(3),|142qmcty(3),123edmib(3),293ehdan(3),;12006.4,11893.8,14458.9,11151.3,0,0,0,0,361.127422931113
142qmcty(3),123edmib(3),293ehdan(3),|142qmcty(3),123edmib(3),293ehdan(3),|123edmib(3),293ehdan(3),|142qmcty(3),123edmib(3),293ehdan(3),;12006.4,11893.8,14458.9,11151.3,0,0,0,0,366.127422931113
142qmcty(3),123edmib(3),293ehdan(3),|142qmcty(3),123edmib(3),293ehdan(3),|123edmib(3),293ehdan(3),|142qmcty(3),123edmib(3),293ehdan(3),;12006.4,11893.8,14458.9,11151.3,0,0,0,0,371.127422931113
142qmcty(3),123edmib(3),293ehdan(3),|142qmcty(3),123edmib(3),293ehdan(3),|123edmib(3),293ehdan(3),|142qmcty(3),123edmib(3),293ehdan(3),;12006.4,11893.8,14458.9,11151.3,0,0,0,0,376.127422931113
142qmcty(3),123edmib(3),293ehdan(3),|142qmcty(3),123edmib(3),293ehdan(3),|123edmib(3),293ehdan(3),|142qmcty(3),123edmib(3),293ehdan(3),;12006.4,11893.8,14458.9,11151.3,0,0,0,0,381.127422931113
142qmcty(3),123edmib(3),293ehdan(3),|142qmcty(3),123edmib(3),293ehdan(3),|123edmib(3),293ehdan(3),|142qmcty(3),123edmib(3),293ehdan(3),;12006.4,11893.8,14458.9,11151.3,0,0,0,0,386.127422931113
123edmib(3),293ehdan(3),328wkgdn(0),|123edmib(3),293ehdan(3),328wkgdn(0),|123edmib(3),293ehdan(3),328wkgdn(0),|123edmib(3),293ehdan(3),328wkgdn(0),;12805.1,13281.3,13281.3,12805.1,13.793287976764,9.368104857498,9.368104857498,13.793287976764,391.127422931113
123edmib(3),293ehdan(3),328wkgdn(2),|123edmib(3),293ehdan(3),328wkgdn(2),|123edmib(3),293ehdan(3),328wkgdn(2),|123edmib(3),293ehdan(3),328wkgdn(2),;12805.1,13281.3,13281.3,12805.1,8.793287976764,4.368104857498,4.368104857498,8.793287976764,396.127422931113
123edmib(3),293ehdan(3),328wkgdn(2),|123edmib(3),293ehdan(3),|123edmib(3),293ehdan(3),|123edmib(3),293ehdan(3),328wkgdn(2),;12805.1,14458.9,14458.9,12805.1,3.793287976764,0,0,3.793287976764,401.127422931113
123edmib(3),293ehdan(3),|123edmib(3),293ehdan(3),|123edmib(3),293ehdan(3),|123edmib(3),293ehdan(3),;14571.5,14458.9,14458.9,14571.5,0,0,0,0,406.127422931113
123edmib(3),293ehdan(3),|123edmib(3),293ehdan(3),|123edmib(3),293ehdan(3),|123edmib(3),293ehdan(3),;14571.5,14458.9,14458.9,14571.5,0,0,0,0,411.127422931113
123edmib(3),293ehdan(3),|123edmib(3),293ehdan(3),|123edmib(3),293ehdan(3),|123edmib(3),293ehdan(3),;14571.5,14458.9,14458.9,14571.5,0,0,0,0,416.127422931113
123edmib(3),293ehdan(3),|123edmib(3),293ehdan(3),|123edmib(3),293ehdan(3),|123edmib(3),293ehdan(3),;14571.5,14458.9,14458.9,14571.5,0,0,0,0,421.127422931113
123edmib(3),293ehdan(3),|123edmib(3),293ehdan(3),|123edmib(3),293ehdan(3),|123edmib(3),293ehdan(3),;14571.5,14458.9,14458.9,14571.5,0,0,0,0,426.127422931113
123edmib(3),293ehdan(3),|123edmib(3),293ehdan(3),|123edmib(3),293ehdan(3),|123edmib(3),293ehdan(3),;14571.5,14458.9,14458.9,14571.5,0,0,0,0,431.127422931113
123edmib(3),293ehdan(3),|123edmib(3),293ehdan(3),|123edmib(3),293ehdan(3),|123edmib(3),293ehdan(3),;14571.5,14458.9,14458.9,14571.5,0,0,0,0,436.127422931113
123edmib(3),293ehdan(3),100vjkpb(0),125qfsvu(0),|123edmib(3),293ehdan(3),100vjkpb(0),125qfsvu(0),|123edmib(3),293ehdan(3),100vjkpb(0),125qfsvu(0),|123edmib(3),293ehdan(3),100vjkpb(0),125qfsvu(0),;10690.5,10511.4,7767.06,10624,37.582555295169,38.082793386912,58.707994708013,38.082793386912,441.127422931113
123edmib(3),293ehdan(3),100vjkpb(2),125qfsvu(1),|123edmib(3),293ehdan(3),100vjkpb(2),125qfsvu(1),|123edmib(3),293ehdan(3),100vjkpb(2),125qfsvu(1),|123edmib(3),293ehdan(3),100vjkpb(2),125qfsvu(1),;10690.5,10511.4,7767.06,10624,32.582555295169,33.082793386912,53.707994708013,33.082793386912,446.127422931113
123edmib(3),293ehdan(3),100vjkpb(2),125qfsvu(1),|123edmib(3),293ehdan(3),125qfsvu(2),|123edmib(3),293ehdan(3),100vjkpb(2),125qfsvu(1),|123edmib(3),293ehdan(3),125qfsvu(2),;10690.5,11448.4,7767.06,11561,27.582555295169,28.082793386912,48.707994708013,28.082793386912,451.127422931113
123edmib(3),293ehdan(3),125qfsvu(2),|123edmib(3),293ehdan(3),125qfsvu(2),|123edmib(3),293ehdan(3),100vjkpb(2),125qfsvu(1),|123edmib(3),293ehdan(3),125qfsvu(2),;12564.4,11448.4,7767.06,11561,22.582555295169,23.082793386912,43.707994708013,23.082793386912,456.127422931113
123edmib(3),293ehdan(3),125qfsvu(2),|123edmib(3),293ehdan(3),125qfsvu(2),|123edmib(3),293ehdan(3),100vjkpb(2),125qfsvu(1),|123edmib(3),293ehdan(3),125qfsvu(2),;12564.4,11448.4,7767.06,11561,17.582555295169,18.082793386912,38.707994708013,18.082793386912,461.127422931113
123edmib(3),293ehdan(3),125qfsvu(2),|123edmib(3),293ehdan(3),125qfsvu(2),|123edmib(3),293ehdan(3),100vjkpb(2),125qfsvu(1),|123edmib(3),293ehdan(3),125qfsvu(2),;12564.4,11448.4,7767.06,11561,12.582555295169,13.082793386912,33.707994708013,13.082793386912,466.127422931113
123edmib(3),293ehdan(3),125qfsvu(3),|123edmib(3),293ehdan(3),125qfsvu(2),|123edmib(3),293ehdan(3),100vjkpb(2),125qfsvu(1),|123edmib(3),293ehdan(3),125qfsvu(2),;12564.4,11448.4,7767.06,11561,7.582555295169,8.082793386912,28.707994708013,8.082793386912,471.127422931113
123edmib(3),293ehdan(3),125qfsvu(3),7ehbcg(0),|123edmib(3),293ehdan(3),125qfsvu(3),7ehbcg(0),|123edmib(3),293ehdan(3),100vjkpb(2),125qfsvu(1),|123edmib(3),293ehdan(3),125qfsvu(3),7ehbcg(0),;10337.2,9221.2,7767.06,9333.8,25.462832011715,25.963070103458,23.707994708013,25.963070103458,476.127422931113
123edmib(3),293ehdan(3),125qfsvu(3),7ehbcg(2),|123edmib(3),293ehdan(3),125qfsvu(3),7ehbcg(2),|123edmib(3),293ehdan(3),100vjkpb(3),125qfsvu(2),|123edmib(3),293ehdan(3),125qfsvu(3),7ehbcg(2),;10337.2,9221.2,7767.06,9333.8,20.462832011715,20.963070103458,18.707994708013,20.963070103458,481.127422931113
123edmib(3),293ehdan(3),125qfsvu(3),7ehbcg(2),|123edmib(3),293ehdan(3),125qfsvu(3),7ehbcg(2),|123edmib(3),293ehdan(3),100vjkpb(3),125qfsvu(2),|123edmib(3),293ehdan(3),125qfsvu(3),7ehbcg(2),;10337.2,9221.2,7767.06,9333.8,15.462832011715,15.963070103458,13.707994708013,15.963070103458,486.127422931113
123edmib(3),293ehdan(3),125qfsvu(3),7ehbcg(2),|123edmib(3),293ehdan(3),125qfsvu(3),7ehbcg(2),|123edmib(3),293ehdan(3),100vjkpb(3),125qfsvu(2),|123edmib(3),293ehdan(3),125qfsvu(3),7ehbcg(2),;10337.2,9221.2,7767.06,9333.8,10.462832011715,10.963070103458,8.707994708013,10.963070103458,491.127422931113
123edmib(3),293ehdan(3),125qfsvu(3),7ehbcg(3),|123edmib(3),293ehdan(3),125qfsvu(3),7ehbcg(3),|123edmib(3),293ehdan(3),100vjkpb(3),125qfsvu(3),|123edmib(3),293ehdan(3),125qfsvu(3),7ehbcg(3),;10337.2,9221.2,7767.06,9333.8,5.462832011715,5.963070103458,3.707994708013,5.963070103458,496.127422931113
123edmib(3),293ehdan(3),125qfsvu(3),7ehbcg(3),|123edmib(3),293ehdan(3),125qfsvu(3),7ehbcg(3),|123edmib(3),293ehdan(3),100vjkpb(3),125qfsvu(3),|123edmib(3),293ehdan(3),125qfsvu(3),7ehbcg(3),;10337.2,9221.2,7767.06,9333.8,0.462832011715,0.963070103458,0,0.963070103458,501.127422931113
123edmib(3),293ehdan(3),125qfsvu(3),7ehbcg(3),|123edmib(3),293ehdan(3),125qfsvu(3),7ehbcg(3),|123edmib(3),293ehdan(3),100vjkpb(3),125qfsvu(3),|123edmib(3),293ehdan(3),125qfsvu(3),7ehbcg(3),;10337.2,9221.2,7767.06,9333.8,0,0,0,0,506.127422931113
123edmib(3),293ehdan(3),125qfsvu(3),7ehbcg(3),|123edmib(3),293ehdan(3),125qfsvu(3),7ehbcg(3),|123edmib(3),293ehdan(3),100vjkpb(3),125qfsvu(3),|123edmib(3),293ehdan(3),125qfsvu(3),7ehbcg(3),;10337.2,9221.2,7767.06,9333.8,0,0,0,0,511.127422931113
123edmib(3),293ehdan(3),125qfsvu(3),7ehbcg(3),|123edmib(3),293ehdan(3),125qfsvu(3),7ehbcg(3),|123edmib(3),293ehdan(3),100vjkpb(3),125qfsvu(3),|123edmib(3),293ehdan(3),125qfsvu(3),7ehbcg(3),;10337.2,9221.2,7767.06,9333.8,0,0,0,0,516.127422931113
123edmib(3),293ehdan(3),125qfsvu(3),7ehbcg(3),|123edmib(3),293ehdan(3),125qfsvu(3),7ehbcg(3),|123edmib(3),293ehdan(3),100vjkpb(3),125qfsvu(3),|123edmib(3),293ehdan(3),125qfsvu(3),7ehbcg(3),;10337.2,9221.2,7767.06,9333.8,0,0,0,0,521.127422931113
123edmib(3),293ehdan(3),125qfsvu(3),7ehbcg(3),|123edmib(3),293ehdan(3),125qfsvu(3),7ehbcg(3),|123edmib(3),293ehdan(3),100vjkpb(3),125qfsvu(3),|123edmib(3),293ehdan(3),125qfsvu(3),7ehbcg(3),;10337.2,9221.2,7767.06,9333.8,0,0,0,0,526.127422931113
123edmib(3),293ehdan(3),125qfsvu(3),7ehbcg(3),|123edmib(3),293ehdan(3),125qfsvu(3),7ehbcg(3),|123edmib(3),293ehdan(3),100vjkpb(3),125qfsvu(3),|123edmib(3),293ehdan(3),125qfsvu(3),7ehbcg(3),;10337.2,9221.2,7767.06,9333.8,0,0,0,0,531.127422931113
123edmib(3),293ehdan(3),125qfsvu(3),7ehbcg(3),|123edmib(3),293ehdan(3),125qfsvu(3),7ehbcg(3),|123edmib(3),293ehdan(3),100vjkpb(3),125qfsvu(3),|123edmib(3),293ehdan(3),125qfsvu(3),7ehbcg(3),;10337.2,9221.2,7767.06,9333.8,0,0,0,0,536.127422931113
123edmib(3),293ehdan(3),125qfsvu(3),7ehbcg(3),|123edmib(3),293ehdan(3),125qfsvu(3),7ehbcg(3),|123edmib(3),293ehdan(3),100vjkpb(3),125qfsvu(3),|123edmib(3),293ehdan(3),125qfsvu(3),7ehbcg(3),;10337.2,9221.2,7767.06,9333.8,0,0,0,0,541.127422931113
123edmib(3),293ehdan(3),125qfsvu(3),7ehbcg(3),|123edmib(3),293ehdan(3),125qfsvu(3),7ehbcg(3),|123edmib(3),293ehdan(3),100vjkpb(3),125qfsvu(3),|123edmib(3),293ehdan(3),125qfsvu(3),7ehbcg(3),;10337.2,9221.2,7767.06,9333.8,0,0,0,0,546.127422931113
123edmib(3),293ehdan(3),125qfsvu(3),7ehbcg(3),|123edmib(3),293ehdan(3),125qfsvu(3),7ehbcg(3),|123edmib(3),293ehdan(3),100vjkpb(3),125qfsvu(3),|123edmib(3),293ehdan(3),125qfsvu(3),7ehbcg(3),;10337.2,9221.2,7767.06,9333.8,0,0,0,0,551.127422931113
123edmib(3),293ehdan(3),125qfsvu(3),7ehbcg(3),|123edmib(3),293ehdan(3),125qfsvu(3),7ehbcg(3),|123edmib(3),293ehdan(3),100vjkpb(3),125qfsvu(3),|123edmib(3),293ehdan(3),125qfsvu(3),7ehbcg(3),;10337.2,9221.2,7767.06,9333.8,0,0,0,0,556.127422931113
123edmib(3),293ehdan(3),125qfsvu(3),|123edmib(3),293ehdan(3),125qfsvu(3),|123edmib(3),293ehdan(3),100vjkpb(3),125qfsvu(3),|123edmib(3),293ehdan(3),125qfsvu(3),;12564.4,11448.4,7767.06,11561,0,0,0,0,561.127422931113
293ehdan(3),125qfsvu(3),|293ehdan(3),125qfsvu(3),|293ehdan(3),100vjkpb(3),125qfsvu(3),|293ehdan(3),125qfsvu(3),;14039,13660.2,9978.9,13035.6,0,0,0,0,566.127422931113
293ehdan(3),125qfsvu(3),|293ehdan(3),125qfsvu(3),|293ehdan(3),100vjkpb(3),125qfsvu(3),|293ehdan(3),125qfsvu(3),;14039,13660.2,9978.9,13035.6,0,0,0,0,571.127422931113
293ehdan(3),125qfsvu(3),|293ehdan(3),125qfsvu(3),|293ehdan(3),125qfsvu(3),|293ehdan(3),125qfsvu(3),;14039,13660.2,14663.7,13035.6,0,0,0,0,576.127422931113
293ehdan(3),125qfsvu(3),|293ehdan(3),125qfsvu(3),|293ehdan(3),125qfsvu(3),|293ehdan(3),125qfsvu(3),;14039,13660.2,14663.7,13035.6,0,0,0,0,581.127422931113
293ehdan(3),125qfsvu(3),|293ehdan(3),125qfsvu(3),|293ehdan(3),125qfsvu(3),|293ehdan(3),125qfsvu(3),;14039,13660.2,14663.7,13035.6,0,0,0,0,586.127422931113
293ehdan(3),125qfsvu(3),|293ehdan(3),125qfsvu(3),|293ehdan(3),125qfsvu(3),|293ehdan(3),125qfsvu(3),;14039,13660.2,14663.7,13035.6,0,0,0,0,591.127422931113
293ehdan(3),125qfsvu(3),|293ehdan(3),125qfsvu(3),|293ehdan(3),125qfsvu(3),|293ehdan(3),125qfsvu(3),;14039,13660.2,14663.7,13035.6,0,0,0,0,596.127422931113
125qfsvu(3),|125qfsvu(3),|125qfsvu(3),|125qfsvu(3),;15912.9,14909.5,15913,14909.5,0,0,0,0,601.127422931113
125qfsvu(3),|125qfsvu(3),|125qfsvu(3),|125qfsvu(3),;15912.9,14909.5,15913,14909.5,0,0,0,0,606.127422931113
125qfsvu(3),|125qfsvu(3),|125qfsvu(3),|125qfsvu(3),;15912.9,14909.5,15913,14909.5,0,0,0,0,611.127422931113
125qfsvu(3),|125qfsvu(3),|125qfsvu(3),|125qfsvu(3),;15912.9,14909.5,15913,14909.5,0,0,0,0,616.127422931113
125qfsvu(3),|125qfsvu(3),|125qfsvu(3),|125qfsvu(3),;15912.9,14909.5,15913,14909.5,0,0,0,0,621.127422931113
125qfsvu(3),|125qfsvu(3),949ipejz(0),|125qfsvu(3),949ipejz(0),|125qfsvu(3),949ipejz(0),;15912.9,13173.8,14177.3,12595.3,0,15.788163410058,15.788163410058,20.211720156235,626.127422931113
125qfsvu(3),|125qfsvu(3),949ipejz(2),|125qfsvu(3),949ipejz(2),|125qfsvu(3),949ipejz(2),;15912.9,13173.8,14177.3,12595.3,0,10.788163410058,10.788163410058,15.211720156235,631.127422931113
125qfsvu(3),|125qfsvu(3),949ipejz(2),|125qfsvu(3),949ipejz(2),|125qfsvu(3),949ipejz(2),;15912.9,13173.8,14177.3,12595.3,0,5.788163410058,5.788163410058,10.211720156235,636.127422931113
125qfsvu(3),306pjztn(0),|125qfsvu(3),949ipejz(2),306pjztn(0),|125qfsvu(3),949ipejz(2),306pjztn(0),|125qfsvu(3),949ipejz(2),306pjztn(0),;13363.1,11474,11627.5,10895.5,21.152635946774,20.48313998825,26.981462287945,24.906696734427,641.127422931113
125qfsvu(3),306pjztn(2),|125qfsvu(3),949ipejz(3),306pjztn(2),|125qfsvu(3),949ipejz(3),306pjztn(2),|125qfsvu(3),949ipejz(3),306pjztn(1),;13363.1,11474,11627.5,10895.5,16.152635946774,15.48313998825,21.981462287945,19.906696734427,646.127422931113
306pjztn(2),|949ipejz(3),306pjztn(2),|949ipejz(3),306pjztn(2),|949ipejz(3),306pjztn(2),;15370.1,14484.6,13634.5,13906.1,11.152635946774,10.48313998825,16.981462287945,14.906696734427,651.127422931113
306pjztn(2),|949ipejz(3),306pjztn(3),|949ipejz(3),306pjztn(2),|949ipejz(3),306pjztn(2),;15370.1,14484.6,13634.5,13906.1,6.152635946774,5.48313998825,11.981462287945,9.906696734427,656.127422931113
306pjztn(2),|949ipejz(3),306pjztn(3),|949ipejz(3),306pjztn(2),|949ipejz(3),306pjztn(3),;15370.1,14484.6,13634.5,13906.1,1.152635946774,0.48313998825,6.981462287945,4.906696734427,661.127422931113
306pjztn(3),|949ipejz(3),306pjztn(3),|949ipejz(3),306pjztn(3),|949ipejz(3),306pjztn(3),;15370.1,14484.6,13634.5,13906.1,0,0,1.981462287945,0,666.127422931113
306pjztn(3),|949ipejz(3),306pjztn(3),|949ipejz(3),306pjztn(3),|949ipejz(3),306pjztn(3),;15370.1,14484.6,13634.5,13906.1,0,0,0,0,671.127422931113
306pjztn(3),|949ipejz(3),306pjztn(3),|949ipejz(3),306pjztn(3),|949ipejz(3),306pjztn(3),;15370.1,14484.6,13634.5,13906.1,0,0,0,0,676.127422931113
306pjztn(3),|949ipejz(3),306pjztn(3),|949ipejz(3),306pjztn(3),|949ipejz(3),306pjztn(3),;15370.1,14484.6,13634.5,13906.1,0,0,0,0,681.127422931113
306pjztn(3),|949ipejz(3),306pjztn(3),|949ipejz(3),306pjztn(3),|949ipejz(3),306pjztn(3),;15370.1,14484.6,13634.5,13906.1,0,0,0,0,686.127422931113
306pjztn(3),|949ipejz(3),306pjztn(3),|949ipejz(3),306pjztn(3),|949ipejz(3),306pjztn(3),;15370.1,14484.6,13634.5,13906.1,0,0,0,0,691.127422931113
306pjztn(3),|949ipejz(3),306pjztn(3),|949ipejz(3),306pjztn(3),|949ipejz(3),306pjztn(3),;15370.1,14484.6,13634.5,13906.1,0,0,0,0,696.127422931113
306pjztn(3),|949ipejz(3),306pjztn(3),|949ipejz(3),306pjztn(3),|949ipejz(3),306pjztn(3),;15370.1,14484.6,13634.5,13906.1,0,0,0,0,701.127422931113
306pjztn(3),|949ipejz(3),306pjztn(3),|949ipejz(3),306pjztn(3),|949ipejz(3),306pjztn(3),;15370.1,14484.6,13634.5,13906.1,0,0,0,0,706.127422931113
306pjztn(3),|306pjztn(3),|306pjztn(3),|306pjztn(3),;15370.1,16220.3,15370.2,16220.3,0,0,0,0,711.127422931113
306pjztn(3),|306pjztn(3),|306pjztn(3),|306pjztn(3),;15370.1,16220.3,15370.2,16220.3,0,0,0,0,716.127422931113
|||;17919.9,17920.1,17920,17920.1,0,0,0,0,721.127422931113
|||;17919.9,17920.1,17920,17920.1,0,0,0,0,726.127422931113
|||;17919.9,17920.1,17920,17920.1,0,0,0,0,731.127422931113
|||;17919.9,17920.1,17920,17920.1,0,0,0,0,736.127422931113
|||;17919.9,17920.1,17920,17920.1,0,0,0,0,741.127422931113
|||;17919.9,17920.1,17920,17920.1,0,0,0,0,746.127422931113
|||;17919.9,17920.1,17920,17920.1,0,0,0,0,751.127422931113
|||;17919.9,17920.1,17920,17920.1,0,0,0,0,756.127422931113
|||;17919.9,17920.1,17920,17920.1,0,0,0,0,761.127422931113
|||;17919.9,17920.1,17920,17920.1,0,0,0,0,766.127422931113
|||;17919.9,17920.1,17920,17920.1,0,0,0,0,771.127422931113
|||;17919.9,17920.1,17920,17920.1,0,0,0,0,776.127422931113
|||;17919.9,17920.1,17920,17920.1,0,0,0,0,781.127422931113
|||;17919.9,17920.1,17920,17920.1,0,0,0,0,786.127422931113
|||;17919.9,17920.1,17920,17920.1,0,0,0,0,791.127422931113
|||;17919.9,17920.1,17920,17920.1,0,0,0,0,796.127422931113
|||;17919.9,17920.1,17920,17920.1,0,0,0,0,801.127422931113
|||;17919.9,17920.1,17920,17920.1,0,0,0,0,806.127422931113
|||;17919.9,17920.1,17920,17920.1,0,0,0,0,811.127422931113
|||;17919.9,17920.1,17920,17920.1,0,0,0,0,816.127422931113
|||;17919.9,17920.1,17920,17920.1,0,0,0,0,821.127422931113
|||;17919.9,17920.1,17920,17920.1,0,0,0,0,826.127422931113
|||;17919.9,17920.1,17920,17920.1,0,0,0,0,831.127422931113
|||;17919.9,17920.1,17920,17920.1,0,0,0,0,836.127422931113
|||;17919.9,17920.1,17920,17920.1,0,0,0,0,841.127422931113
|||;17919.9,17920.1,17920,17920.1,0,0,0,0,846.127422931113
|||;17919.9,17920.1,17920,17920.1,0,0,0,0,851.127422931113
|||;17919.9,17920.1,17920,17920.1,0,0,0,0,856.127422931113
|||;17919.9,17920.1,17920,17920.1,0,0,0,0,861.127422931113
|||;17919.9,17920.1,17920,17920.1,0,0,0,0,866.127422931113
|||;17919.9,17920.1,17920,17920.1,0,0,0,0,871.127422931113
|||;17919.9,17920.1,17920,17920.1,0,0,0,0,876.127422931113
|||;17919.9,17920.1,17920,17920.1,0,0,0,0,881.127422931113
|||;17919.9,17920.1,17920,17920.1,0,0,0,0,886.127422931113
|||;17919.9,17920.1,17920,17920.1,0,0,0,0,891.127422931113
|||;17919.9,17920.1,17920,17920.1,0,0,0,0,896.127422931113
|||;17919.9,17920.1,17920,17920.1,0,0,0,0,901.127422931113
|||;17919.9,17920.1,17920,17920.1,0,0,0,0,906.127422931113
|||;17919.9,17920.1,17920,17920.1,0,0,0,0,911.127422931113
|||;17919.9,17920.1,17920,17920.1,0,0,0,0,916.127422931113
|||;17919.9,17920.1,17920,17920.1,0,0,0,0,921.127422931113
|||;17919.9,17920.1,17920,17920.1,0,0,0,0,926.127422931113
|||;17919.9,17920.1,17920,17920.1,0,0,0,0,931.127422931113
|||;17919.9,17920.1,17920,17920.1,0,0,0,0,936.127422931113
|||;17919.9,17920.1,17920,17920.1,0,0,0,0,941.127422931113
|||;17919.9,17920.1,17920,17920.1,0,0,0,0,946.127422931113
|||;17919.9,17920.1,17920,17920.1,0,0,0,0,951.127422931113
|||;17919.9,17920.1,17920,17920.1,0,0,0,0,956.127422931113
|||;17919.9,17920.1,17920,17920.1,0,0,0,0,961.127422931113
|||;17919.9,17920.1,17920,17920.1,0,0,0,0,966.127422931113
|||;17919.9,17920.1,17920,17920.1,0,0,0,0,971.127422931113
|||;17919.9,17920.1,17920,17920.1,0,0,0,0,976.127422931113
|||;17919.9,17920.1,17920,17920.1,0,0,0,0,981.127422931113
|||;17919.9,17920.1,17920,17920.1,0,0,0,0,986.127422931113
|||;17919.9,17920.1,17920,17920.1,0,0,0,0,991.127422931113
|||;17919.9,17920.1,17920,17920.1,0,0,0,0,996.127422931113
|||;17919.9,17920.1,17920,17920.1,0,0,0,0,1001.127422931113
|||;17919.9,17920.1,17920,17920.1,0,0,0,0,1006.127422931113
|||;17919.9,17920.1,17920,17920.1,0,0,0,0,1011.127422931113
|||;17919.9,17920.1,17920,17920.1,0,0,0,0,1016.127422931113
|||;17919.9,17920.1,17920,17920.1,0,0,0,0,1021.127422931113
|||;17919.9,17920.1,17920,17920.1,0,0,0,0,1026.127422931113
|||;17919.9,17920.1,17920,17920.1,0,0,0,0,1031.127422931113
|||;17919.9,17920.1,17920,17920.1,0,0,0,0,1036.127422931113
|||;17919.9,17920.1,17920,17920.1,0,0,0,0,1041.127422931113
|||;17919.9,17920.1,17920,17920.1,0,0,0,0,1046.127422931113
|||;17919.9,17920.1,17920,17920.1,0,0,0,0,1051.127422931113
|||;17919.9,17920.1,17920,17920.1,0,0,0,0,1056.127422931113
334fkdjb(2),|334fkdjb(2),|334fkdjb(2),|334fkdjb(2),;16342.9,16343.1,16343,14766.2,11.13836342527,11.13836342527,11.13836342527,22.990158214261,1061.127422931113
334fkdjb(2),|334fkdjb(2),|334fkdjb(2),|334fkdjb(2),;16342.9,16343.1,16343,14766.2,6.13836342527,6.13836342527,6.13836342527,17.990158214261,1066.127422931113
334fkdjb(2),|334fkdjb(2),|334fkdjb(2),|334fkdjb(2),;16342.9,16343.1,16343,14766.2,1.13836342527,1.13836342527,1.13836342527,12.990158214261,1071.127422931113
|||334fkdjb(2),;17919.9,17920.1,17920,14766.2,0,0,0,7.990158214261,1076.127422931113
|||334fkdjb(2),;17919.9,17920.1,17920,14766.2,0,0,0,2.990158214261,1081.127422931113
|||334fkdjb(3),;17919.9,17920.1,17920,14766.2,0,0,0,0,1086.127422931113
|||334fkdjb(3),;17919.9,17920.1,17920,14766.2,0,0,0,0,1091.127422931113
|||334fkdjb(3),;17919.9,17920.1,17920,14766.2,0,0,0,0,1096.127422931113
|||334fkdjb(3),;17919.9,17920.1,17920,14766.2,0,0,0,0,1101.127422931113
|||334fkdjb(3),;17919.9,17920.1,17920,14766.2,0,0,0,0,1106.127422931113
|||334fkdjb(3),;17919.9,17920.1,17920,14766.2,0,0,0,0,1111.127422931113
|||334fkdjb(3),;17919.9,17920.1,17920,14766.2,0,0,0,0,1116.127422931113
|||334fkdjb(3),;17919.9,17920.1,17920,14766.2,0,0,0,0,1121.127422931113
|||334fkdjb(3),;17919.9,17920.1,17920,14766.2,0,0,0,0,1126.127422931113
|||;17919.9,17920.1,17920,17920.1,0,0,0,0,1131.127422931113
|||;17919.9,17920.1,17920,17920.1,0,0,0,0,1136.127422931113
|||;17919.9,17920.1,17920,17920.1,0,0,0,0,1141.127422931113
|||;17919.9,17920.1,17920,17920.1,0,0,0,0,1146.127422931113
|||;17919.9,17920.1,17920,17920.1,0,0,0,0,1151.127422931113
|||;17919.9,17920.1,17920,17920.1,0,0,0,0,1156.127422931113
|||;17919.9,17920.1,17920,17920.1,0,0,0,0,1161.127422931113
|||;17919.9,17920.1,17920,17920.1,0,0,0,0,1166.127422931113
|||;17919.9,17920.1,17920,17920.1,0,0,0,0,1171.127422931113
|||;17919.9,17920.1,17920,17920.1,0,0,0,0,1176.127422931113
|||;17919.9,17920.1,17920,17920.1,0,0,0,0,1181.127422931113
|||;17919.9,17920.1,17920,17920.1,0,0,0,0,1186.127422931113
|||;17919.9,17920.1,17920,17920.1,0,0,0,0,1191.127422931113
|||;17919.9,17920.1,17920,17920.1,0,0,0,0,1196.127422931113
|||;17919.9,17920.1,17920,17920.1,0,0,0,0,1201.127422931113
|||;17919.9,17920.1,17920,17920.1,0,0,0,0,1206.127422931113
|||;17919.9,17920.1,17920,17920.1,0,0,0,0,1211.127422931113
|||;17919.9,17920.1,17920,17920.1,0,0,0,0,1216.127422931113
|||;17919.9,17920.1,17920,17920.1,0,0,0,0,1221.127422931113
|||;17919.9,17920.1,17920,17920.1,0,0,0,0,1226.127422931113
|||;17919.9,17920.1,17920,17920.1,0,0,0,0,1231.127422931113
|||;17919.9,17920.1,17920,17920.1,0,0,0,0,1236.127422931113
|||;17919.9,17920.1,17920,17920.1,0,0,0,0,1241.127422931113
|||;17919.9,17920.1,17920,17920.1,0,0,0,0,1246.127422931113
|||;17919.9,17920.1,17920,17920.1,0,0,0,0,1251.127422931113
|||;17919.9,17920.1,17920,17920.1,0,0,0,0,1256.127422931113
|||;17919.9,17920.1,17920,17920.1,0,0,0,0,1261.127422931113
|||;17919.9,17920.1,17920,17920.1,0,0,0,0,1266.127422931113
|||;17919.9,17920.1,17920,17920.1,0,0,0,0,1271.127422931113
|||;17919.9,17920.1,17920,17920.1,0,0,0,0,1276.127422931113
|||;17919.9,17920.1,17920,17920.1,0,0,0,0,1281.127422931113
485irzpa(2),|485irzpa(2),|485irzpa(2),|485irzpa(2),;15139.7,16066.7,16066.6,15139.9,17.240872426528,10.155352328668,10.155352328668,17.240872426528,1286.127422931113
485irzpa(2),510upqsg(1),|485irzpa(2),510upqsg(1),|485irzpa(2),510upqsg(1),|485irzpa(2),510upqsg(1),;13470.6,13563,13562.9,13470.8,28.922185369524,28.217548011725,28.217548011725,28.922185369524,1291.127422931113
485irzpa(2),510upqsg(1),|510upqsg(2),|510upqsg(2),|485irzpa(2),510upqsg(1),;13470.6,15416.4,15416.3,13470.8,23.922185369524,23.217548011725,23.217548011725,23.922185369524,1296.127422931113
485irzpa(2),510upqsg(1),|510upqsg(2),|510upqsg(2),|485irzpa(2),510upqsg(1),;13470.6,15416.4,15416.3,13470.8,18.922185369524,18.217548011725,18.217548011725,18.922185369524,1301.127422931113
510upqsg(2),|510upqsg(2),|510upqsg(2),|510upqsg(2),;16250.8,15416.4,15416.3,16251,13.922185369524,13.217548011725,13.217548011725,13.922185369524,1306.127422931113
510upqsg(2),|510upqsg(2),|510upqsg(2),|510upqsg(2),;16250.8,15416.4,15416.3,16251,8.922185369524,8.217548011725,8.217548011725,8.922185369524,1311.127422931113
510upqsg(3),|510upqsg(3),|510upqsg(3),|510upqsg(3),;16250.8,15416.4,15416.3,16251,3.922185369524,3.217548011725,3.217548011725,3.922185369524,1316.127422931113
510upqsg(3),|510upqsg(3),|510upqsg(3),|510upqsg(3),;16250.8,15416.4,15416.3,16251,0,0,0,0,1321.127422931113
510upqsg(3),|510upqsg(3),|510upqsg(3),|510upqsg(3),;16250.8,15416.4,15416.3,16251,0,0,0,0,1326.127422931113
510upqsg(3),|510upqsg(3),|510upqsg(3),|510upqsg(3),;16250.8,15416.4,15416.3,16251,0,0,0,0,1331.127422931113
510upqsg(3),|510upqsg(3),|510upqsg(3),|510upqsg(3),;16250.8,15416.4,15416.3,16251,0,0,0,0,1336.127422931113
510upqsg(3),|510upqsg(3),|510upqsg(3),|510upqsg(3),;16250.8,15416.4,15416.3,16251,0,0,0,0,1341.127422931113
510upqsg(3),|510upqsg(3),|510upqsg(3),|510upqsg(3),;16250.8,15416.4,15416.3,16251,0,0,0,0,1346.127422931113
510upqsg(3),|510upqsg(3),|510upqsg(3),|510upqsg(3),;16250.8,15416.4,15416.3,16251,0,0,0,0,1351.127422931113
510upqsg(3),|510upqsg(3),|510upqsg(3),|510upqsg(3),;16250.8,15416.4,15416.3,16251,0,0,0,0,1356.127422931113
510upqsg(3),|510upqsg(3),|510upqsg(3),|510upqsg(3),;16250.8,15416.4,15416.3,16251,0,0,0,0,1361.127422931113
510upqsg(3),|510upqsg(3),|510upqsg(3),|510upqsg(3),;16250.8,15416.4,15416.3,16251,0,0,0,0,1366.127422931113
510upqsg(3),|510upqsg(3),|510upqsg(3),|510upqsg(3),;16250.8,15416.4,15416.3,16251,0,0,0,0,1371.127422931113
510upqsg(3),|510upqsg(3),|510upqsg(3),|510upqsg(3),;16250.8,15416.4,15416.3,16251,0,0,0,0,1376.127422931113
510upqsg(3),|510upqsg(3),|510upqsg(3),|510upqsg(3),;16250.8,15416.4,15416.3,16251,0,0,0,0,1381.127422931113
510upqsg(3),|510upqsg(3),|510upqsg(3),|510upqsg(3),;16250.8,15416.4,15416.3,16251,0,0,0,0,1386.127422931113
510upqsg(3),|510upqsg(3),|510upqsg(3),|510upqsg(3),;16250.8,15416.4,15416.3,16251,0,0,0,0,1391.127422931113
510upqsg(3),|510upqsg(3),|510upqsg(3),|510upqsg(3),;16250.8,15416.4,15416.3,16251,0,0,0,0,1396.127422931113
510upqsg(3),|510upqsg(3),|510upqsg(3),|510upqsg(3),;16250.8,15416.4,15416.3,16251,0,0,0,0,1401.127422931113
510upqsg(3),|510upqsg(3),|510upqsg(3),|510upqsg(3),;16250.8,15416.4,15416.3,16251,0,0,0,0,1406.127422931113
510upqsg(3),|510upqsg(3),|510upqsg(3),|510upqsg(3),;16250.8,15416.4,15416.3,16251,0,0,0,0,1411.127422931113
510upqsg(3),|510upqsg(3),|510upqsg(3),|510upqsg(3),;16250.8,15416.4,15416.3,16251,0,0,0,0,1416.127422931113
510upqsg(3),|510upqsg(3),|510upqsg(3),|510upqsg(3),;16250.8,15416.4,15416.3,16251,0,0,0,0,1421.127422931113
510upqsg(3),|510upqsg(3),|510upqsg(3),|510upqsg(3),;16250.8,15416.4,15416.3,16251,0,0,0,0,1426.127422931113
510upqsg(3),|510upqsg(3),|510upqsg(3),|510upqsg(3),;16250.8,15416.4,15416.3,16251,0,0,0,0,1431.127422931113
510upqsg(3),|510upqsg(3),|510upqsg(3),|510upqsg(3),;16250.8,15416.4,15416.3,16251,0,0,0,0,1436.127422931113
510upqsg(3),|510upqsg(3),|510upqsg(3),|510upqsg(3),;16250.8,15416.4,15416.3,16251,0,0,0,0,1441.127422931113
510upqsg(3),|510upqsg(3),|510upqsg(3),|510upqsg(3),;16250.8,15416.4,15416.3,16251,0,0,0,0,1446.127422931113
510upqsg(3),|510upqsg(3),|510upqsg(3),|510upqsg(3),;16250.8,15416.4,15416.3,16251,0,0,0,0,1451.127422931113
510upqsg(3),|510upqsg(3),|510upqsg(3),|510upqsg(3),;16250.8,15416.4,15416.3,16251,0,0,0,0,1456.127422931113
510upqsg(3),|510upqsg(3),|510upqsg(3),|510upqsg(3),;16250.8,15416.4,15416.3,16251,0,0,0,0,1461.127422931113
510upqsg(3),|510upqsg(3),|510upqsg(3),|510upqsg(3),;16250.8,15416.4,15416.3,16251,0,0,0,0,1466.127422931113
510upqsg(3),|510upqsg(3),|510upqsg(3),|510upqsg(3),;16250.8,15416.4,15416.3,16251,0,0,0,0,1471.127422931113
510upqsg(3),|510upqsg(3),|510upqsg(3),|510upqsg(3),;16250.8,15416.4,15416.3,16251,0,0,0,0,1476.127422931113
510upqsg(3),|510upqsg(3),|510upqsg(3),|510upqsg(3),;16250.8,15416.4,15416.3,16251,0,0,0,0,1481.127422931113
510upqsg(3),|510upqsg(3),|510upqsg(3),|510upqsg(3),;16250.8,15416.4,15416.3,16251,0,0,0,0,1486.127422931113
510upqsg(3),|510upqsg(3),|510upqsg(3),|510upqsg(3),;16250.8,15416.4,15416.3,16251,0,0,0,0,1491.127422931113
510upqsg(3),|510upqsg(3),|510upqsg(3),|510upqsg(3),;16250.8,15416.4,15416.3,16251,0,0,0,0,1496.127422931113
510upqsg(3),|510upqsg(3),|510upqsg(3),|510upqsg(3),;16250.8,15416.4,15416.3,16251,0,0,0,0,1501.127422931113
510upqsg(3),|510upqsg(3),|510upqsg(3),|510upqsg(3),;16250.8,15416.4,15416.3,16251,0,0,0,0,1506.127422931113
510upqsg(3),|510upqsg(3),|510upqsg(3),|510upqsg(3),;16250.8,15416.4,15416.3,16251,0,0,0,0,1511.127422931113
510upqsg(3),|510upqsg(3),|510upqsg(3),|510upqsg(3),;16250.8,15416.4,15416.3,16251,0,0,0,0,1516.127422931113
510upqsg(3),|510upqsg(3),|510upqsg(3),|510upqsg(3),;16250.8,15416.4,15416.3,16251,0,0,0,0,1521.127422931113
510upqsg(3),|510upqsg(3),|510upqsg(3),|510upqsg(3),;16250.8,15416.4,15416.3,16251,0,0,0,0,1526.127422931113
510upqsg(3),|510upqsg(3),|510upqsg(3),|510upqsg(3),;16250.8,15416.4,15416.3,16251,0,0,0,0,1531.127422931113
510upqsg(3),|510upqsg(3),|510upqsg(3),|510upqsg(3),;16250.8,15416.4,15416.3,16251,0,0,0,0,1536.127422931113
510upqsg(3),|510upqsg(3),|510upqsg(3),|510upqsg(3),;16250.8,15416.4,15416.3,16251,0,0,0,0,1541.127422931113
510upqsg(3),|510upqsg(3),|510upqsg(3),|510upqsg(3),;16250.8,15416.4,15416.3,16251,0,0,0,0,1546.127422931113
510upqsg(3),|510upqsg(3),|510upqsg(3),|510upqsg(3),;16250.8,15416.4,15416.3,16251,0,0,0,0,1551.127422931113
510upqsg(3),155esgcj(2),|510upqsg(3),|510upqsg(3),155esgcj(2),|510upqsg(3),;12974,15416.4,12139.5,16251,22.281008907716,0,22.281008907716,0,1556.127422931113
510upqsg(3),155esgcj(2),|510upqsg(3),|510upqsg(3),155esgcj(2),|510upqsg(3),;12974,15416.4,12139.5,16251,17.281008907716,0,17.281008907716,0,1561.127422931113
510upqsg(3),155esgcj(2),|510upqsg(3),|510upqsg(3),155esgcj(2),|510upqsg(3),;12974,15416.4,12139.5,16251,12.281008907716,0,12.281008907716,0,1566.127422931113
510upqsg(3),155esgcj(2),|510upqsg(3),|510upqsg(3),155esgcj(2),|510upqsg(3),;12974,15416.4,12139.5,16251,7.281008907716,0,7.281008907716,0,1571.127422931113
510upqsg(3),155esgcj(2),|510upqsg(3),|510upqsg(3),155esgcj(2),|510upqsg(3),;12974,15416.4,12139.5,16251,2.281008907716,0,2.281008907716,0,1576.127422931113
510upqsg(3),155esgcj(3),|510upqsg(3),|510upqsg(3),155esgcj(3),|510upqsg(3),;12974,15416.4,12139.5,16251,0,0,0,0,1581.127422931113
510upqsg(3),155esgcj(3),|510upqsg(3),|510upqsg(3),155esgcj(3),|510upqsg(3),;12974,15416.4,12139.5,16251,0,0,0,0,1586.127422931113
510upqsg(3),155esgcj(3),|510upqsg(3),|510upqsg(3),155esgcj(3),|510upqsg(3),;12974,15416.4,12139.5,16251,0,0,0,0,1591.127422931113
510upqsg(3),155esgcj(3),|510upqsg(3),|510upqsg(3),155esgcj(3),|510upqsg(3),;12974,15416.4,12139.5,16251,0,0,0,0,1596.127422931113
510upqsg(3),155esgcj(3),|510upqsg(3),|510upqsg(3),155esgcj(3),|510upqsg(3),;12974,15416.4,12139.5,16251,0,0,0,0,1601.127422931113
510upqsg(3),155esgcj(3),|510upqsg(3),|510upqsg(3),155esgcj(3),|510upqsg(3),;12974,15416.4,12139.5,16251,0,0,0,0,1606.127422931113
510upqsg(3),155esgcj(3),|510upqsg(3),|510upqsg(3),155esgcj(3),|510upqsg(3),;12974,15416.4,12139.5,16251,0,0,0,0,1611.127422931113
510upqsg(3),155esgcj(3),|510upqsg(3),|510upqsg(3),155esgcj(3),|510upqsg(3),;12974,15416.4,12139.5,16251,0,0,0,0,1616.127422931113
155esgcj(3),||155esgcj(3),|;14643.1,17920.1,14643.2,17920.1,0,0,0,0,1621.127422931113
155esgcj(3),||155esgcj(3),|;14643.1,17920.1,14643.2,17920.1,0,0,0,0,1626.127422931113
155esgcj(3),||155esgcj(3),|;14643.1,17920.1,14643.2,17920.1,0,0,0,0,1631.127422931113
155esgcj(3),||155esgcj(3),|;14643.1,17920.1,14643.2,17920.1,0,0,0,0,1636.127422931113
155esgcj(3),254anlbr(2),|254anlbr(2),|155esgcj(3),254anlbr(2),|254anlbr(2),;12974,16251,12974.1,16251,10.172519114382,10.172519114382,10.172519114382,10.172519114382,1641.127422931113
155esgcj(3),254anlbr(2),|254anlbr(2),|155esgcj(3),254anlbr(2),|254anlbr(2),;12974,16251,12974.1,16251,5.172519114382,5.172519114382,5.172519114382,5.172519114382,1646.127422931113
155esgcj(3),254anlbr(2),|254anlbr(2),|155esgcj(3),254anlbr(2),|254anlbr(2),;12974,16251,12974.1,16251,0.172519114382,0.172519114382,0.172519114382,0.172519114382,1651.127422931113
155esgcj(3),||155esgcj(3),|;14643.1,17920.1,14643.2,17920.1,0,0,0,0,1656.127422931113
155esgcj(3),||155esgcj(3),|;14643.1,17920.1,14643.2,17920.1,0,0,0,0,1661.127422931113
155esgcj(3),||155esgcj(3),|;14643.1,17920.1,14643.2,17920.1,0,0,0,0,1666.127422931113
155esgcj(3),||155esgcj(3),|;14643.1,17920.1,14643.2,17920.1,0,0,0,0,1671.127422931113
155esgcj(3),||155esgcj(3),|;14643.1,17920.1,14643.2,17920.1,0,0,0,0,1676.127422931113
155esgcj(3),||155esgcj(3),|;14643.1,17920.1,14643.2,17920.1,0,0,0,0,1681.127422931113
155esgcj(3),||155esgcj(3),|;14643.1,17920.1,14643.2,17920.1,0,0,0,0,1686.127422931113
155esgcj(3),||155esgcj(3),|;14643.1,17920.1,14643.2,17920.1,0,0,0,0,1691.127422931113
155esgcj(3),||155esgcj(3),|;14643.1,17920.1,14643.2,17920.1,0,0,0,0,1696.127422931113
155esgcj(3),||155esgcj(3),|;14643.1,17920.1,14643.2,17920.1,0,0,0,0,1701.127422931113
155esgcj(3),||155esgcj(3),|;14643.1,17920.1,14643.2,17920.1,0,0,0,0,1706.127422931113
155esgcj(3),||155esgcj(3),|;14643.1,17920.1,14643.2,17920.1,0,0,0,0,1711.127422931113
155esgcj(3),||155esgcj(3),|;14643.1,17920.1,14643.2,17920.1,0,0,0,0,1716.127422931113
155esgcj(3),||155esgcj(3),|;14643.1,17920.1,14643.2,17920.1,0,0,0,0,1721.127422931113
155esgcj(3),||155esgcj(3),|;14643.1,17920.1,14643.2,17920.1,0,0,0,0,1726.127422931113
155esgcj(3),||155esgcj(3),|;14643.1,17920.1,14643.2,17920.1,0,0,0,0,1731.127422931113
155esgcj(3),||155esgcj(3),|;14643.1,17920.1,14643.2,17920.1,0,0,0,0,1736.127422931113
155esgcj(3),||155esgcj(3),|;14643.1,17920.1,14643.2,17920.1,0,0,0,0,1741.127422931113
155esgcj(3),||155esgcj(3),|;14643.1,17920.1,14643.2,17920.1,0,0,0,0,1746.127422931113
155esgcj(3),||155esgcj(3),|;14643.1,17920.1,14643.2,17920.1,0,0,0,0,1751.127422931113
155esgcj(3),||155esgcj(3),|;14643.1,17920.1,14643.2,17920.1,0,0,0,0,1756.127422931113
155esgcj(3),||155esgcj(3),|;14643.1,17920.1,14643.2,17920.1,0,0,0,0,1761.127422931113
155esgcj(3),||155esgcj(3),|;14643.1,17920.1,14643.2,17920.1,0,0,0,0,1766.127422931113
155esgcj(3),||155esgcj(3),|;14643.1,17920.1,14643.2,17920.1,0,0,0,0,1771.127422931113
155esgcj(3),||155esgcj(3),|;14643.1,17920.1,14643.2,17920.1,0,0,0,0,1776.127422931113
155esgcj(3),||155esgcj(3),|;14643.1,17920.1,14643.2,17920.1,0,0,0,0,1781.127422931113
155esgcj(3),||155esgcj(3),|;14643.1,17920.1,14643.2,17920.1,0,0,0,0,1786.127422931113
155esgcj(3),||155esgcj(3),|;14643.1,17920.1,14643.2,17920.1,0,0,0,0,1791.127422931113
155esgcj(3),||155esgcj(3),|;14643.1,17920.1,14643.2,17920.1,0,0,0,0,1796.127422931113
155esgcj(3),||155esgcj(3),|;14643.1,17920.1,14643.2,17920.1,0,0,0,0,1801.127422931113
155esgcj(3),||155esgcj(3),|;14643.1,17920.1,14643.2,17920.1,0,0,0,0,1806.127422931113
155esgcj(3),||155esgcj(3),|;14643.1,17920.1,14643.2,17920.1,0,0,0,0,1811.127422931113
155esgcj(3),||155esgcj(3),|;14643.1,17920.1,14643.2,17920.1,0,0,0,0,1816.127422931113
155esgcj(3),||155esgcj(3),|;14643.1,17920.1,14643.2,17920.1,0,0,0,0,1821.127422931113
155esgcj(3),||155esgcj(3),|;14643.1,17920.1,14643.2,17920.1,0,0,0,0,1826.127422931113
155esgcj(3),||155esgcj(3),|;14643.1,17920.1,14643.2,17920.1,0,0,0,0,1831.127422931113
155esgcj(3),||155esgcj(3),|;14643.1,17920.1,14643.2,17920.1,0,0,0,0,1836.127422931113
155esgcj(3),||155esgcj(3),|;14643.1,17920.1,14643.2,17920.1,0,0,0,0,1841.127422931113
155esgcj(3),||155esgcj(3),|;14643.1,17920.1,14643.2,17920.1,0,0,0,0,1846.127422931113
|||;17919.9,17920.1,17920,17920.1,0,0,0,0,1851.127422931113
242kjvlt(2),|242kjvlt(2),|242kjvlt(2),|242kjvlt(2),;16465.8,16466,15738.9,15739,6.972892897888,6.972892897888,12.437032053852,12.437032053852,1856.127422931113
242kjvlt(2),|242kjvlt(2),|242kjvlt(2),|242kjvlt(2),;16465.8,16466,15738.9,15739,1.972892897888,1.972892897888,7.437032053852,7.437032053852,1861.127422931113
||242kjvlt(2),|242kjvlt(2),;17919.9,17920.1,15738.9,15739,0,0,2.437032053852,2.437032053852,1866.127422931113
|||;17919.9,17920.1,17920,17920.1,0,0,0,0,1871.127422931113
|||;17919.9,17920.1,17920,17920.1,0,0,0,0,1876.127422931113
|||;17919.9,17920.1,17920,17920.1,0,0,0,0,1881.127422931113
|||;17919.9,17920.1,17920,17920.1,0,0,0,0,1886.127422931113
|||;17919.9,17920.1,17920,17920.1,0,0,0,0,1891.127422931113
|||;17919.9,17920.1,17920,17920.1,0,0,0,0,1896.127422931113
|||;17919.9,17920.1,17920,17920.1,0,0,0,0,1901.127422931113
|||;17919.9,17920.1,17920,17920.1,0,0,0,0,1906.127422931113
|||;17919.9,17920.1,17920,17920.1,0,0,0,0,1911.127422931113
|||;17919.9,17920.1,17920,17920.1,0,0,0,0,1916.127422931113
|||;17919.9,17920.1,17920,17920.1,0,0,0,0,1921.127422931113
|||;17919.9,17920.1,17920,17920.1,0,0,0,0,1926.127422931113
|||;17919.9,17920.1,17920,17920.1,0,0,0,0,1931.127422931113
|||;17919.9,17920.1,17920,17920.1,0,0,0,0,1936.127422931113
|||;17919.9,17920.1,17920,17920.1,0,0,0,0,1941.127422931113
|||;17919.9,17920.1,17920,17920.1,0,0,0,0,1946.127422931113
|||;17919.9,17920.1,17920,17920.1,0,0,0,0,1951.127422931113
|||;17919.9,17920.1,17920,17920.1,0,0,0,0,1956.127422931113
|||;17919.9,17920.1,17920,17920.1,0,0,0,0,1961.127422931113
|||;17919.9,17920.1,17920,17920.1,0,0,0,0,1966.127422931113
|||;17919.9,17920.1,17920,17920.1,0,0,0,0,1971.127422931113
|||;17919.9,17920.1,17920,17920.1,0,0,0,0,1976.127422931113
|||;17919.9,17920.1,17920,17920.1,0,0,0,0,1981.127422931113
|||;17919.9,17920.1,17920,17920.1,0,0,0,0,1986.127422931113
|||;17919.9,17920.1,17920,17920.1,0,0,0,0,1991.127422931113
|||;17919.9,17920.1,17920,17920.1,0,0,0,0,1996.127422931113
