|||;18739,18739,18739,18739,0,0,0,0,1.118293333196
|||;18739,18739,18739,18739,0,0,0,0,6.118293333196
|||;18739,18739,18739,18739,0,0,0,0,11.118293333196
|||;18739,18739,18739,18739,0,0,0,0,16.118293333196
|||;18739,18739,18739,18739,0,0,0,0,21.118293333196
|||;18739,18739,18739,18739,0,0,0,0,26.118293333196
|||;18739,18739,18739,18739,0,0,0,0,31.118293333196
|||;18739,18739,18739,18739,0,0,0,0,36.118293333196
|||;18739,18739,18739,18739,0,0,0,0,41.118293333196
|||;18739,18739,18739,18739,0,0,0,0,46.118293333196
|||;18739,18739,18739,18739,0,0,0,0,51.118293333196
|||;18739,18739,18739,18739,0,0,0,0,56.118293333196
|||;18739,18739,18739,18739,0,0,0,0,61.118293333196
|||;18739,18739,18739,18739,0,0,0,0,66.118293333196
|||;18739,18739,18739,18739,0,0,0,0,71.118293333196
|||;18739,18739,18739,18739,0,0,0,0,76.118293333196
|||;18739,18739,18739,18739,0,0,0,0,81.118293333196
|||;18739,18739,18739,18739,0,0,0,0,86.118293333196
||757plbsa(2),|;18739,18739,12748.6,18739,0,0,32.519227398357,0,91.118293333196
||757plbsa(2),|;18739,18739,12748.6,18739,0,0,27.519227398357,0,96.118293333196
||757plbsa(2),|;18739,18739,12748.6,18739,0,0,22.519227398357,0,101.118293333196
||757plbsa(2),|;18739,18739,12748.6,18739,0,0,17.519227398357,0,106.118293333196
||757plbsa(2),|;18739,18739,12748.6,18739,0,0,12.519227398357,0,111.118293333196
||757plbsa(2),|;18739,18739,12748.6,18739,0,0,7.519227398357,0,116.118293333196
||757plbsa(2),|;18739,18739,12748.6,18739,0,0,2.519227398357,0,121.118293333196
||757plbsa(3),|;18739,18739,12748.6,18739,0,0,0,0,126.118293333196
||757plbsa(3),|;18739,18739,12748.6,18739,0,0,0,0,131.118293333196
||757plbsa(3),|;18739,18739,12748.6,18739,0,0,0,0,136.118293333196
||757plbsa(3),|67dxjbs(0),;18739,18739,12748.6,17858.4,0,0,0,8.133500636324,141.118293333196
||757plbsa(3),|67dxjbs(2),;18739,18739,12748.6,17858.4,0,0,0,3.133500636324,146.118293333196
111rjkvy(2),|111rjkvy(2),|757plbsa(3),111rjkvy(2),|67dxjbs(3),111rjkvy(2),;16250.7,16250.7,10260.3,17029,12.026249923397,12.026249923397,12.026249923397,7.12534343023,151.118293333196
111rjkvy(2),|111rjkvy(2),|757plbsa(3),111rjkvy(2),|67dxjbs(3),;16250.7,16250.7,10260.3,17858.4,7.026249923397,7.026249923397,7.026249923397,2.12534343023,156.118293333196
111rjkvy(2),|111rjkvy(2),|757plbsa(3),111rjkvy(2),|67dxjbs(3),;16250.7,16250.7,10260.3,17858.4,2.026249923397,2.026249923397,2.026249923397,0,161.118293333196
451mfkog(0),|451mfkog(0),|757plbsa(3),451mfkog(0),|67dxjbs(3),451mfkog(0),;17602.4,17034,11612,16153.4,9.007246450089,12.555632599342,9.007246450089,11.487929342749,166.118293333196
451mfkog(2),|451mfkog(2),|757plbsa(3),451mfkog(2),|67dxjbs(3),451mfkog(2),;17602.4,17034,11612,16153.4,4.007246450089,7.555632599342,4.007246450089,6.487929342749,171.118293333196
|451mfkog(2),|757plbsa(3),|67dxjbs(3),451mfkog(2),;18739,17034,12748.6,16153.4,0,2.555632599342,0,1.487929342749,176.118293333196
||757plbsa(3),|67dxjbs(3),;18739,18739,12748.6,17858.4,0,0,0,0,181.118293333196
||757plbsa(3),|67dxjbs(3),;18739,18739,12748.6,17858.4,0,0,0,0,186.118293333196
429ogdbk(0),||757plbsa(3),|67dxjbs(3),429ogdbk(0),;14361.4,18739,12748.6,13480.8,28.70529718912,0,0,28.70529718912,191.118293333196
429ogdbk(2),||757plbsa(3),|429ogdbk(2),;14361.4,18739,12748.6,14361.4,23.70529718912,0,0,23.70529718912,196.118293333196
429ogdbk(2),||757plbsa(3),|429ogdbk(2),;14361.4,18739,12748.6,14361.4,18.70529718912,0,0,18.70529718912,201.118293333196
429ogdbk(2),180ctdpn(0),||757plbsa(3),|429ogdbk(2),180ctdpn(0),;12405.6,18739,12748.6,12405.6,31.549631015796,0,0,31.549631015796,206.118293333196
429ogdbk(2),180ctdpn(1),||757plbsa(3),|429ogdbk(2),180ctdpn(1),;12405.6,18739,12748.6,12405.6,26.549631015796,0,0,26.549631015796,211.118293333196
429ogdbk(2),180ctdpn(1),||757plbsa(3),|429ogdbk(2),180ctdpn(1),;12405.6,18739,12748.6,12405.6,21.549631015796,0,0,21.549631015796,216.118293333196
429ogdbk(3),180ctdpn(2),||757plbsa(3),|429ogdbk(3),180ctdpn(2),;12405.6,18739,12748.6,12405.6,16.549631015796,0,0,16.549631015796,221.118293333196
429ogdbk(3),180ctdpn(2),||757plbsa(3),|429ogdbk(3),180ctdpn(2),;12405.6,18739,12748.6,12405.6,11.549631015796,0,0,11.549631015796,226.118293333196
429ogdbk(3),180ctdpn(2),||757plbsa(3),|429ogdbk(3),180ctdpn(2),;12405.6,18739,12748.6,12405.6,6.549631015796,0,0,6.549631015796,231.118293333196
429ogdbk(3),180ctdpn(3),||757plbsa(3),|429ogdbk(3),180ctdpn(3),;12405.6,18739,12748.6,12405.6,1.549631015796,0,0,1.549631015796,236.118293333196
429ogdbk(3),180ctdpn(3),||757plbsa(3),|429ogdbk(3),180ctdpn(3),;12405.6,18739,12748.6,12405.6,0,0,0,0,241.118293333196
429ogdbk(3),180ctdpn(3),||757plbsa(3),|429ogdbk(3),180ctdpn(3),;12405.6,18739,12748.6,12405.6,0,0,0,0,246.118293333196
429ogdbk(3),180ctdpn(3),||757plbsa(3),|429ogdbk(3),180ctdpn(3),;12405.6,18739,12748.6,12405.6,0,0,0,0,251.118293333196
429ogdbk(3),180ctdpn(3),||757plbsa(3),|429ogdbk(3),180ctdpn(3),;12405.6,18739,12748.6,12405.6,0,0,0,0,256.118293333196
429ogdbk(3),180ctdpn(3),||757plbsa(3),431renva(2),|429ogdbk(3),180ctdpn(3),431renva(2),;12405.6,18739,9523,9180,0,0,19.126194413646,19.126194413646,261.118293333196
429ogdbk(3),180ctdpn(3),||757plbsa(3),431renva(2),|429ogdbk(3),180ctdpn(3),431renva(2),;12405.6,18739,9523,9180,0,0,14.126194413646,14.126194413646,266.118293333196
429ogdbk(3),180ctdpn(3),||757plbsa(3),431renva(2),|429ogdbk(3),180ctdpn(3),431renva(2),;12405.6,18739,9523,9180,0,0,9.126194413646,9.126194413646,271.118293333196
429ogdbk(3),180ctdpn(3),||757plbsa(3),431renva(2),|429ogdbk(3),180ctdpn(3),431renva(2),;12405.6,18739,9523,9180,0,0,4.126194413646,4.126194413646,276.118293333196
429ogdbk(3),180ctdpn(3),||757plbsa(3),431renva(3),|429ogdbk(3),180ctdpn(3),431renva(3),;12405.6,18739,9523,9180,0,0,0,0,281.118293333196
429ogdbk(3),180ctdpn(3),||757plbsa(3),431renva(3),|429ogdbk(3),180ctdpn(3),431renva(3),;12405.6,18739,9523,9180,0,0,0,0,286.118293333196
429ogdbk(3),180ctdpn(3),||757plbsa(3),431renva(3),|429ogdbk(3),180ctdpn(3),431renva(3),;12405.6,18739,9523,9180,0,0,0,0,291.118293333196
429ogdbk(3),180ctdpn(3),||757plbsa(3),431renva(3),|429ogdbk(3),180ctdpn(3),431renva(3),;12405.6,18739,9523,9180,0,0,0,0,296.118293333196
429ogdbk(3),180ctdpn(3),||757plbsa(3),431renva(3),|429ogdbk(3),180ctdpn(3),431renva(3),;12405.6,18739,9523,9180,0,0,0,0,301.118293333196
429ogdbk(3),180ctdpn(3),402dcubx(0),|402dcubx(0),|757plbsa(3),431renva(3),|429ogdbk(3),180ctdpn(3),431renva(3),402dcubx(0),;9415.52,16496.4,9523,6937.44,22.923027512194,18.158447532094,0,18.158447532094,306.118293333196
429ogdbk(3),180ctdpn(3),402dcubx(2),|402dcubx(2),|757plbsa(3),431renva(3),|429ogdbk(3),180ctdpn(3),431renva(3),402dcubx(2),;9415.52,16496.4,9523,6937.44,17.923027512194,13.158447532094,0,13.158447532094,311.118293333196
429ogdbk(3),180ctdpn(3),402dcubx(2),|402dcubx(2),|757plbsa(3),431renva(3),|429ogdbk(3),180ctdpn(3),431renva(3),402dcubx(2),;9415.52,16496.4,9523,6937.44,12.923027512194,8.158447532094,0,8.158447532094,316.118293333196
429ogdbk(3),180ctdpn(3),402dcubx(2),|402dcubx(2),|757plbsa(3),431renva(3),|429ogdbk(3),180ctdpn(3),431renva(3),402dcubx(2),;9415.52,16496.4,9523,6937.44,7.923027512194,3.158447532094,0,3.158447532094,321.118293333196
429ogdbk(3),180ctdpn(3),402dcubx(2),|402dcubx(3),|757plbsa(3),431renva(3),|429ogdbk(3),180ctdpn(3),431renva(3),402dcubx(3),;9415.52,16496.4,9523,6937.44,2.923027512194,0,0,0,326.118293333196
429ogdbk(3),180ctdpn(3),402dcubx(3),|402dcubx(3),|431renva(3),|429ogdbk(3),180ctdpn(3),431renva(3),402dcubx(3),;9415.52,16496.4,15513.4,6937.44,0,0,0,0,331.118293333196
429ogdbk(3),180ctdpn(3),402dcubx(3),|402dcubx(3),|431renva(3),|429ogdbk(3),180ctdpn(3),431renva(3),402dcubx(3),;9415.52,16496.4,15513.4,6937.44,0,0,0,0,336.118293333196
429ogdbk(3),180ctdpn(3),402dcubx(3),|402dcubx(3),|431renva(3),|429ogdbk(3),180ctdpn(3),431renva(3),402dcubx(3),;9415.52,16496.4,15513.4,6937.44,0,0,0,0,341.118293333196
429ogdbk(3),180ctdpn(3),402dcubx(3),|402dcubx(3),|431renva(3),|429ogdbk(3),180ctdpn(3),431renva(3),402dcubx(3),;9415.52,16496.4,15513.4,6937.44,0,0,0,0,346.118293333196
180ctdpn(3),402dcubx(3),|402dcubx(3),|431renva(3),|180ctdpn(3),431renva(3),402dcubx(3),;13793.1,16496.4,15513.4,11315,0,0,0,0,351.118293333196
180ctdpn(3),402dcubx(3),|402dcubx(3),|431renva(3),|180ctdpn(3),431renva(3),402dcubx(3),;13793.1,16496.4,15513.4,11315,0,0,0,0,356.118293333196
180ctdpn(3),402dcubx(3),|402dcubx(3),|431renva(3),|180ctdpn(3),431renva(3),402dcubx(3),;13793.1,16496.4,15513.4,11315,0,0,0,0,361.118293333196
180ctdpn(3),402dcubx(3),|402dcubx(3),|431renva(3),|180ctdpn(3),431renva(3),402dcubx(3),;13793.1,16496.4,15513.4,11315,0,0,0,0,366.118293333196
180ctdpn(3),402dcubx(3),368jvpdl(0),|402dcubx(3),368jvpdl(0),|431renva(3),371euywa(0),368jvpdl(0),|180ctdpn(3),431renva(3),402dcubx(3),371euywa(0),368jvpdl(0),;10127.2,12830.5,10603.3,6404.92,25.911152983505,25.911152983505,36.959517751633,36.959517751633,371.118293333196
180ctdpn(3),402dcubx(3),368jvpdl(2),|402dcubx(3),368jvpdl(2),904hxgqw(0),|431renva(3),371euywa(2),368jvpdl(1),|180ctdpn(3),431renva(3),402dcubx(3),371euywa(2),368jvpdl(1),;10127.2,12205.9,10603.3,6404.92,20.911152983505,28.316259151423,31.959517751633,31.959517751633,376.118293333196
180ctdpn(3),402dcubx(3),368jvpdl(2),|402dcubx(3),368jvpdl(2),904hxgqw(1),|431renva(3),371euywa(2),368jvpdl(1),|180ctdpn(3),431renva(3),402dcubx(3),371euywa(2),368jvpdl(1),;10127.2,12205.9,10603.3,6404.92,15.911152983505,23.316259151423,26.959517751633,26.959517751633,381.118293333196
180ctdpn(3),402dcubx(3),368jvpdl(2),403czfsk(1),|402dcubx(3),368jvpdl(2),904hxgqw(1),|431renva(3),371euywa(2),368jvpdl(1),|180ctdpn(3),431renva(3),402dcubx(3),371euywa(2),368jvpdl(1),;9405.28,12205.9,10603.3,6404.92,19.447267816252,18.316259151423,21.959517751633,21.959517751633,386.118293333196
180ctdpn(3),402dcubx(3),368jvpdl(2),403czfsk(1),|402dcubx(3),368jvpdl(2),904hxgqw(1),|431renva(3),371euywa(2),368jvpdl(1),|180ctdpn(3),431renva(3),402dcubx(3),371euywa(2),368jvpdl(1),;9405.28,12205.9,10603.3,6404.92,14.447267816252,13.316259151423,16.959517751633,16.959517751633,391.118293333196
180ctdpn(3),402dcubx(3),368jvpdl(2),403czfsk(1),|402dcubx(3),368jvpdl(2),904hxgqw(1),|431renva(3),371euywa(2),368jvpdl(1),|180ctdpn(3),431renva(3),402dcubx(3),371euywa(2),368jvpdl(1),;9405.28,12205.9,10603.3,6404.92,9.447267816252,8.316259151423,11.959517751633,11.959517751633,396.118293333196
402dcubx(3),368jvpdl(3),403czfsk(2),|402dcubx(3),368jvpdl(3),904hxgqw(2),|431renva(3),371euywa(3),368jvpdl(2),|431renva(3),402dcubx(3),371euywa(3),368jvpdl(2),;11361.1,12205.9,10603.3,8360.76,4.447267816252,3.316259151423,6.959517751633,6.959517751633,401.118293333196
402dcubx(3),368jvpdl(3),403czfsk(3),|402dcubx(3),368jvpdl(3),904hxgqw(3),|431renva(3),371euywa(3),368jvpdl(3),|431renva(3),402dcubx(3),371euywa(3),368jvpdl(3),;11361.1,12205.9,10603.3,8360.76,0,0,1.959517751633,1.959517751633,406.118293333196
402dcubx(3),368jvpdl(3),403czfsk(3),|402dcubx(3),368jvpdl(3),904hxgqw(3),|431renva(3),371euywa(3),368jvpdl(3),|431renva(3),402dcubx(3),371euywa(3),368jvpdl(3),;11361.1,12205.9,10603.3,8360.76,0,0,0,0,411.118293333196
402dcubx(3),368jvpdl(3),403czfsk(3),|402dcubx(3),368jvpdl(3),904hxgqw(3),|431renva(3),371euywa(3),368jvpdl(3),|431renva(3),402dcubx(3),371euywa(3),368jvpdl(3),;11361.1,12205.9,10603.3,8360.76,0,0,0,0,416.118293333196
402dcubx(3),368jvpdl(3),403czfsk(3),|402dcubx(3),368jvpdl(3),904hxgqw(3),|431renva(3),371euywa(3),368jvpdl(3),|431renva(3),402dcubx(3),371euywa(3),368jvpdl(3),;11361.1,12205.9,10603.3,8360.76,0,0,0,0,421.118293333196
368jvpdl(3),403czfsk(3),|368jvpdl(3),904hxgqw(3),|431renva(3),371euywa(3),368jvpdl(3),|431renva(3),371euywa(3),368jvpdl(3),;14351.2,14448.5,10603.3,10603.3,0,0,0,0,426.118293333196
368jvpdl(3),403czfsk(3),|368jvpdl(3),904hxgqw(3),|431renva(3),371euywa(3),368jvpdl(3),|431renva(3),371euywa(3),368jvpdl(3),;14351.2,14448.5,10603.3,10603.3,0,0,0,0,431.118293333196
368jvpdl(3),403czfsk(3),|368jvpdl(3),904hxgqw(3),|431renva(3),371euywa(3),368jvpdl(3),|431renva(3),371euywa(3),368jvpdl(3),;14351.2,14448.5,10603.3,10603.3,0,0,0,0,436.118293333196
368jvpdl(3),403czfsk(3),|368jvpdl(3),904hxgqw(3),|431renva(3),371euywa(3),368jvpdl(3),|431renva(3),371euywa(3),368jvpdl(3),;14351.2,14448.5,10603.3,10603.3,0,0,0,0,441.118293333196
368jvpdl(3),403czfsk(3),|368jvpdl(3),904hxgqw(3),|431renva(3),371euywa(3),368jvpdl(3),|431renva(3),371euywa(3),368jvpdl(3),;14351.2,14448.5,10603.3,10603.3,0,0,0,0,446.118293333196
368jvpdl(3),403czfsk(3),|368jvpdl(3),904hxgqw(3),|431renva(3),371euywa(3),368jvpdl(3),|431renva(3),371euywa(3),368jvpdl(3),;14351.2,14448.5,10603.3,10603.3,0,0,0,0,451.118293333196
368jvpdl(3),403czfsk(3),|368jvpdl(3),904hxgqw(3),|431renva(3),371euywa(3),368jvpdl(3),|431renva(3),371euywa(3),368jvpdl(3),;14351.2,14448.5,10603.3,10603.3,0,0,0,0,456.118293333196
368jvpdl(3),403czfsk(3),|368jvpdl(3),904hxgqw(3),|431renva(3),371euywa(3),368jvpdl(3),|431renva(3),371euywa(3),368jvpdl(3),;14351.2,14448.5,10603.3,10603.3,0,0,0,0,461.118293333196
368jvpdl(3),403czfsk(3),|368jvpdl(3),904hxgqw(3),|371euywa(3),368jvpdl(3),|371euywa(3),368jvpdl(3),;14351.2,14448.5,13828.9,13828.9,0,0,0,0,466.118293333196
368jvpdl(3),403czfsk(3),|368jvpdl(3),904hxgqw(3),|371euywa(3),368jvpdl(3),|371euywa(3),368jvpdl(3),;14351.2,14448.5,13828.9,13828.9,0,0,0,0,471.118293333196
403czfsk(3),|904hxgqw(3),|371euywa(3),368jvpdl(3),|371euywa(3),368jvpdl(3),;18017.1,18114.4,13828.9,13828.9,0,0,0,0,476.118293333196
403czfsk(3),|904hxgqw(3),|371euywa(3),368jvpdl(3),|371euywa(3),368jvpdl(3),;18017.1,18114.4,13828.9,13828.9,0,0,0,0,481.118293333196
403czfsk(3),|904hxgqw(3),|371euywa(3),368jvpdl(3),|371euywa(3),368jvpdl(3),;18017.1,18114.4,13828.9,13828.9,0,0,0,0,486.118293333196
403czfsk(3),|904hxgqw(3),|371euywa(3),368jvpdl(3),|371euywa(3),368jvpdl(3),;18017.1,18114.4,13828.9,13828.9,0,0,0,0,491.118293333196
403czfsk(3),|904hxgqw(3),|371euywa(3),368jvpdl(3),|371euywa(3),368jvpdl(3),;18017.1,18114.4,13828.9,13828.9,0,0,0,0,496.118293333196
403czfsk(3),|904hxgqw(3),|371euywa(3),368jvpdl(3),|371euywa(3),368jvpdl(3),;18017.1,18114.4,13828.9,13828.9,0,0,0,0,501.118293333196
403czfsk(3),|904hxgqw(3),|371euywa(3),368jvpdl(3),|371euywa(3),368jvpdl(3),;18017.1,18114.4,13828.9,13828.9,0,0,0,0,506.118293333196
403czfsk(3),|904hxgqw(3),|371euywa(3),368jvpdl(3),|371euywa(3),368jvpdl(3),;18017.1,18114.4,13828.9,13828.9,0,0,0,0,511.118293333196
403czfsk(3),|904hxgqw(3),|371euywa(3),368jvpdl(3),|371euywa(3),368jvpdl(3),;18017.1,18114.4,13828.9,13828.9,0,0,0,0,516.118293333196
403czfsk(3),|904hxgqw(3),|371euywa(3),368jvpdl(3),|371euywa(3),368jvpdl(3),;18017.1,18114.4,13828.9,13828.9,0,0,0,0,521.118293333196
403czfsk(3),|904hxgqw(3),|371euywa(3),368jvpdl(3),|371euywa(3),368jvpdl(3),;18017.1,18114.4,13828.9,13828.9,0,0,0,0,526.118293333196
403czfsk(3),|904hxgqw(3),|371euywa(3),368jvpdl(3),|371euywa(3),368jvpdl(3),;18017.1,18114.4,13828.9,13828.9,0,0,0,0,531.118293333196
403czfsk(3),|904hxgqw(3),|371euywa(3),368jvpdl(3),|371euywa(3),368jvpdl(3),;18017.1,18114.4,13828.9,13828.9,0,0,0,0,536.118293333196
403czfsk(3),|904hxgqw(3),|371euywa(3),368jvpdl(3),|371euywa(3),368jvpdl(3),;18017.1,18114.4,13828.9,13828.9,0,0,0,0,541.118293333196
|904hxgqw(3),|371euywa(3),368jvpdl(3),|371euywa(3),368jvpdl(3),;18739,18114.4,13828.9,13828.9,0,0,0,0,546.118293333196
|904hxgqw(3),|371euywa(3),368jvpdl(3),|371euywa(3),368jvpdl(3),;18739,18114.4,13828.9,13828.9,0,0,0,0,551.118293333196
|904hxgqw(3),|371euywa(3),368jvpdl(3),|371euywa(3),368jvpdl(3),;18739,18114.4,13828.9,13828.9,0,0,0,0,556.118293333196
|904hxgqw(3),|368jvpdl(3),|368jvpdl(3),;18739,18114.4,17822.5,17822.5,0,0,0,0,561.118293333196
|904hxgqw(3),|368jvpdl(3),|368jvpdl(3),;18739,18114.4,17822.5,17822.5,0,0,0,0,566.118293333196
|904hxgqw(3),|368jvpdl(3),|368jvpdl(3),;18739,18114.4,17822.5,17822.5,0,0,0,0,571.118293333196
|904hxgqw(3),||;18739,18114.4,18739,18739,0,0,0,0,576.118293333196
|904hxgqw(3),||;18739,18114.4,18739,18739,0,0,0,0,581.118293333196
|904hxgqw(3),||;18739,18114.4,18739,18739,0,0,0,0,586.118293333196
|904hxgqw(3),||;18739,18114.4,18739,18739,0,0,0,0,591.118293333196
|904hxgqw(3),||;18739,18114.4,18739,18739,0,0,0,0,596.118293333196
|904hxgqw(3),||;18739,18114.4,18739,18739,0,0,0,0,601.118293333196
|904hxgqw(3),||;18739,18114.4,18739,18739,0,0,0,0,606.118293333196
|904hxgqw(3),||;18739,18114.4,18739,18739,0,0,0,0,611.118293333196
913tguqk(0),|904hxgqw(3),913tguqk(0),|913tguqk(0),|913tguqk(0),;16358.2,15733.6,17151.8,17151.8,17.959761076815,17.959761076815,13.004807444974,13.004807444974,616.118293333196
913tguqk(2),|904hxgqw(3),913tguqk(2),|913tguqk(2),|913tguqk(2),;16358.2,15733.6,17151.8,17151.8,12.959761076815,12.959761076815,8.004807444974,8.004807444974,621.118293333196
913tguqk(2),|904hxgqw(3),913tguqk(2),|913tguqk(2),|913tguqk(2),;16358.2,15733.6,17151.8,17151.8,7.959761076815,7.959761076815,3.004807444974,3.004807444974,626.118293333196
913tguqk(2),|904hxgqw(3),913tguqk(2),|913tguqk(3),|913tguqk(3),;16358.2,15733.6,17151.8,17151.8,2.959761076815,2.959761076815,0,0,631.118293333196
913tguqk(3),|904hxgqw(3),913tguqk(3),|913tguqk(3),|913tguqk(3),;16358.2,15733.6,17151.8,17151.8,0,0,0,0,636.118293333196
913tguqk(3),|904hxgqw(3),913tguqk(3),|913tguqk(3),|913tguqk(3),;16358.2,15733.6,17151.8,17151.8,0,0,0,0,641.118293333196
913tguqk(3),|904hxgqw(3),913tguqk(3),|913tguqk(3),|913tguqk(3),;16358.2,15733.6,17151.8,17151.8,0,0,0,0,646.118293333196
913tguqk(3),|904hxgqw(3),913tguqk(3),|913tguqk(3),|913tguqk(3),;16358.2,15733.6,17151.8,17151.8,0,0,0,0,651.118293333196
913tguqk(3),|904hxgqw(3),913tguqk(3),|913tguqk(3),|913tguqk(3),;16358.2,15733.6,17151.8,17151.8,0,0,0,0,656.118293333196
913tguqk(3),|904hxgqw(3),913tguqk(3),|913tguqk(3),|913tguqk(3),;16358.2,15733.6,17151.8,17151.8,0,0,0,0,661.118293333196
913tguqk(3),|904hxgqw(3),913tguqk(3),|913tguqk(3),|913tguqk(3),;16358.2,15733.6,17151.8,17151.8,0,0,0,0,666.118293333196
913tguqk(3),|904hxgqw(3),913tguqk(3),|913tguqk(3),|913tguqk(3),;16358.2,15733.6,17151.8,17151.8,0,0,0,0,671.118293333196
913tguqk(3),|904hxgqw(3),913tguqk(3),|913tguqk(3),|913tguqk(3),;16358.2,15733.6,17151.8,17151.8,0,0,0,0,676.118293333196
913tguqk(3),438jicef(0),|904hxgqw(3),913tguqk(3),438jicef(0),|913tguqk(3),438jicef(0),|913tguqk(3),438jicef(0),;12630.8,13869.9,15288.1,15288.1,24.334353133146,12.940870625683,12.940870625683,12.940870625683,681.118293333196
913tguqk(3),438jicef(2),710ectar(0),|904hxgqw(3),913tguqk(3),438jicef(2),|913tguqk(3),438jicef(2),|913tguqk(3),438jicef(2),710ectar(0),;8923.92,13869.9,15288.1,9727.78,47.310257606181,7.940870625683,7.940870625683,47.488989387275,686.118293333196
913tguqk(3),438jicef(2),710ectar(1),|904hxgqw(3),913tguqk(3),438jicef(2),|913tguqk(3),438jicef(2),|913tguqk(3),438jicef(2),710ectar(1),;8923.92,13869.9,15288.1,9727.78,42.310257606181,2.940870625683,2.940870625683,42.488989387275,691.118293333196
913tguqk(3),438jicef(2),710ectar(1),|904hxgqw(3),913tguqk(3),438jicef(3),|913tguqk(3),438jicef(3),|913tguqk(3),438jicef(3),710ectar(2),;8923.92,13869.9,15288.1,9727.78,37.310257606181,0,0,37.488989387275,696.118293333196
913tguqk(3),438jicef(2),710ectar(1),|904hxgqw(3),913tguqk(3),438jicef(3),|913tguqk(3),438jicef(3),|913tguqk(3),438jicef(3),710ectar(2),;8923.92,13869.9,15288.1,9727.78,32.310257606181,0,0,32.488989387275,701.118293333196
913tguqk(3),438jicef(3),710ectar(2),|904hxgqw(3),913tguqk(3),438jicef(3),|913tguqk(3),438jicef(3),|913tguqk(3),438jicef(3),710ectar(2),;8923.92,13869.9,15288.1,9727.78,27.310257606181,0,0,27.488989387275,706.118293333196
913tguqk(3),438jicef(3),710ectar(2),|904hxgqw(3),913tguqk(3),438jicef(3),|913tguqk(3),438jicef(3),|913tguqk(3),438jicef(3),710ectar(2),;8923.92,13869.9,15288.1,9727.78,22.310257606181,0,0,22.488989387275,711.118293333196
913tguqk(3),438jicef(3),710ectar(2),|904hxgqw(3),913tguqk(3),438jicef(3),|913tguqk(3),438jicef(3),|913tguqk(3),438jicef(3),710ectar(2),;8923.92,13869.9,15288.1,9727.78,17.310257606181,0,0,17.488989387275,716.118293333196
913tguqk(3),438jicef(3),710ectar(2),|904hxgqw(3),913tguqk(3),438jicef(3),|913tguqk(3),438jicef(3),|913tguqk(3),438jicef(3),710ectar(2),;8923.92,13869.9,15288.1,9727.78,12.310257606181,0,0,12.488989387275,721.118293333196
913tguqk(3),438jicef(3),710ectar(2),|904hxgqw(3),913tguqk(3),438jicef(3),|913tguqk(3),438jicef(3),|913tguqk(3),438jicef(3),710ectar(2),;8923.92,13869.9,15288.1,9727.78,7.310257606181,0,0,7.488989387275,726.118293333196
913tguqk(3),438jicef(3),710ectar(3),|913tguqk(3),438jicef(3),|913tguqk(3),438jicef(3),|913tguqk(3),438jicef(3),710ectar(3),;8923.92,14494.5,15288.1,9727.78,2.310257606181,0,0,2.488989387275,731.118293333196
913tguqk(3),438jicef(3),710ectar(3),|913tguqk(3),438jicef(3),|913tguqk(3),438jicef(3),|913tguqk(3),438jicef(3),710ectar(3),;8923.92,14494.5,15288.1,9727.78,0,0,0,0,736.118293333196
438jicef(3),710ectar(3),|438jicef(3),|438jicef(3),|438jicef(3),710ectar(3),;11304.7,16875.3,16875.3,11315,0,0,0,0,741.118293333196
438jicef(3),710ectar(3),|438jicef(3),|438jicef(3),|438jicef(3),710ectar(3),;11304.7,16875.3,16875.3,11315,0,0,0,0,746.118293333196
438jicef(3),710ectar(3),|438jicef(3),270osjct(2),|438jicef(3),270osjct(2),106fwdnt(0),|438jicef(3),710ectar(3),;11304.7,12728.1,7413.54,11315,0,24.326580148088,62.026899941252,0,751.118293333196
438jicef(3),710ectar(3),|438jicef(3),270osjct(2),|438jicef(3),270osjct(2),106fwdnt(1),|438jicef(3),710ectar(3),;11304.7,12728.1,7413.54,11315,0,19.326580148088,57.026899941252,0,756.118293333196
438jicef(3),710ectar(3),|438jicef(3),270osjct(2),|438jicef(3),270osjct(2),106fwdnt(1),|438jicef(3),710ectar(3),;11304.7,12728.1,7413.54,11315,0,14.326580148088,52.026899941252,0,761.118293333196
438jicef(3),710ectar(3),|438jicef(3),270osjct(2),|438jicef(3),270osjct(2),106fwdnt(1),|438jicef(3),710ectar(3),;11304.7,12728.1,7413.54,11315,0,9.326580148088,47.026899941252,0,766.118293333196
438jicef(3),710ectar(3),|438jicef(3),270osjct(2),|438jicef(3),270osjct(2),106fwdnt(1),|438jicef(3),710ectar(3),;11304.7,12728.1,7413.54,11315,0,4.326580148088,42.026899941252,0,771.118293333196
438jicef(3),710ectar(3),|438jicef(3),270osjct(3),|438jicef(3),270osjct(3),106fwdnt(2),|438jicef(3),710ectar(3),;11304.7,12728.1,7413.54,11315,0,0,37.026899941252,0,776.118293333196
438jicef(3),710ectar(3),|438jicef(3),270osjct(3),|438jicef(3),270osjct(3),106fwdnt(2),|438jicef(3),710ectar(3),;11304.7,12728.1,7413.54,11315,0,0,32.026899941252,0,781.118293333196
438jicef(3),710ectar(3),|438jicef(3),270osjct(3),|438jicef(3),270osjct(3),106fwdnt(2),|438jicef(3),710ectar(3),;11304.7,12728.1,7413.54,11315,0,0,27.026899941252,0,786.118293333196
438jicef(3),710ectar(3),|438jicef(3),270osjct(3),|438jicef(3),270osjct(3),106fwdnt(2),|438jicef(3),710ectar(3),;11304.7,12728.1,7413.54,11315,0,0,22.026899941252,0,791.118293333196
438jicef(3),710ectar(3),|438jicef(3),270osjct(3),|438jicef(3),270osjct(3),106fwdnt(2),|438jicef(3),710ectar(3),;11304.7,12728.1,7413.54,11315,0,0,17.026899941252,0,796.118293333196
438jicef(3),710ectar(3),|438jicef(3),270osjct(3),|438jicef(3),270osjct(3),106fwdnt(2),|438jicef(3),710ectar(3),;11304.7,12728.1,7413.54,11315,0,0,12.026899941252,0,801.118293333196
438jicef(3),710ectar(3),|270osjct(3),|270osjct(3),106fwdnt(2),|710ectar(3),;11304.7,14591.8,9277.22,13178.7,0,0,7.026899941252,0,806.118293333196
438jicef(3),710ectar(3),|270osjct(3),|270osjct(3),106fwdnt(3),|710ectar(3),;11304.7,14591.8,9277.22,13178.7,0,0,2.026899941252,0,811.118293333196
438jicef(3),710ectar(3),|270osjct(3),|270osjct(3),106fwdnt(3),|710ectar(3),;11304.7,14591.8,9277.22,13178.7,0,0,0,0,816.118293333196
438jicef(3),710ectar(3),|270osjct(3),|270osjct(3),106fwdnt(3),|710ectar(3),;11304.7,14591.8,9277.22,13178.7,0,0,0,0,821.118293333196
438jicef(3),710ectar(3),|270osjct(3),|270osjct(3),106fwdnt(3),|710ectar(3),;11304.7,14591.8,9277.22,13178.7,0,0,0,0,826.118293333196
438jicef(3),710ectar(3),|270osjct(3),|270osjct(3),106fwdnt(3),|710ectar(3),;11304.7,14591.8,9277.22,13178.7,0,0,0,0,831.118293333196
438jicef(3),710ectar(3),|270osjct(3),|270osjct(3),106fwdnt(3),|710ectar(3),;11304.7,14591.8,9277.22,13178.7,0,0,0,0,836.118293333196
438jicef(3),710ectar(3),|270osjct(3),|270osjct(3),106fwdnt(3),|710ectar(3),;11304.7,14591.8,9277.22,13178.7,0,0,0,0,841.118293333196
438jicef(3),710ectar(3),|270osjct(3),|270osjct(3),106fwdnt(3),|710ectar(3),;11304.7,14591.8,9277.22,13178.7,0,0,0,0,846.118293333196
438jicef(3),710ectar(3),|270osjct(3),|270osjct(3),106fwdnt(3),|710ectar(3),;11304.7,14591.8,9277.22,13178.7,0,0,0,0,851.118293333196
438jicef(3),710ectar(3),|270osjct(3),|270osjct(3),106fwdnt(3),|710ectar(3),;11304.7,14591.8,9277.22,13178.7,0,0,0,0,856.118293333196
438jicef(3),710ectar(3),|270osjct(3),|270osjct(3),106fwdnt(3),|710ectar(3),;11304.7,14591.8,9277.22,13178.7,0,0,0,0,861.118293333196
438jicef(3),710ectar(3),||106fwdnt(3),|710ectar(3),;11304.7,18739,13424.4,13178.7,0,0,0,0,866.118293333196
438jicef(3),710ectar(3),||106fwdnt(3),|710ectar(3),;11304.7,18739,13424.4,13178.7,0,0,0,0,871.118293333196
438jicef(3),710ectar(3),||106fwdnt(3),|710ectar(3),;11304.7,18739,13424.4,13178.7,0,0,0,0,876.118293333196
438jicef(3),710ectar(3),||106fwdnt(3),|710ectar(3),;11304.7,18739,13424.4,13178.7,0,0,0,0,881.118293333196
438jicef(3),710ectar(3),||106fwdnt(3),|710ectar(3),;11304.7,18739,13424.4,13178.7,0,0,0,0,886.118293333196
438jicef(3),710ectar(3),||106fwdnt(3),|710ectar(3),;11304.7,18739,13424.4,13178.7,0,0,0,0,891.118293333196
438jicef(3),710ectar(3),||106fwdnt(3),|710ectar(3),;11304.7,18739,13424.4,13178.7,0,0,0,0,896.118293333196
438jicef(3),710ectar(3),||106fwdnt(3),|710ectar(3),;11304.7,18739,13424.4,13178.7,0,0,0,0,901.118293333196
438jicef(3),710ectar(3),||106fwdnt(3),|710ectar(3),;11304.7,18739,13424.4,13178.7,0,0,0,0,906.118293333196
438jicef(3),710ectar(3),||106fwdnt(3),|710ectar(3),;11304.7,18739,13424.4,13178.7,0,0,0,0,911.118293333196
710ectar(3),503pmitc(0),|503pmitc(0),|106fwdnt(3),503pmitc(0),|710ectar(3),503pmitc(0),;14218,17924.9,10168.1,11550.5,7.175510250502,7.175510250502,22.423980459457,12.258333653487,916.118293333196
710ectar(3),503pmitc(2),|503pmitc(2),|106fwdnt(3),503pmitc(2),|710ectar(3),503pmitc(2),;14218,17924.9,10168.1,11550.5,2.175510250502,2.175510250502,17.423980459457,7.258333653487,921.118293333196
710ectar(3),||106fwdnt(3),503pmitc(2),|710ectar(3),503pmitc(2),;15032.1,18739,10168.1,11550.5,0,0,12.423980459457,2.258333653487,926.118293333196
710ectar(3),||106fwdnt(3),503pmitc(2),|710ectar(3),503pmitc(3),;15032.1,18739,10168.1,11550.5,0,0,7.423980459457,0,931.118293333196
710ectar(3),||106fwdnt(3),503pmitc(2),|710ectar(3),503pmitc(3),;15032.1,18739,10168.1,11550.5,0,0,2.423980459457,0,936.118293333196
710ectar(3),||106fwdnt(3),503pmitc(3),|710ectar(3),503pmitc(3),;15032.1,18739,10168.1,11550.5,0,0,0,0,941.118293333196
710ectar(3),||106fwdnt(3),503pmitc(3),|710ectar(3),503pmitc(3),;15032.1,18739,10168.1,11550.5,0,0,0,0,946.118293333196
710ectar(3),||106fwdnt(3),503pmitc(3),|710ectar(3),503pmitc(3),;15032.1,18739,10168.1,11550.5,0,0,0,0,951.118293333196
710ectar(3),||106fwdnt(3),503pmitc(3),|710ectar(3),503pmitc(3),;15032.1,18739,10168.1,11550.5,0,0,0,0,956.118293333196
710ectar(3),||106fwdnt(3),503pmitc(3),|710ectar(3),503pmitc(3),;15032.1,18739,10168.1,11550.5,0,0,0,0,961.118293333196
710ectar(3),||106fwdnt(3),503pmitc(3),|710ectar(3),503pmitc(3),;15032.1,18739,10168.1,11550.5,0,0,0,0,966.118293333196
||106fwdnt(3),503pmitc(3),|503pmitc(3),;18739,18739,10168.1,17110.8,0,0,0,0,971.118293333196
||106fwdnt(3),503pmitc(3),|503pmitc(3),;18739,18739,10168.1,17110.8,0,0,0,0,976.118293333196
||106fwdnt(3),503pmitc(3),|503pmitc(3),;18739,18739,10168.1,17110.8,0,0,0,0,981.118293333196
178ikvag(0),|178ikvag(0),|106fwdnt(3),503pmitc(3),178ikvag(0),|503pmitc(3),178ikvag(0),;17878.8,17878.8,9307.94,15390.5,10.750262205189,10.750262205189,10.750262205189,16.120792593248,986.118293333196
178ikvag(0),|178ikvag(0),|106fwdnt(3),503pmitc(3),178ikvag(0),|503pmitc(3),178ikvag(0),;17878.8,17878.8,9307.94,15390.5,5.750262205189,5.750262205189,5.750262205189,11.120792593248,991.118293333196
178ikvag(2),|178ikvag(2),|106fwdnt(3),503pmitc(3),178ikvag(2),|503pmitc(3),178ikvag(2),;17878.8,17878.8,9307.94,15390.5,0.750262205189,0.750262205189,0.750262205189,6.120792593248,996.118293333196
||106fwdnt(3),503pmitc(3),|503pmitc(3),178ikvag(2),;18739,18739,10168.1,15390.5,0,0,0,1.120792593248,1001.118293333196
||106fwdnt(3),503pmitc(3),|503pmitc(3),178ikvag(3),;18739,18739,10168.1,15390.5,0,0,0,0,1006.118293333196
||106fwdnt(3),503pmitc(3),|503pmitc(3),178ikvag(3),;18739,18739,10168.1,15390.5,0,0,0,0,1011.118293333196
||106fwdnt(3),503pmitc(3),|503pmitc(3),178ikvag(3),;18739,18739,10168.1,15390.5,0,0,0,0,1016.118293333196
||106fwdnt(3),503pmitc(3),|503pmitc(3),178ikvag(3),;18739,18739,10168.1,15390.5,0,0,0,0,1021.118293333196
||106fwdnt(3),503pmitc(3),|503pmitc(3),178ikvag(3),;18739,18739,10168.1,15390.5,0,0,0,0,1026.118293333196
||106fwdnt(3),503pmitc(3),|503pmitc(3),178ikvag(3),;18739,18739,10168.1,15390.5,0,0,0,0,1031.118293333196
||106fwdnt(3),503pmitc(3),|503pmitc(3),178ikvag(3),;18739,18739,10168.1,15390.5,0,0,0,0,1036.118293333196
||106fwdnt(3),503pmitc(3),|503pmitc(3),178ikvag(3),;18739,18739,10168.1,15390.5,0,0,0,0,1041.118293333196
||106fwdnt(3),|178ikvag(3),;18739,18739,13424.4,17018.7,0,0,0,0,1046.118293333196
||106fwdnt(3),|178ikvag(3),;18739,18739,13424.4,17018.7,0,0,0,0,1051.118293333196
||106fwdnt(3),|178ikvag(3),;18739,18739,13424.4,17018.7,0,0,0,0,1056.118293333196
169jaktv(0),|169jaktv(0),|106fwdnt(3),169jaktv(0),|178ikvag(3),169jaktv(0),;16783.2,16783.2,9512.72,15062.9,17.37333562731,17.37333562731,29.584898771589,17.37333562731,1061.118293333196
169jaktv(2),|169jaktv(2),|106fwdnt(3),169jaktv(2),|178ikvag(3),169jaktv(2),;16783.2,16783.2,9512.72,15062.9,12.37333562731,12.37333562731,24.584898771589,12.37333562731,1066.118293333196
169jaktv(2),|169jaktv(2),|106fwdnt(3),169jaktv(2),|178ikvag(3),169jaktv(2),;16783.2,16783.2,9512.72,15062.9,7.37333562731,7.37333562731,19.584898771589,7.37333562731,1071.118293333196
169jaktv(2),|169jaktv(2),|106fwdnt(3),169jaktv(2),35jkdiu(0),|178ikvag(3),169jaktv(2),;16783.2,16783.2,4925.2,15062.9,2.37333562731,2.37333562731,48.556313000435,2.37333562731,1076.118293333196
169jaktv(3),|169jaktv(3),|106fwdnt(3),169jaktv(2),35jkdiu(1),|178ikvag(3),169jaktv(3),;16783.2,16783.2,4925.2,15062.9,0,0,43.556313000435,0,1081.118293333196
169jaktv(3),304wiflu(0),|169jaktv(3),304wiflu(0),|106fwdnt(3),169jaktv(2),35jkdiu(1),|178ikvag(3),169jaktv(3),304wiflu(0),;14264.2,14893.9,4925.2,13173.6,17.322182473085,13.472187010399,38.556313000435,13.472187010399,1086.118293333196
169jaktv(3),304wiflu(2),|169jaktv(3),304wiflu(2),|106fwdnt(3),169jaktv(3),35jkdiu(2),|178ikvag(3),169jaktv(3),304wiflu(2),;14264.2,14893.9,4925.2,13173.6,12.322182473085,8.472187010399,33.556313000435,8.472187010399,1091.118293333196
169jaktv(3),304wiflu(2),|169jaktv(3),304wiflu(2),|106fwdnt(3),169jaktv(3),35jkdiu(2),|178ikvag(3),169jaktv(3),304wiflu(2),;14264.2,14893.9,4925.2,13173.6,7.322182473085,3.472187010399,28.556313000435,3.472187010399,1096.118293333196
169jaktv(3),304wiflu(2),|169jaktv(3),|106fwdnt(3),169jaktv(3),35jkdiu(2),|178ikvag(3),169jaktv(3),;14264.2,16783.2,4925.2,15062.9,2.322182473085,0,23.556313000435,0,1101.118293333196
169jaktv(3),304wiflu(3),|169jaktv(3),|106fwdnt(3),169jaktv(3),35jkdiu(2),|178ikvag(3),169jaktv(3),;14264.2,16783.2,4925.2,15062.9,0,0,18.556313000435,0,1106.118293333196
169jaktv(3),304wiflu(3),|169jaktv(3),|106fwdnt(3),169jaktv(3),35jkdiu(2),|178ikvag(3),169jaktv(3),;14264.2,16783.2,4925.2,15062.9,0,0,13.556313000435,0,1111.118293333196
169jaktv(3),304wiflu(3),|169jaktv(3),|106fwdnt(3),169jaktv(3),35jkdiu(2),|169jaktv(3),;14264.2,16783.2,4925.2,16783.2,0,0,8.556313000435,0,1116.118293333196
169jaktv(3),304wiflu(3),|169jaktv(3),|106fwdnt(3),169jaktv(3),35jkdiu(3),|169jaktv(3),;14264.2,16783.2,4925.2,16783.2,0,0,3.556313000435,0,1121.118293333196
169jaktv(3),304wiflu(3),|169jaktv(3),|106fwdnt(3),169jaktv(3),35jkdiu(3),|169jaktv(3),;14264.2,16783.2,4925.2,16783.2,0,0,0,0,1126.118293333196
169jaktv(3),304wiflu(3),|169jaktv(3),|106fwdnt(3),169jaktv(3),35jkdiu(3),|169jaktv(3),;14264.2,16783.2,4925.2,16783.2,0,0,0,0,1131.118293333196
169jaktv(3),304wiflu(3),|169jaktv(3),|106fwdnt(3),169jaktv(3),35jkdiu(3),|169jaktv(3),;14264.2,16783.2,4925.2,16783.2,0,0,0,0,1136.118293333196
169jaktv(3),304wiflu(3),|169jaktv(3),|106fwdnt(3),169jaktv(3),35jkdiu(3),|169jaktv(3),;14264.2,16783.2,4925.2,16783.2,0,0,0,0,1141.118293333196
169jaktv(3),304wiflu(3),|169jaktv(3),|106fwdnt(3),169jaktv(3),35jkdiu(3),|169jaktv(3),;14264.2,16783.2,4925.2,16783.2,0,0,0,0,1146.118293333196
169jaktv(3),304wiflu(3),|169jaktv(3),|106fwdnt(3),169jaktv(3),35jkdiu(3),|169jaktv(3),;14264.2,16783.2,4925.2,16783.2,0,0,0,0,1151.118293333196
169jaktv(3),304wiflu(3),|169jaktv(3),|106fwdnt(3),169jaktv(3),35jkdiu(3),|169jaktv(3),;14264.2,16783.2,4925.2,16783.2,0,0,0,0,1156.118293333196
169jaktv(3),304wiflu(3),|169jaktv(3),|106fwdnt(3),169jaktv(3),35jkdiu(3),|169jaktv(3),;14264.2,16783.2,4925.2,16783.2,0,0,0,0,1161.118293333196
169jaktv(3),304wiflu(3),|169jaktv(3),|106fwdnt(3),169jaktv(3),35jkdiu(3),|169jaktv(3),;14264.2,16783.2,4925.2,16783.2,0,0,0,0,1166.118293333196
169jaktv(3),304wiflu(3),|169jaktv(3),|106fwdnt(3),169jaktv(3),35jkdiu(3),|169jaktv(3),;14264.2,16783.2,4925.2,16783.2,0,0,0,0,1171.118293333196
169jaktv(3),304wiflu(3),|169jaktv(3),|106fwdnt(3),169jaktv(3),35jkdiu(3),|169jaktv(3),;14264.2,16783.2,4925.2,16783.2,0,0,0,0,1176.118293333196
169jaktv(3),304wiflu(3),|169jaktv(3),|106fwdnt(3),169jaktv(3),35jkdiu(3),|169jaktv(3),;14264.2,16783.2,4925.2,16783.2,0,0,0,0,1181.118293333196
304wiflu(3),||106fwdnt(3),169jaktv(3),35jkdiu(3),|;16220,18739,4925.2,18739,0,0,0,0,1186.118293333196
304wiflu(3),||106fwdnt(3),169jaktv(3),35jkdiu(3),|;16220,18739,4925.2,18739,0,0,0,0,1191.118293333196
304wiflu(3),||106fwdnt(3),169jaktv(3),35jkdiu(3),|;16220,18739,4925.2,18739,0,0,0,0,1196.118293333196
||106fwdnt(3),169jaktv(3),35jkdiu(3),|;18739,18739,4925.2,18739,0,0,0,0,1201.118293333196
||106fwdnt(3),169jaktv(3),35jkdiu(3),|;18739,18739,4925.2,18739,0,0,0,0,1206.118293333196
||106fwdnt(3),169jaktv(3),35jkdiu(3),|;18739,18739,4925.2,18739,0,0,0,0,1211.118293333196
||106fwdnt(3),169jaktv(3),35jkdiu(3),|;18739,18739,4925.2,18739,0,0,0,0,1216.118293333196
||106fwdnt(3),169jaktv(3),35jkdiu(3),|;18739,18739,4925.2,18739,0,0,0,0,1221.118293333196
||106fwdnt(3),169jaktv(3),35jkdiu(3),|;18739,18739,4925.2,18739,0,0,0,0,1226.118293333196
||106fwdnt(3),169jaktv(3),35jkdiu(3),|;18739,18739,4925.2,18739,0,0,0,0,1231.118293333196
||106fwdnt(3),169jaktv(3),35jkdiu(3),|;18739,18739,4925.2,18739,0,0,0,0,1236.118293333196
||169jaktv(3),35jkdiu(3),|;18739,18739,10239.8,18739,0,0,0,0,1241.118293333196
||169jaktv(3),35jkdiu(3),|;18739,18739,10239.8,18739,0,0,0,0,1246.118293333196
||169jaktv(3),35jkdiu(3),|;18739,18739,10239.8,18739,0,0,0,0,1251.118293333196
||169jaktv(3),35jkdiu(3),|;18739,18739,10239.8,18739,0,0,0,0,1256.118293333196
||169jaktv(3),35jkdiu(3),|;18739,18739,10239.8,18739,0,0,0,0,1261.118293333196
||169jaktv(3),35jkdiu(3),|;18739,18739,10239.8,18739,0,0,0,0,1266.118293333196
||169jaktv(3),35jkdiu(3),|;18739,18739,10239.8,18739,0,0,0,0,1271.118293333196
||169jaktv(3),35jkdiu(3),|;18739,18739,10239.8,18739,0,0,0,0,1276.118293333196
||169jaktv(3),35jkdiu(3),|;18739,18739,10239.8,18739,0,0,0,0,1281.118293333196
||169jaktv(3),35jkdiu(3),|;18739,18739,10239.8,18739,0,0,0,0,1286.118293333196
||169jaktv(3),35jkdiu(3),|;18739,18739,10239.8,18739,0,0,0,0,1291.118293333196
||35jkdiu(3),|;18739,18739,14151.5,18739,0,0,0,0,1296.118293333196
||35jkdiu(3),|;18739,18739,14151.5,18739,0,0,0,0,1301.118293333196
||35jkdiu(3),|;18739,18739,14151.5,18739,0,0,0,0,1306.118293333196
||35jkdiu(3),|;18739,18739,14151.5,18739,0,0,0,0,1311.118293333196
||35jkdiu(3),|;18739,18739,14151.5,18739,0,0,0,0,1316.118293333196
||35jkdiu(3),|;18739,18739,14151.5,18739,0,0,0,0,1321.118293333196
||35jkdiu(3),|;18739,18739,14151.5,18739,0,0,0,0,1326.118293333196
||35jkdiu(3),|;18739,18739,14151.5,18739,0,0,0,0,1331.118293333196
||35jkdiu(3),|;18739,18739,14151.5,18739,0,0,0,0,1336.118293333196
||35jkdiu(3),|;18739,18739,14151.5,18739,0,0,0,0,1341.118293333196
||35jkdiu(3),|;18739,18739,14151.5,18739,0,0,0,0,1346.118293333196
||35jkdiu(3),|;18739,18739,14151.5,18739,0,0,0,0,1351.118293333196
||35jkdiu(3),|;18739,18739,14151.5,18739,0,0,0,0,1356.118293333196
||35jkdiu(3),|;18739,18739,14151.5,18739,0,0,0,0,1361.118293333196
||35jkdiu(3),|;18739,18739,14151.5,18739,0,0,0,0,1366.118293333196
||35jkdiu(3),|;18739,18739,14151.5,18739,0,0,0,0,1371.118293333196
||35jkdiu(3),|;18739,18739,14151.5,18739,0,0,0,0,1376.118293333196
||35jkdiu(3),|;18739,18739,14151.5,18739,0,0,0,0,1381.118293333196
||35jkdiu(3),|;18739,18739,14151.5,18739,0,0,0,0,1386.118293333196
||35jkdiu(3),|;18739,18739,14151.5,18739,0,0,0,0,1391.118293333196
||35jkdiu(3),|;18739,18739,14151.5,18739,0,0,0,0,1396.118293333196
||35jkdiu(3),|;18739,18739,14151.5,18739,0,0,0,0,1401.118293333196
||35jkdiu(3),|;18739,18739,14151.5,18739,0,0,0,0,1406.118293333196
||35jkdiu(3),|;18739,18739,14151.5,18739,0,0,0,0,1411.118293333196
||35jkdiu(3),|;18739,18739,14151.5,18739,0,0,0,0,1416.118293333196
||35jkdiu(3),|;18739,18739,14151.5,18739,0,0,0,0,1421.118293333196
||35jkdiu(3),|;18739,18739,14151.5,18739,0,0,0,0,1426.118293333196
||35jkdiu(3),|;18739,18739,14151.5,18739,0,0,0,0,1431.118293333196
||35jkdiu(3),|;18739,18739,14151.5,18739,0,0,0,0,1436.118293333196
||35jkdiu(3),|;18739,18739,14151.5,18739,0,0,0,0,1441.118293333196
||35jkdiu(3),|;18739,18739,14151.5,18739,0,0,0,0,1446.118293333196
||35jkdiu(3),|;18739,18739,14151.5,18739,0,0,0,0,1451.118293333196
||35jkdiu(3),|;18739,18739,14151.5,18739,0,0,0,0,1456.118293333196
||35jkdiu(3),|;18739,18739,14151.5,18739,0,0,0,0,1461.118293333196
||35jkdiu(3),|;18739,18739,14151.5,18739,0,0,0,0,1466.118293333196
||35jkdiu(3),|;18739,18739,14151.5,18739,0,0,0,0,1471.118293333196
||35jkdiu(3),|;18739,18739,14151.5,18739,0,0,0,0,1476.118293333196
||35jkdiu(3),|;18739,18739,14151.5,18739,0,0,0,0,1481.118293333196
||35jkdiu(3),|;18739,18739,14151.5,18739,0,0,0,0,1486.118293333196
||35jkdiu(3),|;18739,18739,14151.5,18739,0,0,0,0,1491.118293333196
||35jkdiu(3),|;18739,18739,14151.5,18739,0,0,0,0,1496.118293333196
||35jkdiu(3),|;18739,18739,14151.5,18739,0,0,0,0,1501.118293333196
||35jkdiu(3),|;18739,18739,14151.5,18739,0,0,0,0,1506.118293333196
||35jkdiu(3),|;18739,18739,14151.5,18739,0,0,0,0,1511.118293333196
||35jkdiu(3),|;18739,18739,14151.5,18739,0,0,0,0,1516.118293333196
||35jkdiu(3),|;18739,18739,14151.5,18739,0,0,0,0,1521.118293333196
||35jkdiu(3),|;18739,18739,14151.5,18739,0,0,0,0,1526.118293333196
||35jkdiu(3),|;18739,18739,14151.5,18739,0,0,0,0,1531.118293333196
||35jkdiu(3),|;18739,18739,14151.5,18739,0,0,0,0,1536.118293333196
||35jkdiu(3),|;18739,18739,14151.5,18739,0,0,0,0,1541.118293333196
||35jkdiu(3),|;18739,18739,14151.5,18739,0,0,0,0,1546.118293333196
||35jkdiu(3),|;18739,18739,14151.5,18739,0,0,0,0,1551.118293333196
||35jkdiu(3),|;18739,18739,14151.5,18739,0,0,0,0,1556.118293333196
||35jkdiu(3),|;18739,18739,14151.5,18739,0,0,0,0,1561.118293333196
||35jkdiu(3),|;18739,18739,14151.5,18739,0,0,0,0,1566.118293333196
||35jkdiu(3),|;18739,18739,14151.5,18739,0,0,0,0,1571.118293333196
||35jkdiu(3),|;18739,18739,14151.5,18739,0,0,0,0,1576.118293333196
||35jkdiu(3),|;18739,18739,14151.5,18739,0,0,0,0,1581.118293333196
|||;18739,18739,18739,18739,0,0,0,0,1586.118293333196
|||;18739,18739,18739,18739,0,0,0,0,1591.118293333196
|||;18739,18739,18739,18739,0,0,0,0,1596.118293333196
|||;18739,18739,18739,18739,0,0,0,0,1601.118293333196
|||;18739,18739,18739,18739,0,0,0,0,1606.118293333196
|||;18739,18739,18739,18739,0,0,0,0,1611.118293333196
|||;18739,18739,18739,18739,0,0,0,0,1616.118293333196
|||;18739,18739,18739,18739,0,0,0,0,1621.118293333196
|202rkyuf(2),|202rkyuf(2),|;18739,17121.1,17930,18739,0,8.958372392839,4.012849765973,0,1626.118293333196
|202rkyuf(2),||;18739,17121.1,18739,18739,0,3.958372392839,0,0,1631.118293333196
|52ajkif(0),|52ajkif(0),|;18739,12538.7,16081.7,18739,0,42.388513146906,16.739194346244,0,1636.118293333196
|52ajkif(2),|52ajkif(2),|;18739,12538.7,16081.7,18739,0,37.388513146906,11.739194346244,0,1641.118293333196
|52ajkif(2),|52ajkif(2),|;18739,12538.7,16081.7,18739,0,32.388513146906,6.739194346244,0,1646.118293333196
287ylxrp(2),|52ajkif(2),|52ajkif(2),287ylxrp(1),|287ylxrp(2),;17069.9,12538.7,13578,14566.2,5.446277582036,27.388513146906,21.310029768939,20.752357104424,1651.118293333196
287ylxrp(2),|52ajkif(2),|52ajkif(3),287ylxrp(2),|287ylxrp(2),;17069.9,12538.7,13578,14566.2,0.446277582036,22.388513146906,16.310029768939,15.752357104424,1656.118293333196
|52ajkif(2),|52ajkif(3),287ylxrp(2),|287ylxrp(2),;18739,12538.7,13578,14566.2,0,17.388513146906,11.310029768939,10.752357104424,1661.118293333196
|52ajkif(2),|52ajkif(3),287ylxrp(2),|287ylxrp(2),;18739,12538.7,13578,14566.2,0,12.388513146906,6.310029768939,5.752357104424,1666.118293333196
|52ajkif(2),|52ajkif(3),287ylxrp(3),|287ylxrp(2),;18739,12538.7,13578,14566.2,0,7.388513146906,1.310029768939,0.752357104424,1671.118293333196
|52ajkif(3),|52ajkif(3),287ylxrp(3),|287ylxrp(3),;18739,12538.7,13578,14566.2,0,2.388513146906,0,0,1676.118293333196
|52ajkif(3),|52ajkif(3),287ylxrp(3),|287ylxrp(3),;18739,12538.7,13578,14566.2,0,0,0,0,1681.118293333196
|52ajkif(3),|52ajkif(3),287ylxrp(3),|287ylxrp(3),;18739,12538.7,13578,14566.2,0,0,0,0,1686.118293333196
|52ajkif(3),|52ajkif(3),287ylxrp(3),|287ylxrp(3),;18739,12538.7,13578,14566.2,0,0,0,0,1691.118293333196
|52ajkif(3),|52ajkif(3),287ylxrp(3),|287ylxrp(3),;18739,12538.7,13578,14566.2,0,0,0,0,1696.118293333196
|52ajkif(3),|52ajkif(3),287ylxrp(3),|287ylxrp(3),;18739,12538.7,13578,14566.2,0,0,0,0,1701.118293333196
|52ajkif(3),|52ajkif(3),287ylxrp(3),|287ylxrp(3),;18739,12538.7,13578,14566.2,0,0,0,0,1706.118293333196
|52ajkif(3),|52ajkif(3),287ylxrp(3),|287ylxrp(3),;18739,12538.7,13578,14566.2,0,0,0,0,1711.118293333196
|52ajkif(3),|52ajkif(3),287ylxrp(3),|287ylxrp(3),;18739,12538.7,13578,14566.2,0,0,0,0,1716.118293333196
|52ajkif(3),|52ajkif(3),287ylxrp(3),|287ylxrp(3),;18739,12538.7,13578,14566.2,0,0,0,0,1721.118293333196
|52ajkif(3),|52ajkif(3),287ylxrp(3),|287ylxrp(3),;18739,12538.7,13578,14566.2,0,0,0,0,1726.118293333196
|52ajkif(3),|52ajkif(3),287ylxrp(3),|287ylxrp(3),;18739,12538.7,13578,14566.2,0,0,0,0,1731.118293333196
|52ajkif(3),|52ajkif(3),287ylxrp(3),|287ylxrp(3),;18739,12538.7,13578,14566.2,0,0,0,0,1736.118293333196
|52ajkif(3),|287ylxrp(3),|287ylxrp(3),;18739,12538.7,16235.3,14566.2,0,0,0,0,1741.118293333196
|52ajkif(3),||;18739,12538.7,18739,18739,0,0,0,0,1746.118293333196
|52ajkif(3),||;18739,12538.7,18739,18739,0,0,0,0,1751.118293333196
|52ajkif(3),||;18739,12538.7,18739,18739,0,0,0,0,1756.118293333196
|52ajkif(3),||;18739,12538.7,18739,18739,0,0,0,0,1761.118293333196
|52ajkif(3),||;18739,12538.7,18739,18739,0,0,0,0,1766.118293333196
|52ajkif(3),||;18739,12538.7,18739,18739,0,0,0,0,1771.118293333196
|52ajkif(3),||;18739,12538.7,18739,18739,0,0,0,0,1776.118293333196
|52ajkif(3),||;18739,12538.7,18739,18739,0,0,0,0,1781.118293333196
|52ajkif(3),||;18739,12538.7,18739,18739,0,0,0,0,1786.118293333196
|52ajkif(3),||;18739,12538.7,18739,18739,0,0,0,0,1791.118293333196
|52ajkif(3),||;18739,12538.7,18739,18739,0,0,0,0,1796.118293333196
|52ajkif(3),||;18739,12538.7,18739,18739,0,0,0,0,1801.118293333196
|52ajkif(3),||;18739,12538.7,18739,18739,0,0,0,0,1806.118293333196
|52ajkif(3),||;18739,12538.7,18739,18739,0,0,0,0,1811.118293333196
|52ajkif(3),||;18739,12538.7,18739,18739,0,0,0,0,1816.118293333196
|52ajkif(3),||;18739,12538.7,18739,18739,0,0,0,0,1821.118293333196
|52ajkif(3),||;18739,12538.7,18739,18739,0,0,0,0,1826.118293333196
|52ajkif(3),||;18739,12538.7,18739,18739,0,0,0,0,1831.118293333196
|52ajkif(3),||;18739,12538.7,18739,18739,0,0,0,0,1836.118293333196
|52ajkif(3),||;18739,12538.7,18739,18739,0,0,0,0,1841.118293333196
|52ajkif(3),||;18739,12538.7,18739,18739,0,0,0,0,1846.118293333196
|||;18739,18739,18739,18739,0,0,0,0,1851.118293333196
|||;18739,18739,18739,18739,0,0,0,0,1856.118293333196
|||;18739,18739,18739,18739,0,0,0,0,1861.118293333196
|||;18739,18739,18739,18739,0,0,0,0,1866.118293333196
|||;18739,18739,18739,18739,0,0,0,0,1871.118293333196
|||;18739,18739,18739,18739,0,0,0,0,1876.118293333196
|||;18739,18739,18739,18739,0,0,0,0,1881.118293333196
|||;18739,18739,18739,18739,0,0,0,0,1886.118293333196
|||;18739,18739,18739,18739,0,0,0,0,1891.118293333196
|||;18739,18739,18739,18739,0,0,0,0,1896.118293333196
|||;18739,18739,18739,18739,0,0,0,0,1901.118293333196
|||;18739,18739,18739,18739,0,0,0,0,1906.118293333196
|||;18739,18739,18739,18739,0,0,0,0,1911.118293333196
|||;18739,18739,18739,18739,0,0,0,0,1916.118293333196
|||;18739,18739,18739,18739,0,0,0,0,1921.118293333196
|||;18739,18739,18739,18739,0,0,0,0,1926.118293333196
|||;18739,18739,18739,18739,0,0,0,0,1931.118293333196
|||;18739,18739,18739,18739,0,0,0,0,1936.118293333196
|||;18739,18739,18739,18739,0,0,0,0,1941.118293333196
|||;18739,18739,18739,18739,0,0,0,0,1946.118293333196
|||;18739,18739,18739,18739,0,0,0,0,1951.118293333196
|||;18739,18739,18739,18739,0,0,0,0,1956.118293333196
|||;18739,18739,18739,18739,0,0,0,0,1961.118293333196
|||;18739,18739,18739,18739,0,0,0,0,1966.118293333196
|||;18739,18739,18739,18739,0,0,0,0,1971.118293333196
|||;18739,18739,18739,18739,0,0,0,0,1976.118293333196
|||;18739,18739,18739,18739,0,0,0,0,1981.118293333196
|||;18739,18739,18739,18739,0,0,0,0,1986.118293333196
|||;18739,18739,18739,18739,0,0,0,0,1991.118293333196
|||;18739,18739,18739,18739,0,0,0,0,1996.118293333196
