|||;33894,33894,33894,33894,0,0,0,0,1.079836755614
|||;33894,33894,33894,33894,0,0,0,0,6.079836755614
|||;33894,33894,33894,33894,0,0,0,0,11.079836755614
|||;33894,33894,33894,33894,0,0,0,0,16.079836755614
|||;33894,33894,33894,33894,0,0,0,0,21.079836755614
|||;33894,33894,33894,33894,0,0,0,0,26.079836755614
|||;33894,33894,33894,33894,0,0,0,0,31.079836755614
|||;33894,33894,33894,33894,0,0,0,0,36.079836755614
|||;33894,33894,33894,33894,0,0,0,0,41.079836755614
|||;33894,33894,33894,33894,0,0,0,0,46.079836755614
|||;33894,33894,33894,33894,0,0,0,0,51.079836755614
|||;33894,33894,33894,33894,0,0,0,0,56.079836755614
|||;33894,33894,33894,33894,0,0,0,0,61.079836755614
|||;33894,33894,33894,33894,0,0,0,0,66.079836755614
|||;33894,33894,33894,33894,0,0,0,0,71.079836755614
|||;33894,33894,33894,33894,0,0,0,0,76.079836755614
|||;33894,33894,33894,33894,0,0,0,0,81.079836755614
|||;33894,33894,33894,33894,0,0,0,0,86.079836755614
|||;33894,33894,33894,33894,0,0,0,0,91.079836755614
|||;33894,33894,33894,33894,0,0,0,0,96.079836755614
|||;33894,33894,33894,33894,0,0,0,0,101.079836755614
|||;33894,33894,33894,33894,0,0,0,0,106.079836755614
|||;33894,33894,33894,33894,0,0,0,0,111.079836755614
|||;33894,33894,33894,33894,0,0,0,0,116.079836755614
|||;33894,33894,33894,33894,0,0,0,0,121.079836755614
|||;33894,33894,33894,33894,0,0,0,0,126.079836755614
|||;33894,33894,33894,33894,0,0,0,0,131.079836755614
|||;33894,33894,33894,33894,0,0,0,0,136.079836755614
398zdjag(2),||398zdjag(2),|398zdjag(2),;31067.8,33894,30125.7,31067.8,12.87128585574,0,17.548570316346,12.87128585574,141.079836755614
398zdjag(2),||398zdjag(2),|398zdjag(2),;31067.8,33894,30125.7,31067.8,7.87128585574,0,12.548570316346,7.87128585574,146.079836755614
398zdjag(2),||398zdjag(2),|398zdjag(2),;31067.8,33894,30125.7,31067.8,2.87128585574,0,7.548570316346,2.87128585574,151.079836755614
398zdjag(3),||398zdjag(2),|398zdjag(3),;31067.8,33894,30125.7,31067.8,0,0,2.548570316346,0,156.079836755614
398zdjag(3),||398zdjag(3),|398zdjag(3),;31067.8,33894,30125.7,31067.8,0,0,0,0,161.079836755614
398zdjag(3),||398zdjag(3),|398zdjag(3),;31067.8,33894,30125.7,31067.8,0,0,0,0,166.079836755614
398zdjag(3),||398zdjag(3),|398zdjag(3),;31067.8,33894,30125.7,31067.8,0,0,0,0,171.079836755614
398zdjag(3),||398zdjag(3),|398zdjag(3),;31067.8,33894,30125.7,31067.8,0,0,0,0,176.079836755614
398zdjag(3),||398zdjag(3),|398zdjag(3),;31067.8,33894,30125.7,31067.8,0,0,0,0,181.079836755614
398zdjag(3),||398zdjag(3),|398zdjag(3),;31067.8,33894,30125.7,31067.8,0,0,0,0,186.079836755614
398zdjag(3),||398zdjag(3),|398zdjag(3),;31067.8,33894,30125.7,31067.8,0,0,0,0,191.079836755614
398zdjag(3),765yexct(2),|765yexct(2),|398zdjag(3),765yexct(2),|398zdjag(3),765yexct(2),;29931.2,32189,28420.7,29931.2,3.674715677161,6.49633836807,6.49633836807,3.674715677161,196.079836755614
398zdjag(3),|765yexct(2),|398zdjag(3),765yexct(2),|398zdjag(3),;31067.8,32189,28420.7,31067.8,0,1.49633836807,1.49633836807,0,201.079836755614
398zdjag(3),180ctdpn(0),|180ctdpn(0),|398zdjag(3),180ctdpn(0),|398zdjag(3),;29112,31938.1,28169.9,31067.8,11.817845520722,12.348891644406,12.348891644406,0,206.079836755614
398zdjag(3),180ctdpn(2),|180ctdpn(2),|398zdjag(3),180ctdpn(2),|398zdjag(3),;29112,31938.1,28169.9,31067.8,6.817845520722,7.348891644406,7.348891644406,0,211.079836755614
398zdjag(3),180ctdpn(2),|180ctdpn(2),|398zdjag(3),180ctdpn(2),|398zdjag(3),;29112,31938.1,28169.9,31067.8,1.817845520722,2.348891644406,2.348891644406,0,216.079836755614
398zdjag(3),180ctdpn(3),|180ctdpn(3),|398zdjag(3),180ctdpn(3),|398zdjag(3),;29112,31938.1,28169.9,31067.8,0,0,0,0,221.079836755614
398zdjag(3),180ctdpn(3),|180ctdpn(3),|398zdjag(3),180ctdpn(3),|398zdjag(3),;29112,31938.1,28169.9,31067.8,0,0,0,0,226.079836755614
398zdjag(3),180ctdpn(3),|180ctdpn(3),|398zdjag(3),180ctdpn(3),|398zdjag(3),;29112,31938.1,28169.9,31067.8,0,0,0,0,231.079836755614
398zdjag(3),180ctdpn(3),|180ctdpn(3),|398zdjag(3),180ctdpn(3),|398zdjag(3),;29112,31938.1,28169.9,31067.8,0,0,0,0,236.079836755614
398zdjag(3),180ctdpn(3),|180ctdpn(3),|398zdjag(3),180ctdpn(3),|398zdjag(3),;29112,31938.1,28169.9,31067.8,0,0,0,0,241.079836755614
398zdjag(3),180ctdpn(3),|180ctdpn(3),|398zdjag(3),180ctdpn(3),|398zdjag(3),;29112,31938.1,28169.9,31067.8,0,0,0,0,246.079836755614
398zdjag(3),180ctdpn(3),|180ctdpn(3),|398zdjag(3),180ctdpn(3),|398zdjag(3),;29112,31938.1,28169.9,31067.8,0,0,0,0,251.079836755614
398zdjag(3),180ctdpn(3),|180ctdpn(3),|398zdjag(3),180ctdpn(3),|398zdjag(3),;29112,31938.1,28169.9,31067.8,0,0,0,0,256.079836755614
398zdjag(3),180ctdpn(3),651envza(0),|180ctdpn(3),651envza(0),|398zdjag(3),180ctdpn(3),651envza(0),|398zdjag(3),651envza(0),;27238.1,29127.2,25359,29193.9,12.723977127248,17.497841563612,17.497841563612,12.723977127248,261.079836755614
398zdjag(3),180ctdpn(3),651envza(2),|180ctdpn(3),651envza(2),|398zdjag(3),180ctdpn(3),651envza(2),|398zdjag(3),651envza(2),;27238.1,29127.2,25359,29193.9,7.723977127248,12.497841563612,12.497841563612,7.723977127248,266.079836755614
398zdjag(3),180ctdpn(3),651envza(2),|180ctdpn(3),651envza(2),|398zdjag(3),180ctdpn(3),651envza(2),|398zdjag(3),651envza(2),;27238.1,29127.2,25359,29193.9,2.723977127248,7.497841563612,7.497841563612,2.723977127248,271.079836755614
398zdjag(3),180ctdpn(3),651envza(3),|180ctdpn(3),651envza(2),|398zdjag(3),180ctdpn(3),651envza(2),|398zdjag(3),651envza(3),;27238.1,29127.2,25359,29193.9,0,2.497841563612,2.497841563612,0,276.079836755614
398zdjag(3),180ctdpn(3),651envza(3),|180ctdpn(3),651envza(3),|398zdjag(3),180ctdpn(3),651envza(3),|398zdjag(3),651envza(3),;27238.1,29127.2,25359,29193.9,0,0,0,0,281.079836755614
398zdjag(3),180ctdpn(3),651envza(3),|180ctdpn(3),651envza(3),|398zdjag(3),180ctdpn(3),651envza(3),|398zdjag(3),651envza(3),;27238.1,29127.2,25359,29193.9,0,0,0,0,286.079836755614
398zdjag(3),180ctdpn(3),651envza(3),|180ctdpn(3),651envza(3),|398zdjag(3),180ctdpn(3),651envza(3),|398zdjag(3),651envza(3),;27238.1,29127.2,25359,29193.9,0,0,0,0,291.079836755614
398zdjag(3),180ctdpn(3),651envza(3),|180ctdpn(3),651envza(3),|398zdjag(3),180ctdpn(3),651envza(3),|398zdjag(3),651envza(3),;27238.1,29127.2,25359,29193.9,0,0,0,0,296.079836755614
180ctdpn(3),651envza(3),292qwbga(0),|180ctdpn(3),651envza(3),292qwbga(0),|180ctdpn(3),651envza(3),292qwbga(0),|651envza(3),292qwbga(0),;29065.9,27130.4,25133.7,29024.9,9.28031812231,14.237222849582,24.151032304128,19.194127576855,301.079836755614
180ctdpn(3),651envza(3),292qwbga(2),|180ctdpn(3),651envza(3),292qwbga(2),|180ctdpn(3),651envza(3),292qwbga(2),|651envza(3),292qwbga(2),;29065.9,27130.4,25133.7,29024.9,4.28031812231,9.237222849582,19.151032304128,14.194127576855,306.079836755614
180ctdpn(3),651envza(3),|180ctdpn(3),651envza(3),292qwbga(2),|180ctdpn(3),651envza(3),292qwbga(2),|651envza(3),292qwbga(2),;30064.3,27130.4,25133.7,29024.9,0,4.237222849582,14.151032304128,9.194127576855,311.079836755614
180ctdpn(3),651envza(3),|180ctdpn(3),651envza(3),|180ctdpn(3),651envza(3),292qwbga(2),|651envza(3),292qwbga(2),;30064.3,29127.2,25133.7,29024.9,0,0,9.151032304128,4.194127576855,316.079836755614
180ctdpn(3),651envza(3),|180ctdpn(3),651envza(3),|180ctdpn(3),651envza(3),292qwbga(2),|651envza(3),;30064.3,29127.2,25133.7,32020.1,0,0,4.151032304128,0,321.079836755614
180ctdpn(3),651envza(3),|180ctdpn(3),651envza(3),|180ctdpn(3),651envza(3),|651envza(3),;30064.3,29127.2,29127.3,32020.1,0,0,0,0,326.079836755614
180ctdpn(3),651envza(3),|180ctdpn(3),651envza(3),|180ctdpn(3),651envza(3),|651envza(3),;30064.3,29127.2,29127.3,32020.1,0,0,0,0,331.079836755614
180ctdpn(3),651envza(3),|180ctdpn(3),651envza(3),|180ctdpn(3),651envza(3),|651envza(3),;30064.3,29127.2,29127.3,32020.1,0,0,0,0,336.079836755614
180ctdpn(3),651envza(3),|180ctdpn(3),651envza(3),|180ctdpn(3),651envza(3),|651envza(3),;30064.3,29127.2,29127.3,32020.1,0,0,0,0,341.079836755614
651envza(3),|651envza(3),|651envza(3),|651envza(3),;32020.1,31083,31083.1,32020.1,0,0,0,0,346.079836755614
651envza(3),|651envza(3),|651envza(3),|651envza(3),;32020.1,31083,31083.1,32020.1,0,0,0,0,351.079836755614
651envza(3),|651envza(3),|651envza(3),|651envza(3),;32020.1,31083,31083.1,32020.1,0,0,0,0,356.079836755614
651envza(3),|651envza(3),|651envza(3),|651envza(3),;32020.1,31083,31083.1,32020.1,0,0,0,0,361.079836755614
651envza(3),|651envza(3),|651envza(3),|651envza(3),;32020.1,31083,31083.1,32020.1,0,0,0,0,366.079836755614
651envza(3),|651envza(3),|651envza(3),|651envza(3),;32020.1,31083,31083.1,32020.1,0,0,0,0,371.079836755614
651envza(3),|651envza(3),|651envza(3),|651envza(3),;32020.1,31083,31083.1,32020.1,0,0,0,0,376.079836755614
651envza(3),|651envza(3),|651envza(3),|651envza(3),;32020.1,31083,31083.1,32020.1,0,0,0,0,381.079836755614
651envza(3),25hkfiz(2),|651envza(3),|651envza(3),25hkfiz(2),|651envza(3),25hkfiz(2),;31375,31083,25922.1,31375,2.173749412446,0,24.594210794264,2.173749412446,386.079836755614
651envza(3),|651envza(3),|651envza(3),25hkfiz(2),|651envza(3),;32020.1,31083,25922.1,32020.1,0,0,19.594210794264,0,391.079836755614
651envza(3),|651envza(3),|651envza(3),25hkfiz(2),|651envza(3),;32020.1,31083,25922.1,32020.1,0,0,14.594210794264,0,396.079836755614
651envza(3),|651envza(3),|651envza(3),25hkfiz(2),|651envza(3),;32020.1,31083,25922.1,32020.1,0,0,9.594210794264,0,401.079836755614
651envza(3),|651envza(3),|651envza(3),25hkfiz(2),|651envza(3),;32020.1,31083,25922.1,32020.1,0,0,4.594210794264,0,406.079836755614
651envza(3),|651envza(3),|651envza(3),25hkfiz(3),|651envza(3),;32020.1,31083,25922.1,32020.1,0,0,0,0,411.079836755614
651envza(3),|651envza(3),|651envza(3),25hkfiz(3),|651envza(3),;32020.1,31083,25922.1,32020.1,0,0,0,0,416.079836755614
651envza(3),|651envza(3),|651envza(3),25hkfiz(3),|651envza(3),;32020.1,31083,25922.1,32020.1,0,0,0,0,421.079836755614
651envza(3),|651envza(3),|651envza(3),25hkfiz(3),|651envza(3),;32020.1,31083,25922.1,32020.1,0,0,0,0,426.079836755614
||25hkfiz(3),|;33894,33893.9,28733,33894,0,0,0,0,431.079836755614
||25hkfiz(3),|;33894,33893.9,28733,33894,0,0,0,0,436.079836755614
||25hkfiz(3),|;33894,33893.9,28733,33894,0,0,0,0,441.079836755614
||25hkfiz(3),|;33894,33893.9,28733,33894,0,0,0,0,446.079836755614
||25hkfiz(3),|;33894,33893.9,28733,33894,0,0,0,0,451.079836755614
||25hkfiz(3),|;33894,33893.9,28733,33894,0,0,0,0,456.079836755614
||25hkfiz(3),|;33894,33893.9,28733,33894,0,0,0,0,461.079836755614
||25hkfiz(3),|;33894,33893.9,28733,33894,0,0,0,0,466.079836755614
|||;33894,33893.9,33894,33894,0,0,0,0,471.079836755614
|||;33894,33893.9,33894,33894,0,0,0,0,476.079836755614
578dytqe(2),|578dytqe(2),|578dytqe(2),|578dytqe(2),;32439.9,32439.8,31712.9,31712.9,5.610176513985,5.610176513985,9.314486623076,9.314486623076,481.079836755614
578dytqe(2),|578dytqe(2),|578dytqe(2),|578dytqe(2),;32439.9,32439.8,31712.9,31712.9,0.610176513985,0.610176513985,4.314486623076,4.314486623076,486.079836755614
|||;33894,33893.9,33894,33894,0,0,0,0,491.079836755614
|||;33894,33893.9,33894,33894,0,0,0,0,496.079836755614
|||;33894,33893.9,33894,33894,0,0,0,0,501.079836755614
|||;33894,33893.9,33894,33894,0,0,0,0,506.079836755614
|||;33894,33893.9,33894,33894,0,0,0,0,511.079836755614
|||;33894,33893.9,33894,33894,0,0,0,0,516.079836755614
|||;33894,33893.9,33894,33894,0,0,0,0,521.079836755614
|||;33894,33893.9,33894,33894,0,0,0,0,526.079836755614
|||;33894,33893.9,33894,33894,0,0,0,0,531.079836755614
|||;33894,33893.9,33894,33894,0,0,0,0,536.079836755614
|||;33894,33893.9,33894,33894,0,0,0,0,541.079836755614
|||;33894,33893.9,33894,33894,0,0,0,0,546.079836755614
|||;33894,33893.9,33894,33894,0,0,0,0,551.079836755614
|||;33894,33893.9,33894,33894,0,0,0,0,556.079836755614
|||;33894,33893.9,33894,33894,0,0,0,0,561.079836755614
|||;33894,33893.9,33894,33894,0,0,0,0,566.079836755614
|||;33894,33893.9,33894,33894,0,0,0,0,571.079836755614
|||;33894,33893.9,33894,33894,0,0,0,0,576.079836755614
|||;33894,33893.9,33894,33894,0,0,0,0,581.079836755614
|||;33894,33893.9,33894,33894,0,0,0,0,586.079836755614
|||;33894,33893.9,33894,33894,0,0,0,0,591.079836755614
|||;33894,33893.9,33894,33894,0,0,0,0,596.079836755614
317plcrj(2),|317plcrj(2),|317plcrj(2),|317plcrj(2),;32066.2,32066.1,32675.4,32675.4,6.293446515454,6.293446515454,3.189130297272,3.189130297272,601.079836755614
317plcrj(2),|317plcrj(2),||;32066.2,32066.1,33894,33894,1.293446515454,1.293446515454,0,0,606.079836755614
|||;33894,33893.9,33894,33894,0,0,0,0,611.079836755614
|||;33894,33893.9,33894,33894,0,0,0,0,616.079836755614
|||;33894,33893.9,33894,33894,0,0,0,0,621.079836755614
|||;33894,33893.9,33894,33894,0,0,0,0,626.079836755614
|||;33894,33893.9,33894,33894,0,0,0,0,631.079836755614
|||;33894,33893.9,33894,33894,0,0,0,0,636.079836755614
|||;33894,33893.9,33894,33894,0,0,0,0,641.079836755614
|||;33894,33893.9,33894,33894,0,0,0,0,646.079836755614
684bprom(2),|||;28579.4,33893.9,33894,33894,25.039040035922,0,0,0,651.079836755614
684bprom(2),|||;28579.4,33893.9,33894,33894,20.039040035922,0,0,0,656.079836755614
684bprom(2),|||;28579.4,33893.9,33894,33894,15.039040035922,0,0,0,661.079836755614
684bprom(2),|||;28579.4,33893.9,33894,33894,10.039040035922,0,0,0,666.079836755614
684bprom(2),594wbmzx(1),|594wbmzx(2),|594wbmzx(2),|594wbmzx(2),;26787.4,32101.9,32102,30310,19.98356111641,6.940687324874,6.940687324874,16.071029143055,671.079836755614
684bprom(3),594wbmzx(2),|594wbmzx(2),|594wbmzx(2),|594wbmzx(2),;26787.4,32101.9,32102,30310,14.98356111641,1.940687324874,1.940687324874,11.071029143055,676.079836755614
684bprom(3),594wbmzx(2),|594wbmzx(3),|594wbmzx(3),|594wbmzx(2),;26787.4,32101.9,32102,30310,9.98356111641,0,0,6.071029143055,681.079836755614
684bprom(3),594wbmzx(3),|594wbmzx(3),|594wbmzx(3),|594wbmzx(2),;26787.4,32101.9,32102,30310,4.98356111641,0,0,1.071029143055,686.079836755614
684bprom(3),594wbmzx(3),|594wbmzx(3),|594wbmzx(3),|594wbmzx(3),;26787.4,32101.9,32102,30310,0,0,0,0,691.079836755614
684bprom(3),594wbmzx(3),|594wbmzx(3),|594wbmzx(3),|594wbmzx(3),;26787.4,32101.9,32102,30310,0,0,0,0,696.079836755614
684bprom(3),594wbmzx(3),|594wbmzx(3),|594wbmzx(3),|594wbmzx(3),;26787.4,32101.9,32102,30310,0,0,0,0,701.079836755614
684bprom(3),594wbmzx(3),|594wbmzx(3),|594wbmzx(3),|594wbmzx(3),;26787.4,32101.9,32102,30310,0,0,0,0,706.079836755614
684bprom(3),594wbmzx(3),|594wbmzx(3),|594wbmzx(3),|594wbmzx(3),;26787.4,32101.9,32102,30310,0,0,0,0,711.079836755614
684bprom(3),594wbmzx(3),|594wbmzx(3),|594wbmzx(3),|594wbmzx(3),;26787.4,32101.9,32102,30310,0,0,0,0,716.079836755614
684bprom(3),594wbmzx(3),|594wbmzx(3),|594wbmzx(3),|594wbmzx(3),;26787.4,32101.9,32102,30310,0,0,0,0,721.079836755614
684bprom(3),594wbmzx(3),|594wbmzx(3),|594wbmzx(3),|594wbmzx(3),;26787.4,32101.9,32102,30310,0,0,0,0,726.079836755614
684bprom(3),594wbmzx(3),|594wbmzx(3),|594wbmzx(3),|594wbmzx(3),;26787.4,32101.9,32102,30310,0,0,0,0,731.079836755614
684bprom(3),594wbmzx(3),|594wbmzx(3),|594wbmzx(3),|594wbmzx(3),;26787.4,32101.9,32102,30310,0,0,0,0,736.079836755614
684bprom(3),594wbmzx(3),|594wbmzx(3),|594wbmzx(3),|594wbmzx(3),;26787.4,32101.9,32102,30310,0,0,0,0,741.079836755614
684bprom(3),594wbmzx(3),|594wbmzx(3),|594wbmzx(3),|594wbmzx(3),;26787.4,32101.9,32102,30310,0,0,0,0,746.079836755614
684bprom(3),594wbmzx(3),|594wbmzx(3),|594wbmzx(3),|594wbmzx(3),;26787.4,32101.9,32102,30310,0,0,0,0,751.079836755614
684bprom(3),594wbmzx(3),|594wbmzx(3),|594wbmzx(3),|594wbmzx(3),;26787.4,32101.9,32102,30310,0,0,0,0,756.079836755614
684bprom(3),594wbmzx(3),|594wbmzx(3),|594wbmzx(3),|594wbmzx(3),;26787.4,32101.9,32102,30310,0,0,0,0,761.079836755614
684bprom(3),594wbmzx(3),|594wbmzx(3),|594wbmzx(3),|594wbmzx(3),;26787.4,32101.9,32102,30310,0,0,0,0,766.079836755614
684bprom(3),594wbmzx(3),243lnzvr(2),|594wbmzx(3),243lnzvr(2),|594wbmzx(3),243lnzvr(2),|594wbmzx(3),243lnzvr(2),;25113.2,31543.8,30427.8,28635.8,7.095350119443,1.408451501262,7.095350119443,7.095350119443,771.079836755614
684bprom(3),594wbmzx(3),243lnzvr(2),|594wbmzx(3),|594wbmzx(3),243lnzvr(2),|594wbmzx(3),243lnzvr(2),;25113.2,32101.9,30427.8,28635.8,2.095350119443,0,2.095350119443,2.095350119443,776.079836755614
684bprom(3),594wbmzx(3),|594wbmzx(3),|594wbmzx(3),|594wbmzx(3),;26787.4,32101.9,32102,30310,0,0,0,0,781.079836755614
684bprom(3),594wbmzx(3),|594wbmzx(3),|594wbmzx(3),|594wbmzx(3),;26787.4,32101.9,32102,30310,0,0,0,0,786.079836755614
684bprom(3),594wbmzx(3),|594wbmzx(3),|594wbmzx(3),|594wbmzx(3),;26787.4,32101.9,32102,30310,0,0,0,0,791.079836755614
684bprom(3),594wbmzx(3),|594wbmzx(3),|594wbmzx(3),|594wbmzx(3),;26787.4,32101.9,32102,30310,0,0,0,0,796.079836755614
684bprom(3),594wbmzx(3),|594wbmzx(3),|594wbmzx(3),|594wbmzx(3),;26787.4,32101.9,32102,30310,0,0,0,0,801.079836755614
684bprom(3),594wbmzx(3),|594wbmzx(3),|594wbmzx(3),|594wbmzx(3),;26787.4,32101.9,32102,30310,0,0,0,0,806.079836755614
684bprom(3),594wbmzx(3),|594wbmzx(3),|594wbmzx(3),|594wbmzx(3),;26787.4,32101.9,32102,30310,0,0,0,0,811.079836755614
684bprom(3),594wbmzx(3),|594wbmzx(3),|594wbmzx(3),|594wbmzx(3),;26787.4,32101.9,32102,30310,0,0,0,0,816.079836755614
684bprom(3),594wbmzx(3),|594wbmzx(3),|594wbmzx(3),|594wbmzx(3),;26787.4,32101.9,32102,30310,0,0,0,0,821.079836755614
684bprom(3),594wbmzx(3),|594wbmzx(3),|594wbmzx(3),|594wbmzx(3),;26787.4,32101.9,32102,30310,0,0,0,0,826.079836755614
684bprom(3),594wbmzx(3),|594wbmzx(3),|594wbmzx(3),|594wbmzx(3),;26787.4,32101.9,32102,30310,0,0,0,0,831.079836755614
684bprom(3),594wbmzx(3),|594wbmzx(3),|594wbmzx(3),|594wbmzx(3),;26787.4,32101.9,32102,30310,0,0,0,0,836.079836755614
684bprom(3),594wbmzx(3),|594wbmzx(3),|594wbmzx(3),|594wbmzx(3),;26787.4,32101.9,32102,30310,0,0,0,0,841.079836755614
684bprom(3),594wbmzx(3),|594wbmzx(3),|594wbmzx(3),|594wbmzx(3),;26787.4,32101.9,32102,30310,0,0,0,0,846.079836755614
684bprom(3),594wbmzx(3),|594wbmzx(3),|594wbmzx(3),|594wbmzx(3),;26787.4,32101.9,32102,30310,0,0,0,0,851.079836755614
684bprom(3),594wbmzx(3),497lupxy(0),|497lupxy(0),|497lupxy(0),|594wbmzx(3),497lupxy(0),;24800.8,30914.1,30914.2,28323.4,13.090734726893,18.022219429923,18.022219429923,13.090734726893,856.079836755614
684bprom(3),594wbmzx(3),497lupxy(2),|497lupxy(2),|497lupxy(2),|594wbmzx(3),497lupxy(2),;24800.8,30914.1,30914.2,28323.4,8.090734726893,13.022219429923,13.022219429923,8.090734726893,861.079836755614
684bprom(3),594wbmzx(3),497lupxy(2),|497lupxy(2),|497lupxy(2),|594wbmzx(3),497lupxy(2),;24800.8,30914.1,30914.2,28323.4,3.090734726893,8.022219429923,8.022219429923,3.090734726893,866.079836755614
684bprom(3),594wbmzx(3),|497lupxy(2),|497lupxy(2),|594wbmzx(3),;26787.4,30914.1,30914.2,30310,0,3.022219429923,3.022219429923,0,871.079836755614
684bprom(3),594wbmzx(3),|||594wbmzx(3),;26787.4,33893.9,33894,30310,0,0,0,0,876.079836755614
684bprom(3),594wbmzx(3),|||594wbmzx(3),;26787.4,33893.9,33894,30310,0,0,0,0,881.079836755614
684bprom(3),594wbmzx(3),|||594wbmzx(3),;26787.4,33893.9,33894,30310,0,0,0,0,886.079836755614
684bprom(3),594wbmzx(3),|||594wbmzx(3),;26787.4,33893.9,33894,30310,0,0,0,0,891.079836755614
684bprom(3),594wbmzx(3),|||594wbmzx(3),;26787.4,33893.9,33894,30310,0,0,0,0,896.079836755614
684bprom(3),594wbmzx(3),|||594wbmzx(3),;26787.4,33893.9,33894,30310,0,0,0,0,901.079836755614
684bprom(3),594wbmzx(3),|||594wbmzx(3),;26787.4,33893.9,33894,30310,0,0,0,0,906.079836755614
684bprom(3),594wbmzx(3),|||594wbmzx(3),;26787.4,33893.9,33894,30310,0,0,0,0,911.079836755614
684bprom(3),594wbmzx(3),|||594wbmzx(3),503pmitc(0),;26787.4,33893.9,33894,28681.8,0,0,0,10.21471113419,916.079836755614
684bprom(3),594wbmzx(3),|||594wbmzx(3),503pmitc(2),;26787.4,33893.9,33894,28681.8,0,0,0,5.21471113419,921.079836755614
684bprom(3),594wbmzx(3),|||594wbmzx(3),503pmitc(2),;26787.4,33893.9,33894,28681.8,0,0,0,0.21471113419,926.079836755614
684bprom(3),594wbmzx(3),|||594wbmzx(3),503pmitc(3),;26787.4,33893.9,33894,28681.8,0,0,0,0,931.079836755614
684bprom(3),594wbmzx(3),|||594wbmzx(3),503pmitc(3),;26787.4,33893.9,33894,28681.8,0,0,0,0,936.079836755614
684bprom(3),594wbmzx(3),|||594wbmzx(3),503pmitc(3),;26787.4,33893.9,33894,28681.8,0,0,0,0,941.079836755614
684bprom(3),594wbmzx(3),|||594wbmzx(3),503pmitc(3),;26787.4,33893.9,33894,28681.8,0,0,0,0,946.079836755614
684bprom(3),594wbmzx(3),|||594wbmzx(3),503pmitc(3),;26787.4,33893.9,33894,28681.8,0,0,0,0,951.079836755614
684bprom(3),|||503pmitc(3),;28579.4,33893.9,33894,32265.8,0,0,0,0,956.079836755614
684bprom(3),|||503pmitc(3),;28579.4,33893.9,33894,32265.8,0,0,0,0,961.079836755614
684bprom(3),|||503pmitc(3),;28579.4,33893.9,33894,32265.8,0,0,0,0,966.079836755614
684bprom(3),|||503pmitc(3),;28579.4,33893.9,33894,32265.8,0,0,0,0,971.079836755614
684bprom(3),|||503pmitc(3),;28579.4,33893.9,33894,32265.8,0,0,0,0,976.079836755614
684bprom(3),|||503pmitc(3),;28579.4,33893.9,33894,32265.8,0,0,0,0,981.079836755614
684bprom(3),|||503pmitc(3),;28579.4,33893.9,33894,32265.8,0,0,0,0,986.079836755614
684bprom(3),|178ikvag(0),||503pmitc(3),;28579.4,29593.1,33894,32265.8,0,21.771008758347,0,0,991.079836755614
684bprom(3),|178ikvag(2),||503pmitc(3),;28579.4,29593.1,33894,32265.8,0,16.771008758347,0,0,996.079836755614
684bprom(3),|178ikvag(2),||503pmitc(3),;28579.4,29593.1,33894,32265.8,0,11.771008758347,0,0,1001.079836755614
684bprom(3),|178ikvag(2),||503pmitc(3),;28579.4,29593.1,33894,32265.8,0,6.771008758347,0,0,1006.079836755614
684bprom(3),|178ikvag(2),||503pmitc(3),;28579.4,29593.1,33894,32265.8,0,1.771008758347,0,0,1011.079836755614
684bprom(3),|178ikvag(3),||503pmitc(3),;28579.4,29593.1,33894,32265.8,0,0,0,0,1016.079836755614
684bprom(3),|178ikvag(3),||503pmitc(3),;28579.4,29593.1,33894,32265.8,0,0,0,0,1021.079836755614
684bprom(3),|178ikvag(3),||503pmitc(3),;28579.4,29593.1,33894,32265.8,0,0,0,0,1026.079836755614
684bprom(3),552jgvzh(0),|178ikvag(3),552jgvzh(0),|552jgvzh(0),|503pmitc(3),552jgvzh(0),;26797.6,26920.5,32112.2,29593.2,11.405617265615,15.828701483797,11.405617265615,15.828701483797,1031.079836755614
684bprom(3),552jgvzh(2),|178ikvag(3),552jgvzh(2),|552jgvzh(2),|503pmitc(3),552jgvzh(2),;26797.6,26920.5,32112.2,29593.2,6.405617265615,10.828701483797,6.405617265615,10.828701483797,1036.079836755614
684bprom(3),552jgvzh(2),|178ikvag(3),552jgvzh(2),|552jgvzh(2),|503pmitc(3),552jgvzh(2),;26797.6,26920.5,32112.2,29593.2,1.405617265615,5.828701483797,1.405617265615,5.828701483797,1041.079836755614
684bprom(3),|178ikvag(3),552jgvzh(2),||552jgvzh(2),;28579.4,26920.5,33894,31221.4,0,0.828701483797,0,0.828701483797,1046.079836755614
684bprom(3),|178ikvag(3),||;28579.4,29593.1,33894,33894,0,0,0,0,1051.079836755614
684bprom(3),|178ikvag(3),||;28579.4,29593.1,33894,33894,0,0,0,0,1056.079836755614
684bprom(3),|178ikvag(3),||;28579.4,29593.1,33894,33894,0,0,0,0,1061.079836755614
684bprom(3),|178ikvag(3),||;28579.4,29593.1,33894,33894,0,0,0,0,1066.079836755614
684bprom(3),|178ikvag(3),||;28579.4,29593.1,33894,33894,0,0,0,0,1071.079836755614
684bprom(3),|178ikvag(3),||;28579.4,29593.1,33894,33894,0,0,0,0,1076.079836755614
684bprom(3),|178ikvag(3),||;28579.4,29593.1,33894,33894,0,0,0,0,1081.079836755614
684bprom(3),|178ikvag(3),||;28579.4,29593.1,33894,33894,0,0,0,0,1086.079836755614
684bprom(3),|178ikvag(3),||;28579.4,29593.1,33894,33894,0,0,0,0,1091.079836755614
684bprom(3),|178ikvag(3),||;28579.4,29593.1,33894,33894,0,0,0,0,1096.079836755614
684bprom(3),|178ikvag(3),||;28579.4,29593.1,33894,33894,0,0,0,0,1101.079836755614
684bprom(3),|178ikvag(3),||;28579.4,29593.1,33894,33894,0,0,0,0,1106.079836755614
684bprom(3),130mzcgw(0),|178ikvag(3),130mzcgw(0),|130mzcgw(0),|130mzcgw(0),;27176.5,27488.8,32491.1,31789.7,7.659857610799,11.142400932011,7.659857610799,11.142400932011,1111.079836755614
684bprom(3),130mzcgw(2),|178ikvag(3),130mzcgw(2),|130mzcgw(2),|130mzcgw(2),;27176.5,27488.8,32491.1,31789.7,2.659857610799,6.142400932011,2.659857610799,6.142400932011,1116.079836755614
|178ikvag(3),130mzcgw(2),||130mzcgw(2),;33894,27488.8,33894,31789.7,0,1.142400932011,0,1.142400932011,1121.079836755614
|178ikvag(3),||;33894,29593.1,33894,33894,0,0,0,0,1126.079836755614
|178ikvag(3),||;33894,29593.1,33894,33894,0,0,0,0,1131.079836755614
|178ikvag(3),||;33894,29593.1,33894,33894,0,0,0,0,1136.079836755614
|178ikvag(3),||;33894,29593.1,33894,33894,0,0,0,0,1141.079836755614
|178ikvag(3),||;33894,29593.1,33894,33894,0,0,0,0,1146.079836755614
|178ikvag(3),||;33894,29593.1,33894,33894,0,0,0,0,1151.079836755614
|178ikvag(3),||;33894,29593.1,33894,33894,0,0,0,0,1156.079836755614
|178ikvag(3),||;33894,29593.1,33894,33894,0,0,0,0,1161.079836755614
|178ikvag(3),||;33894,29593.1,33894,33894,0,0,0,0,1166.079836755614
|178ikvag(3),||;33894,29593.1,33894,33894,0,0,0,0,1171.079836755614
|178ikvag(3),||;33894,29593.1,33894,33894,0,0,0,0,1176.079836755614
|178ikvag(3),||;33894,29593.1,33894,33894,0,0,0,0,1181.079836755614
|178ikvag(3),||;33894,29593.1,33894,33894,0,0,0,0,1186.079836755614
|178ikvag(3),||;33894,29593.1,33894,33894,0,0,0,0,1191.079836755614
|178ikvag(3),||;33894,29593.1,33894,33894,0,0,0,0,1196.079836755614
|178ikvag(3),||;33894,29593.1,33894,33894,0,0,0,0,1201.079836755614
|||;33894,33893.9,33894,33894,0,0,0,0,1206.079836755614
|||;33894,33893.9,33894,33894,0,0,0,0,1211.079836755614
|||;33894,33893.9,33894,33894,0,0,0,0,1216.079836755614
|||;33894,33893.9,33894,33894,0,0,0,0,1221.079836755614
|||;33894,33893.9,33894,33894,0,0,0,0,1226.079836755614
|||;33894,33893.9,33894,33894,0,0,0,0,1231.079836755614
|||;33894,33893.9,33894,33894,0,0,0,0,1236.079836755614
|||;33894,33893.9,33894,33894,0,0,0,0,1241.079836755614
|||;33894,33893.9,33894,33894,0,0,0,0,1246.079836755614
|||;33894,33893.9,33894,33894,0,0,0,0,1251.079836755614
|||;33894,33893.9,33894,33894,0,0,0,0,1256.079836755614
|||;33894,33893.9,33894,33894,0,0,0,0,1261.079836755614
|||;33894,33893.9,33894,33894,0,0,0,0,1266.079836755614
|||;33894,33893.9,33894,33894,0,0,0,0,1271.079836755614
|||;33894,33893.9,33894,33894,0,0,0,0,1276.079836755614
|||;33894,33893.9,33894,33894,0,0,0,0,1281.079836755614
|||;33894,33893.9,33894,33894,0,0,0,0,1286.079836755614
|||;33894,33893.9,33894,33894,0,0,0,0,1291.079836755614
|||;33894,33893.9,33894,33894,0,0,0,0,1296.079836755614
|||;33894,33893.9,33894,33894,0,0,0,0,1301.079836755614
|||;33894,33893.9,33894,33894,0,0,0,0,1306.079836755614
|||;33894,33893.9,33894,33894,0,0,0,0,1311.079836755614
|||;33894,33893.9,33894,33894,0,0,0,0,1316.079836755614
|||;33894,33893.9,33894,33894,0,0,0,0,1321.079836755614
|||;33894,33893.9,33894,33894,0,0,0,0,1326.079836755614
|||;33894,33893.9,33894,33894,0,0,0,0,1331.079836755614
|||;33894,33893.9,33894,33894,0,0,0,0,1336.079836755614
|||;33894,33893.9,33894,33894,0,0,0,0,1341.079836755614
|||;33894,33893.9,33894,33894,0,0,0,0,1346.079836755614
|||;33894,33893.9,33894,33894,0,0,0,0,1351.079836755614
|||;33894,33893.9,33894,33894,0,0,0,0,1356.079836755614
|||;33894,33893.9,33894,33894,0,0,0,0,1361.079836755614
|||;33894,33893.9,33894,33894,0,0,0,0,1366.079836755614
|||;33894,33893.9,33894,33894,0,0,0,0,1371.079836755614
|||;33894,33893.9,33894,33894,0,0,0,0,1376.079836755614
|||;33894,33893.9,33894,33894,0,0,0,0,1381.079836755614
|||;33894,33893.9,33894,33894,0,0,0,0,1386.079836755614
|||;33894,33893.9,33894,33894,0,0,0,0,1391.079836755614
|||;33894,33893.9,33894,33894,0,0,0,0,1396.079836755614
|||;33894,33893.9,33894,33894,0,0,0,0,1401.079836755614
|||;33894,33893.9,33894,33894,0,0,0,0,1406.079836755614
|||;33894,33893.9,33894,33894,0,0,0,0,1411.079836755614
|||;33894,33893.9,33894,33894,0,0,0,0,1416.079836755614
|||;33894,33893.9,33894,33894,0,0,0,0,1421.079836755614
|||;33894,33893.9,33894,33894,0,0,0,0,1426.079836755614
|||;33894,33893.9,33894,33894,0,0,0,0,1431.079836755614
|||;33894,33893.9,33894,33894,0,0,0,0,1436.079836755614
|||;33894,33893.9,33894,33894,0,0,0,0,1441.079836755614
|||;33894,33893.9,33894,33894,0,0,0,0,1446.079836755614
|||;33894,33893.9,33894,33894,0,0,0,0,1451.079836755614
|||;33894,33893.9,33894,33894,0,0,0,0,1456.079836755614
|||;33894,33893.9,33894,33894,0,0,0,0,1461.079836755614
|||;33894,33893.9,33894,33894,0,0,0,0,1466.079836755614
|||;33894,33893.9,33894,33894,0,0,0,0,1471.079836755614
|||;33894,33893.9,33894,33894,0,0,0,0,1476.079836755614
|||;33894,33893.9,33894,33894,0,0,0,0,1481.079836755614
|||;33894,33893.9,33894,33894,0,0,0,0,1486.079836755614
|||;33894,33893.9,33894,33894,0,0,0,0,1491.079836755614
|||;33894,33893.9,33894,33894,0,0,0,0,1496.079836755614
|||;33894,33893.9,33894,33894,0,0,0,0,1501.079836755614
|||;33894,33893.9,33894,33894,0,0,0,0,1506.079836755614
|||;33894,33893.9,33894,33894,0,0,0,0,1511.079836755614
|||;33894,33893.9,33894,33894,0,0,0,0,1516.079836755614
|||;33894,33893.9,33894,33894,0,0,0,0,1521.079836755614
|||;33894,33893.9,33894,33894,0,0,0,0,1526.079836755614
|||;33894,33893.9,33894,33894,0,0,0,0,1531.079836755614
|||;33894,33893.9,33894,33894,0,0,0,0,1536.079836755614
|||;33894,33893.9,33894,33894,0,0,0,0,1541.079836755614
|||;33894,33893.9,33894,33894,0,0,0,0,1546.079836755614
|||;33894,33893.9,33894,33894,0,0,0,0,1551.079836755614
|||;33894,33893.9,33894,33894,0,0,0,0,1556.079836755614
|||;33894,33893.9,33894,33894,0,0,0,0,1561.079836755614
|||;33894,33893.9,33894,33894,0,0,0,0,1566.079836755614
|||;33894,33893.9,33894,33894,0,0,0,0,1571.079836755614
|||;33894,33893.9,33894,33894,0,0,0,0,1576.079836755614
|||;33894,33893.9,33894,33894,0,0,0,0,1581.079836755614
|||;33894,33893.9,33894,33894,0,0,0,0,1586.079836755614
|||;33894,33893.9,33894,33894,0,0,0,0,1591.079836755614
|||;33894,33893.9,33894,33894,0,0,0,0,1596.079836755614
|||;33894,33893.9,33894,33894,0,0,0,0,1601.079836755614
|||;33894,33893.9,33894,33894,0,0,0,0,1606.079836755614
|||;33894,33893.9,33894,33894,0,0,0,0,1611.079836755614
|||;33894,33893.9,33894,33894,0,0,0,0,1616.079836755614
|||;33894,33893.9,33894,33894,0,0,0,0,1621.079836755614
|||;33894,33893.9,33894,33894,0,0,0,0,1626.079836755614
|||;33894,33893.9,33894,33894,0,0,0,0,1631.079836755614
|||;33894,33893.9,33894,33894,0,0,0,0,1636.079836755614
|||;33894,33893.9,33894,33894,0,0,0,0,1641.079836755614
|||;33894,33893.9,33894,33894,0,0,0,0,1646.079836755614
|||;33894,33893.9,33894,33894,0,0,0,0,1651.079836755614
|||;33894,33893.9,33894,33894,0,0,0,0,1656.079836755614
|||;33894,33893.9,33894,33894,0,0,0,0,1661.079836755614
|||;33894,33893.9,33894,33894,0,0,0,0,1666.079836755614
|||;33894,33893.9,33894,33894,0,0,0,0,1671.079836755614
|||;33894,33893.9,33894,33894,0,0,0,0,1676.079836755614
|||;33894,33893.9,33894,33894,0,0,0,0,1681.079836755614
|||;33894,33893.9,33894,33894,0,0,0,0,1686.079836755614
|||;33894,33893.9,33894,33894,0,0,0,0,1691.079836755614
|||;33894,33893.9,33894,33894,0,0,0,0,1696.079836755614
|||;33894,33893.9,33894,33894,0,0,0,0,1701.079836755614
|||;33894,33893.9,33894,33894,0,0,0,0,1706.079836755614
|||;33894,33893.9,33894,33894,0,0,0,0,1711.079836755614
|||;33894,33893.9,33894,33894,0,0,0,0,1716.079836755614
|||;33894,33893.9,33894,33894,0,0,0,0,1721.079836755614
|||;33894,33893.9,33894,33894,0,0,0,0,1726.079836755614
|||;33894,33893.9,33894,33894,0,0,0,0,1731.079836755614
|||;33894,33893.9,33894,33894,0,0,0,0,1736.079836755614
|||;33894,33893.9,33894,33894,0,0,0,0,1741.079836755614
|||;33894,33893.9,33894,33894,0,0,0,0,1746.079836755614
|||;33894,33893.9,33894,33894,0,0,0,0,1751.079836755614
|||;33894,33893.9,33894,33894,0,0,0,0,1756.079836755614
|||;33894,33893.9,33894,33894,0,0,0,0,1761.079836755614
|||;33894,33893.9,33894,33894,0,0,0,0,1766.079836755614
|||;33894,33893.9,33894,33894,0,0,0,0,1771.079836755614
|||;33894,33893.9,33894,33894,0,0,0,0,1776.079836755614
|||;33894,33893.9,33894,33894,0,0,0,0,1781.079836755614
|||;33894,33893.9,33894,33894,0,0,0,0,1786.079836755614
|||;33894,33893.9,33894,33894,0,0,0,0,1791.079836755614
|||;33894,33893.9,33894,33894,0,0,0,0,1796.079836755614
|||;33894,33893.9,33894,33894,0,0,0,0,1801.079836755614
|||;33894,33893.9,33894,33894,0,0,0,0,1806.079836755614
|||;33894,33893.9,33894,33894,0,0,0,0,1811.079836755614
|||;33894,33893.9,33894,33894,0,0,0,0,1816.079836755614
|||;33894,33893.9,33894,33894,0,0,0,0,1821.079836755614
|||;33894,33893.9,33894,33894,0,0,0,0,1826.079836755614
|||;33894,33893.9,33894,33894,0,0,0,0,1831.079836755614
|||;33894,33893.9,33894,33894,0,0,0,0,1836.079836755614
|||;33894,33893.9,33894,33894,0,0,0,0,1841.079836755614
|||;33894,33893.9,33894,33894,0,0,0,0,1846.079836755614
|||;33894,33893.9,33894,33894,0,0,0,0,1851.079836755614
|||;33894,33893.9,33894,33894,0,0,0,0,1856.079836755614
|||;33894,33893.9,33894,33894,0,0,0,0,1861.079836755614
|||;33894,33893.9,33894,33894,0,0,0,0,1866.079836755614
|||;33894,33893.9,33894,33894,0,0,0,0,1871.079836755614
|||;33894,33893.9,33894,33894,0,0,0,0,1876.079836755614
|||;33894,33893.9,33894,33894,0,0,0,0,1881.079836755614
|||;33894,33893.9,33894,33894,0,0,0,0,1886.079836755614
|||;33894,33893.9,33894,33894,0,0,0,0,1891.079836755614
|||;33894,33893.9,33894,33894,0,0,0,0,1896.079836755614
|||;33894,33893.9,33894,33894,0,0,0,0,1901.079836755614
|||;33894,33893.9,33894,33894,0,0,0,0,1906.079836755614
|||;33894,33893.9,33894,33894,0,0,0,0,1911.079836755614
|||;33894,33893.9,33894,33894,0,0,0,0,1916.079836755614
|||;33894,33893.9,33894,33894,0,0,0,0,1921.079836755614
|||;33894,33893.9,33894,33894,0,0,0,0,1926.079836755614
|||;33894,33893.9,33894,33894,0,0,0,0,1931.079836755614
|||;33894,33893.9,33894,33894,0,0,0,0,1936.079836755614
|||;33894,33893.9,33894,33894,0,0,0,0,1941.079836755614
|||;33894,33893.9,33894,33894,0,0,0,0,1946.079836755614
|||;33894,33893.9,33894,33894,0,0,0,0,1951.079836755614
|||;33894,33893.9,33894,33894,0,0,0,0,1956.079836755614
|||;33894,33893.9,33894,33894,0,0,0,0,1961.079836755614
|||;33894,33893.9,33894,33894,0,0,0,0,1966.079836755614
|||;33894,33893.9,33894,33894,0,0,0,0,1971.079836755614
|||;33894,33893.9,33894,33894,0,0,0,0,1976.079836755614
|||;33894,33893.9,33894,33894,0,0,0,0,1981.079836755614
|||;33894,33893.9,33894,33894,0,0,0,0,1986.079836755614
|||;33894,33893.9,33894,33894,0,0,0,0,1991.079836755614
|||;33894,33893.9,33894,33894,0,0,0,0,1996.079836755614
