|||;24064,24064,24064,24064,0,0,0,0,1.180343853675
|||;24064,24064,24064,24064,0,0,0,0,6.180343853675
|||;24064,24064,24064,24064,0,0,0,0,11.180343853675
|||;24064,24064,24064,24064,0,0,0,0,16.180343853675
|||;24064,24064,24064,24064,0,0,0,0,21.180343853675
|||;24064,24064,24064,24064,0,0,0,0,26.180343853675
|||;24064,24064,24064,24064,0,0,0,0,31.180343853675
|||;24064,24064,24064,24064,0,0,0,0,36.180343853675
|||;24064,24064,24064,24064,0,0,0,0,41.180343853675
|||;24064,24064,24064,24064,0,0,0,0,46.180343853675
|||;24064,24064,24064,24064,0,0,0,0,51.180343853675
|||;24064,24064,24064,24064,0,0,0,0,56.180343853675
|||;24064,24064,24064,24064,0,0,0,0,61.180343853675
|||;24064,24064,24064,24064,0,0,0,0,66.180343853675
|||;24064,24064,24064,24064,0,0,0,0,71.180343853675
|||;24064,24064,24064,24064,0,0,0,0,76.180343853675
|||;24064,24064,24064,24064,0,0,0,0,81.180343853675
|||;24064,24064,24064,24064,0,0,0,0,86.180343853675
|||;24064,24064,24064,24064,0,0,0,0,91.180343853675
|||;24064,24064,24064,24064,0,0,0,0,96.180343853675
|||;24064,24064,24064,24064,0,0,0,0,101.180343853675
|||;24064,24064,24064,24064,0,0,0,0,106.180343853675
|||;24064,24064,24064,24064,0,0,0,0,111.180343853675
|||;24064,24064,24064,24064,0,0,0,0,116.180343853675
119qmivx(2),|119qmivx(2),|119qmivx(2),|119qmivx(2),;21406.7,21406.7,22292.5,22292.5,11.111697827115,11.111697827115,6.241801236511,6.241801236511,121.180343853675
119qmivx(2),|119qmivx(2),|119qmivx(2),|119qmivx(2),;21406.7,21406.7,22292.5,22292.5,6.111697827115,6.111697827115,1.241801236511,1.241801236511,126.180343853675
119qmivx(2),|119qmivx(2),|119qmivx(3),|119qmivx(3),;21406.7,21406.7,22292.5,22292.5,1.111697827115,1.111697827115,0,0,131.180343853675
119qmivx(3),|119qmivx(3),|119qmivx(3),|119qmivx(3),;21406.7,21406.7,22292.5,22292.5,0,0,0,0,136.180343853675
119qmivx(3),|119qmivx(3),|119qmivx(3),|119qmivx(3),;21406.7,21406.7,22292.5,22292.5,0,0,0,0,141.180343853675
119qmivx(3),|119qmivx(3),|119qmivx(3),|119qmivx(3),;21406.7,21406.7,22292.5,22292.5,0,0,0,0,146.180343853675
119qmivx(3),|119qmivx(3),|119qmivx(3),|119qmivx(3),;21406.7,21406.7,22292.5,22292.5,0,0,0,0,151.180343853675
119qmivx(3),|119qmivx(3),|119qmivx(3),|119qmivx(3),;21406.7,21406.7,22292.5,22292.5,0,0,0,0,156.180343853675
119qmivx(3),|119qmivx(3),|119qmivx(3),|119qmivx(3),;21406.7,21406.7,22292.5,22292.5,0,0,0,0,161.180343853675
119qmivx(3),|119qmivx(3),|119qmivx(3),|119qmivx(3),;21406.7,21406.7,22292.5,22292.5,0,0,0,0,166.180343853675
119qmivx(3),|119qmivx(3),|119qmivx(3),|119qmivx(3),;21406.7,21406.7,22292.5,22292.5,0,0,0,0,171.180343853675
119qmivx(3),|119qmivx(3),|119qmivx(3),|119qmivx(3),;21406.7,21406.7,22292.5,22292.5,0,0,0,0,176.180343853675
119qmivx(3),|119qmivx(3),|119qmivx(3),|119qmivx(3),;21406.7,21406.7,22292.5,22292.5,0,0,0,0,181.180343853675
119qmivx(3),|119qmivx(3),|119qmivx(3),|119qmivx(3),;21406.7,21406.7,22292.5,22292.5,0,0,0,0,186.180343853675
119qmivx(3),|119qmivx(3),|119qmivx(3),|119qmivx(3),;21406.7,21406.7,22292.5,22292.5,0,0,0,0,191.180343853675
119qmivx(3),|119qmivx(3),|119qmivx(3),|119qmivx(3),;21406.7,21406.7,22292.5,22292.5,0,0,0,0,196.180343853675
119qmivx(3),|119qmivx(3),|119qmivx(3),|119qmivx(3),;21406.7,21406.7,22292.5,22292.5,0,0,0,0,201.180343853675
119qmivx(3),|119qmivx(3),|119qmivx(3),|119qmivx(3),;21406.7,21406.7,22292.5,22292.5,0,0,0,0,206.180343853675
119qmivx(3),|119qmivx(3),|119qmivx(3),|119qmivx(3),;21406.7,21406.7,22292.5,22292.5,0,0,0,0,211.180343853675
119qmivx(3),|119qmivx(3),|119qmivx(3),|119qmivx(3),;21406.7,21406.7,22292.5,22292.5,0,0,0,0,216.180343853675
119qmivx(3),886viyfo(0),726bgxiq(0),|119qmivx(3),886viyfo(0),726bgxiq(0),|119qmivx(3),886viyfo(0),726bgxiq(0),|119qmivx(3),886viyfo(0),726bgxiq(0),;17925.1,17925.1,18913.3,18913.3,25.459577627414,25.459577627414,24.800583801911,24.800583801911,221.180343853675
119qmivx(3),886viyfo(2),726bgxiq(1),|119qmivx(3),886viyfo(2),726bgxiq(1),|119qmivx(3),886viyfo(2),726bgxiq(1),|119qmivx(3),886viyfo(2),726bgxiq(1),;17925.1,17925.1,18913.3,18913.3,20.459577627414,20.459577627414,19.800583801911,19.800583801911,226.180343853675
119qmivx(3),886viyfo(2),726bgxiq(1),|119qmivx(3),886viyfo(2),726bgxiq(1),|119qmivx(3),886viyfo(2),726bgxiq(1),|119qmivx(3),886viyfo(2),726bgxiq(1),;17925.1,17925.1,18913.3,18913.3,15.459577627414,15.459577627414,14.800583801911,14.800583801911,231.180343853675
119qmivx(3),886viyfo(3),726bgxiq(1),|119qmivx(3),886viyfo(3),726bgxiq(1),|119qmivx(3),886viyfo(3),726bgxiq(2),|119qmivx(3),886viyfo(3),726bgxiq(2),;17925.1,17925.1,18913.3,18913.3,10.459577627414,10.459577627414,9.800583801911,9.800583801911,236.180343853675
119qmivx(3),886viyfo(3),726bgxiq(2),154jqgwc(0),|119qmivx(3),886viyfo(3),726bgxiq(2),154jqgwc(0),|119qmivx(3),886viyfo(3),726bgxiq(2),154jqgwc(0),|119qmivx(3),886viyfo(3),726bgxiq(2),154jqgwc(0),;16010.2,16010.2,16041,16041,24.615552502763,24.615552502763,29.345217612383,29.345217612383,241.180343853675
119qmivx(3),886viyfo(3),726bgxiq(3),154jqgwc(0),|119qmivx(3),886viyfo(3),726bgxiq(3),154jqgwc(0),|119qmivx(3),886viyfo(3),726bgxiq(3),154jqgwc(0),|119qmivx(3),886viyfo(3),726bgxiq(3),154jqgwc(0),;16010.2,16010.2,16041,16041,19.615552502763,19.615552502763,24.345217612383,24.345217612383,246.180343853675
119qmivx(3),886viyfo(3),726bgxiq(3),154jqgwc(2),|119qmivx(3),886viyfo(3),726bgxiq(3),154jqgwc(2),|119qmivx(3),886viyfo(3),726bgxiq(3),154jqgwc(2),|119qmivx(3),886viyfo(3),726bgxiq(3),154jqgwc(2),;16010.2,16010.2,16041,16041,14.615552502763,14.615552502763,19.345217612383,19.345217612383,251.180343853675
119qmivx(3),886viyfo(3),726bgxiq(3),154jqgwc(2),|119qmivx(3),886viyfo(3),726bgxiq(3),154jqgwc(2),|119qmivx(3),886viyfo(3),726bgxiq(3),154jqgwc(2),|119qmivx(3),886viyfo(3),726bgxiq(3),154jqgwc(2),;16010.2,16010.2,16041,16041,9.615552502763,9.615552502763,14.345217612383,14.345217612383,256.180343853675
119qmivx(3),886viyfo(3),726bgxiq(3),154jqgwc(3),|119qmivx(3),886viyfo(3),726bgxiq(3),154jqgwc(3),|119qmivx(3),886viyfo(3),726bgxiq(3),154jqgwc(2),|119qmivx(3),886viyfo(3),726bgxiq(3),154jqgwc(2),;16010.2,16010.2,16041,16041,4.615552502763,4.615552502763,9.345217612383,9.345217612383,261.180343853675
119qmivx(3),886viyfo(3),726bgxiq(3),154jqgwc(3),|119qmivx(3),886viyfo(3),726bgxiq(3),154jqgwc(3),|119qmivx(3),886viyfo(3),726bgxiq(3),154jqgwc(3),|119qmivx(3),886viyfo(3),726bgxiq(3),154jqgwc(3),;16010.2,16010.2,16041,16041,0,0,4.345217612383,4.345217612383,266.180343853675
119qmivx(3),886viyfo(3),726bgxiq(3),154jqgwc(3),|119qmivx(3),886viyfo(3),726bgxiq(3),154jqgwc(3),|119qmivx(3),886viyfo(3),726bgxiq(3),154jqgwc(3),|119qmivx(3),886viyfo(3),726bgxiq(3),154jqgwc(3),;16010.2,16010.2,16041,16041,0,0,0,0,271.180343853675
119qmivx(3),886viyfo(3),726bgxiq(3),154jqgwc(3),|119qmivx(3),886viyfo(3),726bgxiq(3),154jqgwc(3),|119qmivx(3),886viyfo(3),726bgxiq(3),154jqgwc(3),|119qmivx(3),886viyfo(3),726bgxiq(3),154jqgwc(3),;16010.2,16010.2,16041,16041,0,0,0,0,276.180343853675
119qmivx(3),886viyfo(3),726bgxiq(3),154jqgwc(3),|119qmivx(3),886viyfo(3),726bgxiq(3),154jqgwc(3),|119qmivx(3),886viyfo(3),726bgxiq(3),154jqgwc(3),|119qmivx(3),886viyfo(3),726bgxiq(3),154jqgwc(3),;16010.2,16010.2,16041,16041,0,0,0,0,281.180343853675
119qmivx(3),886viyfo(3),726bgxiq(3),154jqgwc(3),|119qmivx(3),886viyfo(3),726bgxiq(3),154jqgwc(3),|119qmivx(3),886viyfo(3),726bgxiq(3),154jqgwc(3),|119qmivx(3),886viyfo(3),726bgxiq(3),154jqgwc(3),;16010.2,16010.2,16041,16041,0,0,0,0,286.180343853675
119qmivx(3),886viyfo(3),726bgxiq(3),154jqgwc(3),|119qmivx(3),886viyfo(3),726bgxiq(3),154jqgwc(3),|119qmivx(3),886viyfo(3),726bgxiq(3),154jqgwc(3),|119qmivx(3),886viyfo(3),726bgxiq(3),154jqgwc(3),;16010.2,16010.2,16041,16041,0,0,0,0,291.180343853675
119qmivx(3),886viyfo(3),726bgxiq(3),154jqgwc(3),|119qmivx(3),886viyfo(3),726bgxiq(3),154jqgwc(3),|119qmivx(3),886viyfo(3),726bgxiq(3),154jqgwc(3),|119qmivx(3),886viyfo(3),726bgxiq(3),154jqgwc(3),;16010.2,16010.2,16041,16041,0,0,0,0,296.180343853675
119qmivx(3),886viyfo(3),726bgxiq(3),154jqgwc(3),|119qmivx(3),886viyfo(3),726bgxiq(3),154jqgwc(3),|119qmivx(3),886viyfo(3),726bgxiq(3),154jqgwc(3),|119qmivx(3),886viyfo(3),726bgxiq(3),154jqgwc(3),;16010.2,16010.2,16041,16041,0,0,0,0,301.180343853675
119qmivx(3),886viyfo(3),726bgxiq(3),154jqgwc(3),|119qmivx(3),886viyfo(3),726bgxiq(3),154jqgwc(3),|119qmivx(3),886viyfo(3),726bgxiq(3),154jqgwc(3),|119qmivx(3),886viyfo(3),726bgxiq(3),154jqgwc(3),;16010.2,16010.2,16041,16041,0,0,0,0,306.180343853675
119qmivx(3),886viyfo(3),726bgxiq(3),154jqgwc(3),|119qmivx(3),886viyfo(3),726bgxiq(3),154jqgwc(3),|119qmivx(3),886viyfo(3),726bgxiq(3),154jqgwc(3),|119qmivx(3),886viyfo(3),726bgxiq(3),154jqgwc(3),;16010.2,16010.2,16041,16041,0,0,0,0,311.180343853675
119qmivx(3),886viyfo(3),726bgxiq(3),154jqgwc(3),|119qmivx(3),886viyfo(3),726bgxiq(3),154jqgwc(3),|119qmivx(3),886viyfo(3),726bgxiq(3),154jqgwc(3),|119qmivx(3),886viyfo(3),726bgxiq(3),154jqgwc(3),;16010.2,16010.2,16041,16041,0,0,0,0,316.180343853675
119qmivx(3),726bgxiq(3),154jqgwc(3),|119qmivx(3),726bgxiq(3),154jqgwc(3),|119qmivx(3),726bgxiq(3),154jqgwc(3),|119qmivx(3),726bgxiq(3),154jqgwc(3),;18222,18222,17515.6,17515.6,0,0,0,0,321.180343853675
119qmivx(3),154jqgwc(3),|119qmivx(3),154jqgwc(3),|119qmivx(3),154jqgwc(3),|119qmivx(3),154jqgwc(3),;19491.8,19491.8,19420.2,19420.2,0,0,0,0,326.180343853675
119qmivx(3),154jqgwc(3),|119qmivx(3),154jqgwc(3),|119qmivx(3),154jqgwc(3),|119qmivx(3),154jqgwc(3),;19491.8,19491.8,19420.2,19420.2,0,0,0,0,331.180343853675
119qmivx(3),154jqgwc(3),|119qmivx(3),154jqgwc(3),|119qmivx(3),154jqgwc(3),|119qmivx(3),154jqgwc(3),;19491.8,19491.8,19420.2,19420.2,0,0,0,0,336.180343853675
119qmivx(3),154jqgwc(3),|119qmivx(3),154jqgwc(3),|119qmivx(3),154jqgwc(3),|119qmivx(3),154jqgwc(3),;19491.8,19491.8,19420.2,19420.2,0,0,0,0,341.180343853675
119qmivx(3),154jqgwc(3),|119qmivx(3),154jqgwc(3),|119qmivx(3),154jqgwc(3),|119qmivx(3),154jqgwc(3),;19491.8,19491.8,19420.2,19420.2,0,0,0,0,346.180343853675
119qmivx(3),154jqgwc(3),|119qmivx(3),154jqgwc(3),|119qmivx(3),154jqgwc(3),|119qmivx(3),154jqgwc(3),;19491.8,19491.8,19420.2,19420.2,0,0,0,0,351.180343853675
119qmivx(3),154jqgwc(3),|119qmivx(3),154jqgwc(3),|119qmivx(3),154jqgwc(3),|119qmivx(3),154jqgwc(3),;19491.8,19491.8,19420.2,19420.2,0,0,0,0,356.180343853675
119qmivx(3),154jqgwc(3),|119qmivx(3),154jqgwc(3),|119qmivx(3),154jqgwc(3),|119qmivx(3),154jqgwc(3),;19491.8,19491.8,19420.2,19420.2,0,0,0,0,361.180343853675
119qmivx(3),154jqgwc(3),|119qmivx(3),154jqgwc(3),|119qmivx(3),154jqgwc(3),|119qmivx(3),154jqgwc(3),;19491.8,19491.8,19420.2,19420.2,0,0,0,0,366.180343853675
119qmivx(3),154jqgwc(3),|119qmivx(3),154jqgwc(3),|119qmivx(3),154jqgwc(3),|119qmivx(3),154jqgwc(3),;19491.8,19491.8,19420.2,19420.2,0,0,0,0,371.180343853675
119qmivx(3),154jqgwc(3),|119qmivx(3),154jqgwc(3),|119qmivx(3),|119qmivx(3),;19491.8,19491.8,22292.5,22292.5,0,0,0,0,376.180343853675
119qmivx(3),|119qmivx(3),|119qmivx(3),|119qmivx(3),;21406.7,21406.7,22292.5,22292.5,0,0,0,0,381.180343853675
119qmivx(3),|119qmivx(3),|119qmivx(3),|119qmivx(3),;21406.7,21406.7,22292.5,22292.5,0,0,0,0,386.180343853675
119qmivx(3),|119qmivx(3),|119qmivx(3),|119qmivx(3),;21406.7,21406.7,22292.5,22292.5,0,0,0,0,391.180343853675
|||;24064,24064,24064,24064,0,0,0,0,396.180343853675
|||;24064,24064,24064,24064,0,0,0,0,401.180343853675
|||;24064,24064,24064,24064,0,0,0,0,406.180343853675
|||;24064,24064,24064,24064,0,0,0,0,411.180343853675
|||;24064,24064,24064,24064,0,0,0,0,416.180343853675
|||;24064,24064,24064,24064,0,0,0,0,421.180343853675
|||;24064,24064,24064,24064,0,0,0,0,426.180343853675
|||;24064,24064,24064,24064,0,0,0,0,431.180343853675
|||;24064,24064,24064,24064,0,0,0,0,436.180343853675
|||;24064,24064,24064,24064,0,0,0,0,441.180343853675
|||;24064,24064,24064,24064,0,0,0,0,446.180343853675
|||;24064,24064,24064,24064,0,0,0,0,451.180343853675
|||;24064,24064,24064,24064,0,0,0,0,456.180343853675
|||;24064,24064,24064,24064,0,0,0,0,461.180343853675
|||;24064,24064,24064,24064,0,0,0,0,466.180343853675
|||;24064,24064,24064,24064,0,0,0,0,471.180343853675
|||;24064,24064,24064,24064,0,0,0,0,476.180343853675
|||;24064,24064,24064,24064,0,0,0,0,481.180343853675
|||;24064,24064,24064,24064,0,0,0,0,486.180343853675
|||;24064,24064,24064,24064,0,0,0,0,491.180343853675
|||;24064,24064,24064,24064,0,0,0,0,496.180343853675
|||;24064,24064,24064,24064,0,0,0,0,501.180343853675
|||;24064,24064,24064,24064,0,0,0,0,506.180343853675
21bhfds(2),|21bhfds(2),|21bhfds(2),|21bhfds(2),;22097.9,22753.3,22753.3,22753.3,7.567621539049,3.964461055827,3.964461055827,3.964461055827,511.180343853675
21bhfds(2),|||;22097.9,24064,24064,24064,2.567621539049,0,0,0,516.180343853675
|||;24064,24064,24064,24064,0,0,0,0,521.180343853675
|||;24064,24064,24064,24064,0,0,0,0,526.180343853675
|||;24064,24064,24064,24064,0,0,0,0,531.180343853675
|||;24064,24064,24064,24064,0,0,0,0,536.180343853675
|||;24064,24064,24064,24064,0,0,0,0,541.180343853675
|||;24064,24064,24064,24064,0,0,0,0,546.180343853675
|||;24064,24064,24064,24064,0,0,0,0,551.180343853675
|||;24064,24064,24064,24064,0,0,0,0,556.180343853675
|||;24064,24064,24064,24064,0,0,0,0,561.180343853675
|||;24064,24064,24064,24064,0,0,0,0,566.180343853675
|||;24064,24064,24064,24064,0,0,0,0,571.180343853675
|||;24064,24064,24064,24064,0,0,0,0,576.180343853675
|||;24064,24064,24064,24064,0,0,0,0,581.180343853675
|||;24064,24064,24064,24064,0,0,0,0,586.180343853675
|900odthz(2),||900odthz(2),;24064,20275.2,24064,20275.2,0,18.682275289358,0,18.682275289358,591.180343853675
|900odthz(2),||900odthz(2),;24064,20275.2,24064,20275.2,0,13.682275289358,0,13.682275289358,596.180343853675
|900odthz(2),||900odthz(2),;24064,20275.2,24064,20275.2,0,8.682275289358,0,8.682275289358,601.180343853675
|900odthz(2),||900odthz(2),;24064,20275.2,24064,20275.2,0,3.682275289358,0,3.682275289358,606.180343853675
|900odthz(3),||900odthz(3),;24064,20275.2,24064,20275.2,0,0,0,0,611.180343853675
|900odthz(3),||900odthz(3),;24064,20275.2,24064,20275.2,0,0,0,0,616.180343853675
|900odthz(3),||900odthz(3),;24064,20275.2,24064,20275.2,0,0,0,0,621.180343853675
|900odthz(3),||900odthz(3),;24064,20275.2,24064,20275.2,0,0,0,0,626.180343853675
|900odthz(3),||900odthz(3),;24064,20275.2,24064,20275.2,0,0,0,0,631.180343853675
|900odthz(3),||900odthz(3),;24064,20275.2,24064,20275.2,0,0,0,0,636.180343853675
|900odthz(3),||900odthz(3),;24064,20275.2,24064,20275.2,0,0,0,0,641.180343853675
684bprom(0),|900odthz(3),||900odthz(3),;22292.5,20275.2,24064,20275.2,12.600340955433,0,0,0,646.180343853675
684bprom(2),|900odthz(3),||900odthz(3),;22292.5,20275.2,24064,20275.2,7.600340955433,0,0,0,651.180343853675
684bprom(2),|900odthz(3),||900odthz(3),;22292.5,20275.2,24064,20275.2,2.600340955433,0,0,0,656.180343853675
684bprom(3),|900odthz(3),||900odthz(3),;22292.5,20275.2,24064,20275.2,0,0,0,0,661.180343853675
684bprom(3),|900odthz(3),||900odthz(3),;22292.5,20275.2,24064,20275.2,0,0,0,0,666.180343853675
684bprom(3),|900odthz(3),||900odthz(3),;22292.5,20275.2,24064,20275.2,0,0,0,0,671.180343853675
684bprom(3),|900odthz(3),||900odthz(3),;22292.5,20275.2,24064,20275.2,0,0,0,0,676.180343853675
684bprom(3),|900odthz(3),||900odthz(3),;22292.5,20275.2,24064,20275.2,0,0,0,0,681.180343853675
684bprom(3),|||;22292.5,24064,24064,24064,0,0,0,0,686.180343853675
684bprom(3),|||;22292.5,24064,24064,24064,0,0,0,0,691.180343853675
684bprom(3),|||;22292.5,24064,24064,24064,0,0,0,0,696.180343853675
684bprom(3),|||;22292.5,24064,24064,24064,0,0,0,0,701.180343853675
684bprom(3),|||;22292.5,24064,24064,24064,0,0,0,0,706.180343853675
684bprom(3),|||;22292.5,24064,24064,24064,0,0,0,0,711.180343853675
684bprom(3),|||;22292.5,24064,24064,24064,0,0,0,0,716.180343853675
684bprom(3),|||;22292.5,24064,24064,24064,0,0,0,0,721.180343853675
684bprom(3),|||;22292.5,24064,24064,24064,0,0,0,0,726.180343853675
684bprom(3),|||;22292.5,24064,24064,24064,0,0,0,0,731.180343853675
684bprom(3),|||;22292.5,24064,24064,24064,0,0,0,0,736.180343853675
684bprom(3),|||;22292.5,24064,24064,24064,0,0,0,0,741.180343853675
684bprom(3),|||;22292.5,24064,24064,24064,0,0,0,0,746.180343853675
684bprom(3),|||;22292.5,24064,24064,24064,0,0,0,0,751.180343853675
684bprom(3),|||;22292.5,24064,24064,24064,0,0,0,0,756.180343853675
684bprom(3),|||;22292.5,24064,24064,24064,0,0,0,0,761.180343853675
684bprom(3),|||;22292.5,24064,24064,24064,0,0,0,0,766.180343853675
684bprom(3),|||;22292.5,24064,24064,24064,0,0,0,0,771.180343853675
684bprom(3),|||;22292.5,24064,24064,24064,0,0,0,0,776.180343853675
684bprom(3),|||;22292.5,24064,24064,24064,0,0,0,0,781.180343853675
684bprom(3),|||;22292.5,24064,24064,24064,0,0,0,0,786.180343853675
684bprom(3),|||;22292.5,24064,24064,24064,0,0,0,0,791.180343853675
684bprom(3),|||;22292.5,24064,24064,24064,0,0,0,0,796.180343853675
684bprom(3),|||;22292.5,24064,24064,24064,0,0,0,0,801.180343853675
684bprom(3),|||;22292.5,24064,24064,24064,0,0,0,0,806.180343853675
684bprom(3),|||;22292.5,24064,24064,24064,0,0,0,0,811.180343853675
684bprom(3),|||;22292.5,24064,24064,24064,0,0,0,0,816.180343853675
684bprom(3),|||;22292.5,24064,24064,24064,0,0,0,0,821.180343853675
684bprom(3),|||;22292.5,24064,24064,24064,0,0,0,0,826.180343853675
684bprom(3),|||;22292.5,24064,24064,24064,0,0,0,0,831.180343853675
684bprom(3),|||;22292.5,24064,24064,24064,0,0,0,0,836.180343853675
684bprom(3),|||;22292.5,24064,24064,24064,0,0,0,0,841.180343853675
684bprom(3),|||;22292.5,24064,24064,24064,0,0,0,0,846.180343853675
684bprom(3),|||;22292.5,24064,24064,24064,0,0,0,0,851.180343853675
684bprom(3),|||;22292.5,24064,24064,24064,0,0,0,0,856.180343853675
684bprom(3),|||;22292.5,24064,24064,24064,0,0,0,0,861.180343853675
684bprom(3),|||;22292.5,24064,24064,24064,0,0,0,0,866.180343853675
684bprom(3),|||;22292.5,24064,24064,24064,0,0,0,0,871.180343853675
684bprom(3),|||;22292.5,24064,24064,24064,0,0,0,0,876.180343853675
684bprom(3),|||;22292.5,24064,24064,24064,0,0,0,0,881.180343853675
684bprom(3),|||;22292.5,24064,24064,24064,0,0,0,0,886.180343853675
684bprom(3),|||;22292.5,24064,24064,24064,0,0,0,0,891.180343853675
684bprom(3),|||;22292.5,24064,24064,24064,0,0,0,0,896.180343853675
684bprom(3),|||;22292.5,24064,24064,24064,0,0,0,0,901.180343853675
684bprom(3),|||;22292.5,24064,24064,24064,0,0,0,0,906.180343853675
684bprom(3),|||;22292.5,24064,24064,24064,0,0,0,0,911.180343853675
684bprom(3),|||;22292.5,24064,24064,24064,0,0,0,0,916.180343853675
684bprom(3),|||;22292.5,24064,24064,24064,0,0,0,0,921.180343853675
684bprom(3),|||;22292.5,24064,24064,24064,0,0,0,0,926.180343853675
684bprom(3),|||;22292.5,24064,24064,24064,0,0,0,0,931.180343853675
684bprom(3),|||;22292.5,24064,24064,24064,0,0,0,0,936.180343853675
|||;24064,24064,24064,24064,0,0,0,0,941.180343853675
|||;24064,24064,24064,24064,0,0,0,0,946.180343853675
|||;24064,24064,24064,24064,0,0,0,0,951.180343853675
|||;24064,24064,24064,24064,0,0,0,0,956.180343853675
|||;24064,24064,24064,24064,0,0,0,0,961.180343853675
|||;24064,24064,24064,24064,0,0,0,0,966.180343853675
|||;24064,24064,24064,24064,0,0,0,0,971.180343853675
|||;24064,24064,24064,24064,0,0,0,0,976.180343853675
|||;24064,24064,24064,24064,0,0,0,0,981.180343853675
|||;24064,24064,24064,24064,0,0,0,0,986.180343853675
|||;24064,24064,24064,24064,0,0,0,0,991.180343853675
|||;24064,24064,24064,24064,0,0,0,0,996.180343853675
|||;24064,24064,24064,24064,0,0,0,0,1001.180343853675
|||;24064,24064,24064,24064,0,0,0,0,1006.180343853675
|||;24064,24064,24064,24064,0,0,0,0,1011.180343853675
|||;24064,24064,24064,24064,0,0,0,0,1016.180343853675
|||;24064,24064,24064,24064,0,0,0,0,1021.180343853675
|||;24064,24064,24064,24064,0,0,0,0,1026.180343853675
|||;24064,24064,24064,24064,0,0,0,0,1031.180343853675
|||;24064,24064,24064,24064,0,0,0,0,1036.180343853675
|||;24064,24064,24064,24064,0,0,0,0,1041.180343853675
|||;24064,24064,24064,24064,0,0,0,0,1046.180343853675
|||;24064,24064,24064,24064,0,0,0,0,1051.180343853675
|||;24064,24064,24064,24064,0,0,0,0,1056.180343853675
|||;24064,24064,24064,24064,0,0,0,0,1061.180343853675
|||;24064,24064,24064,24064,0,0,0,0,1066.180343853675
|||;24064,24064,24064,24064,0,0,0,0,1071.180343853675
|||;24064,24064,24064,24064,0,0,0,0,1076.180343853675
|||;24064,24064,24064,24064,0,0,0,0,1081.180343853675
|||;24064,24064,24064,24064,0,0,0,0,1086.180343853675
|||;24064,24064,24064,24064,0,0,0,0,1091.180343853675
|||;24064,24064,24064,24064,0,0,0,0,1096.180343853675
|||;24064,24064,24064,24064,0,0,0,0,1101.180343853675
|||;24064,24064,24064,24064,0,0,0,0,1106.180343853675
|||;24064,24064,24064,24064,0,0,0,0,1111.180343853675
|||;24064,24064,24064,24064,0,0,0,0,1116.180343853675
|||;24064,24064,24064,24064,0,0,0,0,1121.180343853675
|||;24064,24064,24064,24064,0,0,0,0,1126.180343853675
|||;24064,24064,24064,24064,0,0,0,0,1131.180343853675
|||;24064,24064,24064,24064,0,0,0,0,1136.180343853675
|||;24064,24064,24064,24064,0,0,0,0,1141.180343853675
|||;24064,24064,24064,24064,0,0,0,0,1146.180343853675
|||;24064,24064,24064,24064,0,0,0,0,1151.180343853675
|||;24064,24064,24064,24064,0,0,0,0,1156.180343853675
|||;24064,24064,24064,24064,0,0,0,0,1161.180343853675
|||;24064,24064,24064,24064,0,0,0,0,1166.180343853675
|||;24064,24064,24064,24064,0,0,0,0,1171.180343853675
|||;24064,24064,24064,24064,0,0,0,0,1176.180343853675
|||;24064,24064,24064,24064,0,0,0,0,1181.180343853675
|||;24064,24064,24064,24064,0,0,0,0,1186.180343853675
|||;24064,24064,24064,24064,0,0,0,0,1191.180343853675
|||;24064,24064,24064,24064,0,0,0,0,1196.180343853675
|||;24064,24064,24064,24064,0,0,0,0,1201.180343853675
|||;24064,24064,24064,24064,0,0,0,0,1206.180343853675
|||;24064,24064,24064,24064,0,0,0,0,1211.180343853675
|||;24064,24064,24064,24064,0,0,0,0,1216.180343853675
|||;24064,24064,24064,24064,0,0,0,0,1221.180343853675
|||;24064,24064,24064,24064,0,0,0,0,1226.180343853675
|||;24064,24064,24064,24064,0,0,0,0,1231.180343853675
|||;24064,24064,24064,24064,0,0,0,0,1236.180343853675
|||;24064,24064,24064,24064,0,0,0,0,1241.180343853675
|||;24064,24064,24064,24064,0,0,0,0,1246.180343853675
|||;24064,24064,24064,24064,0,0,0,0,1251.180343853675
|||;24064,24064,24064,24064,0,0,0,0,1256.180343853675
|||;24064,24064,24064,24064,0,0,0,0,1261.180343853675
|||;24064,24064,24064,24064,0,0,0,0,1266.180343853675
|||;24064,24064,24064,24064,0,0,0,0,1271.180343853675
|||;24064,24064,24064,24064,0,0,0,0,1276.180343853675
|||;24064,24064,24064,24064,0,0,0,0,1281.180343853675
|||;24064,24064,24064,24064,0,0,0,0,1286.180343853675
|||;24064,24064,24064,24064,0,0,0,0,1291.180343853675
|||;24064,24064,24064,24064,0,0,0,0,1296.180343853675
|||;24064,24064,24064,24064,0,0,0,0,1301.180343853675
|||;24064,24064,24064,24064,0,0,0,0,1306.180343853675
|||;24064,24064,24064,24064,0,0,0,0,1311.180343853675
|||;24064,24064,24064,24064,0,0,0,0,1316.180343853675
|||;24064,24064,24064,24064,0,0,0,0,1321.180343853675
|||;24064,24064,24064,24064,0,0,0,0,1326.180343853675
|||;24064,24064,24064,24064,0,0,0,0,1331.180343853675
|||;24064,24064,24064,24064,0,0,0,0,1336.180343853675
|||;24064,24064,24064,24064,0,0,0,0,1341.180343853675
|||;24064,24064,24064,24064,0,0,0,0,1346.180343853675
|||;24064,24064,24064,24064,0,0,0,0,1351.180343853675
|||;24064,24064,24064,24064,0,0,0,0,1356.180343853675
|||;24064,24064,24064,24064,0,0,0,0,1361.180343853675
|||;24064,24064,24064,24064,0,0,0,0,1366.180343853675
|||;24064,24064,24064,24064,0,0,0,0,1371.180343853675
|||;24064,24064,24064,24064,0,0,0,0,1376.180343853675
|||;24064,24064,24064,24064,0,0,0,0,1381.180343853675
|||;24064,24064,24064,24064,0,0,0,0,1386.180343853675
|||;24064,24064,24064,24064,0,0,0,0,1391.180343853675
|||;24064,24064,24064,24064,0,0,0,0,1396.180343853675
|||;24064,24064,24064,24064,0,0,0,0,1401.180343853675
|||;24064,24064,24064,24064,0,0,0,0,1406.180343853675
|||;24064,24064,24064,24064,0,0,0,0,1411.180343853675
|||;24064,24064,24064,24064,0,0,0,0,1416.180343853675
|||;24064,24064,24064,24064,0,0,0,0,1421.180343853675
|||;24064,24064,24064,24064,0,0,0,0,1426.180343853675
|||;24064,24064,24064,24064,0,0,0,0,1431.180343853675
|||;24064,24064,24064,24064,0,0,0,0,1436.180343853675
|||;24064,24064,24064,24064,0,0,0,0,1441.180343853675
|||;24064,24064,24064,24064,0,0,0,0,1446.180343853675
|||;24064,24064,24064,24064,0,0,0,0,1451.180343853675
|||;24064,24064,24064,24064,0,0,0,0,1456.180343853675
|||;24064,24064,24064,24064,0,0,0,0,1461.180343853675
|||;24064,24064,24064,24064,0,0,0,0,1466.180343853675
|||;24064,24064,24064,24064,0,0,0,0,1471.180343853675
|||;24064,24064,24064,24064,0,0,0,0,1476.180343853675
|||;24064,24064,24064,24064,0,0,0,0,1481.180343853675
|||;24064,24064,24064,24064,0,0,0,0,1486.180343853675
|||;24064,24064,24064,24064,0,0,0,0,1491.180343853675
|||;24064,24064,24064,24064,0,0,0,0,1496.180343853675
|||;24064,24064,24064,24064,0,0,0,0,1501.180343853675
|||;24064,24064,24064,24064,0,0,0,0,1506.180343853675
|||;24064,24064,24064,24064,0,0,0,0,1511.180343853675
|||;24064,24064,24064,24064,0,0,0,0,1516.180343853675
|||;24064,24064,24064,24064,0,0,0,0,1521.180343853675
|||;24064,24064,24064,24064,0,0,0,0,1526.180343853675
|||;24064,24064,24064,24064,0,0,0,0,1531.180343853675
|||;24064,24064,24064,24064,0,0,0,0,1536.180343853675
|||;24064,24064,24064,24064,0,0,0,0,1541.180343853675
|||;24064,24064,24064,24064,0,0,0,0,1546.180343853675
|||;24064,24064,24064,24064,0,0,0,0,1551.180343853675
|||;24064,24064,24064,24064,0,0,0,0,1556.180343853675
|||;24064,24064,24064,24064,0,0,0,0,1561.180343853675
|||;24064,24064,24064,24064,0,0,0,0,1566.180343853675
|||;24064,24064,24064,24064,0,0,0,0,1571.180343853675
|||;24064,24064,24064,24064,0,0,0,0,1576.180343853675
|||;24064,24064,24064,24064,0,0,0,0,1581.180343853675
|||;24064,24064,24064,24064,0,0,0,0,1586.180343853675
|||;24064,24064,24064,24064,0,0,0,0,1591.180343853675
|||;24064,24064,24064,24064,0,0,0,0,1596.180343853675
|||;24064,24064,24064,24064,0,0,0,0,1601.180343853675
|||;24064,24064,24064,24064,0,0,0,0,1606.180343853675
|||;24064,24064,24064,24064,0,0,0,0,1611.180343853675
|||;24064,24064,24064,24064,0,0,0,0,1616.180343853675
|||;24064,24064,24064,24064,0,0,0,0,1621.180343853675
|||;24064,24064,24064,24064,0,0,0,0,1626.180343853675
|||;24064,24064,24064,24064,0,0,0,0,1631.180343853675
|||;24064,24064,24064,24064,0,0,0,0,1636.180343853675
|||;24064,24064,24064,24064,0,0,0,0,1641.180343853675
|||;24064,24064,24064,24064,0,0,0,0,1646.180343853675
|||;24064,24064,24064,24064,0,0,0,0,1651.180343853675
|||;24064,24064,24064,24064,0,0,0,0,1656.180343853675
|||;24064,24064,24064,24064,0,0,0,0,1661.180343853675
|||;24064,24064,24064,24064,0,0,0,0,1666.180343853675
|||;24064,24064,24064,24064,0,0,0,0,1671.180343853675
|||;24064,24064,24064,24064,0,0,0,0,1676.180343853675
|||;24064,24064,24064,24064,0,0,0,0,1681.180343853675
|||;24064,24064,24064,24064,0,0,0,0,1686.180343853675
|||;24064,24064,24064,24064,0,0,0,0,1691.180343853675
|||;24064,24064,24064,24064,0,0,0,0,1696.180343853675
|||;24064,24064,24064,24064,0,0,0,0,1701.180343853675
|||;24064,24064,24064,24064,0,0,0,0,1706.180343853675
|||;24064,24064,24064,24064,0,0,0,0,1711.180343853675
|||;24064,24064,24064,24064,0,0,0,0,1716.180343853675
|||;24064,24064,24064,24064,0,0,0,0,1721.180343853675
|||;24064,24064,24064,24064,0,0,0,0,1726.180343853675
|||;24064,24064,24064,24064,0,0,0,0,1731.180343853675
|||;24064,24064,24064,24064,0,0,0,0,1736.180343853675
|||;24064,24064,24064,24064,0,0,0,0,1741.180343853675
|||;24064,24064,24064,24064,0,0,0,0,1746.180343853675
|||;24064,24064,24064,24064,0,0,0,0,1751.180343853675
|||;24064,24064,24064,24064,0,0,0,0,1756.180343853675
|||;24064,24064,24064,24064,0,0,0,0,1761.180343853675
|||;24064,24064,24064,24064,0,0,0,0,1766.180343853675
|||;24064,24064,24064,24064,0,0,0,0,1771.180343853675
|||;24064,24064,24064,24064,0,0,0,0,1776.180343853675
|||;24064,24064,24064,24064,0,0,0,0,1781.180343853675
|||;24064,24064,24064,24064,0,0,0,0,1786.180343853675
|||;24064,24064,24064,24064,0,0,0,0,1791.180343853675
|||;24064,24064,24064,24064,0,0,0,0,1796.180343853675
|||;24064,24064,24064,24064,0,0,0,0,1801.180343853675
|||;24064,24064,24064,24064,0,0,0,0,1806.180343853675
|||;24064,24064,24064,24064,0,0,0,0,1811.180343853675
|||;24064,24064,24064,24064,0,0,0,0,1816.180343853675
|||;24064,24064,24064,24064,0,0,0,0,1821.180343853675
|||;24064,24064,24064,24064,0,0,0,0,1826.180343853675
|||;24064,24064,24064,24064,0,0,0,0,1831.180343853675
|||;24064,24064,24064,24064,0,0,0,0,1836.180343853675
|||;24064,24064,24064,24064,0,0,0,0,1841.180343853675
|||;24064,24064,24064,24064,0,0,0,0,1846.180343853675
|||;24064,24064,24064,24064,0,0,0,0,1851.180343853675
|||;24064,24064,24064,24064,0,0,0,0,1856.180343853675
|||;24064,24064,24064,24064,0,0,0,0,1861.180343853675
|||;24064,24064,24064,24064,0,0,0,0,1866.180343853675
|||;24064,24064,24064,24064,0,0,0,0,1871.180343853675
|||;24064,24064,24064,24064,0,0,0,0,1876.180343853675
|||;24064,24064,24064,24064,0,0,0,0,1881.180343853675
|||;24064,24064,24064,24064,0,0,0,0,1886.180343853675
|||;24064,24064,24064,24064,0,0,0,0,1891.180343853675
|||;24064,24064,24064,24064,0,0,0,0,1896.180343853675
|||;24064,24064,24064,24064,0,0,0,0,1901.180343853675
|||;24064,24064,24064,24064,0,0,0,0,1906.180343853675
|||;24064,24064,24064,24064,0,0,0,0,1911.180343853675
|||;24064,24064,24064,24064,0,0,0,0,1916.180343853675
|||;24064,24064,24064,24064,0,0,0,0,1921.180343853675
|||;24064,24064,24064,24064,0,0,0,0,1926.180343853675
|||;24064,24064,24064,24064,0,0,0,0,1931.180343853675
|||;24064,24064,24064,24064,0,0,0,0,1936.180343853675
|||;24064,24064,24064,24064,0,0,0,0,1941.180343853675
|||;24064,24064,24064,24064,0,0,0,0,1946.180343853675
|||;24064,24064,24064,24064,0,0,0,0,1951.180343853675
|||;24064,24064,24064,24064,0,0,0,0,1956.180343853675
|||;24064,24064,24064,24064,0,0,0,0,1961.180343853675
|||;24064,24064,24064,24064,0,0,0,0,1966.180343853675
|||;24064,24064,24064,24064,0,0,0,0,1971.180343853675
|||;24064,24064,24064,24064,0,0,0,0,1976.180343853675
|||;24064,24064,24064,24064,0,0,0,0,1981.180343853675
|||;24064,24064,24064,24064,0,0,0,0,1986.180343853675
|||;24064,24064,24064,24064,0,0,0,0,1991.180343853675
|||;24064,24064,24064,24064,0,0,0,0,1996.180343853675
