|||;35532,35532,35532,35532,0,0,0,0,1.143738831256
|||;35532,35532,35532,35532,0,0,0,0,6.143738831256
|||;35532,35532,35532,35532,0,0,0,0,11.143738831256
|||;35532,35532,35532,35532,0,0,0,0,16.143738831256
|||;35532,35532,35532,35532,0,0,0,0,21.143738831256
|||;35532,35532,35532,35532,0,0,0,0,26.143738831256
|||;35532,35532,35532,35532,0,0,0,0,31.143738831256
|||;35532,35532,35532,35532,0,0,0,0,36.143738831256
|||;35532,35532,35532,35532,0,0,0,0,41.143738831256
|||;35532,35532,35532,35532,0,0,0,0,46.143738831256
|||;35532,35532,35532,35532,0,0,0,0,51.143738831256
|||;35532,35532,35532,35532,0,0,0,0,56.143738831256
|||;35532,35532,35532,35532,0,0,0,0,61.143738831256
|||;35532,35532,35532,35532,0,0,0,0,66.143738831256
|||;35532,35532,35532,35532,0,0,0,0,71.143738831256
207udtkg(2),|207udtkg(2),|207udtkg(2),|207udtkg(2),;33427.7,33427.7,34129.1,34129.1,5.513046624844,5.513046624844,2.175274602245,2.175274602245,76.143738831256
207udtkg(2),158tawny(0),|207udtkg(2),158tawny(0),|207udtkg(3),158tawny(0),|207udtkg(3),158tawny(0),;32710.9,31994.1,31978.7,31978.7,8.630352305361,11.947880892932,12.778831024403,12.778831024403,81.143738831256
207udtkg(3),158tawny(2),|207udtkg(3),158tawny(2),|207udtkg(3),158tawny(2),|207udtkg(3),158tawny(2),;32710.9,31994.1,31978.7,31978.7,3.630352305361,6.947880892932,7.778831024403,7.778831024403,86.143738831256
207udtkg(3),|207udtkg(3),|207udtkg(3),158tawny(2),|207udtkg(3),158tawny(2),;33427.7,33427.7,31978.7,31978.7,0,1.947880892932,2.778831024403,2.778831024403,91.143738831256
207udtkg(3),|207udtkg(3),|207udtkg(3),|207udtkg(3),;33427.7,33427.7,34129.1,34129.1,0,0,0,0,96.143738831256
207udtkg(3),|207udtkg(3),|207udtkg(3),|207udtkg(3),;33427.7,33427.7,34129.1,34129.1,0,0,0,0,101.143738831256
207udtkg(3),401dawrh(2),|207udtkg(3),401dawrh(2),|207udtkg(3),401dawrh(2),|207udtkg(3),401dawrh(2),;31845.6,31845.6,33074.4,33074.4,3.911792000703,3.911792000703,1.471038825562,1.471038825562,106.143738831256
207udtkg(3),|207udtkg(3),|207udtkg(3),|207udtkg(3),;33427.7,33427.7,34129.1,34129.1,0,0,0,0,111.143738831256
207udtkg(3),|207udtkg(3),|207udtkg(3),|207udtkg(3),;33427.7,33427.7,34129.1,34129.1,0,0,0,0,116.143738831256
207udtkg(3),|207udtkg(3),|207udtkg(3),|207udtkg(3),;33427.7,33427.7,34129.1,34129.1,0,0,0,0,121.143738831256
207udtkg(3),|207udtkg(3),|207udtkg(3),|207udtkg(3),;33427.7,33427.7,34129.1,34129.1,0,0,0,0,126.143738831256
207udtkg(3),|207udtkg(3),|207udtkg(3),|207udtkg(3),;33427.7,33427.7,34129.1,34129.1,0,0,0,0,131.143738831256
207udtkg(3),|207udtkg(3),|207udtkg(3),|207udtkg(3),;33427.7,33427.7,34129.1,34129.1,0,0,0,0,136.143738831256
207udtkg(3),|207udtkg(3),||;33427.7,33427.7,35532,35532,0,0,0,0,141.143738831256
|||;35532,35532,35532,35532,0,0,0,0,146.143738831256
|||;35532,35532,35532,35532,0,0,0,0,151.143738831256
|||;35532,35532,35532,35532,0,0,0,0,156.143738831256
|||;35532,35532,35532,35532,0,0,0,0,161.143738831256
934oqpsa(2),|934oqpsa(2),|934oqpsa(2),|934oqpsa(2),;34262.2,33627.4,34262.2,33627.4,1.365617385901,4.303999849178,1.365617385901,4.303999849178,166.143738831256
|||;35532,35532,35532,35532,0,0,0,0,171.143738831256
|||;35532,35532,35532,35532,0,0,0,0,176.143738831256
|||;35532,35532,35532,35532,0,0,0,0,181.143738831256
|||;35532,35532,35532,35532,0,0,0,0,186.143738831256
|||;35532,35532,35532,35532,0,0,0,0,191.143738831256
|||;35532,35532,35532,35532,0,0,0,0,196.143738831256
|||;35532,35532,35532,35532,0,0,0,0,201.143738831256
|||;35532,35532,35532,35532,0,0,0,0,206.143738831256
|||;35532,35532,35532,35532,0,0,0,0,211.143738831256
|||;35532,35532,35532,35532,0,0,0,0,216.143738831256
|||;35532,35532,35532,35532,0,0,0,0,221.143738831256
|||;35532,35532,35532,35532,0,0,0,0,226.143738831256
|||;35532,35532,35532,35532,0,0,0,0,231.143738831256
|||;35532,35532,35532,35532,0,0,0,0,236.143738831256
|||;35532,35532,35532,35532,0,0,0,0,241.143738831256
|||;35532,35532,35532,35532,0,0,0,0,246.143738831256
|||;35532,35532,35532,35532,0,0,0,0,251.143738831256
|||;35532,35532,35532,35532,0,0,0,0,256.143738831256
803tcufj(2),|803tcufj(2),|803tcufj(2),|803tcufj(2),;33980.6,33980.6,34497.8,34497.8,3.700006656074,3.700006656074,1.306646746469,1.306646746469,261.143738831256
|||;35532,35532,35532,35532,0,0,0,0,266.143738831256
|||;35532,35532,35532,35532,0,0,0,0,271.143738831256
||240bsonk(2),|;35532,35532,34856.2,35532,0,0,1.985043111774,0,276.143738831256
419dnkzf(2),|419dnkzf(2),|240bsonk(3),419dnkzf(2),|419dnkzf(2),;33740,32844,33064.2,32844,7.3294254594,11.476336193863,10.36385740243,11.476336193863,281.143738831256
419dnkzf(2),|419dnkzf(2),|240bsonk(3),419dnkzf(2),|419dnkzf(2),;33740,32844,33064.2,32844,2.3294254594,6.476336193863,5.36385740243,6.476336193863,286.143738831256
419dnkzf(3),|419dnkzf(2),|240bsonk(3),419dnkzf(3),|419dnkzf(2),;33740,32844,33064.2,32844,0,1.476336193863,0.36385740243,1.476336193863,291.143738831256
419dnkzf(3),|419dnkzf(3),|240bsonk(3),419dnkzf(3),|419dnkzf(3),;33740,32844,33064.2,32844,0,0,0,0,296.143738831256
419dnkzf(3),|419dnkzf(3),|240bsonk(3),419dnkzf(3),|419dnkzf(3),;33740,32844,33064.2,32844,0,0,0,0,301.143738831256
419dnkzf(3),|419dnkzf(3),|240bsonk(3),419dnkzf(3),|419dnkzf(3),;33740,32844,33064.2,32844,0,0,0,0,306.143738831256
419dnkzf(3),|419dnkzf(3),|240bsonk(3),419dnkzf(3),|419dnkzf(3),;33740,32844,33064.2,32844,0,0,0,0,311.143738831256
419dnkzf(3),|419dnkzf(3),|240bsonk(3),419dnkzf(3),|419dnkzf(3),;33740,32844,33064.2,32844,0,0,0,0,316.143738831256
419dnkzf(3),|419dnkzf(3),|240bsonk(3),419dnkzf(3),|419dnkzf(3),;33740,32844,33064.2,32844,0,0,0,0,321.143738831256
419dnkzf(3),|419dnkzf(3),|240bsonk(3),419dnkzf(3),|419dnkzf(3),;33740,32844,33064.2,32844,0,0,0,0,326.143738831256
419dnkzf(3),|419dnkzf(3),|240bsonk(3),419dnkzf(3),|419dnkzf(3),;33740,32844,33064.2,32844,0,0,0,0,331.143738831256
419dnkzf(3),|419dnkzf(3),|240bsonk(3),419dnkzf(3),|419dnkzf(3),;33740,32844,33064.2,32844,0,0,0,0,336.143738831256
419dnkzf(3),|419dnkzf(3),|240bsonk(3),419dnkzf(3),|419dnkzf(3),;33740,32844,33064.2,32844,0,0,0,0,341.143738831256
419dnkzf(3),|419dnkzf(3),|240bsonk(3),419dnkzf(3),|419dnkzf(3),;33740,32844,33064.2,32844,0,0,0,0,346.143738831256
419dnkzf(3),|419dnkzf(3),|240bsonk(3),419dnkzf(3),|419dnkzf(3),;33740,32844,33064.2,32844,0,0,0,0,351.143738831256
419dnkzf(3),|419dnkzf(3),|240bsonk(3),419dnkzf(3),|419dnkzf(3),;33740,32844,33064.2,32844,0,0,0,0,356.143738831256
419dnkzf(3),|419dnkzf(3),|240bsonk(3),419dnkzf(3),|419dnkzf(3),;33740,32844,33064.2,32844,0,0,0,0,361.143738831256
419dnkzf(3),|419dnkzf(3),|240bsonk(3),419dnkzf(3),|419dnkzf(3),;33740,32844,33064.2,32844,0,0,0,0,366.143738831256
419dnkzf(3),|419dnkzf(3),|240bsonk(3),419dnkzf(3),|419dnkzf(3),;33740,32844,33064.2,32844,0,0,0,0,371.143738831256
419dnkzf(3),|419dnkzf(3),|240bsonk(3),419dnkzf(3),|419dnkzf(3),;33740,32844,33064.2,32844,0,0,0,0,376.143738831256
419dnkzf(3),|419dnkzf(3),|240bsonk(3),419dnkzf(3),|419dnkzf(3),;33740,32844,33064.2,32844,0,0,0,0,381.143738831256
419dnkzf(3),|419dnkzf(3),|240bsonk(3),419dnkzf(3),|419dnkzf(3),;33740,32844,33064.2,32844,0,0,0,0,386.143738831256
419dnkzf(3),|419dnkzf(3),|240bsonk(3),419dnkzf(3),|419dnkzf(3),;33740,32844,33064.2,32844,0,0,0,0,391.143738831256
419dnkzf(3),|419dnkzf(3),|240bsonk(3),419dnkzf(3),|419dnkzf(3),;33740,32844,33064.2,32844,0,0,0,0,396.143738831256
419dnkzf(3),|419dnkzf(3),|240bsonk(3),419dnkzf(3),|419dnkzf(3),;33740,32844,33064.2,32844,0,0,0,0,401.143738831256
419dnkzf(3),|419dnkzf(3),|240bsonk(3),419dnkzf(3),|419dnkzf(3),;33740,32844,33064.2,32844,0,0,0,0,406.143738831256
419dnkzf(3),|419dnkzf(3),|240bsonk(3),419dnkzf(3),|419dnkzf(3),;33740,32844,33064.2,32844,0,0,0,0,411.143738831256
419dnkzf(3),|419dnkzf(3),|240bsonk(3),419dnkzf(3),|419dnkzf(3),;33740,32844,33064.2,32844,0,0,0,0,416.143738831256
419dnkzf(3),|419dnkzf(3),|240bsonk(3),419dnkzf(3),|419dnkzf(3),;33740,32844,33064.2,32844,0,0,0,0,421.143738831256
419dnkzf(3),|419dnkzf(3),|240bsonk(3),419dnkzf(3),|419dnkzf(3),;33740,32844,33064.2,32844,0,0,0,0,426.143738831256
419dnkzf(3),|419dnkzf(3),|240bsonk(3),419dnkzf(3),|419dnkzf(3),;33740,32844,33064.2,32844,0,0,0,0,431.143738831256
419dnkzf(3),|419dnkzf(3),|240bsonk(3),419dnkzf(3),|419dnkzf(3),;33740,32844,33064.2,32844,0,0,0,0,436.143738831256
419dnkzf(3),|419dnkzf(3),|240bsonk(3),419dnkzf(3),|419dnkzf(3),;33740,32844,33064.2,32844,0,0,0,0,441.143738831256
419dnkzf(3),|419dnkzf(3),|240bsonk(3),419dnkzf(3),|419dnkzf(3),;33740,32844,33064.2,32844,0,0,0,0,446.143738831256
419dnkzf(3),|419dnkzf(3),|240bsonk(3),419dnkzf(3),|419dnkzf(3),;33740,32844,33064.2,32844,0,0,0,0,451.143738831256
419dnkzf(3),|419dnkzf(3),|240bsonk(3),419dnkzf(3),|419dnkzf(3),;33740,32844,33064.2,32844,0,0,0,0,456.143738831256
419dnkzf(3),|419dnkzf(3),|240bsonk(3),419dnkzf(3),|419dnkzf(3),;33740,32844,33064.2,32844,0,0,0,0,461.143738831256
419dnkzf(3),139blvzk(2),|419dnkzf(3),139blvzk(2),|240bsonk(3),419dnkzf(3),139blvzk(2),|419dnkzf(3),139blvzk(2),;31743.2,31512.8,31067.4,31512.8,8.994099917351,5.826870990798,8.994099917351,5.826870990798,466.143738831256
419dnkzf(3),139blvzk(2),|419dnkzf(3),139blvzk(2),|419dnkzf(3),139blvzk(2),|419dnkzf(3),139blvzk(2),;31743.2,31512.8,31743.2,31512.8,3.994099917351,0.826870990798,3.994099917351,0.826870990798,471.143738831256
419dnkzf(3),139blvzk(3),|419dnkzf(3),139blvzk(3),|419dnkzf(3),139blvzk(3),|419dnkzf(3),139blvzk(3),;31743.2,31512.8,31743.2,31512.8,0,0,0,0,476.143738831256
419dnkzf(3),139blvzk(3),|419dnkzf(3),139blvzk(3),|419dnkzf(3),139blvzk(3),|419dnkzf(3),139blvzk(3),;31743.2,31512.8,31743.2,31512.8,0,0,0,0,481.143738831256
419dnkzf(3),139blvzk(3),|419dnkzf(3),139blvzk(3),|419dnkzf(3),139blvzk(3),|419dnkzf(3),139blvzk(3),;31743.2,31512.8,31743.2,31512.8,0,0,0,0,486.143738831256
419dnkzf(3),139blvzk(3),|419dnkzf(3),139blvzk(3),|419dnkzf(3),139blvzk(3),|419dnkzf(3),139blvzk(3),;31743.2,31512.8,31743.2,31512.8,0,0,0,0,491.143738831256
419dnkzf(3),139blvzk(3),|419dnkzf(3),139blvzk(3),|419dnkzf(3),139blvzk(3),|419dnkzf(3),139blvzk(3),;31743.2,31512.8,31743.2,31512.8,0,0,0,0,496.143738831256
419dnkzf(3),139blvzk(3),|419dnkzf(3),139blvzk(3),|419dnkzf(3),139blvzk(3),|419dnkzf(3),139blvzk(3),;31743.2,31512.8,31743.2,31512.8,0,0,0,0,501.143738831256
419dnkzf(3),139blvzk(3),|419dnkzf(3),139blvzk(3),|419dnkzf(3),139blvzk(3),|419dnkzf(3),139blvzk(3),;31743.2,31512.8,31743.2,31512.8,0,0,0,0,506.143738831256
419dnkzf(3),139blvzk(3),|419dnkzf(3),139blvzk(3),|419dnkzf(3),139blvzk(3),|419dnkzf(3),139blvzk(3),;31743.2,31512.8,31743.2,31512.8,0,0,0,0,511.143738831256
419dnkzf(3),139blvzk(3),|419dnkzf(3),139blvzk(3),|419dnkzf(3),139blvzk(3),|419dnkzf(3),139blvzk(3),;31743.2,31512.8,31743.2,31512.8,0,0,0,0,516.143738831256
419dnkzf(3),139blvzk(3),|419dnkzf(3),139blvzk(3),|419dnkzf(3),139blvzk(3),|419dnkzf(3),139blvzk(3),;31743.2,31512.8,31743.2,31512.8,0,0,0,0,521.143738831256
419dnkzf(3),139blvzk(3),|419dnkzf(3),139blvzk(3),|419dnkzf(3),139blvzk(3),|419dnkzf(3),139blvzk(3),;31743.2,31512.8,31743.2,31512.8,0,0,0,0,526.143738831256
419dnkzf(3),139blvzk(3),|419dnkzf(3),139blvzk(3),|419dnkzf(3),139blvzk(3),|419dnkzf(3),139blvzk(3),;31743.2,31512.8,31743.2,31512.8,0,0,0,0,531.143738831256
419dnkzf(3),139blvzk(3),|419dnkzf(3),139blvzk(3),|419dnkzf(3),139blvzk(3),|419dnkzf(3),139blvzk(3),;31743.2,31512.8,31743.2,31512.8,0,0,0,0,536.143738831256
419dnkzf(3),139blvzk(3),|419dnkzf(3),139blvzk(3),|419dnkzf(3),139blvzk(3),|419dnkzf(3),139blvzk(3),;31743.2,31512.8,31743.2,31512.8,0,0,0,0,541.143738831256
419dnkzf(3),139blvzk(3),|419dnkzf(3),139blvzk(3),|419dnkzf(3),139blvzk(3),|419dnkzf(3),139blvzk(3),;31743.2,31512.8,31743.2,31512.8,0,0,0,0,546.143738831256
419dnkzf(3),139blvzk(3),|419dnkzf(3),139blvzk(3),|419dnkzf(3),139blvzk(3),|419dnkzf(3),139blvzk(3),;31743.2,31512.8,31743.2,31512.8,0,0,0,0,551.143738831256
419dnkzf(3),139blvzk(3),|419dnkzf(3),139blvzk(3),|419dnkzf(3),139blvzk(3),|419dnkzf(3),139blvzk(3),;31743.2,31512.8,31743.2,31512.8,0,0,0,0,556.143738831256
419dnkzf(3),139blvzk(3),|419dnkzf(3),139blvzk(3),|419dnkzf(3),139blvzk(3),|419dnkzf(3),139blvzk(3),;31743.2,31512.8,31743.2,31512.8,0,0,0,0,561.143738831256
419dnkzf(3),139blvzk(3),|419dnkzf(3),139blvzk(3),|419dnkzf(3),139blvzk(3),|419dnkzf(3),139blvzk(3),;31743.2,31512.8,31743.2,31512.8,0,0,0,0,566.143738831256
419dnkzf(3),139blvzk(3),|419dnkzf(3),139blvzk(3),|419dnkzf(3),139blvzk(3),|419dnkzf(3),139blvzk(3),;31743.2,31512.8,31743.2,31512.8,0,0,0,0,571.143738831256
419dnkzf(3),139blvzk(3),|419dnkzf(3),139blvzk(3),|419dnkzf(3),139blvzk(3),|419dnkzf(3),139blvzk(3),;31743.2,31512.8,31743.2,31512.8,0,0,0,0,576.143738831256
419dnkzf(3),139blvzk(3),|419dnkzf(3),139blvzk(3),|419dnkzf(3),139blvzk(3),|419dnkzf(3),139blvzk(3),;31743.2,31512.8,31743.2,31512.8,0,0,0,0,581.143738831256
419dnkzf(3),139blvzk(3),|419dnkzf(3),139blvzk(3),|419dnkzf(3),139blvzk(3),|419dnkzf(3),139blvzk(3),;31743.2,31512.8,31743.2,31512.8,0,0,0,0,586.143738831256
419dnkzf(3),139blvzk(3),|419dnkzf(3),139blvzk(3),|419dnkzf(3),139blvzk(3),|419dnkzf(3),139blvzk(3),;31743.2,31512.8,31743.2,31512.8,0,0,0,0,591.143738831256
419dnkzf(3),139blvzk(3),|419dnkzf(3),139blvzk(3),|419dnkzf(3),139blvzk(3),|419dnkzf(3),139blvzk(3),;31743.2,31512.8,31743.2,31512.8,0,0,0,0,596.143738831256
419dnkzf(3),139blvzk(3),|419dnkzf(3),139blvzk(3),|419dnkzf(3),139blvzk(3),|419dnkzf(3),139blvzk(3),;31743.2,31512.8,31743.2,31512.8,0,0,0,0,601.143738831256
419dnkzf(3),139blvzk(3),|419dnkzf(3),139blvzk(3),|419dnkzf(3),139blvzk(3),|419dnkzf(3),139blvzk(3),;31743.2,31512.8,31743.2,31512.8,0,0,0,0,606.143738831256
419dnkzf(3),139blvzk(3),|419dnkzf(3),139blvzk(3),|419dnkzf(3),139blvzk(3),|419dnkzf(3),139blvzk(3),;31743.2,31512.8,31743.2,31512.8,0,0,0,0,611.143738831256
419dnkzf(3),139blvzk(3),|419dnkzf(3),139blvzk(3),|419dnkzf(3),139blvzk(3),|419dnkzf(3),139blvzk(3),;31743.2,31512.8,31743.2,31512.8,0,0,0,0,616.143738831256
419dnkzf(3),139blvzk(3),|419dnkzf(3),139blvzk(3),|419dnkzf(3),139blvzk(3),|419dnkzf(3),139blvzk(3),;31743.2,31512.8,31743.2,31512.8,0,0,0,0,621.143738831256
419dnkzf(3),139blvzk(3),|419dnkzf(3),139blvzk(3),|419dnkzf(3),139blvzk(3),|419dnkzf(3),139blvzk(3),;31743.2,31512.8,31743.2,31512.8,0,0,0,0,626.143738831256
419dnkzf(3),139blvzk(3),|419dnkzf(3),139blvzk(3),|419dnkzf(3),139blvzk(3),|419dnkzf(3),139blvzk(3),;31743.2,31512.8,31743.2,31512.8,0,0,0,0,631.143738831256
419dnkzf(3),139blvzk(3),|419dnkzf(3),139blvzk(3),|419dnkzf(3),139blvzk(3),|419dnkzf(3),139blvzk(3),;31743.2,31512.8,31743.2,31512.8,0,0,0,0,636.143738831256
139blvzk(3),|139blvzk(3),|139blvzk(3),|139blvzk(3),;33535.2,34200.8,33535.2,34200.8,0,0,0,0,641.143738831256
139blvzk(3),|139blvzk(3),|139blvzk(3),|139blvzk(3),;33535.2,34200.8,33535.2,34200.8,0,0,0,0,646.143738831256
139blvzk(3),|139blvzk(3),|139blvzk(3),|139blvzk(3),;33535.2,34200.8,33535.2,34200.8,0,0,0,0,651.143738831256
139blvzk(3),|139blvzk(3),|139blvzk(3),|139blvzk(3),;33535.2,34200.8,33535.2,34200.8,0,0,0,0,656.143738831256
139blvzk(3),|139blvzk(3),|139blvzk(3),|139blvzk(3),;33535.2,34200.8,33535.2,34200.8,0,0,0,0,661.143738831256
139blvzk(3),|139blvzk(3),|139blvzk(3),|139blvzk(3),;33535.2,34200.8,33535.2,34200.8,0,0,0,0,666.143738831256
139blvzk(3),|139blvzk(3),|139blvzk(3),|139blvzk(3),;33535.2,34200.8,33535.2,34200.8,0,0,0,0,671.143738831256
139blvzk(3),|139blvzk(3),|139blvzk(3),|139blvzk(3),;33535.2,34200.8,33535.2,34200.8,0,0,0,0,676.143738831256
139blvzk(3),|139blvzk(3),|139blvzk(3),|139blvzk(3),;33535.2,34200.8,33535.2,34200.8,0,0,0,0,681.143738831256
139blvzk(3),|139blvzk(3),|139blvzk(3),|139blvzk(3),;33535.2,34200.8,33535.2,34200.8,0,0,0,0,686.143738831256
139blvzk(3),|139blvzk(3),|139blvzk(3),|139blvzk(3),;33535.2,34200.8,33535.2,34200.8,0,0,0,0,691.143738831256
139blvzk(3),|139blvzk(3),|139blvzk(3),|139blvzk(3),;33535.2,34200.8,33535.2,34200.8,0,0,0,0,696.143738831256
139blvzk(3),|139blvzk(3),|139blvzk(3),|139blvzk(3),;33535.2,34200.8,33535.2,34200.8,0,0,0,0,701.143738831256
139blvzk(3),|139blvzk(3),|139blvzk(3),|139blvzk(3),;33535.2,34200.8,33535.2,34200.8,0,0,0,0,706.143738831256
139blvzk(3),|139blvzk(3),|139blvzk(3),|139blvzk(3),;33535.2,34200.8,33535.2,34200.8,0,0,0,0,711.143738831256
139blvzk(3),|139blvzk(3),|139blvzk(3),|139blvzk(3),;33535.2,34200.8,33535.2,34200.8,0,0,0,0,716.143738831256
139blvzk(3),|139blvzk(3),|139blvzk(3),|139blvzk(3),;33535.2,34200.8,33535.2,34200.8,0,0,0,0,721.143738831256
139blvzk(3),|139blvzk(3),|139blvzk(3),|139blvzk(3),;33535.2,34200.8,33535.2,34200.8,0,0,0,0,726.143738831256
139blvzk(3),|139blvzk(3),|139blvzk(3),|139blvzk(3),;33535.2,34200.8,33535.2,34200.8,0,0,0,0,731.143738831256
139blvzk(3),|139blvzk(3),|139blvzk(3),|139blvzk(3),;33535.2,34200.8,33535.2,34200.8,0,0,0,0,736.143738831256
139blvzk(3),|139blvzk(3),|139blvzk(3),|139blvzk(3),;33535.2,34200.8,33535.2,34200.8,0,0,0,0,741.143738831256
139blvzk(3),|139blvzk(3),|139blvzk(3),|139blvzk(3),;33535.2,34200.8,33535.2,34200.8,0,0,0,0,746.143738831256
139blvzk(3),|139blvzk(3),|139blvzk(3),|139blvzk(3),;33535.2,34200.8,33535.2,34200.8,0,0,0,0,751.143738831256
139blvzk(3),|139blvzk(3),|139blvzk(3),|139blvzk(3),;33535.2,34200.8,33535.2,34200.8,0,0,0,0,756.143738831256
139blvzk(3),|139blvzk(3),|139blvzk(3),|139blvzk(3),;33535.2,34200.8,33535.2,34200.8,0,0,0,0,761.143738831256
139blvzk(3),|139blvzk(3),|139blvzk(3),|139blvzk(3),;33535.2,34200.8,33535.2,34200.8,0,0,0,0,766.143738831256
|||;35532,35532,35532,35532,0,0,0,0,771.143738831256
|||;35532,35532,35532,35532,0,0,0,0,776.143738831256
|||;35532,35532,35532,35532,0,0,0,0,781.143738831256
|||;35532,35532,35532,35532,0,0,0,0,786.143738831256
|||;35532,35532,35532,35532,0,0,0,0,791.143738831256
|||;35532,35532,35532,35532,0,0,0,0,796.143738831256
|||;35532,35532,35532,35532,0,0,0,0,801.143738831256
|||;35532,35532,35532,35532,0,0,0,0,806.143738831256
|||;35532,35532,35532,35532,0,0,0,0,811.143738831256
|||;35532,35532,35532,35532,0,0,0,0,816.143738831256
|||;35532,35532,35532,35532,0,0,0,0,821.143738831256
|||;35532,35532,35532,35532,0,0,0,0,826.143738831256
|||;35532,35532,35532,35532,0,0,0,0,831.143738831256
|||;35532,35532,35532,35532,0,0,0,0,836.143738831256
|||;35532,35532,35532,35532,0,0,0,0,841.143738831256
|||;35532,35532,35532,35532,0,0,0,0,846.143738831256
|||;35532,35532,35532,35532,0,0,0,0,851.143738831256
|||;35532,35532,35532,35532,0,0,0,0,856.143738831256
|||;35532,35532,35532,35532,0,0,0,0,861.143738831256
|||;35532,35532,35532,35532,0,0,0,0,866.143738831256
|||;35532,35532,35532,35532,0,0,0,0,871.143738831256
506ubahn(2),|506ubahn(2),|506ubahn(2),|506ubahn(2),;34682.1,31282.4,32982.2,34682.1,3.266061806348,19.443292631207,11.354677218777,3.266061806348,876.143738831256
|506ubahn(2),|506ubahn(2),|;35532,31282.4,32982.2,35532,0,14.443292631207,6.354677218777,0,881.143738831256
|506ubahn(2),|506ubahn(2),|;35532,31282.4,32982.2,35532,0,9.443292631207,1.354677218777,0,886.143738831256
|506ubahn(2),||;35532,31282.4,35532,35532,0,4.443292631207,0,0,891.143738831256
|506ubahn(3),||;35532,31282.4,35532,35532,0,0,0,0,896.143738831256
|506ubahn(3),||;35532,31282.4,35532,35532,0,0,0,0,901.143738831256
|506ubahn(3),||;35532,31282.4,35532,35532,0,0,0,0,906.143738831256
|506ubahn(3),||;35532,31282.4,35532,35532,0,0,0,0,911.143738831256
|506ubahn(3),||;35532,31282.4,35532,35532,0,0,0,0,916.143738831256
|506ubahn(3),||;35532,31282.4,35532,35532,0,0,0,0,921.143738831256
|506ubahn(3),||;35532,31282.4,35532,35532,0,0,0,0,926.143738831256
|506ubahn(3),||;35532,31282.4,35532,35532,0,0,0,0,931.143738831256
|506ubahn(3),||;35532,31282.4,35532,35532,0,0,0,0,936.143738831256
|506ubahn(3),||;35532,31282.4,35532,35532,0,0,0,0,941.143738831256
|506ubahn(3),||;35532,31282.4,35532,35532,0,0,0,0,946.143738831256
|506ubahn(3),||;35532,31282.4,35532,35532,0,0,0,0,951.143738831256
|506ubahn(3),||;35532,31282.4,35532,35532,0,0,0,0,956.143738831256
|506ubahn(3),||;35532,31282.4,35532,35532,0,0,0,0,961.143738831256
|506ubahn(3),||;35532,31282.4,35532,35532,0,0,0,0,966.143738831256
|506ubahn(3),||;35532,31282.4,35532,35532,0,0,0,0,971.143738831256
|506ubahn(3),||;35532,31282.4,35532,35532,0,0,0,0,976.143738831256
|506ubahn(3),||;35532,31282.4,35532,35532,0,0,0,0,981.143738831256
|506ubahn(3),||;35532,31282.4,35532,35532,0,0,0,0,986.143738831256
|506ubahn(3),||;35532,31282.4,35532,35532,0,0,0,0,991.143738831256
|506ubahn(3),||;35532,31282.4,35532,35532,0,0,0,0,996.143738831256
|506ubahn(3),||;35532,31282.4,35532,35532,0,0,0,0,1001.143738831256
|506ubahn(3),||;35532,31282.4,35532,35532,0,0,0,0,1006.143738831256
|506ubahn(3),||;35532,31282.4,35532,35532,0,0,0,0,1011.143738831256
|506ubahn(3),||;35532,31282.4,35532,35532,0,0,0,0,1016.143738831256
|506ubahn(3),||;35532,31282.4,35532,35532,0,0,0,0,1021.143738831256
|506ubahn(3),||;35532,31282.4,35532,35532,0,0,0,0,1026.143738831256
|506ubahn(3),||;35532,31282.4,35532,35532,0,0,0,0,1031.143738831256
|506ubahn(3),||;35532,31282.4,35532,35532,0,0,0,0,1036.143738831256
|506ubahn(3),||;35532,31282.4,35532,35532,0,0,0,0,1041.143738831256
|506ubahn(3),||;35532,31282.4,35532,35532,0,0,0,0,1046.143738831256
|506ubahn(3),||;35532,31282.4,35532,35532,0,0,0,0,1051.143738831256
|506ubahn(3),||;35532,31282.4,35532,35532,0,0,0,0,1056.143738831256
|506ubahn(3),||;35532,31282.4,35532,35532,0,0,0,0,1061.143738831256
|506ubahn(3),||;35532,31282.4,35532,35532,0,0,0,0,1066.143738831256
|506ubahn(3),||;35532,31282.4,35532,35532,0,0,0,0,1071.143738831256
|506ubahn(3),||;35532,31282.4,35532,35532,0,0,0,0,1076.143738831256
|506ubahn(3),||;35532,31282.4,35532,35532,0,0,0,0,1081.143738831256
|506ubahn(3),||;35532,31282.4,35532,35532,0,0,0,0,1086.143738831256
|506ubahn(3),||;35532,31282.4,35532,35532,0,0,0,0,1091.143738831256
|506ubahn(3),||;35532,31282.4,35532,35532,0,0,0,0,1096.143738831256
|506ubahn(3),||;35532,31282.4,35532,35532,0,0,0,0,1101.143738831256
|506ubahn(3),||;35532,31282.4,35532,35532,0,0,0,0,1106.143738831256
|506ubahn(3),||;35532,31282.4,35532,35532,0,0,0,0,1111.143738831256
|506ubahn(3),||;35532,31282.4,35532,35532,0,0,0,0,1116.143738831256
|506ubahn(3),||;35532,31282.4,35532,35532,0,0,0,0,1121.143738831256
|506ubahn(3),||;35532,31282.4,35532,35532,0,0,0,0,1126.143738831256
|506ubahn(3),||;35532,31282.4,35532,35532,0,0,0,0,1131.143738831256
|506ubahn(3),||;35532,31282.4,35532,35532,0,0,0,0,1136.143738831256
|506ubahn(3),||;35532,31282.4,35532,35532,0,0,0,0,1141.143738831256
|506ubahn(3),||;35532,31282.4,35532,35532,0,0,0,0,1146.143738831256
|506ubahn(3),||;35532,31282.4,35532,35532,0,0,0,0,1151.143738831256
|506ubahn(3),||;35532,31282.4,35532,35532,0,0,0,0,1156.143738831256
|506ubahn(3),||;35532,31282.4,35532,35532,0,0,0,0,1161.143738831256
|506ubahn(3),||;35532,31282.4,35532,35532,0,0,0,0,1166.143738831256
|506ubahn(3),||;35532,31282.4,35532,35532,0,0,0,0,1171.143738831256
|506ubahn(3),||;35532,31282.4,35532,35532,0,0,0,0,1176.143738831256
|506ubahn(3),||;35532,31282.4,35532,35532,0,0,0,0,1181.143738831256
|506ubahn(3),||;35532,31282.4,35532,35532,0,0,0,0,1186.143738831256
|506ubahn(3),||;35532,31282.4,35532,35532,0,0,0,0,1191.143738831256
|506ubahn(3),||;35532,31282.4,35532,35532,0,0,0,0,1196.143738831256
|506ubahn(3),||;35532,31282.4,35532,35532,0,0,0,0,1201.143738831256
|506ubahn(3),||;35532,31282.4,35532,35532,0,0,0,0,1206.143738831256
|506ubahn(3),||;35532,31282.4,35532,35532,0,0,0,0,1211.143738831256
|506ubahn(3),||;35532,31282.4,35532,35532,0,0,0,0,1216.143738831256
|506ubahn(3),||;35532,31282.4,35532,35532,0,0,0,0,1221.143738831256
|506ubahn(3),||;35532,31282.4,35532,35532,0,0,0,0,1226.143738831256
|506ubahn(3),||;35532,31282.4,35532,35532,0,0,0,0,1231.143738831256
|506ubahn(3),||;35532,31282.4,35532,35532,0,0,0,0,1236.143738831256
|506ubahn(3),||;35532,31282.4,35532,35532,0,0,0,0,1241.143738831256
|506ubahn(3),||;35532,31282.4,35532,35532,0,0,0,0,1246.143738831256
|506ubahn(3),||;35532,31282.4,35532,35532,0,0,0,0,1251.143738831256
|506ubahn(3),||;35532,31282.4,35532,35532,0,0,0,0,1256.143738831256
|506ubahn(3),||;35532,31282.4,35532,35532,0,0,0,0,1261.143738831256
|506ubahn(3),||;35532,31282.4,35532,35532,0,0,0,0,1266.143738831256
|506ubahn(3),||;35532,31282.4,35532,35532,0,0,0,0,1271.143738831256
|506ubahn(3),||;35532,31282.4,35532,35532,0,0,0,0,1276.143738831256
|506ubahn(3),||;35532,31282.4,35532,35532,0,0,0,0,1281.143738831256
|506ubahn(3),||;35532,31282.4,35532,35532,0,0,0,0,1286.143738831256
|506ubahn(3),||;35532,31282.4,35532,35532,0,0,0,0,1291.143738831256
|506ubahn(3),||;35532,31282.4,35532,35532,0,0,0,0,1296.143738831256
|506ubahn(3),||;35532,31282.4,35532,35532,0,0,0,0,1301.143738831256
|506ubahn(3),||;35532,31282.4,35532,35532,0,0,0,0,1306.143738831256
|506ubahn(3),||;35532,31282.4,35532,35532,0,0,0,0,1311.143738831256
|506ubahn(3),||;35532,31282.4,35532,35532,0,0,0,0,1316.143738831256
|506ubahn(3),||;35532,31282.4,35532,35532,0,0,0,0,1321.143738831256
|506ubahn(3),||;35532,31282.4,35532,35532,0,0,0,0,1326.143738831256
|||;35532,35532,35532,35532,0,0,0,0,1331.143738831256
|||;35532,35532,35532,35532,0,0,0,0,1336.143738831256
|||;35532,35532,35532,35532,0,0,0,0,1341.143738831256
|||;35532,35532,35532,35532,0,0,0,0,1346.143738831256
|||;35532,35532,35532,35532,0,0,0,0,1351.143738831256
|||;35532,35532,35532,35532,0,0,0,0,1356.143738831256
|||;35532,35532,35532,35532,0,0,0,0,1361.143738831256
|||;35532,35532,35532,35532,0,0,0,0,1366.143738831256
|||;35532,35532,35532,35532,0,0,0,0,1371.143738831256
|||;35532,35532,35532,35532,0,0,0,0,1376.143738831256
|||;35532,35532,35532,35532,0,0,0,0,1381.143738831256
|||;35532,35532,35532,35532,0,0,0,0,1386.143738831256
|||;35532,35532,35532,35532,0,0,0,0,1391.143738831256
|||;35532,35532,35532,35532,0,0,0,0,1396.143738831256
|||;35532,35532,35532,35532,0,0,0,0,1401.143738831256
|||;35532,35532,35532,35532,0,0,0,0,1406.143738831256
|||;35532,35532,35532,35532,0,0,0,0,1411.143738831256
|||;35532,35532,35532,35532,0,0,0,0,1416.143738831256
|||;35532,35532,35532,35532,0,0,0,0,1421.143738831256
|||;35532,35532,35532,35532,0,0,0,0,1426.143738831256
|||;35532,35532,35532,35532,0,0,0,0,1431.143738831256
|||;35532,35532,35532,35532,0,0,0,0,1436.143738831256
|||;35532,35532,35532,35532,0,0,0,0,1441.143738831256
|||;35532,35532,35532,35532,0,0,0,0,1446.143738831256
|||;35532,35532,35532,35532,0,0,0,0,1451.143738831256
|||;35532,35532,35532,35532,0,0,0,0,1456.143738831256
|||;35532,35532,35532,35532,0,0,0,0,1461.143738831256
|||;35532,35532,35532,35532,0,0,0,0,1466.143738831256
|||;35532,35532,35532,35532,0,0,0,0,1471.143738831256
|||;35532,35532,35532,35532,0,0,0,0,1476.143738831256
|||;35532,35532,35532,35532,0,0,0,0,1481.143738831256
|||;35532,35532,35532,35532,0,0,0,0,1486.143738831256
|||;35532,35532,35532,35532,0,0,0,0,1491.143738831256
|||;35532,35532,35532,35532,0,0,0,0,1496.143738831256
|||;35532,35532,35532,35532,0,0,0,0,1501.143738831256
|||;35532,35532,35532,35532,0,0,0,0,1506.143738831256
|||;35532,35532,35532,35532,0,0,0,0,1511.143738831256
|||;35532,35532,35532,35532,0,0,0,0,1516.143738831256
|||;35532,35532,35532,35532,0,0,0,0,1521.143738831256
|||;35532,35532,35532,35532,0,0,0,0,1526.143738831256
|||;35532,35532,35532,35532,0,0,0,0,1531.143738831256
|||;35532,35532,35532,35532,0,0,0,0,1536.143738831256
|||;35532,35532,35532,35532,0,0,0,0,1541.143738831256
|||;35532,35532,35532,35532,0,0,0,0,1546.143738831256
|||;35532,35532,35532,35532,0,0,0,0,1551.143738831256
|||;35532,35532,35532,35532,0,0,0,0,1556.143738831256
|||;35532,35532,35532,35532,0,0,0,0,1561.143738831256
|||;35532,35532,35532,35532,0,0,0,0,1566.143738831256
|||;35532,35532,35532,35532,0,0,0,0,1571.143738831256
|||;35532,35532,35532,35532,0,0,0,0,1576.143738831256
|||;35532,35532,35532,35532,0,0,0,0,1581.143738831256
|||;35532,35532,35532,35532,0,0,0,0,1586.143738831256
|||;35532,35532,35532,35532,0,0,0,0,1591.143738831256
|||;35532,35532,35532,35532,0,0,0,0,1596.143738831256
|||;35532,35532,35532,35532,0,0,0,0,1601.143738831256
|||;35532,35532,35532,35532,0,0,0,0,1606.143738831256
|||;35532,35532,35532,35532,0,0,0,0,1611.143738831256
|||;35532,35532,35532,35532,0,0,0,0,1616.143738831256
|||;35532,35532,35532,35532,0,0,0,0,1621.143738831256
|||;35532,35532,35532,35532,0,0,0,0,1626.143738831256
|||;35532,35532,35532,35532,0,0,0,0,1631.143738831256
|||;35532,35532,35532,35532,0,0,0,0,1636.143738831256
|||;35532,35532,35532,35532,0,0,0,0,1641.143738831256
|||;35532,35532,35532,35532,0,0,0,0,1646.143738831256
|||;35532,35532,35532,35532,0,0,0,0,1651.143738831256
|||;35532,35532,35532,35532,0,0,0,0,1656.143738831256
|||;35532,35532,35532,35532,0,0,0,0,1661.143738831256
|||;35532,35532,35532,35532,0,0,0,0,1666.143738831256
|||;35532,35532,35532,35532,0,0,0,0,1671.143738831256
|||;35532,35532,35532,35532,0,0,0,0,1676.143738831256
|||;35532,35532,35532,35532,0,0,0,0,1681.143738831256
|||;35532,35532,35532,35532,0,0,0,0,1686.143738831256
|||;35532,35532,35532,35532,0,0,0,0,1691.143738831256
|||;35532,35532,35532,35532,0,0,0,0,1696.143738831256
|||;35532,35532,35532,35532,0,0,0,0,1701.143738831256
|||;35532,35532,35532,35532,0,0,0,0,1706.143738831256
|||;35532,35532,35532,35532,0,0,0,0,1711.143738831256
|||;35532,35532,35532,35532,0,0,0,0,1716.143738831256
|||;35532,35532,35532,35532,0,0,0,0,1721.143738831256
|||;35532,35532,35532,35532,0,0,0,0,1726.143738831256
|||;35532,35532,35532,35532,0,0,0,0,1731.143738831256
|||;35532,35532,35532,35532,0,0,0,0,1736.143738831256
|||;35532,35532,35532,35532,0,0,0,0,1741.143738831256
|||;35532,35532,35532,35532,0,0,0,0,1746.143738831256
|||;35532,35532,35532,35532,0,0,0,0,1751.143738831256
|||;35532,35532,35532,35532,0,0,0,0,1756.143738831256
|||;35532,35532,35532,35532,0,0,0,0,1761.143738831256
|||;35532,35532,35532,35532,0,0,0,0,1766.143738831256
|||;35532,35532,35532,35532,0,0,0,0,1771.143738831256
|||;35532,35532,35532,35532,0,0,0,0,1776.143738831256
|||;35532,35532,35532,35532,0,0,0,0,1781.143738831256
|||;35532,35532,35532,35532,0,0,0,0,1786.143738831256
|||;35532,35532,35532,35532,0,0,0,0,1791.143738831256
|||;35532,35532,35532,35532,0,0,0,0,1796.143738831256
|||;35532,35532,35532,35532,0,0,0,0,1801.143738831256
|||;35532,35532,35532,35532,0,0,0,0,1806.143738831256
|||;35532,35532,35532,35532,0,0,0,0,1811.143738831256
|||;35532,35532,35532,35532,0,0,0,0,1816.143738831256
|||;35532,35532,35532,35532,0,0,0,0,1821.143738831256
|||;35532,35532,35532,35532,0,0,0,0,1826.143738831256
|||;35532,35532,35532,35532,0,0,0,0,1831.143738831256
|||;35532,35532,35532,35532,0,0,0,0,1836.143738831256
|||;35532,35532,35532,35532,0,0,0,0,1841.143738831256
|||;35532,35532,35532,35532,0,0,0,0,1846.143738831256
|||;35532,35532,35532,35532,0,0,0,0,1851.143738831256
|||;35532,35532,35532,35532,0,0,0,0,1856.143738831256
|||;35532,35532,35532,35532,0,0,0,0,1861.143738831256
|||;35532,35532,35532,35532,0,0,0,0,1866.143738831256
|||;35532,35532,35532,35532,0,0,0,0,1871.143738831256
|||;35532,35532,35532,35532,0,0,0,0,1876.143738831256
|||;35532,35532,35532,35532,0,0,0,0,1881.143738831256
|||;35532,35532,35532,35532,0,0,0,0,1886.143738831256
|||;35532,35532,35532,35532,0,0,0,0,1891.143738831256
|||;35532,35532,35532,35532,0,0,0,0,1896.143738831256
|||;35532,35532,35532,35532,0,0,0,0,1901.143738831256
|||;35532,35532,35532,35532,0,0,0,0,1906.143738831256
|||;35532,35532,35532,35532,0,0,0,0,1911.143738831256
|||;35532,35532,35532,35532,0,0,0,0,1916.143738831256
|||;35532,35532,35532,35532,0,0,0,0,1921.143738831256
|||;35532,35532,35532,35532,0,0,0,0,1926.143738831256
|||;35532,35532,35532,35532,0,0,0,0,1931.143738831256
|||;35532,35532,35532,35532,0,0,0,0,1936.143738831256
|||;35532,35532,35532,35532,0,0,0,0,1941.143738831256
|||;35532,35532,35532,35532,0,0,0,0,1946.143738831256
|||;35532,35532,35532,35532,0,0,0,0,1951.143738831256
|||;35532,35532,35532,35532,0,0,0,0,1956.143738831256
|||;35532,35532,35532,35532,0,0,0,0,1961.143738831256
|||;35532,35532,35532,35532,0,0,0,0,1966.143738831256
|||;35532,35532,35532,35532,0,0,0,0,1971.143738831256
|||;35532,35532,35532,35532,0,0,0,0,1976.143738831256
|||;35532,35532,35532,35532,0,0,0,0,1981.143738831256
|||;35532,35532,35532,35532,0,0,0,0,1986.143738831256
|||;35532,35532,35532,35532,0,0,0,0,1991.143738831256
|||;35532,35532,35532,35532,0,0,0,0,1996.143738831256
