|||;38195,38195,38195,38195,0,0,0,0,1.145705846692
|||;38195,38195,38195,38195,0,0,0,0,6.145705846692
|||;38195,38195,38195,38195,0,0,0,0,11.145705846692
|||;38195,38195,38195,38195,0,0,0,0,16.145705846692
|||;38195,38195,38195,38195,0,0,0,0,21.145705846692
|||;38195,38195,38195,38195,0,0,0,0,26.145705846692
|||;38195,38195,38195,38195,0,0,0,0,31.145705846692
|||;38195,38195,38195,38195,0,0,0,0,36.145705846692
|||;38195,38195,38195,38195,0,0,0,0,41.145705846692
|||;38195,38195,38195,38195,0,0,0,0,46.145705846692
|||;38195,38195,38195,38195,0,0,0,0,51.145705846692
|||;38195,38195,38195,38195,0,0,0,0,56.145705846692
|||;38195,38195,38195,38195,0,0,0,0,61.145705846692
|||;38195,38195,38195,38195,0,0,0,0,66.145705846692
|||;38195,38195,38195,38195,0,0,0,0,71.145705846692
|||;38195,38195,38195,38195,0,0,0,0,76.145705846692
|||;38195,38195,38195,38195,0,0,0,0,81.145705846692
|||;38195,38195,38195,38195,0,0,0,0,86.145705846692
|||;38195,38195,38195,38195,0,0,0,0,91.145705846692
|||;38195,38195,38195,38195,0,0,0,0,96.145705846692
|||;38195,38195,38195,38195,0,0,0,0,101.145705846692
|||;38195,38195,38195,38195,0,0,0,0,106.145705846692
|||;38195,38195,38195,38195,0,0,0,0,111.145705846692
|||;38195,38195,38195,38195,0,0,0,0,116.145705846692
|||;38195,38195,38195,38195,0,0,0,0,121.145705846692
|||;38195,38195,38195,38195,0,0,0,0,126.145705846692
|||;38195,38195,38195,38195,0,0,0,0,131.145705846692
66awnjx(2),|66awnjx(2),||66awnjx(2),;35875.6,35875.6,38195,35875.6,6.65849312252,6.65849312252,0,6.65849312252,136.145705846692
66awnjx(2),|66awnjx(2),||66awnjx(2),;35875.6,35875.6,38195,35875.6,1.65849312252,1.65849312252,0,1.65849312252,141.145705846692
66awnjx(3),|66awnjx(3),||66awnjx(3),;35875.6,35875.6,38195,35875.6,0,0,0,0,146.145705846692
66awnjx(3),|66awnjx(3),||66awnjx(3),;35875.6,35875.6,38195,35875.6,0,0,0,0,151.145705846692
66awnjx(3),|66awnjx(3),||66awnjx(3),;35875.6,35875.6,38195,35875.6,0,0,0,0,156.145705846692
66awnjx(3),|66awnjx(3),||66awnjx(3),;35875.6,35875.6,38195,35875.6,0,0,0,0,161.145705846692
66awnjx(3),|66awnjx(3),||66awnjx(3),;35875.6,35875.6,38195,35875.6,0,0,0,0,166.145705846692
66awnjx(3),|66awnjx(3),||66awnjx(3),;35875.6,35875.6,38195,35875.6,0,0,0,0,171.145705846692
66awnjx(3),|66awnjx(3),||66awnjx(3),;35875.6,35875.6,38195,35875.6,0,0,0,0,176.145705846692
66awnjx(3),|66awnjx(3),||66awnjx(3),;35875.6,35875.6,38195,35875.6,0,0,0,0,181.145705846692
66awnjx(3),|66awnjx(3),||66awnjx(3),;35875.6,35875.6,38195,35875.6,0,0,0,0,186.145705846692
66awnjx(3),|66awnjx(3),||66awnjx(3),;35875.6,35875.6,38195,35875.6,0,0,0,0,191.145705846692
66awnjx(3),|66awnjx(3),||66awnjx(3),;35875.6,35875.6,38195,35875.6,0,0,0,0,196.145705846692
66awnjx(3),|66awnjx(3),||66awnjx(3),;35875.6,35875.6,38195,35875.6,0,0,0,0,201.145705846692
66awnjx(3),|66awnjx(3),||66awnjx(3),;35875.6,35875.6,38195,35875.6,0,0,0,0,206.145705846692
66awnjx(3),|66awnjx(3),||66awnjx(3),;35875.6,35875.6,38195,35875.6,0,0,0,0,211.145705846692
66awnjx(3),|66awnjx(3),||66awnjx(3),;35875.6,35875.6,38195,35875.6,0,0,0,0,216.145705846692
66awnjx(3),|66awnjx(3),||66awnjx(3),;35875.6,35875.6,38195,35875.6,0,0,0,0,221.145705846692
66awnjx(3),|66awnjx(3),||66awnjx(3),;35875.6,35875.6,38195,35875.6,0,0,0,0,226.145705846692
66awnjx(3),356ndusv(0),|66awnjx(3),356ndusv(0),|356ndusv(0),|66awnjx(3),356ndusv(0),;34605.8,33971,36290.4,34605.8,7.8793283127,10.6708163127,10.6708163127,7.8793283127,231.145705846692
66awnjx(3),356ndusv(2),|66awnjx(3),356ndusv(2),|356ndusv(2),|66awnjx(3),356ndusv(2),;34605.8,33971,36290.4,34605.8,2.8793283127,5.6708163127,5.6708163127,2.8793283127,236.145705846692
66awnjx(3),|66awnjx(3),356ndusv(2),|356ndusv(2),|66awnjx(3),;35875.6,33971,36290.4,35875.6,0,0.6708163127,0.6708163127,0,241.145705846692
|||;38195,38195,38195,38195,0,0,0,0,246.145705846692
|||;38195,38195,38195,38195,0,0,0,0,251.145705846692
|||;38195,38195,38195,38195,0,0,0,0,256.145705846692
|||;38195,38195,38195,38195,0,0,0,0,261.145705846692
|||;38195,38195,38195,38195,0,0,0,0,266.145705846692
|||;38195,38195,38195,38195,0,0,0,0,271.145705846692
|||;38195,38195,38195,38195,0,0,0,0,276.145705846692
|||;38195,38195,38195,38195,0,0,0,0,281.145705846692
|||;38195,38195,38195,38195,0,0,0,0,286.145705846692
|||;38195,38195,38195,38195,0,0,0,0,291.145705846692
|||;38195,38195,38195,38195,0,0,0,0,296.145705846692
|||;38195,38195,38195,38195,0,0,0,0,301.145705846692
|||;38195,38195,38195,38195,0,0,0,0,306.145705846692
|||;38195,38195,38195,38195,0,0,0,0,311.145705846692
|||;38195,38195,38195,38195,0,0,0,0,316.145705846692
312omupk(2),|312omupk(2),|312omupk(2),|312omupk(2),;36792.1,36792.1,36090.7,36090.7,2.614185636128,2.614185636128,5.606996302795,5.606996302795,321.145705846692
||312omupk(2),|312omupk(2),;38195,38195,36090.7,36090.7,0,0,0.606996302795,0.606996302795,326.145705846692
|||;38195,38195,38195,38195,0,0,0,0,331.145705846692
|||;38195,38195,38195,38195,0,0,0,0,336.145705846692
|||;38195,38195,38195,38195,0,0,0,0,341.145705846692
|||;38195,38195,38195,38195,0,0,0,0,346.145705846692
|||;38195,38195,38195,38195,0,0,0,0,351.145705846692
|||;38195,38195,38195,38195,0,0,0,0,356.145705846692
|||;38195,38195,38195,38195,0,0,0,0,361.145705846692
|||;38195,38195,38195,38195,0,0,0,0,366.145705846692
|360xsftb(2),||360xsftb(2),;38195,34047.8,38195,35430.2,0,15.817961953347,0,9.739721953347,371.145705846692
|360xsftb(2),||360xsftb(2),;38195,34047.8,38195,35430.2,0,10.817961953347,0,4.739721953347,376.145705846692
|360xsftb(2),||360xsftb(3),;38195,34047.8,38195,35430.2,0,5.817961953347,0,0,381.145705846692
|360xsftb(2),||360xsftb(3),;38195,34047.8,38195,35430.2,0,0.817961953347,0,0,386.145705846692
|360xsftb(3),||360xsftb(3),;38195,34047.8,38195,35430.2,0,0,0,0,391.145705846692
|360xsftb(3),191hqfrn(0),||360xsftb(3),191hqfrn(0),;38195,30750.5,38195,32132.9,0,17.309411573368,0,17.309411573368,396.145705846692
|360xsftb(3),191hqfrn(2),||360xsftb(3),191hqfrn(2),;38195,30750.5,38195,32132.9,0,12.309411573368,0,12.309411573368,401.145705846692
|360xsftb(3),191hqfrn(2),||360xsftb(3),191hqfrn(2),;38195,30750.5,38195,32132.9,0,7.309411573368,0,7.309411573368,406.145705846692
|360xsftb(3),191hqfrn(2),||360xsftb(3),191hqfrn(2),;38195,30750.5,38195,32132.9,0,2.309411573368,0,2.309411573368,411.145705846692
|360xsftb(3),191hqfrn(3),||360xsftb(3),191hqfrn(3),;38195,30750.5,38195,32132.9,0,0,0,0,416.145705846692
|360xsftb(3),191hqfrn(3),||360xsftb(3),191hqfrn(3),;38195,30750.5,38195,32132.9,0,0,0,0,421.145705846692
|360xsftb(3),191hqfrn(3),||360xsftb(3),191hqfrn(3),;38195,30750.5,38195,32132.9,0,0,0,0,426.145705846692
|360xsftb(3),191hqfrn(3),||360xsftb(3),191hqfrn(3),;38195,30750.5,38195,32132.9,0,0,0,0,431.145705846692
|360xsftb(3),191hqfrn(3),||360xsftb(3),191hqfrn(3),;38195,30750.5,38195,32132.9,0,0,0,0,436.145705846692
|360xsftb(3),191hqfrn(3),||360xsftb(3),191hqfrn(3),;38195,30750.5,38195,32132.9,0,0,0,0,441.145705846692
|360xsftb(3),191hqfrn(3),||360xsftb(3),191hqfrn(3),;38195,30750.5,38195,32132.9,0,0,0,0,446.145705846692
|360xsftb(3),191hqfrn(3),||360xsftb(3),191hqfrn(3),;38195,30750.5,38195,32132.9,0,0,0,0,451.145705846692
|360xsftb(3),191hqfrn(3),||360xsftb(3),191hqfrn(3),;38195,30750.5,38195,32132.9,0,0,0,0,456.145705846692
|360xsftb(3),191hqfrn(3),||360xsftb(3),191hqfrn(3),;38195,30750.5,38195,32132.9,0,0,0,0,461.145705846692
|360xsftb(3),191hqfrn(3),||360xsftb(3),191hqfrn(3),;38195,30750.5,38195,32132.9,0,0,0,0,466.145705846692
|360xsftb(3),191hqfrn(3),||360xsftb(3),191hqfrn(3),;38195,30750.5,38195,32132.9,0,0,0,0,471.145705846692
|360xsftb(3),191hqfrn(3),||360xsftb(3),191hqfrn(3),;38195,30750.5,38195,32132.9,0,0,0,0,476.145705846692
|360xsftb(3),191hqfrn(3),||360xsftb(3),191hqfrn(3),;38195,30750.5,38195,32132.9,0,0,0,0,481.145705846692
|360xsftb(3),191hqfrn(3),||360xsftb(3),191hqfrn(3),;38195,30750.5,38195,32132.9,0,0,0,0,486.145705846692
|360xsftb(3),191hqfrn(3),||360xsftb(3),191hqfrn(3),;38195,30750.5,38195,32132.9,0,0,0,0,491.145705846692
|360xsftb(3),191hqfrn(3),||360xsftb(3),191hqfrn(3),;38195,30750.5,38195,32132.9,0,0,0,0,496.145705846692
|360xsftb(3),191hqfrn(3),||360xsftb(3),191hqfrn(3),;38195,30750.5,38195,32132.9,0,0,0,0,501.145705846692
|360xsftb(3),191hqfrn(3),||360xsftb(3),191hqfrn(3),;38195,30750.5,38195,32132.9,0,0,0,0,506.145705846692
|360xsftb(3),||360xsftb(3),;38195,34047.8,38195,35430.2,0,0,0,0,511.145705846692
|360xsftb(3),||360xsftb(3),;38195,34047.8,38195,35430.2,0,0,0,0,516.145705846692
|360xsftb(3),||360xsftb(3),;38195,34047.8,38195,35430.2,0,0,0,0,521.145705846692
|360xsftb(3),||360xsftb(3),;38195,34047.8,38195,35430.2,0,0,0,0,526.145705846692
|360xsftb(3),||360xsftb(3),;38195,34047.8,38195,35430.2,0,0,0,0,531.145705846692
|360xsftb(3),||360xsftb(3),;38195,34047.8,38195,35430.2,0,0,0,0,536.145705846692
|360xsftb(3),||360xsftb(3),;38195,34047.8,38195,35430.2,0,0,0,0,541.145705846692
|||;38195,38195,38195,38195,0,0,0,0,546.145705846692
|||;38195,38195,38195,38195,0,0,0,0,551.145705846692
|||;38195,38195,38195,38195,0,0,0,0,556.145705846692
|||;38195,38195,38195,38195,0,0,0,0,561.145705846692
|||;38195,38195,38195,38195,0,0,0,0,566.145705846692
|||;38195,38195,38195,38195,0,0,0,0,571.145705846692
|||;38195,38195,38195,38195,0,0,0,0,576.145705846692
|||;38195,38195,38195,38195,0,0,0,0,581.145705846692
|||;38195,38195,38195,38195,0,0,0,0,586.145705846692
|||;38195,38195,38195,38195,0,0,0,0,591.145705846692
|||;38195,38195,38195,38195,0,0,0,0,596.145705846692
|||;38195,38195,38195,38195,0,0,0,0,601.145705846692
|||;38195,38195,38195,38195,0,0,0,0,606.145705846692
|||;38195,38195,38195,38195,0,0,0,0,611.145705846692
297qhzin(2),|297qhzin(2),|297qhzin(2),|297qhzin(2),;35368.8,36310.8,36310.8,35368.8,11.477997925681,7.213123259014,7.213123259014,11.477997925681,616.145705846692
297qhzin(2),|297qhzin(2),|297qhzin(2),|297qhzin(2),;35368.8,36310.8,36310.8,35368.8,6.477997925681,2.213123259014,2.213123259014,6.477997925681,621.145705846692
297qhzin(2),|297qhzin(3),|297qhzin(3),|297qhzin(2),;35368.8,36310.8,36310.8,35368.8,1.477997925681,0,0,1.477997925681,626.145705846692
297qhzin(3),|297qhzin(3),|297qhzin(3),|297qhzin(3),;35368.8,36310.8,36310.8,35368.8,0,0,0,0,631.145705846692
297qhzin(3),|297qhzin(3),|297qhzin(3),|297qhzin(3),;35368.8,36310.8,36310.8,35368.8,0,0,0,0,636.145705846692
297qhzin(3),|297qhzin(3),|297qhzin(3),|297qhzin(3),;35368.8,36310.8,36310.8,35368.8,0,0,0,0,641.145705846692
297qhzin(3),684bprom(0),|297qhzin(3),|297qhzin(3),|297qhzin(3),;34483,36310.8,36310.8,35368.8,6.097761781208,0,0,0,646.145705846692
297qhzin(3),684bprom(2),|297qhzin(3),|297qhzin(3),|297qhzin(3),;34483,36310.8,36310.8,35368.8,1.097761781208,0,0,0,651.145705846692
297qhzin(3),684bprom(3),|297qhzin(3),|297qhzin(3),|297qhzin(3),;34483,36310.8,36310.8,35368.8,0,0,0,0,656.145705846692
297qhzin(3),684bprom(3),|297qhzin(3),|297qhzin(3),|297qhzin(3),;34483,36310.8,36310.8,35368.8,0,0,0,0,661.145705846692
297qhzin(3),684bprom(3),|297qhzin(3),|297qhzin(3),|297qhzin(3),;34483,36310.8,36310.8,35368.8,0,0,0,0,666.145705846692
297qhzin(3),684bprom(3),|297qhzin(3),|297qhzin(3),|297qhzin(3),;34483,36310.8,36310.8,35368.8,0,0,0,0,671.145705846692
297qhzin(3),684bprom(3),|297qhzin(3),|297qhzin(3),|297qhzin(3),;34483,36310.8,36310.8,35368.8,0,0,0,0,676.145705846692
297qhzin(3),684bprom(3),|297qhzin(3),|297qhzin(3),|297qhzin(3),;34483,36310.8,36310.8,35368.8,0,0,0,0,681.145705846692
297qhzin(3),684bprom(3),|297qhzin(3),|297qhzin(3),|297qhzin(3),;34483,36310.8,36310.8,35368.8,0,0,0,0,686.145705846692
297qhzin(3),684bprom(3),|297qhzin(3),|297qhzin(3),|297qhzin(3),;34483,36310.8,36310.8,35368.8,0,0,0,0,691.145705846692
297qhzin(3),684bprom(3),|297qhzin(3),|297qhzin(3),|297qhzin(3),;34483,36310.8,36310.8,35368.8,0,0,0,0,696.145705846692
297qhzin(3),684bprom(3),|297qhzin(3),|297qhzin(3),|297qhzin(3),;34483,36310.8,36310.8,35368.8,0,0,0,0,701.145705846692
297qhzin(3),684bprom(3),|297qhzin(3),|297qhzin(3),|297qhzin(3),;34483,36310.8,36310.8,35368.8,0,0,0,0,706.145705846692
297qhzin(3),684bprom(3),|297qhzin(3),|297qhzin(3),|297qhzin(3),;34483,36310.8,36310.8,35368.8,0,0,0,0,711.145705846692
297qhzin(3),684bprom(3),|297qhzin(3),|297qhzin(3),|297qhzin(3),;34483,36310.8,36310.8,35368.8,0,0,0,0,716.145705846692
297qhzin(3),684bprom(3),|297qhzin(3),|297qhzin(3),|297qhzin(3),;34483,36310.8,36310.8,35368.8,0,0,0,0,721.145705846692
297qhzin(3),684bprom(3),|297qhzin(3),|297qhzin(3),|297qhzin(3),;34483,36310.8,36310.8,35368.8,0,0,0,0,726.145705846692
297qhzin(3),684bprom(3),|297qhzin(3),|297qhzin(3),|297qhzin(3),;34483,36310.8,36310.8,35368.8,0,0,0,0,731.145705846692
297qhzin(3),684bprom(3),|297qhzin(3),|297qhzin(3),|297qhzin(3),;34483,36310.8,36310.8,35368.8,0,0,0,0,736.145705846692
297qhzin(3),684bprom(3),|297qhzin(3),|297qhzin(3),|297qhzin(3),;34483,36310.8,36310.8,35368.8,0,0,0,0,741.145705846692
297qhzin(3),684bprom(3),|297qhzin(3),|297qhzin(3),|297qhzin(3),;34483,36310.8,36310.8,35368.8,0,0,0,0,746.145705846692
297qhzin(3),684bprom(3),|297qhzin(3),|297qhzin(3),|297qhzin(3),;34483,36310.8,36310.8,35368.8,0,0,0,0,751.145705846692
297qhzin(3),684bprom(3),|297qhzin(3),|297qhzin(3),|297qhzin(3),;34483,36310.8,36310.8,35368.8,0,0,0,0,756.145705846692
297qhzin(3),684bprom(3),|297qhzin(3),|297qhzin(3),|297qhzin(3),;34483,36310.8,36310.8,35368.8,0,0,0,0,761.145705846692
297qhzin(3),684bprom(3),|297qhzin(3),|297qhzin(3),|297qhzin(3),;34483,36310.8,36310.8,35368.8,0,0,0,0,766.145705846692
297qhzin(3),684bprom(3),|297qhzin(3),|297qhzin(3),|297qhzin(3),;34483,36310.8,36310.8,35368.8,0,0,0,0,771.145705846692
297qhzin(3),684bprom(3),|297qhzin(3),|297qhzin(3),|297qhzin(3),;34483,36310.8,36310.8,35368.8,0,0,0,0,776.145705846692
297qhzin(3),684bprom(3),|297qhzin(3),|297qhzin(3),|297qhzin(3),;34483,36310.8,36310.8,35368.8,0,0,0,0,781.145705846692
297qhzin(3),684bprom(3),|297qhzin(3),|297qhzin(3),|297qhzin(3),;34483,36310.8,36310.8,35368.8,0,0,0,0,786.145705846692
297qhzin(3),684bprom(3),|297qhzin(3),|297qhzin(3),|297qhzin(3),;34483,36310.8,36310.8,35368.8,0,0,0,0,791.145705846692
684bprom(3),|||;37309.2,38195,38195,38195,0,0,0,0,796.145705846692
684bprom(3),|||;37309.2,38195,38195,38195,0,0,0,0,801.145705846692
|||;38195,38195,38195,38195,0,0,0,0,806.145705846692
|||;38195,38195,38195,38195,0,0,0,0,811.145705846692
|||;38195,38195,38195,38195,0,0,0,0,816.145705846692
|||;38195,38195,38195,38195,0,0,0,0,821.145705846692
|||;38195,38195,38195,38195,0,0,0,0,826.145705846692
|||;38195,38195,38195,38195,0,0,0,0,831.145705846692
|||;38195,38195,38195,38195,0,0,0,0,836.145705846692
|||;38195,38195,38195,38195,0,0,0,0,841.145705846692
|||;38195,38195,38195,38195,0,0,0,0,846.145705846692
|||;38195,38195,38195,38195,0,0,0,0,851.145705846692
|||;38195,38195,38195,38195,0,0,0,0,856.145705846692
|||;38195,38195,38195,38195,0,0,0,0,861.145705846692
|||;38195,38195,38195,38195,0,0,0,0,866.145705846692
|||;38195,38195,38195,38195,0,0,0,0,871.145705846692
|||;38195,38195,38195,38195,0,0,0,0,876.145705846692
|||;38195,38195,38195,38195,0,0,0,0,881.145705846692
|||;38195,38195,38195,38195,0,0,0,0,886.145705846692
|||;38195,38195,38195,38195,0,0,0,0,891.145705846692
|||;38195,38195,38195,38195,0,0,0,0,896.145705846692
|||;38195,38195,38195,38195,0,0,0,0,901.145705846692
|||;38195,38195,38195,38195,0,0,0,0,906.145705846692
|||;38195,38195,38195,38195,0,0,0,0,911.145705846692
|||;38195,38195,38195,38195,0,0,0,0,916.145705846692
|||;38195,38195,38195,38195,0,0,0,0,921.145705846692
|||;38195,38195,38195,38195,0,0,0,0,926.145705846692
|||;38195,38195,38195,38195,0,0,0,0,931.145705846692
|||;38195,38195,38195,38195,0,0,0,0,936.145705846692
|||;38195,38195,38195,38195,0,0,0,0,941.145705846692
|||;38195,38195,38195,38195,0,0,0,0,946.145705846692
|||;38195,38195,38195,38195,0,0,0,0,951.145705846692
|||;38195,38195,38195,38195,0,0,0,0,956.145705846692
|||;38195,38195,38195,38195,0,0,0,0,961.145705846692
|||;38195,38195,38195,38195,0,0,0,0,966.145705846692
|||;38195,38195,38195,38195,0,0,0,0,971.145705846692
|||;38195,38195,38195,38195,0,0,0,0,976.145705846692
|||;38195,38195,38195,38195,0,0,0,0,981.145705846692
|||;38195,38195,38195,38195,0,0,0,0,986.145705846692
|||;38195,38195,38195,38195,0,0,0,0,991.145705846692
|||;38195,38195,38195,38195,0,0,0,0,996.145705846692
|||;38195,38195,38195,38195,0,0,0,0,1001.145705846692
|||;38195,38195,38195,38195,0,0,0,0,1006.145705846692
|||;38195,38195,38195,38195,0,0,0,0,1011.145705846692
|||;38195,38195,38195,38195,0,0,0,0,1016.145705846692
|||;38195,38195,38195,38195,0,0,0,0,1021.145705846692
|||;38195,38195,38195,38195,0,0,0,0,1026.145705846692
|||;38195,38195,38195,38195,0,0,0,0,1031.145705846692
|||;38195,38195,38195,38195,0,0,0,0,1036.145705846692
|||;38195,38195,38195,38195,0,0,0,0,1041.145705846692
|||;38195,38195,38195,38195,0,0,0,0,1046.145705846692
|||;38195,38195,38195,38195,0,0,0,0,1051.145705846692
|||;38195,38195,38195,38195,0,0,0,0,1056.145705846692
|||;38195,38195,38195,38195,0,0,0,0,1061.145705846692
|||;38195,38195,38195,38195,0,0,0,0,1066.145705846692
|||;38195,38195,38195,38195,0,0,0,0,1071.145705846692
|||;38195,38195,38195,38195,0,0,0,0,1076.145705846692
|||;38195,38195,38195,38195,0,0,0,0,1081.145705846692
|||;38195,38195,38195,38195,0,0,0,0,1086.145705846692
|||;38195,38195,38195,38195,0,0,0,0,1091.145705846692
|||;38195,38195,38195,38195,0,0,0,0,1096.145705846692
|||;38195,38195,38195,38195,0,0,0,0,1101.145705846692
|||;38195,38195,38195,38195,0,0,0,0,1106.145705846692
|||;38195,38195,38195,38195,0,0,0,0,1111.145705846692
|||;38195,38195,38195,38195,0,0,0,0,1116.145705846692
|||;38195,38195,38195,38195,0,0,0,0,1121.145705846692
|||;38195,38195,38195,38195,0,0,0,0,1126.145705846692
|||;38195,38195,38195,38195,0,0,0,0,1131.145705846692
|||;38195,38195,38195,38195,0,0,0,0,1136.145705846692
|||;38195,38195,38195,38195,0,0,0,0,1141.145705846692
|||;38195,38195,38195,38195,0,0,0,0,1146.145705846692
|||;38195,38195,38195,38195,0,0,0,0,1151.145705846692
|||;38195,38195,38195,38195,0,0,0,0,1156.145705846692
|||;38195,38195,38195,38195,0,0,0,0,1161.145705846692
|||;38195,38195,38195,38195,0,0,0,0,1166.145705846692
|||;38195,38195,38195,38195,0,0,0,0,1171.145705846692
|||;38195,38195,38195,38195,0,0,0,0,1176.145705846692
|||;38195,38195,38195,38195,0,0,0,0,1181.145705846692
|||;38195,38195,38195,38195,0,0,0,0,1186.145705846692
|||;38195,38195,38195,38195,0,0,0,0,1191.145705846692
|||;38195,38195,38195,38195,0,0,0,0,1196.145705846692
|||;38195,38195,38195,38195,0,0,0,0,1201.145705846692
|||;38195,38195,38195,38195,0,0,0,0,1206.145705846692
|||;38195,38195,38195,38195,0,0,0,0,1211.145705846692
|||;38195,38195,38195,38195,0,0,0,0,1216.145705846692
|||;38195,38195,38195,38195,0,0,0,0,1221.145705846692
|||;38195,38195,38195,38195,0,0,0,0,1226.145705846692
|||;38195,38195,38195,38195,0,0,0,0,1231.145705846692
|||;38195,38195,38195,38195,0,0,0,0,1236.145705846692
|||;38195,38195,38195,38195,0,0,0,0,1241.145705846692
|||;38195,38195,38195,38195,0,0,0,0,1246.145705846692
|||;38195,38195,38195,38195,0,0,0,0,1251.145705846692
|||;38195,38195,38195,38195,0,0,0,0,1256.145705846692
|||;38195,38195,38195,38195,0,0,0,0,1261.145705846692
|||;38195,38195,38195,38195,0,0,0,0,1266.145705846692
|||;38195,38195,38195,38195,0,0,0,0,1271.145705846692
|||;38195,38195,38195,38195,0,0,0,0,1276.145705846692
|||;38195,38195,38195,38195,0,0,0,0,1281.145705846692
|||;38195,38195,38195,38195,0,0,0,0,1286.145705846692
|||;38195,38195,38195,38195,0,0,0,0,1291.145705846692
|||;38195,38195,38195,38195,0,0,0,0,1296.145705846692
|||;38195,38195,38195,38195,0,0,0,0,1301.145705846692
|||;38195,38195,38195,38195,0,0,0,0,1306.145705846692
|||;38195,38195,38195,38195,0,0,0,0,1311.145705846692
|||;38195,38195,38195,38195,0,0,0,0,1316.145705846692
|||;38195,38195,38195,38195,0,0,0,0,1321.145705846692
|||;38195,38195,38195,38195,0,0,0,0,1326.145705846692
|||;38195,38195,38195,38195,0,0,0,0,1331.145705846692
|||;38195,38195,38195,38195,0,0,0,0,1336.145705846692
|||;38195,38195,38195,38195,0,0,0,0,1341.145705846692
|||;38195,38195,38195,38195,0,0,0,0,1346.145705846692
|||;38195,38195,38195,38195,0,0,0,0,1351.145705846692
|||;38195,38195,38195,38195,0,0,0,0,1356.145705846692
|||;38195,38195,38195,38195,0,0,0,0,1361.145705846692
|||;38195,38195,38195,38195,0,0,0,0,1366.145705846692
|||;38195,38195,38195,38195,0,0,0,0,1371.145705846692
|||;38195,38195,38195,38195,0,0,0,0,1376.145705846692
|||;38195,38195,38195,38195,0,0,0,0,1381.145705846692
|||;38195,38195,38195,38195,0,0,0,0,1386.145705846692
|||;38195,38195,38195,38195,0,0,0,0,1391.145705846692
|||;38195,38195,38195,38195,0,0,0,0,1396.145705846692
|||;38195,38195,38195,38195,0,0,0,0,1401.145705846692
|||;38195,38195,38195,38195,0,0,0,0,1406.145705846692
|||;38195,38195,38195,38195,0,0,0,0,1411.145705846692
|||;38195,38195,38195,38195,0,0,0,0,1416.145705846692
|||;38195,38195,38195,38195,0,0,0,0,1421.145705846692
|||;38195,38195,38195,38195,0,0,0,0,1426.145705846692
|||;38195,38195,38195,38195,0,0,0,0,1431.145705846692
|||;38195,38195,38195,38195,0,0,0,0,1436.145705846692
|||;38195,38195,38195,38195,0,0,0,0,1441.145705846692
|||;38195,38195,38195,38195,0,0,0,0,1446.145705846692
|||;38195,38195,38195,38195,0,0,0,0,1451.145705846692
|||;38195,38195,38195,38195,0,0,0,0,1456.145705846692
|||;38195,38195,38195,38195,0,0,0,0,1461.145705846692
|||;38195,38195,38195,38195,0,0,0,0,1466.145705846692
|||;38195,38195,38195,38195,0,0,0,0,1471.145705846692
|||;38195,38195,38195,38195,0,0,0,0,1476.145705846692
|||;38195,38195,38195,38195,0,0,0,0,1481.145705846692
|||;38195,38195,38195,38195,0,0,0,0,1486.145705846692
|||;38195,38195,38195,38195,0,0,0,0,1491.145705846692
|||;38195,38195,38195,38195,0,0,0,0,1496.145705846692
|||;38195,38195,38195,38195,0,0,0,0,1501.145705846692
|||;38195,38195,38195,38195,0,0,0,0,1506.145705846692
|||;38195,38195,38195,38195,0,0,0,0,1511.145705846692
|||;38195,38195,38195,38195,0,0,0,0,1516.145705846692
|||;38195,38195,38195,38195,0,0,0,0,1521.145705846692
|||;38195,38195,38195,38195,0,0,0,0,1526.145705846692
|||;38195,38195,38195,38195,0,0,0,0,1531.145705846692
|||;38195,38195,38195,38195,0,0,0,0,1536.145705846692
|||;38195,38195,38195,38195,0,0,0,0,1541.145705846692
|||;38195,38195,38195,38195,0,0,0,0,1546.145705846692
|||;38195,38195,38195,38195,0,0,0,0,1551.145705846692
|||;38195,38195,38195,38195,0,0,0,0,1556.145705846692
|||;38195,38195,38195,38195,0,0,0,0,1561.145705846692
|||;38195,38195,38195,38195,0,0,0,0,1566.145705846692
|||;38195,38195,38195,38195,0,0,0,0,1571.145705846692
|||;38195,38195,38195,38195,0,0,0,0,1576.145705846692
|||;38195,38195,38195,38195,0,0,0,0,1581.145705846692
|||;38195,38195,38195,38195,0,0,0,0,1586.145705846692
|||;38195,38195,38195,38195,0,0,0,0,1591.145705846692
|||;38195,38195,38195,38195,0,0,0,0,1596.145705846692
|||;38195,38195,38195,38195,0,0,0,0,1601.145705846692
|||;38195,38195,38195,38195,0,0,0,0,1606.145705846692
|||;38195,38195,38195,38195,0,0,0,0,1611.145705846692
|||;38195,38195,38195,38195,0,0,0,0,1616.145705846692
|||;38195,38195,38195,38195,0,0,0,0,1621.145705846692
|||;38195,38195,38195,38195,0,0,0,0,1626.145705846692
|||;38195,38195,38195,38195,0,0,0,0,1631.145705846692
|||;38195,38195,38195,38195,0,0,0,0,1636.145705846692
|||;38195,38195,38195,38195,0,0,0,0,1641.145705846692
|||;38195,38195,38195,38195,0,0,0,0,1646.145705846692
|||;38195,38195,38195,38195,0,0,0,0,1651.145705846692
|||;38195,38195,38195,38195,0,0,0,0,1656.145705846692
|||;38195,38195,38195,38195,0,0,0,0,1661.145705846692
|||;38195,38195,38195,38195,0,0,0,0,1666.145705846692
|||;38195,38195,38195,38195,0,0,0,0,1671.145705846692
|||;38195,38195,38195,38195,0,0,0,0,1676.145705846692
|||;38195,38195,38195,38195,0,0,0,0,1681.145705846692
|||;38195,38195,38195,38195,0,0,0,0,1686.145705846692
|||;38195,38195,38195,38195,0,0,0,0,1691.145705846692
|||;38195,38195,38195,38195,0,0,0,0,1696.145705846692
|||;38195,38195,38195,38195,0,0,0,0,1701.145705846692
|||;38195,38195,38195,38195,0,0,0,0,1706.145705846692
|||;38195,38195,38195,38195,0,0,0,0,1711.145705846692
|||;38195,38195,38195,38195,0,0,0,0,1716.145705846692
|||;38195,38195,38195,38195,0,0,0,0,1721.145705846692
|||;38195,38195,38195,38195,0,0,0,0,1726.145705846692
|||;38195,38195,38195,38195,0,0,0,0,1731.145705846692
|||;38195,38195,38195,38195,0,0,0,0,1736.145705846692
|||;38195,38195,38195,38195,0,0,0,0,1741.145705846692
|||;38195,38195,38195,38195,0,0,0,0,1746.145705846692
|||;38195,38195,38195,38195,0,0,0,0,1751.145705846692
|||;38195,38195,38195,38195,0,0,0,0,1756.145705846692
|||;38195,38195,38195,38195,0,0,0,0,1761.145705846692
|||;38195,38195,38195,38195,0,0,0,0,1766.145705846692
|||;38195,38195,38195,38195,0,0,0,0,1771.145705846692
|||;38195,38195,38195,38195,0,0,0,0,1776.145705846692
|||;38195,38195,38195,38195,0,0,0,0,1781.145705846692
|||;38195,38195,38195,38195,0,0,0,0,1786.145705846692
|||;38195,38195,38195,38195,0,0,0,0,1791.145705846692
|||;38195,38195,38195,38195,0,0,0,0,1796.145705846692
|||;38195,38195,38195,38195,0,0,0,0,1801.145705846692
|||;38195,38195,38195,38195,0,0,0,0,1806.145705846692
|||;38195,38195,38195,38195,0,0,0,0,1811.145705846692
|||;38195,38195,38195,38195,0,0,0,0,1816.145705846692
|||;38195,38195,38195,38195,0,0,0,0,1821.145705846692
|||;38195,38195,38195,38195,0,0,0,0,1826.145705846692
|||;38195,38195,38195,38195,0,0,0,0,1831.145705846692
|||;38195,38195,38195,38195,0,0,0,0,1836.145705846692
|||;38195,38195,38195,38195,0,0,0,0,1841.145705846692
|||;38195,38195,38195,38195,0,0,0,0,1846.145705846692
|||;38195,38195,38195,38195,0,0,0,0,1851.145705846692
|||;38195,38195,38195,38195,0,0,0,0,1856.145705846692
|||;38195,38195,38195,38195,0,0,0,0,1861.145705846692
|||;38195,38195,38195,38195,0,0,0,0,1866.145705846692
|||;38195,38195,38195,38195,0,0,0,0,1871.145705846692
|||;38195,38195,38195,38195,0,0,0,0,1876.145705846692
|||;38195,38195,38195,38195,0,0,0,0,1881.145705846692
|||;38195,38195,38195,38195,0,0,0,0,1886.145705846692
|||;38195,38195,38195,38195,0,0,0,0,1891.145705846692
|||;38195,38195,38195,38195,0,0,0,0,1896.145705846692
|||;38195,38195,38195,38195,0,0,0,0,1901.145705846692
|||;38195,38195,38195,38195,0,0,0,0,1906.145705846692
|||;38195,38195,38195,38195,0,0,0,0,1911.145705846692
|||;38195,38195,38195,38195,0,0,0,0,1916.145705846692
|||;38195,38195,38195,38195,0,0,0,0,1921.145705846692
|||;38195,38195,38195,38195,0,0,0,0,1926.145705846692
|||;38195,38195,38195,38195,0,0,0,0,1931.145705846692
|||;38195,38195,38195,38195,0,0,0,0,1936.145705846692
|||;38195,38195,38195,38195,0,0,0,0,1941.145705846692
|||;38195,38195,38195,38195,0,0,0,0,1946.145705846692
|||;38195,38195,38195,38195,0,0,0,0,1951.145705846692
|||;38195,38195,38195,38195,0,0,0,0,1956.145705846692
|||;38195,38195,38195,38195,0,0,0,0,1961.145705846692
|||;38195,38195,38195,38195,0,0,0,0,1966.145705846692
|||;38195,38195,38195,38195,0,0,0,0,1971.145705846692
|||;38195,38195,38195,38195,0,0,0,0,1976.145705846692
|||;38195,38195,38195,38195,0,0,0,0,1981.145705846692
|||;38195,38195,38195,38195,0,0,0,0,1986.145705846692
|||;38195,38195,38195,38195,0,0,0,0,1991.145705846692
|||;38195,38195,38195,38195,0,0,0,0,1996.145705846692
