|||;24064,24064,24064,24064,0,0,0,0,1.121437457274
|||;24064,24064,24064,24064,0,0,0,0,6.121437457274
|||;24064,24064,24064,24064,0,0,0,0,11.121437457274
|||;24064,24064,24064,24064,0,0,0,0,16.121437457274
|||;24064,24064,24064,24064,0,0,0,0,21.121437457274
|||;24064,24064,24064,24064,0,0,0,0,26.121437457274
|||;24064,24064,24064,24064,0,0,0,0,31.121437457274
|||;24064,24064,24064,24064,0,0,0,0,36.121437457274
|||;24064,24064,24064,24064,0,0,0,0,41.121437457274
|||;24064,24064,24064,24064,0,0,0,0,46.121437457274
|||;24064,24064,24064,24064,0,0,0,0,51.121437457274
|||;24064,24064,24064,24064,0,0,0,0,56.121437457274
|||;24064,24064,24064,24064,0,0,0,0,61.121437457274
|||;24064,24064,24064,24064,0,0,0,0,66.121437457274
|||;24064,24064,24064,24064,0,0,0,0,71.121437457274
207qckeo(3),|207qckeo(3),||;23958,23958,24064,24064,0,0,0,0,76.121437457274
207qckeo(3),|207qckeo(3),||;23958,23958,24064,24064,0,0,0,0,81.121437457274
207qckeo(3),|207qckeo(3),||;23958,23958,24064,24064,0,0,0,0,86.121437457274
207qckeo(3),242gvjen(0),|207qckeo(3),242gvjen(0),|242gvjen(0),|242gvjen(0),;23613.8,23613.8,23719.8,23719.8,6.954916642034,6.954916642034,6.954916642034,6.954916642034,91.121437457274
207qckeo(3),242gvjen(2),|207qckeo(3),242gvjen(2),|242gvjen(2),|242gvjen(2),;23613.8,23613.8,23719.8,23719.8,1.954916642034,1.954916642034,1.954916642034,1.954916642034,96.121437457274
207qckeo(3),|207qckeo(3),||;23958,23958,24064,24064,0,0,0,0,101.121437457274
207qckeo(3),|207qckeo(3),||;23958,23958,24064,24064,0,0,0,0,106.121437457274
207qckeo(3),|207qckeo(3),||;23958,23958,24064,24064,0,0,0,0,111.121437457274
207qckeo(3),|207qckeo(3),||;23958,23958,24064,24064,0,0,0,0,116.121437457274
207qckeo(3),|207qckeo(3),||;23958,23958,24064,24064,0,0,0,0,121.121437457274
207qckeo(3),|207qckeo(3),||;23958,23958,24064,24064,0,0,0,0,126.121437457274
207qckeo(3),|207qckeo(3),||;23958,23958,24064,24064,0,0,0,0,131.121437457274
207qckeo(3),|207qckeo(3),||;23958,23958,24064,24064,0,0,0,0,136.121437457274
207qckeo(3),|207qckeo(3),||;23958,23958,24064,24064,0,0,0,0,141.121437457274
207qckeo(3),|207qckeo(3),||;23958,23958,24064,24064,0,0,0,0,146.121437457274
207qckeo(3),|207qckeo(3),||;23958,23958,24064,24064,0,0,0,0,151.121437457274
207qckeo(3),|207qckeo(3),||;23958,23958,24064,24064,0,0,0,0,156.121437457274
207qckeo(3),|207qckeo(3),||;23958,23958,24064,24064,0,0,0,0,161.121437457274
207qckeo(3),|207qckeo(3),||;23958,23958,24064,24064,0,0,0,0,166.121437457274
207qckeo(3),|207qckeo(3),||;23958,23958,24064,24064,0,0,0,0,171.121437457274
207qckeo(3),|207qckeo(3),||;23958,23958,24064,24064,0,0,0,0,176.121437457274
207qckeo(3),|207qckeo(3),||;23958,23958,24064,24064,0,0,0,0,181.121437457274
207qckeo(3),|207qckeo(3),||;23958,23958,24064,24064,0,0,0,0,186.121437457274
207qckeo(3),|207qckeo(3),||;23958,23958,24064,24064,0,0,0,0,191.121437457274
207qckeo(3),|207qckeo(3),||;23958,23958,24064,24064,0,0,0,0,196.121437457274
207qckeo(3),|207qckeo(3),||;23958,23958,24064,24064,0,0,0,0,201.121437457274
207qckeo(3),|207qckeo(3),||;23958,23958,24064,24064,0,0,0,0,206.121437457274
207qckeo(3),|207qckeo(3),||;23958,23958,24064,24064,0,0,0,0,211.121437457274
207qckeo(3),|207qckeo(3),||;23958,23958,24064,24064,0,0,0,0,216.121437457274
207qckeo(3),|207qckeo(3),||;23958,23958,24064,24064,0,0,0,0,221.121437457274
207qckeo(3),|207qckeo(3),||;23958,23958,24064,24064,0,0,0,0,226.121437457274
207qckeo(3),|207qckeo(3),||;23958,23958,24064,24064,0,0,0,0,231.121437457274
207qckeo(3),|207qckeo(3),||;23958,23958,24064,24064,0,0,0,0,236.121437457274
207qckeo(3),|207qckeo(3),||;23958,23958,24064,24064,0,0,0,0,241.121437457274
207qckeo(3),|207qckeo(3),||;23958,23958,24064,24064,0,0,0,0,246.121437457274
207qckeo(3),|207qckeo(3),||;23958,23958,24064,24064,0,0,0,0,251.121437457274
207qckeo(3),|207qckeo(3),||;23958,23958,24064,24064,0,0,0,0,256.121437457274
207qckeo(3),|207qckeo(3),||;23958,23958,24064,24064,0,0,0,0,261.121437457274
207qckeo(3),|207qckeo(3),||;23958,23958,24064,24064,0,0,0,0,266.121437457274
207qckeo(3),|207qckeo(3),||;23958,23958,24064,24064,0,0,0,0,271.121437457274
207qckeo(3),|207qckeo(3),||;23958,23958,24064,24064,0,0,0,0,276.121437457274
207qckeo(3),|207qckeo(3),||;23958,23958,24064,24064,0,0,0,0,281.121437457274
207qckeo(3),|207qckeo(3),||;23958,23958,24064,24064,0,0,0,0,286.121437457274
207qckeo(3),|207qckeo(3),||;23958,23958,24064,24064,0,0,0,0,291.121437457274
207qckeo(3),|207qckeo(3),||;23958,23958,24064,24064,0,0,0,0,296.121437457274
207qckeo(3),|207qckeo(3),||;23958,23958,24064,24064,0,0,0,0,301.121437457274
207qckeo(3),|207qckeo(3),||;23958,23958,24064,24064,0,0,0,0,306.121437457274
207qckeo(3),|207qckeo(3),||;23958,23958,24064,24064,0,0,0,0,311.121437457274
207qckeo(3),|207qckeo(3),||;23958,23958,24064,24064,0,0,0,0,316.121437457274
207qckeo(3),|207qckeo(3),||;23958,23958,24064,24064,0,0,0,0,321.121437457274
207qckeo(3),|207qckeo(3),||;23958,23958,24064,24064,0,0,0,0,326.121437457274
207qckeo(3),|207qckeo(3),||;23958,23958,24064,24064,0,0,0,0,331.121437457274
207qckeo(3),|207qckeo(3),||;23958,23958,24064,24064,0,0,0,0,336.121437457274
207qckeo(3),|207qckeo(3),||;23958,23958,24064,24064,0,0,0,0,341.121437457274
207qckeo(3),|207qckeo(3),||;23958,23958,24064,24064,0,0,0,0,346.121437457274
207qckeo(3),|207qckeo(3),||;23958,23958,24064,24064,0,0,0,0,351.121437457274
207qckeo(3),|207qckeo(3),||;23958,23958,24064,24064,0,0,0,0,356.121437457274
207qckeo(3),|207qckeo(3),||;23958,23958,24064,24064,0,0,0,0,361.121437457274
207qckeo(3),|207qckeo(3),||;23958,23958,24064,24064,0,0,0,0,366.121437457274
207qckeo(3),|207qckeo(3),||;23958,23958,24064,24064,0,0,0,0,371.121437457274
207qckeo(3),|207qckeo(3),||;23958,23958,24064,24064,0,0,0,0,376.121437457274
207qckeo(3),|207qckeo(3),||;23958,23958,24064,24064,0,0,0,0,381.121437457274
207qckeo(3),|207qckeo(3),||;23958,23958,24064,24064,0,0,0,0,386.121437457274
207qckeo(3),|207qckeo(3),||;23958,23958,24064,24064,0,0,0,0,391.121437457274
207qckeo(3),|207qckeo(3),||;23958,23958,24064,24064,0,0,0,0,396.121437457274
207qckeo(3),|207qckeo(3),||;23958,23958,24064,24064,0,0,0,0,401.121437457274
207qckeo(3),|207qckeo(3),||;23958,23958,24064,24064,0,0,0,0,406.121437457274
207qckeo(3),|207qckeo(3),||;23958,23958,24064,24064,0,0,0,0,411.121437457274
207qckeo(3),|207qckeo(3),||;23958,23958,24064,24064,0,0,0,0,416.121437457274
207qckeo(3),|207qckeo(3),||;23958,23958,24064,24064,0,0,0,0,421.121437457274
207qckeo(3),|207qckeo(3),||;23958,23958,24064,24064,0,0,0,0,426.121437457274
207qckeo(3),|207qckeo(3),||;23958,23958,24064,24064,0,0,0,0,431.121437457274
207qckeo(3),|207qckeo(3),||;23958,23958,24064,24064,0,0,0,0,436.121437457274
207qckeo(3),|207qckeo(3),||;23958,23958,24064,24064,0,0,0,0,441.121437457274
207qckeo(3),|207qckeo(3),||;23958,23958,24064,24064,0,0,0,0,446.121437457274
207qckeo(3),|207qckeo(3),||;23958,23958,24064,24064,0,0,0,0,451.121437457274
207qckeo(3),|207qckeo(3),||;23958,23958,24064,24064,0,0,0,0,456.121437457274
207qckeo(3),|207qckeo(3),||;23958,23958,24064,24064,0,0,0,0,461.121437457274
207qckeo(3),|207qckeo(3),||;23958,23958,24064,24064,0,0,0,0,466.121437457274
207qckeo(3),|207qckeo(3),||;23958,23958,24064,24064,0,0,0,0,471.121437457274
207qckeo(3),|207qckeo(3),||;23958,23958,24064,24064,0,0,0,0,476.121437457274
207qckeo(3),|207qckeo(3),||;23958,23958,24064,24064,0,0,0,0,481.121437457274
207qckeo(3),|207qckeo(3),||;23958,23958,24064,24064,0,0,0,0,486.121437457274
207qckeo(3),|207qckeo(3),||;23958,23958,24064,24064,0,0,0,0,491.121437457274
207qckeo(3),|207qckeo(3),||;23958,23958,24064,24064,0,0,0,0,496.121437457274
207qckeo(3),|207qckeo(3),||;23958,23958,24064,24064,0,0,0,0,501.121437457274
207qckeo(3),|207qckeo(3),||;23958,23958,24064,24064,0,0,0,0,506.121437457274
207qckeo(3),|207qckeo(3),||;23958,23958,24064,24064,0,0,0,0,511.121437457274
207qckeo(3),|207qckeo(3),||;23958,23958,24064,24064,0,0,0,0,516.121437457274
207qckeo(3),|207qckeo(3),||;23958,23958,24064,24064,0,0,0,0,521.121437457274
207qckeo(3),|207qckeo(3),||;23958,23958,24064,24064,0,0,0,0,526.121437457274
207qckeo(3),|207qckeo(3),||;23958,23958,24064,24064,0,0,0,0,531.121437457274
207qckeo(3),|207qckeo(3),||;23958,23958,24064,24064,0,0,0,0,536.121437457274
207qckeo(3),|207qckeo(3),||;23958,23958,24064,24064,0,0,0,0,541.121437457274
207qckeo(3),|207qckeo(3),||;23958,23958,24064,24064,0,0,0,0,546.121437457274
207qckeo(3),|207qckeo(3),||;23958,23958,24064,24064,0,0,0,0,551.121437457274
207qckeo(3),|207qckeo(3),||;23958,23958,24064,24064,0,0,0,0,556.121437457274
207qckeo(3),|207qckeo(3),||;23958,23958,24064,24064,0,0,0,0,561.121437457274
207qckeo(3),|207qckeo(3),||;23958,23958,24064,24064,0,0,0,0,566.121437457274
207qckeo(3),|207qckeo(3),||;23958,23958,24064,24064,0,0,0,0,571.121437457274
207qckeo(3),|207qckeo(3),||;23958,23958,24064,24064,0,0,0,0,576.121437457274
207qckeo(3),|207qckeo(3),||;23958,23958,24064,24064,0,0,0,0,581.121437457274
207qckeo(3),|207qckeo(3),||;23958,23958,24064,24064,0,0,0,0,586.121437457274
207qckeo(3),|207qckeo(3),||;23958,23958,24064,24064,0,0,0,0,591.121437457274
207qckeo(3),|207qckeo(3),||;23958,23958,24064,24064,0,0,0,0,596.121437457274
207qckeo(3),|207qckeo(3),||;23958,23958,24064,24064,0,0,0,0,601.121437457274
207qckeo(3),|207qckeo(3),||;23958,23958,24064,24064,0,0,0,0,606.121437457274
207qckeo(3),|207qckeo(3),||;23958,23958,24064,24064,0,0,0,0,611.121437457274
207qckeo(3),|207qckeo(3),||;23958,23958,24064,24064,0,0,0,0,616.121437457274
207qckeo(3),|207qckeo(3),||;23958,23958,24064,24064,0,0,0,0,621.121437457274
207qckeo(3),|207qckeo(3),||;23958,23958,24064,24064,0,0,0,0,626.121437457274
207qckeo(3),|207qckeo(3),||;23958,23958,24064,24064,0,0,0,0,631.121437457274
207qckeo(3),|207qckeo(3),||;23958,23958,24064,24064,0,0,0,0,636.121437457274
207qckeo(3),|207qckeo(3),||;23958,23958,24064,24064,0,0,0,0,641.121437457274
207qckeo(3),|207qckeo(3),||;23958,23958,24064,24064,0,0,0,0,646.121437457274
207qckeo(3),|207qckeo(3),||;23958,23958,24064,24064,0,0,0,0,651.121437457274
207qckeo(3),|207qckeo(3),||;23958,23958,24064,24064,0,0,0,0,656.121437457274
207qckeo(3),|207qckeo(3),||;23958,23958,24064,24064,0,0,0,0,661.121437457274
207qckeo(3),|207qckeo(3),||;23958,23958,24064,24064,0,0,0,0,666.121437457274
207qckeo(3),|207qckeo(3),||;23958,23958,24064,24064,0,0,0,0,671.121437457274
207qckeo(3),|207qckeo(3),||;23958,23958,24064,24064,0,0,0,0,676.121437457274
207qckeo(3),|207qckeo(3),||;23958,23958,24064,24064,0,0,0,0,681.121437457274
207qckeo(3),|207qckeo(3),||;23958,23958,24064,24064,0,0,0,0,686.121437457274
207qckeo(3),|207qckeo(3),||;23958,23958,24064,24064,0,0,0,0,691.121437457274
207qckeo(3),|207qckeo(3),||;23958,23958,24064,24064,0,0,0,0,696.121437457274
207qckeo(3),|207qckeo(3),||;23958,23958,24064,24064,0,0,0,0,701.121437457274
207qckeo(3),|207qckeo(3),||;23958,23958,24064,24064,0,0,0,0,706.121437457274
207qckeo(3),|207qckeo(3),||;23958,23958,24064,24064,0,0,0,0,711.121437457274
207qckeo(3),|207qckeo(3),||;23958,23958,24064,24064,0,0,0,0,716.121437457274
207qckeo(3),|207qckeo(3),||;23958,23958,24064,24064,0,0,0,0,721.121437457274
207qckeo(3),|207qckeo(3),||;23958,23958,24064,24064,0,0,0,0,726.121437457274
207qckeo(3),|207qckeo(3),||;23958,23958,24064,24064,0,0,0,0,731.121437457274
207qckeo(3),|207qckeo(3),||;23958,23958,24064,24064,0,0,0,0,736.121437457274
207qckeo(3),|207qckeo(3),||;23958,23958,24064,24064,0,0,0,0,741.121437457274
207qckeo(3),|207qckeo(3),||;23958,23958,24064,24064,0,0,0,0,746.121437457274
207qckeo(3),|207qckeo(3),||;23958,23958,24064,24064,0,0,0,0,751.121437457274
207qckeo(3),|207qckeo(3),||;23958,23958,24064,24064,0,0,0,0,756.121437457274
207qckeo(3),|207qckeo(3),||;23958,23958,24064,24064,0,0,0,0,761.121437457274
207qckeo(3),|207qckeo(3),||;23958,23958,24064,24064,0,0,0,0,766.121437457274
207qckeo(3),|207qckeo(3),||;23958,23958,24064,24064,0,0,0,0,771.121437457274
207qckeo(3),|207qckeo(3),||;23958,23958,24064,24064,0,0,0,0,776.121437457274
207qckeo(3),|207qckeo(3),||;23958,23958,24064,24064,0,0,0,0,781.121437457274
207qckeo(3),|207qckeo(3),||;23958,23958,24064,24064,0,0,0,0,786.121437457274
207qckeo(3),|207qckeo(3),||;23958,23958,24064,24064,0,0,0,0,791.121437457274
207qckeo(3),|207qckeo(3),||;23958,23958,24064,24064,0,0,0,0,796.121437457274
207qckeo(3),|207qckeo(3),||;23958,23958,24064,24064,0,0,0,0,801.121437457274
207qckeo(3),|207qckeo(3),||;23958,23958,24064,24064,0,0,0,0,806.121437457274
207qckeo(3),|207qckeo(3),||;23958,23958,24064,24064,0,0,0,0,811.121437457274
207qckeo(3),|207qckeo(3),||;23958,23958,24064,24064,0,0,0,0,816.121437457274
207qckeo(3),|207qckeo(3),||;23958,23958,24064,24064,0,0,0,0,821.121437457274
207qckeo(3),|207qckeo(3),||;23958,23958,24064,24064,0,0,0,0,826.121437457274
207qckeo(3),|207qckeo(3),||;23958,23958,24064,24064,0,0,0,0,831.121437457274
207qckeo(3),|207qckeo(3),||;23958,23958,24064,24064,0,0,0,0,836.121437457274
207qckeo(3),|207qckeo(3),||;23958,23958,24064,24064,0,0,0,0,841.121437457274
207qckeo(3),|207qckeo(3),||;23958,23958,24064,24064,0,0,0,0,846.121437457274
207qckeo(3),|207qckeo(3),||;23958,23958,24064,24064,0,0,0,0,851.121437457274
207qckeo(3),|207qckeo(3),||;23958,23958,24064,24064,0,0,0,0,856.121437457274
207qckeo(3),|207qckeo(3),||;23958,23958,24064,24064,0,0,0,0,861.121437457274
207qckeo(3),|207qckeo(3),||;23958,23958,24064,24064,0,0,0,0,866.121437457274
207qckeo(3),|207qckeo(3),||;23958,23958,24064,24064,0,0,0,0,871.121437457274
207qckeo(3),|207qckeo(3),||;23958,23958,24064,24064,0,0,0,0,876.121437457274
207qckeo(3),|207qckeo(3),||;23958,23958,24064,24064,0,0,0,0,881.121437457274
207qckeo(3),|207qckeo(3),||;23958,23958,24064,24064,0,0,0,0,886.121437457274
207qckeo(3),|207qckeo(3),||;23958,23958,24064,24064,0,0,0,0,891.121437457274
207qckeo(3),|207qckeo(3),||;23958,23958,24064,24064,0,0,0,0,896.121437457274
207qckeo(3),|207qckeo(3),||;23958,23958,24064,24064,0,0,0,0,901.121437457274
207qckeo(3),|207qckeo(3),||;23958,23958,24064,24064,0,0,0,0,906.121437457274
207qckeo(3),|207qckeo(3),||;23958,23958,24064,24064,0,0,0,0,911.121437457274
207qckeo(3),|207qckeo(3),||;23958,23958,24064,24064,0,0,0,0,916.121437457274
207qckeo(3),|207qckeo(3),||;23958,23958,24064,24064,0,0,0,0,921.121437457274
207qckeo(3),|207qckeo(3),||;23958,23958,24064,24064,0,0,0,0,926.121437457274
207qckeo(3),|207qckeo(3),||;23958,23958,24064,24064,0,0,0,0,931.121437457274
207qckeo(3),|207qckeo(3),||;23958,23958,24064,24064,0,0,0,0,936.121437457274
207qckeo(3),|207qckeo(3),||;23958,23958,24064,24064,0,0,0,0,941.121437457274
207qckeo(3),|207qckeo(3),||;23958,23958,24064,24064,0,0,0,0,946.121437457274
207qckeo(3),|207qckeo(3),||;23958,23958,24064,24064,0,0,0,0,951.121437457274
207qckeo(3),|207qckeo(3),||;23958,23958,24064,24064,0,0,0,0,956.121437457274
207qckeo(3),|207qckeo(3),||;23958,23958,24064,24064,0,0,0,0,961.121437457274
207qckeo(3),|207qckeo(3),||;23958,23958,24064,24064,0,0,0,0,966.121437457274
207qckeo(3),|207qckeo(3),||;23958,23958,24064,24064,0,0,0,0,971.121437457274
207qckeo(3),|207qckeo(3),||;23958,23958,24064,24064,0,0,0,0,976.121437457274
207qckeo(3),|207qckeo(3),||;23958,23958,24064,24064,0,0,0,0,981.121437457274
207qckeo(3),|207qckeo(3),||;23958,23958,24064,24064,0,0,0,0,986.121437457274
207qckeo(3),|207qckeo(3),||;23958,23958,24064,24064,0,0,0,0,991.121437457274
207qckeo(3),|207qckeo(3),||;23958,23958,24064,24064,0,0,0,0,996.121437457274
207qckeo(3),|207qckeo(3),||;23958,23958,24064,24064,0,0,0,0,1001.121437457274
207qckeo(3),|207qckeo(3),||;23958,23958,24064,24064,0,0,0,0,1006.121437457274
207qckeo(3),|207qckeo(3),||;23958,23958,24064,24064,0,0,0,0,1011.121437457274
207qckeo(3),|207qckeo(3),||;23958,23958,24064,24064,0,0,0,0,1016.121437457274
207qckeo(3),|207qckeo(3),||;23958,23958,24064,24064,0,0,0,0,1021.121437457274
207qckeo(3),|207qckeo(3),||;23958,23958,24064,24064,0,0,0,0,1026.121437457274
207qckeo(3),|207qckeo(3),||;23958,23958,24064,24064,0,0,0,0,1031.121437457274
207qckeo(3),|207qckeo(3),||;23958,23958,24064,24064,0,0,0,0,1036.121437457274
207qckeo(3),|207qckeo(3),||;23958,23958,24064,24064,0,0,0,0,1041.121437457274
207qckeo(3),|207qckeo(3),||;23958,23958,24064,24064,0,0,0,0,1046.121437457274
207qckeo(3),|207qckeo(3),||;23958,23958,24064,24064,0,0,0,0,1051.121437457274
207qckeo(3),|207qckeo(3),||;23958,23958,24064,24064,0,0,0,0,1056.121437457274
207qckeo(3),|207qckeo(3),||;23958,23958,24064,24064,0,0,0,0,1061.121437457274
207qckeo(3),|207qckeo(3),||;23958,23958,24064,24064,0,0,0,0,1066.121437457274
207qckeo(3),|207qckeo(3),||;23958,23958,24064,24064,0,0,0,0,1071.121437457274
207qckeo(3),|207qckeo(3),||;23958,23958,24064,24064,0,0,0,0,1076.121437457274
207qckeo(3),|207qckeo(3),||;23958,23958,24064,24064,0,0,0,0,1081.121437457274
207qckeo(3),|207qckeo(3),||;23958,23958,24064,24064,0,0,0,0,1086.121437457274
207qckeo(3),|207qckeo(3),||;23958,23958,24064,24064,0,0,0,0,1091.121437457274
207qckeo(3),|207qckeo(3),||;23958,23958,24064,24064,0,0,0,0,1096.121437457274
207qckeo(3),|207qckeo(3),||;23958,23958,24064,24064,0,0,0,0,1101.121437457274
207qckeo(3),|207qckeo(3),||;23958,23958,24064,24064,0,0,0,0,1106.121437457274
207qckeo(3),|207qckeo(3),||;23958,23958,24064,24064,0,0,0,0,1111.121437457274
207qckeo(3),|207qckeo(3),||;23958,23958,24064,24064,0,0,0,0,1116.121437457274
207qckeo(3),|207qckeo(3),||;23958,23958,24064,24064,0,0,0,0,1121.121437457274
207qckeo(3),|207qckeo(3),||;23958,23958,24064,24064,0,0,0,0,1126.121437457274
207qckeo(3),|207qckeo(3),||;23958,23958,24064,24064,0,0,0,0,1131.121437457274
207qckeo(3),|207qckeo(3),||;23958,23958,24064,24064,0,0,0,0,1136.121437457274
207qckeo(3),|207qckeo(3),||;23958,23958,24064,24064,0,0,0,0,1141.121437457274
207qckeo(3),|207qckeo(3),||;23958,23958,24064,24064,0,0,0,0,1146.121437457274
207qckeo(3),|207qckeo(3),||;23958,23958,24064,24064,0,0,0,0,1151.121437457274
207qckeo(3),|207qckeo(3),||;23958,23958,24064,24064,0,0,0,0,1156.121437457274
207qckeo(3),|207qckeo(3),||;23958,23958,24064,24064,0,0,0,0,1161.121437457274
207qckeo(3),|207qckeo(3),||;23958,23958,24064,24064,0,0,0,0,1166.121437457274
207qckeo(3),|207qckeo(3),||;23958,23958,24064,24064,0,0,0,0,1171.121437457274
207qckeo(3),|207qckeo(3),||;23958,23958,24064,24064,0,0,0,0,1176.121437457274
207qckeo(3),|207qckeo(3),||;23958,23958,24064,24064,0,0,0,0,1181.121437457274
207qckeo(3),546cxilv(0),|207qckeo(3),546cxilv(0),|546cxilv(0),|546cxilv(0),;21615.6,21615.6,21721.6,21721.6,13.653780866197,13.653780866197,13.653780866197,13.653780866197,1186.121437457274
207qckeo(3),546cxilv(2),|207qckeo(3),546cxilv(2),|546cxilv(2),|546cxilv(2),;21615.6,21615.6,21721.6,21721.6,8.653780866197,8.653780866197,8.653780866197,8.653780866197,1191.121437457274
207qckeo(3),546cxilv(2),|207qckeo(3),546cxilv(2),|546cxilv(2),|546cxilv(2),;21615.6,21615.6,21721.6,21721.6,3.653780866197,3.653780866197,3.653780866197,3.653780866197,1196.121437457274
207qckeo(3),546cxilv(3),|207qckeo(3),546cxilv(3),|546cxilv(3),|546cxilv(3),;21615.6,21615.6,21721.6,21721.6,0,0,0,0,1201.121437457274
207qckeo(3),546cxilv(3),|207qckeo(3),546cxilv(3),|546cxilv(3),|546cxilv(3),;21615.6,21615.6,21721.6,21721.6,0,0,0,0,1206.121437457274
207qckeo(3),546cxilv(3),|207qckeo(3),546cxilv(3),|546cxilv(3),|546cxilv(3),;21615.6,21615.6,21721.6,21721.6,0,0,0,0,1211.121437457274
207qckeo(3),546cxilv(3),|207qckeo(3),546cxilv(3),|546cxilv(3),|546cxilv(3),;21615.6,21615.6,21721.6,21721.6,0,0,0,0,1216.121437457274
207qckeo(3),546cxilv(3),|207qckeo(3),546cxilv(3),|546cxilv(3),|546cxilv(3),;21615.6,21615.6,21721.6,21721.6,0,0,0,0,1221.121437457274
207qckeo(3),546cxilv(3),|207qckeo(3),546cxilv(3),|546cxilv(3),|546cxilv(3),;21615.6,21615.6,21721.6,21721.6,0,0,0,0,1226.121437457274
207qckeo(3),546cxilv(3),|207qckeo(3),546cxilv(3),|546cxilv(3),|546cxilv(3),;21615.6,21615.6,21721.6,21721.6,0,0,0,0,1231.121437457274
207qckeo(3),546cxilv(3),|207qckeo(3),546cxilv(3),|546cxilv(3),|546cxilv(3),;21615.6,21615.6,21721.6,21721.6,0,0,0,0,1236.121437457274
207qckeo(3),546cxilv(3),|207qckeo(3),546cxilv(3),|546cxilv(3),|546cxilv(3),;21615.6,21615.6,21721.6,21721.6,0,0,0,0,1241.121437457274
207qckeo(3),546cxilv(3),|207qckeo(3),546cxilv(3),|546cxilv(3),|546cxilv(3),;21615.6,21615.6,21721.6,21721.6,0,0,0,0,1246.121437457274
207qckeo(3),546cxilv(3),|207qckeo(3),546cxilv(3),|546cxilv(3),|546cxilv(3),;21615.6,21615.6,21721.6,21721.6,0,0,0,0,1251.121437457274
207qckeo(3),546cxilv(3),|207qckeo(3),546cxilv(3),|546cxilv(3),|546cxilv(3),;21615.6,21615.6,21721.6,21721.6,0,0,0,0,1256.121437457274
207qckeo(3),546cxilv(3),|207qckeo(3),546cxilv(3),|546cxilv(3),|546cxilv(3),;21615.6,21615.6,21721.6,21721.6,0,0,0,0,1261.121437457274
207qckeo(3),546cxilv(3),|207qckeo(3),546cxilv(3),|546cxilv(3),|546cxilv(3),;21615.6,21615.6,21721.6,21721.6,0,0,0,0,1266.121437457274
207qckeo(3),546cxilv(3),|207qckeo(3),546cxilv(3),|546cxilv(3),|546cxilv(3),;21615.6,21615.6,21721.6,21721.6,0,0,0,0,1271.121437457274
207qckeo(3),546cxilv(3),|207qckeo(3),546cxilv(3),|546cxilv(3),|546cxilv(3),;21615.6,21615.6,21721.6,21721.6,0,0,0,0,1276.121437457274
207qckeo(3),546cxilv(3),|207qckeo(3),546cxilv(3),|546cxilv(3),|546cxilv(3),;21615.6,21615.6,21721.6,21721.6,0,0,0,0,1281.121437457274
207qckeo(3),546cxilv(3),|207qckeo(3),546cxilv(3),|546cxilv(3),|546cxilv(3),;21615.6,21615.6,21721.6,21721.6,0,0,0,0,1286.121437457274
207qckeo(3),546cxilv(3),|207qckeo(3),546cxilv(3),|546cxilv(3),|546cxilv(3),;21615.6,21615.6,21721.6,21721.6,0,0,0,0,1291.121437457274
207qckeo(3),546cxilv(3),|207qckeo(3),546cxilv(3),|546cxilv(3),|546cxilv(3),;21615.6,21615.6,21721.6,21721.6,0,0,0,0,1296.121437457274
207qckeo(3),546cxilv(3),|207qckeo(3),546cxilv(3),|546cxilv(3),|546cxilv(3),;21615.6,21615.6,21721.6,21721.6,0,0,0,0,1301.121437457274
207qckeo(3),546cxilv(3),|207qckeo(3),546cxilv(3),|546cxilv(3),|546cxilv(3),;21615.6,21615.6,21721.6,21721.6,0,0,0,0,1306.121437457274
207qckeo(3),546cxilv(3),|207qckeo(3),546cxilv(3),|546cxilv(3),|546cxilv(3),;21615.6,21615.6,21721.6,21721.6,0,0,0,0,1311.121437457274
207qckeo(3),546cxilv(3),|207qckeo(3),546cxilv(3),|546cxilv(3),|546cxilv(3),;21615.6,21615.6,21721.6,21721.6,0,0,0,0,1316.121437457274
207qckeo(3),546cxilv(3),|207qckeo(3),546cxilv(3),|546cxilv(3),|546cxilv(3),;21615.6,21615.6,21721.6,21721.6,0,0,0,0,1321.121437457274
207qckeo(3),546cxilv(3),|207qckeo(3),546cxilv(3),|546cxilv(3),|546cxilv(3),;21615.6,21615.6,21721.6,21721.6,0,0,0,0,1326.121437457274
207qckeo(3),546cxilv(3),|207qckeo(3),546cxilv(3),|546cxilv(3),|546cxilv(3),;21615.6,21615.6,21721.6,21721.6,0,0,0,0,1331.121437457274
207qckeo(3),546cxilv(3),|207qckeo(3),546cxilv(3),|546cxilv(3),|546cxilv(3),;21615.6,21615.6,21721.6,21721.6,0,0,0,0,1336.121437457274
207qckeo(3),546cxilv(3),|207qckeo(3),546cxilv(3),|546cxilv(3),|546cxilv(3),;21615.6,21615.6,21721.6,21721.6,0,0,0,0,1341.121437457274
207qckeo(3),546cxilv(3),|207qckeo(3),546cxilv(3),|546cxilv(3),|546cxilv(3),;21615.6,21615.6,21721.6,21721.6,0,0,0,0,1346.121437457274
207qckeo(3),546cxilv(3),|207qckeo(3),546cxilv(3),|546cxilv(3),|546cxilv(3),;21615.6,21615.6,21721.6,21721.6,0,0,0,0,1351.121437457274
207qckeo(3),546cxilv(3),|207qckeo(3),546cxilv(3),|546cxilv(3),|546cxilv(3),;21615.6,21615.6,21721.6,21721.6,0,0,0,0,1356.121437457274
207qckeo(3),546cxilv(3),|207qckeo(3),546cxilv(3),|546cxilv(3),|546cxilv(3),;21615.6,21615.6,21721.6,21721.6,0,0,0,0,1361.121437457274
207qckeo(3),546cxilv(3),|207qckeo(3),546cxilv(3),|546cxilv(3),|546cxilv(3),;21615.6,21615.6,21721.6,21721.6,0,0,0,0,1366.121437457274
207qckeo(3),546cxilv(3),|207qckeo(3),546cxilv(3),|546cxilv(3),|546cxilv(3),;21615.6,21615.6,21721.6,21721.6,0,0,0,0,1371.121437457274
207qckeo(3),546cxilv(3),|207qckeo(3),546cxilv(3),|546cxilv(3),|546cxilv(3),;21615.6,21615.6,21721.6,21721.6,0,0,0,0,1376.121437457274
207qckeo(3),546cxilv(3),|207qckeo(3),546cxilv(3),|546cxilv(3),|546cxilv(3),;21615.6,21615.6,21721.6,21721.6,0,0,0,0,1381.121437457274
207qckeo(3),546cxilv(3),|207qckeo(3),546cxilv(3),|546cxilv(3),|546cxilv(3),;21615.6,21615.6,21721.6,21721.6,0,0,0,0,1386.121437457274
207qckeo(3),546cxilv(3),|207qckeo(3),546cxilv(3),|546cxilv(3),|546cxilv(3),;21615.6,21615.6,21721.6,21721.6,0,0,0,0,1391.121437457274
207qckeo(3),546cxilv(3),|207qckeo(3),546cxilv(3),|546cxilv(3),|546cxilv(3),;21615.6,21615.6,21721.6,21721.6,0,0,0,0,1396.121437457274
207qckeo(3),546cxilv(3),|207qckeo(3),546cxilv(3),|546cxilv(3),|546cxilv(3),;21615.6,21615.6,21721.6,21721.6,0,0,0,0,1401.121437457274
207qckeo(3),546cxilv(3),|207qckeo(3),546cxilv(3),|546cxilv(3),|546cxilv(3),;21615.6,21615.6,21721.6,21721.6,0,0,0,0,1406.121437457274
207qckeo(3),546cxilv(3),|207qckeo(3),546cxilv(3),|546cxilv(3),|546cxilv(3),;21615.6,21615.6,21721.6,21721.6,0,0,0,0,1411.121437457274
207qckeo(3),546cxilv(3),|207qckeo(3),546cxilv(3),|546cxilv(3),|546cxilv(3),;21615.6,21615.6,21721.6,21721.6,0,0,0,0,1416.121437457274
207qckeo(3),546cxilv(3),|207qckeo(3),546cxilv(3),|546cxilv(3),|546cxilv(3),;21615.6,21615.6,21721.6,21721.6,0,0,0,0,1421.121437457274
207qckeo(3),546cxilv(3),|207qckeo(3),546cxilv(3),|546cxilv(3),|546cxilv(3),;21615.6,21615.6,21721.6,21721.6,0,0,0,0,1426.121437457274
207qckeo(3),546cxilv(3),|207qckeo(3),546cxilv(3),|546cxilv(3),|546cxilv(3),;21615.6,21615.6,21721.6,21721.6,0,0,0,0,1431.121437457274
207qckeo(3),546cxilv(3),|207qckeo(3),546cxilv(3),|546cxilv(3),|546cxilv(3),;21615.6,21615.6,21721.6,21721.6,0,0,0,0,1436.121437457274
207qckeo(3),546cxilv(3),|207qckeo(3),546cxilv(3),|546cxilv(3),|546cxilv(3),;21615.6,21615.6,21721.6,21721.6,0,0,0,0,1441.121437457274
207qckeo(3),546cxilv(3),|207qckeo(3),546cxilv(3),|546cxilv(3),|546cxilv(3),;21615.6,21615.6,21721.6,21721.6,0,0,0,0,1446.121437457274
207qckeo(3),546cxilv(3),|207qckeo(3),546cxilv(3),|546cxilv(3),|546cxilv(3),;21615.6,21615.6,21721.6,21721.6,0,0,0,0,1451.121437457274
207qckeo(3),546cxilv(3),|207qckeo(3),546cxilv(3),|546cxilv(3),|546cxilv(3),;21615.6,21615.6,21721.6,21721.6,0,0,0,0,1456.121437457274
207qckeo(3),546cxilv(3),|207qckeo(3),546cxilv(3),|546cxilv(3),|546cxilv(3),;21615.6,21615.6,21721.6,21721.6,0,0,0,0,1461.121437457274
207qckeo(3),546cxilv(3),|207qckeo(3),546cxilv(3),|546cxilv(3),|546cxilv(3),;21615.6,21615.6,21721.6,21721.6,0,0,0,0,1466.121437457274
207qckeo(3),546cxilv(3),|207qckeo(3),546cxilv(3),|546cxilv(3),|546cxilv(3),;21615.6,21615.6,21721.6,21721.6,0,0,0,0,1471.121437457274
207qckeo(3),546cxilv(3),|207qckeo(3),546cxilv(3),|546cxilv(3),|546cxilv(3),;21615.6,21615.6,21721.6,21721.6,0,0,0,0,1476.121437457274
207qckeo(3),546cxilv(3),|207qckeo(3),546cxilv(3),|546cxilv(3),|546cxilv(3),;21615.6,21615.6,21721.6,21721.6,0,0,0,0,1481.121437457274
207qckeo(3),546cxilv(3),|207qckeo(3),546cxilv(3),|546cxilv(3),|546cxilv(3),;21615.6,21615.6,21721.6,21721.6,0,0,0,0,1486.121437457274
207qckeo(3),546cxilv(3),|207qckeo(3),546cxilv(3),|546cxilv(3),|546cxilv(3),;21615.6,21615.6,21721.6,21721.6,0,0,0,0,1491.121437457274
207qckeo(3),546cxilv(3),|207qckeo(3),546cxilv(3),|546cxilv(3),|546cxilv(3),;21615.6,21615.6,21721.6,21721.6,0,0,0,0,1496.121437457274
207qckeo(3),546cxilv(3),|207qckeo(3),546cxilv(3),|546cxilv(3),|546cxilv(3),;21615.6,21615.6,21721.6,21721.6,0,0,0,0,1501.121437457274
207qckeo(3),546cxilv(3),|207qckeo(3),546cxilv(3),|546cxilv(3),|546cxilv(3),;21615.6,21615.6,21721.6,21721.6,0,0,0,0,1506.121437457274
207qckeo(3),546cxilv(3),|207qckeo(3),546cxilv(3),|546cxilv(3),|546cxilv(3),;21615.6,21615.6,21721.6,21721.6,0,0,0,0,1511.121437457274
207qckeo(3),546cxilv(3),|207qckeo(3),546cxilv(3),|546cxilv(3),|546cxilv(3),;21615.6,21615.6,21721.6,21721.6,0,0,0,0,1516.121437457274
207qckeo(3),546cxilv(3),|207qckeo(3),546cxilv(3),|546cxilv(3),|546cxilv(3),;21615.6,21615.6,21721.6,21721.6,0,0,0,0,1521.121437457274
207qckeo(3),546cxilv(3),|207qckeo(3),546cxilv(3),|546cxilv(3),|546cxilv(3),;21615.6,21615.6,21721.6,21721.6,0,0,0,0,1526.121437457274
207qckeo(3),546cxilv(3),|207qckeo(3),546cxilv(3),|546cxilv(3),|546cxilv(3),;21615.6,21615.6,21721.6,21721.6,0,0,0,0,1531.121437457274
207qckeo(3),546cxilv(3),|207qckeo(3),546cxilv(3),|546cxilv(3),|546cxilv(3),;21615.6,21615.6,21721.6,21721.6,0,0,0,0,1536.121437457274
207qckeo(3),546cxilv(3),|207qckeo(3),546cxilv(3),|546cxilv(3),|546cxilv(3),;21615.6,21615.6,21721.6,21721.6,0,0,0,0,1541.121437457274
207qckeo(3),546cxilv(3),|207qckeo(3),546cxilv(3),|546cxilv(3),|546cxilv(3),;21615.6,21615.6,21721.6,21721.6,0,0,0,0,1546.121437457274
207qckeo(3),546cxilv(3),|207qckeo(3),546cxilv(3),|546cxilv(3),|546cxilv(3),;21615.6,21615.6,21721.6,21721.6,0,0,0,0,1551.121437457274
207qckeo(3),546cxilv(3),|207qckeo(3),546cxilv(3),|546cxilv(3),|546cxilv(3),;21615.6,21615.6,21721.6,21721.6,0,0,0,0,1556.121437457274
207qckeo(3),546cxilv(3),|207qckeo(3),546cxilv(3),|546cxilv(3),|546cxilv(3),;21615.6,21615.6,21721.6,21721.6,0,0,0,0,1561.121437457274
207qckeo(3),546cxilv(3),|207qckeo(3),546cxilv(3),|546cxilv(3),|546cxilv(3),;21615.6,21615.6,21721.6,21721.6,0,0,0,0,1566.121437457274
207qckeo(3),546cxilv(3),401hwlxk(0),|207qckeo(3),546cxilv(3),401hwlxk(0),|546cxilv(3),401hwlxk(0),|546cxilv(3),401hwlxk(0),;19913.2,19913.2,20019.2,20019.2,11.688290935551,11.688290935551,11.688290935551,11.688290935551,1571.121437457274
207qckeo(3),546cxilv(3),401hwlxk(2),|207qckeo(3),546cxilv(3),401hwlxk(2),|546cxilv(3),401hwlxk(2),|546cxilv(3),401hwlxk(2),;19913.2,19913.2,20019.2,20019.2,6.688290935551,6.688290935551,6.688290935551,6.688290935551,1576.121437457274
207qckeo(3),546cxilv(3),401hwlxk(2),|207qckeo(3),546cxilv(3),401hwlxk(2),|546cxilv(3),401hwlxk(2),|546cxilv(3),401hwlxk(2),;19913.2,19913.2,20019.2,20019.2,1.688290935551,1.688290935551,1.688290935551,1.688290935551,1581.121437457274
207qckeo(3),546cxilv(3),401hwlxk(3),|207qckeo(3),546cxilv(3),401hwlxk(3),|546cxilv(3),401hwlxk(3),|546cxilv(3),401hwlxk(3),;19913.2,19913.2,20019.2,20019.2,0,0,0,0,1586.121437457274
207qckeo(3),546cxilv(3),401hwlxk(3),|207qckeo(3),546cxilv(3),401hwlxk(3),|546cxilv(3),401hwlxk(3),|546cxilv(3),401hwlxk(3),;19913.2,19913.2,20019.2,20019.2,0,0,0,0,1591.121437457274
207qckeo(3),546cxilv(3),401hwlxk(3),|207qckeo(3),546cxilv(3),401hwlxk(3),|546cxilv(3),401hwlxk(3),|546cxilv(3),401hwlxk(3),;19913.2,19913.2,20019.2,20019.2,0,0,0,0,1596.121437457274
207qckeo(3),546cxilv(3),401hwlxk(3),|207qckeo(3),546cxilv(3),401hwlxk(3),|546cxilv(3),401hwlxk(3),|546cxilv(3),401hwlxk(3),;19913.2,19913.2,20019.2,20019.2,0,0,0,0,1601.121437457274
207qckeo(3),546cxilv(3),401hwlxk(3),|207qckeo(3),546cxilv(3),401hwlxk(3),|546cxilv(3),401hwlxk(3),|546cxilv(3),401hwlxk(3),;19913.2,19913.2,20019.2,20019.2,0,0,0,0,1606.121437457274
207qckeo(3),546cxilv(3),401hwlxk(3),|207qckeo(3),546cxilv(3),401hwlxk(3),|546cxilv(3),401hwlxk(3),|546cxilv(3),401hwlxk(3),;19913.2,19913.2,20019.2,20019.2,0,0,0,0,1611.121437457274
207qckeo(3),546cxilv(3),401hwlxk(3),|207qckeo(3),546cxilv(3),401hwlxk(3),|546cxilv(3),401hwlxk(3),|546cxilv(3),401hwlxk(3),;19913.2,19913.2,20019.2,20019.2,0,0,0,0,1616.121437457274
207qckeo(3),546cxilv(3),401hwlxk(3),|207qckeo(3),546cxilv(3),401hwlxk(3),|546cxilv(3),401hwlxk(3),|546cxilv(3),401hwlxk(3),;19913.2,19913.2,20019.2,20019.2,0,0,0,0,1621.121437457274
207qckeo(3),546cxilv(3),401hwlxk(3),|207qckeo(3),546cxilv(3),401hwlxk(3),|546cxilv(3),401hwlxk(3),|546cxilv(3),401hwlxk(3),;19913.2,19913.2,20019.2,20019.2,0,0,0,0,1626.121437457274
207qckeo(3),546cxilv(3),401hwlxk(3),|207qckeo(3),546cxilv(3),401hwlxk(3),|546cxilv(3),401hwlxk(3),|546cxilv(3),401hwlxk(3),;19913.2,19913.2,20019.2,20019.2,0,0,0,0,1631.121437457274
207qckeo(3),546cxilv(3),401hwlxk(3),|207qckeo(3),546cxilv(3),401hwlxk(3),|546cxilv(3),401hwlxk(3),|546cxilv(3),401hwlxk(3),;19913.2,19913.2,20019.2,20019.2,0,0,0,0,1636.121437457274
207qckeo(3),546cxilv(3),401hwlxk(3),|207qckeo(3),546cxilv(3),401hwlxk(3),|546cxilv(3),401hwlxk(3),|546cxilv(3),401hwlxk(3),;19913.2,19913.2,20019.2,20019.2,0,0,0,0,1641.121437457274
207qckeo(3),546cxilv(3),401hwlxk(3),|207qckeo(3),546cxilv(3),401hwlxk(3),|546cxilv(3),401hwlxk(3),|546cxilv(3),401hwlxk(3),;19913.2,19913.2,20019.2,20019.2,0,0,0,0,1646.121437457274
207qckeo(3),546cxilv(3),401hwlxk(3),|207qckeo(3),546cxilv(3),401hwlxk(3),|546cxilv(3),401hwlxk(3),|546cxilv(3),401hwlxk(3),;19913.2,19913.2,20019.2,20019.2,0,0,0,0,1651.121437457274
207qckeo(3),546cxilv(3),401hwlxk(3),|207qckeo(3),546cxilv(3),401hwlxk(3),|546cxilv(3),401hwlxk(3),|546cxilv(3),401hwlxk(3),;19913.2,19913.2,20019.2,20019.2,0,0,0,0,1656.121437457274
207qckeo(3),546cxilv(3),401hwlxk(3),|207qckeo(3),546cxilv(3),401hwlxk(3),|546cxilv(3),401hwlxk(3),|546cxilv(3),401hwlxk(3),;19913.2,19913.2,20019.2,20019.2,0,0,0,0,1661.121437457274
207qckeo(3),546cxilv(3),401hwlxk(3),|207qckeo(3),546cxilv(3),401hwlxk(3),|546cxilv(3),401hwlxk(3),|546cxilv(3),401hwlxk(3),;19913.2,19913.2,20019.2,20019.2,0,0,0,0,1666.121437457274
207qckeo(3),546cxilv(3),401hwlxk(3),|207qckeo(3),546cxilv(3),401hwlxk(3),|546cxilv(3),401hwlxk(3),|546cxilv(3),401hwlxk(3),;19913.2,19913.2,20019.2,20019.2,0,0,0,0,1671.121437457274
207qckeo(3),546cxilv(3),401hwlxk(3),|207qckeo(3),546cxilv(3),401hwlxk(3),|546cxilv(3),401hwlxk(3),|546cxilv(3),401hwlxk(3),;19913.2,19913.2,20019.2,20019.2,0,0,0,0,1676.121437457274
207qckeo(3),546cxilv(3),401hwlxk(3),|207qckeo(3),546cxilv(3),401hwlxk(3),|546cxilv(3),401hwlxk(3),|546cxilv(3),401hwlxk(3),;19913.2,19913.2,20019.2,20019.2,0,0,0,0,1681.121437457274
207qckeo(3),546cxilv(3),401hwlxk(3),|207qckeo(3),546cxilv(3),401hwlxk(3),|546cxilv(3),401hwlxk(3),|546cxilv(3),401hwlxk(3),;19913.2,19913.2,20019.2,20019.2,0,0,0,0,1686.121437457274
207qckeo(3),546cxilv(3),401hwlxk(3),|207qckeo(3),546cxilv(3),401hwlxk(3),|546cxilv(3),401hwlxk(3),|546cxilv(3),401hwlxk(3),;19913.2,19913.2,20019.2,20019.2,0,0,0,0,1691.121437457274
207qckeo(3),546cxilv(3),401hwlxk(3),|207qckeo(3),546cxilv(3),401hwlxk(3),|546cxilv(3),401hwlxk(3),|546cxilv(3),401hwlxk(3),;19913.2,19913.2,20019.2,20019.2,0,0,0,0,1696.121437457274
207qckeo(3),546cxilv(3),401hwlxk(3),|207qckeo(3),546cxilv(3),401hwlxk(3),|546cxilv(3),401hwlxk(3),|546cxilv(3),401hwlxk(3),;19913.2,19913.2,20019.2,20019.2,0,0,0,0,1701.121437457274
207qckeo(3),546cxilv(3),401hwlxk(3),|207qckeo(3),546cxilv(3),401hwlxk(3),|546cxilv(3),401hwlxk(3),|546cxilv(3),401hwlxk(3),;19913.2,19913.2,20019.2,20019.2,0,0,0,0,1706.121437457274
207qckeo(3),546cxilv(3),401hwlxk(3),|207qckeo(3),546cxilv(3),401hwlxk(3),|546cxilv(3),401hwlxk(3),|546cxilv(3),401hwlxk(3),;19913.2,19913.2,20019.2,20019.2,0,0,0,0,1711.121437457274
207qckeo(3),546cxilv(3),401hwlxk(3),|207qckeo(3),546cxilv(3),401hwlxk(3),|546cxilv(3),401hwlxk(3),|546cxilv(3),401hwlxk(3),;19913.2,19913.2,20019.2,20019.2,0,0,0,0,1716.121437457274
207qckeo(3),546cxilv(3),401hwlxk(3),|207qckeo(3),546cxilv(3),401hwlxk(3),|546cxilv(3),401hwlxk(3),|546cxilv(3),401hwlxk(3),;19913.2,19913.2,20019.2,20019.2,0,0,0,0,1721.121437457274
207qckeo(3),546cxilv(3),401hwlxk(3),|207qckeo(3),546cxilv(3),401hwlxk(3),|546cxilv(3),401hwlxk(3),|546cxilv(3),401hwlxk(3),;19913.2,19913.2,20019.2,20019.2,0,0,0,0,1726.121437457274
207qckeo(3),546cxilv(3),401hwlxk(3),|207qckeo(3),546cxilv(3),401hwlxk(3),|546cxilv(3),401hwlxk(3),|546cxilv(3),401hwlxk(3),;19913.2,19913.2,20019.2,20019.2,0,0,0,0,1731.121437457274
207qckeo(3),546cxilv(3),401hwlxk(3),|207qckeo(3),546cxilv(3),401hwlxk(3),|546cxilv(3),401hwlxk(3),|546cxilv(3),401hwlxk(3),;19913.2,19913.2,20019.2,20019.2,0,0,0,0,1736.121437457274
207qckeo(3),546cxilv(3),401hwlxk(3),|207qckeo(3),546cxilv(3),401hwlxk(3),|546cxilv(3),401hwlxk(3),|546cxilv(3),401hwlxk(3),;19913.2,19913.2,20019.2,20019.2,0,0,0,0,1741.121437457274
207qckeo(3),546cxilv(3),401hwlxk(3),|207qckeo(3),546cxilv(3),401hwlxk(3),|546cxilv(3),401hwlxk(3),|546cxilv(3),401hwlxk(3),;19913.2,19913.2,20019.2,20019.2,0,0,0,0,1746.121437457274
207qckeo(3),546cxilv(3),401hwlxk(3),|207qckeo(3),546cxilv(3),401hwlxk(3),|546cxilv(3),401hwlxk(3),|546cxilv(3),401hwlxk(3),;19913.2,19913.2,20019.2,20019.2,0,0,0,0,1751.121437457274
207qckeo(3),546cxilv(3),401hwlxk(3),|207qckeo(3),546cxilv(3),401hwlxk(3),|546cxilv(3),401hwlxk(3),|546cxilv(3),401hwlxk(3),;19913.2,19913.2,20019.2,20019.2,0,0,0,0,1756.121437457274
207qckeo(3),546cxilv(3),401hwlxk(3),|207qckeo(3),546cxilv(3),401hwlxk(3),|546cxilv(3),401hwlxk(3),|546cxilv(3),401hwlxk(3),;19913.2,19913.2,20019.2,20019.2,0,0,0,0,1761.121437457274
207qckeo(3),546cxilv(3),401hwlxk(3),|207qckeo(3),546cxilv(3),401hwlxk(3),|546cxilv(3),401hwlxk(3),|546cxilv(3),401hwlxk(3),;19913.2,19913.2,20019.2,20019.2,0,0,0,0,1766.121437457274
207qckeo(3),546cxilv(3),401hwlxk(3),|207qckeo(3),546cxilv(3),401hwlxk(3),|546cxilv(3),401hwlxk(3),|546cxilv(3),401hwlxk(3),;19913.2,19913.2,20019.2,20019.2,0,0,0,0,1771.121437457274
207qckeo(3),546cxilv(3),401hwlxk(3),|207qckeo(3),546cxilv(3),401hwlxk(3),|546cxilv(3),401hwlxk(3),|546cxilv(3),401hwlxk(3),;19913.2,19913.2,20019.2,20019.2,0,0,0,0,1776.121437457274
207qckeo(3),401hwlxk(3),|207qckeo(3),401hwlxk(3),|401hwlxk(3),|401hwlxk(3),;22255.6,22255.6,22361.6,22361.6,0,0,0,0,1781.121437457274
207qckeo(3),401hwlxk(3),|207qckeo(3),401hwlxk(3),|401hwlxk(3),|401hwlxk(3),;22255.6,22255.6,22361.6,22361.6,0,0,0,0,1786.121437457274
207qckeo(3),401hwlxk(3),|207qckeo(3),401hwlxk(3),|401hwlxk(3),|401hwlxk(3),;22255.6,22255.6,22361.6,22361.6,0,0,0,0,1791.121437457274
207qckeo(3),401hwlxk(3),|207qckeo(3),401hwlxk(3),|401hwlxk(3),|401hwlxk(3),;22255.6,22255.6,22361.6,22361.6,0,0,0,0,1796.121437457274
207qckeo(3),401hwlxk(3),|207qckeo(3),401hwlxk(3),|401hwlxk(3),|401hwlxk(3),;22255.6,22255.6,22361.6,22361.6,0,0,0,0,1801.121437457274
207qckeo(3),401hwlxk(3),|207qckeo(3),401hwlxk(3),|401hwlxk(3),|401hwlxk(3),;22255.6,22255.6,22361.6,22361.6,0,0,0,0,1806.121437457274
207qckeo(3),401hwlxk(3),|207qckeo(3),401hwlxk(3),|401hwlxk(3),|401hwlxk(3),;22255.6,22255.6,22361.6,22361.6,0,0,0,0,1811.121437457274
207qckeo(3),401hwlxk(3),|207qckeo(3),401hwlxk(3),|401hwlxk(3),|401hwlxk(3),;22255.6,22255.6,22361.6,22361.6,0,0,0,0,1816.121437457274
207qckeo(3),401hwlxk(3),|207qckeo(3),401hwlxk(3),|401hwlxk(3),|401hwlxk(3),;22255.6,22255.6,22361.6,22361.6,0,0,0,0,1821.121437457274
207qckeo(3),401hwlxk(3),|207qckeo(3),401hwlxk(3),|401hwlxk(3),|401hwlxk(3),;22255.6,22255.6,22361.6,22361.6,0,0,0,0,1826.121437457274
207qckeo(3),401hwlxk(3),|207qckeo(3),401hwlxk(3),|401hwlxk(3),|401hwlxk(3),;22255.6,22255.6,22361.6,22361.6,0,0,0,0,1831.121437457274
207qckeo(3),401hwlxk(3),|207qckeo(3),401hwlxk(3),|401hwlxk(3),|401hwlxk(3),;22255.6,22255.6,22361.6,22361.6,0,0,0,0,1836.121437457274
207qckeo(3),401hwlxk(3),|207qckeo(3),401hwlxk(3),|401hwlxk(3),|401hwlxk(3),;22255.6,22255.6,22361.6,22361.6,0,0,0,0,1841.121437457274
207qckeo(3),401hwlxk(3),|207qckeo(3),401hwlxk(3),|401hwlxk(3),|401hwlxk(3),;22255.6,22255.6,22361.6,22361.6,0,0,0,0,1846.121437457274
207qckeo(3),401hwlxk(3),|207qckeo(3),401hwlxk(3),|401hwlxk(3),|401hwlxk(3),;22255.6,22255.6,22361.6,22361.6,0,0,0,0,1851.121437457274
207qckeo(3),401hwlxk(3),|207qckeo(3),401hwlxk(3),|401hwlxk(3),|401hwlxk(3),;22255.6,22255.6,22361.6,22361.6,0,0,0,0,1856.121437457274
207qckeo(3),401hwlxk(3),|207qckeo(3),401hwlxk(3),|401hwlxk(3),|401hwlxk(3),;22255.6,22255.6,22361.6,22361.6,0,0,0,0,1861.121437457274
207qckeo(3),401hwlxk(3),214rimsv(0),|207qckeo(3),401hwlxk(3),214rimsv(0),|401hwlxk(3),214rimsv(0),|401hwlxk(3),214rimsv(0),;20502,20502,20608,20608,10.763701097481,10.763701097481,10.763701097481,10.763701097481,1866.121437457274
207qckeo(3),401hwlxk(3),214rimsv(2),|207qckeo(3),401hwlxk(3),214rimsv(2),|401hwlxk(3),214rimsv(2),|401hwlxk(3),214rimsv(2),;20502,20502,20608,20608,5.763701097481,5.763701097481,5.763701097481,5.763701097481,1871.121437457274
207qckeo(3),401hwlxk(3),214rimsv(2),|207qckeo(3),401hwlxk(3),214rimsv(2),|401hwlxk(3),214rimsv(2),|401hwlxk(3),214rimsv(2),;20502,20502,20608,20608,0.763701097481,0.763701097481,0.763701097481,0.763701097481,1876.121437457274
207qckeo(3),401hwlxk(3),214rimsv(3),|207qckeo(3),401hwlxk(3),214rimsv(3),|401hwlxk(3),214rimsv(3),|401hwlxk(3),214rimsv(3),;20502,20502,20608,20608,0,0,0,0,1881.121437457274
207qckeo(3),401hwlxk(3),214rimsv(3),|207qckeo(3),401hwlxk(3),214rimsv(3),|401hwlxk(3),214rimsv(3),|401hwlxk(3),214rimsv(3),;20502,20502,20608,20608,0,0,0,0,1886.121437457274
207qckeo(3),401hwlxk(3),214rimsv(3),|207qckeo(3),401hwlxk(3),214rimsv(3),|401hwlxk(3),214rimsv(3),|401hwlxk(3),214rimsv(3),;20502,20502,20608,20608,0,0,0,0,1891.121437457274
207qckeo(3),401hwlxk(3),214rimsv(3),|207qckeo(3),401hwlxk(3),214rimsv(3),|401hwlxk(3),214rimsv(3),|401hwlxk(3),214rimsv(3),;20502,20502,20608,20608,0,0,0,0,1896.121437457274
207qckeo(3),401hwlxk(3),214rimsv(3),|207qckeo(3),401hwlxk(3),214rimsv(3),|401hwlxk(3),214rimsv(3),|401hwlxk(3),214rimsv(3),;20502,20502,20608,20608,0,0,0,0,1901.121437457274
207qckeo(3),401hwlxk(3),214rimsv(3),|207qckeo(3),401hwlxk(3),214rimsv(3),|401hwlxk(3),214rimsv(3),|401hwlxk(3),214rimsv(3),;20502,20502,20608,20608,0,0,0,0,1906.121437457274
207qckeo(3),401hwlxk(3),214rimsv(3),|207qckeo(3),401hwlxk(3),214rimsv(3),|401hwlxk(3),214rimsv(3),|401hwlxk(3),214rimsv(3),;20502,20502,20608,20608,0,0,0,0,1911.121437457274
207qckeo(3),401hwlxk(3),214rimsv(3),|207qckeo(3),401hwlxk(3),214rimsv(3),|401hwlxk(3),214rimsv(3),|401hwlxk(3),214rimsv(3),;20502,20502,20608,20608,0,0,0,0,1916.121437457274
207qckeo(3),401hwlxk(3),214rimsv(3),|207qckeo(3),401hwlxk(3),214rimsv(3),|401hwlxk(3),214rimsv(3),|401hwlxk(3),214rimsv(3),;20502,20502,20608,20608,0,0,0,0,1921.121437457274
207qckeo(3),401hwlxk(3),214rimsv(3),|207qckeo(3),401hwlxk(3),214rimsv(3),|401hwlxk(3),214rimsv(3),|401hwlxk(3),214rimsv(3),;20502,20502,20608,20608,0,0,0,0,1926.121437457274
207qckeo(3),401hwlxk(3),214rimsv(3),|207qckeo(3),401hwlxk(3),214rimsv(3),|401hwlxk(3),214rimsv(3),|401hwlxk(3),214rimsv(3),;20502,20502,20608,20608,0,0,0,0,1931.121437457274
207qckeo(3),401hwlxk(3),214rimsv(3),|207qckeo(3),401hwlxk(3),214rimsv(3),|401hwlxk(3),214rimsv(3),|401hwlxk(3),214rimsv(3),;20502,20502,20608,20608,0,0,0,0,1936.121437457274
207qckeo(3),401hwlxk(3),214rimsv(3),|207qckeo(3),401hwlxk(3),214rimsv(3),|401hwlxk(3),214rimsv(3),|401hwlxk(3),214rimsv(3),;20502,20502,20608,20608,0,0,0,0,1941.121437457274
207qckeo(3),401hwlxk(3),214rimsv(3),|207qckeo(3),401hwlxk(3),214rimsv(3),|401hwlxk(3),214rimsv(3),|401hwlxk(3),214rimsv(3),;20502,20502,20608,20608,0,0,0,0,1946.121437457274
207qckeo(3),401hwlxk(3),214rimsv(3),|207qckeo(3),401hwlxk(3),214rimsv(3),|401hwlxk(3),214rimsv(3),|401hwlxk(3),214rimsv(3),;20502,20502,20608,20608,0,0,0,0,1951.121437457274
207qckeo(3),401hwlxk(3),214rimsv(3),|207qckeo(3),401hwlxk(3),214rimsv(3),|401hwlxk(3),214rimsv(3),|401hwlxk(3),214rimsv(3),;20502,20502,20608,20608,0,0,0,0,1956.121437457274
207qckeo(3),401hwlxk(3),214rimsv(3),|207qckeo(3),401hwlxk(3),214rimsv(3),|401hwlxk(3),214rimsv(3),|401hwlxk(3),214rimsv(3),;20502,20502,20608,20608,0,0,0,0,1961.121437457274
207qckeo(3),401hwlxk(3),214rimsv(3),|207qckeo(3),401hwlxk(3),214rimsv(3),|401hwlxk(3),214rimsv(3),|401hwlxk(3),214rimsv(3),;20502,20502,20608,20608,0,0,0,0,1966.121437457274
207qckeo(3),401hwlxk(3),214rimsv(3),|207qckeo(3),401hwlxk(3),214rimsv(3),|401hwlxk(3),214rimsv(3),|401hwlxk(3),214rimsv(3),;20502,20502,20608,20608,0,0,0,0,1971.121437457274
207qckeo(3),401hwlxk(3),214rimsv(3),|207qckeo(3),401hwlxk(3),214rimsv(3),|401hwlxk(3),214rimsv(3),|401hwlxk(3),214rimsv(3),;20502,20502,20608,20608,0,0,0,0,1976.121437457274
207qckeo(3),401hwlxk(3),214rimsv(3),|207qckeo(3),401hwlxk(3),214rimsv(3),|401hwlxk(3),214rimsv(3),|401hwlxk(3),214rimsv(3),;20502,20502,20608,20608,0,0,0,0,1981.121437457274
207qckeo(3),401hwlxk(3),214rimsv(3),|207qckeo(3),401hwlxk(3),214rimsv(3),|401hwlxk(3),214rimsv(3),|401hwlxk(3),214rimsv(3),;20502,20502,20608,20608,0,0,0,0,1986.121437457274
207qckeo(3),401hwlxk(3),214rimsv(3),|207qckeo(3),401hwlxk(3),214rimsv(3),|401hwlxk(3),214rimsv(3),|401hwlxk(3),214rimsv(3),;20502,20502,20608,20608,0,0,0,0,1991.121437457274
207qckeo(3),401hwlxk(3),214rimsv(3),|207qckeo(3),401hwlxk(3),214rimsv(3),|401hwlxk(3),214rimsv(3),|401hwlxk(3),214rimsv(3),;20502,20502,20608,20608,0,0,0,0,1996.121437457274
