691gxasy,0.1,(1500,5500,3),167.312637761905,264
287jnvkr,0.2,(1500,5500,3),173.724061414966,-137
333kysxf,0.4,(1500,5500,3),187.809188520073,-442
828dlfmi,0.2,(1500,5500,3),381.58257678627,-442
828vutzi,0.1,(1500,5500,3),468.135617433782,-137
783bcoan,0.3,(1500,5500,3),568.286758489796,-478
163kbehz,0.2,(1500,5500,3),1476.376003585034,57
163brljy,0.2,(1500,5500,3),1552.822629489796,-264
67oqwcs,0.2,(1500,5500,3),1718.045289442177,-59
633fauvs,0.3,(1500,5500,3),1912.595041836735,-59
633tgofe,0.2,(1500,5500,3),1913.894070256362,-59
