805bwxsf,0.2,(2500,4500,3),147.387889912254,555
783hrapl,0.2,(2500,4500,3),156.840062261938,51
60kphvz,0.2,(2500,4500,3),443.923210956389,121
779dujyi,0.2,(2500,4500,3),463.329323390743,54
742kjyrb,0.5,(2500,4500,3),507.981753067961,-52
779bghxy,0.2,(2500,4500,3),511.325949156849,55
280dpmtb,0.5,(2500,4500,3),552.89196042351,52
534kbovz,0.3,(2500,4500,3),583.428987106796,54
412chidr,0.2,(2500,4500,3),647.233492296991,54
687iyfbg,0.5,(2500,4500,3),667.879391349515,-52
4owegs,0.3,(2500,4500,3),717.073673739076,55
332fdblm,0.2,(2500,4500,3),736.562683825243,-636
649yoivf,0.2,(2500,4500,3),807.242693096886,159
318gzyux,0.2,(2500,4500,3),812.956098864078,55
84ouitd,0.4,(2500,4500,3),916.865559533198,54
2mdgpo,0.1,(2500,4500,3),928.602469238164,54
530skqdm,0.7,(2500,4500,3),981.527610495146,-52
978qcwzb,0.1,(2500,4500,3),1043.92418392233,-569
23uenjb,0.3,(2500,4500,3),1092.326814436893,54
23feyod,0.2,(2500,4500,3),1103.276860848618,54
126rivda,0.4,(2500,4500,3),1141.564418466019,-122
46cnjoy,0.4,(2500,4500,3),1227.048358145705,55
15qcndr,0.4,(2500,4500,3),1233.893138893204,55
15mzdgj,0.1,(2500,4500,3),1234.052498163092,55
458muzxk,1,(2500,4500,3),1262.802480786408,-54
978nvkfg,0.4,(2500,4500,3),1292.213439892229,53
458rzcbj,0.2,(2500,4500,3),1313.691447456311,-53
978znsfc,0.1,(2500,4500,3),1377.673281916833,54
90hrdwz,0.3,(2500,4500,3),1786.591999798524,149
431pgxqi,0.3,(2500,4500,3),1858.130489664042,-53
250cvkxp,1,(2500,4500,3),1878.672734825243,-555
687rsuqp,0.2,(2500,4500,3),1988.846585320388,54
