247lcidn,0.2,(2500,6500,3),147.511009394036,-456
639qhyzg,0.1,(2500,6500,3),195.558748770409,-606
338eiwfp,0.3,(2500,6500,3),355.60979988764,64
214zbuqe,0.2,(2500,6500,3),473.531575932584,-64
91scfpi,0.1,(2500,6500,3),518.984336820225,-456
214oxhmn,0.2,(2500,6500,3),557.319240272617,-63
394pfhuv,0.2,(2500,6500,3),593.156268876404,-61
162cidam,0.2,(2500,6500,3),639.3580072162,62
956cozef,0.1,(2500,6500,3),689.117309125477,62
691jwkhq,0.3,(2500,6500,3),733.40318766175,63
49mnvdo,0.4,(2500,6500,3),737.21679879801,-606
47albmg,0.3,(2500,6500,3),787.62543047191,-605
49blnax,0.4,(2500,6500,3),821.849442292135,-605
91dvnjc,0.6,(2500,6500,3),828.37977553015,-63
213jasrg,0.4,(2500,6500,3),828.584940269663,-335
211uoezm,0.2,(2500,6500,3),922.891156179775,-336
73tgawq,0.2,(2500,6500,3),1217.779566044944,-605
956kflwt,0.3,(2500,6500,3),1277.112190303371,485
