247lcidn,0.4,(2500,6500,3),153.87315591089,-456
639qhyzg,0.1,(2500,6500,3),195.558748770409,-606
338eiwfp,0.2,(2500,6500,3),352.970168258427,64
72drnyq,0.1,(2500,6500,3),436.786410910112,60
72pbdeh,0.1,(2500,6500,3),504.954545870788,61
91scfpi,0.4,(2500,6500,3),553.304633280899,-368
214zbuqe,0.7,(2500,6500,3),556.795870764045,-63
214oxhmn,0.2,(2500,6500,3),557.319240272617,-63
394pfhuv,0.3,(2500,6500,3),591.090855314607,-61
162cidam,0.2,(2500,6500,3),639.3580072162,62
72mdwho,0.4,(2500,6500,3),653.868380444982,63
691jwkhq,0.2,(2500,6500,3),732.303137684222,63
49mnvdo,0.2,(2500,6500,3),736.373049404751,-606
956cozef,0.3,(2500,6500,3),763.536915417612,63
47albmg,0.4,(2500,6500,3),787.382053629213,-605
49blnax,0.3,(2500,6500,3),822.348453719101,-605
211uoezm,0.3,(2500,6500,3),921.461970269663,-336
73tgawq,0.3,(2500,6500,3),1219.067631067416,-605
956kflwt,0.2,(2500,6500,3),1278.493250202247,485
