247lcidn,0.2,(2500,6500,3),147.511009394036,-456
639qhyzg,0.1,(2500,6500,3),195.558748770409,-606
338eiwfp,0.3,(2500,6500,3),355.60946688764,64
72drnyq,0.1,(2500,6500,3),436.786596910112,60
214zbuqe,0.1,(2500,6500,3),472.478492966292,-64
91scfpi,0.1,(2500,6500,3),518.984003820225,-456
214oxhmn,0.3,(2500,6500,3),558.725615823178,-63
394pfhuv,0.1,(2500,6500,3),592.220804438202,-61
162cidam,0.2,(2500,6500,3),639.3580072162,62
72pbdeh,0.9,(2500,6500,3),651.959582455057,63
72mdwho,0.3,(2500,6500,3),653.074656040487,63
91dvnjc,0.1,(2500,6500,3),728.414051485206,-64
691jwkhq,0.2,(2500,6500,3),732.303137684222,63
956cozef,0.3,(2500,6500,3),763.536915417612,63
49blnax,0.3,(2500,6500,3),822.348639719101,-605
213jasrg,0.4,(2500,6500,3),826.584633269663,-335
211uoezm,0.2,(2500,6500,3),922.890823179775,-336
73tgawq,0.2,(2500,6500,3),1217.779233044944,-605
956kflwt,0.2,(2500,6500,3),1278.493397202247,485
