733bzsag,0.2,(2500,5500,3),91.087354887524,-409
267tvyis,0.1,(2500,5500,3),97.309761924853,192
783hrapl,0.1,(2500,5500,3),142.911485607595,51
779bghxy,0.1,(2500,5500,3),467.950765063291,54
717kqcsd,0.2,(2500,5500,3),532.678347647761,-51
102piwmv,0.3,(2500,5500,3),561.394691037975,-304
214wayzv,0.1,(2500,5500,3),624.072525329114,-62
649yoivf,0.1,(2500,5500,3),689.533549696203,55
91dvnjc,0.2,(2500,5500,3),726.666315620253,-64
101wufzg,0.2,(2500,5500,3),772.195428392405,-60
687ptzaf,0.2,(2500,5500,3),971.160317291139,-304
15mzdgj,0.1,(2500,5500,3),1185.713688594937,54
412zucbw,0.1,(2500,5500,3),1190.293348798788,-303
215lhrzp,0.2,(2500,5500,3),1663.307326151899,-192
215akcxu,0.2,(2500,5500,3),1663.533095177215,-192
67oqwcs,0.1,(2500,5500,3),1716.235951405063,-59
67ogbel,0.4,(2500,5500,3),1716.657758417722,-59
633iegwo,0.3,(2500,5500,3),1807.419960025316,-192
687rsuqp,0.1,(2500,5500,3),1913.239259219302,53
977ypeoh,0.2,(2500,5500,3),1961.19613656962,-304
