733bzsag,0.3,(2500,5500,3),93.821616355878,-409
783hrapl,0.1,(2500,5500,3),142.911805607595,51
267tvyis,0.1,(2500,5500,3),182.309761924853,-302
691gxasy,0.1,(2500,5500,3),437.006482126713,-57
779bghxy,0.1,(2500,5500,3),467.950951063291,54
717kqcsd,0.2,(2500,5500,3),532.678347647761,-51
102piwmv,0.4,(2500,5500,3),563.173345050633,-304
214wayzv,0.1,(2500,5500,3),622.072845329114,-62
91dvnjc,0.1,(2500,5500,3),656.843831810127,-368
649yoivf,0.1,(2500,5500,3),689.533908696203,55
101wufzg,0.4,(2500,5500,3),773.91169378481,-60
412zucbw,0.3,(2500,5500,3),1195.204124697522,-303
67ogbel,0.2,(2500,5500,3),1468.929618708861,-304
215akcxu,0.3,(2500,5500,3),1661.621586265823,-192
215lhrzp,0.3,(2500,5500,3),1663.899762227848,-192
633iegwo,0.3,(2500,5500,3),1807.420267025316,-192
977ypeoh,0.3,(2500,5500,3),1963.85107935443,-304
