491vkzej,0.3,(2500,3500,3),231.406591330782,-67
482qguzc,0.2,(2500,3500,3),278.31952619084,-460
530jtxgr,0.2,(2500,3500,3),342.278145022248,-659
228grzeq,0.3,(2500,3500,3),562.555283770992,65
40jhtpx,0.3,(2500,3500,3),582.302963222795,-67
60jnzri,0.4,(2500,3500,3),661.734084816794,66
241mkurb,0.3,(2500,3500,3),672.080059237575,-66
92lxrjo,0.3,(2500,3500,3),757.104415326476,-66
60xdhfe,0.4,(2500,3500,3),791.424188210019,-460
407jyrgt,0.2,(2500,3500,3),824.120649211313,65
633jqrly,0.2,(2500,3500,3),946.123292637188,-65
741ldwic,0.5,(2500,3500,3),978.043902167939,-65
741qerhg,0.3,(2500,3500,3),992.01628697913,-65
333rzhfu,0.2,(2500,3500,3),1016.77817240458,-67
295hajtw,0.4,(2500,3500,3),1441.512397862595,-65
295wtsek,0.4,(2500,3500,3),1441.920926301197,-65
177ixwpq,0.1,(2500,3500,3),1452.811334626667,-65
854fnowv,0.1,(2500,3500,3),1454.081179580153,-65
214moikf,0.3,(2500,3500,3),1747.834632534351,66
21igkms,0.2,(2500,3500,3),1791.661444404315,-65
