491vkzej,0.4,(2500,3500,3),236.30528226208,-67
482qguzc,0.1,(2500,3500,3),276.63768959542,-460
530jtxgr,0.3,(2500,3500,3),346.216308319958,-659
60jnzri,0.2,(2500,3500,3),527.202656908397,-67
228grzeq,0.2,(2500,3500,3),563.112466847328,65
60xdhfe,0.2,(2500,3500,3),671.843474683302,66
241mkurb,0.6,(2500,3500,3),672.906400855895,-66
92lxrjo,0.3,(2500,3500,3),757.104415326476,-66
407jyrgt,0.3,(2500,3500,3),829.307498432687,65
741qerhg,0.2,(2500,3500,3),987.56584227684,-65
218bxpec,0.4,(2500,3500,3),1003.688613077348,-66
333rzhfu,0.4,(2500,3500,3),1016.86455380916,-67
633jqrly,0.2,(2500,3500,3),1067.123292637188,67
295wtsek,0.3,(2500,3500,3),1442.894165018754,-65
177ixwpq,0.3,(2500,3500,3),1453.840294382392,-65
854fnowv,0.1,(2500,3500,3),1454.081339580153,-65
59abfhz,0.3,(2500,3500,3),1611.69036846485,-65
214moikf,0.3,(2500,3500,3),1747.834818534351,66
21igkms,0.3,(2500,3500,3),1796.175924282178,-65
