949wmkbp,0.1,(3500,500,3),133.966014925784,227
686iohet,0.2,(3500,500,3),175.605733749081,184
706ylwfx,0.2,(3500,500,3),183.065676428121,174
6rtsfx,0.1,(3500,500,3),251.282506910615,685
601ylpdu,0.1,(3500,500,3),253.531348586592,168
127oymqi,0.5,(3500,500,3),287.101082338131,227
601afwjg,0.2,(3500,500,3),465.261358483985,173
485znole,0.3,(3500,500,3),535.018821642458,-178
120htdlg,0.1,(3500,500,3),540.429897949721,178
588dezcu,0.2,(3500,500,3),631.808940517844,227
601smqcu,0.1,(3500,500,3),634.032941397427,227
969bvzhr,0.2,(3500,500,3),728.972134603352,177
358eftkz,0.7,(3500,500,3),1117.731838882682,178
558vcprl,0.1,(3500,500,3),1272.320730206704,227
885rdqpt,0.2,(3500,500,3),1281.271333684219,186
99jpbaq,0.2,(3500,500,3),1600.770829307263,-178
884qshcz,0.1,(3500,500,3),1889.347422815642,177
