949wmkbp,0.3,(3500,500,3),142.635805316845,227
686iohet,0.4,(3500,500,3),181.510563961371,184
706ylwfx,0.1,(3500,500,3),185.621192137618,174
601ylpdu,0.1,(3500,500,3),253.531028586592,168
127oymqi,0.2,(3500,500,3),286.454723812992,227
601afwjg,0.2,(3500,500,3),465.261358483985,173
485znole,0.2,(3500,500,3),531.269390094972,-178
120htdlg,0.2,(3500,500,3),544.108367899441,178
588dezcu,0.3,(3500,500,3),632.55803906533,227
601smqcu,0.1,(3500,500,3),634.032941397427,227
969bvzhr,0.2,(3500,500,3),728.971788603352,177
885rdqpt,0.3,(3500,500,3),1284.130021326677,186
99jpbaq,0.2,(3500,500,3),1600.770513307263,-178
