171uicas,0.2,(3500,5500,3),96.096730518718,-246
608icexv,0.3,(3500,5500,3),268.700464592233,-246
315vqtlk,0.3,(3500,5500,3),293.889735982928,206
74bljia,0.1,(3500,5500,3),438.446636834951,-289
35mwend,0.2,(3500,5500,3),449.949594128611,-183
976kvqps,0.1,(3500,5500,3),582.653987119702,206
779lydzj,0.1,(3500,5500,3),628.673753466019,159
247zhutc,0.1,(3500,5500,3),643.595510832022,284
4trxnm,0.1,(3500,5500,3),946.687850504854,-87
478taqvw,0.8,(3500,5500,3),1296.312566135922,-550
368vaumo,0.1,(3500,5500,3),1531.88595715534,-284
