904yunka,0.3,(3500,4500,3),202.250603671659,-87
148kaesz,0.3,(3500,4500,3),232.793104065934,86
148aghxp,0.9,(3500,4500,3),318.486974215065,-147
901ziytm,0.9,(3500,4500,3),363.265323010989,412
148zlhcp,0.3,(3500,4500,3),425.953578891431,-625
132qgcit,0.5,(3500,4500,3),522.365017635553,147
132vgboi,0.4,(3500,4500,3),532.765286829643,147
665ypumx,0.6,(3500,4500,3),588.208180491688,-87
901bjrmx,0.5,(3500,4500,3),616.123740409538,147
267rbchu,0.5,(3500,4500,3),782.954413956044,-87
267avoyn,0.3,(3500,4500,3),783.53094532967,-87
733hnvcg,0.2,(3500,4500,3),798.930330868131,-187
4btwpd,0.3,(3500,4500,3),938.888594472527,-87
9demoa,0.3,(3500,4500,3),1008.750858175824,159
649tlczb,0.3,(3500,4500,3),1090.732651912267,-23
757zjpcq,0.2,(3500,4500,3),1092.018764857143,87
828cybuj,0.7,(3500,4500,3),1118.258372307692,-87
84vhorm,0.2,(3500,4500,3),1190.318444054945,-87
15mzdgj,0.1,(3500,4500,3),1203.136249351648,54
2scamh,0.1,(3500,4500,3),1346.89468660315,-23
34qyxhg,0.2,(3500,4500,3),1363.678098769231,-179
34mvqbl,0.3,(3500,4500,3),1556.121954710813,147
90wdaqu,0.2,(3500,4500,3),1626.487006703297,187
34diwqn,0.3,(3500,4500,3),1632.986251384615,-86
438vkdql,0.2,(3500,4500,3),1741.108221164835,87
270emwyl,0.3,(3500,4500,3),1748.404491681319,87
186lnhka,0.1,(3500,4500,3),1848.094675142857,87
497kthqf,0.1,(3500,4500,3),1940.27346056044,23
