949wmkbp,0.3,(3500,500,3),142.635805316845,227
686iohet,0.1,(3500,500,3),172.653318642935,184
706ylwfx,0.4,(3500,500,3),188.954645009126,174
6rtsfx,0.1,(3500,500,3),253.282359910615,685
127oymqi,0.2,(3500,500,3),286.454723812992,227
601afwjg,0.2,(3500,500,3),465.261358483985,173
485znole,0.1,(3500,500,3),527.520144547486,-178
120htdlg,0.3,(3500,500,3),547.787010849162,178
588dezcu,0.3,(3500,500,3),632.55803906533,227
601smqcu,0.1,(3500,500,3),634.032941397427,227
969bvzhr,0.3,(3500,500,3),732.064647905028,177
358eftkz,0.1,(3500,500,3),954.98527898324,177
558vcprl,0.1,(3500,500,3),1272.320570206704,227
885rdqpt,0.2,(3500,500,3),1281.271333684219,186
99jpbaq,0.3,(3500,500,3),1603.348879960894,-178
