949wmkbp,0.3,(3500,500,3),142.635805316845,227
686iohet,0.2,(3500,500,3),175.605733749081,184
706ylwfx,0.3,(3500,500,3),186.510160718623,174
127oymqi,0.1,(3500,500,3),286.572604304612,227
601ylpdu,0.8,(3500,500,3),456.843718692737,173
601afwjg,0.2,(3500,500,3),465.261358483985,173
485znole,0.3,(3500,500,3),535.018635642458,-178
120htdlg,0.2,(3500,500,3),544.108527899441,178
588dezcu,0.2,(3500,500,3),631.808940517844,227
601smqcu,0.1,(3500,500,3),634.032941397427,227
969bvzhr,0.1,(3500,500,3),725.878968301676,177
358eftkz,0.2,(3500,500,3),957.60982096648,177
885rdqpt,0.3,(3500,500,3),1284.130021326677,186
99jpbaq,0.3,(3500,500,3),1603.349208960894,-178
