227wdtmn,0.5,(3500,3500,3),259.804951012658,494
160svirk,0.4,(3500,3500,3),611.600523278481,-476
814enhsc,0.2,(3500,3500,3),654.338679491129,242
854filbj,0.1,(3500,3500,3),836.406024544304,-243
34qyxhg,0.1,(3500,3500,3),1239.983623498008,436
21mtnus,0.2,(3500,3500,3),1310.327355945944,-242
268niodk,0.2,(3500,3500,3),1411.863980516846,437
544aomqp,0.5,(3500,3500,3),1591.316230455696,-437
544pwjox,0.2,(3500,3500,3),1598.796786807264,-437
107sptxj,0.7,(3500,3500,3),1633.868975063291,-242
747hswqz,0.5,(3500,3500,3),1733.752684371489,437
