904yunka,0.2,(3500,4500,3),199.64644789144,-87
148kaesz,0.3,(3500,4500,3),232.792810065934,86
148aghxp,0.1,(3500,4500,3),237.379447182098,86
148zlhcp,0.3,(3500,4500,3),425.953578891431,-625
856sgqay,0.2,(3500,4500,3),499.298384165713,-87
132vgboi,0.3,(3500,4500,3),529.976766038434,147
315ocxir,1,(3500,4500,3),547.142354516484,-147
267avoyn,0.1,(3500,4500,3),682.42084110989,159
185uivbs,0.1,(3500,4500,3),695.617456230019,86
779jtqze,0.2,(3500,4500,3),728.041125021978,-87
733hnvcg,0.2,(3500,4500,3),798.930330868131,-187
4btwpd,0.4,(3500,4500,3),936.230050296703,-87
4trxnm,0.3,(3500,4500,3),951.006910696925,-87
9demoa,0.2,(3500,4500,3),1007.971081450549,159
247fwcya,0.1,(3500,4500,3),1056.781694208791,-21
649tlczb,0.2,(3500,4500,3),1088.197633011168,-23
84vhorm,0.2,(3500,4500,3),1190.317964054945,-87
2scamh,0.1,(3500,4500,3),1193.89468660315,-87
34mvqbl,0.3,(3500,4500,3),1556.121954710813,147
90wdaqu,0.3,(3500,4500,3),1626.289042054945,187
34diwqn,0.2,(3500,4500,3),1632.436757923077,-86
90hrdwz,0.1,(3500,4500,3),1721.867496648352,-150
438vkdql,0.3,(3500,4500,3),1741.688227747253,87
270emwyl,0.2,(3500,4500,3),1748.292800120879,87
270miqkj,0.1,(3500,4500,3),1751.371276664244,87
186lnhka,0.2,(3500,4500,3),1847.490953285714,87
666ipcfs,0.1,(3500,4500,3),1863.089621086353,23
497kthqf,0.1,(3500,4500,3),1940.27294156044,23
