120nbash,0.2,(4500,500,3),120.253199456734,214
221xjwbh,0.3,(4500,500,3),144.049588134124,585
6rtsfx,0.7,(4500,500,3),271.353760836093,684
320jfbge,0.3,(4500,500,3),309.830053566801,684
306khvdq,0.2,(4500,500,3),415.840261279812,684
601afwjg,0.2,(4500,500,3),628.047363291925,227
546fodte,0.3,(4500,500,3),685.232803354037,-684
714bgnzd,0.4,(4500,500,3),723.134310378882,-684
225jvogu,0.2,(4500,500,3),884.023372602484,-464
590yiolg,0.9,(4500,500,3),893.533994559006,684
925qygum,0.1,(4500,500,3),981.580356378882,212
100iurbl,0.3,(4500,500,3),1026.325904888199,426
37bmczs,0.2,(4500,500,3),1157.458418758305,-684
37cijrw,0.1,(4500,500,3),1182.259828018634,-685
352vjiuo,0.2,(4500,500,3),1221.211051534161,685
352fajdn,0.5,(4500,500,3),1242.337824058436,684
401ilyuf,0.3,(4500,500,3),1253.129354596273,-684
208xfboh,0.2,(4500,500,3),1329.017101625186,685
558vcprl,0.3,(4500,500,3),1377.623363667879,-176
334ncdyr,0.3,(4500,500,3),1431.958479018667,-684
155wpbqr,0.3,(4500,500,3),1545.355680835057,684
447mkeuq,0.3,(4500,500,3),1597.403750733134,684
637lfteu,0.2,(4500,500,3),1652.967155689441,-6
10snagb,0.2,(4500,500,3),1681.814373170575,-684
124ntqkw,0.1,(4500,500,3),1696.953455490683,5
8gotdp,0.3,(4500,500,3),1728.496998291925,426
207dbzvm,0.3,(4500,500,3),1730.499462552795,-685
148zulbp,0.2,(4500,500,3),1738.405861875776,-175
78qbway,0.3,(4500,500,3),1798.879490291925,-558
18lbtzh,0.2,(4500,500,3),1900.320531647602,-684
148gunmb,0.3,(4500,500,3),1913.402056385093,212
254yplht,0.2,(4500,500,3),1955.907094640538,-685
