265tuckw,0.2,(4500,3500,3),182.606847537558,-164
160bojam,0.2,(4500,3500,3),276.464395147396,-646
342zygov,0.1,(4500,3500,3),302.760099777248,326
640lhawy,0.1,(4500,3500,3),357.419335675676,-646
83rxvgk,0.2,(4500,3500,3),393.452027864865,-245
83htweq,0.2,(4500,3500,3),393.714645837838,-245
83hiugo,0.3,(4500,3500,3),407.29360541821,-245
250vtcjl,0.3,(4500,3500,3),412.496336945946,208
137ojych,0.1,(4500,3500,3),471.599489972973,164
160svirk,0.1,(4500,3500,3),499.858685918919,-647
854fxzau,0.2,(4500,3500,3),573.813070432432,-245
295ybiwu,0.3,(4500,3500,3),577.252569546089,-244
977wxtci,0.5,(4500,3500,3),642.379477543998,-243
195mhsva,0.2,(4500,3500,3),662.454302702703,208
738ysmvq,0.1,(4500,3500,3),662.459709567568,164
137btxdg,0.1,(4500,3500,3),723.252642432432,-646
735gblqs,0.3,(4500,3500,3),742.543225171538,244
29fgczp,0.3,(4500,3500,3),781.536169027027,245
21wuofa,0.3,(4500,3500,3),878.088404918919,-325
738csgey,0.1,(4500,3500,3),890.506850698647,-646
154dzems,0.5,(4500,3500,3),943.503454623587,-244
228kupgh,0.2,(4500,3500,3),1073.031034864865,243
814tsczb,0.3,(4500,3500,3),1084.895665019419,245
154qkljw,0.5,(4500,3500,3),1101.243837783784,-243
228xapjd,0.2,(4500,3500,3),1137.961865081081,-164
713ktyup,0.2,(4500,3500,3),1164.770303712311,245
40zhsdb,0.3,(4500,3500,3),1323.377680919425,244
107sptxj,0.1,(4500,3500,3),1390.871559,-244
658ocfna,0.2,(4500,3500,3),1466.498462756757,245
28zkbfs,0.1,(4500,3500,3),1493.440607891892,166
658axdzy,0.3,(4500,3500,3),1528.455964297297,326
578muysk,0.1,(4500,3500,3),1611.147777,-401
519ialvx,0.3,(4500,3500,3),1644.377957594595,244
216riotq,0.2,(4500,3500,3),1732.370763081081,209
