182ecgtw,0.3,(4500,4500,3),122.679683209302,114
29rudsa,0.2,(4500,4500,3),171.124391534884,19
163tqzkb,0.1,(4500,4500,3),184.215878444027,21
652grykd,0.3,(4500,4500,3),307.714602885081,24
652huodp,0.3,(4500,4500,3),329.901612,24
12zcwvm,0.4,(4500,4500,3),331.56834612516,-20
67lezwh,0.1,(4500,4500,3),532.240598922481,23
403sxkgm,0.1,(4500,4500,3),543.210457945736,-25
458bzvlf,0.1,(4500,4500,3),632.694748506634,-19
83qolfe,0.3,(4500,4500,3),653.122960023256,406
216lphxu,0.5,(4500,4500,3),661.85814654234,-21
540zfkbr,0.1,(4500,4500,3),756.670026193798,24
713htaby,0.4,(4500,4500,3),791.687067083459,-406
106vigyd,0.1,(4500,4500,3),856.132935108286,25
757phgwf,0.3,(4500,4500,3),857.766443714886,-19
452nrmjf,0.5,(4500,4500,3),921.971001434109,-167
772eurah,0.3,(4500,4500,3),922.601073930233,20
250qrset,1,(4500,4500,3),941.529803325581,429
651bidzj,0.1,(4500,4500,3),1042.760912232558,-210
665qcxut,0.2,(4500,4500,3),1071.663410317829,20
886ekbsh,0.5,(4500,4500,3),1082.935870674419,406
779jtqze,0.3,(4500,4500,3),1173.197002162791,20
270fqgdt,0.3,(4500,4500,3),1326.40586444186,-20
66tbwcy,0.3,(4500,4500,3),1368.488162023256,-210
52ckvdt,0.8,(4500,4500,3),1392.232987046512,20
4pfszh,0.4,(4500,4500,3),1393.421624155039,20
578aobce,0.4,(4500,4500,3),1423.548022527132,-406
710mwucl,0.4,(4500,4500,3),1437.441050186047,-20
195deivh,0.1,(4500,4500,3),1487.005054395349,-113
28zkbfs,0.3,(4500,4500,3),1492.116632790698,166
186lnhka,0.1,(4500,4500,3),1570.078825424869,-19
649fayrt,0.2,(4500,4500,3),1582.596070754083,-406
84jtmxy,0.4,(4500,4500,3),1622.940939,20
632fqmde,0.3,(4500,4500,3),1628.346338953488,-20
304fvjta,0.4,(4500,4500,3),1708.043127131783,-19
202uhnmc,0.3,(4500,4500,3),1871.664065418605,-20
