120nbash,0.3,(4500,500,3),123.952523481579,214
221xjwbh,0.2,(4500,500,3),139.17794311549,585
320jfbge,0.2,(4500,500,3),304.958408548167,684
306khvdq,0.3,(4500,500,3),420.659803143166,684
546fodte,0.3,(4500,500,3),685.232656354037,-684
100iurbl,0.3,(4500,500,3),1026.325718888199,426
37bmczs,0.3,(4500,500,3),1160.975381739671,-684
37cijrw,0.1,(4500,500,3),1182.259681018634,-685
352vjiuo,0.2,(4500,500,3),1221.210891534161,685
352fajdn,0.5,(4500,500,3),1242.337824058436,684
401ilyuf,0.3,(4500,500,3),1253.129207596273,-684
208xfboh,0.3,(4500,500,3),1332.273548830155,685
558vcprl,0.3,(4500,500,3),1377.623363667879,-176
334ncdyr,0.3,(4500,500,3),1431.958479018667,-684
155wpbqr,0.2,(4500,500,3),1540.588242126982,684
447mkeuq,0.2,(4500,500,3),1596.391807776612,684
637lfteu,0.3,(4500,500,3),1651.215175534161,-6
240hqcbe,0.5,(4500,500,3),1661.903935465839,-684
124ntqkw,0.1,(4500,500,3),1696.953269490683,5
254eygpq,0.4,(4500,500,3),1712.201613925466,-6
8gotdp,0.3,(4500,500,3),1728.496838291925,426
207dbzvm,0.3,(4500,500,3),1730.499276552795,-685
148zulbp,0.1,(4500,500,3),1737.985776937888,-175
78qbway,0.2,(4500,500,3),1796.27415952795,-558
18lbtzh,0.3,(4500,500,3),1903.498824119652,-684
148gunmb,0.1,(4500,500,3),1913.137561795031,212
254yplht,0.3,(4500,500,3),1958.642510292712,-685
