29cqdem,0.5,(4500,4500,3),97.026696162791,-21
182ecgtw,0.3,(4500,4500,3),122.679977209302,114
29avpmz,0.3,(4500,4500,3),263.708097984675,20
652grykd,0.3,(4500,4500,3),307.714602885081,24
652huodp,0.2,(4500,4500,3),324.309565666667,24
29rudsa,0.7,(4500,4500,3),347.534780372093,24
12zcwvm,0.1,(4500,4500,3),427.205098497253,-19
458ctbfs,0.5,(4500,4500,3),542.217190589147,-20
403sxkgm,0.1,(4500,4500,3),543.210790945736,-25
540zfkbr,0.4,(4500,4500,3),621.325279775194,-25
458bzvlf,0.3,(4500,4500,3),632.798664165549,-19
83qolfe,0.2,(4500,4500,3),652.572923682171,406
713htaby,0.2,(4500,4500,3),709.932871734622,24
67lezwh,0.1,(4500,4500,3),733.240758922481,87
713lhqew,0.4,(4500,4500,3),791.158914238288,-406
398qtgmj,0.1,(4500,4500,3),825.974798449612,-210
757phgwf,0.3,(4500,4500,3),857.766443714886,-19
106vigyd,0.2,(4500,4500,3),857.774501371852,25
452nrmjf,0.4,(4500,4500,3),922.048077147287,-167
267gbikv,0.1,(4500,4500,3),941.48171603876,-23
402vmfnd,0.2,(4500,4500,3),968.85926872093,23
976tgpdj,0.5,(4500,4500,3),1021.079459620155,20
886ekbsh,0.4,(4500,4500,3),1083.660336139535,406
247fwcya,0.4,(4500,4500,3),1168.946165573643,19
779jtqze,0.3,(4500,4500,3),1171.197188162791,20
1oleqn,0.1,(4500,4500,3),1292.171213403101,14
651bjsyl,0.8,(4500,4500,3),1318.238664403101,-20
66tbwcy,0.1,(4500,4500,3),1366.534139674419,-210
4pfszh,0.3,(4500,4500,3),1393.084309116279,20
4trxnm,0.3,(4500,4500,3),1393.324734930233,20
438xadyu,0.4,(4500,4500,3),1424.014921780931,-19
710mwucl,0.6,(4500,4500,3),1436.63476027907,-20
1dhnob,0.2,(4500,4500,3),1447.746829573643,-25
195deivh,0.1,(4500,4500,3),1484.005361395349,-113
28zkbfs,0.4,(4500,4500,3),1492.758519054264,166
52ckvdt,0.1,(4500,4500,3),1492.948519255814,25
649fayrt,0.3,(4500,4500,3),1586.383559994393,-406
304fvjta,0.1,(4500,4500,3),1604.094986782946,-20
632fqmde,0.2,(4500,4500,3),1628.721791635659,-20
594bswqy,0.2,(4500,4500,3),1835.411702550481,-19
202uhnmc,0.4,(4500,4500,3),1872.56611555814,-20
