741yjhin,0.5,(4500,3500,3),178.368866086561,-244
265tuckw,0.3,(4500,3500,3),187.169570132153,-164
160bojam,0.3,(4500,3500,3),280.998777850099,-646
83htweq,0.2,(4500,3500,3),392.714312837838,-245
83rxvgk,0.2,(4500,3500,3),393.451711864865,-245
83hiugo,0.3,(4500,3500,3),407.29360541821,-245
250vtcjl,0.2,(4500,3500,3),411.520315297297,208
977wxtci,0.1,(4500,3500,3),458.108351057512,-244
137ojych,0.1,(4500,3500,3),471.599130972973,164
640lhawy,0.4,(4500,3500,3),478.111219702703,-204
342zygov,0.3,(4500,3500,3),527.788392966437,-37
295ybiwu,0.3,(4500,3500,3),577.252569546089,-244
854fxzau,0.6,(4500,3500,3),636.557525297297,-244
738ysmvq,0.3,(4500,3500,3),662.074690702703,164
195mhsva,0.2,(4500,3500,3),662.453930702703,208
137btxdg,0.4,(4500,3500,3),733.49514272973,-646
29fgczp,0.2,(4500,3500,3),782.256499351351,245
738csgey,0.1,(4500,3500,3),890.506850698647,-646
735gblqs,0.3,(4500,3500,3),902.543225171538,245
154qkljw,0.1,(4500,3500,3),947.259792756757,-244
228kupgh,0.3,(4500,3500,3),1072.280891297297,243
195cpytd,0.1,(4500,3500,3),1085.011335,406
228xapjd,0.3,(4500,3500,3),1137.182757621622,-164
713ktyup,0.3,(4500,3500,3),1167.972711496094,245
40zhsdb,0.3,(4500,3500,3),1323.377680919425,244
107sptxj,0.1,(4500,3500,3),1390.871213,-244
658ocfna,0.3,(4500,3500,3),1468.117545135135,245
658axdzy,0.2,(4500,3500,3),1528.351918864865,326
216riotq,0.3,(4500,3500,3),1732.374458621622,209
578muysk,0.9,(4500,3500,3),1796.905434,245
578kxmet,0.5,(4500,3500,3),1798.338459216216,245
