120nbash,0.2,(4500,500,3),120.253199456734,214
221xjwbh,0.3,(4500,500,3),144.049588134124,585
320jfbge,0.3,(4500,500,3),309.830053566801,684
306khvdq,0.2,(4500,500,3),415.840261279812,684
546fodte,0.2,(4500,500,3),682.341264236025,-684
714bgnzd,0.6,(4500,500,3),722.418885068323,-684
969bvzhr,0.2,(4500,500,3),729.663148381076,177
925qygum,0.5,(4500,500,3),982.52408189441,212
100iurbl,0.4,(4500,500,3),1026.165686850932,426
37bmczs,0.3,(4500,500,3),1160.975381739671,-684
352vjiuo,0.5,(4500,500,3),1242.875650335404,684
401ilyuf,0.2,(4500,500,3),1272.587426397516,-685
208xfboh,0.3,(4500,500,3),1332.273548830155,685
37cijrw,0.6,(4500,500,3),1377.618226111801,-558
334ncdyr,0.1,(4500,500,3),1431.696060335437,-684
155wpbqr,0.2,(4500,500,3),1540.588242126982,684
447mkeuq,0.2,(4500,500,3),1596.391807776612,684
637lfteu,0.2,(4500,500,3),1652.967315689441,-6
240hqcbe,0.5,(4500,500,3),1661.904108465839,-684
240qigmo,0.6,(4500,500,3),1662.794515975155,-684
10snagb,0.2,(4500,500,3),1681.814373170575,-684
124ntqkw,0.4,(4500,500,3),1698.816529962733,5
8gotdp,0.2,(4500,500,3),1726.89202652795,426
207dbzvm,0.2,(4500,500,3),1727.529768701863,-685
148zulbp,0.5,(4500,500,3),1737.665823689441,-175
78esvgx,0.5,(4500,500,3),1798.601271583851,-558
78qbway,0.3,(4500,500,3),1798.879637291925,-558
18lbtzh,0.2,(4500,500,3),1900.320531647602,-684
148gunmb,0.3,(4500,500,3),1913.402203385093,212
254yplht,0.3,(4500,500,3),1958.642510292712,-685
