741yjhin,0.1,(4500,3500,3),117.219156248723,-245
265tuckw,0.3,(4500,3500,3),187.169570132153,-164
160bojam,0.2,(4500,3500,3),276.464395147396,-646
640lhawy,0.1,(4500,3500,3),357.419162675676,-646
83rxvgk,0.3,(4500,3500,3),392.702040297297,-245
83htweq,0.4,(4500,3500,3),393.669878675676,-245
83hiugo,0.3,(4500,3500,3),407.29360541821,-245
977wxtci,0.1,(4500,3500,3),458.108351057512,-244
137ojych,0.1,(4500,3500,3),471.599303972973,164
342zygov,0.2,(4500,3500,3),528.274246371842,-37
295ybiwu,0.2,(4500,3500,3),573.681743167711,-244
854fxzau,0.2,(4500,3500,3),573.812910432432,-245
250vtcjl,0.3,(4500,3500,3),583.496189945946,401
738ysmvq,0.3,(4500,3500,3),662.074850702703,164
195mhsva,0.2,(4500,3500,3),662.454116702703,208
137btxdg,0.4,(4500,3500,3),733.49528972973,-646
735gblqs,0.1,(4500,3500,3),737.251769171538,244
29fgczp,0.2,(4500,3500,3),782.256659351351,245
154dzems,0.1,(4500,3500,3),942.872013326289,-244
154qkljw,0.2,(4500,3500,3),951.255890513514,-244
228kupgh,0.2,(4500,3500,3),1073.030848864865,243
814tsczb,0.4,(4500,3500,3),1087.786333992392,245
228xapjd,0.2,(4500,3500,3),1137.961705081081,-164
713ktyup,0.2,(4500,3500,3),1164.770303712311,245
492lqvmy,1,(4500,3500,3),1212.908609459459,-244
107sptxj,0.1,(4500,3500,3),1390.871399,-244
658ocfna,0.2,(4500,3500,3),1466.498289756757,245
658axdzy,0.3,(4500,3500,3),1528.455778297297,326
519ialvx,0.3,(4500,3500,3),1644.377784594595,244
216riotq,0.2,(4500,3500,3),1732.370603081081,209
649hugaj,0.1,(4500,3500,3),1765.667348324324,-401
