741yjhin,0.4,(4500,3500,3),178.081438627102,-244
265tuckw,0.2,(4500,3500,3),182.606847537558,-164
160bojam,0.3,(4500,3500,3),280.998777850099,-646
640lhawy,0.2,(4500,3500,3),360.649564351351,-646
83rxvgk,0.3,(4500,3500,3),392.701750297297,-245
83htweq,0.2,(4500,3500,3),392.714139837838,-245
250vtcjl,0.2,(4500,3500,3),411.520168297297,208
295ybiwu,0.2,(4500,3500,3),573.681743167711,-244
977wxtci,0.1,(4500,3500,3),642.108351057512,-243
738ysmvq,0.3,(4500,3500,3),662.074517702703,164
195mhsva,0.2,(4500,3500,3),662.453783702703,208
137ojych,0.7,(4500,3500,3),718.229866810811,-646
137btxdg,0.1,(4500,3500,3),723.252149432432,-646
735gblqs,0.3,(4500,3500,3),742.543225171538,244
29fgczp,0.2,(4500,3500,3),782.256326351351,245
21wuofa,0.3,(4500,3500,3),878.088244918919,-325
738csgey,0.2,(4500,3500,3),894.89953394189,-646
154dzems,0.4,(4500,3500,3),943.345594299262,-244
154qkljw,0.2,(4500,3500,3),951.255570513514,-244
228kupgh,0.3,(4500,3500,3),1072.280718297297,243
814tsczb,0.3,(4500,3500,3),1084.895665019419,245
228xapjd,0.3,(4500,3500,3),1137.182571621622,-164
713ktyup,0.3,(4500,3500,3),1167.972711496094,245
40zhsdb,0.4,(4500,3500,3),1321.061866865371,244
658ocfna,0.3,(4500,3500,3),1468.117385135135,245
658axdzy,0.2,(4500,3500,3),1528.351732864865,326
216riotq,0.3,(4500,3500,3),1732.374311621622,209
578kxmet,0.5,(4500,3500,3),1798.338273216216,245
519ialvx,0.4,(4500,3500,3),1807.393759459459,245
649hugaj,0.9,(4500,3500,3),1948.541449918919,245
