182wzumh,0.3,(4500,5500,3),49.29478636604,112
29cqdem,0.1,(4500,5500,3),51.945527887097,-453
772rgkbf,0.1,(4500,5500,3),82.932371179487,-352
67nlukq,0.2,(4500,5500,3),100.477364803248,111
663uabvr,0.3,(4500,5500,3),238.616431215385,112
658bnrie,0.2,(4500,5500,3),247.549454626133,-111
163tqzkb,0.4,(4500,5500,3),272.173960666667,453
216lphxu,0.1,(4500,5500,3),555.993840948718,288
975actqu,0.3,(4500,5500,3),715.794812947926,110
402vmfnd,0.3,(4500,5500,3),767.789958283115,-20
662yajln,0.5,(4500,5500,3),1021.944509435897,286
608kuqew,0.1,(4500,5500,3),1025.377115389744,-114
665dvxwr,0.1,(4500,5500,3),1072.273669133333,20
779ygjux,0.1,(4500,5500,3),1076.833875917949,19
578aobce,0.2,(4500,5500,3),1126.952821974359,-210
270fqgdt,0.1,(4500,5500,3),1176.779675430769,-25
438xadyu,0.1,(4500,5500,3),1317.989418153846,-20
195cpytd,0.6,(4500,5500,3),1477.643896923077,-113
195deivh,0.1,(4500,5500,3),1482.15616623298,-113
886hxknz,0.2,(4500,5500,3),1497.051276415385,21
662evbnk,0.3,(4500,5500,3),1597.110017907692,-112
651ogfwr,0.5,(4500,5500,3),1632.745492807247,453
662upkfa,0.3,(4500,5500,3),1677.241359370066,-110
66jczpk,0.2,(4500,5500,3),1976.320103984615,-108
