714isvnl,0.3,(5500,500,3),356.743823957821,-8
969pjdwe,0.4,(5500,500,3),368.748009792162,-7
100dmpei,0.5,(5500,500,3),438.886838607477,-10
7fihgl,0.6,(5500,500,3),558.159467457944,8
7cjzyl,0.2,(5500,500,3),564.010028620367,8
417gmvlj,0.2,(5500,500,3),618.930337457944,7
293ycejd,0.4,(5500,500,3),688.797427953271,8
189bjplc,0.4,(5500,500,3),697.435534698295,10
401kbpxa,0.6,(5500,500,3),776.192569706105,-10
417zmoti,0.2,(5500,500,3),782.494603902494,9
320cdtbf,0.3,(5500,500,3),801.648506403909,10
320qinzg,0.6,(5500,500,3),802.502966925234,10
320dsevl,0.3,(5500,500,3),817.001156404406,10
16pidzo,0.2,(5500,500,3),848.656875027918,10
815rmkzd,0.2,(5500,500,3),853.311020793178,10
401lrhtx,0.3,(5500,500,3),891.705912018692,-8
196rtgln,0.2,(5500,500,3),1069.469808292869,10
934isoct,0.2,(5500,500,3),1086.500173645181,-8
485hmpdz,0.2,(5500,500,3),1277.581705271028,8
352hycfk,0.3,(5500,500,3),1441.973669074766,7
352qgxho,0.3,(5500,500,3),1502.212585935504,8
144pksmr,0.2,(5500,500,3),1517.703729670213,8
18ahvgc,0.1,(5500,500,3),1596.400180555333,-7
288zkewa,0.3,(5500,500,3),1623.054416232499,-8
447eukhm,0.1,(5500,500,3),1628.103304598131,6
254eygpq,0.2,(5500,500,3),1648.717420419238,-7
242raotw,0.2,(5500,500,3),1776.863982700935,8
759typsg,0.3,(5500,500,3),1859.864354387978,9
447ikrzb,0.1,(5500,500,3),1868.924962327103,7
308pzebh,0.3,(5500,500,3),1888.601416579439,-10
