969pjdwe,0.2,(5500,500,3),310.655509455714,-8
100dmpei,0.2,(5500,500,3),437.013912242991,-10
123hobnc,0.2,(5500,500,3),563.314098448598,7
7cjzyl,0.3,(5500,500,3),569.027513779246,8
293ycejd,0.2,(5500,500,3),616.745266476636,7
417gmvlj,0.4,(5500,500,3),618.925409915888,7
189bjplc,0.2,(5500,500,3),632.970220006706,9
320qinzg,0.1,(5500,500,3),726.752026654206,9
16pidzo,0.3,(5500,500,3),772.948753906423,9
417zmoti,0.3,(5500,500,3),783.237695341746,9
320cdtbf,0.2,(5500,500,3),801.435871488021,10
320dsevl,0.2,(5500,500,3),811.59168021749,10
815rmkzd,0.2,(5500,500,3),852.311020793178,10
401lrhtx,0.3,(5500,500,3),891.706232018692,-8
196cvklz,0.5,(5500,500,3),936.403073364486,8
196rtgln,0.2,(5500,500,3),1069.469808292869,10
934isoct,0.3,(5500,500,3),1093.399215738639,-8
485hmpdz,0.3,(5500,500,3),1279.069053906542,8
240qigmo,0.2,(5500,500,3),1381.9133739049,-7
352qgxho,0.4,(5500,500,3),1503.759681860738,8
144pksmr,0.3,(5500,500,3),1524.210780735634,8
18ahvgc,0.3,(5500,500,3),1605.337575994586,-7
288zkewa,0.2,(5500,500,3),1621.998577727826,-8
242raotw,0.3,(5500,500,3),1778.764177551402,8
759typsg,0.2,(5500,500,3),1854.258882687043,9
447eukhm,0.7,(5500,500,3),1856.501260186916,7
447ikrzb,0.1,(5500,500,3),1868.925308327103,7
