969pjdwe,0.2,(5500,500,3),367.655509455714,-7
714isvnl,0.7,(5500,500,3),422.869603098008,-7
7fihgl,0.4,(5500,500,3),473.772710971963,7
7cjzyl,0.2,(5500,500,3),564.010028620367,8
293ycejd,0.2,(5500,500,3),616.745119476636,7
189bjplc,0.2,(5500,500,3),633.970220006706,9
123hobnc,0.6,(5500,500,3),646.634854345794,8
16ruimy,0.5,(5500,500,3),698.463055589853,8
320qinzg,0.2,(5500,500,3),728.102108308411,9
16pidzo,0.3,(5500,500,3),772.948753906423,9
417zmoti,0.2,(5500,500,3),781.494603902494,9
320cdtbf,0.3,(5500,500,3),803.648506403909,10
320dsevl,0.3,(5500,500,3),817.001156404406,10
815rmkzd,0.2,(5500,500,3),852.311020793178,10
401lrhtx,0.2,(5500,500,3),892.492578345794,-8
196cvklz,0.5,(5500,500,3),936.402887364486,8
196rtgln,0.3,(5500,500,3),1076.368850386327,10
934isoct,0.2,(5500,500,3),1090.500173645181,-8
485hmpdz,0.3,(5500,500,3),1279.068906906542,8
352hycfk,0.7,(5500,500,3),1503.280655841121,8
144pksmr,0.2,(5500,500,3),1517.703729670213,8
18ahvgc,0.3,(5500,500,3),1605.337575994586,-7
288zkewa,0.3,(5500,500,3),1623.054416232499,-8
447eukhm,0.2,(5500,500,3),1633.669724196262,6
254eygpq,0.2,(5500,500,3),1648.717420419238,-7
242raotw,0.2,(5500,500,3),1776.864142700935,8
759typsg,0.2,(5500,500,3),1854.258882687043,9
447ikrzb,0.1,(5500,500,3),1868.925122327103,7
308pzebh,0.3,(5500,500,3),1888.601602579439,-10
