297gutlc,0.2,(5500,4500,3),148.288428939434,13
403orhny,0.1,(5500,4500,3),288.010451989546,123
429utfqm,0.1,(5500,4500,3),355.694516880264,-13
757qdwys,0.2,(5500,4500,3),417.159435817493,14
429izmjk,0.2,(5500,4500,3),449.612926691589,14
371ysqhk,0.3,(5500,4500,3),557.184534504673,-13
431raone,0.2,(5500,4500,3),578.891193850467,14
398syxbp,0.3,(5500,4500,3),631.204284953271,-13
398cbind,0.3,(5500,4500,3),634.037033527783,-13
292efsbz,0.5,(5500,4500,3),641.972017105759,-13
573qlrgh,0.3,(5500,4500,3),777.092418439252,-14
438vgixf,0.3,(5500,4500,3),1042.893221724256,-210
369nfuls,0.2,(5500,4500,3),1137.049495747664,-375
651yxcuq,0.3,(5500,4500,3),1157.466224173739,-25
317owpsj,0.3,(5500,4500,3),1171.541645963855,-13
710zikhg,0.6,(5500,4500,3),1183.384646616822,-210
904nayfq,0.2,(5500,4500,3),1185.570026383178,13
913agoml,0.7,(5500,4500,3),1196.199766057797,376
772eurah,0.2,(5500,4500,3),1273.128630093458,-14
202johcx,0.6,(5500,4500,3),1407.532215439252,-13
267gbikv,0.2,(5500,4500,3),1443.627849271028,210
665plemk,0.5,(5500,4500,3),1458.146222336449,-14
975pkgtr,0.2,(5500,4500,3),1478.324346047551,-374
772rxnfu,0.1,(5500,4500,3),1495.383017776946,-375
202grulk,0.5,(5500,4500,3),1506.476905943925,14
243dtmhr,0.1,(5500,4500,3),1516.28741806849,-210
446bfszw,0.4,(5500,4500,3),1543.280442186388,-13
947qhkmw,0.4,(5500,4500,3),1576.417288136699,13
947wurlm,0.1,(5500,4500,3),1586.742390579439,13
130xwzav,0.3,(5500,4500,3),1651.15727071028,14
684rbjzm,0.1,(5500,4500,3),1661.152467607477,14
684labnx,0.1,(5500,4500,3),1668.238358785186,14
856ljckz,0.2,(5500,4500,3),1692.707200607315,-374
52eqtsr,0.3,(5500,4500,3),1737.231843504673,-14
446myjvc,0.3,(5500,4500,3),1787.202531383178,-210
52agvbh,0.5,(5500,4500,3),1846.93051245285,13
52dpkez,0.2,(5500,4500,3),1863.689168560072,13
684sqjut,0.1,(5500,4500,3),1912.529504719626,-25
796hsopd,0.3,(5500,4500,3),1942.228945093458,-375
