403wdsri,0.2,(5500,3500,3),75.191237004194,428
57jyspk,0.4,(5500,3500,3),188.082419031746,92
632vxojz,0.4,(5500,3500,3),396.206657586168,89
886ygoij,0.4,(5500,3500,3),498.624144630455,-89
21wuofa,0.1,(5500,3500,3),711.897462877095,90
492nshef,0.1,(5500,3500,3),777.779165709838,-89
29fgczp,0.1,(5500,3500,3),782.825645174603,245
747zrstw,0.2,(5500,3500,3),957.548829063492,-89
434jktvg,0.2,(5500,3500,3),985.547065776806,-89
182jfwnh,0.2,(5500,3500,3),1061.49987167783,93
107algfp,0.3,(5500,3500,3),1078.006144233435,90
640xjust,0.3,(5500,3500,3),1127.606917571429,296
640xsqia,0.3,(5500,3500,3),1273.699602238553,675
104cltra,0.2,(5500,3500,3),1665.163746871897,673
40xqjul,0.2,(5500,3500,3),1873.271584396825,93
