368keinx,0.2,(6500,4500,3),221.776235478265,224
366kyxpd,0.3,(6500,4500,3),265.762594439155,-222
360xfghz,0.2,(6500,4500,3),271.181032228571,-223
398yxjgi,0.3,(6500,4500,3),297.540669145608,223
729yewdx,0.2,(6500,4500,3),328.305314925642,-223
25wxasc,0.2,(6500,4500,3),467.965693140373,-223
26kcitn,0.3,(6500,4500,3),588.345422085714,222
26nmqgv,0.6,(6500,4500,3),777.428238742857,223
710zikhg,0.1,(6500,4500,3),857.29749985485,375
317pgrui,0.1,(6500,4500,3),890.73495404554,224
1ixmed,0.3,(6500,4500,3),892.460613742857,374
243dhrfx,0.5,(6500,4500,3),941.258724857143,223
66tbwcy,0.1,(6500,4500,3),1031.649584857143,375
202nevmc,0.3,(6500,4500,3),1032.871728114286,223
243lvkpw,0.1,(6500,4500,3),1045.856269087223,224
594aruzi,0.1,(6500,4500,3),1046.924832085714,374
26ibful,0.3,(6500,4500,3),1052.380693515912,375
130qpuhg,0.3,(6500,4500,3),1113.720407685714,223
446lpdgo,0.1,(6500,4500,3),1117.434725914286,223
684semng,0.1,(6500,4500,3),1118.066865219048,223
130wnqgx,0.2,(6500,4500,3),1121.164043930245,223
446ohkwb,0.3,(6500,4500,3),1136.177572610784,223
620yznhq,0.3,(6500,4500,3),1216.133011110183,374
684rbjzm,0.3,(6500,4500,3),1232.628031542857,224
178xcowf,0.4,(6500,4500,3),1283.796002976755,-223
573thegv,0.2,(6500,4500,3),1292.855565461227,-223
316rbvyp,0.3,(6500,4500,3),1297.335041742857,-224
130xwzav,0.1,(6500,4500,3),1326.90701551485,374
684sqjut,0.3,(6500,4500,3),1337.72216323212,374
316tqxko,0.1,(6500,4500,3),1386.624510761905,-223
904fugpb,0.1,(6500,4500,3),1466.106442833383,-374
106ybnlo,0.4,(6500,4500,3),1541.691096571429,-224
169acbru,0.9,(6500,4500,3),1592.8543582,-223
169algmv,0.4,(6500,4500,3),1592.995455069659,-223
169eklqi,0.3,(6500,4500,3),1605.194164389494,-223
856ljckz,0.6,(6500,4500,3),1693.575757057143,-374
665cuptw,0.5,(6500,4500,3),1696.135533142857,-375
106vhiks,0.1,(6500,4500,3),1750.509098952381,-222
772rxnfu,0.2,(6500,4500,3),1771.795368133333,-223
772vdeah,0.2,(6500,4500,3),1772.441679838095,-223
947mtqjl,0.3,(6500,4500,3),1807.600101085714,-374
287eqsxg,0.6,(6500,4500,3),1841.584381228571,-374
