355dfmwl,0.2,(6500,3500,3),271.385273376176,643
154fevix,0.2,(6500,3500,3),391.018215,73
268trcgu,0.3,(6500,3500,3),416.901779384615,73
914dhkpy,0.2,(6500,3500,3),485.847570371594,71
81vjysc,0.1,(6500,3500,3),560.448903044324,-73
434ibgxh,0.5,(6500,3500,3),653.629906076923,-75
107kpayi,0.3,(6500,3500,3),656.725198846154,-75
492rxzdk,0.3,(6500,3500,3),669.674930750558,130
756terlj,0.4,(6500,3500,3),672.777277538462,595
900rjmhz,0.4,(6500,3500,3),886.691835846154,130
317pgrui,0.1,(6500,3500,3),890.808180769231,224
684rbjzm,0.1,(6500,3500,3),936.357292153846,222
316byklf,0.1,(6500,3500,3),1386.860469307692,-223
316tqaug,0.1,(6500,3500,3),1392.426717461538,-223
552acqmw,0.1,(6500,3500,3),1393.814898076923,374
