1ugpoi,0.1,(7500,4500,3),194.187862661972,257
304wysau,0.3,(7500,4500,3),326.122428906567,-225
414xnpuv,0.3,(7500,4500,3),337.953745370425,258
66ekiyt,0.3,(7500,4500,3),423.164524169014,-225
26kcitn,0.1,(7500,4500,3),436.780056220111,-225
666kmdyv,0.3,(7500,4500,3),472.68408484507,-225
360twgdz,0.1,(7500,4500,3),553.110750410599,225
497tdper,0.2,(7500,4500,3),623.048136408451,-226
552jthfp,0.2,(7500,4500,3),722.986327796691,257
202nevmc,0.1,(7500,4500,3),803.242676253521,-226
316xhwyj,0.2,(7500,4500,3),1672.376483413191,225
