317lbtxv,0.2,(7500,3500,3),107.159584225579,142
31jiztc,0.5,(7500,3500,3),134.782100611465,-450
82uaoid,0.1,(7500,3500,3),139.302892375796,-259
146troug,0.3,(7500,3500,3),192.963456975843,105
492hspcn,0.2,(7500,3500,3),200.793232227134,-105
455trdqg,0.3,(7500,3500,3),262.295712453901,-141
918cylbn,0.2,(7500,3500,3),270.006101656051,-259
53wfyns,0.2,(7500,3500,3),307.535621066075,142
304wysau,0.1,(7500,3500,3),317.023708878981,-225
107luhfa,0.3,(7500,3500,3),391.072234088852,141
468plrwv,0.1,(7500,3500,3),404.622992878981,-292
900sbhum,0.3,(7500,3500,3),408.209980760332,141
866bwhyd,0.3,(7500,3500,3),430.374927801434,138
89nfxco,0.2,(7500,3500,3),450.175907710583,-450
497tdper,0.1,(7500,3500,3),573.388106226481,292
468rhaxo,0.3,(7500,3500,3),612.061158426752,432
202johcx,0.1,(7500,3500,3),750.722796254777,292
62ocyqs,0.2,(7500,3500,3),760.576712567631,-105
918rqztc,0.3,(7500,3500,3),981.416194044586,523
62ujnos,0.2,(7500,3500,3),1004.097332694179,-141
773ugfrq,0.4,(7500,3500,3),1178.498588262462,-140
278uwtmj,0.5,(7500,3500,3),1267.549708305732,-140
309jbruy,0.4,(7500,3500,3),1552.962200993631,-138
182mqdxr,0.3,(7500,3500,3),1723.010677363057,-140
