139cphfa,0.1,(7500,500,3),135.321427097174,101
334adrec,0.3,(7500,500,3),337.568206594972,-1
124vmexp,0.3,(7500,500,3),366.17411126087,102
8cnvej,0.3,(7500,500,3),471.614427154802,-2
936ptiju,0.2,(7500,500,3),507.350782173913,567
18rtzyq,0.2,(7500,500,3),805.582924339488,-1
198lfice,0.4,(7500,500,3),1342.129461405797,2
7psmwh,0.3,(7500,500,3),1537.86365126087,-102
123lmzrg,0.3,(7500,500,3),1572.92381873913,2
127toqwn,0.3,(7500,500,3),1611.16635126087,1
736siyhc,0.9,(7500,500,3),1616.545063521739,-102
293jsgau,0.3,(7500,500,3),1636.622876130435,2
196juirk,0.2,(7500,500,3),1803.9603888901,-102
555hlwjv,0.2,(7500,500,3),1931.173531336009,-1
