317lbtxv,0.2,(7500,3500,3),107.159584225579,142
31jiztc,0.2,(7500,3500,3),126.687668044586,-450
82uaoid,0.3,(7500,3500,3),142.584985127389,-259
146troug,0.3,(7500,3500,3),192.963456975843,105
492hspcn,0.3,(7500,3500,3),204.23950748828,-105
455trdqg,0.2,(7500,3500,3),257.834255332882,-141
918cylbn,0.3,(7500,3500,3),273.158854484076,-259
53wfyns,0.3,(7500,3500,3),310.901750390915,142
414xnpuv,0.1,(7500,3500,3),327.907263573248,258
243wgcix,0.3,(7500,3500,3),366.646311986241,-259
107luhfa,0.3,(7500,3500,3),391.072234088852,141
468plrwv,0.1,(7500,3500,3),404.623312878981,-292
900sbhum,0.3,(7500,3500,3),408.209980760332,141
866bwhyd,0.4,(7500,3500,3),433.340327444746,138
89nfxco,0.1,(7500,3500,3),447.023500882557,-450
497tdper,0.2,(7500,3500,3),577.235111169156,292
468rhaxo,0.3,(7500,3500,3),612.061517426752,432
202johcx,0.1,(7500,3500,3),750.722969254777,292
62ocyqs,0.2,(7500,3500,3),760.576712567631,-105
278tbkqa,0.5,(7500,3500,3),937.559237815287,-104
918rqztc,0.2,(7500,3500,3),982.821467363057,523
62ujnos,0.3,(7500,3500,3),1007.944337636854,-141
773ugfrq,0.1,(7500,3500,3),1176.114216899405,-140
278uwtmj,0.5,(7500,3500,3),1267.549868305732,-140
309jbruy,0.6,(7500,3500,3),1552.564678490446,-138
182mqdxr,0.3,(7500,3500,3),1723.010980363057,-140
