1ugpoi,0.2,(7500,4500,3),197.850027323944,257
66ekiyt,0.2,(7500,4500,3),253.881089112676,257
304wysau,0.3,(7500,4500,3),326.122428906567,-225
414xnpuv,0.3,(7500,4500,3),337.953745370425,258
26kcitn,0.1,(7500,4500,3),436.780056220111,-225
243mruaj,0.3,(7500,4500,3),458.112412422535,257
666kmdyv,0.3,(7500,4500,3),472.68373884507,-225
360twgdz,0.3,(7500,4500,3),696.689392438768,-257
552nmayr,0.1,(7500,4500,3),712.777173760563,257
552jthfp,0.2,(7500,4500,3),722.986327796691,257
316xhwyj,0.3,(7500,4500,3),1677.338758568121,225
