5.752658367156982
4.149669170379639
4.872967481613159
4.333908557891846
4.224431991577148
3.8744170665740967
4.3226752281188965
5.038906812667847
3.683392286300659
4.418636083602905
4.403339624404907
4.497035503387451
3.8473191261291504
4.204573631286621
4.839329481124878
4.4346253871917725
3.9191415309906006
4.106029033660889
4.709058046340942
4.345340728759766
4.17316198348999
4.313187122344971
4.693768262863159
4.6009416580200195
3.8782801628112793
4.48041033744812
4.2545671463012695
4.401327610015869
4.375126123428345
4.578531265258789
4.576626300811768
4.760468244552612
5.007350444793701
3.7957682609558105
4.741511106491089
4.655547380447388
5.112183570861816
4.021359443664551
4.398330926895142
4.482583999633789
5.0892064571380615
4.282907009124756
4.361406087875366
4.813552379608154
4.118713617324829
5.019853115081787
4.1961705684661865
3.864434242248535
4.5090720653533936
4.211387872695923
3.36226224899292
4.861984491348267
4.9860124588012695
4.632819175720215
4.5420308113098145
4.577592372894287
4.52313494682312
4.7685675621032715
4.179906845092773
4.674531698226929
4.2126617431640625
4.869915246963501
4.262053966522217
4.027249813079834
3.956390380859375
4.434275388717651
3.974935531616211
4.449190139770508
3.910778284072876
4.384761571884155
4.903362512588501
5.407743692398071
4.430039405822754
3.995241165161133
4.1687397956848145
4.572862148284912
4.0999743938446045
4.558687686920166
5.232037782669067
4.379267692565918
4.206615924835205
4.992893218994141
4.398420572280884
4.933230876922607
4.4184839725494385
4.1197669506073
4.442837476730347
4.2562971115112305
4.556019306182861
4.902633905410767
4.787603855133057
4.713111162185669
4.078625202178955
3.9832842350006104
4.687641859054565
4.6422340869903564
4.187127351760864
4.124917984008789
5.088412284851074
4.461185455322266
3.8979060649871826
4.977839231491089
4.715877532958984
5.053866386413574
4.888777017593384
4.323155164718628
4.383613586425781
4.191895008087158
4.130636692047119
4.674585580825806
4.989340305328369
4.2001519203186035
4.515312194824219
5.323739767074585
4.1640400886535645
4.1174986362457275
4.384467363357544
4.508234024047852
4.28603982925415
4.166332006454468
4.184095621109009
4.530333042144775
4.448188781738281
4.061031103134155
4.810472249984741
4.644779920578003
4.189001083374023
4.034948825836182
5.629132270812988
3.3517470359802246
4.267300844192505
3.5470917224884033
4.453600883483887
4.087122201919556
4.180622816085815
4.428578853607178
4.562915802001953
4.290262937545776
3.88561749458313
5.024314880371094
4.177163124084473
4.804481744766235
3.850501775741577
4.5622265338897705
4.125521183013916
4.169717788696289
4.41400671005249
4.7339091300964355
3.887559175491333
3.875152111053467
4.778849840164185
4.110002040863037
4.249945163726807
4.341509580612183
4.26823878288269
4.67255973815918
4.1382434368133545
4.3910486698150635
4.7539026737213135
4.416133642196655
4.537008047103882
4.23029899597168
3.9290530681610107
4.213747024536133
4.170397520065308
3.917511463165283
4.235853672027588
4.0131237506866455
3.755885601043701
4.184711933135986
4.468481063842773
4.823122024536133
4.362109184265137
3.997429370880127
4.391788482666016
4.437181234359741
3.9460794925689697
4.128081798553467
4.530597448348999
3.9656457901000977
4.448971271514893
4.005751609802246
4.527376890182495
4.469027996063232
3.717261552810669
3.883218765258789
4.9754111766815186
4.275146484375
3.587665557861328
4.615864515304565
3.5450117588043213
3.9539012908935547
3.5314559936523438
3.4139909744262695
4.306897878646851
3.9322476387023926
4.654621839523315
3.682403802871704
3.634948253631592
3.7881598472595215
4.1015989780426025
4.246293544769287
4.544497966766357
4.436550855636597
4.474765300750732
4.294137954711914
4.044724941253662
4.333832740783691
4.117913722991943
4.1534013748168945
4.081218719482422
4.320436000823975
4.036044597625732
4.074518442153931
4.739143371582031
3.906653881072998
5.028162479400635
4.523913145065308
4.3075785636901855
3.8892600536346436
3.9320316314697266
4.795802116394043
4.795950889587402
4.775676250457764
4.839940786361694
4.583597660064697
4.046082258224487
4.523092985153198
3.5088589191436768
4.197981834411621
4.157263517379761
4.319930076599121
4.357865571975708
4.726017713546753
4.431069612503052
4.802656650543213
3.2852890491485596
4.071074724197388
4.800970792770386
3.411940813064575
4.265766859054565
4.680624008178711
4.320823431015015
4.101792573928833
4.038353443145752
4.186918258666992
4.252573728561401
4.1396644115448
3.9840030670166016
3.7926650047302246
4.706568002700806
4.112572908401489
3.761234760284424
4.629936218261719
3.677990674972534
4.876078367233276
4.313994407653809
4.382595777511597
4.616878032684326
4.265165328979492
4.92975640296936
4.25412654876709
3.648042678833008
4.11076283454895
4.008243560791016
3.9174599647521973
3.788635492324829
3.9122631549835205
4.019241571426392
4.658486366271973
4.3073015213012695
3.7881574630737305
3.588975667953491
4.772907495498657
3.9618582725524902
4.3240602016448975
4.560400724411011
4.077158451080322
3.800955057144165
4.682135343551636
4.699790000915527
4.067668199539185
4.770834445953369
3.459324359893799
3.5061354637145996
4.569306135177612
3.6036319732666016
3.55324387550354
3.1013567447662354
5.2041707038879395
4.3645641803741455
3.7685458660125732
4.25445818901062
4.108237981796265
4.218267440795898
4.377971649169922
3.456618070602417
4.564447402954102
3.8663177490234375
4.179538011550903
3.985886812210083
4.276697635650635
4.348222255706787
3.811708688735962
3.975238561630249
4.072780132293701
4.547985315322876
3.3173463344573975
3.5212767124176025
4.553294658660889
4.365266561508179
3.7480456829071045
4.519750595092773
4.047535181045532
4.156416177749634
4.402686357498169
4.036521911621094
3.9861643314361572
4.5912415981292725
3.820648670196533
4.309570789337158
3.426975727081299
4.9243011474609375
3.6301326751708984
4.107518196105957
4.560401678085327
4.075657367706299
4.8255393505096436
3.4274182319641113
4.073679447174072
4.261061668395996
4.641033172607422
3.67913556098938
4.650801658630371
4.516330718994141
4.5051398277282715
3.9566240310668945
4.051364183425903
3.7401440143585205
3.943248748779297
4.228971481323242
4.585851192474365
4.525843620300293
4.332079648971558
3.9090523719787598
4.083384037017822
3.536329507827759
4.599382162094116
4.092936277389526
4.2177581787109375
4.943021774291992
4.062701940536499
4.6830291748046875
4.534129858016968
3.6843924522399902
4.08570122718811
4.544710397720337
3.9599785804748535
4.497009754180908
4.659700632095337
4.8243677616119385
3.760009527206421
4.396390438079834
3.623136520385742
4.314373254776001
3.5569920539855957
3.885066270828247
4.633336067199707
4.44249701499939
3.728642702102661
4.3856728076934814
3.616131067276001
3.6002824306488037
4.04344916343689
4.237882852554321
4.280544996261597
4.365742444992065
4.10570764541626
3.705934524536133
3.913200616836548
4.5803961753845215
5.019787549972534
3.8914575576782227
5.022700309753418
3.972975015640259
4.090399980545044
4.259875774383545
4.584214448928833
4.174851894378662
4.192451477050781
5.352121353149414
3.70224666595459
3.8062262535095215
4.324071645736694
4.001744747161865
4.479738235473633
4.5197460651397705
4.566411256790161
4.44209623336792
3.8986644744873047
4.100396633148193
4.669175148010254
3.9228949546813965
4.20798921585083
4.191657543182373
3.651740550994873
4.494025707244873
4.004999399185181
4.342960357666016
3.971421003341675
3.8655526638031006
3.9233055114746094
4.49635910987854
4.267016410827637
5.003206253051758
4.576065540313721
4.018870830535889
4.013719797134399
3.6053740978240967
3.478837728500366
3.994488477706909
3.752727508544922
3.913153648376465
4.662221908569336
4.248404502868652
4.185885190963745
4.235204219818115
3.8984549045562744
4.229301452636719
4.222673416137695
4.1900105476379395
4.0147435665130615
3.7024974822998047
3.861008644104004
4.640812397003174
4.138699054718018
3.934130907058716
4.013596296310425
4.139742851257324
3.8104000091552734
4.116183280944824
4.232725143432617
4.404181480407715
4.093338966369629
4.410374879837036
4.900278568267822
4.40879225730896
4.007232904434204
4.43452000617981
3.7047736644744873
4.2905755043029785
4.009350776672363
4.0356972217559814
4.651233911514282
4.350314140319824
3.853963851928711
4.8517677783966064
4.007675886154175
3.8857340812683105
3.843672513961792
3.773406982421875
4.847534894943237
4.552911043167114
4.3932530879974365
4.356289625167847
3.9609358310699463
3.8079068660736084
4.066863298416138
4.322179317474365
4.287102222442627
4.106966733932495
4.139978408813477
4.598761796951294
4.184223413467407
3.7902212142944336
4.681948184967041
4.078108310699463
4.3477394580841064
3.6567068099975586
4.886982202529907
4.231507778167725
4.38034987449646
3.970808267593384
3.7192554473876953
4.069608449935913
4.061649322509766
4.12857723236084
3.9778411388397217
4.870315790176392
4.039255619049072
3.9960174560546875
3.9182543754577637
4.455272912979126
4.4114861488342285
3.5437591075897217
3.497079849243164
4.3007471561431885
3.943398952484131
4.36224889755249
4.388426780700684
5.102867364883423
4.006977796554565
4.3742687702178955
4.4664201736450195
4.14973258972168
4.063277721405029
4.4502174854278564
4.761353969573975
4.2112812995910645
4.086356163024902
4.217913866043091
3.8014016151428223
4.293091535568237
4.567643642425537
3.8737003803253174
4.29714560508728
4.336298227310181
4.191341400146484
4.026418209075928
4.43203067779541
4.1972455978393555
4.040599346160889
3.7174363136291504
3.789668560028076
4.288289546966553
4.401532411575317
4.67145037651062
4.155505895614624
4.465158462524414
4.272411823272705
3.966914653778076
4.1960484981536865
4.407961130142212
4.1440110206604
4.3732664585113525
4.150968790054321
3.465477466583252
4.366185903549194
4.677259922027588
4.594765663146973
3.834364414215088
4.036441087722778
4.259484767913818
3.8723764419555664
3.7533702850341797
4.268244743347168
4.40571403503418
4.2804460525512695
4.328922510147095
4.405777931213379
3.8699662685394287
4.357831239700317
3.690683603286743
4.558495044708252
3.949805736541748
3.8978819847106934
4.022417306900024
3.9409496784210205
4.03206205368042
3.857611656188965
3.8652899265289307
4.3184874057769775
4.213488340377808
4.014349460601807
4.101036310195923
4.225865602493286
4.646374940872192
4.1972267627716064
3.65606951713562
4.019530296325684
4.86749792098999
4.457465410232544
4.441735506057739
4.129246234893799
4.040551662445068
4.090708255767822
4.221951723098755
4.381415843963623
3.9433584213256836
4.631956100463867
4.702364683151245
4.922266006469727
4.48854660987854
4.4569947719573975
4.621184587478638
4.933168888092041
3.900953531265259
4.2747533321380615
4.691838502883911
4.264719486236572
4.09577202796936
3.6039772033691406
3.9402291774749756
4.383051156997681
4.027641534805298
4.814253091812134
4.887972116470337
4.9234185218811035
4.31621789932251
4.724693775177002
3.8316946029663086
3.810896158218384
3.950532913208008
4.5421741008758545
4.566276788711548
4.768404006958008
4.651339292526245
4.417768955230713
4.611161470413208
5.024938583374023
4.258351802825928
3.9176735877990723
4.0280914306640625
4.24784255027771
4.4128828048706055
4.317440032958984
4.937604665756226
4.099266052246094
4.654447078704834
4.481347322463989
4.389012098312378
4.107563734054565
3.7896006107330322
4.483176946640015
4.426952838897705
4.6183021068573
4.588389873504639
4.166902780532837
4.410810708999634
4.430656433105469
4.263315200805664
4.579787254333496
4.4670093059539795
4.46397066116333
4.074732780456543
4.016575813293457
4.800198793411255
5.321469068527222
4.361356496810913
4.334598064422607
4.557488918304443
4.697494268417358
4.031928539276123
4.543451309204102
3.9935686588287354
4.180540084838867
4.626273155212402
4.222666025161743
4.509952545166016
4.719295501708984
3.765824317932129
4.157214164733887
4.200171947479248
4.181580066680908
4.505050420761108
4.361795425415039
4.896650075912476
4.168209791183472
4.362384080886841
4.849548101425171
4.582048177719116
4.732976198196411
4.359500169754028
4.765878200531006
4.288259744644165
4.504643440246582
4.479405879974365
4.366086006164551
4.552074670791626
3.855725049972534
4.709524869918823
4.046922445297241
4.108309507369995
4.41368293762207
3.665959119796753
4.018123149871826
4.351784944534302
4.456465005874634
4.387744903564453
4.248645782470703
4.453058481216431
4.950129508972168
3.9151458740234375
5.045818090438843
4.619779348373413
4.352351903915405
4.453707933425903
4.529103994369507
5.374261856079102
4.8134706020355225
4.067373275756836
4.390073537826538
4.929683685302734
4.472992897033691
4.374416828155518
4.964292049407959
4.202395439147949
4.412384033203125
5.1213133335113525
4.627419948577881
4.726138114929199
4.5392701625823975
4.955851316452026
4.288031101226807
4.341418981552124
4.243870496749878
4.354598522186279
5.001375913619995
4.506324291229248
4.858914852142334
4.955365896224976
4.37615966796875
4.601963043212891
4.617002248764038
4.777583837509155
4.358515977859497
3.6833980083465576
3.5960445404052734
4.30301570892334
3.8458619117736816
3.891248941421509
4.232271432876587
4.925283670425415
4.687328338623047
3.692253589630127
4.11371636390686
3.887969732284546
4.041351318359375
4.093249320983887
4.494361877441406
4.644932270050049
4.780322551727295
4.374009132385254
4.949508905410767
4.27899694442749
4.3187806606292725
4.605550050735474
4.306290149688721
3.5909788608551025
4.523041248321533
