|||;26521,26521,26521,26521,0,0,0,0,1.122487966027
|||;26521,26521,26521,26521,0,0,0,0,6.122487966027
|||;26521,26521,26521,26521,0,0,0,0,11.122487966027
|||;26521,26521,26521,26521,0,0,0,0,16.122487966027
|||;26521,26521,26521,26521,0,0,0,0,21.122487966027
|||;26521,26521,26521,26521,0,0,0,0,26.122487966027
318khxej(2),412vdjqc(1),|235vtcfw(2),318khxej(1),|318khxej(2),412vdjqc(1),|235vtcfw(2),318khxej(1),412vdjqc(1),;19952,24007.1,20515.2,21795.2,35.440668922094,13.79056903921,32.501662048388,29.913063421266,31.122487966027
318khxej(2),412vdjqc(1),|318khxej(2),|318khxej(2),412vdjqc(1),|318khxej(2),412vdjqc(1),;19952,25502.1,20515.2,23290.2,30.440668922094,8.79056903921,27.501662048388,24.913063421266,36.122487966027
318khxej(2),412vdjqc(1),|318khxej(3),|318khxej(2),412vdjqc(1),|318khxej(3),412vdjqc(2),;19952,25502.1,20515.2,23290.2,25.440668922094,3.79056903921,22.501662048388,19.913063421266,41.122487966027
318khxej(2),412vdjqc(1),|318khxej(3),|318khxej(3),412vdjqc(2),|318khxej(3),412vdjqc(2),;19952,25502.1,20515.2,23290.2,20.440668922094,0,17.501662048388,14.913063421266,46.122487966027
318khxej(2),412vdjqc(1),|318khxej(3),|318khxej(3),412vdjqc(2),|318khxej(3),412vdjqc(2),;19952,25502.1,20515.2,23290.2,15.440668922094,0,12.501662048388,9.913063421266,51.122487966027
318khxej(3),412vdjqc(2),|318khxej(3),|318khxej(3),412vdjqc(2),|318khxej(3),412vdjqc(3),;19952,25502.1,20515.2,23290.2,10.440668922094,0,7.501662048388,4.913063421266,56.122487966027
318khxej(3),412vdjqc(2),|318khxej(3),|318khxej(3),412vdjqc(3),|318khxej(3),412vdjqc(3),;19952,25502.1,20515.2,23290.2,5.440668922094,0,2.501662048388,0,61.122487966027
318khxej(3),412vdjqc(3),|318khxej(3),|318khxej(3),412vdjqc(3),|318khxej(3),412vdjqc(3),;19952,25502.1,20515.2,23290.2,0.440668922094,0,0,0,66.122487966027
318khxej(3),412vdjqc(3),|318khxej(3),|318khxej(3),412vdjqc(3),|318khxej(3),412vdjqc(3),;19952,25502.1,20515.2,23290.2,0,0,0,0,71.122487966027
318khxej(3),412vdjqc(3),|318khxej(3),|318khxej(3),412vdjqc(3),|318khxej(3),412vdjqc(3),;19952,25502.1,20515.2,23290.2,0,0,0,0,76.122487966027
318khxej(3),412vdjqc(3),|318khxej(3),|318khxej(3),412vdjqc(3),|318khxej(3),412vdjqc(3),;19952,25502.1,20515.2,23290.2,0,0,0,0,81.122487966027
318khxej(3),412vdjqc(3),|318khxej(3),|318khxej(3),412vdjqc(3),|318khxej(3),412vdjqc(3),;19952,25502.1,20515.2,23290.2,0,0,0,0,86.122487966027
318khxej(3),412vdjqc(3),|318khxej(3),|318khxej(3),412vdjqc(3),|318khxej(3),412vdjqc(3),;19952,25502.1,20515.2,23290.2,0,0,0,0,91.122487966027
318khxej(3),412vdjqc(3),|318khxej(3),|318khxej(3),412vdjqc(3),|318khxej(3),412vdjqc(3),;19952,25502.1,20515.2,23290.2,0,0,0,0,96.122487966027
318khxej(3),412vdjqc(3),|318khxej(3),|318khxej(3),412vdjqc(3),|318khxej(3),412vdjqc(3),;19952,25502.1,20515.2,23290.2,0,0,0,0,101.122487966027
318khxej(3),412vdjqc(3),|318khxej(3),|318khxej(3),412vdjqc(3),|318khxej(3),412vdjqc(3),;19952,25502.1,20515.2,23290.2,0,0,0,0,106.122487966027
318khxej(3),412vdjqc(3),|318khxej(3),|318khxej(3),412vdjqc(3),|318khxej(3),412vdjqc(3),;19952,25502.1,20515.2,23290.2,0,0,0,0,111.122487966027
318khxej(3),412vdjqc(3),|318khxej(3),|318khxej(3),412vdjqc(3),|318khxej(3),412vdjqc(3),;19952,25502.1,20515.2,23290.2,0,0,0,0,116.122487966027
318khxej(3),412vdjqc(3),|318khxej(3),|318khxej(3),412vdjqc(3),|318khxej(3),412vdjqc(3),;19952,25502.1,20515.2,23290.2,0,0,0,0,121.122487966027
318khxej(3),412vdjqc(3),|318khxej(3),|318khxej(3),412vdjqc(3),|318khxej(3),412vdjqc(3),;19952,25502.1,20515.2,23290.2,0,0,0,0,126.122487966027
318khxej(3),412vdjqc(3),|318khxej(3),|318khxej(3),412vdjqc(3),|318khxej(3),412vdjqc(3),;19952,25502.1,20515.2,23290.2,0,0,0,0,131.122487966027
318khxej(3),412vdjqc(3),|318khxej(3),|318khxej(3),412vdjqc(3),|318khxej(3),412vdjqc(3),;19952,25502.1,20515.2,23290.2,0,0,0,0,136.122487966027
318khxej(3),412vdjqc(3),|318khxej(3),|318khxej(3),412vdjqc(3),|318khxej(3),412vdjqc(3),;19952,25502.1,20515.2,23290.2,0,0,0,0,141.122487966027
318khxej(3),412vdjqc(3),|318khxej(3),|318khxej(3),412vdjqc(3),|318khxej(3),412vdjqc(3),;19952,25502.1,20515.2,23290.2,0,0,0,0,146.122487966027
318khxej(3),412vdjqc(3),|318khxej(3),|318khxej(3),412vdjqc(3),|318khxej(3),412vdjqc(3),;19952,25502.1,20515.2,23290.2,0,0,0,0,151.122487966027
318khxej(3),412vdjqc(3),|318khxej(3),|318khxej(3),412vdjqc(3),|318khxej(3),412vdjqc(3),;19952,25502.1,20515.2,23290.2,0,0,0,0,156.122487966027
318khxej(3),412vdjqc(3),|318khxej(3),|318khxej(3),412vdjqc(3),|318khxej(3),412vdjqc(3),;19952,25502.1,20515.2,23290.2,0,0,0,0,161.122487966027
318khxej(3),412vdjqc(3),|318khxej(3),|318khxej(3),412vdjqc(3),|318khxej(3),412vdjqc(3),;19952,25502.1,20515.2,23290.2,0,0,0,0,166.122487966027
318khxej(3),|318khxej(3),|318khxej(3),|318khxej(3),;21426.6,25502.1,23464.3,25502,0,0,0,0,171.122487966027
318khxej(3),|318khxej(3),|318khxej(3),|318khxej(3),;21426.6,25502.1,23464.3,25502,0,0,0,0,176.122487966027
318khxej(3),|318khxej(3),|318khxej(3),|318khxej(3),;21426.6,25502.1,23464.3,25502,0,0,0,0,181.122487966027
318khxej(3),|318khxej(3),|318khxej(3),|318khxej(3),;21426.6,25502.1,23464.3,25502,0,0,0,0,186.122487966027
318khxej(3),|318khxej(3),|318khxej(3),|318khxej(3),;21426.6,25502.1,23464.3,25502,0,0,0,0,191.122487966027
318khxej(3),|318khxej(3),|318khxej(3),|318khxej(3),;21426.6,25502.1,23464.3,25502,0,0,0,0,196.122487966027
318khxej(3),|318khxej(3),|318khxej(3),|318khxej(3),;21426.6,25502.1,23464.3,25502,0,0,0,0,201.122487966027
318khxej(3),|318khxej(3),|318khxej(3),|318khxej(3),;21426.6,25502.1,23464.3,25502,0,0,0,0,206.122487966027
318khxej(3),|318khxej(3),|318khxej(3),|318khxej(3),;21426.6,25502.1,23464.3,25502,0,0,0,0,211.122487966027
318khxej(3),|318khxej(3),|318khxej(3),796ogdws(2),|318khxej(3),796ogdws(2),;21426.6,25502.1,22675.8,24713.5,0,0,3.947297591436,3.947297591436,216.122487966027
318khxej(3),|318khxej(3),|318khxej(3),|318khxej(3),;21426.6,25502.1,23464.3,25502,0,0,0,0,221.122487966027
318khxej(3),|318khxej(3),|318khxej(3),|318khxej(3),;21426.6,25502.1,23464.3,25502,0,0,0,0,226.122487966027
318khxej(3),|318khxej(3),|318khxej(3),|318khxej(3),;21426.6,25502.1,23464.3,25502,0,0,0,0,231.122487966027
318khxej(3),|318khxej(3),|318khxej(3),|318khxej(3),;21426.6,25502.1,23464.3,25502,0,0,0,0,236.122487966027
|||;26521,26521,26520.9,26520.9,0,0,0,0,241.122487966027
|||;26521,26521,26520.9,26520.9,0,0,0,0,246.122487966027
|||;26521,26521,26520.9,26520.9,0,0,0,0,251.122487966027
|||;26521,26521,26520.9,26520.9,0,0,0,0,256.122487966027
|||;26521,26521,26520.9,26520.9,0,0,0,0,261.122487966027
|||;26521,26521,26520.9,26520.9,0,0,0,0,266.122487966027
287ezxyd(2),|287ezxyd(2),|287ezxyd(2),|287ezxyd(2),;24810.9,24810.9,23100.7,24810.8,7.654071303765,7.654071303765,16.577964902109,7.654071303765,271.122487966027
287ezxyd(2),|287ezxyd(2),|287ezxyd(2),|287ezxyd(2),;24810.9,24810.9,23100.7,24810.8,2.654071303765,2.654071303765,11.577964902109,2.654071303765,276.122487966027
||287ezxyd(2),|;26521,26521,23100.7,26520.9,0,0,6.577964902109,0,281.122487966027
||287ezxyd(2),|;26521,26521,23100.7,26520.9,0,0,1.577964902109,0,286.122487966027
|||;26521,26521,26520.9,26520.9,0,0,0,0,291.122487966027
534zhdey(0),|534zhdey(0),|534zhdey(0),|534zhdey(0),;24985,24217,24984.9,24216.9,9.226688261124,13.234424907086,9.226688261124,13.234424907086,296.122487966027
534zhdey(2),647kojnr(1),|534zhdey(2),647kojnr(1),|534zhdey(2),647kojnr(1),|534zhdey(2),647kojnr(1),;23172.5,23612.8,23172.4,23008.6,17.279792630431,15.139356953412,17.279792630431,18.213443114903,301.122487966027
647kojnr(2),|534zhdey(2),647kojnr(1),|647kojnr(2),|534zhdey(2),647kojnr(1),;24708.5,23612.8,24708.4,23008.6,12.279792630431,10.139356953412,12.279792630431,13.213443114903,306.122487966027
647kojnr(2),126iglyh(1),|647kojnr(2),|647kojnr(2),126iglyh(1),|647kojnr(2),126iglyh(1),;21554.6,25916.8,20766,24524.1,27.859903771176,5.139356953412,31.974513394364,16.449725386083,311.122487966027
647kojnr(3),126iglyh(2),|647kojnr(3),|647kojnr(3),126iglyh(2),|647kojnr(3),126iglyh(2),;21554.6,25916.8,20766,24524.1,22.859903771176,0.139356953412,26.974513394364,11.449725386083,316.122487966027
647kojnr(3),126iglyh(2),412audkf(0),|647kojnr(3),412audkf(0),|647kojnr(3),126iglyh(2),|647kojnr(3),126iglyh(3),412audkf(0),;18682.3,22087,20766,21651.8,41.235588928971,25.281134877069,21.974513394364,29.825410543878,321.122487966027
647kojnr(3),126iglyh(2),412audkf(0),|647kojnr(3),412audkf(0),|647kojnr(3),126iglyh(2),|647kojnr(3),126iglyh(3),412audkf(0),;18682.3,22087,20766,21651.8,36.235588928971,20.281134877069,16.974513394364,24.825410543878,326.122487966027
647kojnr(3),126iglyh(2),412audkf(1),|647kojnr(3),412audkf(2),|647kojnr(3),126iglyh(2),|647kojnr(3),126iglyh(3),412audkf(2),;18682.3,22087,20766,21651.8,31.235588928971,15.281134877069,11.974513394364,19.825410543878,331.122487966027
647kojnr(3),126iglyh(3),412audkf(2),|647kojnr(3),412audkf(2),|647kojnr(3),126iglyh(2),|647kojnr(3),126iglyh(3),412audkf(2),;18682.3,22087,20766,21651.8,26.235588928971,10.281134877069,6.974513394364,14.825410543878,336.122487966027
647kojnr(3),126iglyh(3),412audkf(2),|647kojnr(3),412audkf(2),|647kojnr(3),126iglyh(3),|647kojnr(3),126iglyh(3),;18682.3,22087,20766,24524.1,21.235588928971,5.281134877069,1.974513394364,9.825410543878,341.122487966027
647kojnr(3),126iglyh(3),412audkf(2),|647kojnr(3),|647kojnr(3),126iglyh(3),|647kojnr(3),126iglyh(3),;18682.3,25916.8,20766,24524.1,16.235588928971,0.281134877069,0,4.825410543878,346.122487966027
647kojnr(3),126iglyh(3),|647kojnr(3),|647kojnr(3),126iglyh(3),|647kojnr(3),126iglyh(3),;21554.6,25916.8,20766,24524.1,11.235588928971,0,0,0,351.122487966027
647kojnr(3),126iglyh(3),|647kojnr(3),|647kojnr(3),126iglyh(3),|647kojnr(3),126iglyh(3),;21554.6,25916.8,20766,24524.1,6.235588928971,0,0,0,356.122487966027
647kojnr(3),126iglyh(3),|647kojnr(3),|647kojnr(3),126iglyh(3),|647kojnr(3),126iglyh(3),;21554.6,25916.8,20766,24524.1,1.235588928971,0,0,0,361.122487966027
647kojnr(3),126iglyh(3),|647kojnr(3),|647kojnr(3),126iglyh(3),|647kojnr(3),126iglyh(3),;21554.6,25916.8,20766,24524.1,0,0,0,0,366.122487966027
647kojnr(3),126iglyh(3),|647kojnr(3),|647kojnr(3),126iglyh(3),|647kojnr(3),126iglyh(3),;21554.6,25916.8,20766,24524.1,0,0,0,0,371.122487966027
647kojnr(3),126iglyh(3),|647kojnr(3),|647kojnr(3),126iglyh(3),|647kojnr(3),126iglyh(3),;21554.6,25916.8,20766,24524.1,0,0,0,0,376.122487966027
647kojnr(3),126iglyh(3),|647kojnr(3),|647kojnr(3),126iglyh(3),|647kojnr(3),126iglyh(3),;21554.6,25916.8,20766,24524.1,0,0,0,0,381.122487966027
647kojnr(3),126iglyh(3),|647kojnr(3),|647kojnr(3),126iglyh(3),|647kojnr(3),126iglyh(3),;21554.6,25916.8,20766,24524.1,0,0,0,0,386.122487966027
647kojnr(3),126iglyh(3),|647kojnr(3),|647kojnr(3),126iglyh(3),|647kojnr(3),126iglyh(3),;21554.6,25916.8,20766,24524.1,0,0,0,0,391.122487966027
647kojnr(3),126iglyh(3),|647kojnr(3),|647kojnr(3),126iglyh(3),|647kojnr(3),126iglyh(3),;21554.6,25916.8,20766,24524.1,0,0,0,0,396.122487966027
647kojnr(3),126iglyh(3),|647kojnr(3),|647kojnr(3),126iglyh(3),|647kojnr(3),126iglyh(3),;21554.6,25916.8,20766,24524.1,0,0,0,0,401.122487966027
647kojnr(3),126iglyh(3),|647kojnr(3),|647kojnr(3),126iglyh(3),|647kojnr(3),126iglyh(3),;21554.6,25916.8,20766,24524.1,0,0,0,0,406.122487966027
126iglyh(3),318mqvfi(0),||126iglyh(3),|126iglyh(3),;21216.7,26521,22578.5,25732.4,12.946177488182,0,0,0,411.122487966027
126iglyh(3),318mqvfi(2),||126iglyh(3),|;21216.7,26521,22578.5,26520.9,7.946177488182,0,0,0,416.122487966027
126iglyh(3),318mqvfi(2),||126iglyh(3),|;21216.7,26521,22578.5,26520.9,2.946177488182,0,0,0,421.122487966027
126iglyh(3),||126iglyh(3),|;23367.1,26521,22578.5,26520.9,0,0,0,0,426.122487966027
126iglyh(3),||126iglyh(3),|;23367.1,26521,22578.5,26520.9,0,0,0,0,431.122487966027
126iglyh(3),||126iglyh(3),|;23367.1,26521,22578.5,26520.9,0,0,0,0,436.122487966027
126iglyh(3),23oupbj(0),70ndwvy(1),|23oupbj(0),|126iglyh(3),23oupbj(0),70ndwvy(1),|;21375.4,25584,16721.3,26520.9,14.102283124888,5.944415372328,34.274557576233,0,441.122487966027
126iglyh(3),23oupbj(2),70ndwvy(1),|23oupbj(2),|126iglyh(3),23oupbj(2),70ndwvy(1),|;21375.4,25584,16721.3,26520.9,9.102283124888,0.944415372328,29.274557576233,0,446.122487966027
126iglyh(3),70ndwvy(2),||126iglyh(3),23oupbj(2),70ndwvy(1),|;22312.4,26521,16721.3,26520.9,4.102283124888,0,24.274557576233,0,451.122487966027
126iglyh(3),70ndwvy(3),||126iglyh(3),23oupbj(2),70ndwvy(1),|;22312.4,26521,16721.3,26520.9,0,0,19.274557576233,0,456.122487966027
126iglyh(3),70ndwvy(3),||126iglyh(3),23oupbj(2),70ndwvy(1),|;22312.4,26521,16721.3,26520.9,0,0,14.274557576233,0,461.122487966027
126iglyh(3),70ndwvy(3),||126iglyh(3),23oupbj(3),70ndwvy(2),|;22312.4,26521,16721.3,26520.9,0,0,9.274557576233,0,466.122487966027
126iglyh(3),70ndwvy(3),||126iglyh(3),23oupbj(3),70ndwvy(2),|;22312.4,26521,16721.3,26520.9,0,0,4.274557576233,0,471.122487966027
126iglyh(3),70ndwvy(3),||126iglyh(3),23oupbj(3),70ndwvy(3),|;22312.4,26521,16721.3,26520.9,0,0,0,0,476.122487966027
126iglyh(3),70ndwvy(3),||126iglyh(3),23oupbj(3),70ndwvy(3),|;22312.4,26521,16721.3,26520.9,0,0,0,0,481.122487966027
126iglyh(3),70ndwvy(3),||126iglyh(3),23oupbj(3),70ndwvy(3),|;22312.4,26521,16721.3,26520.9,0,0,0,0,486.122487966027
126iglyh(3),70ndwvy(3),||126iglyh(3),23oupbj(3),70ndwvy(3),|;22312.4,26521,16721.3,26520.9,0,0,0,0,491.122487966027
126iglyh(3),70ndwvy(3),75oysak(0),|75oysak(0),|126iglyh(3),23oupbj(3),70ndwvy(3),75oysak(0),|75oysak(0),;19716.6,25655.7,14125.5,23925.1,17.120493765864,8.315060523628,17.120493765864,17.120493765864,496.122487966027
126iglyh(3),70ndwvy(3),75oysak(2),|75oysak(2),|126iglyh(3),23oupbj(3),70ndwvy(3),75oysak(2),|75oysak(2),;19716.6,25655.7,14125.5,23925.1,12.120493765864,3.315060523628,12.120493765864,12.120493765864,501.122487966027
126iglyh(3),70ndwvy(3),75oysak(2),||126iglyh(3),23oupbj(3),70ndwvy(3),75oysak(2),|75oysak(2),;19716.6,26521,14125.5,23925.1,7.120493765864,0,7.120493765864,7.120493765864,506.122487966027
126iglyh(3),70ndwvy(3),75oysak(2),||126iglyh(3),23oupbj(3),70ndwvy(3),75oysak(2),|75oysak(2),;19716.6,26521,14125.5,23925.1,2.120493765864,0,2.120493765864,2.120493765864,511.122487966027
126iglyh(3),70ndwvy(3),70vxize(0),|70vxize(0),|126iglyh(3),23oupbj(3),70ndwvy(3),70vxize(0),|70vxize(0),;19286.5,23495.1,14704,24503.6,18.510482776793,18.337599044902,13.246988648429,13.246988648429,516.122487966027
126iglyh(3),70vxize(2),212dawnh(0),|70vxize(2),212dawnh(0),|126iglyh(3),23oupbj(3),70ndwvy(3),70vxize(2),212dawnh(0),|70vxize(2),212dawnh(0),;19225,21262.8,13587.8,23387.4,22.728570812119,28.234931005694,17.465076683755,17.465076683755,521.122487966027
126iglyh(3),70vxize(2),212dawnh(1),|70vxize(2),212dawnh(1),|126iglyh(3),23oupbj(3),70ndwvy(3),70vxize(2),212dawnh(1),|70vxize(2),212dawnh(1),;19225,21262.8,13587.8,23387.4,17.728570812119,23.234931005694,12.465076683755,12.465076683755,526.122487966027
126iglyh(3),70vxize(2),212dawnh(1),|70vxize(2),212dawnh(1),|126iglyh(3),23oupbj(3),70ndwvy(3),70vxize(3),212dawnh(2),|70vxize(3),212dawnh(2),;19225,21262.8,13587.8,23387.4,12.728570812119,18.234931005694,7.465076683755,7.465076683755,531.122487966027
126iglyh(3),70vxize(3),212dawnh(2),|70vxize(3),212dawnh(2),|126iglyh(3),23oupbj(3),70ndwvy(3),70vxize(3),|70vxize(3),;19225,21262.8,14704,24503.6,7.728570812119,13.234931005694,2.465076683755,2.465076683755,536.122487966027
126iglyh(3),70vxize(3),212dawnh(3),|70vxize(3),212dawnh(2),|126iglyh(3),23oupbj(3),70ndwvy(3),70vxize(3),|70vxize(3),;19225,21262.8,14704,24503.6,2.728570812119,8.234931005694,0,0,541.122487966027
126iglyh(3),70vxize(3),212dawnh(3),|70vxize(3),212dawnh(3),|126iglyh(3),23oupbj(3),70ndwvy(3),70vxize(3),|70vxize(3),;19225,21262.8,14704,24503.6,0,3.234931005694,0,0,546.122487966027
126iglyh(3),70vxize(3),212dawnh(3),|70vxize(3),212dawnh(3),|126iglyh(3),23oupbj(3),70ndwvy(3),70vxize(3),|70vxize(3),;19225,21262.8,14704,24503.6,0,0,0,0,551.122487966027
126iglyh(3),70vxize(3),212dawnh(3),|70vxize(3),212dawnh(3),|126iglyh(3),23oupbj(3),70ndwvy(3),70vxize(3),|70vxize(3),;19225,21262.8,14704,24503.6,0,0,0,0,556.122487966027
126iglyh(3),70vxize(3),212dawnh(3),|70vxize(3),212dawnh(3),|126iglyh(3),23oupbj(3),70ndwvy(3),70vxize(3),|70vxize(3),;19225,21262.8,14704,24503.6,0,0,0,0,561.122487966027
126iglyh(3),70vxize(3),212dawnh(3),|70vxize(3),212dawnh(3),|126iglyh(3),23oupbj(3),70ndwvy(3),70vxize(3),|70vxize(3),;19225,21262.8,14704,24503.6,0,0,0,0,566.122487966027
126iglyh(3),70vxize(3),212dawnh(3),|70vxize(3),212dawnh(3),|126iglyh(3),23oupbj(3),70ndwvy(3),70vxize(3),|70vxize(3),;19225,21262.8,14704,24503.6,0,0,0,0,571.122487966027
126iglyh(3),70vxize(3),212dawnh(3),|70vxize(3),212dawnh(3),|126iglyh(3),23oupbj(3),70ndwvy(3),70vxize(3),|70vxize(3),;19225,21262.8,14704,24503.6,0,0,0,0,576.122487966027
126iglyh(3),70vxize(3),212dawnh(3),|70vxize(3),212dawnh(3),|126iglyh(3),23oupbj(3),70ndwvy(3),70vxize(3),|70vxize(3),;19225,21262.8,14704,24503.6,0,0,0,0,581.122487966027
126iglyh(3),70vxize(3),212dawnh(3),|70vxize(3),212dawnh(3),|126iglyh(3),23oupbj(3),70ndwvy(3),70vxize(3),|70vxize(3),;19225,21262.8,14704,24503.6,0,0,0,0,586.122487966027
126iglyh(3),70vxize(3),212dawnh(3),|70vxize(3),212dawnh(3),|126iglyh(3),23oupbj(3),70ndwvy(3),70vxize(3),|70vxize(3),;19225,21262.8,14704,24503.6,0,0,0,0,591.122487966027
126iglyh(3),70vxize(3),212dawnh(3),|70vxize(3),212dawnh(3),|126iglyh(3),23oupbj(3),70ndwvy(3),70vxize(3),|70vxize(3),;19225,21262.8,14704,24503.6,0,0,0,0,596.122487966027
126iglyh(3),70vxize(3),212dawnh(3),84bnrsg(0),|70vxize(3),212dawnh(3),84bnrsg(0),|126iglyh(3),23oupbj(3),70ndwvy(3),70vxize(3),84bnrsg(0),|70vxize(3),84bnrsg(0),;18139.6,20177.4,13075.8,22875.4,6.645815895178,6.645815895178,9.407283124992,9.407283124992,601.122487966027
70vxize(3),212dawnh(3),84bnrsg(2),|70vxize(3),212dawnh(3),84bnrsg(2),|23oupbj(3),70ndwvy(3),70vxize(3),84bnrsg(2),|70vxize(3),84bnrsg(2),;21293.5,20177.4,17018.2,22875.4,1.645815895178,1.645815895178,4.407283124992,4.407283124992,606.122487966027
70vxize(3),212dawnh(3),|70vxize(3),212dawnh(3),|23oupbj(3),70ndwvy(3),70vxize(3),|70vxize(3),;22378.9,21262.8,18646.4,24503.6,0,0,0,0,611.122487966027
70vxize(3),212dawnh(3),|70vxize(3),212dawnh(3),|23oupbj(3),70ndwvy(3),70vxize(3),|70vxize(3),;22378.9,21262.8,18646.4,24503.6,0,0,0,0,616.122487966027
70vxize(3),|70vxize(3),|23oupbj(3),70ndwvy(3),70vxize(3),|70vxize(3),;23495.1,23495.1,18646.4,24503.6,0,0,0,0,621.122487966027
70vxize(3),|70vxize(3),|23oupbj(3),70ndwvy(3),70vxize(3),|70vxize(3),;23495.1,23495.1,18646.4,24503.6,0,0,0,0,626.122487966027
70vxize(3),|70vxize(3),|23oupbj(3),70ndwvy(3),70vxize(3),|70vxize(3),;23495.1,23495.1,18646.4,24503.6,0,0,0,0,631.122487966027
70vxize(3),|70vxize(3),|70ndwvy(3),70vxize(3),|70vxize(3),;23495.1,23495.1,22394.2,24503.6,0,0,0,0,636.122487966027
70vxize(3),|70vxize(3),|70ndwvy(3),70vxize(3),|70vxize(3),;23495.1,23495.1,22394.2,24503.6,0,0,0,0,641.122487966027
70vxize(3),|70vxize(3),|70ndwvy(3),70vxize(3),|70vxize(3),;23495.1,23495.1,22394.2,24503.6,0,0,0,0,646.122487966027
70vxize(3),|70vxize(3),|70ndwvy(3),70vxize(3),|70vxize(3),;23495.1,23495.1,22394.2,24503.6,0,0,0,0,651.122487966027
70vxize(3),|70vxize(3),|70ndwvy(3),70vxize(3),|70vxize(3),;23495.1,23495.1,22394.2,24503.6,0,0,0,0,656.122487966027
|||;26521,26521,26520.9,26520.9,0,0,0,0,661.122487966027
|||;26521,26521,26520.9,26520.9,0,0,0,0,666.122487966027
|||;26521,26521,26520.9,26520.9,0,0,0,0,671.122487966027
|||;26521,26521,26520.9,26520.9,0,0,0,0,676.122487966027
|||;26521,26521,26520.9,26520.9,0,0,0,0,681.122487966027
|||;26521,26521,26520.9,26520.9,0,0,0,0,686.122487966027
|||;26521,26521,26520.9,26520.9,0,0,0,0,691.122487966027
|||;26521,26521,26520.9,26520.9,0,0,0,0,696.122487966027
|||;26521,26521,26520.9,26520.9,0,0,0,0,701.122487966027
|||;26521,26521,26520.9,26520.9,0,0,0,0,706.122487966027
|||;26521,26521,26520.9,26520.9,0,0,0,0,711.122487966027
|||;26521,26521,26520.9,26520.9,0,0,0,0,716.122487966027
|||;26521,26521,26520.9,26520.9,0,0,0,0,721.122487966027
|||;26521,26521,26520.9,26520.9,0,0,0,0,726.122487966027
|||;26521,26521,26520.9,26520.9,0,0,0,0,731.122487966027
|||;26521,26521,26520.9,26520.9,0,0,0,0,736.122487966027
|||;26521,26521,26520.9,26520.9,0,0,0,0,741.122487966027
|||;26521,26521,26520.9,26520.9,0,0,0,0,746.122487966027
|||;26521,26521,26520.9,26520.9,0,0,0,0,751.122487966027
|||;26521,26521,26520.9,26520.9,0,0,0,0,756.122487966027
|||;26521,26521,26520.9,26520.9,0,0,0,0,761.122487966027
|||;26521,26521,26520.9,26520.9,0,0,0,0,766.122487966027
|||;26521,26521,26520.9,26520.9,0,0,0,0,771.122487966027
|||;26521,26521,26520.9,26520.9,0,0,0,0,776.122487966027
|||;26521,26521,26520.9,26520.9,0,0,0,0,781.122487966027
|||;26521,26521,26520.9,26520.9,0,0,0,0,786.122487966027
|||;26521,26521,26520.9,26520.9,0,0,0,0,791.122487966027
|||;26521,26521,26520.9,26520.9,0,0,0,0,796.122487966027
|||;26521,26521,26520.9,26520.9,0,0,0,0,801.122487966027
|||;26521,26521,26520.9,26520.9,0,0,0,0,806.122487966027
|||;26521,26521,26520.9,26520.9,0,0,0,0,811.122487966027
|||;26521,26521,26520.9,26520.9,0,0,0,0,816.122487966027
|||;26521,26521,26520.9,26520.9,0,0,0,0,821.122487966027
|||;26521,26521,26520.9,26520.9,0,0,0,0,826.122487966027
|||;26521,26521,26520.9,26520.9,0,0,0,0,831.122487966027
|||;26521,26521,26520.9,26520.9,0,0,0,0,836.122487966027
|||;26521,26521,26520.9,26520.9,0,0,0,0,841.122487966027
|||;26521,26521,26520.9,26520.9,0,0,0,0,846.122487966027
|||;26521,26521,26520.9,26520.9,0,0,0,0,851.122487966027
15ztagv(2),|15ztagv(2),|15ztagv(2),|15ztagv(2),;24508.8,25850.3,24508.7,25179.5,9.110539718942,2.285026377327,9.110539718942,5.697783048134,856.122487966027
15ztagv(2),||15ztagv(2),|15ztagv(2),;24508.8,26521,24508.7,25179.5,4.110539718942,0,4.110539718942,0.697783048134,861.122487966027
|||;26521,26521,26520.9,26520.9,0,0,0,0,866.122487966027
|||;26521,26521,26520.9,26520.9,0,0,0,0,871.122487966027
|||;26521,26521,26520.9,26520.9,0,0,0,0,876.122487966027
|||;26521,26521,26520.9,26520.9,0,0,0,0,881.122487966027
|||;26521,26521,26520.9,26520.9,0,0,0,0,886.122487966027
|||;26521,26521,26520.9,26520.9,0,0,0,0,891.122487966027
|||;26521,26521,26520.9,26520.9,0,0,0,0,896.122487966027
|||;26521,26521,26520.9,26520.9,0,0,0,0,901.122487966027
|||;26521,26521,26520.9,26520.9,0,0,0,0,906.122487966027
|||;26521,26521,26520.9,26520.9,0,0,0,0,911.122487966027
|||;26521,26521,26520.9,26520.9,0,0,0,0,916.122487966027
|||;26521,26521,26520.9,26520.9,0,0,0,0,921.122487966027
|||;26521,26521,26520.9,26520.9,0,0,0,0,926.122487966027
|||;26521,26521,26520.9,26520.9,0,0,0,0,931.122487966027
|||;26521,26521,26520.9,26520.9,0,0,0,0,936.122487966027
|||;26521,26521,26520.9,26520.9,0,0,0,0,941.122487966027
|||;26521,26521,26520.9,26520.9,0,0,0,0,946.122487966027
|||;26521,26521,26520.9,26520.9,0,0,0,0,951.122487966027
|||;26521,26521,26520.9,26520.9,0,0,0,0,956.122487966027
|||;26521,26521,26520.9,26520.9,0,0,0,0,961.122487966027
|||;26521,26521,26520.9,26520.9,0,0,0,0,966.122487966027
|||;26521,26521,26520.9,26520.9,0,0,0,0,971.122487966027
|||;26521,26521,26520.9,26520.9,0,0,0,0,976.122487966027
|||;26521,26521,26520.9,26520.9,0,0,0,0,981.122487966027
|||;26521,26521,26520.9,26520.9,0,0,0,0,986.122487966027
|||;26521,26521,26520.9,26520.9,0,0,0,0,991.122487966027
|||;26521,26521,26520.9,26520.9,0,0,0,0,996.122487966027
|||;26521,26521,26520.9,26520.9,0,0,0,0,1001.122487966027
|||;26521,26521,26520.9,26520.9,0,0,0,0,1006.122487966027
|||;26521,26521,26520.9,26520.9,0,0,0,0,1011.122487966027
|||;26521,26521,26520.9,26520.9,0,0,0,0,1016.122487966027
|||;26521,26521,26520.9,26520.9,0,0,0,0,1021.122487966027
|||;26521,26521,26520.9,26520.9,0,0,0,0,1026.122487966027
|||;26521,26521,26520.9,26520.9,0,0,0,0,1031.122487966027
|||;26521,26521,26520.9,26520.9,0,0,0,0,1036.122487966027
|||;26521,26521,26520.9,26520.9,0,0,0,0,1041.122487966027
978nhcsd(2),|978nhcsd(2),|978nhcsd(2),|978nhcsd(2),;25891.2,25261.5,24631.6,24001.9,2.734511744535,6.020855794224,9.307199843913,12.593543893603,1046.122487966027
|978nhcsd(2),|978nhcsd(2),|978nhcsd(2),;26521,25261.5,24631.6,24001.9,0,1.020855794224,4.307199843913,7.593543893603,1051.122487966027
|||978nhcsd(2),;26521,26521,26520.9,24001.9,0,0,0,2.593543893603,1056.122487966027
|||;26521,26521,26520.9,26520.9,0,0,0,0,1061.122487966027
|501fewpa(2),||;26521,23551.4,26520.9,26520.9,0,13.278179521148,0,0,1066.122487966027
|501fewpa(2),||;26521,23551.4,26520.9,26520.9,0,8.278179521148,0,0,1071.122487966027
|501fewpa(2),||;26521,23551.4,26520.9,26520.9,0,3.278179521148,0,0,1076.122487966027
|501fewpa(3),||;26521,23551.4,26520.9,26520.9,0,0,0,0,1081.122487966027
|501fewpa(3),||;26521,23551.4,26520.9,26520.9,0,0,0,0,1086.122487966027
|501fewpa(3),||;26521,23551.4,26520.9,26520.9,0,0,0,0,1091.122487966027
|501fewpa(3),||;26521,23551.4,26520.9,26520.9,0,0,0,0,1096.122487966027
|501fewpa(3),||;26521,23551.4,26520.9,26520.9,0,0,0,0,1101.122487966027
|501fewpa(3),||;26521,23551.4,26520.9,26520.9,0,0,0,0,1106.122487966027
|501fewpa(3),||;26521,23551.4,26520.9,26520.9,0,0,0,0,1111.122487966027
|501fewpa(3),||;26521,23551.4,26520.9,26520.9,0,0,0,0,1116.122487966027
|501fewpa(3),||;26521,23551.4,26520.9,26520.9,0,0,0,0,1121.122487966027
|501fewpa(3),||;26521,23551.4,26520.9,26520.9,0,0,0,0,1126.122487966027
|501fewpa(3),||;26521,23551.4,26520.9,26520.9,0,0,0,0,1131.122487966027
|501fewpa(3),||;26521,23551.4,26520.9,26520.9,0,0,0,0,1136.122487966027
|501fewpa(3),||;26521,23551.4,26520.9,26520.9,0,0,0,0,1141.122487966027
|501fewpa(3),||;26521,23551.4,26520.9,26520.9,0,0,0,0,1146.122487966027
|501fewpa(3),||;26521,23551.4,26520.9,26520.9,0,0,0,0,1151.122487966027
|501fewpa(3),||;26521,23551.4,26520.9,26520.9,0,0,0,0,1156.122487966027
|501fewpa(3),||;26521,23551.4,26520.9,26520.9,0,0,0,0,1161.122487966027
|501fewpa(3),||;26521,23551.4,26520.9,26520.9,0,0,0,0,1166.122487966027
|||;26521,26521,26520.9,26520.9,0,0,0,0,1171.122487966027
|||;26521,26521,26520.9,26520.9,0,0,0,0,1176.122487966027
|||;26521,26521,26520.9,26520.9,0,0,0,0,1181.122487966027
|||;26521,26521,26520.9,26520.9,0,0,0,0,1186.122487966027
|||;26521,26521,26520.9,26520.9,0,0,0,0,1191.122487966027
|||;26521,26521,26520.9,26520.9,0,0,0,0,1196.122487966027
|||;26521,26521,26520.9,26520.9,0,0,0,0,1201.122487966027
|||;26521,26521,26520.9,26520.9,0,0,0,0,1206.122487966027
|||;26521,26521,26520.9,26520.9,0,0,0,0,1211.122487966027
|||;26521,26521,26520.9,26520.9,0,0,0,0,1216.122487966027
|||;26521,26521,26520.9,26520.9,0,0,0,0,1221.122487966027
|||;26521,26521,26520.9,26520.9,0,0,0,0,1226.122487966027
|||;26521,26521,26520.9,26520.9,0,0,0,0,1231.122487966027
|||;26521,26521,26520.9,26520.9,0,0,0,0,1236.122487966027
|||;26521,26521,26520.9,26520.9,0,0,0,0,1241.122487966027
|||;26521,26521,26520.9,26520.9,0,0,0,0,1246.122487966027
|||;26521,26521,26520.9,26520.9,0,0,0,0,1251.122487966027
|||;26521,26521,26520.9,26520.9,0,0,0,0,1256.122487966027
|||;26521,26521,26520.9,26520.9,0,0,0,0,1261.122487966027
|||;26521,26521,26520.9,26520.9,0,0,0,0,1266.122487966027
|||;26521,26521,26520.9,26520.9,0,0,0,0,1271.122487966027
|||;26521,26521,26520.9,26520.9,0,0,0,0,1276.122487966027
|||;26521,26521,26520.9,26520.9,0,0,0,0,1281.122487966027
|||;26521,26521,26520.9,26520.9,0,0,0,0,1286.122487966027
|||;26521,26521,26520.9,26520.9,0,0,0,0,1291.122487966027
|||;26521,26521,26520.9,26520.9,0,0,0,0,1296.122487966027
|||;26521,26521,26520.9,26520.9,0,0,0,0,1301.122487966027
|||;26521,26521,26520.9,26520.9,0,0,0,0,1306.122487966027
|||;26521,26521,26520.9,26520.9,0,0,0,0,1311.122487966027
|||;26521,26521,26520.9,26520.9,0,0,0,0,1316.122487966027
|||;26521,26521,26520.9,26520.9,0,0,0,0,1321.122487966027
|||;26521,26521,26520.9,26520.9,0,0,0,0,1326.122487966027
|||;26521,26521,26520.9,26520.9,0,0,0,0,1331.122487966027
|||;26521,26521,26520.9,26520.9,0,0,0,0,1336.122487966027
|||;26521,26521,26520.9,26520.9,0,0,0,0,1341.122487966027
|||;26521,26521,26520.9,26520.9,0,0,0,0,1346.122487966027
|||;26521,26521,26520.9,26520.9,0,0,0,0,1351.122487966027
|||;26521,26521,26520.9,26520.9,0,0,0,0,1356.122487966027
|||;26521,26521,26520.9,26520.9,0,0,0,0,1361.122487966027
|||;26521,26521,26520.9,26520.9,0,0,0,0,1366.122487966027
|||;26521,26521,26520.9,26520.9,0,0,0,0,1371.122487966027
|||;26521,26521,26520.9,26520.9,0,0,0,0,1376.122487966027
|||;26521,26521,26520.9,26520.9,0,0,0,0,1381.122487966027
|||;26521,26521,26520.9,26520.9,0,0,0,0,1386.122487966027
|||;26521,26521,26520.9,26520.9,0,0,0,0,1391.122487966027
|||;26521,26521,26520.9,26520.9,0,0,0,0,1396.122487966027
|||;26521,26521,26520.9,26520.9,0,0,0,0,1401.122487966027
|||;26521,26521,26520.9,26520.9,0,0,0,0,1406.122487966027
|||;26521,26521,26520.9,26520.9,0,0,0,0,1411.122487966027
|||;26521,26521,26520.9,26520.9,0,0,0,0,1416.122487966027
|||;26521,26521,26520.9,26520.9,0,0,0,0,1421.122487966027
|||;26521,26521,26520.9,26520.9,0,0,0,0,1426.122487966027
|||;26521,26521,26520.9,26520.9,0,0,0,0,1431.122487966027
|||;26521,26521,26520.9,26520.9,0,0,0,0,1436.122487966027
|||;26521,26521,26520.9,26520.9,0,0,0,0,1441.122487966027
|||;26521,26521,26520.9,26520.9,0,0,0,0,1446.122487966027
|||;26521,26521,26520.9,26520.9,0,0,0,0,1451.122487966027
|||;26521,26521,26520.9,26520.9,0,0,0,0,1456.122487966027
|||;26521,26521,26520.9,26520.9,0,0,0,0,1461.122487966027
|||;26521,26521,26520.9,26520.9,0,0,0,0,1466.122487966027
|||;26521,26521,26520.9,26520.9,0,0,0,0,1471.122487966027
|||;26521,26521,26520.9,26520.9,0,0,0,0,1476.122487966027
|||;26521,26521,26520.9,26520.9,0,0,0,0,1481.122487966027
|||;26521,26521,26520.9,26520.9,0,0,0,0,1486.122487966027
|||;26521,26521,26520.9,26520.9,0,0,0,0,1491.122487966027
|||;26521,26521,26520.9,26520.9,0,0,0,0,1496.122487966027
|||;26521,26521,26520.9,26520.9,0,0,0,0,1501.122487966027
|||;26521,26521,26520.9,26520.9,0,0,0,0,1506.122487966027
|||;26521,26521,26520.9,26520.9,0,0,0,0,1511.122487966027
|||;26521,26521,26520.9,26520.9,0,0,0,0,1516.122487966027
|||;26521,26521,26520.9,26520.9,0,0,0,0,1521.122487966027
|||;26521,26521,26520.9,26520.9,0,0,0,0,1526.122487966027
|||;26521,26521,26520.9,26520.9,0,0,0,0,1531.122487966027
|||;26521,26521,26520.9,26520.9,0,0,0,0,1536.122487966027
|||;26521,26521,26520.9,26520.9,0,0,0,0,1541.122487966027
|||;26521,26521,26520.9,26520.9,0,0,0,0,1546.122487966027
|||;26521,26521,26520.9,26520.9,0,0,0,0,1551.122487966027
|||;26521,26521,26520.9,26520.9,0,0,0,0,1556.122487966027
|||;26521,26521,26520.9,26520.9,0,0,0,0,1561.122487966027
|||;26521,26521,26520.9,26520.9,0,0,0,0,1566.122487966027
|||;26521,26521,26520.9,26520.9,0,0,0,0,1571.122487966027
|||;26521,26521,26520.9,26520.9,0,0,0,0,1576.122487966027
|||;26521,26521,26520.9,26520.9,0,0,0,0,1581.122487966027
|||;26521,26521,26520.9,26520.9,0,0,0,0,1586.122487966027
|||;26521,26521,26520.9,26520.9,0,0,0,0,1591.122487966027
|||;26521,26521,26520.9,26520.9,0,0,0,0,1596.122487966027
|||;26521,26521,26520.9,26520.9,0,0,0,0,1601.122487966027
|||;26521,26521,26520.9,26520.9,0,0,0,0,1606.122487966027
|||;26521,26521,26520.9,26520.9,0,0,0,0,1611.122487966027
|||;26521,26521,26520.9,26520.9,0,0,0,0,1616.122487966027
|||;26521,26521,26520.9,26520.9,0,0,0,0,1621.122487966027
|||;26521,26521,26520.9,26520.9,0,0,0,0,1626.122487966027
|||;26521,26521,26520.9,26520.9,0,0,0,0,1631.122487966027
|||;26521,26521,26520.9,26520.9,0,0,0,0,1636.122487966027
|||;26521,26521,26520.9,26520.9,0,0,0,0,1641.122487966027
|||;26521,26521,26520.9,26520.9,0,0,0,0,1646.122487966027
|||;26521,26521,26520.9,26520.9,0,0,0,0,1651.122487966027
|||;26521,26521,26520.9,26520.9,0,0,0,0,1656.122487966027
|||;26521,26521,26520.9,26520.9,0,0,0,0,1661.122487966027
|||;26521,26521,26520.9,26520.9,0,0,0,0,1666.122487966027
|||;26521,26521,26520.9,26520.9,0,0,0,0,1671.122487966027
|||;26521,26521,26520.9,26520.9,0,0,0,0,1676.122487966027
|||;26521,26521,26520.9,26520.9,0,0,0,0,1681.122487966027
|||;26521,26521,26520.9,26520.9,0,0,0,0,1686.122487966027
|||;26521,26521,26520.9,26520.9,0,0,0,0,1691.122487966027
|||;26521,26521,26520.9,26520.9,0,0,0,0,1696.122487966027
|||;26521,26521,26520.9,26520.9,0,0,0,0,1701.122487966027
|||;26521,26521,26520.9,26520.9,0,0,0,0,1706.122487966027
|||;26521,26521,26520.9,26520.9,0,0,0,0,1711.122487966027
|||;26521,26521,26520.9,26520.9,0,0,0,0,1716.122487966027
|||;26521,26521,26520.9,26520.9,0,0,0,0,1721.122487966027
|||;26521,26521,26520.9,26520.9,0,0,0,0,1726.122487966027
|||;26521,26521,26520.9,26520.9,0,0,0,0,1731.122487966027
|||;26521,26521,26520.9,26520.9,0,0,0,0,1736.122487966027
|||;26521,26521,26520.9,26520.9,0,0,0,0,1741.122487966027
|||;26521,26521,26520.9,26520.9,0,0,0,0,1746.122487966027
|||;26521,26521,26520.9,26520.9,0,0,0,0,1751.122487966027
|||;26521,26521,26520.9,26520.9,0,0,0,0,1756.122487966027
|||;26521,26521,26520.9,26520.9,0,0,0,0,1761.122487966027
|||;26521,26521,26520.9,26520.9,0,0,0,0,1766.122487966027
|||;26521,26521,26520.9,26520.9,0,0,0,0,1771.122487966027
|||;26521,26521,26520.9,26520.9,0,0,0,0,1776.122487966027
|||;26521,26521,26520.9,26520.9,0,0,0,0,1781.122487966027
|||;26521,26521,26520.9,26520.9,0,0,0,0,1786.122487966027
|||;26521,26521,26520.9,26520.9,0,0,0,0,1791.122487966027
|||;26521,26521,26520.9,26520.9,0,0,0,0,1796.122487966027
|||;26521,26521,26520.9,26520.9,0,0,0,0,1801.122487966027
|||;26521,26521,26520.9,26520.9,0,0,0,0,1806.122487966027
|||;26521,26521,26520.9,26520.9,0,0,0,0,1811.122487966027
|||;26521,26521,26520.9,26520.9,0,0,0,0,1816.122487966027
|||;26521,26521,26520.9,26520.9,0,0,0,0,1821.122487966027
|||;26521,26521,26520.9,26520.9,0,0,0,0,1826.122487966027
|||;26521,26521,26520.9,26520.9,0,0,0,0,1831.122487966027
|||;26521,26521,26520.9,26520.9,0,0,0,0,1836.122487966027
|||;26521,26521,26520.9,26520.9,0,0,0,0,1841.122487966027
|||;26521,26521,26520.9,26520.9,0,0,0,0,1846.122487966027
|||;26521,26521,26520.9,26520.9,0,0,0,0,1851.122487966027
|||;26521,26521,26520.9,26520.9,0,0,0,0,1856.122487966027
|||;26521,26521,26520.9,26520.9,0,0,0,0,1861.122487966027
|||;26521,26521,26520.9,26520.9,0,0,0,0,1866.122487966027
|||;26521,26521,26520.9,26520.9,0,0,0,0,1871.122487966027
|||;26521,26521,26520.9,26520.9,0,0,0,0,1876.122487966027
|||;26521,26521,26520.9,26520.9,0,0,0,0,1881.122487966027
|||;26521,26521,26520.9,26520.9,0,0,0,0,1886.122487966027
|||;26521,26521,26520.9,26520.9,0,0,0,0,1891.122487966027
|||;26521,26521,26520.9,26520.9,0,0,0,0,1896.122487966027
|||;26521,26521,26520.9,26520.9,0,0,0,0,1901.122487966027
|||;26521,26521,26520.9,26520.9,0,0,0,0,1906.122487966027
|||;26521,26521,26520.9,26520.9,0,0,0,0,1911.122487966027
|||;26521,26521,26520.9,26520.9,0,0,0,0,1916.122487966027
|||;26521,26521,26520.9,26520.9,0,0,0,0,1921.122487966027
|||;26521,26521,26520.9,26520.9,0,0,0,0,1926.122487966027
|||;26521,26521,26520.9,26520.9,0,0,0,0,1931.122487966027
|||;26521,26521,26520.9,26520.9,0,0,0,0,1936.122487966027
|||;26521,26521,26520.9,26520.9,0,0,0,0,1941.122487966027
|||;26521,26521,26520.9,26520.9,0,0,0,0,1946.122487966027
|||;26521,26521,26520.9,26520.9,0,0,0,0,1951.122487966027
|||;26521,26521,26520.9,26520.9,0,0,0,0,1956.122487966027
|||;26521,26521,26520.9,26520.9,0,0,0,0,1961.122487966027
|||;26521,26521,26520.9,26520.9,0,0,0,0,1966.122487966027
|||;26521,26521,26520.9,26520.9,0,0,0,0,1971.122487966027
|||;26521,26521,26520.9,26520.9,0,0,0,0,1976.122487966027
|||;26521,26521,26520.9,26520.9,0,0,0,0,1981.122487966027
|||;26521,26521,26520.9,26520.9,0,0,0,0,1986.122487966027
|||;26521,26521,26520.9,26520.9,0,0,0,0,1991.122487966027
|||;26521,26521,26520.9,26520.9,0,0,0,0,1996.122487966027
