|||;35942,35942,35942,35942,0,0,0,0,1.094953821921
|||;35942,35942,35942,35942,0,0,0,0,6.094953821921
|||;35942,35942,35942,35942,0,0,0,0,11.094953821921
|||;35942,35942,35942,35942,0,0,0,0,16.094953821921
|||;35942,35942,35942,35942,0,0,0,0,21.094953821921
93pgluz(2),590anrih(0),485pcesl(0),|93pgluz(2),590anrih(0),485pcesl(0),|93pgluz(2),590anrih(0),485pcesl(0),|93pgluz(2),485pcesl(0),;30985.8,33146.5,30571.1,32675.4,31.880199233043,22.051320856231,33.85260479826,19.048679526915,26.094953821921
93pgluz(2),590anrih(1),485pcesl(1),|590anrih(2),485pcesl(1),|590anrih(2),485pcesl(1),|93pgluz(2),485pcesl(1),;30985.8,34252.4,31677,32675.4,26.880199233043,17.051320856231,28.85260479826,14.048679526915,31.094953821921
590anrih(2),485pcesl(1),|590anrih(3),485pcesl(2),|590anrih(2),485pcesl(1),|485pcesl(2),;32644.7,34252.4,31677,34334.3,21.880199233043,12.051320856231,23.85260479826,9.048679526915,36.094953821921
590anrih(3),485pcesl(2),|590anrih(3),485pcesl(3),|590anrih(2),485pcesl(1),|485pcesl(3),;32644.7,34252.4,31677,34334.3,16.880199233043,7.051320856231,18.85260479826,4.048679526915,41.094953821921
590anrih(3),485pcesl(2),|590anrih(3),485pcesl(3),|590anrih(3),485pcesl(2),|485pcesl(3),;32644.7,34252.4,31677,34334.3,11.880199233043,2.051320856231,13.85260479826,0,46.094953821921
590anrih(3),485pcesl(3),832shfay(0),|590anrih(3),485pcesl(3),832shfay(0),|590anrih(3),485pcesl(3),|485pcesl(3),832shfay(0),;28139.1,33689.2,31677,33771.1,30.362577618541,3.972766128794,8.85260479826,3.972766128794,51.094953821921
590anrih(3),485pcesl(3),832shfay(2),|590anrih(3),485pcesl(3),|590anrih(3),485pcesl(3),|485pcesl(3),;28139.1,34252.4,31677,34334.3,25.362577618541,0,3.85260479826,0,56.094953821921
590anrih(3),485pcesl(3),832shfay(2),|590anrih(3),485pcesl(3),|590anrih(3),485pcesl(3),|485pcesl(3),;28139.1,34252.4,31677,34334.3,20.362577618541,0,0,0,61.094953821921
590anrih(3),485pcesl(3),832shfay(2),|590anrih(3),485pcesl(3),|590anrih(3),485pcesl(3),|485pcesl(3),;28139.1,34252.4,31677,34334.3,15.362577618541,0,0,0,66.094953821921
590anrih(3),485pcesl(3),832shfay(2),|590anrih(3),485pcesl(3),|590anrih(3),485pcesl(3),|485pcesl(3),;28139.1,34252.4,31677,34334.3,10.362577618541,0,0,0,71.094953821921
590anrih(3),485pcesl(3),832shfay(3),|590anrih(3),485pcesl(3),590epgqw(0),|590anrih(3),485pcesl(3),590epgqw(0),|485pcesl(3),590epgqw(0),;28139.1,33295,29762.1,30504.5,5.362577618541,8.403688860444,12.791044918415,21.565757034357,76.094953821921
485pcesl(3),832shfay(3),|485pcesl(3),590epgqw(2),|485pcesl(3),590epgqw(2),|485pcesl(3),590epgqw(2),;29024.9,34180.8,32419.4,30504.5,0.362577618541,3.403688860444,7.791044918415,16.565757034357,81.094953821921
485pcesl(3),832shfay(3),|485pcesl(3),|485pcesl(3),590epgqw(2),|485pcesl(3),590epgqw(2),;29024.9,35138.2,32419.4,30504.5,0,0,2.791044918415,11.565757034357,86.094953821921
485pcesl(3),832shfay(3),|485pcesl(3),|485pcesl(3),|485pcesl(3),590epgqw(2),;29024.9,35138.2,34334.3,30504.5,0,0,0,6.565757034357,91.094953821921
485pcesl(3),832shfay(3),|485pcesl(3),|485pcesl(3),|485pcesl(3),590epgqw(2),;29024.9,35138.2,34334.3,30504.5,0,0,0,1.565757034357,96.094953821921
485pcesl(3),832shfay(3),|485pcesl(3),|485pcesl(3),|485pcesl(3),590epgqw(3),;29024.9,35138.2,34334.3,30504.5,0,0,0,0,101.094953821921
485pcesl(3),832shfay(3),|485pcesl(3),|485pcesl(3),|485pcesl(3),590epgqw(3),;29024.9,35138.2,34334.3,30504.5,0,0,0,0,106.094953821921
485pcesl(3),832shfay(3),|485pcesl(3),|485pcesl(3),|485pcesl(3),590epgqw(3),;29024.9,35138.2,34334.3,30504.5,0,0,0,0,111.094953821921
485pcesl(3),832shfay(3),|485pcesl(3),|485pcesl(3),|485pcesl(3),590epgqw(3),;29024.9,35138.2,34334.3,30504.5,0,0,0,0,116.094953821921
485pcesl(3),832shfay(3),|485pcesl(3),|485pcesl(3),|485pcesl(3),590epgqw(3),;29024.9,35138.2,34334.3,30504.5,0,0,0,0,121.094953821921
485pcesl(3),832shfay(3),|485pcesl(3),|485pcesl(3),|485pcesl(3),590epgqw(3),;29024.9,35138.2,34334.3,30504.5,0,0,0,0,126.094953821921
485pcesl(3),832shfay(3),|485pcesl(3),|485pcesl(3),|485pcesl(3),;29024.9,35138.2,34334.3,34334.3,0,0,0,0,131.094953821921
485pcesl(3),832shfay(3),|485pcesl(3),|485pcesl(3),|485pcesl(3),;29024.9,35138.2,34334.3,34334.3,0,0,0,0,136.094953821921
485pcesl(3),832shfay(3),|485pcesl(3),|485pcesl(3),|485pcesl(3),;29024.9,35138.2,34334.3,34334.3,0,0,0,0,141.094953821921
485pcesl(3),832shfay(3),|485pcesl(3),|485pcesl(3),|485pcesl(3),;29024.9,35138.2,34334.3,34334.3,0,0,0,0,146.094953821921
485pcesl(3),832shfay(3),|485pcesl(3),|485pcesl(3),|485pcesl(3),;29024.9,35138.2,34334.3,34334.3,0,0,0,0,151.094953821921
485pcesl(3),832shfay(3),|485pcesl(3),|485pcesl(3),|485pcesl(3),;29024.9,35138.2,34334.3,34334.3,0,0,0,0,156.094953821921
485pcesl(3),832shfay(3),|485pcesl(3),|485pcesl(3),|485pcesl(3),;29024.9,35138.2,34334.3,34334.3,0,0,0,0,161.094953821921
832shfay(3),|||;31436.4,35942,35942,35942,0,0,0,0,166.094953821921
832shfay(3),|||;31436.4,35942,35942,35942,0,0,0,0,171.094953821921
832shfay(3),|||;31436.4,35942,35942,35942,0,0,0,0,176.094953821921
832shfay(3),|||;31436.4,35942,35942,35942,0,0,0,0,181.094953821921
832shfay(3),|||;31436.4,35942,35942,35942,0,0,0,0,186.094953821921
832shfay(3),|||;31436.4,35942,35942,35942,0,0,0,0,191.094953821921
832shfay(3),|||;31436.4,35942,35942,35942,0,0,0,0,196.094953821921
832shfay(3),|||;31436.4,35942,35942,35942,0,0,0,0,201.094953821921
832shfay(3),|||;31436.4,35942,35942,35942,0,0,0,0,206.094953821921
832shfay(3),|||;31436.4,35942,35942,35942,0,0,0,0,211.094953821921
832shfay(3),|||;31436.4,35942,35942,35942,0,0,0,0,216.094953821921
832shfay(3),|||;31436.4,35942,35942,35942,0,0,0,0,221.094953821921
|||;35942,35942,35942,35942,0,0,0,0,226.094953821921
|||;35942,35942,35942,35942,0,0,0,0,231.094953821921
|||;35942,35942,35942,35942,0,0,0,0,236.094953821921
|||;35942,35942,35942,35942,0,0,0,0,241.094953821921
|||;35942,35942,35942,35942,0,0,0,0,246.094953821921
|||;35942,35942,35942,35942,0,0,0,0,251.094953821921
|||;35942,35942,35942,35942,0,0,0,0,256.094953821921
|||;35942,35942,35942,35942,0,0,0,0,261.094953821921
|||;35942,35942,35942,35942,0,0,0,0,266.094953821921
|||;35942,35942,35942,35942,0,0,0,0,271.094953821921
|||;35942,35942,35942,35942,0,0,0,0,276.094953821921
|||;35942,35942,35942,35942,0,0,0,0,281.094953821921
|||;35942,35942,35942,35942,0,0,0,0,286.094953821921
|||;35942,35942,35942,35942,0,0,0,0,291.094953821921
|||;35942,35942,35942,35942,0,0,0,0,296.094953821921
|||;35942,35942,35942,35942,0,0,0,0,301.094953821921
|||;35942,35942,35942,35942,0,0,0,0,306.094953821921
|||;35942,35942,35942,35942,0,0,0,0,311.094953821921
385iansg(2),|385iansg(2),|385iansg(2),|385iansg(2),;34918,34406,35430,33894,4.2109371708,6.557116880945,1.864757460655,8.90329659109,316.094953821921
|385iansg(2),||385iansg(2),;35942,34406,35942,33894,0,1.557116880945,0,3.90329659109,321.094953821921
|||;35942,35942,35942,35942,0,0,0,0,326.094953821921
|||;35942,35942,35942,35942,0,0,0,0,331.094953821921
|||;35942,35942,35942,35942,0,0,0,0,336.094953821921
|||;35942,35942,35942,35942,0,0,0,0,341.094953821921
|||;35942,35942,35942,35942,0,0,0,0,346.094953821921
832amgwr(2),|832amgwr(2),|832amgwr(2),|832amgwr(2),;33085,33085,34037.4,34037.4,12.695677518908,12.695677518908,8.331783258039,8.331783258039,351.094953821921
832amgwr(2),|832amgwr(2),|832amgwr(2),|832amgwr(2),;33085,33085,34037.4,34037.4,7.695677518908,7.695677518908,3.331783258039,3.331783258039,356.094953821921
832amgwr(2),|832amgwr(2),||;33085,33085,35942,35942,2.695677518908,2.695677518908,0,0,361.094953821921
|||;35942,35942,35942,35942,0,0,0,0,366.094953821921
|||;35942,35942,35942,35942,0,0,0,0,371.094953821921
|||;35942,35942,35942,35942,0,0,0,0,376.094953821921
980mowyf(2),|||;26521.2,35942,35942,35942,39.672896919687,0,0,0,381.094953821921
980mowyf(2),|||;26521.2,35942,35942,35942,34.672896919687,0,0,0,386.094953821921
980mowyf(2),120uwdkl(1),|||;25543.3,35942,35942,35942,39.982869724058,0,0,0,391.094953821921
980mowyf(2),120uwdkl(1),|||;25543.3,35942,35942,35942,34.982869724058,0,0,0,396.094953821921
980mowyf(2),120uwdkl(1),|||;25543.3,35942,35942,35942,29.982869724058,0,0,0,401.094953821921
980mowyf(2),120uwdkl(1),|||;25543.3,35942,35942,35942,24.982869724058,0,0,0,406.094953821921
980mowyf(2),120uwdkl(1),|||;25543.3,35942,35942,35942,19.982869724058,0,0,0,411.094953821921
980mowyf(2),120uwdkl(1),|||;25543.3,35942,35942,35942,14.982869724058,0,0,0,416.094953821921
980mowyf(3),120uwdkl(2),|||;25543.3,35942,35942,35942,9.982869724058,0,0,0,421.094953821921
980mowyf(3),120uwdkl(3),|||;25543.3,35942,35942,35942,4.982869724058,0,0,0,426.094953821921
980mowyf(3),120uwdkl(3),|||;25543.3,35942,35942,35942,0,0,0,0,431.094953821921
980mowyf(3),120uwdkl(3),|||;25543.3,35942,35942,35942,0,0,0,0,436.094953821921
980mowyf(3),120uwdkl(3),|||;25543.3,35942,35942,35942,0,0,0,0,441.094953821921
980mowyf(3),120uwdkl(3),|||;25543.3,35942,35942,35942,0,0,0,0,446.094953821921
980mowyf(3),120uwdkl(3),|||;25543.3,35942,35942,35942,0,0,0,0,451.094953821921
980mowyf(3),120uwdkl(3),|||;25543.3,35942,35942,35942,0,0,0,0,456.094953821921
980mowyf(3),120uwdkl(3),|||;25543.3,35942,35942,35942,0,0,0,0,461.094953821921
980mowyf(3),120uwdkl(3),|||;25543.3,35942,35942,35942,0,0,0,0,466.094953821921
980mowyf(3),120uwdkl(3),|||;25543.3,35942,35942,35942,0,0,0,0,471.094953821921
980mowyf(3),120uwdkl(3),144ehjav(0),|144ehjav(0),|144ehjav(0),|144ehjav(0),;24130.2,34528.9,33822.3,33822.3,7.644810175666,7.644810175666,10.790538175666,10.790538175666,476.094953821921
980mowyf(3),120uwdkl(3),144ehjav(2),|144ehjav(2),|144ehjav(2),|144ehjav(2),;24130.2,34528.9,33822.3,33822.3,2.644810175666,2.644810175666,5.790538175666,5.790538175666,481.094953821921
980mowyf(3),120uwdkl(3),||144ehjav(2),|144ehjav(2),;25543.3,35942,33822.3,33822.3,0,0,0.790538175666,0.790538175666,486.094953821921
980mowyf(3),120uwdkl(3),|||;25543.3,35942,35942,35942,0,0,0,0,491.094953821921
980mowyf(3),120uwdkl(3),|||;25543.3,35942,35942,35942,0,0,0,0,496.094953821921
980mowyf(3),120uwdkl(3),|||;25543.3,35942,35942,35942,0,0,0,0,501.094953821921
980mowyf(3),120uwdkl(3),|||;25543.3,35942,35942,35942,0,0,0,0,506.094953821921
980mowyf(3),120uwdkl(3),|||;25543.3,35942,35942,35942,0,0,0,0,511.094953821921
980mowyf(3),120uwdkl(3),|||;25543.3,35942,35942,35942,0,0,0,0,516.094953821921
980mowyf(3),120uwdkl(3),|||;25543.3,35942,35942,35942,0,0,0,0,521.094953821921
980mowyf(3),120uwdkl(3),|||;25543.3,35942,35942,35942,0,0,0,0,526.094953821921
980mowyf(3),120uwdkl(3),|||;25543.3,35942,35942,35942,0,0,0,0,531.094953821921
980mowyf(3),120uwdkl(3),|||;25543.3,35942,35942,35942,0,0,0,0,536.094953821921
980mowyf(3),120uwdkl(3),|||;25543.3,35942,35942,35942,0,0,0,0,541.094953821921
980mowyf(3),120uwdkl(3),|||;25543.3,35942,35942,35942,0,0,0,0,546.094953821921
980mowyf(3),120uwdkl(3),|||;25543.3,35942,35942,35942,0,0,0,0,551.094953821921
980mowyf(3),120uwdkl(3),|||;25543.3,35942,35942,35942,0,0,0,0,556.094953821921
980mowyf(3),120uwdkl(3),|||;25543.3,35942,35942,35942,0,0,0,0,561.094953821921
980mowyf(3),120uwdkl(3),|||;25543.3,35942,35942,35942,0,0,0,0,566.094953821921
980mowyf(3),120uwdkl(3),|||;25543.3,35942,35942,35942,0,0,0,0,571.094953821921
980mowyf(3),120uwdkl(3),|||;25543.3,35942,35942,35942,0,0,0,0,576.094953821921
980mowyf(3),120uwdkl(3),|||;25543.3,35942,35942,35942,0,0,0,0,581.094953821921
980mowyf(3),120uwdkl(3),|||;25543.3,35942,35942,35942,0,0,0,0,586.094953821921
980mowyf(3),120uwdkl(3),|||;25543.3,35942,35942,35942,0,0,0,0,591.094953821921
980mowyf(3),120uwdkl(3),|||;25543.3,35942,35942,35942,0,0,0,0,596.094953821921
980mowyf(3),120uwdkl(3),|||;25543.3,35942,35942,35942,0,0,0,0,601.094953821921
980mowyf(3),120uwdkl(3),|||;25543.3,35942,35942,35942,0,0,0,0,606.094953821921
980mowyf(3),120uwdkl(3),|||;25543.3,35942,35942,35942,0,0,0,0,611.094953821921
980mowyf(3),120uwdkl(3),|||;25543.3,35942,35942,35942,0,0,0,0,616.094953821921
980mowyf(3),120uwdkl(3),155bxkfi(0),|155bxkfi(0),|155bxkfi(0),|155bxkfi(0),;22578.8,33965.7,32977.5,34953.8,15.278541889036,10.879081715123,15.278541889036,6.47962154121,621.094953821921
980mowyf(3),120uwdkl(3),155bxkfi(2),|155bxkfi(2),|155bxkfi(2),|155bxkfi(2),;22578.8,33965.7,32977.5,34953.8,10.278541889036,5.879081715123,10.278541889036,1.47962154121,626.094953821921
980mowyf(3),120uwdkl(3),155bxkfi(2),|155bxkfi(2),|155bxkfi(2),|;22578.8,33965.7,32977.5,35942,5.278541889036,0.879081715123,5.278541889036,0,631.094953821921
980mowyf(3),120uwdkl(3),155bxkfi(2),||155bxkfi(2),|;22578.8,35942,32977.5,35942,0.278541889036,0,0.278541889036,0,636.094953821921
980mowyf(3),120uwdkl(3),|||;25543.3,35942,35942,35942,0,0,0,0,641.094953821921
980mowyf(3),120uwdkl(3),|||;25543.3,35942,35942,35942,0,0,0,0,646.094953821921
980mowyf(3),120uwdkl(3),|||;25543.3,35942,35942,35942,0,0,0,0,651.094953821921
120uwdkl(3),|||;34964.1,35942,35942,35942,0,0,0,0,656.094953821921
120uwdkl(3),|||;34964.1,35942,35942,35942,0,0,0,0,661.094953821921
120uwdkl(3),|||;34964.1,35942,35942,35942,0,0,0,0,666.094953821921
120uwdkl(3),|||;34964.1,35942,35942,35942,0,0,0,0,671.094953821921
120uwdkl(3),|||;34964.1,35942,35942,35942,0,0,0,0,676.094953821921
120uwdkl(3),|||;34964.1,35942,35942,35942,0,0,0,0,681.094953821921
120uwdkl(3),|||;34964.1,35942,35942,35942,0,0,0,0,686.094953821921
120uwdkl(3),|||;34964.1,35942,35942,35942,0,0,0,0,691.094953821921
120uwdkl(3),|||;34964.1,35942,35942,35942,0,0,0,0,696.094953821921
120uwdkl(3),|||;34964.1,35942,35942,35942,0,0,0,0,701.094953821921
120uwdkl(3),618gysvw(0),|618gysvw(0),|618gysvw(0),|618gysvw(0),;32306.8,34170.5,34170.5,34170.5,13.19609430962,9.252536744402,9.252536744402,9.252536744402,706.094953821921
120uwdkl(3),618gysvw(2),|618gysvw(2),|618gysvw(2),|618gysvw(2),;32306.8,34170.5,34170.5,34170.5,8.19609430962,4.252536744402,4.252536744402,4.252536744402,711.094953821921
120uwdkl(3),618gysvw(2),|||;32306.8,35942,35942,35942,3.19609430962,0,0,0,716.094953821921
|||;35942,35942,35942,35942,0,0,0,0,721.094953821921
|||;35942,35942,35942,35942,0,0,0,0,726.094953821921
|||;35942,35942,35942,35942,0,0,0,0,731.094953821921
|||;35942,35942,35942,35942,0,0,0,0,736.094953821921
|||;35942,35942,35942,35942,0,0,0,0,741.094953821921
|||;35942,35942,35942,35942,0,0,0,0,746.094953821921
||172adilr(2),|172adilr(2),;35942,35942,33853,33853,0,0,4.678109930084,4.678109930084,751.094953821921
||172adilr(3),|172adilr(3),;35942,35942,33853,33853,0,0,0,0,756.094953821921
||172adilr(3),|172adilr(3),;35942,35942,33853,33853,0,0,0,0,761.094953821921
||172adilr(3),|172adilr(3),;35942,35942,33853,33853,0,0,0,0,766.094953821921
||172adilr(3),|172adilr(3),;35942,35942,33853,33853,0,0,0,0,771.094953821921
||172adilr(3),|172adilr(3),;35942,35942,33853,33853,0,0,0,0,776.094953821921
||172adilr(3),|172adilr(3),;35942,35942,33853,33853,0,0,0,0,781.094953821921
||172adilr(3),|172adilr(3),;35942,35942,33853,33853,0,0,0,0,786.094953821921
||172adilr(3),|172adilr(3),;35942,35942,33853,33853,0,0,0,0,791.094953821921
||172adilr(3),|172adilr(3),;35942,35942,33853,33853,0,0,0,0,796.094953821921
||172adilr(3),|172adilr(3),;35942,35942,33853,33853,0,0,0,0,801.094953821921
||172adilr(3),|172adilr(3),;35942,35942,33853,33853,0,0,0,0,806.094953821921
||172adilr(3),|172adilr(3),;35942,35942,33853,33853,0,0,0,0,811.094953821921
||172adilr(3),|172adilr(3),;35942,35942,33853,33853,0,0,0,0,816.094953821921
||172adilr(3),|172adilr(3),;35942,35942,33853,33853,0,0,0,0,821.094953821921
||172adilr(3),|172adilr(3),;35942,35942,33853,33853,0,0,0,0,826.094953821921
||172adilr(3),|172adilr(3),;35942,35942,33853,33853,0,0,0,0,831.094953821921
||172adilr(3),|172adilr(3),;35942,35942,33853,33853,0,0,0,0,836.094953821921
||172adilr(3),|172adilr(3),;35942,35942,33853,33853,0,0,0,0,841.094953821921
||172adilr(3),|172adilr(3),;35942,35942,33853,33853,0,0,0,0,846.094953821921
||172adilr(3),|172adilr(3),;35942,35942,33853,33853,0,0,0,0,851.094953821921
||172adilr(3),|172adilr(3),;35942,35942,33853,33853,0,0,0,0,856.094953821921
||172adilr(3),|172adilr(3),;35942,35942,33853,33853,0,0,0,0,861.094953821921
||172adilr(3),|172adilr(3),;35942,35942,33853,33853,0,0,0,0,866.094953821921
||172adilr(3),|172adilr(3),;35942,35942,33853,33853,0,0,0,0,871.094953821921
||172adilr(3),|172adilr(3),;35942,35942,33853,33853,0,0,0,0,876.094953821921
||172adilr(3),|172adilr(3),;35942,35942,33853,33853,0,0,0,0,881.094953821921
||172adilr(3),|172adilr(3),;35942,35942,33853,33853,0,0,0,0,886.094953821921
||172adilr(3),|172adilr(3),;35942,35942,33853,33853,0,0,0,0,891.094953821921
||172adilr(3),|172adilr(3),;35942,35942,33853,33853,0,0,0,0,896.094953821921
||172adilr(3),|172adilr(3),;35942,35942,33853,33853,0,0,0,0,901.094953821921
||172adilr(3),|172adilr(3),;35942,35942,33853,33853,0,0,0,0,906.094953821921
||172adilr(3),|172adilr(3),;35942,35942,33853,33853,0,0,0,0,911.094953821921
|||;35942,35942,35942,35942,0,0,0,0,916.094953821921
|||;35942,35942,35942,35942,0,0,0,0,921.094953821921
|||;35942,35942,35942,35942,0,0,0,0,926.094953821921
|||;35942,35942,35942,35942,0,0,0,0,931.094953821921
|||;35942,35942,35942,35942,0,0,0,0,936.094953821921
|||;35942,35942,35942,35942,0,0,0,0,941.094953821921
|||;35942,35942,35942,35942,0,0,0,0,946.094953821921
|||;35942,35942,35942,35942,0,0,0,0,951.094953821921
|||;35942,35942,35942,35942,0,0,0,0,956.094953821921
|||;35942,35942,35942,35942,0,0,0,0,961.094953821921
|||;35942,35942,35942,35942,0,0,0,0,966.094953821921
|||;35942,35942,35942,35942,0,0,0,0,971.094953821921
|||;35942,35942,35942,35942,0,0,0,0,976.094953821921
|||;35942,35942,35942,35942,0,0,0,0,981.094953821921
|||;35942,35942,35942,35942,0,0,0,0,986.094953821921
|||;35942,35942,35942,35942,0,0,0,0,991.094953821921
|||;35942,35942,35942,35942,0,0,0,0,996.094953821921
|||;35942,35942,35942,35942,0,0,0,0,1001.094953821921
|||;35942,35942,35942,35942,0,0,0,0,1006.094953821921
|||;35942,35942,35942,35942,0,0,0,0,1011.094953821921
|||;35942,35942,35942,35942,0,0,0,0,1016.094953821921
|||;35942,35942,35942,35942,0,0,0,0,1021.094953821921
|||;35942,35942,35942,35942,0,0,0,0,1026.094953821921
|||;35942,35942,35942,35942,0,0,0,0,1031.094953821921
|||;35942,35942,35942,35942,0,0,0,0,1036.094953821921
|||;35942,35942,35942,35942,0,0,0,0,1041.094953821921
|||;35942,35942,35942,35942,0,0,0,0,1046.094953821921
|||;35942,35942,35942,35942,0,0,0,0,1051.094953821921
|||;35942,35942,35942,35942,0,0,0,0,1056.094953821921
|||;35942,35942,35942,35942,0,0,0,0,1061.094953821921
|||;35942,35942,35942,35942,0,0,0,0,1066.094953821921
|||;35942,35942,35942,35942,0,0,0,0,1071.094953821921
|||;35942,35942,35942,35942,0,0,0,0,1076.094953821921
|||;35942,35942,35942,35942,0,0,0,0,1081.094953821921
|||;35942,35942,35942,35942,0,0,0,0,1086.094953821921
|||;35942,35942,35942,35942,0,0,0,0,1091.094953821921
|||;35942,35942,35942,35942,0,0,0,0,1096.094953821921
|||;35942,35942,35942,35942,0,0,0,0,1101.094953821921
|||;35942,35942,35942,35942,0,0,0,0,1106.094953821921
|||;35942,35942,35942,35942,0,0,0,0,1111.094953821921
|||;35942,35942,35942,35942,0,0,0,0,1116.094953821921
|||;35942,35942,35942,35942,0,0,0,0,1121.094953821921
|||;35942,35942,35942,35942,0,0,0,0,1126.094953821921
|||;35942,35942,35942,35942,0,0,0,0,1131.094953821921
|||;35942,35942,35942,35942,0,0,0,0,1136.094953821921
|||;35942,35942,35942,35942,0,0,0,0,1141.094953821921
|||;35942,35942,35942,35942,0,0,0,0,1146.094953821921
|||;35942,35942,35942,35942,0,0,0,0,1151.094953821921
|||;35942,35942,35942,35942,0,0,0,0,1156.094953821921
|||;35942,35942,35942,35942,0,0,0,0,1161.094953821921
|||;35942,35942,35942,35942,0,0,0,0,1166.094953821921
|||;35942,35942,35942,35942,0,0,0,0,1171.094953821921
|||;35942,35942,35942,35942,0,0,0,0,1176.094953821921
|||;35942,35942,35942,35942,0,0,0,0,1181.094953821921
|||;35942,35942,35942,35942,0,0,0,0,1186.094953821921
|||;35942,35942,35942,35942,0,0,0,0,1191.094953821921
|||;35942,35942,35942,35942,0,0,0,0,1196.094953821921
|||;35942,35942,35942,35942,0,0,0,0,1201.094953821921
|||;35942,35942,35942,35942,0,0,0,0,1206.094953821921
|||;35942,35942,35942,35942,0,0,0,0,1211.094953821921
|||;35942,35942,35942,35942,0,0,0,0,1216.094953821921
|||;35942,35942,35942,35942,0,0,0,0,1221.094953821921
|||;35942,35942,35942,35942,0,0,0,0,1226.094953821921
|||;35942,35942,35942,35942,0,0,0,0,1231.094953821921
|||;35942,35942,35942,35942,0,0,0,0,1236.094953821921
|||;35942,35942,35942,35942,0,0,0,0,1241.094953821921
|||;35942,35942,35942,35942,0,0,0,0,1246.094953821921
|||;35942,35942,35942,35942,0,0,0,0,1251.094953821921
|||;35942,35942,35942,35942,0,0,0,0,1256.094953821921
|||;35942,35942,35942,35942,0,0,0,0,1261.094953821921
|||;35942,35942,35942,35942,0,0,0,0,1266.094953821921
|||;35942,35942,35942,35942,0,0,0,0,1271.094953821921
|||;35942,35942,35942,35942,0,0,0,0,1276.094953821921
|||;35942,35942,35942,35942,0,0,0,0,1281.094953821921
|||;35942,35942,35942,35942,0,0,0,0,1286.094953821921
|||;35942,35942,35942,35942,0,0,0,0,1291.094953821921
|||;35942,35942,35942,35942,0,0,0,0,1296.094953821921
|||;35942,35942,35942,35942,0,0,0,0,1301.094953821921
|||;35942,35942,35942,35942,0,0,0,0,1306.094953821921
|||;35942,35942,35942,35942,0,0,0,0,1311.094953821921
|||;35942,35942,35942,35942,0,0,0,0,1316.094953821921
|||;35942,35942,35942,35942,0,0,0,0,1321.094953821921
|||;35942,35942,35942,35942,0,0,0,0,1326.094953821921
|||;35942,35942,35942,35942,0,0,0,0,1331.094953821921
|||;35942,35942,35942,35942,0,0,0,0,1336.094953821921
|||;35942,35942,35942,35942,0,0,0,0,1341.094953821921
|||;35942,35942,35942,35942,0,0,0,0,1346.094953821921
|||;35942,35942,35942,35942,0,0,0,0,1351.094953821921
|||;35942,35942,35942,35942,0,0,0,0,1356.094953821921
|||;35942,35942,35942,35942,0,0,0,0,1361.094953821921
|||;35942,35942,35942,35942,0,0,0,0,1366.094953821921
|||;35942,35942,35942,35942,0,0,0,0,1371.094953821921
|||;35942,35942,35942,35942,0,0,0,0,1376.094953821921
|||;35942,35942,35942,35942,0,0,0,0,1381.094953821921
|||;35942,35942,35942,35942,0,0,0,0,1386.094953821921
|||;35942,35942,35942,35942,0,0,0,0,1391.094953821921
|||;35942,35942,35942,35942,0,0,0,0,1396.094953821921
|||;35942,35942,35942,35942,0,0,0,0,1401.094953821921
|||;35942,35942,35942,35942,0,0,0,0,1406.094953821921
|||;35942,35942,35942,35942,0,0,0,0,1411.094953821921
|||;35942,35942,35942,35942,0,0,0,0,1416.094953821921
|||;35942,35942,35942,35942,0,0,0,0,1421.094953821921
|||;35942,35942,35942,35942,0,0,0,0,1426.094953821921
|||;35942,35942,35942,35942,0,0,0,0,1431.094953821921
|||;35942,35942,35942,35942,0,0,0,0,1436.094953821921
|||;35942,35942,35942,35942,0,0,0,0,1441.094953821921
|||;35942,35942,35942,35942,0,0,0,0,1446.094953821921
|||;35942,35942,35942,35942,0,0,0,0,1451.094953821921
|||;35942,35942,35942,35942,0,0,0,0,1456.094953821921
|||;35942,35942,35942,35942,0,0,0,0,1461.094953821921
|||;35942,35942,35942,35942,0,0,0,0,1466.094953821921
|||;35942,35942,35942,35942,0,0,0,0,1471.094953821921
|||;35942,35942,35942,35942,0,0,0,0,1476.094953821921
|||;35942,35942,35942,35942,0,0,0,0,1481.094953821921
|||;35942,35942,35942,35942,0,0,0,0,1486.094953821921
|||;35942,35942,35942,35942,0,0,0,0,1491.094953821921
|||;35942,35942,35942,35942,0,0,0,0,1496.094953821921
|||;35942,35942,35942,35942,0,0,0,0,1501.094953821921
|||;35942,35942,35942,35942,0,0,0,0,1506.094953821921
|||;35942,35942,35942,35942,0,0,0,0,1511.094953821921
|||;35942,35942,35942,35942,0,0,0,0,1516.094953821921
|||;35942,35942,35942,35942,0,0,0,0,1521.094953821921
|||;35942,35942,35942,35942,0,0,0,0,1526.094953821921
|||;35942,35942,35942,35942,0,0,0,0,1531.094953821921
|||;35942,35942,35942,35942,0,0,0,0,1536.094953821921
|||;35942,35942,35942,35942,0,0,0,0,1541.094953821921
|||;35942,35942,35942,35942,0,0,0,0,1546.094953821921
|||;35942,35942,35942,35942,0,0,0,0,1551.094953821921
|||;35942,35942,35942,35942,0,0,0,0,1556.094953821921
|||;35942,35942,35942,35942,0,0,0,0,1561.094953821921
|||;35942,35942,35942,35942,0,0,0,0,1566.094953821921
|||;35942,35942,35942,35942,0,0,0,0,1571.094953821921
|||;35942,35942,35942,35942,0,0,0,0,1576.094953821921
|||;35942,35942,35942,35942,0,0,0,0,1581.094953821921
|||;35942,35942,35942,35942,0,0,0,0,1586.094953821921
|||;35942,35942,35942,35942,0,0,0,0,1591.094953821921
|||;35942,35942,35942,35942,0,0,0,0,1596.094953821921
|||;35942,35942,35942,35942,0,0,0,0,1601.094953821921
|||;35942,35942,35942,35942,0,0,0,0,1606.094953821921
|||;35942,35942,35942,35942,0,0,0,0,1611.094953821921
|||;35942,35942,35942,35942,0,0,0,0,1616.094953821921
|||;35942,35942,35942,35942,0,0,0,0,1621.094953821921
|||;35942,35942,35942,35942,0,0,0,0,1626.094953821921
|||;35942,35942,35942,35942,0,0,0,0,1631.094953821921
|||;35942,35942,35942,35942,0,0,0,0,1636.094953821921
|||;35942,35942,35942,35942,0,0,0,0,1641.094953821921
|||;35942,35942,35942,35942,0,0,0,0,1646.094953821921
|||;35942,35942,35942,35942,0,0,0,0,1651.094953821921
|||;35942,35942,35942,35942,0,0,0,0,1656.094953821921
|||;35942,35942,35942,35942,0,0,0,0,1661.094953821921
|||;35942,35942,35942,35942,0,0,0,0,1666.094953821921
|||;35942,35942,35942,35942,0,0,0,0,1671.094953821921
|||;35942,35942,35942,35942,0,0,0,0,1676.094953821921
|||;35942,35942,35942,35942,0,0,0,0,1681.094953821921
|||;35942,35942,35942,35942,0,0,0,0,1686.094953821921
|||;35942,35942,35942,35942,0,0,0,0,1691.094953821921
|||;35942,35942,35942,35942,0,0,0,0,1696.094953821921
|||;35942,35942,35942,35942,0,0,0,0,1701.094953821921
|||;35942,35942,35942,35942,0,0,0,0,1706.094953821921
|||;35942,35942,35942,35942,0,0,0,0,1711.094953821921
|||;35942,35942,35942,35942,0,0,0,0,1716.094953821921
|||;35942,35942,35942,35942,0,0,0,0,1721.094953821921
|||;35942,35942,35942,35942,0,0,0,0,1726.094953821921
|||;35942,35942,35942,35942,0,0,0,0,1731.094953821921
|||;35942,35942,35942,35942,0,0,0,0,1736.094953821921
|||;35942,35942,35942,35942,0,0,0,0,1741.094953821921
|||;35942,35942,35942,35942,0,0,0,0,1746.094953821921
|||;35942,35942,35942,35942,0,0,0,0,1751.094953821921
|||;35942,35942,35942,35942,0,0,0,0,1756.094953821921
|||;35942,35942,35942,35942,0,0,0,0,1761.094953821921
|||;35942,35942,35942,35942,0,0,0,0,1766.094953821921
|||;35942,35942,35942,35942,0,0,0,0,1771.094953821921
|||;35942,35942,35942,35942,0,0,0,0,1776.094953821921
|||;35942,35942,35942,35942,0,0,0,0,1781.094953821921
|||;35942,35942,35942,35942,0,0,0,0,1786.094953821921
|||;35942,35942,35942,35942,0,0,0,0,1791.094953821921
|||;35942,35942,35942,35942,0,0,0,0,1796.094953821921
|||;35942,35942,35942,35942,0,0,0,0,1801.094953821921
|||;35942,35942,35942,35942,0,0,0,0,1806.094953821921
|||;35942,35942,35942,35942,0,0,0,0,1811.094953821921
|||;35942,35942,35942,35942,0,0,0,0,1816.094953821921
|||;35942,35942,35942,35942,0,0,0,0,1821.094953821921
|||;35942,35942,35942,35942,0,0,0,0,1826.094953821921
|||;35942,35942,35942,35942,0,0,0,0,1831.094953821921
|||;35942,35942,35942,35942,0,0,0,0,1836.094953821921
|||;35942,35942,35942,35942,0,0,0,0,1841.094953821921
|||;35942,35942,35942,35942,0,0,0,0,1846.094953821921
|||;35942,35942,35942,35942,0,0,0,0,1851.094953821921
|||;35942,35942,35942,35942,0,0,0,0,1856.094953821921
|||;35942,35942,35942,35942,0,0,0,0,1861.094953821921
|||;35942,35942,35942,35942,0,0,0,0,1866.094953821921
|||;35942,35942,35942,35942,0,0,0,0,1871.094953821921
|||;35942,35942,35942,35942,0,0,0,0,1876.094953821921
|||;35942,35942,35942,35942,0,0,0,0,1881.094953821921
|||;35942,35942,35942,35942,0,0,0,0,1886.094953821921
|||;35942,35942,35942,35942,0,0,0,0,1891.094953821921
|||;35942,35942,35942,35942,0,0,0,0,1896.094953821921
|||;35942,35942,35942,35942,0,0,0,0,1901.094953821921
|||;35942,35942,35942,35942,0,0,0,0,1906.094953821921
|||;35942,35942,35942,35942,0,0,0,0,1911.094953821921
|||;35942,35942,35942,35942,0,0,0,0,1916.094953821921
|||;35942,35942,35942,35942,0,0,0,0,1921.094953821921
|||;35942,35942,35942,35942,0,0,0,0,1926.094953821921
|||;35942,35942,35942,35942,0,0,0,0,1931.094953821921
|||;35942,35942,35942,35942,0,0,0,0,1936.094953821921
|||;35942,35942,35942,35942,0,0,0,0,1941.094953821921
|||;35942,35942,35942,35942,0,0,0,0,1946.094953821921
|||;35942,35942,35942,35942,0,0,0,0,1951.094953821921
|||;35942,35942,35942,35942,0,0,0,0,1956.094953821921
|||;35942,35942,35942,35942,0,0,0,0,1961.094953821921
|||;35942,35942,35942,35942,0,0,0,0,1966.094953821921
|||;35942,35942,35942,35942,0,0,0,0,1971.094953821921
|||;35942,35942,35942,35942,0,0,0,0,1976.094953821921
|||;35942,35942,35942,35942,0,0,0,0,1981.094953821921
|||;35942,35942,35942,35942,0,0,0,0,1986.094953821921
|||;35942,35942,35942,35942,0,0,0,0,1991.094953821921
|||;35942,35942,35942,35942,0,0,0,0,1996.094953821921
