|||;26521,26521,26521,26521,0,0,0,0,1.135432972291
|||;26521,26521,26521,26521,0,0,0,0,6.135432972291
|||;26521,26521,26521,26521,0,0,0,0,11.135432972291
|||;26521,26521,26521,26521,0,0,0,0,16.135432972291
|||;26521,26521,26521,26521,0,0,0,0,21.135432972291
503awtsk(2),|503awtsk(2),|503awtsk(2),|324huawz(0),;24616.4,23981.5,24616.4,25732.5,7.824304047429,11.201535839637,7.824304047429,5.878885337837,26.135432972291
503awtsk(2),|503awtsk(2),|503awtsk(2),|324huawz(2),;24616.4,23981.5,24616.4,25732.5,2.824304047429,6.201535839637,2.824304047429,0.878885337837,31.135432972291
|503awtsk(2),||;26521,23981.5,26521,26521,0,1.201535839637,0,0,36.135432972291
|||;26521,26521,26521,26521,0,0,0,0,41.135432972291
|||;26521,26521,26521,26521,0,0,0,0,46.135432972291
|||;26521,26521,26521,26521,0,0,0,0,51.135432972291
|||;26521,26521,26521,26521,0,0,0,0,56.135432972291
|||;26521,26521,26521,26521,0,0,0,0,61.135432972291
|||;26521,26521,26521,26521,0,0,0,0,66.135432972291
|||;26521,26521,26521,26521,0,0,0,0,71.135432972291
|||;26521,26521,26521,26521,0,0,0,0,76.135432972291
|||;26521,26521,26521,26521,0,0,0,0,81.135432972291
|||;26521,26521,26521,26521,0,0,0,0,86.135432972291
|||;26521,26521,26521,26521,0,0,0,0,91.135432972291
|||;26521,26521,26521,26521,0,0,0,0,96.135432972291
|||;26521,26521,26521,26521,0,0,0,0,101.135432972291
|||;26521,26521,26521,26521,0,0,0,0,106.135432972291
|||;26521,26521,26521,26521,0,0,0,0,111.135432972291
|||;26521,26521,26521,26521,0,0,0,0,116.135432972291
|||;26521,26521,26521,26521,0,0,0,0,121.135432972291
|||;26521,26521,26521,26521,0,0,0,0,126.135432972291
|||;26521,26521,26521,26521,0,0,0,0,131.135432972291
|||;26521,26521,26521,26521,0,0,0,0,136.135432972291
|||;26521,26521,26521,26521,0,0,0,0,141.135432972291
|||;26521,26521,26521,26521,0,0,0,0,146.135432972291
|||;26521,26521,26521,26521,0,0,0,0,151.135432972291
|||;26521,26521,26521,26521,0,0,0,0,156.135432972291
|||;26521,26521,26521,26521,0,0,0,0,161.135432972291
|||;26521,26521,26521,26521,0,0,0,0,166.135432972291
|||;26521,26521,26521,26521,0,0,0,0,171.135432972291
|||;26521,26521,26521,26521,0,0,0,0,176.135432972291
|||;26521,26521,26521,26521,0,0,0,0,181.135432972291
163evxwn(2),|163evxwn(2),|163evxwn(2),|163evxwn(2),;25625,24729,23833,24729,0.297151260997,5.180072473118,10.06299368524,5.180072473118,186.135432972291
163evxwn(3),|163evxwn(3),|163evxwn(2),|163evxwn(3),;25625,24729,23833,24729,0,0.180072473118,5.06299368524,0.180072473118,191.135432972291
163evxwn(3),|163evxwn(3),|163evxwn(3),|163evxwn(3),;25625,24729,23833,24729,0,0,0.06299368524,0,196.135432972291
163evxwn(3),|163evxwn(3),|163evxwn(3),|163evxwn(3),;25625,24729,23833,24729,0,0,0,0,201.135432972291
163evxwn(3),|163evxwn(3),|163evxwn(3),|163evxwn(3),;25625,24729,23833,24729,0,0,0,0,206.135432972291
163evxwn(3),|163evxwn(3),|163evxwn(3),|163evxwn(3),;25625,24729,23833,24729,0,0,0,0,211.135432972291
163evxwn(3),|163evxwn(3),|163evxwn(3),|163evxwn(3),;25625,24729,23833,24729,0,0,0,0,216.135432972291
163evxwn(3),|163evxwn(3),|163evxwn(3),|163evxwn(3),;25625,24729,23833,24729,0,0,0,0,221.135432972291
163evxwn(3),|163evxwn(3),|163evxwn(3),|163evxwn(3),;25625,24729,23833,24729,0,0,0,0,226.135432972291
163evxwn(3),|163evxwn(3),|163evxwn(3),|163evxwn(3),;25625,24729,23833,24729,0,0,0,0,231.135432972291
163evxwn(3),|163evxwn(3),|163evxwn(3),|163evxwn(3),;25625,24729,23833,24729,0,0,0,0,236.135432972291
163evxwn(3),|163evxwn(3),|163evxwn(3),|163evxwn(3),;25625,24729,23833,24729,0,0,0,0,241.135432972291
163evxwn(3),|163evxwn(3),|163evxwn(3),|163evxwn(3),;25625,24729,23833,24729,0,0,0,0,246.135432972291
163evxwn(3),|163evxwn(3),|163evxwn(3),|163evxwn(3),;25625,24729,23833,24729,0,0,0,0,251.135432972291
163evxwn(3),|163evxwn(3),|163evxwn(3),|163evxwn(3),;25625,24729,23833,24729,0,0,0,0,256.135432972291
163evxwn(3),|163evxwn(3),|163evxwn(3),|163evxwn(3),;25625,24729,23833,24729,0,0,0,0,261.135432972291
163evxwn(3),|163evxwn(3),|163evxwn(3),|163evxwn(3),;25625,24729,23833,24729,0,0,0,0,266.135432972291
163evxwn(3),|163evxwn(3),|163evxwn(3),|163evxwn(3),;25625,24729,23833,24729,0,0,0,0,271.135432972291
|||;26521,26521,26521,26521,0,0,0,0,276.135432972291
|||;26521,26521,26521,26521,0,0,0,0,281.135432972291
|||;26521,26521,26521,26521,0,0,0,0,286.135432972291
|||;26521,26521,26521,26521,0,0,0,0,291.135432972291
|||;26521,26521,26521,26521,0,0,0,0,296.135432972291
|||;26521,26521,26521,26521,0,0,0,0,301.135432972291
|||;26521,26521,26521,26521,0,0,0,0,306.135432972291
|||;26521,26521,26521,26521,0,0,0,0,311.135432972291
|||;26521,26521,26521,26521,0,0,0,0,316.135432972291
|||;26521,26521,26521,26521,0,0,0,0,321.135432972291
|||;26521,26521,26521,26521,0,0,0,0,326.135432972291
|||;26521,26521,26521,26521,0,0,0,0,331.135432972291
|||;26521,26521,26521,26521,0,0,0,0,336.135432972291
|||;26521,26521,26521,26521,0,0,0,0,341.135432972291
|||;26521,26521,26521,26521,0,0,0,0,346.135432972291
|||;26521,26521,26521,26521,0,0,0,0,351.135432972291
|||;26521,26521,26521,26521,0,0,0,0,356.135432972291
|||;26521,26521,26521,26521,0,0,0,0,361.135432972291
|||;26521,26521,26521,26521,0,0,0,0,366.135432972291
|||;26521,26521,26521,26521,0,0,0,0,371.135432972291
|||;26521,26521,26521,26521,0,0,0,0,376.135432972291
|||;26521,26521,26521,26521,0,0,0,0,381.135432972291
|||;26521,26521,26521,26521,0,0,0,0,386.135432972291
|||;26521,26521,26521,26521,0,0,0,0,391.135432972291
|||;26521,26521,26521,26521,0,0,0,0,396.135432972291
|||;26521,26521,26521,26521,0,0,0,0,401.135432972291
|||;26521,26521,26521,26521,0,0,0,0,406.135432972291
|||;26521,26521,26521,26521,0,0,0,0,411.135432972291
|||;26521,26521,26521,26521,0,0,0,0,416.135432972291
|||;26521,26521,26521,26521,0,0,0,0,421.135432972291
|||;26521,26521,26521,26521,0,0,0,0,426.135432972291
|||;26521,26521,26521,26521,0,0,0,0,431.135432972291
|||;26521,26521,26521,26521,0,0,0,0,436.135432972291
|||;26521,26521,26521,26521,0,0,0,0,441.135432972291
|||;26521,26521,26521,26521,0,0,0,0,446.135432972291
|||;26521,26521,26521,26521,0,0,0,0,451.135432972291
|||;26521,26521,26521,26521,0,0,0,0,456.135432972291
|||;26521,26521,26521,26521,0,0,0,0,461.135432972291
|||;26521,26521,26521,26521,0,0,0,0,466.135432972291
|||;26521,26521,26521,26521,0,0,0,0,471.135432972291
|||;26521,26521,26521,26521,0,0,0,0,476.135432972291
|||;26521,26521,26521,26521,0,0,0,0,481.135432972291
|||;26521,26521,26521,26521,0,0,0,0,486.135432972291
|||;26521,26521,26521,26521,0,0,0,0,491.135432972291
|||;26521,26521,26521,26521,0,0,0,0,496.135432972291
|||;26521,26521,26521,26521,0,0,0,0,501.135432972291
|||;26521,26521,26521,26521,0,0,0,0,506.135432972291
|||;26521,26521,26521,26521,0,0,0,0,511.135432972291
|||;26521,26521,26521,26521,0,0,0,0,516.135432972291
|||;26521,26521,26521,26521,0,0,0,0,521.135432972291
|||;26521,26521,26521,26521,0,0,0,0,526.135432972291
|||;26521,26521,26521,26521,0,0,0,0,531.135432972291
|||;26521,26521,26521,26521,0,0,0,0,536.135432972291
|||;26521,26521,26521,26521,0,0,0,0,541.135432972291
|||;26521,26521,26521,26521,0,0,0,0,546.135432972291
|||;26521,26521,26521,26521,0,0,0,0,551.135432972291
|||;26521,26521,26521,26521,0,0,0,0,556.135432972291
|||;26521,26521,26521,26521,0,0,0,0,561.135432972291
|||;26521,26521,26521,26521,0,0,0,0,566.135432972291
|||;26521,26521,26521,26521,0,0,0,0,571.135432972291
|||;26521,26521,26521,26521,0,0,0,0,576.135432972291
|||;26521,26521,26521,26521,0,0,0,0,581.135432972291
|296sqlgb(2),|296sqlgb(2),|296sqlgb(2),;26521,25604.5,25604.5,25604.5,0,4.334295137697,4.334295137697,4.334295137697,586.135432972291
|296sqlgb(3),|296sqlgb(3),|296sqlgb(3),;26521,25604.5,25604.5,25604.5,0,0,0,0,591.135432972291
|296sqlgb(3),|296sqlgb(3),|296sqlgb(3),;26521,25604.5,25604.5,25604.5,0,0,0,0,596.135432972291
|296sqlgb(3),|296sqlgb(3),|296sqlgb(3),;26521,25604.5,25604.5,25604.5,0,0,0,0,601.135432972291
975hrpvx(0),|296sqlgb(3),|296sqlgb(3),|296sqlgb(3),975hrpvx(0),;23372.2,25604.5,25604.5,22455.7,17.949558616544,0,0,17.949558616544,606.135432972291
975hrpvx(2),|296sqlgb(3),|296sqlgb(3),|296sqlgb(3),975hrpvx(2),;23372.2,25604.5,25604.5,22455.7,12.949558616544,0,0,12.949558616544,611.135432972291
975hrpvx(2),|296sqlgb(3),|296sqlgb(3),|296sqlgb(3),975hrpvx(2),;23372.2,25604.5,25604.5,22455.7,7.949558616544,0,0,7.949558616544,616.135432972291
975hrpvx(2),|296sqlgb(3),|296sqlgb(3),|296sqlgb(3),975hrpvx(2),;23372.2,25604.5,25604.5,22455.7,2.949558616544,0,0,2.949558616544,621.135432972291
975hrpvx(3),|296sqlgb(3),|296sqlgb(3),|296sqlgb(3),975hrpvx(3),;23372.2,25604.5,25604.5,22455.7,0,0,0,0,626.135432972291
975hrpvx(3),|296sqlgb(3),|296sqlgb(3),|296sqlgb(3),975hrpvx(3),;23372.2,25604.5,25604.5,22455.7,0,0,0,0,631.135432972291
975hrpvx(3),|296sqlgb(3),|296sqlgb(3),|296sqlgb(3),975hrpvx(3),;23372.2,25604.5,25604.5,22455.7,0,0,0,0,636.135432972291
975hrpvx(3),|296sqlgb(3),|296sqlgb(3),|296sqlgb(3),975hrpvx(3),;23372.2,25604.5,25604.5,22455.7,0,0,0,0,641.135432972291
975hrpvx(3),608esmrw(0),|296sqlgb(3),608esmrw(0),|296sqlgb(3),608esmrw(0),|296sqlgb(3),975hrpvx(3),608esmrw(0),;22414.8,20817.3,22732.2,21498.3,6.290706519592,26.663040233877,16.476873376734,6.290706519592,646.135432972291
975hrpvx(3),608esmrw(2),|296sqlgb(3),608esmrw(2),|296sqlgb(3),608esmrw(2),|296sqlgb(3),975hrpvx(3),608esmrw(2),;22414.8,20817.3,22732.2,21498.3,1.290706519592,21.663040233877,11.476873376734,1.290706519592,651.135432972291
975hrpvx(3),|296sqlgb(3),608esmrw(2),|296sqlgb(3),608esmrw(2),|296sqlgb(3),975hrpvx(3),;23372.2,20817.3,22732.2,22455.7,0,16.663040233877,6.476873376734,0,656.135432972291
975hrpvx(3),|296sqlgb(3),608esmrw(2),|296sqlgb(3),608esmrw(2),|296sqlgb(3),975hrpvx(3),;23372.2,20817.3,22732.2,22455.7,0,11.663040233877,1.476873376734,0,661.135432972291
|296sqlgb(3),608esmrw(2),|296sqlgb(3),608esmrw(3),|296sqlgb(3),;26521,20817.3,22732.2,25604.5,0,6.663040233877,0,0,666.135432972291
|296sqlgb(3),608esmrw(2),|296sqlgb(3),608esmrw(3),|296sqlgb(3),;26521,20817.3,22732.2,25604.5,0,1.663040233877,0,0,671.135432972291
|296sqlgb(3),608esmrw(3),|296sqlgb(3),608esmrw(3),|296sqlgb(3),;26521,20817.3,22732.2,25604.5,0,0,0,0,676.135432972291
|296sqlgb(3),608esmrw(3),|296sqlgb(3),608esmrw(3),|296sqlgb(3),;26521,20817.3,22732.2,25604.5,0,0,0,0,681.135432972291
|296sqlgb(3),608esmrw(3),|296sqlgb(3),608esmrw(3),|296sqlgb(3),;26521,20817.3,22732.2,25604.5,0,0,0,0,686.135432972291
|296sqlgb(3),|296sqlgb(3),|296sqlgb(3),;26521,25604.5,25604.5,25604.5,0,0,0,0,691.135432972291
|||;26521,26521,26521,26521,0,0,0,0,696.135432972291
|||;26521,26521,26521,26521,0,0,0,0,701.135432972291
|||;26521,26521,26521,26521,0,0,0,0,706.135432972291
|||;26521,26521,26521,26521,0,0,0,0,711.135432972291
|||;26521,26521,26521,26521,0,0,0,0,716.135432972291
|||;26521,26521,26521,26521,0,0,0,0,721.135432972291
|||;26521,26521,26521,26521,0,0,0,0,726.135432972291
|||;26521,26521,26521,26521,0,0,0,0,731.135432972291
|||;26521,26521,26521,26521,0,0,0,0,736.135432972291
|||;26521,26521,26521,26521,0,0,0,0,741.135432972291
|||;26521,26521,26521,26521,0,0,0,0,746.135432972291
|||;26521,26521,26521,26521,0,0,0,0,751.135432972291
|||;26521,26521,26521,26521,0,0,0,0,756.135432972291
|||;26521,26521,26521,26521,0,0,0,0,761.135432972291
|||;26521,26521,26521,26521,0,0,0,0,766.135432972291
|||;26521,26521,26521,26521,0,0,0,0,771.135432972291
|||;26521,26521,26521,26521,0,0,0,0,776.135432972291
|||;26521,26521,26521,26521,0,0,0,0,781.135432972291
|||;26521,26521,26521,26521,0,0,0,0,786.135432972291
|||;26521,26521,26521,26521,0,0,0,0,791.135432972291
|||;26521,26521,26521,26521,0,0,0,0,796.135432972291
|||;26521,26521,26521,26521,0,0,0,0,801.135432972291
|||;26521,26521,26521,26521,0,0,0,0,806.135432972291
|||;26521,26521,26521,26521,0,0,0,0,811.135432972291
|||;26521,26521,26521,26521,0,0,0,0,816.135432972291
|||;26521,26521,26521,26521,0,0,0,0,821.135432972291
|||;26521,26521,26521,26521,0,0,0,0,826.135432972291
||71wxpdb(2),|71wxpdb(2),;26521,26521,21989.8,21989.8,0,0,24.546114503225,24.546114503225,831.135432972291
||71wxpdb(2),|71wxpdb(2),;26521,26521,21989.8,21989.8,0,0,19.546114503225,19.546114503225,836.135432972291
||71wxpdb(2),|71wxpdb(2),;26521,26521,21989.8,21989.8,0,0,14.546114503225,14.546114503225,841.135432972291
||71wxpdb(2),|71wxpdb(2),;26521,26521,21989.8,21989.8,0,0,9.546114503225,9.546114503225,846.135432972291
||71wxpdb(2),|71wxpdb(2),;26521,26521,21989.8,21989.8,0,0,4.546114503225,4.546114503225,851.135432972291
||71wxpdb(3),|71wxpdb(3),;26521,26521,21989.8,21989.8,0,0,0,0,856.135432972291
||71wxpdb(3),|71wxpdb(3),;26521,26521,21989.8,21989.8,0,0,0,0,861.135432972291
||71wxpdb(3),|71wxpdb(3),;26521,26521,21989.8,21989.8,0,0,0,0,866.135432972291
||71wxpdb(3),|71wxpdb(3),;26521,26521,21989.8,21989.8,0,0,0,0,871.135432972291
||71wxpdb(3),|71wxpdb(3),;26521,26521,21989.8,21989.8,0,0,0,0,876.135432972291
||71wxpdb(3),|71wxpdb(3),;26521,26521,21989.8,21989.8,0,0,0,0,881.135432972291
||71wxpdb(3),|71wxpdb(3),;26521,26521,21989.8,21989.8,0,0,0,0,886.135432972291
||71wxpdb(3),|71wxpdb(3),;26521,26521,21989.8,21989.8,0,0,0,0,891.135432972291
||71wxpdb(3),|71wxpdb(3),;26521,26521,21989.8,21989.8,0,0,0,0,896.135432972291
||71wxpdb(3),|71wxpdb(3),;26521,26521,21989.8,21989.8,0,0,0,0,901.135432972291
||71wxpdb(3),|71wxpdb(3),;26521,26521,21989.8,21989.8,0,0,0,0,906.135432972291
||71wxpdb(3),|71wxpdb(3),;26521,26521,21989.8,21989.8,0,0,0,0,911.135432972291
||71wxpdb(3),|71wxpdb(3),;26521,26521,21989.8,21989.8,0,0,0,0,916.135432972291
||71wxpdb(3),|71wxpdb(3),;26521,26521,21989.8,21989.8,0,0,0,0,921.135432972291
||71wxpdb(3),|71wxpdb(3),;26521,26521,21989.8,21989.8,0,0,0,0,926.135432972291
||71wxpdb(3),|71wxpdb(3),;26521,26521,21989.8,21989.8,0,0,0,0,931.135432972291
||71wxpdb(3),|71wxpdb(3),;26521,26521,21989.8,21989.8,0,0,0,0,936.135432972291
||71wxpdb(3),|71wxpdb(3),;26521,26521,21989.8,21989.8,0,0,0,0,941.135432972291
||71wxpdb(3),|71wxpdb(3),;26521,26521,21989.8,21989.8,0,0,0,0,946.135432972291
||71wxpdb(3),|71wxpdb(3),;26521,26521,21989.8,21989.8,0,0,0,0,951.135432972291
||71wxpdb(3),|71wxpdb(3),;26521,26521,21989.8,21989.8,0,0,0,0,956.135432972291
592ymtnu(2),|592ymtnu(2),|71wxpdb(3),|71wxpdb(3),592ymtnu(2),;25973.2,25425.3,21989.8,20894.1,2.158695033706,5.072919241498,0,5.072919241498,961.135432972291
||71wxpdb(3),|71wxpdb(3),;26521,26521,21989.8,21989.8,0,0.072919241498,0,0.072919241498,966.135432972291
||71wxpdb(3),|71wxpdb(3),;26521,26521,21989.8,21989.8,0,0,0,0,971.135432972291
||71wxpdb(3),|71wxpdb(3),;26521,26521,21989.8,21989.8,0,0,0,0,976.135432972291
||71wxpdb(3),|71wxpdb(3),;26521,26521,21989.8,21989.8,0,0,0,0,981.135432972291
||71wxpdb(3),|71wxpdb(3),;26521,26521,21989.8,21989.8,0,0,0,0,986.135432972291
||71wxpdb(3),|71wxpdb(3),;26521,26521,21989.8,21989.8,0,0,0,0,991.135432972291
||71wxpdb(3),|71wxpdb(3),;26521,26521,21989.8,21989.8,0,0,0,0,996.135432972291
||71wxpdb(3),|71wxpdb(3),;26521,26521,21989.8,21989.8,0,0,0,0,1001.135432972291
||71wxpdb(3),|71wxpdb(3),;26521,26521,21989.8,21989.8,0,0,0,0,1006.135432972291
||71wxpdb(3),|71wxpdb(3),;26521,26521,21989.8,21989.8,0,0,0,0,1011.135432972291
||71wxpdb(3),|71wxpdb(3),;26521,26521,21989.8,21989.8,0,0,0,0,1016.135432972291
||71wxpdb(3),|71wxpdb(3),;26521,26521,21989.8,21989.8,0,0,0,0,1021.135432972291
||71wxpdb(3),|71wxpdb(3),;26521,26521,21989.8,21989.8,0,0,0,0,1026.135432972291
||71wxpdb(3),|71wxpdb(3),;26521,26521,21989.8,21989.8,0,0,0,0,1031.135432972291
||71wxpdb(3),|71wxpdb(3),;26521,26521,21989.8,21989.8,0,0,0,0,1036.135432972291
||71wxpdb(3),|71wxpdb(3),;26521,26521,21989.8,21989.8,0,0,0,0,1041.135432972291
||71wxpdb(3),|71wxpdb(3),;26521,26521,21989.8,21989.8,0,0,0,0,1046.135432972291
||71wxpdb(3),|71wxpdb(3),;26521,26521,21989.8,21989.8,0,0,0,0,1051.135432972291
||71wxpdb(3),|71wxpdb(3),;26521,26521,21989.8,21989.8,0,0,0,0,1056.135432972291
||71wxpdb(3),|71wxpdb(3),;26521,26521,21989.8,21989.8,0,0,0,0,1061.135432972291
||71wxpdb(3),|71wxpdb(3),;26521,26521,21989.8,21989.8,0,0,0,0,1066.135432972291
||71wxpdb(3),|71wxpdb(3),;26521,26521,21989.8,21989.8,0,0,0,0,1071.135432972291
||71wxpdb(3),|71wxpdb(3),;26521,26521,21989.8,21989.8,0,0,0,0,1076.135432972291
||71wxpdb(3),|71wxpdb(3),;26521,26521,21989.8,21989.8,0,0,0,0,1081.135432972291
||71wxpdb(3),|71wxpdb(3),;26521,26521,21989.8,21989.8,0,0,0,0,1086.135432972291
||71wxpdb(3),|71wxpdb(3),;26521,26521,21989.8,21989.8,0,0,0,0,1091.135432972291
||71wxpdb(3),|71wxpdb(3),;26521,26521,21989.8,21989.8,0,0,0,0,1096.135432972291
||71wxpdb(3),|71wxpdb(3),;26521,26521,21989.8,21989.8,0,0,0,0,1101.135432972291
|||;26521,26521,26521,26521,0,0,0,0,1106.135432972291
|||;26521,26521,26521,26521,0,0,0,0,1111.135432972291
|||;26521,26521,26521,26521,0,0,0,0,1116.135432972291
|||;26521,26521,26521,26521,0,0,0,0,1121.135432972291
|||;26521,26521,26521,26521,0,0,0,0,1126.135432972291
|||;26521,26521,26521,26521,0,0,0,0,1131.135432972291
|||;26521,26521,26521,26521,0,0,0,0,1136.135432972291
|||;26521,26521,26521,26521,0,0,0,0,1141.135432972291
|||;26521,26521,26521,26521,0,0,0,0,1146.135432972291
|||;26521,26521,26521,26521,0,0,0,0,1151.135432972291
|||;26521,26521,26521,26521,0,0,0,0,1156.135432972291
|||;26521,26521,26521,26521,0,0,0,0,1161.135432972291
|||;26521,26521,26521,26521,0,0,0,0,1166.135432972291
|||;26521,26521,26521,26521,0,0,0,0,1171.135432972291
|||;26521,26521,26521,26521,0,0,0,0,1176.135432972291
|||;26521,26521,26521,26521,0,0,0,0,1181.135432972291
|||;26521,26521,26521,26521,0,0,0,0,1186.135432972291
|||;26521,26521,26521,26521,0,0,0,0,1191.135432972291
|||;26521,26521,26521,26521,0,0,0,0,1196.135432972291
|||;26521,26521,26521,26521,0,0,0,0,1201.135432972291
|||;26521,26521,26521,26521,0,0,0,0,1206.135432972291
|||;26521,26521,26521,26521,0,0,0,0,1211.135432972291
|||;26521,26521,26521,26521,0,0,0,0,1216.135432972291
|||;26521,26521,26521,26521,0,0,0,0,1221.135432972291
|||;26521,26521,26521,26521,0,0,0,0,1226.135432972291
|||;26521,26521,26521,26521,0,0,0,0,1231.135432972291
|||;26521,26521,26521,26521,0,0,0,0,1236.135432972291
|||;26521,26521,26521,26521,0,0,0,0,1241.135432972291
|||;26521,26521,26521,26521,0,0,0,0,1246.135432972291
|||;26521,26521,26521,26521,0,0,0,0,1251.135432972291
|||;26521,26521,26521,26521,0,0,0,0,1256.135432972291
|||;26521,26521,26521,26521,0,0,0,0,1261.135432972291
|||;26521,26521,26521,26521,0,0,0,0,1266.135432972291
|||;26521,26521,26521,26521,0,0,0,0,1271.135432972291
|||;26521,26521,26521,26521,0,0,0,0,1276.135432972291
|||;26521,26521,26521,26521,0,0,0,0,1281.135432972291
|||;26521,26521,26521,26521,0,0,0,0,1286.135432972291
|||;26521,26521,26521,26521,0,0,0,0,1291.135432972291
|||;26521,26521,26521,26521,0,0,0,0,1296.135432972291
|||;26521,26521,26521,26521,0,0,0,0,1301.135432972291
|||;26521,26521,26521,26521,0,0,0,0,1306.135432972291
|||;26521,26521,26521,26521,0,0,0,0,1311.135432972291
|||;26521,26521,26521,26521,0,0,0,0,1316.135432972291
|||;26521,26521,26521,26521,0,0,0,0,1321.135432972291
|||;26521,26521,26521,26521,0,0,0,0,1326.135432972291
|||;26521,26521,26521,26521,0,0,0,0,1331.135432972291
|||;26521,26521,26521,26521,0,0,0,0,1336.135432972291
|||;26521,26521,26521,26521,0,0,0,0,1341.135432972291
|||;26521,26521,26521,26521,0,0,0,0,1346.135432972291
|||;26521,26521,26521,26521,0,0,0,0,1351.135432972291
|||;26521,26521,26521,26521,0,0,0,0,1356.135432972291
|||;26521,26521,26521,26521,0,0,0,0,1361.135432972291
|||;26521,26521,26521,26521,0,0,0,0,1366.135432972291
|||;26521,26521,26521,26521,0,0,0,0,1371.135432972291
|||;26521,26521,26521,26521,0,0,0,0,1376.135432972291
|||;26521,26521,26521,26521,0,0,0,0,1381.135432972291
|||;26521,26521,26521,26521,0,0,0,0,1386.135432972291
|||;26521,26521,26521,26521,0,0,0,0,1391.135432972291
|||;26521,26521,26521,26521,0,0,0,0,1396.135432972291
|||;26521,26521,26521,26521,0,0,0,0,1401.135432972291
|||;26521,26521,26521,26521,0,0,0,0,1406.135432972291
|||;26521,26521,26521,26521,0,0,0,0,1411.135432972291
|||;26521,26521,26521,26521,0,0,0,0,1416.135432972291
|||;26521,26521,26521,26521,0,0,0,0,1421.135432972291
|||;26521,26521,26521,26521,0,0,0,0,1426.135432972291
|||;26521,26521,26521,26521,0,0,0,0,1431.135432972291
|||;26521,26521,26521,26521,0,0,0,0,1436.135432972291
|||;26521,26521,26521,26521,0,0,0,0,1441.135432972291
|||;26521,26521,26521,26521,0,0,0,0,1446.135432972291
|||;26521,26521,26521,26521,0,0,0,0,1451.135432972291
|||;26521,26521,26521,26521,0,0,0,0,1456.135432972291
|||;26521,26521,26521,26521,0,0,0,0,1461.135432972291
|||;26521,26521,26521,26521,0,0,0,0,1466.135432972291
|||;26521,26521,26521,26521,0,0,0,0,1471.135432972291
|||;26521,26521,26521,26521,0,0,0,0,1476.135432972291
|||;26521,26521,26521,26521,0,0,0,0,1481.135432972291
|||;26521,26521,26521,26521,0,0,0,0,1486.135432972291
|||;26521,26521,26521,26521,0,0,0,0,1491.135432972291
|||;26521,26521,26521,26521,0,0,0,0,1496.135432972291
|||;26521,26521,26521,26521,0,0,0,0,1501.135432972291
|||;26521,26521,26521,26521,0,0,0,0,1506.135432972291
|||;26521,26521,26521,26521,0,0,0,0,1511.135432972291
|||;26521,26521,26521,26521,0,0,0,0,1516.135432972291
|||;26521,26521,26521,26521,0,0,0,0,1521.135432972291
|||;26521,26521,26521,26521,0,0,0,0,1526.135432972291
|||;26521,26521,26521,26521,0,0,0,0,1531.135432972291
|||;26521,26521,26521,26521,0,0,0,0,1536.135432972291
|||;26521,26521,26521,26521,0,0,0,0,1541.135432972291
|||;26521,26521,26521,26521,0,0,0,0,1546.135432972291
|||;26521,26521,26521,26521,0,0,0,0,1551.135432972291
|||;26521,26521,26521,26521,0,0,0,0,1556.135432972291
|||;26521,26521,26521,26521,0,0,0,0,1561.135432972291
|||;26521,26521,26521,26521,0,0,0,0,1566.135432972291
|||;26521,26521,26521,26521,0,0,0,0,1571.135432972291
|||;26521,26521,26521,26521,0,0,0,0,1576.135432972291
|||;26521,26521,26521,26521,0,0,0,0,1581.135432972291
|||;26521,26521,26521,26521,0,0,0,0,1586.135432972291
|||;26521,26521,26521,26521,0,0,0,0,1591.135432972291
|||;26521,26521,26521,26521,0,0,0,0,1596.135432972291
|||;26521,26521,26521,26521,0,0,0,0,1601.135432972291
|||;26521,26521,26521,26521,0,0,0,0,1606.135432972291
|||;26521,26521,26521,26521,0,0,0,0,1611.135432972291
|||;26521,26521,26521,26521,0,0,0,0,1616.135432972291
|||;26521,26521,26521,26521,0,0,0,0,1621.135432972291
|||;26521,26521,26521,26521,0,0,0,0,1626.135432972291
|||;26521,26521,26521,26521,0,0,0,0,1631.135432972291
|||;26521,26521,26521,26521,0,0,0,0,1636.135432972291
|||;26521,26521,26521,26521,0,0,0,0,1641.135432972291
|||;26521,26521,26521,26521,0,0,0,0,1646.135432972291
|||;26521,26521,26521,26521,0,0,0,0,1651.135432972291
|||;26521,26521,26521,26521,0,0,0,0,1656.135432972291
|||;26521,26521,26521,26521,0,0,0,0,1661.135432972291
|||;26521,26521,26521,26521,0,0,0,0,1666.135432972291
|||;26521,26521,26521,26521,0,0,0,0,1671.135432972291
|||;26521,26521,26521,26521,0,0,0,0,1676.135432972291
|||;26521,26521,26521,26521,0,0,0,0,1681.135432972291
|||;26521,26521,26521,26521,0,0,0,0,1686.135432972291
|||;26521,26521,26521,26521,0,0,0,0,1691.135432972291
|||;26521,26521,26521,26521,0,0,0,0,1696.135432972291
|||;26521,26521,26521,26521,0,0,0,0,1701.135432972291
|||;26521,26521,26521,26521,0,0,0,0,1706.135432972291
|||;26521,26521,26521,26521,0,0,0,0,1711.135432972291
|||;26521,26521,26521,26521,0,0,0,0,1716.135432972291
|||;26521,26521,26521,26521,0,0,0,0,1721.135432972291
|||;26521,26521,26521,26521,0,0,0,0,1726.135432972291
|||;26521,26521,26521,26521,0,0,0,0,1731.135432972291
|||;26521,26521,26521,26521,0,0,0,0,1736.135432972291
|||;26521,26521,26521,26521,0,0,0,0,1741.135432972291
|||;26521,26521,26521,26521,0,0,0,0,1746.135432972291
|||;26521,26521,26521,26521,0,0,0,0,1751.135432972291
|||;26521,26521,26521,26521,0,0,0,0,1756.135432972291
|||;26521,26521,26521,26521,0,0,0,0,1761.135432972291
|||;26521,26521,26521,26521,0,0,0,0,1766.135432972291
|||;26521,26521,26521,26521,0,0,0,0,1771.135432972291
|||;26521,26521,26521,26521,0,0,0,0,1776.135432972291
|||;26521,26521,26521,26521,0,0,0,0,1781.135432972291
|||;26521,26521,26521,26521,0,0,0,0,1786.135432972291
|||;26521,26521,26521,26521,0,0,0,0,1791.135432972291
|||;26521,26521,26521,26521,0,0,0,0,1796.135432972291
|||;26521,26521,26521,26521,0,0,0,0,1801.135432972291
|||;26521,26521,26521,26521,0,0,0,0,1806.135432972291
|||;26521,26521,26521,26521,0,0,0,0,1811.135432972291
|||;26521,26521,26521,26521,0,0,0,0,1816.135432972291
|||;26521,26521,26521,26521,0,0,0,0,1821.135432972291
|||;26521,26521,26521,26521,0,0,0,0,1826.135432972291
|||;26521,26521,26521,26521,0,0,0,0,1831.135432972291
|||;26521,26521,26521,26521,0,0,0,0,1836.135432972291
|||;26521,26521,26521,26521,0,0,0,0,1841.135432972291
|||;26521,26521,26521,26521,0,0,0,0,1846.135432972291
|||;26521,26521,26521,26521,0,0,0,0,1851.135432972291
|||;26521,26521,26521,26521,0,0,0,0,1856.135432972291
|||;26521,26521,26521,26521,0,0,0,0,1861.135432972291
|||;26521,26521,26521,26521,0,0,0,0,1866.135432972291
|||;26521,26521,26521,26521,0,0,0,0,1871.135432972291
|||;26521,26521,26521,26521,0,0,0,0,1876.135432972291
|||;26521,26521,26521,26521,0,0,0,0,1881.135432972291
|||;26521,26521,26521,26521,0,0,0,0,1886.135432972291
|||;26521,26521,26521,26521,0,0,0,0,1891.135432972291
|||;26521,26521,26521,26521,0,0,0,0,1896.135432972291
|||;26521,26521,26521,26521,0,0,0,0,1901.135432972291
|||;26521,26521,26521,26521,0,0,0,0,1906.135432972291
|||;26521,26521,26521,26521,0,0,0,0,1911.135432972291
|||;26521,26521,26521,26521,0,0,0,0,1916.135432972291
|||;26521,26521,26521,26521,0,0,0,0,1921.135432972291
|||;26521,26521,26521,26521,0,0,0,0,1926.135432972291
|||;26521,26521,26521,26521,0,0,0,0,1931.135432972291
195ejigb(2),|195ejigb(2),|195ejigb(2),|195ejigb(2),;25747.9,24201.6,24201.6,24201.6,3.4308711629,11.656064721341,11.656064721341,11.656064721341,1936.135432972291
|195ejigb(2),|195ejigb(2),|195ejigb(2),;26521,24201.6,24201.6,24201.6,0,6.656064721341,6.656064721341,6.656064721341,1941.135432972291
|195ejigb(2),|195ejigb(2),|195ejigb(2),;26521,24201.6,24201.6,24201.6,0,1.656064721341,1.656064721341,1.656064721341,1946.135432972291
|195ejigb(3),|195ejigb(3),|195ejigb(3),;26521,24201.6,24201.6,24201.6,0,0,0,0,1951.135432972291
|195ejigb(3),|195ejigb(3),|195ejigb(3),;26521,24201.6,24201.6,24201.6,0,0,0,0,1956.135432972291
|195ejigb(3),|195ejigb(3),|195ejigb(3),;26521,24201.6,24201.6,24201.6,0,0,0,0,1961.135432972291
|195ejigb(3),|195ejigb(3),|195ejigb(3),;26521,24201.6,24201.6,24201.6,0,0,0,0,1966.135432972291
|||;26521,26521,26521,26521,0,0,0,0,1971.135432972291
|||;26521,26521,26521,26521,0,0,0,0,1976.135432972291
|||;26521,26521,26521,26521,0,0,0,0,1981.135432972291
|||;26521,26521,26521,26521,0,0,0,0,1986.135432972291
|||;26521,26521,26521,26521,0,0,0,0,1991.135432972291
|||;26521,26521,26521,26521,0,0,0,0,1996.135432972291
