|||;30822,30822,30822,30822,0,0,0,0,1.066673642287
|||;30822,30822,30822,30822,0,0,0,0,6.066673642287
|||;30822,30822,30822,30822,0,0,0,0,11.066673642287
|||;30822,30822,30822,30822,0,0,0,0,16.066673642287
|||;30822,30822,30822,30822,0,0,0,0,21.066673642287
977pijol(2),402liyom(0),|726zwsyg(2),886eligk(1),977pijol(1),402liyom(0),|726zwsyg(2),886eligk(1),278pqsty(1),402liyom(0),|977pijol(2),402liyom(0),;25558.6,25645.7,15400.6,25558.6,27.563039124378,32.696150345167,77.293055023597,27.563039124378,26.066673642287
977pijol(2),402liyom(1),|886eligk(2),977pijol(1),402liyom(1),|886eligk(2),278pqsty(1),402liyom(1),|977pijol(2),402liyom(1),;25558.6,26567.3,16322.2,25558.6,22.563039124378,27.696150345167,72.293055023597,22.563039124378,31.066673642287
977pijol(2),402liyom(1),|977pijol(2),402liyom(1),|886eligk(2),278pqsty(1),402liyom(1),|977pijol(2),402liyom(1),;25558.6,27186.8,16322.2,25558.6,17.563039124378,22.696150345167,67.293055023597,17.563039124378,36.066673642287
402liyom(2),|402liyom(2),|886eligk(2),278pqsty(1),402liyom(1),|402liyom(2),;28814.9,28815,16322.2,28814.9,12.563039124378,17.696150345167,62.293055023597,12.563039124378,41.066673642287
402liyom(2),|402liyom(2),|886eligk(2),278pqsty(1),402liyom(1),|402liyom(2),;28814.9,28815,16322.2,28814.9,7.563039124378,12.696150345167,57.293055023597,7.563039124378,46.066673642287
402liyom(3),|402liyom(3),|886eligk(3),278pqsty(1),402liyom(1),|402liyom(3),;28814.9,28815,16322.2,28814.9,2.563039124378,7.696150345167,52.293055023597,2.563039124378,51.066673642287
402liyom(3),|402liyom(3),|886eligk(3),278pqsty(2),402liyom(1),|402liyom(3),;28814.9,28815,16322.2,28814.9,0,2.696150345167,47.293055023597,0,56.066673642287
402liyom(3),|402liyom(3),|886eligk(3),278pqsty(2),402liyom(1),|402liyom(3),;28814.9,28815,16322.2,28814.9,0,0,42.293055023597,0,61.066673642287
402liyom(3),|402liyom(3),|886eligk(3),278pqsty(2),402liyom(1),|402liyom(3),;28814.9,28815,16322.2,28814.9,0,0,37.293055023597,0,66.066673642287
402liyom(3),|402liyom(3),|886eligk(3),278pqsty(2),402liyom(1),|402liyom(3),;28814.9,28815,16322.2,28814.9,0,0,32.293055023597,0,71.066673642287
||886eligk(3),278pqsty(3),402liyom(2),|;30821.9,30822,16322.2,30821.9,0,0,27.293055023597,0,76.066673642287
||886eligk(3),278pqsty(3),402liyom(2),|;30821.9,30822,16322.2,30821.9,0,0,22.293055023597,0,81.066673642287
||886eligk(3),278pqsty(3),402liyom(2),|;30821.9,30822,16322.2,30821.9,0,0,17.293055023597,0,86.066673642287
||886eligk(3),278pqsty(3),402liyom(2),|;30821.9,30822,16322.2,30821.9,0,0,12.293055023597,0,91.066673642287
||886eligk(3),278pqsty(3),402liyom(3),|;30821.9,30822,16322.2,30821.9,0,0,7.293055023597,0,96.066673642287
||886eligk(3),278pqsty(3),402liyom(3),|;30821.9,30822,16322.2,30821.9,0,0,2.293055023597,0,101.066673642287
||886eligk(3),278pqsty(3),402liyom(3),|;30821.9,30822,16322.2,30821.9,0,0,0,0,106.066673642287
57jigxh(0),|57jigxh(0),|886eligk(3),278pqsty(3),402liyom(3),57jigxh(0),|57jigxh(0),;28287.5,29132.4,14632.6,28287.5,13.361123200345,9.683802787974,9.683802787974,13.361123200345,111.066673642287
57jigxh(2),|57jigxh(2),|886eligk(3),278pqsty(3),402liyom(3),57jigxh(2),|57jigxh(2),;28287.5,29132.4,14632.6,28287.5,8.361123200345,4.683802787974,4.683802787974,8.361123200345,116.066673642287
57jigxh(2),||886eligk(3),278pqsty(3),402liyom(3),|57jigxh(2),;28287.5,30822,16322.2,28287.5,3.361123200345,0,0,3.361123200345,121.066673642287
||886eligk(3),278pqsty(3),402liyom(3),|;30821.9,30822,16322.2,30821.9,0,0,0,0,126.066673642287
886mugpc(0),|886mugpc(0),|886eligk(3),278pqsty(3),886mugpc(0),|886mugpc(0),;27980.3,28927.6,18441.9,27980.3,15.120625564052,10.997569344121,10.997569344121,15.120625564052,131.066673642287
886mugpc(2),|886mugpc(2),|278pqsty(3),886mugpc(2),|886mugpc(2),;27980.3,28927.6,23398.1,27980.3,10.120625564052,5.997569344121,5.997569344121,10.120625564052,136.066673642287
886mugpc(2),|886mugpc(2),|278pqsty(3),886mugpc(2),|886mugpc(2),;27980.3,28927.6,23398.1,27980.3,5.120625564052,0.997569344121,0.997569344121,5.120625564052,141.066673642287
||278pqsty(3),|;30821.9,30822,25292.5,30821.9,0.120625564052,0,0,0.120625564052,146.066673642287
402jzmxw(2),|402jzmxw(2),|278pqsty(3),|;30274.1,30274.2,25292.5,30821.9,1.330284709418,1.330284709418,0,0,151.066673642287
||278pqsty(3),|;30821.9,30822,25292.5,30821.9,0,0,0,0,156.066673642287
||278pqsty(3),|;30821.9,30822,25292.5,30821.9,0,0,0,0,161.066673642287
||278pqsty(3),|;30821.9,30822,25292.5,30821.9,0,0,0,0,166.066673642287
||278pqsty(3),|;30821.9,30822,25292.5,30821.9,0,0,0,0,171.066673642287
||278pqsty(3),|;30821.9,30822,25292.5,30821.9,0,0,0,0,176.066673642287
854ezhgn(2),|854ezhgn(2),|278pqsty(3),854ezhgn(2),|854ezhgn(2),;29193.7,28379.8,22850.3,29193.7,4.996740580411,8.434340250514,8.434340250514,4.996740580411,181.066673642287
|854ezhgn(2),|278pqsty(3),854ezhgn(2),|;30821.9,28379.8,22850.3,30821.9,0,3.434340250514,3.434340250514,0,186.066673642287
||278pqsty(3),|;30821.9,30822,25292.5,30821.9,0,0,0,0,191.066673642287
||278pqsty(3),|;30821.9,30822,25292.5,30821.9,0,0,0,0,196.066673642287
||278pqsty(3),|;30821.9,30822,25292.5,30821.9,0,0,0,0,201.066673642287
||278pqsty(3),|;30821.9,30822,25292.5,30821.9,0,0,0,0,206.066673642287
||278pqsty(3),|;30821.9,30822,25292.5,30821.9,0,0,0,0,211.066673642287
||278pqsty(3),|;30821.9,30822,25292.5,30821.9,0,0,0,0,216.066673642287
||278pqsty(3),|;30821.9,30822,25292.5,30821.9,0,0,0,0,221.066673642287
||278pqsty(3),|;30821.9,30822,25292.5,30821.9,0,0,0,0,226.066673642287
56smdbo(0),|56smdbo(0),|278pqsty(3),56smdbo(0),|56smdbo(0),;28625.4,29357.7,23096,29357.6,10.789249154787,7.602238130732,10.789249154787,7.602238130732,231.066673642287
56smdbo(2),|56smdbo(2),|278pqsty(3),56smdbo(2),|56smdbo(2),;28625.4,29357.7,23096,29357.6,5.789249154787,2.602238130732,5.789249154787,2.602238130732,236.066673642287
56smdbo(2),||278pqsty(3),56smdbo(2),|;28625.4,30822,23096,30821.9,0.789249154787,0,0.789249154787,0,241.066673642287
||278pqsty(3),|;30821.9,30822,25292.5,30821.9,0,0,0,0,246.066673642287
||278pqsty(3),|;30821.9,30822,25292.5,30821.9,0,0,0,0,251.066673642287
||278pqsty(3),|;30821.9,30822,25292.5,30821.9,0,0,0,0,256.066673642287
||278pqsty(3),|;30821.9,30822,25292.5,30821.9,0,0,0,0,261.066673642287
|177tykzb(0),|278pqsty(3),177tykzb(0),|177tykzb(0),;30821.9,23572.1,24386.3,29915.7,0,31.290930251929,4.503596973578,4.503596973578,266.066673642287
|177tykzb(2),|278pqsty(3),|;30821.9,23572.1,25292.5,30821.9,0,26.290930251929,0,0,271.066673642287
|177tykzb(2),|278pqsty(3),|;30821.9,23572.1,25292.5,30821.9,0,21.290930251929,0,0,276.066673642287
|177tykzb(2),|278pqsty(3),|;30821.9,23572.1,25292.5,30821.9,0,16.290930251929,0,0,281.066673642287
|177tykzb(2),|278pqsty(3),|;30821.9,23572.1,25292.5,30821.9,0,11.290930251929,0,0,286.066673642287
|177tykzb(2),|278pqsty(3),|;30821.9,23572.1,25292.5,30821.9,0,6.290930251929,0,0,291.066673642287
|177tykzb(2),|278pqsty(3),|;30821.9,23572.1,25292.5,30821.9,0,1.290930251929,0,0,296.066673642287
|177tykzb(3),|278pqsty(3),|;30821.9,23572.1,25292.5,30821.9,0,0,0,0,301.066673642287
|177tykzb(3),|278pqsty(3),|;30821.9,23572.1,25292.5,30821.9,0,0,0,0,306.066673642287
|177tykzb(3),|278pqsty(3),|;30821.9,23572.1,25292.5,30821.9,0,0,0,0,311.066673642287
81ejmig(0),56erqow(0),|177tykzb(3),81ejmig(0),56erqow(0),|278pqsty(3),81ejmig(0),56erqow(0),|81ejmig(0),56erqow(0),;27944.5,20305.5,22194.9,28164.6,21.170360098563,22.864156167292,22.128692084817,20.212028112309,316.066673642287
81ejmig(2),56erqow(1),|177tykzb(3),81ejmig(2),56erqow(1),|278pqsty(3),81ejmig(2),56erqow(1),|81ejmig(2),56erqow(1),;27944.5,20305.5,22194.9,28164.6,16.170360098563,17.864156167292,17.128692084817,15.212028112309,321.066673642287
81ejmig(2),56erqow(1),|177tykzb(3),56erqow(2),|278pqsty(3),81ejmig(2),56erqow(1),|56erqow(2),;27944.5,21134.9,22194.9,28994,11.170360098563,12.864156167292,12.128692084817,10.212028112309,326.066673642287
56erqow(2),|56erqow(2),|278pqsty(3),56erqow(2),|56erqow(3),;29603.4,28384.8,24683.2,28994,6.170360098563,7.864156167292,7.128692084817,5.212028112309,331.066673642287
56erqow(3),|56erqow(3),|278pqsty(3),56erqow(3),|56erqow(3),;29603.4,28384.8,24683.2,28994,1.170360098563,2.864156167292,2.128692084817,0.212028112309,336.066673642287
56erqow(3),|56erqow(3),|278pqsty(3),56erqow(3),|56erqow(3),;29603.4,28384.8,24683.2,28994,0,0,0,0,341.066673642287
56erqow(3),|56erqow(3),|278pqsty(3),56erqow(3),|56erqow(3),;29603.4,28384.8,24683.2,28994,0,0,0,0,346.066673642287
56erqow(3),|56erqow(3),|278pqsty(3),56erqow(3),|56erqow(3),;29603.4,28384.8,24683.2,28994,0,0,0,0,351.066673642287
56erqow(3),|56erqow(3),|278pqsty(3),56erqow(3),|56erqow(3),;29603.4,28384.8,24683.2,28994,0,0,0,0,356.066673642287
56erqow(3),|56erqow(3),|278pqsty(3),56erqow(3),|56erqow(3),;29603.4,28384.8,24683.2,28994,0,0,0,0,361.066673642287
56erqow(3),|56erqow(3),|278pqsty(3),56erqow(3),|56erqow(3),;29603.4,28384.8,24683.2,28994,0,0,0,0,366.066673642287
56erqow(3),|56erqow(3),|278pqsty(3),56erqow(3),|56erqow(3),;29603.4,28384.8,24683.2,28994,0,0,0,0,371.066673642287
56erqow(3),|56erqow(3),|278pqsty(3),56erqow(3),|56erqow(3),;29603.4,28384.8,24683.2,28994,0,0,0,0,376.066673642287
56erqow(3),|56erqow(3),|278pqsty(3),56erqow(3),|56erqow(3),;29603.4,28384.8,24683.2,28994,0,0,0,0,381.066673642287
56erqow(3),|56erqow(3),|278pqsty(3),56erqow(3),|56erqow(3),;29603.4,28384.8,24683.2,28994,0,0,0,0,386.066673642287
56erqow(3),|56erqow(3),|278pqsty(3),56erqow(3),|56erqow(3),;29603.4,28384.8,24683.2,28994,0,0,0,0,391.066673642287
56erqow(3),632bired(0),|56erqow(3),632bired(0),|278pqsty(3),56erqow(3),632bired(0),|56erqow(3),632bired(0),;26715.7,25497.1,22758.1,27068.9,19.925223341124,19.925223341124,15.735306750059,15.735306750059,396.066673642287
56erqow(3),632bired(0),|56erqow(3),632bired(0),|278pqsty(3),56erqow(3),632bired(0),|56erqow(3),632bired(0),;26715.7,25497.1,22758.1,27068.9,14.925223341124,14.925223341124,10.735306750059,10.735306750059,401.066673642287
56erqow(3),632bired(2),|56erqow(3),632bired(2),|278pqsty(3),56erqow(3),632bired(2),|56erqow(3),632bired(2),;26715.7,25497.1,22758.1,27068.9,9.925223341124,9.925223341124,5.735306750059,5.735306750059,406.066673642287
56erqow(3),632bired(2),177fkugt(0),|56erqow(3),632bired(2),177fkugt(0),|278pqsty(3),56erqow(3),632bired(2),177fkugt(0),|56erqow(3),632bired(2),177fkugt(0),;26167.9,24401.4,21114.6,24877.5,8.920017311277,11.23337054839,9.356807194439,11.670160431552,411.066673642287
56erqow(3),177fkugt(2),|56erqow(3),177fkugt(2),|278pqsty(3),56erqow(3),177fkugt(2),|56erqow(3),177fkugt(2),;29055.6,27289.1,23039.7,26802.6,3.920017311277,6.23337054839,4.356807194439,6.670160431552,416.066673642287
56erqow(3),|56erqow(3),|278pqsty(3),56erqow(3),|56erqow(3),177fkugt(2),;29603.4,28384.8,24683.2,26802.6,0,1.23337054839,0,1.670160431552,421.066673642287
56erqow(3),|56erqow(3),|278pqsty(3),56erqow(3),|56erqow(3),;29603.4,28384.8,24683.2,28994,0,0,0,0,426.066673642287
56erqow(3),|56erqow(3),|278pqsty(3),56erqow(3),|56erqow(3),;29603.4,28384.8,24683.2,28994,0,0,0,0,431.066673642287
56erqow(3),|56erqow(3),|278pqsty(3),56erqow(3),|56erqow(3),;29603.4,28384.8,24683.2,28994,0,0,0,0,436.066673642287
56erqow(3),|56erqow(3),|278pqsty(3),56erqow(3),|56erqow(3),;29603.4,28384.8,24683.2,28994,0,0,0,0,441.066673642287
56erqow(3),|56erqow(3),|278pqsty(3),56erqow(3),|56erqow(3),;29603.4,28384.8,24683.2,28994,0,0,0,0,446.066673642287
56erqow(3),|56erqow(3),|278pqsty(3),56erqow(3),|56erqow(3),;29603.4,28384.8,24683.2,28994,0,0,0,0,451.066673642287
56erqow(3),|56erqow(3),|278pqsty(3),56erqow(3),|56erqow(3),;29603.4,28384.8,24683.2,28994,0,0,0,0,456.066673642287
56erqow(3),|56erqow(3),|278pqsty(3),56erqow(3),|56erqow(3),;29603.4,28384.8,24683.2,28994,0,0,0,0,461.066673642287
56erqow(3),|56erqow(3),|278pqsty(3),56erqow(3),|56erqow(3),;29603.4,28384.8,24683.2,28994,0,0,0,0,466.066673642287
56erqow(3),|56erqow(3),|278pqsty(3),56erqow(3),|56erqow(3),;29603.4,28384.8,24683.2,28994,0,0,0,0,471.066673642287
56erqow(3),|56erqow(3),|278pqsty(3),56erqow(3),|56erqow(3),;29603.4,28384.8,24683.2,28994,0,0,0,0,476.066673642287
56erqow(3),|56erqow(3),|278pqsty(3),56erqow(3),|56erqow(3),;29603.4,28384.8,24683.2,28994,0,0,0,0,481.066673642287
56erqow(3),|56erqow(3),|278pqsty(3),56erqow(3),|56erqow(3),;29603.4,28384.8,24683.2,28994,0,0,0,0,486.066673642287
56erqow(3),|56erqow(3),|56erqow(3),|56erqow(3),;29603.4,28384.8,30212.8,28994,0,0,0,0,491.066673642287
56erqow(3),|56erqow(3),|56erqow(3),|56erqow(3),;29603.4,28384.8,30212.8,28994,0,0,0,0,496.066673642287
56erqow(3),|56erqow(3),|56erqow(3),|56erqow(3),;29603.4,28384.8,30212.8,28994,0,0,0,0,501.066673642287
56erqow(3),21ahkfv(0),|56erqow(3),|56erqow(3),21ahkfv(0),|56erqow(3),21ahkfv(0),;28932.7,28384.8,29542.1,28323.3,4.758016721769,0,4.758016721769,4.758016721769,506.066673642287
56erqow(3),|56erqow(3),|56erqow(3),|56erqow(3),;29603.4,28384.8,30212.8,28994,0,0,0,0,511.066673642287
|||;30822,30821.9,30822.1,30821.8,0,0,0,0,516.066673642287
|||;30822,30821.9,30822.1,30821.8,0,0,0,0,521.066673642287
|||;30822,30821.9,30822.1,30821.8,0,0,0,0,526.066673642287
|||;30822,30821.9,30822.1,30821.8,0,0,0,0,531.066673642287
|||;30822,30821.9,30822.1,30821.8,0,0,0,0,536.066673642287
|||;30822,30821.9,30822.1,30821.8,0,0,0,0,541.066673642287
|||;30822,30821.9,30822.1,30821.8,0,0,0,0,546.066673642287
|||;30822,30821.9,30822.1,30821.8,0,0,0,0,551.066673642287
||492qokbn(2),|;30822,30821.9,30197.5,30821.8,0,0,0.184447834206,0,556.066673642287
|||;30822,30821.9,30822.1,30821.8,0,0,0,0,561.066673642287
|||;30822,30821.9,30822.1,30821.8,0,0,0,0,566.066673642287
|||;30822,30821.9,30822.1,30821.8,0,0,0,0,571.066673642287
|||;30822,30821.9,30822.1,30821.8,0,0,0,0,576.066673642287
|||;30822,30821.9,30822.1,30821.8,0,0,0,0,581.066673642287
|||;30822,30821.9,30822.1,30821.8,0,0,0,0,586.066673642287
|||;30822,30821.9,30822.1,30821.8,0,0,0,0,591.066673642287
|||;30822,30821.9,30822.1,30821.8,0,0,0,0,596.066673642287
|||;30822,30821.9,30822.1,30821.8,0,0,0,0,601.066673642287
|||;30822,30821.9,30822.1,30821.8,0,0,0,0,606.066673642287
|||;30822,30821.9,30822.1,30821.8,0,0,0,0,611.066673642287
|||;30822,30821.9,30822.1,30821.8,0,0,0,0,616.066673642287
|||;30822,30821.9,30822.1,30821.8,0,0,0,0,621.066673642287
|||;30822,30821.9,30822.1,30821.8,0,0,0,0,626.066673642287
|||;30822,30821.9,30822.1,30821.8,0,0,0,0,631.066673642287
|||;30822,30821.9,30822.1,30821.8,0,0,0,0,636.066673642287
|||;30822,30821.9,30822.1,30821.8,0,0,0,0,641.066673642287
|||;30822,30821.9,30822.1,30821.8,0,0,0,0,646.066673642287
|||;30822,30821.9,30822.1,30821.8,0,0,0,0,651.066673642287
|||;30822,30821.9,30822.1,30821.8,0,0,0,0,656.066673642287
|||;30822,30821.9,30822.1,30821.8,0,0,0,0,661.066673642287
|||;30822,30821.9,30822.1,30821.8,0,0,0,0,666.066673642287
|||;30822,30821.9,30822.1,30821.8,0,0,0,0,671.066673642287
|||;30822,30821.9,30822.1,30821.8,0,0,0,0,676.066673642287
|||;30822,30821.9,30822.1,30821.8,0,0,0,0,681.066673642287
|||;30822,30821.9,30822.1,30821.8,0,0,0,0,686.066673642287
|||;30822,30821.9,30822.1,30821.8,0,0,0,0,691.066673642287
|||;30822,30821.9,30822.1,30821.8,0,0,0,0,696.066673642287
|||;30822,30821.9,30822.1,30821.8,0,0,0,0,701.066673642287
|||;30822,30821.9,30822.1,30821.8,0,0,0,0,706.066673642287
|||;30822,30821.9,30822.1,30821.8,0,0,0,0,711.066673642287
|||;30822,30821.9,30822.1,30821.8,0,0,0,0,716.066673642287
|||;30822,30821.9,30822.1,30821.8,0,0,0,0,721.066673642287
|||;30822,30821.9,30822.1,30821.8,0,0,0,0,726.066673642287
|||;30822,30821.9,30822.1,30821.8,0,0,0,0,731.066673642287
|||;30822,30821.9,30822.1,30821.8,0,0,0,0,736.066673642287
|||;30822,30821.9,30822.1,30821.8,0,0,0,0,741.066673642287
|||;30822,30821.9,30822.1,30821.8,0,0,0,0,746.066673642287
|||;30822,30821.9,30822.1,30821.8,0,0,0,0,751.066673642287
|||;30822,30821.9,30822.1,30821.8,0,0,0,0,756.066673642287
|||;30822,30821.9,30822.1,30821.8,0,0,0,0,761.066673642287
|||;30822,30821.9,30822.1,30821.8,0,0,0,0,766.066673642287
|||;30822,30821.9,30822.1,30821.8,0,0,0,0,771.066673642287
|||;30822,30821.9,30822.1,30821.8,0,0,0,0,776.066673642287
||640lbmhf(2),|;30822,30821.9,25702.1,30821.8,0,0,19.324323775575,0,781.066673642287
||640lbmhf(2),|;30822,30821.9,25702.1,30821.8,0,0,14.324323775575,0,786.066673642287
||640lbmhf(2),|;30822,30821.9,25702.1,30821.8,0,0,9.324323775575,0,791.066673642287
||640lbmhf(2),|;30822,30821.9,25702.1,30821.8,0,0,4.324323775575,0,796.066673642287
||640lbmhf(3),|;30822,30821.9,25702.1,30821.8,0,0,0,0,801.066673642287
||640lbmhf(3),|;30822,30821.9,25702.1,30821.8,0,0,0,0,806.066673642287
||640lbmhf(3),|;30822,30821.9,25702.1,30821.8,0,0,0,0,811.066673642287
||640lbmhf(3),|;30822,30821.9,25702.1,30821.8,0,0,0,0,816.066673642287
||640lbmhf(3),|;30822,30821.9,25702.1,30821.8,0,0,0,0,821.066673642287
||640lbmhf(3),|;30822,30821.9,25702.1,30821.8,0,0,0,0,826.066673642287
||640lbmhf(3),|;30822,30821.9,25702.1,30821.8,0,0,0,0,831.066673642287
||640lbmhf(3),|;30822,30821.9,25702.1,30821.8,0,0,0,0,836.066673642287
||640lbmhf(3),|;30822,30821.9,25702.1,30821.8,0,0,0,0,841.066673642287
||640lbmhf(3),|;30822,30821.9,25702.1,30821.8,0,0,0,0,846.066673642287
||640lbmhf(3),|;30822,30821.9,25702.1,30821.8,0,0,0,0,851.066673642287
|||;30822,30821.9,30822.1,30821.8,0,0,0,0,856.066673642287
|||;30822,30821.9,30822.1,30821.8,0,0,0,0,861.066673642287
|||;30822,30821.9,30822.1,30821.8,0,0,0,0,866.066673642287
|||;30822,30821.9,30822.1,30821.8,0,0,0,0,871.066673642287
|||;30822,30821.9,30822.1,30821.8,0,0,0,0,876.066673642287
|||;30822,30821.9,30822.1,30821.8,0,0,0,0,881.066673642287
|||;30822,30821.9,30822.1,30821.8,0,0,0,0,886.066673642287
|||;30822,30821.9,30822.1,30821.8,0,0,0,0,891.066673642287
|||;30822,30821.9,30822.1,30821.8,0,0,0,0,896.066673642287
|||;30822,30821.9,30822.1,30821.8,0,0,0,0,901.066673642287
|||;30822,30821.9,30822.1,30821.8,0,0,0,0,906.066673642287
|||;30822,30821.9,30822.1,30821.8,0,0,0,0,911.066673642287
|||;30822,30821.9,30822.1,30821.8,0,0,0,0,916.066673642287
|||;30822,30821.9,30822.1,30821.8,0,0,0,0,921.066673642287
|||;30822,30821.9,30822.1,30821.8,0,0,0,0,926.066673642287
|||;30822,30821.9,30822.1,30821.8,0,0,0,0,931.066673642287
|||;30822,30821.9,30822.1,30821.8,0,0,0,0,936.066673642287
|||;30822,30821.9,30822.1,30821.8,0,0,0,0,941.066673642287
|||;30822,30821.9,30822.1,30821.8,0,0,0,0,946.066673642287
|||;30822,30821.9,30822.1,30821.8,0,0,0,0,951.066673642287
|||;30822,30821.9,30822.1,30821.8,0,0,0,0,956.066673642287
747germy(2),|747germy(2),|747germy(2),|747germy(2),;28825.2,28825.1,26828.5,28825,8.454425802497,8.454425802497,16.88627404992,8.454425802497,961.066673642287
747germy(2),|747germy(2),|747germy(2),|747germy(2),;28825.2,28825.1,26828.5,28825,3.454425802497,3.454425802497,11.88627404992,3.454425802497,966.066673642287
||747germy(2),|;30822,30821.9,26828.5,30821.8,0,0,6.88627404992,0,971.066673642287
||747germy(2),|;30822,30821.9,26828.5,30821.8,0,0,1.88627404992,0,976.066673642287
||747germy(3),|;30822,30821.9,26828.5,30821.8,0,0,0,0,981.066673642287
||747germy(3),|;30822,30821.9,26828.5,30821.8,0,0,0,0,986.066673642287
||747germy(3),|;30822,30821.9,26828.5,30821.8,0,0,0,0,991.066673642287
||747germy(3),|;30822,30821.9,26828.5,30821.8,0,0,0,0,996.066673642287
||747germy(3),|;30822,30821.9,26828.5,30821.8,0,0,0,0,1001.066673642287
||747germy(3),|;30822,30821.9,26828.5,30821.8,0,0,0,0,1006.066673642287
||747germy(3),|;30822,30821.9,26828.5,30821.8,0,0,0,0,1011.066673642287
||747germy(3),|;30822,30821.9,26828.5,30821.8,0,0,0,0,1016.066673642287
||747germy(3),|;30822,30821.9,26828.5,30821.8,0,0,0,0,1021.066673642287
||747germy(3),|;30822,30821.9,26828.5,30821.8,0,0,0,0,1026.066673642287
||747germy(3),|;30822,30821.9,26828.5,30821.8,0,0,0,0,1031.066673642287
||747germy(3),|;30822,30821.9,26828.5,30821.8,0,0,0,0,1036.066673642287
||747germy(3),|;30822,30821.9,26828.5,30821.8,0,0,0,0,1041.066673642287
||747germy(3),|;30822,30821.9,26828.5,30821.8,0,0,0,0,1046.066673642287
||747germy(3),|;30822,30821.9,26828.5,30821.8,0,0,0,0,1051.066673642287
|||;30822,30821.9,30822.1,30821.8,0,0,0,0,1056.066673642287
|||;30822,30821.9,30822.1,30821.8,0,0,0,0,1061.066673642287
|||;30822,30821.9,30822.1,30821.8,0,0,0,0,1066.066673642287
|||;30822,30821.9,30822.1,30821.8,0,0,0,0,1071.066673642287
|||;30822,30821.9,30822.1,30821.8,0,0,0,0,1076.066673642287
|||;30822,30821.9,30822.1,30821.8,0,0,0,0,1081.066673642287
|||;30822,30821.9,30822.1,30821.8,0,0,0,0,1086.066673642287
|||;30822,30821.9,30822.1,30821.8,0,0,0,0,1091.066673642287
|||;30822,30821.9,30822.1,30821.8,0,0,0,0,1096.066673642287
|||;30822,30821.9,30822.1,30821.8,0,0,0,0,1101.066673642287
|||;30822,30821.9,30822.1,30821.8,0,0,0,0,1106.066673642287
|||;30822,30821.9,30822.1,30821.8,0,0,0,0,1111.066673642287
|||;30822,30821.9,30822.1,30821.8,0,0,0,0,1116.066673642287
|||;30822,30821.9,30822.1,30821.8,0,0,0,0,1121.066673642287
|||;30822,30821.9,30822.1,30821.8,0,0,0,0,1126.066673642287
|||;30822,30821.9,30822.1,30821.8,0,0,0,0,1131.066673642287
|||;30822,30821.9,30822.1,30821.8,0,0,0,0,1136.066673642287
|||;30822,30821.9,30822.1,30821.8,0,0,0,0,1141.066673642287
|||;30822,30821.9,30822.1,30821.8,0,0,0,0,1146.066673642287
|||;30822,30821.9,30822.1,30821.8,0,0,0,0,1151.066673642287
|||;30822,30821.9,30822.1,30821.8,0,0,0,0,1156.066673642287
|||;30822,30821.9,30822.1,30821.8,0,0,0,0,1161.066673642287
|||;30822,30821.9,30822.1,30821.8,0,0,0,0,1166.066673642287
|||;30822,30821.9,30822.1,30821.8,0,0,0,0,1171.066673642287
|||;30822,30821.9,30822.1,30821.8,0,0,0,0,1176.066673642287
|||;30822,30821.9,30822.1,30821.8,0,0,0,0,1181.066673642287
|||;30822,30821.9,30822.1,30821.8,0,0,0,0,1186.066673642287
|||;30822,30821.9,30822.1,30821.8,0,0,0,0,1191.066673642287
|||;30822,30821.9,30822.1,30821.8,0,0,0,0,1196.066673642287
|||;30822,30821.9,30822.1,30821.8,0,0,0,0,1201.066673642287
|||;30822,30821.9,30822.1,30821.8,0,0,0,0,1206.066673642287
|||;30822,30821.9,30822.1,30821.8,0,0,0,0,1211.066673642287
|||;30822,30821.9,30822.1,30821.8,0,0,0,0,1216.066673642287
|||;30822,30821.9,30822.1,30821.8,0,0,0,0,1221.066673642287
|||;30822,30821.9,30822.1,30821.8,0,0,0,0,1226.066673642287
|||;30822,30821.9,30822.1,30821.8,0,0,0,0,1231.066673642287
|||;30822,30821.9,30822.1,30821.8,0,0,0,0,1236.066673642287
|||;30822,30821.9,30822.1,30821.8,0,0,0,0,1241.066673642287
|||;30822,30821.9,30822.1,30821.8,0,0,0,0,1246.066673642287
|||;30822,30821.9,30822.1,30821.8,0,0,0,0,1251.066673642287
|||;30822,30821.9,30822.1,30821.8,0,0,0,0,1256.066673642287
|||;30822,30821.9,30822.1,30821.8,0,0,0,0,1261.066673642287
|||;30822,30821.9,30822.1,30821.8,0,0,0,0,1266.066673642287
|||;30822,30821.9,30822.1,30821.8,0,0,0,0,1271.066673642287
|||;30822,30821.9,30822.1,30821.8,0,0,0,0,1276.066673642287
|||;30822,30821.9,30822.1,30821.8,0,0,0,0,1281.066673642287
|||;30822,30821.9,30822.1,30821.8,0,0,0,0,1286.066673642287
|||;30822,30821.9,30822.1,30821.8,0,0,0,0,1291.066673642287
|||;30822,30821.9,30822.1,30821.8,0,0,0,0,1296.066673642287
|||;30822,30821.9,30822.1,30821.8,0,0,0,0,1301.066673642287
|||;30822,30821.9,30822.1,30821.8,0,0,0,0,1306.066673642287
|||;30822,30821.9,30822.1,30821.8,0,0,0,0,1311.066673642287
|||;30822,30821.9,30822.1,30821.8,0,0,0,0,1316.066673642287
|||;30822,30821.9,30822.1,30821.8,0,0,0,0,1321.066673642287
||40rtpjd(2),|40rtpjd(2),;30822,30821.9,29173.5,26700.2,0,0,6.440156753906,17.204676506483,1326.066673642287
||40rtpjd(2),|40rtpjd(2),;30822,30821.9,29173.5,26700.2,0,0,1.440156753906,12.204676506483,1331.066673642287
||40rtpjd(3),|40rtpjd(2),;30822,30821.9,29173.5,26700.2,0,0,0,7.204676506483,1336.066673642287
||40rtpjd(3),|40rtpjd(2),;30822,30821.9,29173.5,26700.2,0,0,0,2.204676506483,1341.066673642287
||40rtpjd(3),|40rtpjd(3),;30822,30821.9,29173.5,26700.2,0,0,0,0,1346.066673642287
||40rtpjd(3),|40rtpjd(3),;30822,30821.9,29173.5,26700.2,0,0,0,0,1351.066673642287
||40rtpjd(3),|40rtpjd(3),;30822,30821.9,29173.5,26700.2,0,0,0,0,1356.066673642287
||40rtpjd(3),|40rtpjd(3),;30822,30821.9,29173.5,26700.2,0,0,0,0,1361.066673642287
||40rtpjd(3),|40rtpjd(3),;30822,30821.9,29173.5,26700.2,0,0,0,0,1366.066673642287
||40rtpjd(3),|40rtpjd(3),;30822,30821.9,29173.5,26700.2,0,0,0,0,1371.066673642287
||40rtpjd(3),|40rtpjd(3),;30822,30821.9,29173.5,26700.2,0,0,0,0,1376.066673642287
||40rtpjd(3),|40rtpjd(3),;30822,30821.9,29173.5,26700.2,0,0,0,0,1381.066673642287
||40rtpjd(3),|40rtpjd(3),;30822,30821.9,29173.5,26700.2,0,0,0,0,1386.066673642287
||40rtpjd(3),|40rtpjd(3),;30822,30821.9,29173.5,26700.2,0,0,0,0,1391.066673642287
||40rtpjd(3),|40rtpjd(3),;30822,30821.9,29173.5,26700.2,0,0,0,0,1396.066673642287
||40rtpjd(3),|40rtpjd(3),;30822,30821.9,29173.5,26700.2,0,0,0,0,1401.066673642287
||40rtpjd(3),|40rtpjd(3),;30822,30821.9,29173.5,26700.2,0,0,0,0,1406.066673642287
||40rtpjd(3),|40rtpjd(3),;30822,30821.9,29173.5,26700.2,0,0,0,0,1411.066673642287
||40rtpjd(3),|40rtpjd(3),;30822,30821.9,29173.5,26700.2,0,0,0,0,1416.066673642287
||40rtpjd(3),|40rtpjd(3),;30822,30821.9,29173.5,26700.2,0,0,0,0,1421.066673642287
||40rtpjd(3),|40rtpjd(3),;30822,30821.9,29173.5,26700.2,0,0,0,0,1426.066673642287
||40rtpjd(3),|40rtpjd(3),;30822,30821.9,29173.5,26700.2,0,0,0,0,1431.066673642287
||40rtpjd(3),|40rtpjd(3),;30822,30821.9,29173.5,26700.2,0,0,0,0,1436.066673642287
|||40rtpjd(3),;30822,30821.9,30822.1,26700.2,0,0,0,0,1441.066673642287
|||40rtpjd(3),;30822,30821.9,30822.1,26700.2,0,0,0,0,1446.066673642287
|||40rtpjd(3),;30822,30821.9,30822.1,26700.2,0,0,0,0,1451.066673642287
|||40rtpjd(3),;30822,30821.9,30822.1,26700.2,0,0,0,0,1456.066673642287
|||40rtpjd(3),;30822,30821.9,30822.1,26700.2,0,0,0,0,1461.066673642287
|||40rtpjd(3),;30822,30821.9,30822.1,26700.2,0,0,0,0,1466.066673642287
|||40rtpjd(3),;30822,30821.9,30822.1,26700.2,0,0,0,0,1471.066673642287
|||40rtpjd(3),;30822,30821.9,30822.1,26700.2,0,0,0,0,1476.066673642287
|||40rtpjd(3),;30822,30821.9,30822.1,26700.2,0,0,0,0,1481.066673642287
|||40rtpjd(3),;30822,30821.9,30822.1,26700.2,0,0,0,0,1486.066673642287
|||40rtpjd(3),;30822,30821.9,30822.1,26700.2,0,0,0,0,1491.066673642287
|||40rtpjd(3),;30822,30821.9,30822.1,26700.2,0,0,0,0,1496.066673642287
|||40rtpjd(3),;30822,30821.9,30822.1,26700.2,0,0,0,0,1501.066673642287
|||40rtpjd(3),;30822,30821.9,30822.1,26700.2,0,0,0,0,1506.066673642287
|||40rtpjd(3),;30822,30821.9,30822.1,26700.2,0,0,0,0,1511.066673642287
|||40rtpjd(3),;30822,30821.9,30822.1,26700.2,0,0,0,0,1516.066673642287
|||40rtpjd(3),;30822,30821.9,30822.1,26700.2,0,0,0,0,1521.066673642287
|||40rtpjd(3),;30822,30821.9,30822.1,26700.2,0,0,0,0,1526.066673642287
|||40rtpjd(3),;30822,30821.9,30822.1,26700.2,0,0,0,0,1531.066673642287
|||40rtpjd(3),;30822,30821.9,30822.1,26700.2,0,0,0,0,1536.066673642287
|||40rtpjd(3),;30822,30821.9,30822.1,26700.2,0,0,0,0,1541.066673642287
|||40rtpjd(3),;30822,30821.9,30822.1,26700.2,0,0,0,0,1546.066673642287
|||40rtpjd(3),;30822,30821.9,30822.1,26700.2,0,0,0,0,1551.066673642287
|||40rtpjd(3),;30822,30821.9,30822.1,26700.2,0,0,0,0,1556.066673642287
|||40rtpjd(3),;30822,30821.9,30822.1,26700.2,0,0,0,0,1561.066673642287
|||40rtpjd(3),;30822,30821.9,30822.1,26700.2,0,0,0,0,1566.066673642287
|||40rtpjd(3),;30822,30821.9,30822.1,26700.2,0,0,0,0,1571.066673642287
|||40rtpjd(3),;30822,30821.9,30822.1,26700.2,0,0,0,0,1576.066673642287
|||40rtpjd(3),;30822,30821.9,30822.1,26700.2,0,0,0,0,1581.066673642287
|||40rtpjd(3),;30822,30821.9,30822.1,26700.2,0,0,0,0,1586.066673642287
|||40rtpjd(3),;30822,30821.9,30822.1,26700.2,0,0,0,0,1591.066673642287
|||40rtpjd(3),;30822,30821.9,30822.1,26700.2,0,0,0,0,1596.066673642287
|||40rtpjd(3),;30822,30821.9,30822.1,26700.2,0,0,0,0,1601.066673642287
|||40rtpjd(3),;30822,30821.9,30822.1,26700.2,0,0,0,0,1606.066673642287
|||40rtpjd(3),;30822,30821.9,30822.1,26700.2,0,0,0,0,1611.066673642287
|||40rtpjd(3),;30822,30821.9,30822.1,26700.2,0,0,0,0,1616.066673642287
|||40rtpjd(3),;30822,30821.9,30822.1,26700.2,0,0,0,0,1621.066673642287
|||40rtpjd(3),;30822,30821.9,30822.1,26700.2,0,0,0,0,1626.066673642287
|||40rtpjd(3),;30822,30821.9,30822.1,26700.2,0,0,0,0,1631.066673642287
|||40rtpjd(3),;30822,30821.9,30822.1,26700.2,0,0,0,0,1636.066673642287
|||40rtpjd(3),;30822,30821.9,30822.1,26700.2,0,0,0,0,1641.066673642287
|||40rtpjd(3),;30822,30821.9,30822.1,26700.2,0,0,0,0,1646.066673642287
|||40rtpjd(3),;30822,30821.9,30822.1,26700.2,0,0,0,0,1651.066673642287
|||40rtpjd(3),;30822,30821.9,30822.1,26700.2,0,0,0,0,1656.066673642287
|||40rtpjd(3),;30822,30821.9,30822.1,26700.2,0,0,0,0,1661.066673642287
|||40rtpjd(3),;30822,30821.9,30822.1,26700.2,0,0,0,0,1666.066673642287
|||40rtpjd(3),;30822,30821.9,30822.1,26700.2,0,0,0,0,1671.066673642287
|||40rtpjd(3),;30822,30821.9,30822.1,26700.2,0,0,0,0,1676.066673642287
|||40rtpjd(3),;30822,30821.9,30822.1,26700.2,0,0,0,0,1681.066673642287
|||40rtpjd(3),;30822,30821.9,30822.1,26700.2,0,0,0,0,1686.066673642287
|||40rtpjd(3),;30822,30821.9,30822.1,26700.2,0,0,0,0,1691.066673642287
|||40rtpjd(3),;30822,30821.9,30822.1,26700.2,0,0,0,0,1696.066673642287
|||40rtpjd(3),;30822,30821.9,30822.1,26700.2,0,0,0,0,1701.066673642287
|||40rtpjd(3),;30822,30821.9,30822.1,26700.2,0,0,0,0,1706.066673642287
|||40rtpjd(3),;30822,30821.9,30822.1,26700.2,0,0,0,0,1711.066673642287
|||40rtpjd(3),;30822,30821.9,30822.1,26700.2,0,0,0,0,1716.066673642287
|||40rtpjd(3),;30822,30821.9,30822.1,26700.2,0,0,0,0,1721.066673642287
|||40rtpjd(3),;30822,30821.9,30822.1,26700.2,0,0,0,0,1726.066673642287
|||40rtpjd(3),;30822,30821.9,30822.1,26700.2,0,0,0,0,1731.066673642287
|||40rtpjd(3),;30822,30821.9,30822.1,26700.2,0,0,0,0,1736.066673642287
|||40rtpjd(3),;30822,30821.9,30822.1,26700.2,0,0,0,0,1741.066673642287
|||40rtpjd(3),;30822,30821.9,30822.1,26700.2,0,0,0,0,1746.066673642287
|||40rtpjd(3),;30822,30821.9,30822.1,26700.2,0,0,0,0,1751.066673642287
|||40rtpjd(3),;30822,30821.9,30822.1,26700.2,0,0,0,0,1756.066673642287
|||40rtpjd(3),;30822,30821.9,30822.1,26700.2,0,0,0,0,1761.066673642287
|||40rtpjd(3),;30822,30821.9,30822.1,26700.2,0,0,0,0,1766.066673642287
|||40rtpjd(3),;30822,30821.9,30822.1,26700.2,0,0,0,0,1771.066673642287
|||40rtpjd(3),;30822,30821.9,30822.1,26700.2,0,0,0,0,1776.066673642287
|||40rtpjd(3),;30822,30821.9,30822.1,26700.2,0,0,0,0,1781.066673642287
|||40rtpjd(3),;30822,30821.9,30822.1,26700.2,0,0,0,0,1786.066673642287
|||;30822,30821.9,30822.1,30821.8,0,0,0,0,1791.066673642287
|||;30822,30821.9,30822.1,30821.8,0,0,0,0,1796.066673642287
|||;30822,30821.9,30822.1,30821.8,0,0,0,0,1801.066673642287
|||;30822,30821.9,30822.1,30821.8,0,0,0,0,1806.066673642287
|||;30822,30821.9,30822.1,30821.8,0,0,0,0,1811.066673642287
|||;30822,30821.9,30822.1,30821.8,0,0,0,0,1816.066673642287
|||;30822,30821.9,30822.1,30821.8,0,0,0,0,1821.066673642287
|||;30822,30821.9,30822.1,30821.8,0,0,0,0,1826.066673642287
|||;30822,30821.9,30822.1,30821.8,0,0,0,0,1831.066673642287
|||;30822,30821.9,30822.1,30821.8,0,0,0,0,1836.066673642287
|||;30822,30821.9,30822.1,30821.8,0,0,0,0,1841.066673642287
|||;30822,30821.9,30822.1,30821.8,0,0,0,0,1846.066673642287
|||;30822,30821.9,30822.1,30821.8,0,0,0,0,1851.066673642287
|||;30822,30821.9,30822.1,30821.8,0,0,0,0,1856.066673642287
|||;30822,30821.9,30822.1,30821.8,0,0,0,0,1861.066673642287
|||;30822,30821.9,30822.1,30821.8,0,0,0,0,1866.066673642287
|||;30822,30821.9,30822.1,30821.8,0,0,0,0,1871.066673642287
|||;30822,30821.9,30822.1,30821.8,0,0,0,0,1876.066673642287
|||;30822,30821.9,30822.1,30821.8,0,0,0,0,1881.066673642287
|||;30822,30821.9,30822.1,30821.8,0,0,0,0,1886.066673642287
|||;30822,30821.9,30822.1,30821.8,0,0,0,0,1891.066673642287
|||;30822,30821.9,30822.1,30821.8,0,0,0,0,1896.066673642287
|||;30822,30821.9,30822.1,30821.8,0,0,0,0,1901.066673642287
|||;30822,30821.9,30822.1,30821.8,0,0,0,0,1906.066673642287
|||;30822,30821.9,30822.1,30821.8,0,0,0,0,1911.066673642287
|||;30822,30821.9,30822.1,30821.8,0,0,0,0,1916.066673642287
|||;30822,30821.9,30822.1,30821.8,0,0,0,0,1921.066673642287
|||;30822,30821.9,30822.1,30821.8,0,0,0,0,1926.066673642287
|||;30822,30821.9,30822.1,30821.8,0,0,0,0,1931.066673642287
|||;30822,30821.9,30822.1,30821.8,0,0,0,0,1936.066673642287
|||;30822,30821.9,30822.1,30821.8,0,0,0,0,1941.066673642287
|||;30822,30821.9,30822.1,30821.8,0,0,0,0,1946.066673642287
|||;30822,30821.9,30822.1,30821.8,0,0,0,0,1951.066673642287
|||;30822,30821.9,30822.1,30821.8,0,0,0,0,1956.066673642287
|||;30822,30821.9,30822.1,30821.8,0,0,0,0,1961.066673642287
|||;30822,30821.9,30822.1,30821.8,0,0,0,0,1966.066673642287
|||;30822,30821.9,30822.1,30821.8,0,0,0,0,1971.066673642287
|||;30822,30821.9,30822.1,30821.8,0,0,0,0,1976.066673642287
|||;30822,30821.9,30822.1,30821.8,0,0,0,0,1981.066673642287
|||;30822,30821.9,30822.1,30821.8,0,0,0,0,1986.066673642287
|||;30822,30821.9,30822.1,30821.8,0,0,0,0,1991.066673642287
|||;30822,30821.9,30822.1,30821.8,0,0,0,0,1996.066673642287
