|||;19148,19148,19148,19148,0,0,0,0,1.029043108448
|||;19148,19148,19148,19148,0,0,0,0,6.029043108448
|||;19148,19148,19148,19148,0,0,0,0,11.029043108448
|||;19148,19148,19148,19148,0,0,0,0,16.029043108448
|||;19148,19148,19148,19148,0,0,0,0,21.029043108448
884dtnqm(0),497zefqs(0),|202fyusc(0),497zefqs(0),951vmgwa(0),|202fyusc(0),|497zefqs(0),;16705.8,8006.88,15000.8,18282.7,21.628312450105,82.966880569617,26.842121296757,7.049566530937,26.029043108448
884dtnqm(2),497zefqs(1),|202fyusc(2),497zefqs(1),951vmgwa(1),|202fyusc(2),|497zefqs(2),;16705.8,8006.88,15000.8,18282.7,16.628312450105,77.966880569617,21.842121296757,2.049566530937,31.029043108448
497zefqs(2),|202fyusc(2),497zefqs(1),951vmgwa(1),|202fyusc(2),|;17417.5,8006.88,15000.8,19148,11.628312450105,72.966880569617,16.842121296757,0,36.029043108448
497zefqs(2),|202fyusc(2),497zefqs(1),951vmgwa(1),|202fyusc(2),|;17417.5,8006.88,15000.8,19148,6.628312450105,67.966880569617,11.842121296757,0,41.029043108448
497zefqs(3),|202fyusc(2),497zefqs(1),951vmgwa(1),|202fyusc(2),|;17417.5,8006.88,15000.8,19148,1.628312450105,62.966880569617,6.842121296757,0,46.029043108448
497zefqs(3),|202fyusc(2),497zefqs(1),951vmgwa(1),|202fyusc(2),|;17417.5,8006.88,15000.8,19148,0,57.966880569617,1.842121296757,0,51.029043108448
497zefqs(3),|202fyusc(3),497zefqs(2),951vmgwa(1),|202fyusc(3),|;17417.5,8006.88,15000.8,19148,0,52.966880569617,0,0,56.029043108448
497zefqs(3),|202fyusc(3),497zefqs(3),951vmgwa(2),|202fyusc(3),|;17417.5,8006.88,15000.8,19148,0,47.966880569617,0,0,61.029043108448
497zefqs(3),|202fyusc(3),497zefqs(3),951vmgwa(2),|202fyusc(3),|;17417.5,8006.88,15000.8,19148,0,42.966880569617,0,0,66.029043108448
497zefqs(3),|202fyusc(3),497zefqs(3),951vmgwa(2),|202fyusc(3),|;17417.5,8006.88,15000.8,19148,0,37.966880569617,0,0,71.029043108448
497zefqs(3),|202fyusc(3),497zefqs(3),951vmgwa(2),|202fyusc(3),|;17417.5,8006.88,15000.8,19148,0,32.966880569617,0,0,76.029043108448
497zefqs(3),|202fyusc(3),497zefqs(3),951vmgwa(2),|202fyusc(3),|;17417.5,8006.88,15000.8,19148,0,27.966880569617,0,0,81.029043108448
497zefqs(3),|202fyusc(3),497zefqs(3),951vmgwa(2),|202fyusc(3),|;17417.5,8006.88,15000.8,19148,0,22.966880569617,0,0,86.029043108448
497zefqs(3),|202fyusc(3),497zefqs(3),951vmgwa(2),|202fyusc(3),|;17417.5,8006.88,15000.8,19148,0,17.966880569617,0,0,91.029043108448
497zefqs(3),|202fyusc(3),497zefqs(3),951vmgwa(2),|202fyusc(3),|;17417.5,8006.88,15000.8,19148,0,12.966880569617,0,0,96.029043108448
497zefqs(3),|202fyusc(3),497zefqs(3),951vmgwa(3),|202fyusc(3),|;17417.5,8006.88,15000.8,19148,0,7.966880569617,0,0,101.029043108448
497zefqs(3),|202fyusc(3),497zefqs(3),951vmgwa(3),|202fyusc(3),|;17417.5,8006.88,15000.8,19148,0,2.966880569617,0,0,106.029043108448
|202fyusc(3),497zefqs(3),951vmgwa(3),|202fyusc(3),|;19148.1,8006.88,15000.8,19148,0,0,0,0,111.029043108448
|202fyusc(3),497zefqs(3),951vmgwa(3),|202fyusc(3),|;19148.1,8006.88,15000.8,19148,0,0,0,0,116.029043108448
|202fyusc(3),497zefqs(3),951vmgwa(3),|202fyusc(3),|;19148.1,8006.88,15000.8,19148,0,0,0,0,121.029043108448
|202fyusc(3),497zefqs(3),951vmgwa(3),|202fyusc(3),|;19148.1,8006.88,15000.8,19148,0,0,0,0,126.029043108448
|202fyusc(3),497zefqs(3),951vmgwa(3),|202fyusc(3),|;19148.1,8006.88,15000.8,19148,0,0,0,0,131.029043108448
|202fyusc(3),497zefqs(3),951vmgwa(3),|202fyusc(3),|;19148.1,8006.88,15000.8,19148,0,0,0,0,136.029043108448
|202fyusc(3),497zefqs(3),951vmgwa(3),|202fyusc(3),|;19148.1,8006.88,15000.8,19148,0,0,0,0,141.029043108448
|497zefqs(3),951vmgwa(3),||;19148.1,12154.1,19148,19148,0,0,0,0,146.029043108448
|497zefqs(3),951vmgwa(3),||;19148.1,12154.1,19148,19148,0,0,0,0,151.029043108448
|497zefqs(3),951vmgwa(3),||;19148.1,12154.1,19148,19148,0,0,0,0,156.029043108448
|497zefqs(3),951vmgwa(3),||;19148.1,12154.1,19148,19148,0,0,0,0,161.029043108448
|497zefqs(3),951vmgwa(3),||;19148.1,12154.1,19148,19148,0,0,0,0,166.029043108448
|497zefqs(3),951vmgwa(3),||;19148.1,12154.1,19148,19148,0,0,0,0,171.029043108448
|497zefqs(3),951vmgwa(3),||;19148.1,12154.1,19148,19148,0,0,0,0,176.029043108448
|497zefqs(3),951vmgwa(3),||;19148.1,12154.1,19148,19148,0,0,0,0,181.029043108448
|497zefqs(3),951vmgwa(3),||;19148.1,12154.1,19148,19148,0,0,0,0,186.029043108448
497gvndt(0),|497zefqs(3),951vmgwa(3),||497gvndt(0),;18252.1,12154.1,19148,18252,8.903122632378,0,0,8.903122632378,191.029043108448
497gvndt(2),|951vmgwa(3),||497gvndt(2),;18252.1,13019.4,19148,18252,3.903122632378,0,0,3.903122632378,196.029043108448
|951vmgwa(3),||;19148.1,13019.4,19148,19148,0,0,0,0,201.029043108448
|951vmgwa(3),||;19148.1,13019.4,19148,19148,0,0,0,0,206.029043108448
|951vmgwa(3),||;19148.1,13019.4,19148,19148,0,0,0,0,211.029043108448
|951vmgwa(3),||;19148.1,13019.4,19148,19148,0,0,0,0,216.029043108448
|951vmgwa(3),||;19148.1,13019.4,19148,19148,0,0,0,0,221.029043108448
|951vmgwa(3),||;19148.1,13019.4,19148,19148,0,0,0,0,226.029043108448
|951vmgwa(3),||;19148.1,13019.4,19148,19148,0,0,0,0,231.029043108448
|951vmgwa(3),||;19148.1,13019.4,19148,19148,0,0,0,0,236.029043108448
|951vmgwa(3),||;19148.1,13019.4,19148,19148,0,0,0,0,241.029043108448
|951vmgwa(3),||;19148.1,13019.4,19148,19148,0,0,0,0,246.029043108448
|951vmgwa(3),||;19148.1,13019.4,19148,19148,0,0,0,0,251.029043108448
|951vmgwa(3),||;19148.1,13019.4,19148,19148,0,0,0,0,256.029043108448
990vpben(0),|951vmgwa(3),990vpben(0),|990vpben(0),|990vpben(0),;16982.3,11575.6,17704.2,16982.2,13.881409008052,9.401129735325,9.401129735325,13.881409008052,261.029043108448
990vpben(2),|951vmgwa(3),990vpben(2),|990vpben(2),|990vpben(2),;16982.3,11575.6,17704.2,16982.2,8.881409008052,4.401129735325,4.401129735325,8.881409008052,266.029043108448
990vpben(2),|951vmgwa(3),||990vpben(2),;16982.3,13019.4,19148,16982.2,3.881409008052,0,0,3.881409008052,271.029043108448
|951vmgwa(3),||;19148.1,13019.4,19148,19148,0,0,0,0,276.029043108448
193fruth(0),|951vmgwa(3),193fruth(0),|193fruth(0),|193fruth(0),;17868.1,11739.4,17228,17868,9.77601774401,9.77601774401,13.747896531889,9.77601774401,281.029043108448
193fruth(2),|951vmgwa(3),193fruth(2),|193fruth(2),|193fruth(2),;17868.1,11739.4,17228,17868,4.77601774401,4.77601774401,8.747896531889,4.77601774401,286.029043108448
62suerl(0),|951vmgwa(3),62suerl(0),|193fruth(2),62suerl(0),|;16183.6,9066.76,14263.5,19148,24.537530588067,30.670111436552,28.509409375946,0,291.029043108448
62suerl(2),|951vmgwa(3),62suerl(2),|62suerl(2),|;16183.6,9066.76,16183.5,19148,19.537530588067,25.670111436552,23.509409375946,0,296.029043108448
62suerl(2),|951vmgwa(3),62suerl(2),|62suerl(2),|;16183.6,9066.76,16183.5,19148,14.537530588067,20.670111436552,18.509409375946,0,301.029043108448
62suerl(2),|951vmgwa(3),62suerl(2),|62suerl(2),|;16183.6,9066.76,16183.5,19148,9.537530588067,15.670111436552,13.509409375946,0,306.029043108448
62suerl(2),|951vmgwa(3),62suerl(2),|62suerl(2),|;16183.6,9066.76,16183.5,19148,4.537530588067,10.670111436552,8.509409375946,0,311.029043108448
62suerl(3),|951vmgwa(3),62suerl(2),|62suerl(3),|;16183.6,9066.76,16183.5,19148,0,5.670111436552,3.509409375946,0,316.029043108448
62suerl(3),|951vmgwa(3),62suerl(3),|62suerl(3),|;16183.6,9066.76,16183.5,19148,0,0.670111436552,0,0,321.029043108448
62suerl(3),|62suerl(3),|62suerl(3),|;16183.6,15195.4,16183.5,19148,0,0,0,0,326.029043108448
62suerl(3),|62suerl(3),|62suerl(3),|;16183.6,15195.4,16183.5,19148,0,0,0,0,331.029043108448
62suerl(3),|62suerl(3),|62suerl(3),|;16183.6,15195.4,16183.5,19148,0,0,0,0,336.029043108448
62suerl(3),|62suerl(3),|62suerl(3),|;16183.6,15195.4,16183.5,19148,0,0,0,0,341.029043108448
62suerl(3),|62suerl(3),|62suerl(3),|;16183.6,15195.4,16183.5,19148,0,0,0,0,346.029043108448
62suerl(3),|62suerl(3),|62suerl(3),|;16183.6,15195.4,16183.5,19148,0,0,0,0,351.029043108448
62suerl(3),|62suerl(3),|62suerl(3),|;16183.6,15195.4,16183.5,19148,0,0,0,0,356.029043108448
62suerl(3),|62suerl(3),|62suerl(3),|;16183.6,15195.4,16183.5,19148,0,0,0,0,361.029043108448
62suerl(3),|62suerl(3),|62suerl(3),|;16183.6,15195.4,16183.5,19148,0,0,0,0,366.029043108448
62suerl(3),|62suerl(3),|62suerl(3),|;16183.6,15195.4,16183.5,19148,0,0,0,0,371.029043108448
62suerl(3),|62suerl(3),|62suerl(3),|;16183.6,15195.4,16183.5,19148,0,0,0,0,376.029043108448
62suerl(3),|62suerl(3),|62suerl(3),|;16183.6,15195.4,16183.5,19148,0,0,0,0,381.029043108448
62suerl(3),|62suerl(3),|62suerl(3),|;16183.6,15195.4,16183.5,19148,0,0,0,0,386.029043108448
|||;19148.1,19148,19148,19148,0,0,0,0,391.029043108448
|||;19148.1,19148,19148,19148,0,0,0,0,396.029043108448
|||;19148.1,19148,19148,19148,0,0,0,0,401.029043108448
|||;19148.1,19148,19148,19148,0,0,0,0,406.029043108448
|||;19148.1,19148,19148,19148,0,0,0,0,411.029043108448
|||;19148.1,19148,19148,19148,0,0,0,0,416.029043108448
|||;19148.1,19148,19148,19148,0,0,0,0,421.029043108448
|||;19148.1,19148,19148,19148,0,0,0,0,426.029043108448
|||;19148.1,19148,19148,19148,0,0,0,0,431.029043108448
|||;19148.1,19148,19148,19148,0,0,0,0,436.029043108448
|||;19148.1,19148,19148,19148,0,0,0,0,441.029043108448
|||;19148.1,19148,19148,19148,0,0,0,0,446.029043108448
|||;19148.1,19148,19148,19148,0,0,0,0,451.029043108448
|||;19148.1,19148,19148,19148,0,0,0,0,456.029043108448
|||;19148.1,19148,19148,19148,0,0,0,0,461.029043108448
|||;19148.1,19148,19148,19148,0,0,0,0,466.029043108448
|||;19148.1,19148,19148,19148,0,0,0,0,471.029043108448
|||;19148.1,19148,19148,19148,0,0,0,0,476.029043108448
|||;19148.1,19148,19148,19148,0,0,0,0,481.029043108448
|||;19148.1,19148,19148,19148,0,0,0,0,486.029043108448
|||;19148.1,19148,19148,19148,0,0,0,0,491.029043108448
|||;19148.1,19148,19148,19148,0,0,0,0,496.029043108448
||31suyvp(2),|;19148.1,19148,18226.4,19148,0,0,2.53307396031,0,501.029043108448
|||;19148.1,19148,19148,19148,0,0,0,0,506.029043108448
|||;19148.1,19148,19148,19148,0,0,0,0,511.029043108448
|||;19148.1,19148,19148,19148,0,0,0,0,516.029043108448
|||;19148.1,19148,19148,19148,0,0,0,0,521.029043108448
|||;19148.1,19148,19148,19148,0,0,0,0,526.029043108448
|||;19148.1,19148,19148,19148,0,0,0,0,531.029043108448
|||;19148.1,19148,19148,19148,0,0,0,0,536.029043108448
|||;19148.1,19148,19148,19148,0,0,0,0,541.029043108448
|||;19148.1,19148,19148,19148,0,0,0,0,546.029043108448
|||;19148.1,19148,19148,19148,0,0,0,0,551.029043108448
|||;19148.1,19148,19148,19148,0,0,0,0,556.029043108448
|||;19148.1,19148,19148,19148,0,0,0,0,561.029043108448
|||;19148.1,19148,19148,19148,0,0,0,0,566.029043108448
|||;19148.1,19148,19148,19148,0,0,0,0,571.029043108448
|||;19148.1,19148,19148,19148,0,0,0,0,576.029043108448
|||;19148.1,19148,19148,19148,0,0,0,0,581.029043108448
|||;19148.1,19148,19148,19148,0,0,0,0,586.029043108448
|||;19148.1,19148,19148,19148,0,0,0,0,591.029043108448
|||;19148.1,19148,19148,19148,0,0,0,0,596.029043108448
|||;19148.1,19148,19148,19148,0,0,0,0,601.029043108448
|||;19148.1,19148,19148,19148,0,0,0,0,606.029043108448
|||;19148.1,19148,19148,19148,0,0,0,0,611.029043108448
|||;19148.1,19148,19148,19148,0,0,0,0,616.029043108448
|||;19148.1,19148,19148,19148,0,0,0,0,621.029043108448
|||;19148.1,19148,19148,19148,0,0,0,0,626.029043108448
|||;19148.1,19148,19148,19148,0,0,0,0,631.029043108448
|||;19148.1,19148,19148,19148,0,0,0,0,636.029043108448
|||;19148.1,19148,19148,19148,0,0,0,0,641.029043108448
|||;19148.1,19148,19148,19148,0,0,0,0,646.029043108448
|||;19148.1,19148,19148,19148,0,0,0,0,651.029043108448
|||;19148.1,19148,19148,19148,0,0,0,0,656.029043108448
|||;19148.1,19148,19148,19148,0,0,0,0,661.029043108448
|||;19148.1,19148,19148,19148,0,0,0,0,666.029043108448
|||;19148.1,19148,19148,19148,0,0,0,0,671.029043108448
|||;19148.1,19148,19148,19148,0,0,0,0,676.029043108448
|465fogla(2),||465fogla(2),;19148.1,18211,19148,18211,0,2.763472383793,0,2.763472383793,681.029043108448
|||;19148.1,19148,19148,19148,0,0,0,0,686.029043108448
|||;19148.1,19148,19148,19148,0,0,0,0,691.029043108448
|||;19148.1,19148,19148,19148,0,0,0,0,696.029043108448
|||;19148.1,19148,19148,19148,0,0,0,0,701.029043108448
|||;19148.1,19148,19148,19148,0,0,0,0,706.029043108448
|||;19148.1,19148,19148,19148,0,0,0,0,711.029043108448
|||;19148.1,19148,19148,19148,0,0,0,0,716.029043108448
|||;19148.1,19148,19148,19148,0,0,0,0,721.029043108448
|||;19148.1,19148,19148,19148,0,0,0,0,726.029043108448
|||;19148.1,19148,19148,19148,0,0,0,0,731.029043108448
|||;19148.1,19148,19148,19148,0,0,0,0,736.029043108448
|||;19148.1,19148,19148,19148,0,0,0,0,741.029043108448
|||;19148.1,19148,19148,19148,0,0,0,0,746.029043108448
|||;19148.1,19148,19148,19148,0,0,0,0,751.029043108448
|||;19148.1,19148,19148,19148,0,0,0,0,756.029043108448
|||;19148.1,19148,19148,19148,0,0,0,0,761.029043108448
|||;19148.1,19148,19148,19148,0,0,0,0,766.029043108448
|||;19148.1,19148,19148,19148,0,0,0,0,771.029043108448
|||;19148.1,19148,19148,19148,0,0,0,0,776.029043108448
|||;19148.1,19148,19148,19148,0,0,0,0,781.029043108448
|||;19148.1,19148,19148,19148,0,0,0,0,786.029043108448
|||;19148.1,19148,19148,19148,0,0,0,0,791.029043108448
|||;19148.1,19148,19148,19148,0,0,0,0,796.029043108448
|||;19148.1,19148,19148,19148,0,0,0,0,801.029043108448
|||;19148.1,19148,19148,19148,0,0,0,0,806.029043108448
|||;19148.1,19148,19148,19148,0,0,0,0,811.029043108448
|||;19148.1,19148,19148,19148,0,0,0,0,816.029043108448
|||;19148.1,19148,19148,19148,0,0,0,0,821.029043108448
|||;19148.1,19148,19148,19148,0,0,0,0,826.029043108448
|||;19148.1,19148,19148,19148,0,0,0,0,831.029043108448
|||;19148.1,19148,19148,19148,0,0,0,0,836.029043108448
|||;19148.1,19148,19148,19148,0,0,0,0,841.029043108448
|||;19148.1,19148,19148,19148,0,0,0,0,846.029043108448
|||;19148.1,19148,19148,19148,0,0,0,0,851.029043108448
|||;19148.1,19148,19148,19148,0,0,0,0,856.029043108448
|||;19148.1,19148,19148,19148,0,0,0,0,861.029043108448
|||;19148.1,19148,19148,19148,0,0,0,0,866.029043108448
|||;19148.1,19148,19148,19148,0,0,0,0,871.029043108448
|||;19148.1,19148,19148,19148,0,0,0,0,876.029043108448
|||;19148.1,19148,19148,19148,0,0,0,0,881.029043108448
|||;19148.1,19148,19148,19148,0,0,0,0,886.029043108448
465gfpbq(2),|465gfpbq(2),|465gfpbq(2),|465gfpbq(2),;18124.1,17612,17612,18124,4.525844133665,7.703347163968,7.703347163968,4.525844133665,891.029043108448
|465gfpbq(2),|465gfpbq(2),|;19148.1,17612,17612,19148,0,2.703347163968,2.703347163968,0,896.029043108448
|||;19148.1,19148,19148,19148,0,0,0,0,901.029043108448
|||;19148.1,19148,19148,19148,0,0,0,0,906.029043108448
|||;19148.1,19148,19148,19148,0,0,0,0,911.029043108448
|||;19148.1,19148,19148,19148,0,0,0,0,916.029043108448
|||;19148.1,19148,19148,19148,0,0,0,0,921.029043108448
|||;19148.1,19148,19148,19148,0,0,0,0,926.029043108448
|||;19148.1,19148,19148,19148,0,0,0,0,931.029043108448
|||;19148.1,19148,19148,19148,0,0,0,0,936.029043108448
|||;19148.1,19148,19148,19148,0,0,0,0,941.029043108448
|||;19148.1,19148,19148,19148,0,0,0,0,946.029043108448
|||;19148.1,19148,19148,19148,0,0,0,0,951.029043108448
|||;19148.1,19148,19148,19148,0,0,0,0,956.029043108448
|||;19148.1,19148,19148,19148,0,0,0,0,961.029043108448
|||;19148.1,19148,19148,19148,0,0,0,0,966.029043108448
|||;19148.1,19148,19148,19148,0,0,0,0,971.029043108448
|||;19148.1,19148,19148,19148,0,0,0,0,976.029043108448
|||;19148.1,19148,19148,19148,0,0,0,0,981.029043108448
|||;19148.1,19148,19148,19148,0,0,0,0,986.029043108448
|||;19148.1,19148,19148,19148,0,0,0,0,991.029043108448
688nistj(2),|688nistj(2),|688nistj(2),|688nistj(2),;17274.2,17898.7,17898.7,17274.1,8.097863843874,4.139976813571,4.139976813571,8.097863843874,996.029043108448
688nistj(2),|||688nistj(2),;17274.2,19148,19148,17274.1,3.097863843874,0,0,3.097863843874,1001.029043108448
|||;19148.1,19148,19148,19148,0,0,0,0,1006.029043108448
|||;19148.1,19148,19148,19148,0,0,0,0,1011.029043108448
|||;19148.1,19148,19148,19148,0,0,0,0,1016.029043108448
|||;19148.1,19148,19148,19148,0,0,0,0,1021.029043108448
|||;19148.1,19148,19148,19148,0,0,0,0,1026.029043108448
|||;19148.1,19148,19148,19148,0,0,0,0,1031.029043108448
|||;19148.1,19148,19148,19148,0,0,0,0,1036.029043108448
|||;19148.1,19148,19148,19148,0,0,0,0,1041.029043108448
|||;19148.1,19148,19148,19148,0,0,0,0,1046.029043108448
|||;19148.1,19148,19148,19148,0,0,0,0,1051.029043108448
|||;19148.1,19148,19148,19148,0,0,0,0,1056.029043108448
|||;19148.1,19148,19148,19148,0,0,0,0,1061.029043108448
|||;19148.1,19148,19148,19148,0,0,0,0,1066.029043108448
|||;19148.1,19148,19148,19148,0,0,0,0,1071.029043108448
|||;19148.1,19148,19148,19148,0,0,0,0,1076.029043108448
|||;19148.1,19148,19148,19148,0,0,0,0,1081.029043108448
|||;19148.1,19148,19148,19148,0,0,0,0,1086.029043108448
|||;19148.1,19148,19148,19148,0,0,0,0,1091.029043108448
|||;19148.1,19148,19148,19148,0,0,0,0,1096.029043108448
|||;19148.1,19148,19148,19148,0,0,0,0,1101.029043108448
|||;19148.1,19148,19148,19148,0,0,0,0,1106.029043108448
|||;19148.1,19148,19148,19148,0,0,0,0,1111.029043108448
|||;19148.1,19148,19148,19148,0,0,0,0,1116.029043108448
|||;19148.1,19148,19148,19148,0,0,0,0,1121.029043108448
|||;19148.1,19148,19148,19148,0,0,0,0,1126.029043108448
|||;19148.1,19148,19148,19148,0,0,0,0,1131.029043108448
|||;19148.1,19148,19148,19148,0,0,0,0,1136.029043108448
|||;19148.1,19148,19148,19148,0,0,0,0,1141.029043108448
|||;19148.1,19148,19148,19148,0,0,0,0,1146.029043108448
|||;19148.1,19148,19148,19148,0,0,0,0,1151.029043108448
|||;19148.1,19148,19148,19148,0,0,0,0,1156.029043108448
|||;19148.1,19148,19148,19148,0,0,0,0,1161.029043108448
|||;19148.1,19148,19148,19148,0,0,0,0,1166.029043108448
|||;19148.1,19148,19148,19148,0,0,0,0,1171.029043108448
|||;19148.1,19148,19148,19148,0,0,0,0,1176.029043108448
|||;19148.1,19148,19148,19148,0,0,0,0,1181.029043108448
|||;19148.1,19148,19148,19148,0,0,0,0,1186.029043108448
|||;19148.1,19148,19148,19148,0,0,0,0,1191.029043108448
|||;19148.1,19148,19148,19148,0,0,0,0,1196.029043108448
|||;19148.1,19148,19148,19148,0,0,0,0,1201.029043108448
|||;19148.1,19148,19148,19148,0,0,0,0,1206.029043108448
|||;19148.1,19148,19148,19148,0,0,0,0,1211.029043108448
|||;19148.1,19148,19148,19148,0,0,0,0,1216.029043108448
|||;19148.1,19148,19148,19148,0,0,0,0,1221.029043108448
|||;19148.1,19148,19148,19148,0,0,0,0,1226.029043108448
|||;19148.1,19148,19148,19148,0,0,0,0,1231.029043108448
|||;19148.1,19148,19148,19148,0,0,0,0,1236.029043108448
|||;19148.1,19148,19148,19148,0,0,0,0,1241.029043108448
|||;19148.1,19148,19148,19148,0,0,0,0,1246.029043108448
|||;19148.1,19148,19148,19148,0,0,0,0,1251.029043108448
|||;19148.1,19148,19148,19148,0,0,0,0,1256.029043108448
|||;19148.1,19148,19148,19148,0,0,0,0,1261.029043108448
|||;19148.1,19148,19148,19148,0,0,0,0,1266.029043108448
|||;19148.1,19148,19148,19148,0,0,0,0,1271.029043108448
|||;19148.1,19148,19148,19148,0,0,0,0,1276.029043108448
|||;19148.1,19148,19148,19148,0,0,0,0,1281.029043108448
|||;19148.1,19148,19148,19148,0,0,0,0,1286.029043108448
|||;19148.1,19148,19148,19148,0,0,0,0,1291.029043108448
|||;19148.1,19148,19148,19148,0,0,0,0,1296.029043108448
|||;19148.1,19148,19148,19148,0,0,0,0,1301.029043108448
|||;19148.1,19148,19148,19148,0,0,0,0,1306.029043108448
|||;19148.1,19148,19148,19148,0,0,0,0,1311.029043108448
|||;19148.1,19148,19148,19148,0,0,0,0,1316.029043108448
|||;19148.1,19148,19148,19148,0,0,0,0,1321.029043108448
|||;19148.1,19148,19148,19148,0,0,0,0,1326.029043108448
|||;19148.1,19148,19148,19148,0,0,0,0,1331.029043108448
|||;19148.1,19148,19148,19148,0,0,0,0,1336.029043108448
|||;19148.1,19148,19148,19148,0,0,0,0,1341.029043108448
|||;19148.1,19148,19148,19148,0,0,0,0,1346.029043108448
|||;19148.1,19148,19148,19148,0,0,0,0,1351.029043108448
|||;19148.1,19148,19148,19148,0,0,0,0,1356.029043108448
|||;19148.1,19148,19148,19148,0,0,0,0,1361.029043108448
|||;19148.1,19148,19148,19148,0,0,0,0,1366.029043108448
|||;19148.1,19148,19148,19148,0,0,0,0,1371.029043108448
|||;19148.1,19148,19148,19148,0,0,0,0,1376.029043108448
|||;19148.1,19148,19148,19148,0,0,0,0,1381.029043108448
|||;19148.1,19148,19148,19148,0,0,0,0,1386.029043108448
|||;19148.1,19148,19148,19148,0,0,0,0,1391.029043108448
|||;19148.1,19148,19148,19148,0,0,0,0,1396.029043108448
|||;19148.1,19148,19148,19148,0,0,0,0,1401.029043108448
|||;19148.1,19148,19148,19148,0,0,0,0,1406.029043108448
|||;19148.1,19148,19148,19148,0,0,0,0,1411.029043108448
|||;19148.1,19148,19148,19148,0,0,0,0,1416.029043108448
|||;19148.1,19148,19148,19148,0,0,0,0,1421.029043108448
|||;19148.1,19148,19148,19148,0,0,0,0,1426.029043108448
|||;19148.1,19148,19148,19148,0,0,0,0,1431.029043108448
|||;19148.1,19148,19148,19148,0,0,0,0,1436.029043108448
|||;19148.1,19148,19148,19148,0,0,0,0,1441.029043108448
|||;19148.1,19148,19148,19148,0,0,0,0,1446.029043108448
|||;19148.1,19148,19148,19148,0,0,0,0,1451.029043108448
|||;19148.1,19148,19148,19148,0,0,0,0,1456.029043108448
|||;19148.1,19148,19148,19148,0,0,0,0,1461.029043108448
|||;19148.1,19148,19148,19148,0,0,0,0,1466.029043108448
|||;19148.1,19148,19148,19148,0,0,0,0,1471.029043108448
|||;19148.1,19148,19148,19148,0,0,0,0,1476.029043108448
|||;19148.1,19148,19148,19148,0,0,0,0,1481.029043108448
|||;19148.1,19148,19148,19148,0,0,0,0,1486.029043108448
|||;19148.1,19148,19148,19148,0,0,0,0,1491.029043108448
|||;19148.1,19148,19148,19148,0,0,0,0,1496.029043108448
|||;19148.1,19148,19148,19148,0,0,0,0,1501.029043108448
|||;19148.1,19148,19148,19148,0,0,0,0,1506.029043108448
|||;19148.1,19148,19148,19148,0,0,0,0,1511.029043108448
|||;19148.1,19148,19148,19148,0,0,0,0,1516.029043108448
|||;19148.1,19148,19148,19148,0,0,0,0,1521.029043108448
|||;19148.1,19148,19148,19148,0,0,0,0,1526.029043108448
|||;19148.1,19148,19148,19148,0,0,0,0,1531.029043108448
|||;19148.1,19148,19148,19148,0,0,0,0,1536.029043108448
|||;19148.1,19148,19148,19148,0,0,0,0,1541.029043108448
|||;19148.1,19148,19148,19148,0,0,0,0,1546.029043108448
|||;19148.1,19148,19148,19148,0,0,0,0,1551.029043108448
|||;19148.1,19148,19148,19148,0,0,0,0,1556.029043108448
|||;19148.1,19148,19148,19148,0,0,0,0,1561.029043108448
|||;19148.1,19148,19148,19148,0,0,0,0,1566.029043108448
|||;19148.1,19148,19148,19148,0,0,0,0,1571.029043108448
|||;19148.1,19148,19148,19148,0,0,0,0,1576.029043108448
|||;19148.1,19148,19148,19148,0,0,0,0,1581.029043108448
|||;19148.1,19148,19148,19148,0,0,0,0,1586.029043108448
|||;19148.1,19148,19148,19148,0,0,0,0,1591.029043108448
|||;19148.1,19148,19148,19148,0,0,0,0,1596.029043108448
|||;19148.1,19148,19148,19148,0,0,0,0,1601.029043108448
|||;19148.1,19148,19148,19148,0,0,0,0,1606.029043108448
|||;19148.1,19148,19148,19148,0,0,0,0,1611.029043108448
|||;19148.1,19148,19148,19148,0,0,0,0,1616.029043108448
|||;19148.1,19148,19148,19148,0,0,0,0,1621.029043108448
|||;19148.1,19148,19148,19148,0,0,0,0,1626.029043108448
|||;19148.1,19148,19148,19148,0,0,0,0,1631.029043108448
|||;19148.1,19148,19148,19148,0,0,0,0,1636.029043108448
|||;19148.1,19148,19148,19148,0,0,0,0,1641.029043108448
|||;19148.1,19148,19148,19148,0,0,0,0,1646.029043108448
|||;19148.1,19148,19148,19148,0,0,0,0,1651.029043108448
|||;19148.1,19148,19148,19148,0,0,0,0,1656.029043108448
|||;19148.1,19148,19148,19148,0,0,0,0,1661.029043108448
|||;19148.1,19148,19148,19148,0,0,0,0,1666.029043108448
|||;19148.1,19148,19148,19148,0,0,0,0,1671.029043108448
|||;19148.1,19148,19148,19148,0,0,0,0,1676.029043108448
|||;19148.1,19148,19148,19148,0,0,0,0,1681.029043108448
|||;19148.1,19148,19148,19148,0,0,0,0,1686.029043108448
|||;19148.1,19148,19148,19148,0,0,0,0,1691.029043108448
|||;19148.1,19148,19148,19148,0,0,0,0,1696.029043108448
|||;19148.1,19148,19148,19148,0,0,0,0,1701.029043108448
|||;19148.1,19148,19148,19148,0,0,0,0,1706.029043108448
|||;19148.1,19148,19148,19148,0,0,0,0,1711.029043108448
|||;19148.1,19148,19148,19148,0,0,0,0,1716.029043108448
|||;19148.1,19148,19148,19148,0,0,0,0,1721.029043108448
|||;19148.1,19148,19148,19148,0,0,0,0,1726.029043108448
|||;19148.1,19148,19148,19148,0,0,0,0,1731.029043108448
|||;19148.1,19148,19148,19148,0,0,0,0,1736.029043108448
|||;19148.1,19148,19148,19148,0,0,0,0,1741.029043108448
|||;19148.1,19148,19148,19148,0,0,0,0,1746.029043108448
|||;19148.1,19148,19148,19148,0,0,0,0,1751.029043108448
|||;19148.1,19148,19148,19148,0,0,0,0,1756.029043108448
|||;19148.1,19148,19148,19148,0,0,0,0,1761.029043108448
|||;19148.1,19148,19148,19148,0,0,0,0,1766.029043108448
|||;19148.1,19148,19148,19148,0,0,0,0,1771.029043108448
|||;19148.1,19148,19148,19148,0,0,0,0,1776.029043108448
|||;19148.1,19148,19148,19148,0,0,0,0,1781.029043108448
|||;19148.1,19148,19148,19148,0,0,0,0,1786.029043108448
|||;19148.1,19148,19148,19148,0,0,0,0,1791.029043108448
|||;19148.1,19148,19148,19148,0,0,0,0,1796.029043108448
|||;19148.1,19148,19148,19148,0,0,0,0,1801.029043108448
|||;19148.1,19148,19148,19148,0,0,0,0,1806.029043108448
|||;19148.1,19148,19148,19148,0,0,0,0,1811.029043108448
|||;19148.1,19148,19148,19148,0,0,0,0,1816.029043108448
|||;19148.1,19148,19148,19148,0,0,0,0,1821.029043108448
|||;19148.1,19148,19148,19148,0,0,0,0,1826.029043108448
|||;19148.1,19148,19148,19148,0,0,0,0,1831.029043108448
|||;19148.1,19148,19148,19148,0,0,0,0,1836.029043108448
|||;19148.1,19148,19148,19148,0,0,0,0,1841.029043108448
|||;19148.1,19148,19148,19148,0,0,0,0,1846.029043108448
|||;19148.1,19148,19148,19148,0,0,0,0,1851.029043108448
|||;19148.1,19148,19148,19148,0,0,0,0,1856.029043108448
|||;19148.1,19148,19148,19148,0,0,0,0,1861.029043108448
|||;19148.1,19148,19148,19148,0,0,0,0,1866.029043108448
|||;19148.1,19148,19148,19148,0,0,0,0,1871.029043108448
|||;19148.1,19148,19148,19148,0,0,0,0,1876.029043108448
|||;19148.1,19148,19148,19148,0,0,0,0,1881.029043108448
|||;19148.1,19148,19148,19148,0,0,0,0,1886.029043108448
|||;19148.1,19148,19148,19148,0,0,0,0,1891.029043108448
|||;19148.1,19148,19148,19148,0,0,0,0,1896.029043108448
|||;19148.1,19148,19148,19148,0,0,0,0,1901.029043108448
|||;19148.1,19148,19148,19148,0,0,0,0,1906.029043108448
|||;19148.1,19148,19148,19148,0,0,0,0,1911.029043108448
|||;19148.1,19148,19148,19148,0,0,0,0,1916.029043108448
|||;19148.1,19148,19148,19148,0,0,0,0,1921.029043108448
|||;19148.1,19148,19148,19148,0,0,0,0,1926.029043108448
|||;19148.1,19148,19148,19148,0,0,0,0,1931.029043108448
|||;19148.1,19148,19148,19148,0,0,0,0,1936.029043108448
|||;19148.1,19148,19148,19148,0,0,0,0,1941.029043108448
|||;19148.1,19148,19148,19148,0,0,0,0,1946.029043108448
|||;19148.1,19148,19148,19148,0,0,0,0,1951.029043108448
|||;19148.1,19148,19148,19148,0,0,0,0,1956.029043108448
|||;19148.1,19148,19148,19148,0,0,0,0,1961.029043108448
|||;19148.1,19148,19148,19148,0,0,0,0,1966.029043108448
|||;19148.1,19148,19148,19148,0,0,0,0,1971.029043108448
|||;19148.1,19148,19148,19148,0,0,0,0,1976.029043108448
|||;19148.1,19148,19148,19148,0,0,0,0,1981.029043108448
|||;19148.1,19148,19148,19148,0,0,0,0,1986.029043108448
|||;19148.1,19148,19148,19148,0,0,0,0,1991.029043108448
|||;19148.1,19148,19148,19148,0,0,0,0,1996.029043108448
