|||;29184,29184,29184,29184,0,0,0,0,1.17494395151
|||;29184,29184,29184,29184,0,0,0,0,6.17494395151
|||;29184,29184,29184,29184,0,0,0,0,11.17494395151
|||;29184,29184,29184,29184,0,0,0,0,16.17494395151
|||;29184,29184,29184,29184,0,0,0,0,21.17494395151
10eyoxn(2),143slqxn(1),199iojay(1),|10eyoxn(2),143slqxn(1),199iojay(1),|10eyoxn(2),199iojay(1),|10eyoxn(2),143slqxn(1),199iojay(1),;25717.8,25676.8,25405.4,25989.1,25.513244978434,25.747891356057,23.7491961996,23.958712726686,26.17494395151
10eyoxn(2),143slqxn(1),199iojay(1),|10eyoxn(2),143slqxn(1),199iojay(1),|10eyoxn(2),199iojay(1),|10eyoxn(2),143slqxn(1),199iojay(1),;25717.8,25676.8,25405.4,25989.1,20.513244978434,20.747891356057,18.7491961996,18.958712726686,31.17494395151
143slqxn(2),199iojay(1),|143slqxn(2),199iojay(1),|199iojay(2),|143slqxn(2),199iojay(1),;26844.2,27366.4,27095,27115.5,15.513244978434,15.747891356057,13.7491961996,13.958712726686,36.17494395151
199iojay(2),|199iojay(2),|199iojay(2),|143slqxn(2),199iojay(1),;27617.3,28139.5,27095,27115.5,10.513244978434,10.747891356057,8.7491961996,8.958712726686,41.17494395151
199iojay(2),|199iojay(2),|199iojay(2),|;27617.3,28139.5,27095,29183.9,5.513244978434,5.747891356057,3.7491961996,3.958712726686,46.17494395151
|||;29184,29184,29184,29183.9,0.513244978434,0.747891356057,0,0,51.17494395151
|||;29184,29184,29184,29183.9,0,0,0,0,56.17494395151
|||;29184,29184,29184,29183.9,0,0,0,0,61.17494395151
|||;29184,29184,29184,29183.9,0,0,0,0,66.17494395151
|||;29184,29184,29184,29183.9,0,0,0,0,71.17494395151
|||;29184,29184,29184,29183.9,0,0,0,0,76.17494395151
|||;29184,29184,29184,29183.9,0,0,0,0,81.17494395151
|||;29184,29184,29184,29183.9,0,0,0,0,86.17494395151
|||;29184,29184,29184,29183.9,0,0,0,0,91.17494395151
|||;29184,29184,29184,29183.9,0,0,0,0,96.17494395151
|||;29184,29184,29184,29183.9,0,0,0,0,101.17494395151
|||;29184,29184,29184,29183.9,0,0,0,0,106.17494395151
|||;29184,29184,29184,29183.9,0,0,0,0,111.17494395151
|||;29184,29184,29184,29183.9,0,0,0,0,116.17494395151
|||;29184,29184,29184,29183.9,0,0,0,0,121.17494395151
|||;29184,29184,29184,29183.9,0,0,0,0,126.17494395151
|||;29184,29184,29184,29183.9,0,0,0,0,131.17494395151
|||;29184,29184,29184,29183.9,0,0,0,0,136.17494395151
|||;29184,29184,29184,29183.9,0,0,0,0,141.17494395151
|||;29184,29184,29184,29183.9,0,0,0,0,146.17494395151
|||;29184,29184,29184,29183.9,0,0,0,0,151.17494395151
|||;29184,29184,29184,29183.9,0,0,0,0,156.17494395151
|||;29184,29184,29184,29183.9,0,0,0,0,161.17494395151
|||;29184,29184,29184,29183.9,0,0,0,0,166.17494395151
|||;29184,29184,29184,29183.9,0,0,0,0,171.17494395151
|||;29184,29184,29184,29183.9,0,0,0,0,176.17494395151
|||;29184,29184,29184,29183.9,0,0,0,0,181.17494395151
|||;29184,29184,29184,29183.9,0,0,0,0,186.17494395151
|||;29184,29184,29184,29183.9,0,0,0,0,191.17494395151
|||;29184,29184,29184,29183.9,0,0,0,0,196.17494395151
|||;29184,29184,29184,29183.9,0,0,0,0,201.17494395151
|||;29184,29184,29184,29183.9,0,0,0,0,206.17494395151
|||;29184,29184,29184,29183.9,0,0,0,0,211.17494395151
|||;29184,29184,29184,29183.9,0,0,0,0,216.17494395151
|||;29184,29184,29184,29183.9,0,0,0,0,221.17494395151
|||;29184,29184,29184,29183.9,0,0,0,0,226.17494395151
|||;29184,29184,29184,29183.9,0,0,0,0,231.17494395151
|||;29184,29184,29184,29183.9,0,0,0,0,236.17494395151
|||;29184,29184,29184,29183.9,0,0,0,0,241.17494395151
|||;29184,29184,29184,29183.9,0,0,0,0,246.17494395151
|||;29184,29184,29184,29183.9,0,0,0,0,251.17494395151
|||;29184,29184,29184,29183.9,0,0,0,0,256.17494395151
|||;29184,29184,29184,29183.9,0,0,0,0,261.17494395151
|||;29184,29184,29184,29183.9,0,0,0,0,266.17494395151
|||;29184,29184,29184,29183.9,0,0,0,0,271.17494395151
|||;29184,29184,29184,29183.9,0,0,0,0,276.17494395151
|||;29184,29184,29184,29183.9,0,0,0,0,281.17494395151
|||;29184,29184,29184,29183.9,0,0,0,0,286.17494395151
|||;29184,29184,29184,29183.9,0,0,0,0,291.17494395151
|||;29184,29184,29184,29183.9,0,0,0,0,296.17494395151
|||;29184,29184,29184,29183.9,0,0,0,0,301.17494395151
|||;29184,29184,29184,29183.9,0,0,0,0,306.17494395151
|||;29184,29184,29184,29183.9,0,0,0,0,311.17494395151
|||;29184,29184,29184,29183.9,0,0,0,0,316.17494395151
|||;29184,29184,29184,29183.9,0,0,0,0,321.17494395151
|||;29184,29184,29184,29183.9,0,0,0,0,326.17494395151
|||;29184,29184,29184,29183.9,0,0,0,0,331.17494395151
|||;29184,29184,29184,29183.9,0,0,0,0,336.17494395151
|||;29184,29184,29184,29183.9,0,0,0,0,341.17494395151
|||;29184,29184,29184,29183.9,0,0,0,0,346.17494395151
|||;29184,29184,29184,29183.9,0,0,0,0,351.17494395151
|||;29184,29184,29184,29183.9,0,0,0,0,356.17494395151
|||;29184,29184,29184,29183.9,0,0,0,0,361.17494395151
|||;29184,29184,29184,29183.9,0,0,0,0,366.17494395151
|||;29184,29184,29184,29183.9,0,0,0,0,371.17494395151
|||;29184,29184,29184,29183.9,0,0,0,0,376.17494395151
|||;29184,29184,29184,29183.9,0,0,0,0,381.17494395151
|||;29184,29184,29184,29183.9,0,0,0,0,386.17494395151
|||;29184,29184,29184,29183.9,0,0,0,0,391.17494395151
|||;29184,29184,29184,29183.9,0,0,0,0,396.17494395151
|||;29184,29184,29184,29183.9,0,0,0,0,401.17494395151
|||;29184,29184,29184,29183.9,0,0,0,0,406.17494395151
|||;29184,29184,29184,29183.9,0,0,0,0,411.17494395151
|||;29184,29184,29184,29183.9,0,0,0,0,416.17494395151
61zmdnl(2),|61zmdnl(2),|61zmdnl(2),|61zmdnl(2),;28108.8,28108.8,27571.2,27571.1,4.634258214196,4.634258214196,7.85399192049,7.85399192049,421.17494395151
61zmdnl(3),|61zmdnl(3),|61zmdnl(2),|61zmdnl(2),;28108.8,28108.8,27571.2,27571.1,0,0,2.85399192049,2.85399192049,426.17494395151
61zmdnl(3),|61zmdnl(3),|61zmdnl(3),|61zmdnl(3),;28108.8,28108.8,27571.2,27571.1,0,0,0,0,431.17494395151
61zmdnl(3),|61zmdnl(3),|61zmdnl(3),|61zmdnl(3),;28108.8,28108.8,27571.2,27571.1,0,0,0,0,436.17494395151
61zmdnl(3),|61zmdnl(3),|61zmdnl(3),|61zmdnl(3),;28108.8,28108.8,27571.2,27571.1,0,0,0,0,441.17494395151
61zmdnl(3),|61zmdnl(3),|61zmdnl(3),|61zmdnl(3),;28108.8,28108.8,27571.2,27571.1,0,0,0,0,446.17494395151
61zmdnl(3),|61zmdnl(3),|61zmdnl(3),|61zmdnl(3),;28108.8,28108.8,27571.2,27571.1,0,0,0,0,451.17494395151
61zmdnl(3),|61zmdnl(3),|61zmdnl(3),|61zmdnl(3),;28108.8,28108.8,27571.2,27571.1,0,0,0,0,456.17494395151
61zmdnl(3),|61zmdnl(3),|61zmdnl(3),|61zmdnl(3),;28108.8,28108.8,27571.2,27571.1,0,0,0,0,461.17494395151
61zmdnl(3),|61zmdnl(3),|61zmdnl(3),|61zmdnl(3),;28108.8,28108.8,27571.2,27571.1,0,0,0,0,466.17494395151
61zmdnl(3),|61zmdnl(3),|61zmdnl(3),|61zmdnl(3),;28108.8,28108.8,27571.2,27571.1,0,0,0,0,471.17494395151
61zmdnl(3),|61zmdnl(3),|61zmdnl(3),|61zmdnl(3),;28108.8,28108.8,27571.2,27571.1,0,0,0,0,476.17494395151
61zmdnl(3),|61zmdnl(3),|61zmdnl(3),|61zmdnl(3),;28108.8,28108.8,27571.2,27571.1,0,0,0,0,481.17494395151
61zmdnl(3),|61zmdnl(3),|61zmdnl(3),|61zmdnl(3),;28108.8,28108.8,27571.2,27571.1,0,0,0,0,486.17494395151
61zmdnl(3),|61zmdnl(3),|61zmdnl(3),|61zmdnl(3),;28108.8,28108.8,27571.2,27571.1,0,0,0,0,491.17494395151
61zmdnl(3),|61zmdnl(3),|61zmdnl(3),|61zmdnl(3),;28108.8,28108.8,27571.2,27571.1,0,0,0,0,496.17494395151
61zmdnl(3),|61zmdnl(3),|61zmdnl(3),|61zmdnl(3),;28108.8,28108.8,27571.2,27571.1,0,0,0,0,501.17494395151
61zmdnl(3),|61zmdnl(3),|61zmdnl(3),|61zmdnl(3),;28108.8,28108.8,27571.2,27571.1,0,0,0,0,506.17494395151
61zmdnl(3),|61zmdnl(3),|61zmdnl(3),|61zmdnl(3),;28108.8,28108.8,27571.2,27571.1,0,0,0,0,511.17494395151
61zmdnl(3),|61zmdnl(3),|61zmdnl(3),|61zmdnl(3),;28108.8,28108.8,27571.2,27571.1,0,0,0,0,516.17494395151
61zmdnl(3),|61zmdnl(3),|61zmdnl(3),|61zmdnl(3),;28108.8,28108.8,27571.2,27571.1,0,0,0,0,521.17494395151
61zmdnl(3),|61zmdnl(3),|61zmdnl(3),|61zmdnl(3),;28108.8,28108.8,27571.2,27571.1,0,0,0,0,526.17494395151
61zmdnl(3),|61zmdnl(3),|61zmdnl(3),|61zmdnl(3),;28108.8,28108.8,27571.2,27571.1,0,0,0,0,531.17494395151
61zmdnl(3),|61zmdnl(3),|61zmdnl(3),|61zmdnl(3),;28108.8,28108.8,27571.2,27571.1,0,0,0,0,536.17494395151
61zmdnl(3),|61zmdnl(3),|61zmdnl(3),|61zmdnl(3),;28108.8,28108.8,27571.2,27571.1,0,0,0,0,541.17494395151
61zmdnl(3),|61zmdnl(3),|61zmdnl(3),|61zmdnl(3),;28108.8,28108.8,27571.2,27571.1,0,0,0,0,546.17494395151
61zmdnl(3),|61zmdnl(3),|61zmdnl(3),|61zmdnl(3),;28108.8,28108.8,27571.2,27571.1,0,0,0,0,551.17494395151
61zmdnl(3),|61zmdnl(3),|61zmdnl(3),|61zmdnl(3),;28108.8,28108.8,27571.2,27571.1,0,0,0,0,556.17494395151
61zmdnl(3),|61zmdnl(3),|61zmdnl(3),|61zmdnl(3),;28108.8,28108.8,27571.2,27571.1,0,0,0,0,561.17494395151
61zmdnl(3),|61zmdnl(3),|61zmdnl(3),|61zmdnl(3),;28108.8,28108.8,27571.2,27571.1,0,0,0,0,566.17494395151
61zmdnl(3),|61zmdnl(3),|61zmdnl(3),|61zmdnl(3),;28108.8,28108.8,27571.2,27571.1,0,0,0,0,571.17494395151
61zmdnl(3),|61zmdnl(3),|61zmdnl(3),|61zmdnl(3),;28108.8,28108.8,27571.2,27571.1,0,0,0,0,576.17494395151
61zmdnl(3),|61zmdnl(3),|61zmdnl(3),|61zmdnl(3),;28108.8,28108.8,27571.2,27571.1,0,0,0,0,581.17494395151
61zmdnl(3),|61zmdnl(3),|61zmdnl(3),|61zmdnl(3),;28108.8,28108.8,27571.2,27571.1,0,0,0,0,586.17494395151
61zmdnl(3),|61zmdnl(3),|61zmdnl(3),|61zmdnl(3),;28108.8,28108.8,27571.2,27571.1,0,0,0,0,591.17494395151
61zmdnl(3),|61zmdnl(3),|61zmdnl(3),|61zmdnl(3),;28108.8,28108.8,27571.2,27571.1,0,0,0,0,596.17494395151
61zmdnl(3),|61zmdnl(3),|61zmdnl(3),|61zmdnl(3),;28108.8,28108.8,27571.2,27571.1,0,0,0,0,601.17494395151
61zmdnl(3),|61zmdnl(3),|61zmdnl(3),|61zmdnl(3),;28108.8,28108.8,27571.2,27571.1,0,0,0,0,606.17494395151
61zmdnl(3),|61zmdnl(3),|61zmdnl(3),|61zmdnl(3),;28108.8,28108.8,27571.2,27571.1,0,0,0,0,611.17494395151
61zmdnl(3),|61zmdnl(3),|61zmdnl(3),|61zmdnl(3),;28108.8,28108.8,27571.2,27571.1,0,0,0,0,616.17494395151
61zmdnl(3),|61zmdnl(3),|61zmdnl(3),|61zmdnl(3),;28108.8,28108.8,27571.2,27571.1,0,0,0,0,621.17494395151
61zmdnl(3),|61zmdnl(3),|61zmdnl(3),|61zmdnl(3),;28108.8,28108.8,27571.2,27571.1,0,0,0,0,626.17494395151
61zmdnl(3),|61zmdnl(3),|61zmdnl(3),|61zmdnl(3),;28108.8,28108.8,27571.2,27571.1,0,0,0,0,631.17494395151
61zmdnl(3),|61zmdnl(3),|61zmdnl(3),|61zmdnl(3),;28108.8,28108.8,27571.2,27571.1,0,0,0,0,636.17494395151
61zmdnl(3),|61zmdnl(3),|61zmdnl(3),|61zmdnl(3),;28108.8,28108.8,27571.2,27571.1,0,0,0,0,641.17494395151
61zmdnl(3),|61zmdnl(3),|61zmdnl(3),|61zmdnl(3),;28108.8,28108.8,27571.2,27571.1,0,0,0,0,646.17494395151
61zmdnl(3),|61zmdnl(3),|61zmdnl(3),|61zmdnl(3),;28108.8,28108.8,27571.2,27571.1,0,0,0,0,651.17494395151
61zmdnl(3),|61zmdnl(3),|61zmdnl(3),|61zmdnl(3),;28108.8,28108.8,27571.2,27571.1,0,0,0,0,656.17494395151
61zmdnl(3),|61zmdnl(3),|61zmdnl(3),|61zmdnl(3),;28108.8,28108.8,27571.2,27571.1,0,0,0,0,661.17494395151
61zmdnl(3),|61zmdnl(3),|61zmdnl(3),|61zmdnl(3),;28108.8,28108.8,27571.2,27571.1,0,0,0,0,666.17494395151
61zmdnl(3),|61zmdnl(3),|61zmdnl(3),|61zmdnl(3),;28108.8,28108.8,27571.2,27571.1,0,0,0,0,671.17494395151
61zmdnl(3),|61zmdnl(3),|61zmdnl(3),|61zmdnl(3),;28108.8,28108.8,27571.2,27571.1,0,0,0,0,676.17494395151
61zmdnl(3),|61zmdnl(3),|61zmdnl(3),|61zmdnl(3),;28108.8,28108.8,27571.2,27571.1,0,0,0,0,681.17494395151
61zmdnl(3),|61zmdnl(3),|61zmdnl(3),|61zmdnl(3),;28108.8,28108.8,27571.2,27571.1,0,0,0,0,686.17494395151
61zmdnl(3),|61zmdnl(3),|61zmdnl(3),|61zmdnl(3),;28108.8,28108.8,27571.2,27571.1,0,0,0,0,691.17494395151
61zmdnl(3),|61zmdnl(3),|61zmdnl(3),|61zmdnl(3),;28108.8,28108.8,27571.2,27571.1,0,0,0,0,696.17494395151
61zmdnl(3),|61zmdnl(3),|61zmdnl(3),|61zmdnl(3),;28108.8,28108.8,27571.2,27571.1,0,0,0,0,701.17494395151
61zmdnl(3),|61zmdnl(3),|61zmdnl(3),|61zmdnl(3),;28108.8,28108.8,27571.2,27571.1,0,0,0,0,706.17494395151
61zmdnl(3),|61zmdnl(3),|61zmdnl(3),|61zmdnl(3),;28108.8,28108.8,27571.2,27571.1,0,0,0,0,711.17494395151
61zmdnl(3),|61zmdnl(3),|61zmdnl(3),|61zmdnl(3),;28108.8,28108.8,27571.2,27571.1,0,0,0,0,716.17494395151
61zmdnl(3),|61zmdnl(3),|61zmdnl(3),|61zmdnl(3),;28108.8,28108.8,27571.2,27571.1,0,0,0,0,721.17494395151
61zmdnl(3),|61zmdnl(3),|61zmdnl(3),|61zmdnl(3),;28108.8,28108.8,27571.2,27571.1,0,0,0,0,726.17494395151
61zmdnl(3),|61zmdnl(3),|61zmdnl(3),|61zmdnl(3),;28108.8,28108.8,27571.2,27571.1,0,0,0,0,731.17494395151
61zmdnl(3),|61zmdnl(3),|61zmdnl(3),|61zmdnl(3),;28108.8,28108.8,27571.2,27571.1,0,0,0,0,736.17494395151
61zmdnl(3),|61zmdnl(3),|61zmdnl(3),|61zmdnl(3),;28108.8,28108.8,27571.2,27571.1,0,0,0,0,741.17494395151
61zmdnl(3),|61zmdnl(3),|61zmdnl(3),|61zmdnl(3),;28108.8,28108.8,27571.2,27571.1,0,0,0,0,746.17494395151
61zmdnl(3),|61zmdnl(3),|61zmdnl(3),|61zmdnl(3),;28108.8,28108.8,27571.2,27571.1,0,0,0,0,751.17494395151
61zmdnl(3),|61zmdnl(3),|61zmdnl(3),|61zmdnl(3),;28108.8,28108.8,27571.2,27571.1,0,0,0,0,756.17494395151
61zmdnl(3),|61zmdnl(3),|61zmdnl(3),|61zmdnl(3),;28108.8,28108.8,27571.2,27571.1,0,0,0,0,761.17494395151
61zmdnl(3),|61zmdnl(3),|61zmdnl(3),|61zmdnl(3),;28108.8,28108.8,27571.2,27571.1,0,0,0,0,766.17494395151
61zmdnl(3),|61zmdnl(3),|61zmdnl(3),|61zmdnl(3),;28108.8,28108.8,27571.2,27571.1,0,0,0,0,771.17494395151
61zmdnl(3),|61zmdnl(3),|61zmdnl(3),|61zmdnl(3),;28108.8,28108.8,27571.2,27571.1,0,0,0,0,776.17494395151
61zmdnl(3),|61zmdnl(3),|61zmdnl(3),|61zmdnl(3),;28108.8,28108.8,27571.2,27571.1,0,0,0,0,781.17494395151
61zmdnl(3),|61zmdnl(3),|61zmdnl(3),|61zmdnl(3),;28108.8,28108.8,27571.2,27571.1,0,0,0,0,786.17494395151
61zmdnl(3),|61zmdnl(3),|61zmdnl(3),|61zmdnl(3),;28108.8,28108.8,27571.2,27571.1,0,0,0,0,791.17494395151
61zmdnl(3),|61zmdnl(3),|61zmdnl(3),|61zmdnl(3),;28108.8,28108.8,27571.2,27571.1,0,0,0,0,796.17494395151
61zmdnl(3),|61zmdnl(3),|61zmdnl(3),|61zmdnl(3),;28108.8,28108.8,27571.2,27571.1,0,0,0,0,801.17494395151
61zmdnl(3),|61zmdnl(3),|61zmdnl(3),|61zmdnl(3),;28108.8,28108.8,27571.2,27571.1,0,0,0,0,806.17494395151
61zmdnl(3),|61zmdnl(3),|61zmdnl(3),|61zmdnl(3),;28108.8,28108.8,27571.2,27571.1,0,0,0,0,811.17494395151
61zmdnl(3),|61zmdnl(3),|61zmdnl(3),|61zmdnl(3),;28108.8,28108.8,27571.2,27571.1,0,0,0,0,816.17494395151
61zmdnl(3),|61zmdnl(3),|61zmdnl(3),|61zmdnl(3),;28108.8,28108.8,27571.2,27571.1,0,0,0,0,821.17494395151
61zmdnl(3),|61zmdnl(3),|61zmdnl(3),|61zmdnl(3),;28108.8,28108.8,27571.2,27571.1,0,0,0,0,826.17494395151
61zmdnl(3),|61zmdnl(3),|61zmdnl(3),|61zmdnl(3),;28108.8,28108.8,27571.2,27571.1,0,0,0,0,831.17494395151
61zmdnl(3),|61zmdnl(3),|61zmdnl(3),|61zmdnl(3),;28108.8,28108.8,27571.2,27571.1,0,0,0,0,836.17494395151
61zmdnl(3),|61zmdnl(3),|61zmdnl(3),|61zmdnl(3),;28108.8,28108.8,27571.2,27571.1,0,0,0,0,841.17494395151
61zmdnl(3),|61zmdnl(3),|61zmdnl(3),|61zmdnl(3),;28108.8,28108.8,27571.2,27571.1,0,0,0,0,846.17494395151
61zmdnl(3),|61zmdnl(3),|61zmdnl(3),|61zmdnl(3),;28108.8,28108.8,27571.2,27571.1,0,0,0,0,851.17494395151
61zmdnl(3),|61zmdnl(3),|61zmdnl(3),|61zmdnl(3),;28108.8,28108.8,27571.2,27571.1,0,0,0,0,856.17494395151
61zmdnl(3),|61zmdnl(3),|61zmdnl(3),|61zmdnl(3),;28108.8,28108.8,27571.2,27571.1,0,0,0,0,861.17494395151
|||;29184,29184,29184,29183.9,0,0,0,0,866.17494395151
|||;29184,29184,29184,29183.9,0,0,0,0,871.17494395151
|||;29184,29184,29184,29183.9,0,0,0,0,876.17494395151
|||;29184,29184,29184,29183.9,0,0,0,0,881.17494395151
|||;29184,29184,29184,29183.9,0,0,0,0,886.17494395151
|||;29184,29184,29184,29183.9,0,0,0,0,891.17494395151
|||;29184,29184,29184,29183.9,0,0,0,0,896.17494395151
|||;29184,29184,29184,29183.9,0,0,0,0,901.17494395151
|||;29184,29184,29184,29183.9,0,0,0,0,906.17494395151
|||;29184,29184,29184,29183.9,0,0,0,0,911.17494395151
|||;29184,29184,29184,29183.9,0,0,0,0,916.17494395151
|||;29184,29184,29184,29183.9,0,0,0,0,921.17494395151
|||;29184,29184,29184,29183.9,0,0,0,0,926.17494395151
|||;29184,29184,29184,29183.9,0,0,0,0,931.17494395151
|||;29184,29184,29184,29183.9,0,0,0,0,936.17494395151
|||;29184,29184,29184,29183.9,0,0,0,0,941.17494395151
|||;29184,29184,29184,29183.9,0,0,0,0,946.17494395151
|||;29184,29184,29184,29183.9,0,0,0,0,951.17494395151
|||;29184,29184,29184,29183.9,0,0,0,0,956.17494395151
|||;29184,29184,29184,29183.9,0,0,0,0,961.17494395151
|||;29184,29184,29184,29183.9,0,0,0,0,966.17494395151
|||;29184,29184,29184,29183.9,0,0,0,0,971.17494395151
|||;29184,29184,29184,29183.9,0,0,0,0,976.17494395151
|||;29184,29184,29184,29183.9,0,0,0,0,981.17494395151
|||;29184,29184,29184,29183.9,0,0,0,0,986.17494395151
|||;29184,29184,29184,29183.9,0,0,0,0,991.17494395151
|||;29184,29184,29184,29183.9,0,0,0,0,996.17494395151
|||;29184,29184,29184,29183.9,0,0,0,0,1001.17494395151
|||;29184,29184,29184,29183.9,0,0,0,0,1006.17494395151
|||;29184,29184,29184,29183.9,0,0,0,0,1011.17494395151
|||;29184,29184,29184,29183.9,0,0,0,0,1016.17494395151
|||;29184,29184,29184,29183.9,0,0,0,0,1021.17494395151
|||;29184,29184,29184,29183.9,0,0,0,0,1026.17494395151
|||;29184,29184,29184,29183.9,0,0,0,0,1031.17494395151
|||;29184,29184,29184,29183.9,0,0,0,0,1036.17494395151
|||;29184,29184,29184,29183.9,0,0,0,0,1041.17494395151
|||;29184,29184,29184,29183.9,0,0,0,0,1046.17494395151
|||;29184,29184,29184,29183.9,0,0,0,0,1051.17494395151
|||;29184,29184,29184,29183.9,0,0,0,0,1056.17494395151
|||;29184,29184,29184,29183.9,0,0,0,0,1061.17494395151
|||;29184,29184,29184,29183.9,0,0,0,0,1066.17494395151
|||;29184,29184,29184,29183.9,0,0,0,0,1071.17494395151
|||;29184,29184,29184,29183.9,0,0,0,0,1076.17494395151
|||;29184,29184,29184,29183.9,0,0,0,0,1081.17494395151
|||;29184,29184,29184,29183.9,0,0,0,0,1086.17494395151
|||;29184,29184,29184,29183.9,0,0,0,0,1091.17494395151
|||;29184,29184,29184,29183.9,0,0,0,0,1096.17494395151
|||;29184,29184,29184,29183.9,0,0,0,0,1101.17494395151
|||;29184,29184,29184,29183.9,0,0,0,0,1106.17494395151
|||;29184,29184,29184,29183.9,0,0,0,0,1111.17494395151
|||;29184,29184,29184,29183.9,0,0,0,0,1116.17494395151
|||;29184,29184,29184,29183.9,0,0,0,0,1121.17494395151
|||;29184,29184,29184,29183.9,0,0,0,0,1126.17494395151
|||;29184,29184,29184,29183.9,0,0,0,0,1131.17494395151
|||;29184,29184,29184,29183.9,0,0,0,0,1136.17494395151
|||;29184,29184,29184,29183.9,0,0,0,0,1141.17494395151
|||;29184,29184,29184,29183.9,0,0,0,0,1146.17494395151
|||;29184,29184,29184,29183.9,0,0,0,0,1151.17494395151
|||;29184,29184,29184,29183.9,0,0,0,0,1156.17494395151
|||;29184,29184,29184,29183.9,0,0,0,0,1161.17494395151
|||;29184,29184,29184,29183.9,0,0,0,0,1166.17494395151
|||;29184,29184,29184,29183.9,0,0,0,0,1171.17494395151
|||;29184,29184,29184,29183.9,0,0,0,0,1176.17494395151
|||;29184,29184,29184,29183.9,0,0,0,0,1181.17494395151
|||;29184,29184,29184,29183.9,0,0,0,0,1186.17494395151
|||;29184,29184,29184,29183.9,0,0,0,0,1191.17494395151
|||;29184,29184,29184,29183.9,0,0,0,0,1196.17494395151
|||;29184,29184,29184,29183.9,0,0,0,0,1201.17494395151
|||;29184,29184,29184,29183.9,0,0,0,0,1206.17494395151
|||;29184,29184,29184,29183.9,0,0,0,0,1211.17494395151
|||;29184,29184,29184,29183.9,0,0,0,0,1216.17494395151
|||;29184,29184,29184,29183.9,0,0,0,0,1221.17494395151
|||;29184,29184,29184,29183.9,0,0,0,0,1226.17494395151
|||;29184,29184,29184,29183.9,0,0,0,0,1231.17494395151
|||;29184,29184,29184,29183.9,0,0,0,0,1236.17494395151
|||;29184,29184,29184,29183.9,0,0,0,0,1241.17494395151
|||;29184,29184,29184,29183.9,0,0,0,0,1246.17494395151
|||;29184,29184,29184,29183.9,0,0,0,0,1251.17494395151
328tuvgw(2),|328tuvgw(2),|328tuvgw(2),|328tuvgw(2),;26572.8,27443.2,27443.2,26572.7,12.643785594135,7.544216736326,7.544216736326,12.643785594135,1256.17494395151
328tuvgw(2),|328tuvgw(2),|328tuvgw(2),|328tuvgw(2),;26572.8,27443.2,27443.2,26572.7,7.643785594135,2.544216736326,2.544216736326,7.643785594135,1261.17494395151
328tuvgw(2),|328tuvgw(3),|328tuvgw(3),|328tuvgw(2),;26572.8,27443.2,27443.2,26572.7,2.643785594135,0,0,2.643785594135,1266.17494395151
328tuvgw(3),|328tuvgw(3),|328tuvgw(3),|328tuvgw(3),;26572.8,27443.2,27443.2,26572.7,0,0,0,0,1271.17494395151
328tuvgw(3),|328tuvgw(3),|328tuvgw(3),|328tuvgw(3),;26572.8,27443.2,27443.2,26572.7,0,0,0,0,1276.17494395151
328tuvgw(3),|328tuvgw(3),|328tuvgw(3),|328tuvgw(3),;26572.8,27443.2,27443.2,26572.7,0,0,0,0,1281.17494395151
328tuvgw(3),|328tuvgw(3),|328tuvgw(3),|328tuvgw(3),;26572.8,27443.2,27443.2,26572.7,0,0,0,0,1286.17494395151
328tuvgw(3),|328tuvgw(3),|328tuvgw(3),|328tuvgw(3),;26572.8,27443.2,27443.2,26572.7,0,0,0,0,1291.17494395151
328tuvgw(3),|328tuvgw(3),|328tuvgw(3),|328tuvgw(3),;26572.8,27443.2,27443.2,26572.7,0,0,0,0,1296.17494395151
328tuvgw(3),|328tuvgw(3),|328tuvgw(3),|328tuvgw(3),;26572.8,27443.2,27443.2,26572.7,0,0,0,0,1301.17494395151
328tuvgw(3),|328tuvgw(3),|328tuvgw(3),|328tuvgw(3),;26572.8,27443.2,27443.2,26572.7,0,0,0,0,1306.17494395151
328tuvgw(3),|328tuvgw(3),|328tuvgw(3),|328tuvgw(3),;26572.8,27443.2,27443.2,26572.7,0,0,0,0,1311.17494395151
328tuvgw(3),|328tuvgw(3),|328tuvgw(3),|328tuvgw(3),;26572.8,27443.2,27443.2,26572.7,0,0,0,0,1316.17494395151
328tuvgw(3),|328tuvgw(3),|328tuvgw(3),|328tuvgw(3),;26572.8,27443.2,27443.2,26572.7,0,0,0,0,1321.17494395151
328tuvgw(3),|328tuvgw(3),|328tuvgw(3),|328tuvgw(3),;26572.8,27443.2,27443.2,26572.7,0,0,0,0,1326.17494395151
328tuvgw(3),|328tuvgw(3),|328tuvgw(3),|328tuvgw(3),;26572.8,27443.2,27443.2,26572.7,0,0,0,0,1331.17494395151
328tuvgw(3),|328tuvgw(3),|328tuvgw(3),|328tuvgw(3),;26572.8,27443.2,27443.2,26572.7,0,0,0,0,1336.17494395151
328tuvgw(3),|328tuvgw(3),|328tuvgw(3),|328tuvgw(3),;26572.8,27443.2,27443.2,26572.7,0,0,0,0,1341.17494395151
328tuvgw(3),|328tuvgw(3),|328tuvgw(3),|328tuvgw(3),;26572.8,27443.2,27443.2,26572.7,0,0,0,0,1346.17494395151
328tuvgw(3),|328tuvgw(3),|328tuvgw(3),|328tuvgw(3),;26572.8,27443.2,27443.2,26572.7,0,0,0,0,1351.17494395151
328tuvgw(3),|328tuvgw(3),|328tuvgw(3),|328tuvgw(3),;26572.8,27443.2,27443.2,26572.7,0,0,0,0,1356.17494395151
328tuvgw(3),|328tuvgw(3),|328tuvgw(3),|328tuvgw(3),;26572.8,27443.2,27443.2,26572.7,0,0,0,0,1361.17494395151
328tuvgw(3),|328tuvgw(3),|328tuvgw(3),|328tuvgw(3),;26572.8,27443.2,27443.2,26572.7,0,0,0,0,1366.17494395151
328tuvgw(3),|328tuvgw(3),|328tuvgw(3),|328tuvgw(3),;26572.8,27443.2,27443.2,26572.7,0,0,0,0,1371.17494395151
328tuvgw(3),|328tuvgw(3),|328tuvgw(3),|328tuvgw(3),;26572.8,27443.2,27443.2,26572.7,0,0,0,0,1376.17494395151
328tuvgw(3),|328tuvgw(3),|328tuvgw(3),|328tuvgw(3),;26572.8,27443.2,27443.2,26572.7,0,0,0,0,1381.17494395151
328tuvgw(3),|328tuvgw(3),|328tuvgw(3),|328tuvgw(3),;26572.8,27443.2,27443.2,26572.7,0,0,0,0,1386.17494395151
328tuvgw(3),|328tuvgw(3),|328tuvgw(3),|328tuvgw(3),;26572.8,27443.2,27443.2,26572.7,0,0,0,0,1391.17494395151
328tuvgw(3),|328tuvgw(3),|328tuvgw(3),|328tuvgw(3),;26572.8,27443.2,27443.2,26572.7,0,0,0,0,1396.17494395151
328tuvgw(3),|328tuvgw(3),|328tuvgw(3),|328tuvgw(3),;26572.8,27443.2,27443.2,26572.7,0,0,0,0,1401.17494395151
328tuvgw(3),|328tuvgw(3),|328tuvgw(3),|328tuvgw(3),;26572.8,27443.2,27443.2,26572.7,0,0,0,0,1406.17494395151
328tuvgw(3),|328tuvgw(3),|328tuvgw(3),|328tuvgw(3),;26572.8,27443.2,27443.2,26572.7,0,0,0,0,1411.17494395151
328tuvgw(3),189fqrsd(0),|328tuvgw(3),189fqrsd(0),|328tuvgw(3),189fqrsd(0),|328tuvgw(3),189fqrsd(0),;24688.6,25559,24617,23746.5,14.827286300703,14.827286300703,20.346819652684,20.346819652684,1416.17494395151
328tuvgw(3),189fqrsd(2),|328tuvgw(3),189fqrsd(2),|328tuvgw(3),189fqrsd(2),|328tuvgw(3),189fqrsd(2),;24688.6,25559,24617,23746.5,9.827286300703,9.827286300703,15.346819652684,15.346819652684,1421.17494395151
328tuvgw(3),189fqrsd(2),|328tuvgw(3),189fqrsd(2),|328tuvgw(3),189fqrsd(2),|328tuvgw(3),189fqrsd(2),;24688.6,25559,24617,23746.5,4.827286300703,4.827286300703,10.346819652684,10.346819652684,1426.17494395151
328tuvgw(3),189fqrsd(3),|328tuvgw(3),189fqrsd(3),|328tuvgw(3),189fqrsd(2),|328tuvgw(3),189fqrsd(2),;24688.6,25559,24617,23746.5,0,0,5.346819652684,5.346819652684,1431.17494395151
328tuvgw(3),189fqrsd(3),|328tuvgw(3),189fqrsd(3),|328tuvgw(3),189fqrsd(3),|328tuvgw(3),189fqrsd(3),;24688.6,25559,24617,23746.5,0,0,0.346819652684,0.346819652684,1436.17494395151
328tuvgw(3),189fqrsd(3),|328tuvgw(3),189fqrsd(3),|328tuvgw(3),189fqrsd(3),|328tuvgw(3),189fqrsd(3),;24688.6,25559,24617,23746.5,0,0,0,0,1441.17494395151
328tuvgw(3),189fqrsd(3),|328tuvgw(3),189fqrsd(3),|328tuvgw(3),189fqrsd(3),|328tuvgw(3),189fqrsd(3),;24688.6,25559,24617,23746.5,0,0,0,0,1446.17494395151
328tuvgw(3),189fqrsd(3),125asvip(0),|328tuvgw(3),189fqrsd(3),125asvip(0),|328tuvgw(3),189fqrsd(3),125asvip(0),|328tuvgw(3),189fqrsd(3),125asvip(0),;22123.5,23848.9,22906.9,21181.4,20.051917007507,14.81967387464,14.81967387464,20.051917007507,1451.17494395151
328tuvgw(3),189fqrsd(3),125asvip(2),|328tuvgw(3),189fqrsd(3),125asvip(2),|328tuvgw(3),189fqrsd(3),125asvip(2),|328tuvgw(3),189fqrsd(3),125asvip(2),;22123.5,23848.9,22906.9,21181.4,15.051917007507,9.81967387464,9.81967387464,15.051917007507,1456.17494395151
328tuvgw(3),189fqrsd(3),125asvip(2),|328tuvgw(3),189fqrsd(3),125asvip(2),|328tuvgw(3),189fqrsd(3),125asvip(2),|328tuvgw(3),189fqrsd(3),125asvip(2),;22123.5,23848.9,22906.9,21181.4,10.051917007507,4.81967387464,4.81967387464,10.051917007507,1461.17494395151
328tuvgw(3),189fqrsd(3),125asvip(2),|328tuvgw(3),189fqrsd(3),125asvip(3),|328tuvgw(3),189fqrsd(3),125asvip(3),|328tuvgw(3),189fqrsd(3),125asvip(2),;22123.5,23848.9,22906.9,21181.4,5.051917007507,0,0,5.051917007507,1466.17494395151
328tuvgw(3),189fqrsd(3),125asvip(3),|328tuvgw(3),189fqrsd(3),125asvip(3),|328tuvgw(3),189fqrsd(3),125asvip(3),|328tuvgw(3),189fqrsd(3),125asvip(3),;22123.5,23848.9,22906.9,21181.4,0.051917007507,0,0,0.051917007507,1471.17494395151
328tuvgw(3),189fqrsd(3),125asvip(3),|328tuvgw(3),189fqrsd(3),125asvip(3),|328tuvgw(3),189fqrsd(3),125asvip(3),|328tuvgw(3),189fqrsd(3),125asvip(3),;22123.5,23848.9,22906.9,21181.4,0,0,0,0,1476.17494395151
328tuvgw(3),189fqrsd(3),125asvip(3),|328tuvgw(3),189fqrsd(3),125asvip(3),|328tuvgw(3),189fqrsd(3),125asvip(3),|328tuvgw(3),189fqrsd(3),125asvip(3),;22123.5,23848.9,22906.9,21181.4,0,0,0,0,1481.17494395151
328tuvgw(3),189fqrsd(3),125asvip(3),|328tuvgw(3),189fqrsd(3),125asvip(3),|328tuvgw(3),189fqrsd(3),125asvip(3),|328tuvgw(3),189fqrsd(3),125asvip(3),;22123.5,23848.9,22906.9,21181.4,0,0,0,0,1486.17494395151
328tuvgw(3),189fqrsd(3),125asvip(3),|328tuvgw(3),189fqrsd(3),125asvip(3),|328tuvgw(3),189fqrsd(3),125asvip(3),|328tuvgw(3),189fqrsd(3),125asvip(3),;22123.5,23848.9,22906.9,21181.4,0,0,0,0,1491.17494395151
328tuvgw(3),189fqrsd(3),125asvip(3),|328tuvgw(3),189fqrsd(3),125asvip(3),|328tuvgw(3),189fqrsd(3),125asvip(3),|328tuvgw(3),189fqrsd(3),125asvip(3),;22123.5,23848.9,22906.9,21181.4,0,0,0,0,1496.17494395151
328tuvgw(3),189fqrsd(3),125asvip(3),|328tuvgw(3),189fqrsd(3),125asvip(3),|328tuvgw(3),189fqrsd(3),125asvip(3),|328tuvgw(3),189fqrsd(3),125asvip(3),;22123.5,23848.9,22906.9,21181.4,0,0,0,0,1501.17494395151
328tuvgw(3),189fqrsd(3),125asvip(3),|328tuvgw(3),189fqrsd(3),125asvip(3),|328tuvgw(3),189fqrsd(3),125asvip(3),|328tuvgw(3),189fqrsd(3),125asvip(3),;22123.5,23848.9,22906.9,21181.4,0,0,0,0,1506.17494395151
328tuvgw(3),189fqrsd(3),125asvip(3),|328tuvgw(3),189fqrsd(3),125asvip(3),|328tuvgw(3),189fqrsd(3),125asvip(3),|328tuvgw(3),189fqrsd(3),125asvip(3),;22123.5,23848.9,22906.9,21181.4,0,0,0,0,1511.17494395151
328tuvgw(3),189fqrsd(3),125asvip(3),|328tuvgw(3),189fqrsd(3),125asvip(3),|328tuvgw(3),189fqrsd(3),125asvip(3),|328tuvgw(3),189fqrsd(3),125asvip(3),;22123.5,23848.9,22906.9,21181.4,0,0,0,0,1516.17494395151
328tuvgw(3),189fqrsd(3),125asvip(3),|328tuvgw(3),189fqrsd(3),125asvip(3),|328tuvgw(3),189fqrsd(3),125asvip(3),|328tuvgw(3),189fqrsd(3),125asvip(3),;22123.5,23848.9,22906.9,21181.4,0,0,0,0,1521.17494395151
328tuvgw(3),189fqrsd(3),125asvip(3),|328tuvgw(3),189fqrsd(3),125asvip(3),|328tuvgw(3),189fqrsd(3),125asvip(3),|328tuvgw(3),189fqrsd(3),125asvip(3),;22123.5,23848.9,22906.9,21181.4,0,0,0,0,1526.17494395151
328tuvgw(3),189fqrsd(3),125asvip(3),|328tuvgw(3),189fqrsd(3),125asvip(3),|328tuvgw(3),189fqrsd(3),125asvip(3),|328tuvgw(3),189fqrsd(3),125asvip(3),;22123.5,23848.9,22906.9,21181.4,0,0,0,0,1531.17494395151
328tuvgw(3),189fqrsd(3),125asvip(3),|328tuvgw(3),189fqrsd(3),125asvip(3),|328tuvgw(3),189fqrsd(3),125asvip(3),|328tuvgw(3),189fqrsd(3),125asvip(3),;22123.5,23848.9,22906.9,21181.4,0,0,0,0,1536.17494395151
328tuvgw(3),189fqrsd(3),125asvip(3),|328tuvgw(3),189fqrsd(3),125asvip(3),|328tuvgw(3),189fqrsd(3),125asvip(3),|328tuvgw(3),189fqrsd(3),125asvip(3),;22123.5,23848.9,22906.9,21181.4,0,0,0,0,1541.17494395151
328tuvgw(3),189fqrsd(3),125asvip(3),|328tuvgw(3),189fqrsd(3),125asvip(3),|328tuvgw(3),189fqrsd(3),125asvip(3),|328tuvgw(3),189fqrsd(3),125asvip(3),;22123.5,23848.9,22906.9,21181.4,0,0,0,0,1546.17494395151
328tuvgw(3),189fqrsd(3),125asvip(3),|328tuvgw(3),189fqrsd(3),125asvip(3),|328tuvgw(3),189fqrsd(3),125asvip(3),|328tuvgw(3),189fqrsd(3),125asvip(3),;22123.5,23848.9,22906.9,21181.4,0,0,0,0,1551.17494395151
328tuvgw(3),189fqrsd(3),125asvip(3),|328tuvgw(3),189fqrsd(3),125asvip(3),|328tuvgw(3),189fqrsd(3),125asvip(3),|328tuvgw(3),189fqrsd(3),125asvip(3),;22123.5,23848.9,22906.9,21181.4,0,0,0,0,1556.17494395151
328tuvgw(3),189fqrsd(3),125asvip(3),|328tuvgw(3),189fqrsd(3),125asvip(3),|328tuvgw(3),189fqrsd(3),125asvip(3),|328tuvgw(3),189fqrsd(3),125asvip(3),;22123.5,23848.9,22906.9,21181.4,0,0,0,0,1561.17494395151
328tuvgw(3),189fqrsd(3),125asvip(3),|328tuvgw(3),189fqrsd(3),125asvip(3),|328tuvgw(3),189fqrsd(3),125asvip(3),|328tuvgw(3),189fqrsd(3),125asvip(3),;22123.5,23848.9,22906.9,21181.4,0,0,0,0,1566.17494395151
328tuvgw(3),189fqrsd(3),125asvip(3),|328tuvgw(3),189fqrsd(3),125asvip(3),|328tuvgw(3),189fqrsd(3),125asvip(3),|328tuvgw(3),189fqrsd(3),125asvip(3),;22123.5,23848.9,22906.9,21181.4,0,0,0,0,1571.17494395151
328tuvgw(3),189fqrsd(3),125asvip(3),|328tuvgw(3),189fqrsd(3),125asvip(3),|328tuvgw(3),189fqrsd(3),125asvip(3),|328tuvgw(3),189fqrsd(3),125asvip(3),;22123.5,23848.9,22906.9,21181.4,0,0,0,0,1576.17494395151
328tuvgw(3),189fqrsd(3),125asvip(3),|328tuvgw(3),189fqrsd(3),125asvip(3),|328tuvgw(3),189fqrsd(3),125asvip(3),|328tuvgw(3),189fqrsd(3),125asvip(3),;22123.5,23848.9,22906.9,21181.4,0,0,0,0,1581.17494395151
328tuvgw(3),189fqrsd(3),125asvip(3),|328tuvgw(3),189fqrsd(3),125asvip(3),|328tuvgw(3),189fqrsd(3),125asvip(3),|328tuvgw(3),189fqrsd(3),125asvip(3),;22123.5,23848.9,22906.9,21181.4,0,0,0,0,1586.17494395151
328tuvgw(3),189fqrsd(3),125asvip(3),|328tuvgw(3),189fqrsd(3),125asvip(3),|328tuvgw(3),189fqrsd(3),125asvip(3),|328tuvgw(3),189fqrsd(3),125asvip(3),;22123.5,23848.9,22906.9,21181.4,0,0,0,0,1591.17494395151
328tuvgw(3),189fqrsd(3),125asvip(3),|328tuvgw(3),189fqrsd(3),125asvip(3),|328tuvgw(3),189fqrsd(3),125asvip(3),|328tuvgw(3),189fqrsd(3),125asvip(3),;22123.5,23848.9,22906.9,21181.4,0,0,0,0,1596.17494395151
328tuvgw(3),189fqrsd(3),125asvip(3),|328tuvgw(3),189fqrsd(3),125asvip(3),|328tuvgw(3),189fqrsd(3),125asvip(3),|328tuvgw(3),189fqrsd(3),125asvip(3),;22123.5,23848.9,22906.9,21181.4,0,0,0,0,1601.17494395151
328tuvgw(3),189fqrsd(3),125asvip(3),|328tuvgw(3),189fqrsd(3),125asvip(3),|328tuvgw(3),189fqrsd(3),125asvip(3),|328tuvgw(3),189fqrsd(3),125asvip(3),;22123.5,23848.9,22906.9,21181.4,0,0,0,0,1606.17494395151
328tuvgw(3),189fqrsd(3),125asvip(3),|328tuvgw(3),189fqrsd(3),125asvip(3),|328tuvgw(3),189fqrsd(3),125asvip(3),|328tuvgw(3),189fqrsd(3),125asvip(3),;22123.5,23848.9,22906.9,21181.4,0,0,0,0,1611.17494395151
328tuvgw(3),189fqrsd(3),125asvip(3),|328tuvgw(3),189fqrsd(3),125asvip(3),|328tuvgw(3),189fqrsd(3),125asvip(3),|328tuvgw(3),189fqrsd(3),125asvip(3),;22123.5,23848.9,22906.9,21181.4,0,0,0,0,1616.17494395151
328tuvgw(3),189fqrsd(3),125asvip(3),|328tuvgw(3),189fqrsd(3),125asvip(3),|328tuvgw(3),189fqrsd(3),125asvip(3),|328tuvgw(3),189fqrsd(3),125asvip(3),;22123.5,23848.9,22906.9,21181.4,0,0,0,0,1621.17494395151
328tuvgw(3),189fqrsd(3),125asvip(3),|328tuvgw(3),189fqrsd(3),125asvip(3),|328tuvgw(3),189fqrsd(3),125asvip(3),|328tuvgw(3),189fqrsd(3),125asvip(3),;22123.5,23848.9,22906.9,21181.4,0,0,0,0,1626.17494395151
328tuvgw(3),189fqrsd(3),125asvip(3),|328tuvgw(3),189fqrsd(3),125asvip(3),|328tuvgw(3),189fqrsd(3),125asvip(3),|328tuvgw(3),189fqrsd(3),125asvip(3),;22123.5,23848.9,22906.9,21181.4,0,0,0,0,1631.17494395151
328tuvgw(3),189fqrsd(3),125asvip(3),|328tuvgw(3),189fqrsd(3),125asvip(3),|328tuvgw(3),189fqrsd(3),125asvip(3),|328tuvgw(3),189fqrsd(3),125asvip(3),;22123.5,23848.9,22906.9,21181.4,0,0,0,0,1636.17494395151
328tuvgw(3),189fqrsd(3),125asvip(3),|328tuvgw(3),189fqrsd(3),125asvip(3),|328tuvgw(3),189fqrsd(3),125asvip(3),|328tuvgw(3),189fqrsd(3),125asvip(3),;22123.5,23848.9,22906.9,21181.4,0,0,0,0,1641.17494395151
328tuvgw(3),189fqrsd(3),125asvip(3),|328tuvgw(3),189fqrsd(3),125asvip(3),|328tuvgw(3),189fqrsd(3),125asvip(3),|328tuvgw(3),189fqrsd(3),125asvip(3),;22123.5,23848.9,22906.9,21181.4,0,0,0,0,1646.17494395151
328tuvgw(3),189fqrsd(3),125asvip(3),|328tuvgw(3),189fqrsd(3),125asvip(3),|328tuvgw(3),189fqrsd(3),125asvip(3),|328tuvgw(3),189fqrsd(3),125asvip(3),;22123.5,23848.9,22906.9,21181.4,0,0,0,0,1651.17494395151
328tuvgw(3),189fqrsd(3),125asvip(3),|328tuvgw(3),189fqrsd(3),125asvip(3),|328tuvgw(3),189fqrsd(3),125asvip(3),|328tuvgw(3),189fqrsd(3),125asvip(3),;22123.5,23848.9,22906.9,21181.4,0,0,0,0,1656.17494395151
328tuvgw(3),189fqrsd(3),125asvip(3),|328tuvgw(3),189fqrsd(3),125asvip(3),|328tuvgw(3),189fqrsd(3),125asvip(3),|328tuvgw(3),189fqrsd(3),125asvip(3),;22123.5,23848.9,22906.9,21181.4,0,0,0,0,1661.17494395151
328tuvgw(3),189fqrsd(3),125asvip(3),|328tuvgw(3),189fqrsd(3),125asvip(3),|328tuvgw(3),189fqrsd(3),125asvip(3),|328tuvgw(3),189fqrsd(3),125asvip(3),;22123.5,23848.9,22906.9,21181.4,0,0,0,0,1666.17494395151
328tuvgw(3),189fqrsd(3),125asvip(3),|328tuvgw(3),189fqrsd(3),125asvip(3),|328tuvgw(3),189fqrsd(3),125asvip(3),|328tuvgw(3),189fqrsd(3),125asvip(3),;22123.5,23848.9,22906.9,21181.4,0,0,0,0,1671.17494395151
328tuvgw(3),189fqrsd(3),125asvip(3),|328tuvgw(3),189fqrsd(3),125asvip(3),|328tuvgw(3),189fqrsd(3),125asvip(3),|328tuvgw(3),189fqrsd(3),125asvip(3),;22123.5,23848.9,22906.9,21181.4,0,0,0,0,1676.17494395151
328tuvgw(3),189fqrsd(3),125asvip(3),|328tuvgw(3),189fqrsd(3),125asvip(3),|328tuvgw(3),189fqrsd(3),125asvip(3),|328tuvgw(3),189fqrsd(3),125asvip(3),;22123.5,23848.9,22906.9,21181.4,0,0,0,0,1681.17494395151
328tuvgw(3),189fqrsd(3),125asvip(3),|328tuvgw(3),189fqrsd(3),125asvip(3),|328tuvgw(3),189fqrsd(3),125asvip(3),|328tuvgw(3),189fqrsd(3),125asvip(3),;22123.5,23848.9,22906.9,21181.4,0,0,0,0,1686.17494395151
328tuvgw(3),189fqrsd(3),125asvip(3),|328tuvgw(3),189fqrsd(3),125asvip(3),|328tuvgw(3),189fqrsd(3),125asvip(3),|328tuvgw(3),189fqrsd(3),125asvip(3),;22123.5,23848.9,22906.9,21181.4,0,0,0,0,1691.17494395151
328tuvgw(3),189fqrsd(3),125asvip(3),|328tuvgw(3),189fqrsd(3),125asvip(3),|328tuvgw(3),189fqrsd(3),125asvip(3),|328tuvgw(3),189fqrsd(3),125asvip(3),;22123.5,23848.9,22906.9,21181.4,0,0,0,0,1696.17494395151
328tuvgw(3),189fqrsd(3),125asvip(3),|328tuvgw(3),189fqrsd(3),125asvip(3),|328tuvgw(3),189fqrsd(3),125asvip(3),|328tuvgw(3),189fqrsd(3),125asvip(3),;22123.5,23848.9,22906.9,21181.4,0,0,0,0,1701.17494395151
328tuvgw(3),189fqrsd(3),125asvip(3),|328tuvgw(3),189fqrsd(3),125asvip(3),|328tuvgw(3),189fqrsd(3),125asvip(3),|328tuvgw(3),189fqrsd(3),125asvip(3),;22123.5,23848.9,22906.9,21181.4,0,0,0,0,1706.17494395151
328tuvgw(3),189fqrsd(3),125asvip(3),|328tuvgw(3),189fqrsd(3),125asvip(3),|328tuvgw(3),189fqrsd(3),125asvip(3),|328tuvgw(3),189fqrsd(3),125asvip(3),;22123.5,23848.9,22906.9,21181.4,0,0,0,0,1711.17494395151
328tuvgw(3),189fqrsd(3),125asvip(3),|328tuvgw(3),189fqrsd(3),125asvip(3),|328tuvgw(3),189fqrsd(3),125asvip(3),|328tuvgw(3),189fqrsd(3),125asvip(3),;22123.5,23848.9,22906.9,21181.4,0,0,0,0,1716.17494395151
189fqrsd(3),125asvip(3),|189fqrsd(3),125asvip(3),|189fqrsd(3),125asvip(3),|189fqrsd(3),125asvip(3),;24734.7,25589.7,24647.7,23792.6,0,0,0,0,1721.17494395151
189fqrsd(3),125asvip(3),|189fqrsd(3),125asvip(3),|189fqrsd(3),125asvip(3),|189fqrsd(3),125asvip(3),;24734.7,25589.7,24647.7,23792.6,0,0,0,0,1726.17494395151
189fqrsd(3),125asvip(3),|189fqrsd(3),125asvip(3),|189fqrsd(3),125asvip(3),|189fqrsd(3),125asvip(3),;24734.7,25589.7,24647.7,23792.6,0,0,0,0,1731.17494395151
189fqrsd(3),125asvip(3),|189fqrsd(3),125asvip(3),|189fqrsd(3),125asvip(3),|189fqrsd(3),125asvip(3),;24734.7,25589.7,24647.7,23792.6,0,0,0,0,1736.17494395151
189fqrsd(3),125asvip(3),|189fqrsd(3),125asvip(3),|189fqrsd(3),125asvip(3),|189fqrsd(3),125asvip(3),;24734.7,25589.7,24647.7,23792.6,0,0,0,0,1741.17494395151
189fqrsd(3),125asvip(3),|189fqrsd(3),125asvip(3),|189fqrsd(3),125asvip(3),|189fqrsd(3),125asvip(3),;24734.7,25589.7,24647.7,23792.6,0,0,0,0,1746.17494395151
189fqrsd(3),125asvip(3),|189fqrsd(3),125asvip(3),|189fqrsd(3),125asvip(3),|189fqrsd(3),125asvip(3),;24734.7,25589.7,24647.7,23792.6,0,0,0,0,1751.17494395151
189fqrsd(3),125asvip(3),|189fqrsd(3),125asvip(3),|189fqrsd(3),125asvip(3),|189fqrsd(3),125asvip(3),;24734.7,25589.7,24647.7,23792.6,0,0,0,0,1756.17494395151
189fqrsd(3),125asvip(3),|189fqrsd(3),125asvip(3),|189fqrsd(3),125asvip(3),|189fqrsd(3),125asvip(3),;24734.7,25589.7,24647.7,23792.6,0,0,0,0,1761.17494395151
189fqrsd(3),125asvip(3),|189fqrsd(3),125asvip(3),|189fqrsd(3),125asvip(3),|189fqrsd(3),125asvip(3),;24734.7,25589.7,24647.7,23792.6,0,0,0,0,1766.17494395151
189fqrsd(3),125asvip(3),|189fqrsd(3),125asvip(3),|189fqrsd(3),125asvip(3),|189fqrsd(3),125asvip(3),;24734.7,25589.7,24647.7,23792.6,0,0,0,0,1771.17494395151
189fqrsd(3),125asvip(3),|189fqrsd(3),125asvip(3),|189fqrsd(3),125asvip(3),|189fqrsd(3),125asvip(3),;24734.7,25589.7,24647.7,23792.6,0,0,0,0,1776.17494395151
189fqrsd(3),125asvip(3),|189fqrsd(3),125asvip(3),|189fqrsd(3),125asvip(3),|189fqrsd(3),125asvip(3),;24734.7,25589.7,24647.7,23792.6,0,0,0,0,1781.17494395151
189fqrsd(3),125asvip(3),|189fqrsd(3),125asvip(3),|189fqrsd(3),125asvip(3),|189fqrsd(3),125asvip(3),;24734.7,25589.7,24647.7,23792.6,0,0,0,0,1786.17494395151
189fqrsd(3),125asvip(3),|189fqrsd(3),125asvip(3),|189fqrsd(3),125asvip(3),|189fqrsd(3),125asvip(3),;24734.7,25589.7,24647.7,23792.6,0,0,0,0,1791.17494395151
189fqrsd(3),125asvip(3),|189fqrsd(3),125asvip(3),|189fqrsd(3),125asvip(3),|189fqrsd(3),125asvip(3),;24734.7,25589.7,24647.7,23792.6,0,0,0,0,1796.17494395151
189fqrsd(3),125asvip(3),|189fqrsd(3),125asvip(3),|189fqrsd(3),125asvip(3),|189fqrsd(3),125asvip(3),;24734.7,25589.7,24647.7,23792.6,0,0,0,0,1801.17494395151
189fqrsd(3),125asvip(3),|189fqrsd(3),125asvip(3),|189fqrsd(3),125asvip(3),|189fqrsd(3),125asvip(3),;24734.7,25589.7,24647.7,23792.6,0,0,0,0,1806.17494395151
189fqrsd(3),125asvip(3),|189fqrsd(3),125asvip(3),|189fqrsd(3),125asvip(3),|189fqrsd(3),125asvip(3),;24734.7,25589.7,24647.7,23792.6,0,0,0,0,1811.17494395151
189fqrsd(3),125asvip(3),|189fqrsd(3),125asvip(3),|189fqrsd(3),125asvip(3),|189fqrsd(3),125asvip(3),;24734.7,25589.7,24647.7,23792.6,0,0,0,0,1816.17494395151
189fqrsd(3),125asvip(3),|189fqrsd(3),125asvip(3),|189fqrsd(3),125asvip(3),|189fqrsd(3),125asvip(3),;24734.7,25589.7,24647.7,23792.6,0,0,0,0,1821.17494395151
189fqrsd(3),125asvip(3),|189fqrsd(3),125asvip(3),|189fqrsd(3),125asvip(3),|189fqrsd(3),125asvip(3),;24734.7,25589.7,24647.7,23792.6,0,0,0,0,1826.17494395151
189fqrsd(3),125asvip(3),|189fqrsd(3),125asvip(3),|189fqrsd(3),125asvip(3),|189fqrsd(3),125asvip(3),;24734.7,25589.7,24647.7,23792.6,0,0,0,0,1831.17494395151
189fqrsd(3),125asvip(3),|189fqrsd(3),125asvip(3),|189fqrsd(3),125asvip(3),|189fqrsd(3),125asvip(3),;24734.7,25589.7,24647.7,23792.6,0,0,0,0,1836.17494395151
189fqrsd(3),125asvip(3),|189fqrsd(3),125asvip(3),|189fqrsd(3),125asvip(3),|189fqrsd(3),125asvip(3),;24734.7,25589.7,24647.7,23792.6,0,0,0,0,1841.17494395151
189fqrsd(3),125asvip(3),|189fqrsd(3),125asvip(3),|189fqrsd(3),125asvip(3),|189fqrsd(3),125asvip(3),;24734.7,25589.7,24647.7,23792.6,0,0,0,0,1846.17494395151
189fqrsd(3),125asvip(3),|189fqrsd(3),125asvip(3),|189fqrsd(3),125asvip(3),|189fqrsd(3),125asvip(3),;24734.7,25589.7,24647.7,23792.6,0,0,0,0,1851.17494395151
189fqrsd(3),125asvip(3),|189fqrsd(3),125asvip(3),|189fqrsd(3),125asvip(3),|189fqrsd(3),125asvip(3),;24734.7,25589.7,24647.7,23792.6,0,0,0,0,1856.17494395151
189fqrsd(3),125asvip(3),|189fqrsd(3),125asvip(3),|189fqrsd(3),125asvip(3),|189fqrsd(3),125asvip(3),;24734.7,25589.7,24647.7,23792.6,0,0,0,0,1861.17494395151
189fqrsd(3),125asvip(3),|189fqrsd(3),125asvip(3),|189fqrsd(3),125asvip(3),|189fqrsd(3),125asvip(3),;24734.7,25589.7,24647.7,23792.6,0,0,0,0,1866.17494395151
189fqrsd(3),125asvip(3),|189fqrsd(3),125asvip(3),|189fqrsd(3),125asvip(3),|189fqrsd(3),125asvip(3),;24734.7,25589.7,24647.7,23792.6,0,0,0,0,1871.17494395151
189fqrsd(3),125asvip(3),|189fqrsd(3),125asvip(3),|189fqrsd(3),125asvip(3),|189fqrsd(3),125asvip(3),;24734.7,25589.7,24647.7,23792.6,0,0,0,0,1876.17494395151
189fqrsd(3),125asvip(3),|189fqrsd(3),125asvip(3),|189fqrsd(3),125asvip(3),|189fqrsd(3),125asvip(3),;24734.7,25589.7,24647.7,23792.6,0,0,0,0,1881.17494395151
189fqrsd(3),125asvip(3),|189fqrsd(3),125asvip(3),|189fqrsd(3),125asvip(3),|189fqrsd(3),125asvip(3),;24734.7,25589.7,24647.7,23792.6,0,0,0,0,1886.17494395151
189fqrsd(3),125asvip(3),|189fqrsd(3),125asvip(3),|189fqrsd(3),125asvip(3),|189fqrsd(3),125asvip(3),;24734.7,25589.7,24647.7,23792.6,0,0,0,0,1891.17494395151
189fqrsd(3),125asvip(3),|189fqrsd(3),125asvip(3),|189fqrsd(3),125asvip(3),|189fqrsd(3),125asvip(3),;24734.7,25589.7,24647.7,23792.6,0,0,0,0,1896.17494395151
189fqrsd(3),125asvip(3),|189fqrsd(3),125asvip(3),|189fqrsd(3),125asvip(3),|189fqrsd(3),125asvip(3),;24734.7,25589.7,24647.7,23792.6,0,0,0,0,1901.17494395151
189fqrsd(3),125asvip(3),|189fqrsd(3),125asvip(3),|189fqrsd(3),125asvip(3),|189fqrsd(3),125asvip(3),;24734.7,25589.7,24647.7,23792.6,0,0,0,0,1906.17494395151
189fqrsd(3),125asvip(3),|189fqrsd(3),125asvip(3),|189fqrsd(3),125asvip(3),|189fqrsd(3),125asvip(3),;24734.7,25589.7,24647.7,23792.6,0,0,0,0,1911.17494395151
189fqrsd(3),125asvip(3),|189fqrsd(3),125asvip(3),|189fqrsd(3),125asvip(3),|189fqrsd(3),125asvip(3),;24734.7,25589.7,24647.7,23792.6,0,0,0,0,1916.17494395151
189fqrsd(3),125asvip(3),|189fqrsd(3),125asvip(3),|189fqrsd(3),125asvip(3),|189fqrsd(3),125asvip(3),;24734.7,25589.7,24647.7,23792.6,0,0,0,0,1921.17494395151
125asvip(3),|125asvip(3),|125asvip(3),|125asvip(3),;26618.9,27473.9,27473.9,26618.8,0,0,0,0,1926.17494395151
125asvip(3),|125asvip(3),|125asvip(3),|125asvip(3),;26618.9,27473.9,27473.9,26618.8,0,0,0,0,1931.17494395151
125asvip(3),|125asvip(3),|125asvip(3),|125asvip(3),;26618.9,27473.9,27473.9,26618.8,0,0,0,0,1936.17494395151
125asvip(3),|125asvip(3),|125asvip(3),|125asvip(3),;26618.9,27473.9,27473.9,26618.8,0,0,0,0,1941.17494395151
125asvip(3),|125asvip(3),|125asvip(3),|125asvip(3),;26618.9,27473.9,27473.9,26618.8,0,0,0,0,1946.17494395151
125asvip(3),|125asvip(3),|125asvip(3),|125asvip(3),;26618.9,27473.9,27473.9,26618.8,0,0,0,0,1951.17494395151
125asvip(3),|125asvip(3),|125asvip(3),|125asvip(3),;26618.9,27473.9,27473.9,26618.8,0,0,0,0,1956.17494395151
125asvip(3),|125asvip(3),|125asvip(3),|125asvip(3),;26618.9,27473.9,27473.9,26618.8,0,0,0,0,1961.17494395151
125asvip(3),|125asvip(3),|125asvip(3),|125asvip(3),;26618.9,27473.9,27473.9,26618.8,0,0,0,0,1966.17494395151
125asvip(3),|125asvip(3),|125asvip(3),|125asvip(3),;26618.9,27473.9,27473.9,26618.8,0,0,0,0,1971.17494395151
125asvip(3),|125asvip(3),|125asvip(3),|125asvip(3),;26618.9,27473.9,27473.9,26618.8,0,0,0,0,1976.17494395151
125asvip(3),|125asvip(3),|125asvip(3),|125asvip(3),;26618.9,27473.9,27473.9,26618.8,0,0,0,0,1981.17494395151
125asvip(3),|125asvip(3),|125asvip(3),|125asvip(3),;26618.9,27473.9,27473.9,26618.8,0,0,0,0,1986.17494395151
125asvip(3),|125asvip(3),|125asvip(3),|125asvip(3),;26618.9,27473.9,27473.9,26618.8,0,0,0,0,1991.17494395151
125asvip(3),|125asvip(3),|125asvip(3),|125asvip(3),;26618.9,27473.9,27473.9,26618.8,0,0,0,0,1996.17494395151
