|||;30003,30003,30003,30003,0,0,0,0,1.122487966027
|||;30003,30003,30003,30003,0,0,0,0,6.122487966027
|||;30003,30003,30003,30003,0,0,0,0,11.122487966027
|||;30003,30003,30003,30003,0,0,0,0,16.122487966027
|||;30003,30003,30003,30003,0,0,0,0,21.122487966027
|||;30003,30003,30003,30003,0,0,0,0,26.122487966027
|||;30003,30003,30003,30003,0,0,0,0,31.122487966027
|||;30003,30003,30003,30003,0,0,0,0,36.122487966027
|||;30003,30003,30003,30003,0,0,0,0,41.122487966027
|||;30003,30003,30003,30003,0,0,0,0,46.122487966027
|||;30003,30003,30003,30003,0,0,0,0,51.122487966027
|||;30003,30003,30003,30003,0,0,0,0,56.122487966027
|||;30003,30003,30003,30003,0,0,0,0,61.122487966027
|||;30003,30003,30003,30003,0,0,0,0,66.122487966027
|||;30003,30003,30003,30003,0,0,0,0,71.122487966027
|||;30003,30003,30003,30003,0,0,0,0,76.122487966027
|||;30003,30003,30003,30003,0,0,0,0,81.122487966027
|||;30003,30003,30003,30003,0,0,0,0,86.122487966027
|||;30003,30003,30003,30003,0,0,0,0,91.122487966027
|||;30003,30003,30003,30003,0,0,0,0,96.122487966027
|||;30003,30003,30003,30003,0,0,0,0,101.122487966027
|||;30003,30003,30003,30003,0,0,0,0,106.122487966027
|||;30003,30003,30003,30003,0,0,0,0,111.122487966027
|||;30003,30003,30003,30003,0,0,0,0,116.122487966027
|||;30003,30003,30003,30003,0,0,0,0,121.122487966027
|||;30003,30003,30003,30003,0,0,0,0,126.122487966027
|||;30003,30003,30003,30003,0,0,0,0,131.122487966027
|||;30003,30003,30003,30003,0,0,0,0,136.122487966027
|||;30003,30003,30003,30003,0,0,0,0,141.122487966027
|||;30003,30003,30003,30003,0,0,0,0,146.122487966027
647ydgam(2),|647ydgam(2),|647ydgam(2),|647ydgam(2),;27868,28579.6,28579.6,27868,8.189788500517,4.103914600973,4.103914600973,8.189788500517,151.122487966027
647ydgam(2),|647ydgam(3),|647ydgam(3),|647ydgam(2),;27868,28579.6,28579.6,27868,3.189788500517,0,0,3.189788500517,156.122487966027
647ydgam(3),|647ydgam(3),|647ydgam(3),|647ydgam(3),;27868,28579.6,28579.6,27868,0,0,0,0,161.122487966027
647ydgam(3),287jnvkr(2),|647ydgam(3),|647ydgam(3),|647ydgam(3),;27350.9,28579.6,28579.6,27868,2.830522265162,0,0,0,166.122487966027
647ydgam(3),412elamr(2),|647ydgam(3),412elamr(2),|647ydgam(3),412elamr(2),|647ydgam(3),412elamr(2),;25779,27883.3,26490.6,25779,14.126521271607,3.380309232198,11.194355040418,11.194355040418,171.122487966027
647ydgam(3),412elamr(2),|647ydgam(3),|647ydgam(3),412elamr(2),|647ydgam(3),412elamr(2),;25779,28579.6,26490.6,25779,9.126521271607,0,6.194355040418,6.194355040418,176.122487966027
647ydgam(3),412elamr(2),|647ydgam(3),|647ydgam(3),412elamr(2),|647ydgam(3),412elamr(2),;25779,28579.6,26490.6,25779,4.126521271607,0,1.194355040418,1.194355040418,181.122487966027
647ydgam(3),|647ydgam(3),|647ydgam(3),|647ydgam(3),;27868,28579.6,28579.6,27868,0,0,0,0,186.122487966027
647ydgam(3),|647ydgam(3),|647ydgam(3),|647ydgam(3),;27868,28579.6,28579.6,27868,0,0,0,0,191.122487966027
647ydgam(3),|647ydgam(3),|647ydgam(3),|647ydgam(3),;27868,28579.6,28579.6,27868,0,0,0,0,196.122487966027
647ydgam(3),|647ydgam(3),|647ydgam(3),|647ydgam(3),;27868,28579.6,28579.6,27868,0,0,0,0,201.122487966027
647ydgam(3),|647ydgam(3),|647ydgam(3),|647ydgam(3),;27868,28579.6,28579.6,27868,0,0,0,0,206.122487966027
647ydgam(3),|647ydgam(3),|647ydgam(3),|647ydgam(3),;27868,28579.6,28579.6,27868,0,0,0,0,211.122487966027
647ydgam(3),|647ydgam(3),|647ydgam(3),|647ydgam(3),;27868,28579.6,28579.6,27868,0,0,0,0,216.122487966027
647ydgam(3),|647ydgam(3),|647ydgam(3),|647ydgam(3),;27868,28579.6,28579.6,27868,0,0,0,0,221.122487966027
647ydgam(3),|647ydgam(3),|647ydgam(3),|647ydgam(3),;27868,28579.6,28579.6,27868,0,0,0,0,226.122487966027
647ydgam(3),|647ydgam(3),|647ydgam(3),|647ydgam(3),;27868,28579.6,28579.6,27868,0,0,0,0,231.122487966027
647ydgam(3),|647ydgam(3),|647ydgam(3),|647ydgam(3),;27868,28579.6,28579.6,27868,0,0,0,0,236.122487966027
647ydgam(3),|647ydgam(3),|647ydgam(3),|647ydgam(3),;27868,28579.6,28579.6,27868,0,0,0,0,241.122487966027
647ydgam(3),|647ydgam(3),|647ydgam(3),|647ydgam(3),;27868,28579.6,28579.6,27868,0,0,0,0,246.122487966027
647ydgam(3),|647ydgam(3),|647ydgam(3),|647ydgam(3),;27868,28579.6,28579.6,27868,0,0,0,0,251.122487966027
647ydgam(3),|647ydgam(3),|647ydgam(3),|647ydgam(3),;27868,28579.6,28579.6,27868,0,0,0,0,256.122487966027
647ydgam(3),|647ydgam(3),|647ydgam(3),|647ydgam(3),;27868,28579.6,28579.6,27868,0,0,0,0,261.122487966027
647ydgam(3),|647ydgam(3),|647ydgam(3),|647ydgam(3),;27868,28579.6,28579.6,27868,0,0,0,0,266.122487966027
647ydgam(3),|647ydgam(3),|647ydgam(3),|647ydgam(3),;27868,28579.6,28579.6,27868,0,0,0,0,271.122487966027
647ydgam(3),|647ydgam(3),|647ydgam(3),|647ydgam(3),;27868,28579.6,28579.6,27868,0,0,0,0,276.122487966027
647ydgam(3),|647ydgam(3),|647ydgam(3),|647ydgam(3),;27868,28579.6,28579.6,27868,0,0,0,0,281.122487966027
647ydgam(3),|647ydgam(3),|647ydgam(3),|647ydgam(3),;27868,28579.6,28579.6,27868,0,0,0,0,286.122487966027
647ydgam(3),|647ydgam(3),|647ydgam(3),|647ydgam(3),;27868,28579.6,28579.6,27868,0,0,0,0,291.122487966027
647ydgam(3),|647ydgam(3),|647ydgam(3),|647ydgam(3),;27868,28579.6,28579.6,27868,0,0,0,0,296.122487966027
|||;30003,30003,30003,30003,0,0,0,0,301.122487966027
|||;30003,30003,30003,30003,0,0,0,0,306.122487966027
|||;30003,30003,30003,30003,0,0,0,0,311.122487966027
|||;30003,30003,30003,30003,0,0,0,0,316.122487966027
|||;30003,30003,30003,30003,0,0,0,0,321.122487966027
|||;30003,30003,30003,30003,0,0,0,0,326.122487966027
|||;30003,30003,30003,30003,0,0,0,0,331.122487966027
|||;30003,30003,30003,30003,0,0,0,0,336.122487966027
|||;30003,30003,30003,30003,0,0,0,0,341.122487966027
|||;30003,30003,30003,30003,0,0,0,0,346.122487966027
|||;30003,30003,30003,30003,0,0,0,0,351.122487966027
|||;30003,30003,30003,30003,0,0,0,0,356.122487966027
|||;30003,30003,30003,30003,0,0,0,0,361.122487966027
|||;30003,30003,30003,30003,0,0,0,0,366.122487966027
|||;30003,30003,30003,30003,0,0,0,0,371.122487966027
|||;30003,30003,30003,30003,0,0,0,0,376.122487966027
|||;30003,30003,30003,30003,0,0,0,0,381.122487966027
|||;30003,30003,30003,30003,0,0,0,0,386.122487966027
|||;30003,30003,30003,30003,0,0,0,0,391.122487966027
|||;30003,30003,30003,30003,0,0,0,0,396.122487966027
|||;30003,30003,30003,30003,0,0,0,0,401.122487966027
|||;30003,30003,30003,30003,0,0,0,0,406.122487966027
647hgxjv(2),|647hgxjv(2),|647hgxjv(2),|647hgxjv(2),;29173.6,28344.1,29173.6,28344.1,1.412520028495,6.066473781919,1.412520028495,6.066473781919,411.122487966027
|647hgxjv(2),||647hgxjv(2),;30003,28344.1,30003,28344.1,0,1.066473781919,0,1.066473781919,416.122487966027
|||;30003,30003,30003,30003,0,0,0,0,421.122487966027
|||;30003,30003,30003,30003,0,0,0,0,426.122487966027
|||;30003,30003,30003,30003,0,0,0,0,431.122487966027
|||;30003,30003,30003,30003,0,0,0,0,436.122487966027
|||;30003,30003,30003,30003,0,0,0,0,441.122487966027
|||;30003,30003,30003,30003,0,0,0,0,446.122487966027
|||;30003,30003,30003,30003,0,0,0,0,451.122487966027
|||;30003,30003,30003,30003,0,0,0,0,456.122487966027
|||;30003,30003,30003,30003,0,0,0,0,461.122487966027
|||;30003,30003,30003,30003,0,0,0,0,466.122487966027
|||;30003,30003,30003,30003,0,0,0,0,471.122487966027
|||;30003,30003,30003,30003,0,0,0,0,476.122487966027
|||;30003,30003,30003,30003,0,0,0,0,481.122487966027
|||;30003,30003,30003,30003,0,0,0,0,486.122487966027
|||;30003,30003,30003,30003,0,0,0,0,491.122487966027
|||;30003,30003,30003,30003,0,0,0,0,496.122487966027
|||;30003,30003,30003,30003,0,0,0,0,501.122487966027
|||;30003,30003,30003,30003,0,0,0,0,506.122487966027
|||;30003,30003,30003,30003,0,0,0,0,511.122487966027
|||;30003,30003,30003,30003,0,0,0,0,516.122487966027
|||;30003,30003,30003,30003,0,0,0,0,521.122487966027
|||;30003,30003,30003,30003,0,0,0,0,526.122487966027
|||;30003,30003,30003,30003,0,0,0,0,531.122487966027
|||;30003,30003,30003,30003,0,0,0,0,536.122487966027
|||;30003,30003,30003,30003,0,0,0,0,541.122487966027
|||;30003,30003,30003,30003,0,0,0,0,546.122487966027
|||;30003,30003,30003,30003,0,0,0,0,551.122487966027
|||;30003,30003,30003,30003,0,0,0,0,556.122487966027
|||;30003,30003,30003,30003,0,0,0,0,561.122487966027
|||;30003,30003,30003,30003,0,0,0,0,566.122487966027
|||;30003,30003,30003,30003,0,0,0,0,571.122487966027
|||;30003,30003,30003,30003,0,0,0,0,576.122487966027
|||;30003,30003,30003,30003,0,0,0,0,581.122487966027
|||;30003,30003,30003,30003,0,0,0,0,586.122487966027
|||;30003,30003,30003,30003,0,0,0,0,591.122487966027
|||;30003,30003,30003,30003,0,0,0,0,596.122487966027
84tnluy(0),|84tnluy(0),|84tnluy(0),|84tnluy(0),;28344.1,27514.7,29173.6,27514.7,12.08389347531,16.737847228734,7.429939721885,16.737847228734,601.122487966027
84tnluy(2),126viwug(0),|84tnluy(2),126viwug(0),|84tnluy(2),126viwug(0),|84tnluy(2),126viwug(0),;25686.8,25743.2,27402,24857.4,27.80780259228,27.491793386801,18.183885879952,32.461756345705,606.122487966027
84tnluy(2),126viwug(1),|84tnluy(2),126viwug(1),|126viwug(2),|84tnluy(2),126viwug(1),;25686.8,25743.2,28231.4,24857.4,22.80780259228,22.491793386801,13.183885879952,27.461756345705,611.122487966027
126viwug(2),|84tnluy(2),126viwug(1),|126viwug(2),|84tnluy(2),126viwug(1),;27345.7,25743.2,28231.4,24857.4,17.80780259228,17.491793386801,8.183885879952,22.461756345705,616.122487966027
126viwug(2),|126viwug(2),||126viwug(2),;27345.7,28231.5,30002.9,27345.7,12.80780259228,12.491793386801,3.183885879952,17.461756345705,621.122487966027
126viwug(2),|126viwug(2),||126viwug(2),;27345.7,28231.5,30002.9,27345.7,7.80780259228,7.491793386801,0,12.461756345705,626.122487966027
|||126viwug(2),;30003,30003,30002.9,27345.7,2.80780259228,2.491793386801,0,7.461756345705,631.122487966027
|||;30003,30003,30002.9,30003,0,0,0,2.461756345705,636.122487966027
|||;30003,30003,30002.9,30003,0,0,0,0,641.122487966027
|||;30003,30003,30002.9,30003,0,0,0,0,646.122487966027
|||;30003,30003,30002.9,30003,0,0,0,0,651.122487966027
|||;30003,30003,30002.9,30003,0,0,0,0,656.122487966027
70tjqgs(2),|70tjqgs(2),|70tjqgs(2),|70tjqgs(2),;27806.5,27806.5,27806.4,29270.8,9.009236924467,9.009236924467,9.009236924467,0.602330915335,661.122487966027
70tjqgs(2),|70tjqgs(2),|70tjqgs(2),|;27806.5,27806.5,27806.4,30003,4.009236924467,4.009236924467,4.009236924467,0,666.122487966027
|||;30003,30003,30002.9,30003,0,0,0,0,671.122487966027
|978qcwzb(2),|978qcwzb(2),|978qcwzb(2),;30003,29270.8,29270.7,29270.8,0,4.178708368704,4.178708368704,4.178708368704,676.122487966027
|||;30003,30003,30002.9,30003,0,0,0,0,681.122487966027
|||;30003,30003,30002.9,30003,0,0,0,0,686.122487966027
|||;30003,30003,30002.9,30003,0,0,0,0,691.122487966027
|||;30003,30003,30002.9,30003,0,0,0,0,696.122487966027
|||;30003,30003,30002.9,30003,0,0,0,0,701.122487966027
|||;30003,30003,30002.9,30003,0,0,0,0,706.122487966027
|||;30003,30003,30002.9,30003,0,0,0,0,711.122487966027
|||;30003,30003,30002.9,30003,0,0,0,0,716.122487966027
|||;30003,30003,30002.9,30003,0,0,0,0,721.122487966027
|||;30003,30003,30002.9,30003,0,0,0,0,726.122487966027
|||;30003,30003,30002.9,30003,0,0,0,0,731.122487966027
|||;30003,30003,30002.9,30003,0,0,0,0,736.122487966027
|||;30003,30003,30002.9,30003,0,0,0,0,741.122487966027
|||;30003,30003,30002.9,30003,0,0,0,0,746.122487966027
|||;30003,30003,30002.9,30003,0,0,0,0,751.122487966027
|||;30003,30003,30002.9,30003,0,0,0,0,756.122487966027
|||;30003,30003,30002.9,30003,0,0,0,0,761.122487966027
|||;30003,30003,30002.9,30003,0,0,0,0,766.122487966027
|||;30003,30003,30002.9,30003,0,0,0,0,771.122487966027
|||;30003,30003,30002.9,30003,0,0,0,0,776.122487966027
|||;30003,30003,30002.9,30003,0,0,0,0,781.122487966027
717xutcq(2),|717xutcq(2),|717xutcq(2),|717xutcq(2),;27647.8,28825.4,28825.3,28825.4,9.864226296551,3.256761091072,3.256761091072,3.256761091072,786.122487966027
717xutcq(2),23uqwis(1),|23uqwis(2),|23uqwis(2),|23uqwis(2),;25968.4,28323.6,28323.5,26644.3,19.131481134033,12.524015928554,12.524015928554,21.946835873759,791.122487966027
717xutcq(3),23uqwis(1),|23uqwis(2),|23uqwis(2),|23uqwis(2),;25968.4,28323.6,28323.5,26644.3,14.131481134033,7.524015928554,7.524015928554,16.946835873759,796.122487966027
717xutcq(3),23uqwis(2),|||23uqwis(2),;25968.4,30003,30002.9,26644.3,9.131481134033,2.524015928554,2.524015928554,11.946835873759,801.122487966027
717xutcq(3),23uqwis(2),|||23uqwis(2),;25968.4,30003,30002.9,26644.3,4.131481134033,0,0,6.946835873759,806.122487966027
717xutcq(3),|||;27647.8,30003,30002.9,30003,0,0,0,1.946835873759,811.122487966027
717xutcq(3),|||;27647.8,30003,30002.9,30003,0,0,0,0,816.122487966027
717xutcq(3),|246idpef(0),|246idpef(0),|;27647.8,29009.7,21063.4,30003,0,6.991203168501,53.646562584026,0,821.122487966027
717xutcq(3),|246idpef(2),|246idpef(2),|;27647.8,29009.7,21063.4,30003,0,1.991203168501,48.646562584026,0,826.122487966027
717xutcq(3),|246idpef(3),|246idpef(2),|;27647.8,29009.7,21063.4,30003,0,0,43.646562584026,0,831.122487966027
717xutcq(3),|246idpef(3),|246idpef(2),|;27647.8,29009.7,21063.4,30003,0,0,38.646562584026,0,836.122487966027
717xutcq(3),|246idpef(3),|246idpef(2),|;27647.8,29009.7,21063.4,30003,0,0,33.646562584026,0,841.122487966027
717xutcq(3),|246idpef(3),|246idpef(2),|;27647.8,29009.7,21063.4,30003,0,0,28.646562584026,0,846.122487966027
717xutcq(3),|246idpef(3),|246idpef(2),|;27647.8,29009.7,21063.4,30003,0,0,23.646562584026,0,851.122487966027
717xutcq(3),|246idpef(3),|246idpef(2),|;27647.8,29009.7,21063.4,30003,0,0,18.646562584026,0,856.122487966027
717xutcq(3),|246idpef(3),|246idpef(2),|;27647.8,29009.7,21063.4,30003,0,0,13.646562584026,0,861.122487966027
717xutcq(3),|246idpef(3),|246idpef(2),|;27647.8,29009.7,21063.4,30003,0,0,8.646562584026,0,866.122487966027
717xutcq(3),|246idpef(3),|246idpef(2),|;27647.8,29009.7,21063.4,30003,0,0,3.646562584026,0,871.122487966027
717xutcq(3),|246idpef(3),|246idpef(3),|;27647.8,29009.7,21063.4,30003,0,0,0,0,876.122487966027
||246idpef(3),|;30003,30003,21063.4,30003,0,0,0,0,881.122487966027
||246idpef(3),|;30003,30003,21063.4,30003,0,0,0,0,886.122487966027
||246idpef(3),|;30003,30003,21063.4,30003,0,0,0,0,891.122487966027
||246idpef(3),|;30003,30003,21063.4,30003,0,0,0,0,896.122487966027
||246idpef(3),|;30003,30003,21063.4,30003,0,0,0,0,901.122487966027
||246idpef(3),|;30003,30003,21063.4,30003,0,0,0,0,906.122487966027
||246idpef(3),|;30003,30003,21063.4,30003,0,0,0,0,911.122487966027
||246idpef(3),|;30003,30003,21063.4,30003,0,0,0,0,916.122487966027
||246idpef(3),|;30003,30003,21063.4,30003,0,0,0,0,921.122487966027
||246idpef(3),|;30003,30003,21063.4,30003,0,0,0,0,926.122487966027
||246idpef(3),|;30003,30003,21063.4,30003,0,0,0,0,931.122487966027
||246idpef(3),|;30003,30003,21063.4,30003,0,0,0,0,936.122487966027
||246idpef(3),|;30003,30003,21063.4,30003,0,0,0,0,941.122487966027
||246idpef(3),|;30003,30003,21063.4,30003,0,0,0,0,946.122487966027
||246idpef(3),|;30003,30003,21063.4,30003,0,0,0,0,951.122487966027
||246idpef(3),|;30003,30003,21063.4,30003,0,0,0,0,956.122487966027
||246idpef(3),|;30003,30003,21063.4,30003,0,0,0,0,961.122487966027
||246idpef(3),|;30003,30003,21063.4,30003,0,0,0,0,966.122487966027
||246idpef(3),|;30003,30003,21063.4,30003,0,0,0,0,971.122487966027
||246idpef(3),|;30003,30003,21063.4,30003,0,0,0,0,976.122487966027
||246idpef(3),|;30003,30003,21063.4,30003,0,0,0,0,981.122487966027
||246idpef(3),|;30003,30003,21063.4,30003,0,0,0,0,986.122487966027
||246idpef(3),|;30003,30003,21063.4,30003,0,0,0,0,991.122487966027
||246idpef(3),|;30003,30003,21063.4,30003,0,0,0,0,996.122487966027
||246idpef(3),|;30003,30003,21063.4,30003,0,0,0,0,1001.122487966027
||246idpef(3),|;30003,30003,21063.4,30003,0,0,0,0,1006.122487966027
||246idpef(3),|;30003,30003,21063.4,30003,0,0,0,0,1011.122487966027
||246idpef(3),|;30003,30003,21063.4,30003,0,0,0,0,1016.122487966027
||246idpef(3),|;30003,30003,21063.4,30003,0,0,0,0,1021.122487966027
||246idpef(3),|;30003,30003,21063.4,30003,0,0,0,0,1026.122487966027
||246idpef(3),|;30003,30003,21063.4,30003,0,0,0,0,1031.122487966027
||246idpef(3),|;30003,30003,21063.4,30003,0,0,0,0,1036.122487966027
||246idpef(3),|;30003,30003,21063.4,30003,0,0,0,0,1041.122487966027
||246idpef(3),|;30003,30003,21063.4,30003,0,0,0,0,1046.122487966027
||246idpef(3),|;30003,30003,21063.4,30003,0,0,0,0,1051.122487966027
||246idpef(3),|;30003,30003,21063.4,30003,0,0,0,0,1056.122487966027
||246idpef(3),|;30003,30003,21063.4,30003,0,0,0,0,1061.122487966027
||246idpef(3),|;30003,30003,21063.4,30003,0,0,0,0,1066.122487966027
||246idpef(3),|;30003,30003,21063.4,30003,0,0,0,0,1071.122487966027
||246idpef(3),|;30003,30003,21063.4,30003,0,0,0,0,1076.122487966027
||246idpef(3),|;30003,30003,21063.4,30003,0,0,0,0,1081.122487966027
||246idpef(3),|;30003,30003,21063.4,30003,0,0,0,0,1086.122487966027
||246idpef(3),|;30003,30003,21063.4,30003,0,0,0,0,1091.122487966027
||246idpef(3),|;30003,30003,21063.4,30003,0,0,0,0,1096.122487966027
||246idpef(3),|;30003,30003,21063.4,30003,0,0,0,0,1101.122487966027
||246idpef(3),|;30003,30003,21063.4,30003,0,0,0,0,1106.122487966027
||246idpef(3),|;30003,30003,21063.4,30003,0,0,0,0,1111.122487966027
||246idpef(3),|;30003,30003,21063.4,30003,0,0,0,0,1116.122487966027
||246idpef(3),|;30003,30003,21063.4,30003,0,0,0,0,1121.122487966027
||246idpef(3),|;30003,30003,21063.4,30003,0,0,0,0,1126.122487966027
||246idpef(3),|;30003,30003,21063.4,30003,0,0,0,0,1131.122487966027
||246idpef(3),|;30003,30003,21063.4,30003,0,0,0,0,1136.122487966027
||246idpef(3),|;30003,30003,21063.4,30003,0,0,0,0,1141.122487966027
||246idpef(3),|;30003,30003,21063.4,30003,0,0,0,0,1146.122487966027
||246idpef(3),|;30003,30003,21063.4,30003,0,0,0,0,1151.122487966027
||246idpef(3),|;30003,30003,21063.4,30003,0,0,0,0,1156.122487966027
||246idpef(3),|;30003,30003,21063.4,30003,0,0,0,0,1161.122487966027
||246idpef(3),|;30003,30003,21063.4,30003,0,0,0,0,1166.122487966027
||246idpef(3),|;30003,30003,21063.4,30003,0,0,0,0,1171.122487966027
||246idpef(3),|;30003,30003,21063.4,30003,0,0,0,0,1176.122487966027
||246idpef(3),|;30003,30003,21063.4,30003,0,0,0,0,1181.122487966027
||246idpef(3),|;30003,30003,21063.4,30003,0,0,0,0,1186.122487966027
||246idpef(3),|;30003,30003,21063.4,30003,0,0,0,0,1191.122487966027
|||;30003,30003,30002.9,30003,0,0,0,0,1196.122487966027
|||;30003,30003,30002.9,30003,0,0,0,0,1201.122487966027
|||;30003,30003,30002.9,30003,0,0,0,0,1206.122487966027
|||;30003,30003,30002.9,30003,0,0,0,0,1211.122487966027
|||;30003,30003,30002.9,30003,0,0,0,0,1216.122487966027
|||;30003,30003,30002.9,30003,0,0,0,0,1221.122487966027
|||;30003,30003,30002.9,30003,0,0,0,0,1226.122487966027
|||;30003,30003,30002.9,30003,0,0,0,0,1231.122487966027
|||;30003,30003,30002.9,30003,0,0,0,0,1236.122487966027
|||;30003,30003,30002.9,30003,0,0,0,0,1241.122487966027
|||;30003,30003,30002.9,30003,0,0,0,0,1246.122487966027
|||;30003,30003,30002.9,30003,0,0,0,0,1251.122487966027
|||;30003,30003,30002.9,30003,0,0,0,0,1256.122487966027
|||;30003,30003,30002.9,30003,0,0,0,0,1261.122487966027
|||;30003,30003,30002.9,30003,0,0,0,0,1266.122487966027
|||;30003,30003,30002.9,30003,0,0,0,0,1271.122487966027
|||;30003,30003,30002.9,30003,0,0,0,0,1276.122487966027
|||;30003,30003,30002.9,30003,0,0,0,0,1281.122487966027
|||;30003,30003,30002.9,30003,0,0,0,0,1286.122487966027
|||;30003,30003,30002.9,30003,0,0,0,0,1291.122487966027
|||;30003,30003,30002.9,30003,0,0,0,0,1296.122487966027
|||;30003,30003,30002.9,30003,0,0,0,0,1301.122487966027
|||;30003,30003,30002.9,30003,0,0,0,0,1306.122487966027
|||;30003,30003,30002.9,30003,0,0,0,0,1311.122487966027
|||;30003,30003,30002.9,30003,0,0,0,0,1316.122487966027
|||;30003,30003,30002.9,30003,0,0,0,0,1321.122487966027
|||;30003,30003,30002.9,30003,0,0,0,0,1326.122487966027
|||;30003,30003,30002.9,30003,0,0,0,0,1331.122487966027
|||;30003,30003,30002.9,30003,0,0,0,0,1336.122487966027
|||;30003,30003,30002.9,30003,0,0,0,0,1341.122487966027
|||;30003,30003,30002.9,30003,0,0,0,0,1346.122487966027
|||;30003,30003,30002.9,30003,0,0,0,0,1351.122487966027
|||;30003,30003,30002.9,30003,0,0,0,0,1356.122487966027
|||;30003,30003,30002.9,30003,0,0,0,0,1361.122487966027
|||;30003,30003,30002.9,30003,0,0,0,0,1366.122487966027
|||;30003,30003,30002.9,30003,0,0,0,0,1371.122487966027
|||;30003,30003,30002.9,30003,0,0,0,0,1376.122487966027
|||;30003,30003,30002.9,30003,0,0,0,0,1381.122487966027
|||;30003,30003,30002.9,30003,0,0,0,0,1386.122487966027
|||;30003,30003,30002.9,30003,0,0,0,0,1391.122487966027
|||;30003,30003,30002.9,30003,0,0,0,0,1396.122487966027
|||;30003,30003,30002.9,30003,0,0,0,0,1401.122487966027
|||;30003,30003,30002.9,30003,0,0,0,0,1406.122487966027
|||;30003,30003,30002.9,30003,0,0,0,0,1411.122487966027
|||;30003,30003,30002.9,30003,0,0,0,0,1416.122487966027
|||;30003,30003,30002.9,30003,0,0,0,0,1421.122487966027
|||;30003,30003,30002.9,30003,0,0,0,0,1426.122487966027
|||;30003,30003,30002.9,30003,0,0,0,0,1431.122487966027
|||;30003,30003,30002.9,30003,0,0,0,0,1436.122487966027
|||;30003,30003,30002.9,30003,0,0,0,0,1441.122487966027
|||;30003,30003,30002.9,30003,0,0,0,0,1446.122487966027
|||;30003,30003,30002.9,30003,0,0,0,0,1451.122487966027
|||;30003,30003,30002.9,30003,0,0,0,0,1456.122487966027
|||;30003,30003,30002.9,30003,0,0,0,0,1461.122487966027
|||;30003,30003,30002.9,30003,0,0,0,0,1466.122487966027
|||;30003,30003,30002.9,30003,0,0,0,0,1471.122487966027
|||;30003,30003,30002.9,30003,0,0,0,0,1476.122487966027
|||;30003,30003,30002.9,30003,0,0,0,0,1481.122487966027
|||;30003,30003,30002.9,30003,0,0,0,0,1486.122487966027
|||;30003,30003,30002.9,30003,0,0,0,0,1491.122487966027
|||;30003,30003,30002.9,30003,0,0,0,0,1496.122487966027
|||;30003,30003,30002.9,30003,0,0,0,0,1501.122487966027
|||;30003,30003,30002.9,30003,0,0,0,0,1506.122487966027
|||;30003,30003,30002.9,30003,0,0,0,0,1511.122487966027
|||;30003,30003,30002.9,30003,0,0,0,0,1516.122487966027
|||;30003,30003,30002.9,30003,0,0,0,0,1521.122487966027
|||;30003,30003,30002.9,30003,0,0,0,0,1526.122487966027
|||;30003,30003,30002.9,30003,0,0,0,0,1531.122487966027
|||;30003,30003,30002.9,30003,0,0,0,0,1536.122487966027
|||;30003,30003,30002.9,30003,0,0,0,0,1541.122487966027
|||;30003,30003,30002.9,30003,0,0,0,0,1546.122487966027
|||;30003,30003,30002.9,30003,0,0,0,0,1551.122487966027
|||;30003,30003,30002.9,30003,0,0,0,0,1556.122487966027
|||;30003,30003,30002.9,30003,0,0,0,0,1561.122487966027
|||;30003,30003,30002.9,30003,0,0,0,0,1566.122487966027
|||;30003,30003,30002.9,30003,0,0,0,0,1571.122487966027
|||;30003,30003,30002.9,30003,0,0,0,0,1576.122487966027
|||;30003,30003,30002.9,30003,0,0,0,0,1581.122487966027
|||;30003,30003,30002.9,30003,0,0,0,0,1586.122487966027
|||;30003,30003,30002.9,30003,0,0,0,0,1591.122487966027
|||;30003,30003,30002.9,30003,0,0,0,0,1596.122487966027
|||;30003,30003,30002.9,30003,0,0,0,0,1601.122487966027
|||;30003,30003,30002.9,30003,0,0,0,0,1606.122487966027
|||;30003,30003,30002.9,30003,0,0,0,0,1611.122487966027
|||;30003,30003,30002.9,30003,0,0,0,0,1616.122487966027
|||;30003,30003,30002.9,30003,0,0,0,0,1621.122487966027
|||;30003,30003,30002.9,30003,0,0,0,0,1626.122487966027
|||;30003,30003,30002.9,30003,0,0,0,0,1631.122487966027
|||;30003,30003,30002.9,30003,0,0,0,0,1636.122487966027
|||;30003,30003,30002.9,30003,0,0,0,0,1641.122487966027
|||;30003,30003,30002.9,30003,0,0,0,0,1646.122487966027
|||;30003,30003,30002.9,30003,0,0,0,0,1651.122487966027
|||;30003,30003,30002.9,30003,0,0,0,0,1656.122487966027
|||;30003,30003,30002.9,30003,0,0,0,0,1661.122487966027
|||;30003,30003,30002.9,30003,0,0,0,0,1666.122487966027
|||;30003,30003,30002.9,30003,0,0,0,0,1671.122487966027
|||;30003,30003,30002.9,30003,0,0,0,0,1676.122487966027
|||;30003,30003,30002.9,30003,0,0,0,0,1681.122487966027
|||;30003,30003,30002.9,30003,0,0,0,0,1686.122487966027
|||;30003,30003,30002.9,30003,0,0,0,0,1691.122487966027
|||;30003,30003,30002.9,30003,0,0,0,0,1696.122487966027
|||;30003,30003,30002.9,30003,0,0,0,0,1701.122487966027
|||;30003,30003,30002.9,30003,0,0,0,0,1706.122487966027
|||;30003,30003,30002.9,30003,0,0,0,0,1711.122487966027
|||;30003,30003,30002.9,30003,0,0,0,0,1716.122487966027
|||;30003,30003,30002.9,30003,0,0,0,0,1721.122487966027
|||;30003,30003,30002.9,30003,0,0,0,0,1726.122487966027
|||;30003,30003,30002.9,30003,0,0,0,0,1731.122487966027
|||;30003,30003,30002.9,30003,0,0,0,0,1736.122487966027
|||;30003,30003,30002.9,30003,0,0,0,0,1741.122487966027
|||;30003,30003,30002.9,30003,0,0,0,0,1746.122487966027
|||;30003,30003,30002.9,30003,0,0,0,0,1751.122487966027
|||;30003,30003,30002.9,30003,0,0,0,0,1756.122487966027
|||;30003,30003,30002.9,30003,0,0,0,0,1761.122487966027
|||;30003,30003,30002.9,30003,0,0,0,0,1766.122487966027
|||;30003,30003,30002.9,30003,0,0,0,0,1771.122487966027
|||;30003,30003,30002.9,30003,0,0,0,0,1776.122487966027
|||;30003,30003,30002.9,30003,0,0,0,0,1781.122487966027
|||;30003,30003,30002.9,30003,0,0,0,0,1786.122487966027
|||;30003,30003,30002.9,30003,0,0,0,0,1791.122487966027
|||;30003,30003,30002.9,30003,0,0,0,0,1796.122487966027
|||;30003,30003,30002.9,30003,0,0,0,0,1801.122487966027
|||;30003,30003,30002.9,30003,0,0,0,0,1806.122487966027
|||;30003,30003,30002.9,30003,0,0,0,0,1811.122487966027
|||;30003,30003,30002.9,30003,0,0,0,0,1816.122487966027
|||;30003,30003,30002.9,30003,0,0,0,0,1821.122487966027
|||;30003,30003,30002.9,30003,0,0,0,0,1826.122487966027
|||;30003,30003,30002.9,30003,0,0,0,0,1831.122487966027
|||;30003,30003,30002.9,30003,0,0,0,0,1836.122487966027
|||;30003,30003,30002.9,30003,0,0,0,0,1841.122487966027
|||;30003,30003,30002.9,30003,0,0,0,0,1846.122487966027
|||;30003,30003,30002.9,30003,0,0,0,0,1851.122487966027
|||;30003,30003,30002.9,30003,0,0,0,0,1856.122487966027
|||;30003,30003,30002.9,30003,0,0,0,0,1861.122487966027
|||;30003,30003,30002.9,30003,0,0,0,0,1866.122487966027
|||;30003,30003,30002.9,30003,0,0,0,0,1871.122487966027
|||;30003,30003,30002.9,30003,0,0,0,0,1876.122487966027
|||;30003,30003,30002.9,30003,0,0,0,0,1881.122487966027
|||;30003,30003,30002.9,30003,0,0,0,0,1886.122487966027
|||;30003,30003,30002.9,30003,0,0,0,0,1891.122487966027
|||;30003,30003,30002.9,30003,0,0,0,0,1896.122487966027
|||;30003,30003,30002.9,30003,0,0,0,0,1901.122487966027
|||;30003,30003,30002.9,30003,0,0,0,0,1906.122487966027
|||;30003,30003,30002.9,30003,0,0,0,0,1911.122487966027
|||;30003,30003,30002.9,30003,0,0,0,0,1916.122487966027
|||;30003,30003,30002.9,30003,0,0,0,0,1921.122487966027
|||;30003,30003,30002.9,30003,0,0,0,0,1926.122487966027
|||;30003,30003,30002.9,30003,0,0,0,0,1931.122487966027
|||;30003,30003,30002.9,30003,0,0,0,0,1936.122487966027
|||;30003,30003,30002.9,30003,0,0,0,0,1941.122487966027
|||;30003,30003,30002.9,30003,0,0,0,0,1946.122487966027
|||;30003,30003,30002.9,30003,0,0,0,0,1951.122487966027
|||;30003,30003,30002.9,30003,0,0,0,0,1956.122487966027
|||;30003,30003,30002.9,30003,0,0,0,0,1961.122487966027
|||;30003,30003,30002.9,30003,0,0,0,0,1966.122487966027
|||;30003,30003,30002.9,30003,0,0,0,0,1971.122487966027
|||;30003,30003,30002.9,30003,0,0,0,0,1976.122487966027
|||;30003,30003,30002.9,30003,0,0,0,0,1981.122487966027
|||;30003,30003,30002.9,30003,0,0,0,0,1986.122487966027
|||;30003,30003,30002.9,30003,0,0,0,0,1991.122487966027
|||;30003,30003,30002.9,30003,0,0,0,0,1996.122487966027
