|||;33689,33689,33689,33689,0,0,0,0,1.118727861284
|||;33689,33689,33689,33689,0,0,0,0,6.118727861284
|||;33689,33689,33689,33689,0,0,0,0,11.118727861284
|||;33689,33689,33689,33689,0,0,0,0,16.118727861284
|||;33689,33689,33689,33689,0,0,0,0,21.118727861284
|||;33689,33689,33689,33689,0,0,0,0,26.118727861284
|||;33689,33689,33689,33689,0,0,0,0,31.118727861284
|||;33689,33689,33689,33689,0,0,0,0,36.118727861284
|||;33689,33689,33689,33689,0,0,0,0,41.118727861284
|||;33689,33689,33689,33689,0,0,0,0,46.118727861284
|||;33689,33689,33689,33689,0,0,0,0,51.118727861284
|||;33689,33689,33689,33689,0,0,0,0,56.118727861284
|||;33689,33689,33689,33689,0,0,0,0,61.118727861284
|||;33689,33689,33689,33689,0,0,0,0,66.118727861284
|||;33689,33689,33689,33689,0,0,0,0,71.118727861284
|||;33689,33689,33689,33689,0,0,0,0,76.118727861284
|||;33689,33689,33689,33689,0,0,0,0,81.118727861284
|||;33689,33689,33689,33689,0,0,0,0,86.118727861284
|||;33689,33689,33689,33689,0,0,0,0,91.118727861284
|||;33689,33689,33689,33689,0,0,0,0,96.118727861284
|||;33689,33689,33689,33689,0,0,0,0,101.118727861284
|||;33689,33689,33689,33689,0,0,0,0,106.118727861284
|||;33689,33689,33689,33689,0,0,0,0,111.118727861284
|||;33689,33689,33689,33689,0,0,0,0,116.118727861284
|||;33689,33689,33689,33689,0,0,0,0,121.118727861284
|||;33689,33689,33689,33689,0,0,0,0,126.118727861284
|||;33689,33689,33689,33689,0,0,0,0,131.118727861284
|||;33689,33689,33689,33689,0,0,0,0,136.118727861284
|||;33689,33689,33689,33689,0,0,0,0,141.118727861284
|||;33689,33689,33689,33689,0,0,0,0,146.118727861284
|||;33689,33689,33689,33689,0,0,0,0,151.118727861284
|||;33689,33689,33689,33689,0,0,0,0,156.118727861284
|||;33689,33689,33689,33689,0,0,0,0,161.118727861284
691gxasy(2),287jnvkr(1),|691gxasy(2),287jnvkr(1),|691gxasy(2),287jnvkr(1),|691gxasy(2),287jnvkr(1),;30832,31866.3,31077.8,30806.4,17.148970366794,11.250702285162,15.747401713733,17.294967101488,166.118727861284
287jnvkr(2),|287jnvkr(2),|691gxasy(2),287jnvkr(1),|691gxasy(2),287jnvkr(1),;31620.5,32654.8,31077.8,30806.4,12.148970366794,6.250702285162,10.747401713733,12.294967101488,171.118727861284
287jnvkr(2),333kysxf(0),|333kysxf(0),|691gxasy(3),287jnvkr(2),333kysxf(0),|691gxasy(3),287jnvkr(1),333kysxf(0),;30576,31600.1,30033.3,29761.9,16.071094815299,15.993493509177,14.669526162238,16.217091549993,176.118727861284
333kysxf(2),|333kysxf(2),|691gxasy(3),333kysxf(2),|691gxasy(3),333kysxf(2),;32644.5,31600.1,31067.5,30279,11.071094815299,10.993493509177,9.669526162238,11.217091549993,181.118727861284
|333kysxf(2),|691gxasy(3),|691gxasy(3),;33689,31600.1,32112,31323.5,6.071094815299,5.993493509177,4.669526162238,6.217091549993,186.118727861284
||691gxasy(3),|691gxasy(3),;33689,33689.1,32112,31323.5,1.071094815299,0.993493509177,0,1.217091549993,191.118727861284
||691gxasy(3),|691gxasy(3),;33689,33689.1,32112,31323.5,0,0,0,0,196.118727861284
||691gxasy(3),|691gxasy(3),;33689,33689.1,32112,31323.5,0,0,0,0,201.118727861284
||691gxasy(3),|691gxasy(3),;33689,33689.1,32112,31323.5,0,0,0,0,206.118727861284
||691gxasy(3),|691gxasy(3),;33689,33689.1,32112,31323.5,0,0,0,0,211.118727861284
||691gxasy(3),|691gxasy(3),;33689,33689.1,32112,31323.5,0,0,0,0,216.118727861284
||691gxasy(3),|691gxasy(3),;33689,33689.1,32112,31323.5,0,0,0,0,221.118727861284
||691gxasy(3),|691gxasy(3),;33689,33689.1,32112,31323.5,0,0,0,0,226.118727861284
||691gxasy(3),|691gxasy(3),;33689,33689.1,32112,31323.5,0,0,0,0,231.118727861284
||691gxasy(3),|691gxasy(3),;33689,33689.1,32112,31323.5,0,0,0,0,236.118727861284
||691gxasy(3),|691gxasy(3),;33689,33689.1,32112,31323.5,0,0,0,0,241.118727861284
||691gxasy(3),|691gxasy(3),;33689,33689.1,32112,31323.5,0,0,0,0,246.118727861284
||691gxasy(3),|691gxasy(3),;33689,33689.1,32112,31323.5,0,0,0,0,251.118727861284
||691gxasy(3),|691gxasy(3),;33689,33689.1,32112,31323.5,0,0,0,0,256.118727861284
||691gxasy(3),|691gxasy(3),;33689,33689.1,32112,31323.5,0,0,0,0,261.118727861284
||691gxasy(3),|691gxasy(3),;33689,33689.1,32112,31323.5,0,0,0,0,266.118727861284
||691gxasy(3),|691gxasy(3),;33689,33689.1,32112,31323.5,0,0,0,0,271.118727861284
||691gxasy(3),|691gxasy(3),;33689,33689.1,32112,31323.5,0,0,0,0,276.118727861284
||691gxasy(3),|691gxasy(3),;33689,33689.1,32112,31323.5,0,0,0,0,281.118727861284
||691gxasy(3),|691gxasy(3),;33689,33689.1,32112,31323.5,0,0,0,0,286.118727861284
||691gxasy(3),|691gxasy(3),;33689,33689.1,32112,31323.5,0,0,0,0,291.118727861284
||691gxasy(3),|691gxasy(3),;33689,33689.1,32112,31323.5,0,0,0,0,296.118727861284
||691gxasy(3),|691gxasy(3),;33689,33689.1,32112,31323.5,0,0,0,0,301.118727861284
||691gxasy(3),|691gxasy(3),;33689,33689.1,32112,31323.5,0,0,0,0,306.118727861284
||691gxasy(3),|691gxasy(3),;33689,33689.1,32112,31323.5,0,0,0,0,311.118727861284
||691gxasy(3),|691gxasy(3),;33689,33689.1,32112,31323.5,0,0,0,0,316.118727861284
||691gxasy(3),|691gxasy(3),;33689,33689.1,32112,31323.5,0,0,0,0,321.118727861284
||691gxasy(3),|691gxasy(3),;33689,33689.1,32112,31323.5,0,0,0,0,326.118727861284
||691gxasy(3),|691gxasy(3),;33689,33689.1,32112,31323.5,0,0,0,0,331.118727861284
||691gxasy(3),|691gxasy(3),;33689,33689.1,32112,31323.5,0,0,0,0,336.118727861284
||691gxasy(3),|691gxasy(3),;33689,33689.1,32112,31323.5,0,0,0,0,341.118727861284
||691gxasy(3),|691gxasy(3),;33689,33689.1,32112,31323.5,0,0,0,0,346.118727861284
||691gxasy(3),|691gxasy(3),;33689,33689.1,32112,31323.5,0,0,0,0,351.118727861284
||691gxasy(3),|691gxasy(3),;33689,33689.1,32112,31323.5,0,0,0,0,356.118727861284
||691gxasy(3),|691gxasy(3),;33689,33689.1,32112,31323.5,0,0,0,0,361.118727861284
||691gxasy(3),|691gxasy(3),;33689,33689.1,32112,31323.5,0,0,0,0,366.118727861284
||691gxasy(3),|691gxasy(3),;33689,33689.1,32112,31323.5,0,0,0,0,371.118727861284
828dlfmi(2),|828dlfmi(2),|691gxasy(3),828dlfmi(2),|691gxasy(3),828dlfmi(2),;31999.4,32562.7,30422.4,30197.1,8.680852619077,5.542257789145,8.680852619077,5.542257789145,376.118727861284
828dlfmi(2),783bcoan(1),|828dlfmi(2),783bcoan(1),|691gxasy(3),828dlfmi(2),783bcoan(1),|691gxasy(3),828dlfmi(2),783bcoan(1),;30873,30873.1,29296,28507.5,12.947431413248,13.020764746581,12.947431413248,13.020764746581,381.118727861284
783bcoan(2),|783bcoan(2),|691gxasy(3),783bcoan(2),|691gxasy(3),783bcoan(2),;32562.6,31999.5,30985.6,29633.9,7.947431413248,8.020764746581,7.947431413248,8.020764746581,386.118727861284
783bcoan(2),|783bcoan(2),|691gxasy(3),783bcoan(2),|691gxasy(3),783bcoan(2),;32562.6,31999.5,30985.6,29633.9,2.947431413248,3.020764746581,2.947431413248,3.020764746581,391.118727861284
783bcoan(3),|783bcoan(3),|691gxasy(3),783bcoan(3),|691gxasy(3),783bcoan(3),;32562.6,31999.5,30985.6,29633.9,0,0,0,0,396.118727861284
783bcoan(3),|783bcoan(3),|691gxasy(3),783bcoan(3),|691gxasy(3),783bcoan(3),;32562.6,31999.5,30985.6,29633.9,0,0,0,0,401.118727861284
783bcoan(3),|783bcoan(3),|691gxasy(3),783bcoan(3),|691gxasy(3),783bcoan(3),;32562.6,31999.5,30985.6,29633.9,0,0,0,0,406.118727861284
783bcoan(3),|783bcoan(3),|691gxasy(3),783bcoan(3),|691gxasy(3),783bcoan(3),;32562.6,31999.5,30985.6,29633.9,0,0,0,0,411.118727861284
783bcoan(3),|783bcoan(3),|691gxasy(3),783bcoan(3),|691gxasy(3),783bcoan(3),;32562.6,31999.5,30985.6,29633.9,0,0,0,0,416.118727861284
783bcoan(3),|783bcoan(3),|691gxasy(3),783bcoan(3),|691gxasy(3),783bcoan(3),;32562.6,31999.5,30985.6,29633.9,0,0,0,0,421.118727861284
783bcoan(3),|783bcoan(3),|691gxasy(3),783bcoan(3),|691gxasy(3),783bcoan(3),;32562.6,31999.5,30985.6,29633.9,0,0,0,0,426.118727861284
783bcoan(3),|783bcoan(3),|691gxasy(3),783bcoan(3),|691gxasy(3),783bcoan(3),;32562.6,31999.5,30985.6,29633.9,0,0,0,0,431.118727861284
783bcoan(3),|783bcoan(3),|691gxasy(3),783bcoan(3),|691gxasy(3),783bcoan(3),;32562.6,31999.5,30985.6,29633.9,0,0,0,0,436.118727861284
783bcoan(3),|783bcoan(3),|783bcoan(3),|783bcoan(3),;32562.6,31999.5,32562.6,31999.3,0,0,0,0,441.118727861284
783bcoan(3),|783bcoan(3),|783bcoan(3),|783bcoan(3),;32562.6,31999.5,32562.6,31999.3,0,0,0,0,446.118727861284
783bcoan(3),|783bcoan(3),|783bcoan(3),|783bcoan(3),;32562.6,31999.5,32562.6,31999.3,0,0,0,0,451.118727861284
783bcoan(3),|783bcoan(3),|783bcoan(3),|783bcoan(3),;32562.6,31999.5,32562.6,31999.3,0,0,0,0,456.118727861284
783bcoan(3),828vutzi(0),|783bcoan(3),828vutzi(0),|783bcoan(3),828vutzi(0),|783bcoan(3),828vutzi(0),;31016.4,31226.4,29470.1,29679.9,11.415364515631,7.106929794543,20.032233957808,15.72379923672,461.118727861284
783bcoan(3),828vutzi(2),|783bcoan(3),828vutzi(2),|783bcoan(3),828vutzi(2),|783bcoan(3),828vutzi(2),;31016.4,31226.4,29470.1,29679.9,6.415364515631,2.106929794543,15.032233957808,10.72379923672,466.118727861284
783bcoan(3),828vutzi(2),|783bcoan(3),|783bcoan(3),828vutzi(2),|783bcoan(3),828vutzi(2),;31016.4,31999.5,29470.1,29679.9,1.415364515631,0,10.032233957808,5.72379923672,471.118727861284
783bcoan(3),|783bcoan(3),|783bcoan(3),828vutzi(2),|783bcoan(3),828vutzi(2),;32562.6,31999.5,29470.1,29679.9,0,0,5.032233957808,0.72379923672,476.118727861284
783bcoan(3),|783bcoan(3),|783bcoan(3),|783bcoan(3),;32562.6,31999.5,32562.6,31999.3,0,0,0.032233957808,0,481.118727861284
783bcoan(3),|783bcoan(3),|783bcoan(3),|783bcoan(3),;32562.6,31999.5,32562.6,31999.3,0,0,0,0,486.118727861284
783bcoan(3),|783bcoan(3),|783bcoan(3),|783bcoan(3),;32562.6,31999.5,32562.6,31999.3,0,0,0,0,491.118727861284
783bcoan(3),|783bcoan(3),|783bcoan(3),|783bcoan(3),;32562.6,31999.5,32562.6,31999.3,0,0,0,0,496.118727861284
783bcoan(3),|783bcoan(3),|783bcoan(3),|783bcoan(3),;32562.6,31999.5,32562.6,31999.3,0,0,0,0,501.118727861284
783bcoan(3),|783bcoan(3),|783bcoan(3),|783bcoan(3),;32562.6,31999.5,32562.6,31999.3,0,0,0,0,506.118727861284
783bcoan(3),|783bcoan(3),|783bcoan(3),|783bcoan(3),;32562.6,31999.5,32562.6,31999.3,0,0,0,0,511.118727861284
783bcoan(3),|783bcoan(3),|783bcoan(3),|783bcoan(3),;32562.6,31999.5,32562.6,31999.3,0,0,0,0,516.118727861284
783bcoan(3),|783bcoan(3),|783bcoan(3),|783bcoan(3),;32562.6,31999.5,32562.6,31999.3,0,0,0,0,521.118727861284
783bcoan(3),|783bcoan(3),|783bcoan(3),|783bcoan(3),;32562.6,31999.5,32562.6,31999.3,0,0,0,0,526.118727861284
783bcoan(3),|783bcoan(3),|783bcoan(3),|783bcoan(3),;32562.6,31999.5,32562.6,31999.3,0,0,0,0,531.118727861284
783bcoan(3),|783bcoan(3),|783bcoan(3),|783bcoan(3),;32562.6,31999.5,32562.6,31999.3,0,0,0,0,536.118727861284
783bcoan(3),|783bcoan(3),|783bcoan(3),|783bcoan(3),;32562.6,31999.5,32562.6,31999.3,0,0,0,0,541.118727861284
783bcoan(3),|783bcoan(3),|783bcoan(3),|783bcoan(3),;32562.6,31999.5,32562.6,31999.3,0,0,0,0,546.118727861284
783bcoan(3),|783bcoan(3),|783bcoan(3),|783bcoan(3),;32562.6,31999.5,32562.6,31999.3,0,0,0,0,551.118727861284
783bcoan(3),|783bcoan(3),|783bcoan(3),|783bcoan(3),;32562.6,31999.5,32562.6,31999.3,0,0,0,0,556.118727861284
783bcoan(3),|783bcoan(3),|783bcoan(3),|783bcoan(3),;32562.6,31999.5,32562.6,31999.3,0,0,0,0,561.118727861284
783bcoan(3),|783bcoan(3),|783bcoan(3),|783bcoan(3),;32562.6,31999.5,32562.6,31999.3,0,0,0,0,566.118727861284
|||;33689,33689.1,33689,33688.9,0,0,0,0,571.118727861284
|||;33689,33689.1,33689,33688.9,0,0,0,0,576.118727861284
|||;33689,33689.1,33689,33688.9,0,0,0,0,581.118727861284
|||;33689,33689.1,33689,33688.9,0,0,0,0,586.118727861284
|||;33689,33689.1,33689,33688.9,0,0,0,0,591.118727861284
|||;33689,33689.1,33689,33688.9,0,0,0,0,596.118727861284
|||;33689,33689.1,33689,33688.9,0,0,0,0,601.118727861284
|||84tnluy(2),;33689,33689.1,33689,32859.5,0,0,0,2.510040277285,606.118727861284
|||;33689,33689.1,33689,33688.9,0,0,0,0,611.118727861284
|||;33689,33689.1,33689,33688.9,0,0,0,0,616.118727861284
|||;33689,33689.1,33689,33688.9,0,0,0,0,621.118727861284
|||;33689,33689.1,33689,33688.9,0,0,0,0,626.118727861284
|||;33689,33689.1,33689,33688.9,0,0,0,0,631.118727861284
|||;33689,33689.1,33689,33688.9,0,0,0,0,636.118727861284
|||;33689,33689.1,33689,33688.9,0,0,0,0,641.118727861284
|||;33689,33689.1,33689,33688.9,0,0,0,0,646.118727861284
|||;33689,33689.1,33689,33688.9,0,0,0,0,651.118727861284
|||;33689,33689.1,33689,33688.9,0,0,0,0,656.118727861284
|||;33689,33689.1,33689,33688.9,0,0,0,0,661.118727861284
|||;33689,33689.1,33689,33688.9,0,0,0,0,666.118727861284
|||;33689,33689.1,33689,33688.9,0,0,0,0,671.118727861284
|||;33689,33689.1,33689,33688.9,0,0,0,0,676.118727861284
978qcwzb(2),|||;30028.2,33689.1,33689,33688.9,16.333215196772,0,0,0,681.118727861284
978qcwzb(2),|||;30028.2,33689.1,33689,33688.9,11.333215196772,0,0,0,686.118727861284
978qcwzb(2),|||;30028.2,33689.1,33689,33688.9,6.333215196772,0,0,0,691.118727861284
978qcwzb(2),|||;30028.2,33689.1,33689,33688.9,1.333215196772,0,0,0,696.118727861284
978qcwzb(3),|||;30028.2,33689.1,33689,33688.9,0,0,0,0,701.118727861284
978qcwzb(3),|||;30028.2,33689.1,33689,33688.9,0,0,0,0,706.118727861284
978qcwzb(3),|||;30028.2,33689.1,33689,33688.9,0,0,0,0,711.118727861284
978qcwzb(3),|||;30028.2,33689.1,33689,33688.9,0,0,0,0,716.118727861284
978qcwzb(3),|||;30028.2,33689.1,33689,33688.9,0,0,0,0,721.118727861284
978qcwzb(3),|||;30028.2,33689.1,33689,33688.9,0,0,0,0,726.118727861284
978qcwzb(3),|||;30028.2,33689.1,33689,33688.9,0,0,0,0,731.118727861284
978qcwzb(3),|||;30028.2,33689.1,33689,33688.9,0,0,0,0,736.118727861284
978qcwzb(3),|||;30028.2,33689.1,33689,33688.9,0,0,0,0,741.118727861284
978qcwzb(3),|||;30028.2,33689.1,33689,33688.9,0,0,0,0,746.118727861284
978qcwzb(3),|||;30028.2,33689.1,33689,33688.9,0,0,0,0,751.118727861284
978qcwzb(3),163kbehz(0),|163kbehz(0),|163kbehz(0),|163kbehz(0),;28051.9,31712.8,30724.5,30724.4,12.651874693464,12.651874693464,18.544681985981,18.544681985981,756.118727861284
978qcwzb(3),163kbehz(2),|163kbehz(2),|163kbehz(2),|163kbehz(2),;28051.9,31712.8,30724.5,30724.4,7.651874693464,7.651874693464,13.544681985981,13.544681985981,761.118727861284
978qcwzb(3),163kbehz(2),|163kbehz(2),|163kbehz(2),|163kbehz(2),;28051.9,31712.8,30724.5,30724.4,2.651874693464,2.651874693464,8.544681985981,8.544681985981,766.118727861284
978qcwzb(3),163kbehz(3),|163kbehz(3),|163kbehz(2),|163kbehz(2),;28051.9,31712.8,30724.5,30724.4,0,0,3.544681985981,3.544681985981,771.118727861284
978qcwzb(3),163kbehz(3),|163kbehz(3),|163kbehz(3),|163kbehz(3),;28051.9,31712.8,30724.5,30724.4,0,0,0,0,776.118727861284
978qcwzb(3),163kbehz(3),|163kbehz(3),|163kbehz(3),|163kbehz(3),;28051.9,31712.8,30724.5,30724.4,0,0,0,0,781.118727861284
978qcwzb(3),163kbehz(3),|163kbehz(3),|163kbehz(3),|163kbehz(3),;28051.9,31712.8,30724.5,30724.4,0,0,0,0,786.118727861284
978qcwzb(3),163kbehz(3),|163kbehz(3),|163kbehz(3),|163kbehz(3),;28051.9,31712.8,30724.5,30724.4,0,0,0,0,791.118727861284
978qcwzb(3),163kbehz(3),|163kbehz(3),|163kbehz(3),|163kbehz(3),;28051.9,31712.8,30724.5,30724.4,0,0,0,0,796.118727861284
978qcwzb(3),163kbehz(3),|163kbehz(3),|163kbehz(3),|163kbehz(3),;28051.9,31712.8,30724.5,30724.4,0,0,0,0,801.118727861284
978qcwzb(3),163kbehz(3),|163kbehz(3),|163kbehz(3),|163kbehz(3),;28051.9,31712.8,30724.5,30724.4,0,0,0,0,806.118727861284
978qcwzb(3),163kbehz(3),|163kbehz(3),|163kbehz(3),|163kbehz(3),;28051.9,31712.8,30724.5,30724.4,0,0,0,0,811.118727861284
978qcwzb(3),163kbehz(3),|163kbehz(3),|163kbehz(3),|163kbehz(3),;28051.9,31712.8,30724.5,30724.4,0,0,0,0,816.118727861284
978qcwzb(3),163kbehz(3),|163kbehz(3),|163kbehz(3),|163kbehz(3),;28051.9,31712.8,30724.5,30724.4,0,0,0,0,821.118727861284
978qcwzb(3),163kbehz(3),|163kbehz(3),|163kbehz(3),|163kbehz(3),;28051.9,31712.8,30724.5,30724.4,0,0,0,0,826.118727861284
978qcwzb(3),163kbehz(3),|163kbehz(3),|163kbehz(3),|163kbehz(3),;28051.9,31712.8,30724.5,30724.4,0,0,0,0,831.118727861284
978qcwzb(3),163kbehz(3),|163kbehz(3),|163kbehz(3),|163kbehz(3),;28051.9,31712.8,30724.5,30724.4,0,0,0,0,836.118727861284
978qcwzb(3),163kbehz(3),|163kbehz(3),|163kbehz(3),|163kbehz(3),;28051.9,31712.8,30724.5,30724.4,0,0,0,0,841.118727861284
978qcwzb(3),163kbehz(3),|163kbehz(3),|163kbehz(3),|163kbehz(3),;28051.9,31712.8,30724.5,30724.4,0,0,0,0,846.118727861284
978qcwzb(3),163kbehz(3),|163kbehz(3),|163kbehz(3),|163kbehz(3),;28051.9,31712.8,30724.5,30724.4,0,0,0,0,851.118727861284
978qcwzb(3),163kbehz(3),|163kbehz(3),|163kbehz(3),|163kbehz(3),;28051.9,31712.8,30724.5,30724.4,0,0,0,0,856.118727861284
978qcwzb(3),163kbehz(3),|163kbehz(3),|163kbehz(3),|163kbehz(3),;28051.9,31712.8,30724.5,30724.4,0,0,0,0,861.118727861284
978qcwzb(3),163kbehz(3),|163kbehz(3),|163kbehz(3),|163kbehz(3),;28051.9,31712.8,30724.5,30724.4,0,0,0,0,866.118727861284
978qcwzb(3),163kbehz(3),|163kbehz(3),|163kbehz(3),|163kbehz(3),;28051.9,31712.8,30724.5,30724.4,0,0,0,0,871.118727861284
978qcwzb(3),163kbehz(3),|163kbehz(3),|163kbehz(3),|163kbehz(3),;28051.9,31712.8,30724.5,30724.4,0,0,0,0,876.118727861284
163kbehz(3),|163kbehz(3),|163kbehz(3),|163kbehz(3),;31712.7,31712.8,30724.5,30724.4,0,0,0,0,881.118727861284
163kbehz(3),|163kbehz(3),|163kbehz(3),|163kbehz(3),;31712.7,31712.8,30724.5,30724.4,0,0,0,0,886.118727861284
163kbehz(3),|163kbehz(3),|163kbehz(3),|163kbehz(3),;31712.7,31712.8,30724.5,30724.4,0,0,0,0,891.118727861284
163kbehz(3),|163kbehz(3),|163kbehz(3),|163kbehz(3),;31712.7,31712.8,30724.5,30724.4,0,0,0,0,896.118727861284
163kbehz(3),|163kbehz(3),|163kbehz(3),|163kbehz(3),;31712.7,31712.8,30724.5,30724.4,0,0,0,0,901.118727861284
163kbehz(3),|163kbehz(3),|163kbehz(3),|163kbehz(3),;31712.7,31712.8,30724.5,30724.4,0,0,0,0,906.118727861284
163kbehz(3),|163kbehz(3),|163kbehz(3),|163kbehz(3),;31712.7,31712.8,30724.5,30724.4,0,0,0,0,911.118727861284
163kbehz(3),67ogbel(2),|163kbehz(3),67ogbel(2),|163kbehz(3),|163kbehz(3),;30985.7,30985.8,30724.5,30724.4,3.516942824549,3.516942824549,0,0,916.118727861284
163kbehz(3),67ogbel(3),|163kbehz(3),67ogbel(3),|163kbehz(3),|163kbehz(3),;30985.7,30985.8,30724.5,30724.4,0,0,0,0,921.118727861284
163kbehz(3),67ogbel(3),|163kbehz(3),67ogbel(3),|163kbehz(3),|163kbehz(3),;30985.7,30985.8,30724.5,30724.4,0,0,0,0,926.118727861284
163kbehz(3),67ogbel(3),|163kbehz(3),67ogbel(3),|163kbehz(3),|163kbehz(3),;30985.7,30985.8,30724.5,30724.4,0,0,0,0,931.118727861284
163kbehz(3),67ogbel(3),|163kbehz(3),67ogbel(3),|163kbehz(3),|163kbehz(3),;30985.7,30985.8,30724.5,30724.4,0,0,0,0,936.118727861284
163kbehz(3),67ogbel(3),|163kbehz(3),67ogbel(3),|163kbehz(3),|163kbehz(3),;30985.7,30985.8,30724.5,30724.4,0,0,0,0,941.118727861284
163kbehz(3),67ogbel(3),|163kbehz(3),67ogbel(3),|163kbehz(3),|163kbehz(3),;30985.7,30985.8,30724.5,30724.4,0,0,0,0,946.118727861284
163kbehz(3),67ogbel(3),|163kbehz(3),67ogbel(3),|163kbehz(3),|163kbehz(3),;30985.7,30985.8,30724.5,30724.4,0,0,0,0,951.118727861284
163kbehz(3),67ogbel(3),|163kbehz(3),67ogbel(3),|163kbehz(3),|163kbehz(3),;30985.7,30985.8,30724.5,30724.4,0,0,0,0,956.118727861284
163kbehz(3),67ogbel(3),|163kbehz(3),67ogbel(3),|163kbehz(3),|163kbehz(3),;30985.7,30985.8,30724.5,30724.4,0,0,0,0,961.118727861284
163kbehz(3),67ogbel(3),|163kbehz(3),67ogbel(3),|163kbehz(3),|163kbehz(3),;30985.7,30985.8,30724.5,30724.4,0,0,0,0,966.118727861284
163kbehz(3),67ogbel(3),|163kbehz(3),67ogbel(3),|163kbehz(3),|163kbehz(3),;30985.7,30985.8,30724.5,30724.4,0,0,0,0,971.118727861284
163kbehz(3),67ogbel(3),|163kbehz(3),67ogbel(3),|163kbehz(3),|163kbehz(3),;30985.7,30985.8,30724.5,30724.4,0,0,0,0,976.118727861284
163kbehz(3),67ogbel(3),|163kbehz(3),67ogbel(3),|163kbehz(3),|163kbehz(3),;30985.7,30985.8,30724.5,30724.4,0,0,0,0,981.118727861284
163kbehz(3),67ogbel(3),|163kbehz(3),67ogbel(3),|163kbehz(3),|163kbehz(3),;30985.7,30985.8,30724.5,30724.4,0,0,0,0,986.118727861284
163kbehz(3),67ogbel(3),|163kbehz(3),67ogbel(3),|163kbehz(3),|163kbehz(3),;30985.7,30985.8,30724.5,30724.4,0,0,0,0,991.118727861284
163kbehz(3),67ogbel(3),|163kbehz(3),67ogbel(3),|163kbehz(3),|163kbehz(3),;30985.7,30985.8,30724.5,30724.4,0,0,0,0,996.118727861284
163kbehz(3),67ogbel(3),|163kbehz(3),67ogbel(3),|163kbehz(3),|163kbehz(3),;30985.7,30985.8,30724.5,30724.4,0,0,0,0,1001.118727861284
163kbehz(3),67ogbel(3),|163kbehz(3),67ogbel(3),|163kbehz(3),|163kbehz(3),;30985.7,30985.8,30724.5,30724.4,0,0,0,0,1006.118727861284
163kbehz(3),67ogbel(3),|163kbehz(3),67ogbel(3),|163kbehz(3),|163kbehz(3),;30985.7,30985.8,30724.5,30724.4,0,0,0,0,1011.118727861284
163kbehz(3),67ogbel(3),|163kbehz(3),67ogbel(3),|163kbehz(3),|163kbehz(3),;30985.7,30985.8,30724.5,30724.4,0,0,0,0,1016.118727861284
163kbehz(3),67ogbel(3),|163kbehz(3),67ogbel(3),|163kbehz(3),|163kbehz(3),;30985.7,30985.8,30724.5,30724.4,0,0,0,0,1021.118727861284
163kbehz(3),67ogbel(3),|163kbehz(3),67ogbel(3),|163kbehz(3),|163kbehz(3),;30985.7,30985.8,30724.5,30724.4,0,0,0,0,1026.118727861284
163kbehz(3),67ogbel(3),|163kbehz(3),67ogbel(3),|163kbehz(3),|163kbehz(3),;30985.7,30985.8,30724.5,30724.4,0,0,0,0,1031.118727861284
163kbehz(3),67ogbel(3),|163kbehz(3),67ogbel(3),|163kbehz(3),|163kbehz(3),;30985.7,30985.8,30724.5,30724.4,0,0,0,0,1036.118727861284
163kbehz(3),67ogbel(3),|163kbehz(3),67ogbel(3),|163kbehz(3),|163kbehz(3),;30985.7,30985.8,30724.5,30724.4,0,0,0,0,1041.118727861284
163kbehz(3),67ogbel(3),|163kbehz(3),67ogbel(3),|163kbehz(3),|163kbehz(3),;30985.7,30985.8,30724.5,30724.4,0,0,0,0,1046.118727861284
163kbehz(3),67ogbel(3),|163kbehz(3),67ogbel(3),|163kbehz(3),|163kbehz(3),;30985.7,30985.8,30724.5,30724.4,0,0,0,0,1051.118727861284
163kbehz(3),67ogbel(3),|163kbehz(3),67ogbel(3),|163kbehz(3),|163kbehz(3),;30985.7,30985.8,30724.5,30724.4,0,0,0,0,1056.118727861284
163kbehz(3),67ogbel(3),|163kbehz(3),67ogbel(3),|163kbehz(3),|163kbehz(3),;30985.7,30985.8,30724.5,30724.4,0,0,0,0,1061.118727861284
163kbehz(3),67ogbel(3),|163kbehz(3),67ogbel(3),|163kbehz(3),|163kbehz(3),;30985.7,30985.8,30724.5,30724.4,0,0,0,0,1066.118727861284
163kbehz(3),67ogbel(3),|163kbehz(3),67ogbel(3),|163kbehz(3),|163kbehz(3),;30985.7,30985.8,30724.5,30724.4,0,0,0,0,1071.118727861284
163kbehz(3),67ogbel(3),|163kbehz(3),67ogbel(3),|163kbehz(3),|163kbehz(3),;30985.7,30985.8,30724.5,30724.4,0,0,0,0,1076.118727861284
163kbehz(3),67ogbel(3),|163kbehz(3),67ogbel(3),|163kbehz(3),|163kbehz(3),;30985.7,30985.8,30724.5,30724.4,0,0,0,0,1081.118727861284
163kbehz(3),67ogbel(3),|163kbehz(3),67ogbel(3),|163kbehz(3),|163kbehz(3),;30985.7,30985.8,30724.5,30724.4,0,0,0,0,1086.118727861284
163kbehz(3),67ogbel(3),|163kbehz(3),67ogbel(3),|163kbehz(3),|163kbehz(3),;30985.7,30985.8,30724.5,30724.4,0,0,0,0,1091.118727861284
163kbehz(3),67ogbel(3),|163kbehz(3),67ogbel(3),|163kbehz(3),|163kbehz(3),;30985.7,30985.8,30724.5,30724.4,0,0,0,0,1096.118727861284
163kbehz(3),67ogbel(3),|163kbehz(3),67ogbel(3),|163kbehz(3),|163kbehz(3),;30985.7,30985.8,30724.5,30724.4,0,0,0,0,1101.118727861284
163kbehz(3),67ogbel(3),|163kbehz(3),67ogbel(3),|163kbehz(3),|163kbehz(3),;30985.7,30985.8,30724.5,30724.4,0,0,0,0,1106.118727861284
163kbehz(3),67ogbel(3),|163kbehz(3),67ogbel(3),|163kbehz(3),|163kbehz(3),;30985.7,30985.8,30724.5,30724.4,0,0,0,0,1111.118727861284
163kbehz(3),67ogbel(3),|163kbehz(3),67ogbel(3),|163kbehz(3),|163kbehz(3),;30985.7,30985.8,30724.5,30724.4,0,0,0,0,1116.118727861284
163kbehz(3),67ogbel(3),|163kbehz(3),67ogbel(3),|163kbehz(3),|163kbehz(3),;30985.7,30985.8,30724.5,30724.4,0,0,0,0,1121.118727861284
163kbehz(3),67ogbel(3),|163kbehz(3),67ogbel(3),|163kbehz(3),|163kbehz(3),;30985.7,30985.8,30724.5,30724.4,0,0,0,0,1126.118727861284
163kbehz(3),67ogbel(3),|163kbehz(3),67ogbel(3),|163kbehz(3),|163kbehz(3),;30985.7,30985.8,30724.5,30724.4,0,0,0,0,1131.118727861284
163kbehz(3),67ogbel(3),|163kbehz(3),67ogbel(3),|163kbehz(3),|163kbehz(3),;30985.7,30985.8,30724.5,30724.4,0,0,0,0,1136.118727861284
163kbehz(3),67ogbel(3),|163kbehz(3),67ogbel(3),|163kbehz(3),|163kbehz(3),;30985.7,30985.8,30724.5,30724.4,0,0,0,0,1141.118727861284
163kbehz(3),67ogbel(3),|163kbehz(3),67ogbel(3),|163kbehz(3),|163kbehz(3),;30985.7,30985.8,30724.5,30724.4,0,0,0,0,1146.118727861284
163kbehz(3),67ogbel(3),|163kbehz(3),67ogbel(3),|163kbehz(3),|163kbehz(3),;30985.7,30985.8,30724.5,30724.4,0,0,0,0,1151.118727861284
163kbehz(3),67ogbel(3),|163kbehz(3),67ogbel(3),|163kbehz(3),|163kbehz(3),;30985.7,30985.8,30724.5,30724.4,0,0,0,0,1156.118727861284
163kbehz(3),67ogbel(3),|163kbehz(3),67ogbel(3),|163kbehz(3),|163kbehz(3),;30985.7,30985.8,30724.5,30724.4,0,0,0,0,1161.118727861284
163kbehz(3),67ogbel(3),|163kbehz(3),67ogbel(3),|163kbehz(3),|163kbehz(3),;30985.7,30985.8,30724.5,30724.4,0,0,0,0,1166.118727861284
163kbehz(3),67ogbel(3),|163kbehz(3),67ogbel(3),|163kbehz(3),|163kbehz(3),;30985.7,30985.8,30724.5,30724.4,0,0,0,0,1171.118727861284
163kbehz(3),67ogbel(3),|163kbehz(3),67ogbel(3),|163kbehz(3),|163kbehz(3),;30985.7,30985.8,30724.5,30724.4,0,0,0,0,1176.118727861284
163kbehz(3),67ogbel(3),|163kbehz(3),67ogbel(3),|163kbehz(3),|163kbehz(3),;30985.7,30985.8,30724.5,30724.4,0,0,0,0,1181.118727861284
163kbehz(3),67ogbel(3),|163kbehz(3),67ogbel(3),|163kbehz(3),|163kbehz(3),;30985.7,30985.8,30724.5,30724.4,0,0,0,0,1186.118727861284
163kbehz(3),67ogbel(3),|163kbehz(3),67ogbel(3),|163kbehz(3),|163kbehz(3),;30985.7,30985.8,30724.5,30724.4,0,0,0,0,1191.118727861284
163kbehz(3),67ogbel(3),|163kbehz(3),67ogbel(3),|163kbehz(3),|163kbehz(3),;30985.7,30985.8,30724.5,30724.4,0,0,0,0,1196.118727861284
163kbehz(3),67ogbel(3),|163kbehz(3),67ogbel(3),|163kbehz(3),|163kbehz(3),;30985.7,30985.8,30724.5,30724.4,0,0,0,0,1201.118727861284
163kbehz(3),67ogbel(3),|163kbehz(3),67ogbel(3),|163kbehz(3),|163kbehz(3),;30985.7,30985.8,30724.5,30724.4,0,0,0,0,1206.118727861284
163kbehz(3),67ogbel(3),|163kbehz(3),67ogbel(3),|163kbehz(3),|163kbehz(3),;30985.7,30985.8,30724.5,30724.4,0,0,0,0,1211.118727861284
163kbehz(3),67ogbel(3),|163kbehz(3),67ogbel(3),|163kbehz(3),|163kbehz(3),;30985.7,30985.8,30724.5,30724.4,0,0,0,0,1216.118727861284
163kbehz(3),67ogbel(3),|163kbehz(3),67ogbel(3),|163kbehz(3),|163kbehz(3),;30985.7,30985.8,30724.5,30724.4,0,0,0,0,1221.118727861284
163kbehz(3),67ogbel(3),|163kbehz(3),67ogbel(3),|163kbehz(3),|163kbehz(3),;30985.7,30985.8,30724.5,30724.4,0,0,0,0,1226.118727861284
163kbehz(3),67ogbel(3),|163kbehz(3),67ogbel(3),|163kbehz(3),|163kbehz(3),;30985.7,30985.8,30724.5,30724.4,0,0,0,0,1231.118727861284
163kbehz(3),67ogbel(3),|163kbehz(3),67ogbel(3),|163kbehz(3),|163kbehz(3),;30985.7,30985.8,30724.5,30724.4,0,0,0,0,1236.118727861284
163kbehz(3),67ogbel(3),|163kbehz(3),67ogbel(3),|163kbehz(3),|163kbehz(3),;30985.7,30985.8,30724.5,30724.4,0,0,0,0,1241.118727861284
163kbehz(3),67ogbel(3),163brljy(0),|163kbehz(3),67ogbel(3),163brljy(0),|163kbehz(3),163brljy(0),|163kbehz(3),163brljy(0),;28451.3,29296.2,29034.9,28190,17.948474665625,13.020582420727,13.020582420727,17.948474665625,1246.118727861284
163kbehz(3),67ogbel(3),163brljy(2),|163kbehz(3),67ogbel(3),163brljy(2),|163kbehz(3),163brljy(2),|163kbehz(3),163brljy(2),;28451.3,29296.2,29034.9,28190,12.948474665625,8.020582420727,8.020582420727,12.948474665625,1251.118727861284
163kbehz(3),67ogbel(3),163brljy(2),|163kbehz(3),67ogbel(3),163brljy(2),|163kbehz(3),163brljy(2),|163kbehz(3),163brljy(2),;28451.3,29296.2,29034.9,28190,7.948474665625,3.020582420727,3.020582420727,7.948474665625,1256.118727861284
163kbehz(3),67ogbel(3),163brljy(2),|163kbehz(3),67ogbel(3),163brljy(3),|163kbehz(3),163brljy(3),|163kbehz(3),163brljy(2),;28451.3,29296.2,29034.9,28190,2.948474665625,0,0,2.948474665625,1261.118727861284
163kbehz(3),67ogbel(3),163brljy(3),|163kbehz(3),67ogbel(3),163brljy(3),|163kbehz(3),163brljy(3),|163kbehz(3),163brljy(3),;28451.3,29296.2,29034.9,28190,0,0,0,0,1266.118727861284
163kbehz(3),67ogbel(3),163brljy(3),|163kbehz(3),67ogbel(3),163brljy(3),|163kbehz(3),163brljy(3),|163kbehz(3),163brljy(3),;28451.3,29296.2,29034.9,28190,0,0,0,0,1271.118727861284
163kbehz(3),67ogbel(3),163brljy(3),|163kbehz(3),67ogbel(3),163brljy(3),|163kbehz(3),163brljy(3),|163kbehz(3),163brljy(3),;28451.3,29296.2,29034.9,28190,0,0,0,0,1276.118727861284
163kbehz(3),67ogbel(3),163brljy(3),|163kbehz(3),67ogbel(3),163brljy(3),|163kbehz(3),163brljy(3),|163kbehz(3),163brljy(3),;28451.3,29296.2,29034.9,28190,0,0,0,0,1281.118727861284
163kbehz(3),67ogbel(3),163brljy(3),|163kbehz(3),67ogbel(3),163brljy(3),|163kbehz(3),163brljy(3),|163kbehz(3),163brljy(3),;28451.3,29296.2,29034.9,28190,0,0,0,0,1286.118727861284
163kbehz(3),67ogbel(3),163brljy(3),|163kbehz(3),67ogbel(3),163brljy(3),|163kbehz(3),163brljy(3),|163kbehz(3),163brljy(3),;28451.3,29296.2,29034.9,28190,0,0,0,0,1291.118727861284
163kbehz(3),67ogbel(3),163brljy(3),|163kbehz(3),67ogbel(3),163brljy(3),|163kbehz(3),163brljy(3),|163kbehz(3),163brljy(3),;28451.3,29296.2,29034.9,28190,0,0,0,0,1296.118727861284
163kbehz(3),67ogbel(3),163brljy(3),|163kbehz(3),67ogbel(3),163brljy(3),|163kbehz(3),163brljy(3),|163kbehz(3),163brljy(3),;28451.3,29296.2,29034.9,28190,0,0,0,0,1301.118727861284
163kbehz(3),67ogbel(3),163brljy(3),|163kbehz(3),67ogbel(3),163brljy(3),|163kbehz(3),163brljy(3),|163kbehz(3),163brljy(3),;28451.3,29296.2,29034.9,28190,0,0,0,0,1306.118727861284
163kbehz(3),67ogbel(3),163brljy(3),67oqwcs(2),|163kbehz(3),67ogbel(3),163brljy(3),67oqwcs(2),|163kbehz(3),163brljy(3),67oqwcs(2),|163kbehz(3),163brljy(3),67oqwcs(2),;26905.1,27750,26715.5,26643.8,8.228251059403,8.228251059403,12.738019113825,8.228251059403,1311.118727861284
163kbehz(3),67ogbel(3),163brljy(3),67oqwcs(2),|163kbehz(3),67ogbel(3),163brljy(3),67oqwcs(2),|163kbehz(3),163brljy(3),67oqwcs(2),|163kbehz(3),163brljy(3),67oqwcs(2),;26905.1,27750,26715.5,26643.8,3.228251059403,3.228251059403,7.738019113825,3.228251059403,1316.118727861284
163kbehz(3),67ogbel(3),163brljy(3),67oqwcs(3),|163kbehz(3),67ogbel(3),163brljy(3),67oqwcs(3),|163kbehz(3),163brljy(3),67oqwcs(2),|163kbehz(3),163brljy(3),67oqwcs(3),;26905.1,27750,26715.5,26643.8,0,0,2.738019113825,0,1321.118727861284
163kbehz(3),67ogbel(3),163brljy(3),67oqwcs(3),|163kbehz(3),67ogbel(3),163brljy(3),67oqwcs(3),|163kbehz(3),163brljy(3),67oqwcs(3),|163kbehz(3),163brljy(3),67oqwcs(3),;26905.1,27750,26715.5,26643.8,0,0,0,0,1326.118727861284
163kbehz(3),163brljy(3),67oqwcs(3),|163kbehz(3),163brljy(3),67oqwcs(3),|163kbehz(3),163brljy(3),67oqwcs(3),|163kbehz(3),163brljy(3),67oqwcs(3),;27632.1,28477,26715.5,26643.8,0,0,0,0,1331.118727861284
163kbehz(3),163brljy(3),67oqwcs(3),|163kbehz(3),163brljy(3),67oqwcs(3),|163kbehz(3),163brljy(3),67oqwcs(3),|163kbehz(3),163brljy(3),67oqwcs(3),;27632.1,28477,26715.5,26643.8,0,0,0,0,1336.118727861284
163kbehz(3),163brljy(3),67oqwcs(3),|163kbehz(3),163brljy(3),67oqwcs(3),|163kbehz(3),163brljy(3),67oqwcs(3),|163kbehz(3),163brljy(3),67oqwcs(3),;27632.1,28477,26715.5,26643.8,0,0,0,0,1341.118727861284
163kbehz(3),163brljy(3),67oqwcs(3),|163kbehz(3),163brljy(3),67oqwcs(3),|163kbehz(3),163brljy(3),67oqwcs(3),|163kbehz(3),163brljy(3),67oqwcs(3),;27632.1,28477,26715.5,26643.8,0,0,0,0,1346.118727861284
163kbehz(3),163brljy(3),67oqwcs(3),|163kbehz(3),163brljy(3),67oqwcs(3),|163kbehz(3),163brljy(3),67oqwcs(3),|163kbehz(3),163brljy(3),67oqwcs(3),;27632.1,28477,26715.5,26643.8,0,0,0,0,1351.118727861284
163kbehz(3),163brljy(3),67oqwcs(3),|163kbehz(3),163brljy(3),67oqwcs(3),|163kbehz(3),163brljy(3),67oqwcs(3),|163kbehz(3),163brljy(3),67oqwcs(3),;27632.1,28477,26715.5,26643.8,0,0,0,0,1356.118727861284
163kbehz(3),163brljy(3),67oqwcs(3),|163kbehz(3),163brljy(3),67oqwcs(3),|163kbehz(3),163brljy(3),67oqwcs(3),|163kbehz(3),163brljy(3),67oqwcs(3),;27632.1,28477,26715.5,26643.8,0,0,0,0,1361.118727861284
163kbehz(3),163brljy(3),67oqwcs(3),|163kbehz(3),163brljy(3),67oqwcs(3),|163kbehz(3),163brljy(3),67oqwcs(3),|163kbehz(3),163brljy(3),67oqwcs(3),;27632.1,28477,26715.5,26643.8,0,0,0,0,1366.118727861284
163kbehz(3),163brljy(3),67oqwcs(3),|163kbehz(3),163brljy(3),67oqwcs(3),|163kbehz(3),163brljy(3),67oqwcs(3),|163kbehz(3),163brljy(3),67oqwcs(3),;27632.1,28477,26715.5,26643.8,0,0,0,0,1371.118727861284
163kbehz(3),163brljy(3),67oqwcs(3),|163kbehz(3),163brljy(3),67oqwcs(3),|163kbehz(3),163brljy(3),67oqwcs(3),|163kbehz(3),163brljy(3),67oqwcs(3),;27632.1,28477,26715.5,26643.8,0,0,0,0,1376.118727861284
163kbehz(3),163brljy(3),67oqwcs(3),|163kbehz(3),163brljy(3),67oqwcs(3),|163kbehz(3),163brljy(3),67oqwcs(3),|163kbehz(3),163brljy(3),67oqwcs(3),;27632.1,28477,26715.5,26643.8,0,0,0,0,1381.118727861284
163kbehz(3),163brljy(3),67oqwcs(3),|163kbehz(3),163brljy(3),67oqwcs(3),|163kbehz(3),163brljy(3),67oqwcs(3),|163kbehz(3),163brljy(3),67oqwcs(3),;27632.1,28477,26715.5,26643.8,0,0,0,0,1386.118727861284
163kbehz(3),163brljy(3),67oqwcs(3),|163kbehz(3),163brljy(3),67oqwcs(3),|163kbehz(3),163brljy(3),67oqwcs(3),|163kbehz(3),163brljy(3),67oqwcs(3),;27632.1,28477,26715.5,26643.8,0,0,0,0,1391.118727861284
163kbehz(3),163brljy(3),67oqwcs(3),|163kbehz(3),163brljy(3),67oqwcs(3),|163kbehz(3),163brljy(3),67oqwcs(3),|163kbehz(3),163brljy(3),67oqwcs(3),;27632.1,28477,26715.5,26643.8,0,0,0,0,1396.118727861284
163kbehz(3),163brljy(3),67oqwcs(3),|163kbehz(3),163brljy(3),67oqwcs(3),|163kbehz(3),163brljy(3),67oqwcs(3),|163kbehz(3),163brljy(3),67oqwcs(3),;27632.1,28477,26715.5,26643.8,0,0,0,0,1401.118727861284
163kbehz(3),163brljy(3),67oqwcs(3),|163kbehz(3),163brljy(3),67oqwcs(3),|163kbehz(3),163brljy(3),67oqwcs(3),|163kbehz(3),163brljy(3),67oqwcs(3),;27632.1,28477,26715.5,26643.8,0,0,0,0,1406.118727861284
163kbehz(3),163brljy(3),67oqwcs(3),|163kbehz(3),163brljy(3),67oqwcs(3),|163kbehz(3),163brljy(3),67oqwcs(3),|163kbehz(3),163brljy(3),67oqwcs(3),;27632.1,28477,26715.5,26643.8,0,0,0,0,1411.118727861284
163kbehz(3),163brljy(3),67oqwcs(3),|163kbehz(3),163brljy(3),67oqwcs(3),|163kbehz(3),163brljy(3),67oqwcs(3),|163kbehz(3),163brljy(3),67oqwcs(3),;27632.1,28477,26715.5,26643.8,0,0,0,0,1416.118727861284
163kbehz(3),163brljy(3),67oqwcs(3),|163kbehz(3),163brljy(3),67oqwcs(3),|163kbehz(3),163brljy(3),67oqwcs(3),|163kbehz(3),163brljy(3),67oqwcs(3),;27632.1,28477,26715.5,26643.8,0,0,0,0,1421.118727861284
163kbehz(3),163brljy(3),67oqwcs(3),|163kbehz(3),163brljy(3),67oqwcs(3),|163kbehz(3),163brljy(3),67oqwcs(3),|163kbehz(3),163brljy(3),67oqwcs(3),;27632.1,28477,26715.5,26643.8,0,0,0,0,1426.118727861284
163kbehz(3),163brljy(3),67oqwcs(3),|163kbehz(3),163brljy(3),67oqwcs(3),|163kbehz(3),163brljy(3),67oqwcs(3),|163kbehz(3),163brljy(3),67oqwcs(3),;27632.1,28477,26715.5,26643.8,0,0,0,0,1431.118727861284
163kbehz(3),163brljy(3),67oqwcs(3),|163kbehz(3),163brljy(3),67oqwcs(3),|163kbehz(3),163brljy(3),67oqwcs(3),|163kbehz(3),163brljy(3),67oqwcs(3),;27632.1,28477,26715.5,26643.8,0,0,0,0,1436.118727861284
163kbehz(3),163brljy(3),67oqwcs(3),|163kbehz(3),163brljy(3),67oqwcs(3),|163kbehz(3),163brljy(3),67oqwcs(3),|163kbehz(3),163brljy(3),67oqwcs(3),;27632.1,28477,26715.5,26643.8,0,0,0,0,1441.118727861284
163kbehz(3),163brljy(3),67oqwcs(3),|163kbehz(3),163brljy(3),67oqwcs(3),|163kbehz(3),163brljy(3),67oqwcs(3),|163kbehz(3),163brljy(3),67oqwcs(3),;27632.1,28477,26715.5,26643.8,0,0,0,0,1446.118727861284
163kbehz(3),163brljy(3),67oqwcs(3),|163kbehz(3),163brljy(3),67oqwcs(3),|163kbehz(3),163brljy(3),67oqwcs(3),|163kbehz(3),163brljy(3),67oqwcs(3),;27632.1,28477,26715.5,26643.8,0,0,0,0,1451.118727861284
163kbehz(3),163brljy(3),67oqwcs(3),|163kbehz(3),163brljy(3),67oqwcs(3),|163kbehz(3),163brljy(3),67oqwcs(3),|163kbehz(3),163brljy(3),67oqwcs(3),;27632.1,28477,26715.5,26643.8,0,0,0,0,1456.118727861284
163kbehz(3),163brljy(3),67oqwcs(3),|163kbehz(3),163brljy(3),67oqwcs(3),|163kbehz(3),163brljy(3),67oqwcs(3),|163kbehz(3),163brljy(3),67oqwcs(3),;27632.1,28477,26715.5,26643.8,0,0,0,0,1461.118727861284
163kbehz(3),163brljy(3),67oqwcs(3),|163kbehz(3),163brljy(3),67oqwcs(3),|163kbehz(3),163brljy(3),67oqwcs(3),|163kbehz(3),163brljy(3),67oqwcs(3),;27632.1,28477,26715.5,26643.8,0,0,0,0,1466.118727861284
163kbehz(3),163brljy(3),67oqwcs(3),|163kbehz(3),163brljy(3),67oqwcs(3),|163kbehz(3),163brljy(3),67oqwcs(3),|163kbehz(3),163brljy(3),67oqwcs(3),;27632.1,28477,26715.5,26643.8,0,0,0,0,1471.118727861284
163kbehz(3),163brljy(3),67oqwcs(3),|163kbehz(3),163brljy(3),67oqwcs(3),|163kbehz(3),163brljy(3),67oqwcs(3),|163kbehz(3),163brljy(3),67oqwcs(3),;27632.1,28477,26715.5,26643.8,0,0,0,0,1476.118727861284
163brljy(3),67oqwcs(3),|163brljy(3),67oqwcs(3),|163brljy(3),67oqwcs(3),|163brljy(3),67oqwcs(3),;29608.4,30453.3,29680,29608.3,0,0,0,0,1481.118727861284
163brljy(3),67oqwcs(3),|163brljy(3),67oqwcs(3),|163brljy(3),67oqwcs(3),|163brljy(3),67oqwcs(3),;29608.4,30453.3,29680,29608.3,0,0,0,0,1486.118727861284
163brljy(3),67oqwcs(3),|163brljy(3),67oqwcs(3),|163brljy(3),67oqwcs(3),|163brljy(3),67oqwcs(3),;29608.4,30453.3,29680,29608.3,0,0,0,0,1491.118727861284
163brljy(3),67oqwcs(3),|163brljy(3),67oqwcs(3),|163brljy(3),67oqwcs(3),|163brljy(3),67oqwcs(3),;29608.4,30453.3,29680,29608.3,0,0,0,0,1496.118727861284
163brljy(3),67oqwcs(3),|163brljy(3),67oqwcs(3),|163brljy(3),67oqwcs(3),|163brljy(3),67oqwcs(3),;29608.4,30453.3,29680,29608.3,0,0,0,0,1501.118727861284
163brljy(3),67oqwcs(3),|163brljy(3),67oqwcs(3),|163brljy(3),67oqwcs(3),|163brljy(3),67oqwcs(3),;29608.4,30453.3,29680,29608.3,0,0,0,0,1506.118727861284
163brljy(3),67oqwcs(3),|163brljy(3),67oqwcs(3),|163brljy(3),67oqwcs(3),|163brljy(3),67oqwcs(3),;29608.4,30453.3,29680,29608.3,0,0,0,0,1511.118727861284
163brljy(3),67oqwcs(3),|163brljy(3),67oqwcs(3),|163brljy(3),67oqwcs(3),|163brljy(3),67oqwcs(3),;29608.4,30453.3,29680,29608.3,0,0,0,0,1516.118727861284
163brljy(3),67oqwcs(3),|163brljy(3),67oqwcs(3),|163brljy(3),67oqwcs(3),|163brljy(3),67oqwcs(3),;29608.4,30453.3,29680,29608.3,0,0,0,0,1521.118727861284
163brljy(3),67oqwcs(3),|163brljy(3),67oqwcs(3),|163brljy(3),67oqwcs(3),|163brljy(3),67oqwcs(3),;29608.4,30453.3,29680,29608.3,0,0,0,0,1526.118727861284
163brljy(3),67oqwcs(3),633fauvs(0),|163brljy(3),67oqwcs(3),633fauvs(0),|163brljy(3),67oqwcs(3),633fauvs(0),|163brljy(3),67oqwcs(3),633fauvs(0),;27411.9,28256.8,28215.7,28144,12.857373987749,12.857373987749,8.586534042171,8.586534042171,1531.118727861284
163brljy(3),67oqwcs(3),633fauvs(2),|163brljy(3),67oqwcs(3),633fauvs(2),|163brljy(3),67oqwcs(3),633fauvs(2),|163brljy(3),67oqwcs(3),633fauvs(2),;27411.9,28256.8,28215.7,28144,7.857373987749,7.857373987749,3.586534042171,3.586534042171,1536.118727861284
163brljy(3),67oqwcs(3),633fauvs(2),|163brljy(3),67oqwcs(3),633fauvs(2),|163brljy(3),67oqwcs(3),633fauvs(3),|163brljy(3),67oqwcs(3),633fauvs(3),;27411.9,28256.8,28215.7,28144,2.857373987749,2.857373987749,0,0,1541.118727861284
163brljy(3),67oqwcs(3),633fauvs(3),|163brljy(3),67oqwcs(3),633fauvs(3),|163brljy(3),67oqwcs(3),633fauvs(3),|163brljy(3),67oqwcs(3),633fauvs(3),;27411.9,28256.8,28215.7,28144,0,0,0,0,1546.118727861284
163brljy(3),67oqwcs(3),633fauvs(3),|163brljy(3),67oqwcs(3),633fauvs(3),|163brljy(3),67oqwcs(3),633fauvs(3),|163brljy(3),67oqwcs(3),633fauvs(3),;27411.9,28256.8,28215.7,28144,0,0,0,0,1551.118727861284
67oqwcs(3),633fauvs(3),|67oqwcs(3),633fauvs(3),|67oqwcs(3),633fauvs(3),|67oqwcs(3),633fauvs(3),;29946.3,29946.4,29905.3,30678.4,0,0,0,0,1556.118727861284
67oqwcs(3),633fauvs(3),|67oqwcs(3),633fauvs(3),|67oqwcs(3),633fauvs(3),|67oqwcs(3),633fauvs(3),;29946.3,29946.4,29905.3,30678.4,0,0,0,0,1561.118727861284
67oqwcs(3),633fauvs(3),|67oqwcs(3),633fauvs(3),|67oqwcs(3),633fauvs(3),|67oqwcs(3),633fauvs(3),;29946.3,29946.4,29905.3,30678.4,0,0,0,0,1566.118727861284
67oqwcs(3),633fauvs(3),|67oqwcs(3),633fauvs(3),|67oqwcs(3),633fauvs(3),|67oqwcs(3),633fauvs(3),;29946.3,29946.4,29905.3,30678.4,0,0,0,0,1571.118727861284
67oqwcs(3),633fauvs(3),|67oqwcs(3),633fauvs(3),|67oqwcs(3),633fauvs(3),|67oqwcs(3),633fauvs(3),;29946.3,29946.4,29905.3,30678.4,0,0,0,0,1576.118727861284
67oqwcs(3),633fauvs(3),|67oqwcs(3),633fauvs(3),|67oqwcs(3),633fauvs(3),|67oqwcs(3),633fauvs(3),;29946.3,29946.4,29905.3,30678.4,0,0,0,0,1581.118727861284
67oqwcs(3),633fauvs(3),|67oqwcs(3),633fauvs(3),|67oqwcs(3),633fauvs(3),|67oqwcs(3),633fauvs(3),;29946.3,29946.4,29905.3,30678.4,0,0,0,0,1586.118727861284
67oqwcs(3),633fauvs(3),|67oqwcs(3),633fauvs(3),|67oqwcs(3),633fauvs(3),|67oqwcs(3),633fauvs(3),;29946.3,29946.4,29905.3,30678.4,0,0,0,0,1591.118727861284
67oqwcs(3),633fauvs(3),|67oqwcs(3),633fauvs(3),|67oqwcs(3),633fauvs(3),|67oqwcs(3),633fauvs(3),;29946.3,29946.4,29905.3,30678.4,0,0,0,0,1596.118727861284
67oqwcs(3),633fauvs(3),|67oqwcs(3),633fauvs(3),|67oqwcs(3),633fauvs(3),|67oqwcs(3),633fauvs(3),;29946.3,29946.4,29905.3,30678.4,0,0,0,0,1601.118727861284
67oqwcs(3),633fauvs(3),|67oqwcs(3),633fauvs(3),|67oqwcs(3),633fauvs(3),|67oqwcs(3),633fauvs(3),;29946.3,29946.4,29905.3,30678.4,0,0,0,0,1606.118727861284
67oqwcs(3),633fauvs(3),|67oqwcs(3),633fauvs(3),|67oqwcs(3),633fauvs(3),|67oqwcs(3),633fauvs(3),;29946.3,29946.4,29905.3,30678.4,0,0,0,0,1611.118727861284
67oqwcs(3),633fauvs(3),|67oqwcs(3),633fauvs(3),|67oqwcs(3),633fauvs(3),|67oqwcs(3),633fauvs(3),;29946.3,29946.4,29905.3,30678.4,0,0,0,0,1616.118727861284
67oqwcs(3),633fauvs(3),|67oqwcs(3),633fauvs(3),|67oqwcs(3),633fauvs(3),|67oqwcs(3),633fauvs(3),;29946.3,29946.4,29905.3,30678.4,0,0,0,0,1621.118727861284
67oqwcs(3),633fauvs(3),|67oqwcs(3),633fauvs(3),|67oqwcs(3),633fauvs(3),|67oqwcs(3),633fauvs(3),;29946.3,29946.4,29905.3,30678.4,0,0,0,0,1626.118727861284
67oqwcs(3),633fauvs(3),|67oqwcs(3),633fauvs(3),|67oqwcs(3),633fauvs(3),|67oqwcs(3),633fauvs(3),;29946.3,29946.4,29905.3,30678.4,0,0,0,0,1631.118727861284
67oqwcs(3),633fauvs(3),|67oqwcs(3),633fauvs(3),|67oqwcs(3),633fauvs(3),|67oqwcs(3),633fauvs(3),;29946.3,29946.4,29905.3,30678.4,0,0,0,0,1636.118727861284
67oqwcs(3),633fauvs(3),|67oqwcs(3),633fauvs(3),|67oqwcs(3),633fauvs(3),|67oqwcs(3),633fauvs(3),;29946.3,29946.4,29905.3,30678.4,0,0,0,0,1641.118727861284
67oqwcs(3),633fauvs(3),|67oqwcs(3),633fauvs(3),|67oqwcs(3),633fauvs(3),|67oqwcs(3),633fauvs(3),;29946.3,29946.4,29905.3,30678.4,0,0,0,0,1646.118727861284
67oqwcs(3),633fauvs(3),|67oqwcs(3),633fauvs(3),|67oqwcs(3),633fauvs(3),|67oqwcs(3),633fauvs(3),;29946.3,29946.4,29905.3,30678.4,0,0,0,0,1651.118727861284
67oqwcs(3),633fauvs(3),|67oqwcs(3),633fauvs(3),|67oqwcs(3),633fauvs(3),|67oqwcs(3),633fauvs(3),;29946.3,29946.4,29905.3,30678.4,0,0,0,0,1656.118727861284
67oqwcs(3),633fauvs(3),|67oqwcs(3),633fauvs(3),|67oqwcs(3),633fauvs(3),|67oqwcs(3),633fauvs(3),;29946.3,29946.4,29905.3,30678.4,0,0,0,0,1661.118727861284
67oqwcs(3),633fauvs(3),|67oqwcs(3),633fauvs(3),|67oqwcs(3),633fauvs(3),|67oqwcs(3),633fauvs(3),;29946.3,29946.4,29905.3,30678.4,0,0,0,0,1666.118727861284
67oqwcs(3),633fauvs(3),|67oqwcs(3),633fauvs(3),|67oqwcs(3),633fauvs(3),|67oqwcs(3),633fauvs(3),;29946.3,29946.4,29905.3,30678.4,0,0,0,0,1671.118727861284
67oqwcs(3),633fauvs(3),633tgofe(0),|67oqwcs(3),633fauvs(3),633tgofe(0),|67oqwcs(3),633fauvs(3),633tgofe(0),|67oqwcs(3),633fauvs(3),633tgofe(0),;27626.9,28400.2,27585.9,29132.2,17.229835712515,12.921400991426,17.229835712515,12.921400991426,1676.118727861284
67oqwcs(3),633fauvs(3),633tgofe(2),|67oqwcs(3),633fauvs(3),633tgofe(2),|67oqwcs(3),633fauvs(3),633tgofe(2),|67oqwcs(3),633fauvs(3),633tgofe(2),;27626.9,28400.2,27585.9,29132.2,12.229835712515,7.921400991426,12.229835712515,7.921400991426,1681.118727861284
67oqwcs(3),633fauvs(3),633tgofe(2),|67oqwcs(3),633fauvs(3),633tgofe(2),|67oqwcs(3),633fauvs(3),633tgofe(2),|67oqwcs(3),633fauvs(3),633tgofe(2),;27626.9,28400.2,27585.9,29132.2,7.229835712515,2.921400991426,7.229835712515,2.921400991426,1686.118727861284
67oqwcs(3),633fauvs(3),633tgofe(2),|67oqwcs(3),633fauvs(3),633tgofe(3),|67oqwcs(3),633fauvs(3),633tgofe(2),|67oqwcs(3),633fauvs(3),633tgofe(3),;27626.9,28400.2,27585.9,29132.2,2.229835712515,0,2.229835712515,0,1691.118727861284
67oqwcs(3),633fauvs(3),633tgofe(3),|67oqwcs(3),633fauvs(3),633tgofe(3),|67oqwcs(3),633fauvs(3),633tgofe(3),|67oqwcs(3),633fauvs(3),633tgofe(3),;27626.9,28400.2,27585.9,29132.2,0,0,0,0,1696.118727861284
67oqwcs(3),633fauvs(3),633tgofe(3),|67oqwcs(3),633fauvs(3),633tgofe(3),|67oqwcs(3),633fauvs(3),633tgofe(3),|67oqwcs(3),633fauvs(3),633tgofe(3),;27626.9,28400.2,27585.9,29132.2,0,0,0,0,1701.118727861284
67oqwcs(3),633fauvs(3),633tgofe(3),|67oqwcs(3),633fauvs(3),633tgofe(3),|67oqwcs(3),633fauvs(3),633tgofe(3),|67oqwcs(3),633fauvs(3),633tgofe(3),;27626.9,28400.2,27585.9,29132.2,0,0,0,0,1706.118727861284
67oqwcs(3),633fauvs(3),633tgofe(3),|67oqwcs(3),633fauvs(3),633tgofe(3),|67oqwcs(3),633fauvs(3),633tgofe(3),|67oqwcs(3),633fauvs(3),633tgofe(3),;27626.9,28400.2,27585.9,29132.2,0,0,0,0,1711.118727861284
67oqwcs(3),633fauvs(3),633tgofe(3),|67oqwcs(3),633fauvs(3),633tgofe(3),|67oqwcs(3),633fauvs(3),633tgofe(3),|67oqwcs(3),633fauvs(3),633tgofe(3),;27626.9,28400.2,27585.9,29132.2,0,0,0,0,1716.118727861284
633fauvs(3),633tgofe(3),|633fauvs(3),633tgofe(3),|633fauvs(3),633tgofe(3),|633fauvs(3),633tgofe(3),;29173.1,29946.4,29905.3,30678.4,0,0,0,0,1721.118727861284
633fauvs(3),633tgofe(3),|633fauvs(3),633tgofe(3),|633fauvs(3),633tgofe(3),|633fauvs(3),633tgofe(3),;29173.1,29946.4,29905.3,30678.4,0,0,0,0,1726.118727861284
633fauvs(3),633tgofe(3),|633fauvs(3),633tgofe(3),|633fauvs(3),633tgofe(3),|633fauvs(3),633tgofe(3),;29173.1,29946.4,29905.3,30678.4,0,0,0,0,1731.118727861284
633fauvs(3),633tgofe(3),|633fauvs(3),633tgofe(3),|633fauvs(3),633tgofe(3),|633fauvs(3),633tgofe(3),;29173.1,29946.4,29905.3,30678.4,0,0,0,0,1736.118727861284
633fauvs(3),633tgofe(3),|633fauvs(3),633tgofe(3),|633fauvs(3),633tgofe(3),|633fauvs(3),633tgofe(3),;29173.1,29946.4,29905.3,30678.4,0,0,0,0,1741.118727861284
633fauvs(3),633tgofe(3),|633fauvs(3),633tgofe(3),|633fauvs(3),633tgofe(3),|633fauvs(3),633tgofe(3),;29173.1,29946.4,29905.3,30678.4,0,0,0,0,1746.118727861284
633fauvs(3),633tgofe(3),|633fauvs(3),633tgofe(3),|633fauvs(3),633tgofe(3),|633fauvs(3),633tgofe(3),;29173.1,29946.4,29905.3,30678.4,0,0,0,0,1751.118727861284
633fauvs(3),633tgofe(3),|633fauvs(3),633tgofe(3),|633fauvs(3),633tgofe(3),|633fauvs(3),633tgofe(3),;29173.1,29946.4,29905.3,30678.4,0,0,0,0,1756.118727861284
633fauvs(3),633tgofe(3),|633fauvs(3),633tgofe(3),|633fauvs(3),633tgofe(3),|633fauvs(3),633tgofe(3),;29173.1,29946.4,29905.3,30678.4,0,0,0,0,1761.118727861284
633fauvs(3),633tgofe(3),|633fauvs(3),633tgofe(3),|633fauvs(3),633tgofe(3),|633fauvs(3),633tgofe(3),;29173.1,29946.4,29905.3,30678.4,0,0,0,0,1766.118727861284
633fauvs(3),633tgofe(3),|633fauvs(3),633tgofe(3),|633fauvs(3),633tgofe(3),|633fauvs(3),633tgofe(3),;29173.1,29946.4,29905.3,30678.4,0,0,0,0,1771.118727861284
633fauvs(3),633tgofe(3),|633fauvs(3),633tgofe(3),|633fauvs(3),633tgofe(3),|633fauvs(3),633tgofe(3),;29173.1,29946.4,29905.3,30678.4,0,0,0,0,1776.118727861284
633fauvs(3),633tgofe(3),|633fauvs(3),633tgofe(3),|633fauvs(3),633tgofe(3),|633fauvs(3),633tgofe(3),;29173.1,29946.4,29905.3,30678.4,0,0,0,0,1781.118727861284
633fauvs(3),633tgofe(3),|633fauvs(3),633tgofe(3),|633fauvs(3),633tgofe(3),|633fauvs(3),633tgofe(3),;29173.1,29946.4,29905.3,30678.4,0,0,0,0,1786.118727861284
633fauvs(3),633tgofe(3),|633fauvs(3),633tgofe(3),|633fauvs(3),633tgofe(3),|633fauvs(3),633tgofe(3),;29173.1,29946.4,29905.3,30678.4,0,0,0,0,1791.118727861284
633fauvs(3),633tgofe(3),|633fauvs(3),633tgofe(3),|633fauvs(3),633tgofe(3),|633fauvs(3),633tgofe(3),;29173.1,29946.4,29905.3,30678.4,0,0,0,0,1796.118727861284
633fauvs(3),633tgofe(3),|633fauvs(3),633tgofe(3),|633fauvs(3),633tgofe(3),|633fauvs(3),633tgofe(3),;29173.1,29946.4,29905.3,30678.4,0,0,0,0,1801.118727861284
633fauvs(3),633tgofe(3),|633fauvs(3),633tgofe(3),|633fauvs(3),633tgofe(3),|633fauvs(3),633tgofe(3),;29173.1,29946.4,29905.3,30678.4,0,0,0,0,1806.118727861284
633fauvs(3),633tgofe(3),|633fauvs(3),633tgofe(3),|633fauvs(3),633tgofe(3),|633fauvs(3),633tgofe(3),;29173.1,29946.4,29905.3,30678.4,0,0,0,0,1811.118727861284
633fauvs(3),633tgofe(3),|633fauvs(3),633tgofe(3),|633fauvs(3),633tgofe(3),|633fauvs(3),633tgofe(3),;29173.1,29946.4,29905.3,30678.4,0,0,0,0,1816.118727861284
633fauvs(3),633tgofe(3),|633fauvs(3),633tgofe(3),|633fauvs(3),633tgofe(3),|633fauvs(3),633tgofe(3),;29173.1,29946.4,29905.3,30678.4,0,0,0,0,1821.118727861284
633fauvs(3),633tgofe(3),|633fauvs(3),633tgofe(3),|633fauvs(3),633tgofe(3),|633fauvs(3),633tgofe(3),;29173.1,29946.4,29905.3,30678.4,0,0,0,0,1826.118727861284
633fauvs(3),633tgofe(3),|633fauvs(3),633tgofe(3),|633fauvs(3),633tgofe(3),|633fauvs(3),633tgofe(3),;29173.1,29946.4,29905.3,30678.4,0,0,0,0,1831.118727861284
633fauvs(3),633tgofe(3),|633fauvs(3),633tgofe(3),|633fauvs(3),633tgofe(3),|633fauvs(3),633tgofe(3),;29173.1,29946.4,29905.3,30678.4,0,0,0,0,1836.118727861284
633fauvs(3),633tgofe(3),|633fauvs(3),633tgofe(3),|633fauvs(3),633tgofe(3),|633fauvs(3),633tgofe(3),;29173.1,29946.4,29905.3,30678.4,0,0,0,0,1841.118727861284
633fauvs(3),633tgofe(3),|633fauvs(3),633tgofe(3),|633fauvs(3),633tgofe(3),|633fauvs(3),633tgofe(3),;29173.1,29946.4,29905.3,30678.4,0,0,0,0,1846.118727861284
633fauvs(3),633tgofe(3),|633fauvs(3),633tgofe(3),|633fauvs(3),633tgofe(3),|633fauvs(3),633tgofe(3),;29173.1,29946.4,29905.3,30678.4,0,0,0,0,1851.118727861284
633fauvs(3),633tgofe(3),|633fauvs(3),633tgofe(3),|633fauvs(3),633tgofe(3),|633fauvs(3),633tgofe(3),;29173.1,29946.4,29905.3,30678.4,0,0,0,0,1856.118727861284
633fauvs(3),633tgofe(3),|633fauvs(3),633tgofe(3),|633fauvs(3),633tgofe(3),|633fauvs(3),633tgofe(3),;29173.1,29946.4,29905.3,30678.4,0,0,0,0,1861.118727861284
633fauvs(3),633tgofe(3),|633fauvs(3),633tgofe(3),|633fauvs(3),633tgofe(3),|633fauvs(3),633tgofe(3),;29173.1,29946.4,29905.3,30678.4,0,0,0,0,1866.118727861284
633fauvs(3),633tgofe(3),|633fauvs(3),633tgofe(3),|633fauvs(3),633tgofe(3),|633fauvs(3),633tgofe(3),;29173.1,29946.4,29905.3,30678.4,0,0,0,0,1871.118727861284
633fauvs(3),633tgofe(3),|633fauvs(3),633tgofe(3),|633fauvs(3),633tgofe(3),|633fauvs(3),633tgofe(3),;29173.1,29946.4,29905.3,30678.4,0,0,0,0,1876.118727861284
633fauvs(3),633tgofe(3),|633fauvs(3),633tgofe(3),|633fauvs(3),633tgofe(3),|633fauvs(3),633tgofe(3),;29173.1,29946.4,29905.3,30678.4,0,0,0,0,1881.118727861284
633fauvs(3),633tgofe(3),|633fauvs(3),633tgofe(3),|633fauvs(3),633tgofe(3),|633fauvs(3),633tgofe(3),;29173.1,29946.4,29905.3,30678.4,0,0,0,0,1886.118727861284
633fauvs(3),633tgofe(3),|633fauvs(3),633tgofe(3),|633fauvs(3),633tgofe(3),|633fauvs(3),633tgofe(3),;29173.1,29946.4,29905.3,30678.4,0,0,0,0,1891.118727861284
633fauvs(3),633tgofe(3),|633fauvs(3),633tgofe(3),|633fauvs(3),633tgofe(3),|633fauvs(3),633tgofe(3),;29173.1,29946.4,29905.3,30678.4,0,0,0,0,1896.118727861284
633fauvs(3),633tgofe(3),|633fauvs(3),633tgofe(3),|633fauvs(3),633tgofe(3),|633fauvs(3),633tgofe(3),;29173.1,29946.4,29905.3,30678.4,0,0,0,0,1901.118727861284
633fauvs(3),633tgofe(3),|633fauvs(3),633tgofe(3),|633fauvs(3),633tgofe(3),|633fauvs(3),633tgofe(3),;29173.1,29946.4,29905.3,30678.4,0,0,0,0,1906.118727861284
633fauvs(3),633tgofe(3),|633fauvs(3),633tgofe(3),|633fauvs(3),633tgofe(3),|633fauvs(3),633tgofe(3),;29173.1,29946.4,29905.3,30678.4,0,0,0,0,1911.118727861284
|||;33689,33689.1,33689,33688.9,0,0,0,0,1916.118727861284
|||;33689,33689.1,33689,33688.9,0,0,0,0,1921.118727861284
|||;33689,33689.1,33689,33688.9,0,0,0,0,1926.118727861284
|||;33689,33689.1,33689,33688.9,0,0,0,0,1931.118727861284
|||;33689,33689.1,33689,33688.9,0,0,0,0,1936.118727861284
|||;33689,33689.1,33689,33688.9,0,0,0,0,1941.118727861284
|||;33689,33689.1,33689,33688.9,0,0,0,0,1946.118727861284
|||;33689,33689.1,33689,33688.9,0,0,0,0,1951.118727861284
|||;33689,33689.1,33689,33688.9,0,0,0,0,1956.118727861284
|||;33689,33689.1,33689,33688.9,0,0,0,0,1961.118727861284
|||;33689,33689.1,33689,33688.9,0,0,0,0,1966.118727861284
|||;33689,33689.1,33689,33688.9,0,0,0,0,1971.118727861284
|||;33689,33689.1,33689,33688.9,0,0,0,0,1976.118727861284
|||;33689,33689.1,33689,33688.9,0,0,0,0,1981.118727861284
|||;33689,33689.1,33689,33688.9,0,0,0,0,1986.118727861284
|||;33689,33689.1,33689,33688.9,0,0,0,0,1991.118727861284
|||;33689,33689.1,33689,33688.9,0,0,0,0,1996.118727861284
