|||;28774,28774,28774,28774,0,0,0,0,1.052385509824
|||;28774,28774,28774,28774,0,0,0,0,6.052385509824
|||;28774,28774,28774,28774,0,0,0,0,11.052385509824
|||;28774,28774,28774,28774,0,0,0,0,16.052385509824
|||;28774,28774,28774,28774,0,0,0,0,21.052385509824
|||;28774,28774,28774,28774,0,0,0,0,26.052385509824
|||;28774,28774,28774,28774,0,0,0,0,31.052385509824
|||;28774,28774,28774,28774,0,0,0,0,36.052385509824
662tawhe(3),|662tawhe(3),|662tawhe(3),|662tawhe(3),;27949.7,27949.7,27949.7,27949.7,0,0,0,0,41.052385509824
662tawhe(3),|662tawhe(3),|662tawhe(3),|662tawhe(3),;27949.7,27949.7,27949.7,27949.7,0,0,0,0,46.052385509824
662tawhe(3),|662tawhe(3),|662tawhe(3),|662tawhe(3),;27949.7,27949.7,27949.7,27949.7,0,0,0,0,51.052385509824
662tawhe(3),|662tawhe(3),|662tawhe(3),|662tawhe(3),;27949.7,27949.7,27949.7,27949.7,0,0,0,0,56.052385509824
662tawhe(3),|662tawhe(3),|662tawhe(3),|662tawhe(3),;27949.7,27949.7,27949.7,27949.7,0,0,0,0,61.052385509824
662tawhe(3),|662tawhe(3),|662tawhe(3),|662tawhe(3),;27949.7,27949.7,27949.7,27949.7,0,0,0,0,66.052385509824
662tawhe(3),|662tawhe(3),|662tawhe(3),|662tawhe(3),;27949.7,27949.7,27949.7,27949.7,0,0,0,0,71.052385509824
662tawhe(3),|662tawhe(3),|662tawhe(3),|662tawhe(3),;27949.7,27949.7,27949.7,27949.7,0,0,0,0,76.052385509824
662tawhe(3),|662tawhe(3),|662tawhe(3),|662tawhe(3),;27949.7,27949.7,27949.7,27949.7,0,0,0,0,81.052385509824
662tawhe(3),|662tawhe(3),|662tawhe(3),|662tawhe(3),;27949.7,27949.7,27949.7,27949.7,0,0,0,0,86.052385509824
662tawhe(3),|662tawhe(3),|662tawhe(3),|662tawhe(3),;27949.7,27949.7,27949.7,27949.7,0,0,0,0,91.052385509824
662tawhe(3),|662tawhe(3),|662tawhe(3),|662tawhe(3),;27949.7,27949.7,27949.7,27949.7,0,0,0,0,96.052385509824
|||;28774,28774,28774,28774,0,0,0,0,101.052385509824
|||;28774,28774,28774,28774,0,0,0,0,106.052385509824
|||;28774,28774,28774,28774,0,0,0,0,111.052385509824
|||;28774,28774,28774,28774,0,0,0,0,116.052385509824
|||;28774,28774,28774,28774,0,0,0,0,121.052385509824
|||;28774,28774,28774,28774,0,0,0,0,126.052385509824
|||;28774,28774,28774,28774,0,0,0,0,131.052385509824
|||;28774,28774,28774,28774,0,0,0,0,136.052385509824
|||;28774,28774,28774,28774,0,0,0,0,141.052385509824
|||;28774,28774,28774,28774,0,0,0,0,146.052385509824
|||;28774,28774,28774,28774,0,0,0,0,151.052385509824
|||;28774,28774,28774,28774,0,0,0,0,156.052385509824
|||;28774,28774,28774,28774,0,0,0,0,161.052385509824
691gxasy(2),|||;27985.5,28774,28774,28774,0.528247868483,0,0,0,166.052385509824
691gxasy(3),|||;27985.5,28774,28774,28774,0,0,0,0,171.052385509824
691gxasy(3),|||;27985.5,28774,28774,28774,0,0,0,0,176.052385509824
691gxasy(3),|||;27985.5,28774,28774,28774,0,0,0,0,181.052385509824
691gxasy(3),|||;27985.5,28774,28774,28774,0,0,0,0,186.052385509824
691gxasy(3),|||;27985.5,28774,28774,28774,0,0,0,0,191.052385509824
691gxasy(3),|||;27985.5,28774,28774,28774,0,0,0,0,196.052385509824
691gxasy(3),|||;27985.5,28774,28774,28774,0,0,0,0,201.052385509824
691gxasy(3),|||;27985.5,28774,28774,28774,0,0,0,0,206.052385509824
691gxasy(3),|||;27985.5,28774,28774,28774,0,0,0,0,211.052385509824
691gxasy(3),|||;27985.5,28774,28774,28774,0,0,0,0,216.052385509824
691gxasy(3),|||;27985.5,28774,28774,28774,0,0,0,0,221.052385509824
691gxasy(3),|||;27985.5,28774,28774,28774,0,0,0,0,226.052385509824
691gxasy(3),|||;27985.5,28774,28774,28774,0,0,0,0,231.052385509824
691gxasy(3),|||;27985.5,28774,28774,28774,0,0,0,0,236.052385509824
691gxasy(3),|||;27985.5,28774,28774,28774,0,0,0,0,241.052385509824
691gxasy(3),|||;27985.5,28774,28774,28774,0,0,0,0,246.052385509824
691gxasy(3),|||;27985.5,28774,28774,28774,0,0,0,0,251.052385509824
691gxasy(3),|||;27985.5,28774,28774,28774,0,0,0,0,256.052385509824
691gxasy(3),|||;27985.5,28774,28774,28774,0,0,0,0,261.052385509824
691gxasy(3),|||;27985.5,28774,28774,28774,0,0,0,0,266.052385509824
691gxasy(3),|||;27985.5,28774,28774,28774,0,0,0,0,271.052385509824
691gxasy(3),|||;27985.5,28774,28774,28774,0,0,0,0,276.052385509824
691gxasy(3),|||;27985.5,28774,28774,28774,0,0,0,0,281.052385509824
691gxasy(3),|||;27985.5,28774,28774,28774,0,0,0,0,286.052385509824
691gxasy(3),|||;27985.5,28774,28774,28774,0,0,0,0,291.052385509824
691gxasy(3),|||;27985.5,28774,28774,28774,0,0,0,0,296.052385509824
691gxasy(3),|||;27985.5,28774,28774,28774,0,0,0,0,301.052385509824
691gxasy(3),|||;27985.5,28774,28774,28774,0,0,0,0,306.052385509824
691gxasy(3),|||;27985.5,28774,28774,28774,0,0,0,0,311.052385509824
691gxasy(3),|||;27985.5,28774,28774,28774,0,0,0,0,316.052385509824
691gxasy(3),|||;27985.5,28774,28774,28774,0,0,0,0,321.052385509824
691gxasy(3),|||;27985.5,28774,28774,28774,0,0,0,0,326.052385509824
691gxasy(3),|||;27985.5,28774,28774,28774,0,0,0,0,331.052385509824
691gxasy(3),|||;27985.5,28774,28774,28774,0,0,0,0,336.052385509824
691gxasy(3),|||;27985.5,28774,28774,28774,0,0,0,0,341.052385509824
691gxasy(3),|||;27985.5,28774,28774,28774,0,0,0,0,346.052385509824
691gxasy(3),|||;27985.5,28774,28774,28774,0,0,0,0,351.052385509824
691gxasy(3),|||;27985.5,28774,28774,28774,0,0,0,0,356.052385509824
691gxasy(3),|||;27985.5,28774,28774,28774,0,0,0,0,361.052385509824
691gxasy(3),|||;27985.5,28774,28774,28774,0,0,0,0,366.052385509824
691gxasy(3),|||;27985.5,28774,28774,28774,0,0,0,0,371.052385509824
691gxasy(3),|||;27985.5,28774,28774,28774,0,0,0,0,376.052385509824
691gxasy(3),|||;27985.5,28774,28774,28774,0,0,0,0,381.052385509824
691gxasy(3),|||;27985.5,28774,28774,28774,0,0,0,0,386.052385509824
691gxasy(3),|||;27985.5,28774,28774,28774,0,0,0,0,391.052385509824
691gxasy(3),|||;27985.5,28774,28774,28774,0,0,0,0,396.052385509824
691gxasy(3),|||;27985.5,28774,28774,28774,0,0,0,0,401.052385509824
691gxasy(3),|||;27985.5,28774,28774,28774,0,0,0,0,406.052385509824
691gxasy(3),|||;27985.5,28774,28774,28774,0,0,0,0,411.052385509824
691gxasy(3),|||;27985.5,28774,28774,28774,0,0,0,0,416.052385509824
691gxasy(3),49ynzfq(0),|49ynzfq(0),|49ynzfq(0),|49ynzfq(0),;25005.7,26787.4,26787.4,25794.2,13.046617749373,8.895112769781,8.895112769781,13.046617749373,421.052385509824
691gxasy(3),49ynzfq(2),|49ynzfq(2),|49ynzfq(2),|49ynzfq(2),;25005.7,26787.4,26787.4,25794.2,8.046617749373,3.895112769781,3.895112769781,8.046617749373,426.052385509824
691gxasy(3),49ynzfq(2),|||49ynzfq(2),;25005.7,28774,28774,25794.2,3.046617749373,0,0,3.046617749373,431.052385509824
691gxasy(3),|||;27985.5,28774,28774,28774,0,0,0,0,436.052385509824
|||;28774,28774,28774,28774,0,0,0,0,441.052385509824
|||;28774,28774,28774,28774,0,0,0,0,446.052385509824
|||;28774,28774,28774,28774,0,0,0,0,451.052385509824
|||;28774,28774,28774,28774,0,0,0,0,456.052385509824
|||;28774,28774,28774,28774,0,0,0,0,461.052385509824
|||;28774,28774,28774,28774,0,0,0,0,466.052385509824
|||;28774,28774,28774,28774,0,0,0,0,471.052385509824
|||;28774,28774,28774,28774,0,0,0,0,476.052385509824
|||;28774,28774,28774,28774,0,0,0,0,481.052385509824
|||;28774,28774,28774,28774,0,0,0,0,486.052385509824
|||;28774,28774,28774,28774,0,0,0,0,491.052385509824
|||;28774,28774,28774,28774,0,0,0,0,496.052385509824
|||;28774,28774,28774,28774,0,0,0,0,501.052385509824
|||;28774,28774,28774,28774,0,0,0,0,506.052385509824
|||;28774,28774,28774,28774,0,0,0,0,511.052385509824
|||;28774,28774,28774,28774,0,0,0,0,516.052385509824
|||;28774,28774,28774,28774,0,0,0,0,521.052385509824
|||;28774,28774,28774,28774,0,0,0,0,526.052385509824
|||;28774,28774,28774,28774,0,0,0,0,531.052385509824
|||;28774,28774,28774,28774,0,0,0,0,536.052385509824
|||;28774,28774,28774,28774,0,0,0,0,541.052385509824
|||;28774,28774,28774,28774,0,0,0,0,546.052385509824
|||;28774,28774,28774,28774,0,0,0,0,551.052385509824
|||;28774,28774,28774,28774,0,0,0,0,556.052385509824
|||;28774,28774,28774,28774,0,0,0,0,561.052385509824
|||;28774,28774,28774,28774,0,0,0,0,566.052385509824
|||;28774,28774,28774,28774,0,0,0,0,571.052385509824
|||;28774,28774,28774,28774,0,0,0,0,576.052385509824
211maigs(2),|211maigs(2),|211maigs(2),|211maigs(2),;27084.4,27647.6,27647.6,27084.4,6.034090666819,3.68014454437,3.68014454437,6.034090666819,581.052385509824
211maigs(2),|||211maigs(2),;27084.4,28774,28774,27084.4,1.034090666819,0,0,1.034090666819,586.052385509824
|||;28774,28774,28774,28774,0,0,0,0,591.052385509824
|||;28774,28774,28774,28774,0,0,0,0,596.052385509824
|||;28774,28774,28774,28774,0,0,0,0,601.052385509824
|||;28774,28774,28774,28774,0,0,0,0,606.052385509824
|||;28774,28774,28774,28774,0,0,0,0,611.052385509824
|||;28774,28774,28774,28774,0,0,0,0,616.052385509824
|||;28774,28774,28774,28774,0,0,0,0,621.052385509824
|||;28774,28774,28774,28774,0,0,0,0,626.052385509824
|||;28774,28774,28774,28774,0,0,0,0,631.052385509824
|||;28774,28774,28774,28774,0,0,0,0,636.052385509824
|||;28774,28774,28774,28774,0,0,0,0,641.052385509824
|||;28774,28774,28774,28774,0,0,0,0,646.052385509824
|||;28774,28774,28774,28774,0,0,0,0,651.052385509824
|||;28774,28774,28774,28774,0,0,0,0,656.052385509824
|||;28774,28774,28774,28774,0,0,0,0,661.052385509824
|||;28774,28774,28774,28774,0,0,0,0,666.052385509824
|||;28774,28774,28774,28774,0,0,0,0,671.052385509824
|||;28774,28774,28774,28774,0,0,0,0,676.052385509824
|||;28774,28774,28774,28774,0,0,0,0,681.052385509824
|||;28774,28774,28774,28774,0,0,0,0,686.052385509824
|||;28774,28774,28774,28774,0,0,0,0,691.052385509824
|||;28774,28774,28774,28774,0,0,0,0,696.052385509824
|||;28774,28774,28774,28774,0,0,0,0,701.052385509824
|||;28774,28774,28774,28774,0,0,0,0,706.052385509824
|||;28774,28774,28774,28774,0,0,0,0,711.052385509824
|||;28774,28774,28774,28774,0,0,0,0,716.052385509824
|||;28774,28774,28774,28774,0,0,0,0,721.052385509824
|||;28774,28774,28774,28774,0,0,0,0,726.052385509824
|||;28774,28774,28774,28774,0,0,0,0,731.052385509824
|||;28774,28774,28774,28774,0,0,0,0,736.052385509824
|||;28774,28774,28774,28774,0,0,0,0,741.052385509824
|||;28774,28774,28774,28774,0,0,0,0,746.052385509824
|||;28774,28774,28774,28774,0,0,0,0,751.052385509824
|||;28774,28774,28774,28774,0,0,0,0,756.052385509824
|||;28774,28774,28774,28774,0,0,0,0,761.052385509824
|||;28774,28774,28774,28774,0,0,0,0,766.052385509824
|||;28774,28774,28774,28774,0,0,0,0,771.052385509824
73cmsqv(2),|73cmsqv(2),|73cmsqv(2),|73cmsqv(2),;27381.4,26685,26685,27381.4,4.46967550115,7.380008888906,7.380008888906,4.46967550115,776.052385509824
|73cmsqv(2),|73cmsqv(2),|;28774,26685,26685,28774,0,2.380008888906,2.380008888906,0,781.052385509824
|||;28774,28774,28774,28774,0,0,0,0,786.052385509824
|||;28774,28774,28774,28774,0,0,0,0,791.052385509824
|||;28774,28774,28774,28774,0,0,0,0,796.052385509824
|||;28774,28774,28774,28774,0,0,0,0,801.052385509824
|||;28774,28774,28774,28774,0,0,0,0,806.052385509824
|||;28774,28774,28774,28774,0,0,0,0,811.052385509824
|||;28774,28774,28774,28774,0,0,0,0,816.052385509824
|||;28774,28774,28774,28774,0,0,0,0,821.052385509824
|||;28774,28774,28774,28774,0,0,0,0,826.052385509824
|||;28774,28774,28774,28774,0,0,0,0,831.052385509824
|||;28774,28774,28774,28774,0,0,0,0,836.052385509824
|||;28774,28774,28774,28774,0,0,0,0,841.052385509824
|||;28774,28774,28774,28774,0,0,0,0,846.052385509824
|||;28774,28774,28774,28774,0,0,0,0,851.052385509824
|||;28774,28774,28774,28774,0,0,0,0,856.052385509824
|||;28774,28774,28774,28774,0,0,0,0,861.052385509824
|||;28774,28774,28774,28774,0,0,0,0,866.052385509824
|||;28774,28774,28774,28774,0,0,0,0,871.052385509824
|||;28774,28774,28774,28774,0,0,0,0,876.052385509824
|||;28774,28774,28774,28774,0,0,0,0,881.052385509824
|||;28774,28774,28774,28774,0,0,0,0,886.052385509824
|||;28774,28774,28774,28774,0,0,0,0,891.052385509824
|||;28774,28774,28774,28774,0,0,0,0,896.052385509824
|||;28774,28774,28774,28774,0,0,0,0,901.052385509824
|||;28774,28774,28774,28774,0,0,0,0,906.052385509824
|||;28774,28774,28774,28774,0,0,0,0,911.052385509824
|||;28774,28774,28774,28774,0,0,0,0,916.052385509824
|||;28774,28774,28774,28774,0,0,0,0,921.052385509824
|||;28774,28774,28774,28774,0,0,0,0,926.052385509824
|||;28774,28774,28774,28774,0,0,0,0,931.052385509824
|||;28774,28774,28774,28774,0,0,0,0,936.052385509824
|||;28774,28774,28774,28774,0,0,0,0,941.052385509824
|||;28774,28774,28774,28774,0,0,0,0,946.052385509824
|||;28774,28774,28774,28774,0,0,0,0,951.052385509824
|||;28774,28774,28774,28774,0,0,0,0,956.052385509824
|||;28774,28774,28774,28774,0,0,0,0,961.052385509824
|||;28774,28774,28774,28774,0,0,0,0,966.052385509824
|||;28774,28774,28774,28774,0,0,0,0,971.052385509824
|||;28774,28774,28774,28774,0,0,0,0,976.052385509824
|||;28774,28774,28774,28774,0,0,0,0,981.052385509824
|||;28774,28774,28774,28774,0,0,0,0,986.052385509824
|||;28774,28774,28774,28774,0,0,0,0,991.052385509824
|||;28774,28774,28774,28774,0,0,0,0,996.052385509824
|||;28774,28774,28774,28774,0,0,0,0,1001.052385509824
|||;28774,28774,28774,28774,0,0,0,0,1006.052385509824
|||;28774,28774,28774,28774,0,0,0,0,1011.052385509824
|||;28774,28774,28774,28774,0,0,0,0,1016.052385509824
|||;28774,28774,28774,28774,0,0,0,0,1021.052385509824
|||;28774,28774,28774,28774,0,0,0,0,1026.052385509824
|||;28774,28774,28774,28774,0,0,0,0,1031.052385509824
|||;28774,28774,28774,28774,0,0,0,0,1036.052385509824
|||;28774,28774,28774,28774,0,0,0,0,1041.052385509824
|||;28774,28774,28774,28774,0,0,0,0,1046.052385509824
|||;28774,28774,28774,28774,0,0,0,0,1051.052385509824
|||;28774,28774,28774,28774,0,0,0,0,1056.052385509824
|||;28774,28774,28774,28774,0,0,0,0,1061.052385509824
|||;28774,28774,28774,28774,0,0,0,0,1066.052385509824
|||;28774,28774,28774,28774,0,0,0,0,1071.052385509824
|||;28774,28774,28774,28774,0,0,0,0,1076.052385509824
|||;28774,28774,28774,28774,0,0,0,0,1081.052385509824
|||;28774,28774,28774,28774,0,0,0,0,1086.052385509824
|||;28774,28774,28774,28774,0,0,0,0,1091.052385509824
|||;28774,28774,28774,28774,0,0,0,0,1096.052385509824
|||;28774,28774,28774,28774,0,0,0,0,1101.052385509824
|||;28774,28774,28774,28774,0,0,0,0,1106.052385509824
74ptwfa(2),|74ptwfa(2),|74ptwfa(2),|74ptwfa(2),;26193.5,27053.7,27053.7,26193.5,10.216153707357,6.509035993071,6.509035993071,10.216153707357,1111.052385509824
74ptwfa(2),|74ptwfa(2),|74ptwfa(2),|74ptwfa(2),;26193.5,27053.7,27053.7,26193.5,5.216153707357,1.509035993071,1.509035993071,5.216153707357,1116.052385509824
74ptwfa(3),|74ptwfa(3),|74ptwfa(3),|74ptwfa(3),;26193.5,27053.7,27053.7,26193.5,0.216153707357,0,0,0.216153707357,1121.052385509824
74ptwfa(3),|74ptwfa(3),|74ptwfa(3),|74ptwfa(3),;26193.5,27053.7,27053.7,26193.5,0,0,0,0,1126.052385509824
74ptwfa(3),436xzvmp(0),|74ptwfa(3),436xzvmp(0),|74ptwfa(3),436xzvmp(0),|74ptwfa(3),436xzvmp(0),;23812.7,25466.5,25466.5,23812.7,14.582796665305,11.059205917006,11.059205917006,14.582796665305,1131.052385509824
74ptwfa(3),436xzvmp(2),|74ptwfa(3),436xzvmp(2),|74ptwfa(3),436xzvmp(2),|74ptwfa(3),436xzvmp(2),;23812.7,25466.5,25466.5,23812.7,9.582796665305,6.059205917006,6.059205917006,9.582796665305,1136.052385509824
74ptwfa(3),436xzvmp(2),|74ptwfa(3),436xzvmp(2),|74ptwfa(3),436xzvmp(2),|74ptwfa(3),436xzvmp(2),;23812.7,25466.5,25466.5,23812.7,4.582796665305,1.059205917006,1.059205917006,4.582796665305,1141.052385509824
74ptwfa(3),436xzvmp(3),|74ptwfa(3),436xzvmp(3),|74ptwfa(3),436xzvmp(3),|74ptwfa(3),436xzvmp(3),;23812.7,25466.5,25466.5,23812.7,0,0,0,0,1146.052385509824
74ptwfa(3),436xzvmp(3),|74ptwfa(3),436xzvmp(3),|74ptwfa(3),436xzvmp(3),|74ptwfa(3),436xzvmp(3),;23812.7,25466.5,25466.5,23812.7,0,0,0,0,1151.052385509824
74ptwfa(3),436xzvmp(3),|74ptwfa(3),436xzvmp(3),|74ptwfa(3),436xzvmp(3),|74ptwfa(3),436xzvmp(3),;23812.7,25466.5,25466.5,23812.7,0,0,0,0,1156.052385509824
74ptwfa(3),436xzvmp(3),|74ptwfa(3),436xzvmp(3),|74ptwfa(3),436xzvmp(3),|74ptwfa(3),436xzvmp(3),;23812.7,25466.5,25466.5,23812.7,0,0,0,0,1161.052385509824
74ptwfa(3),436xzvmp(3),|74ptwfa(3),436xzvmp(3),|74ptwfa(3),436xzvmp(3),|74ptwfa(3),436xzvmp(3),;23812.7,25466.5,25466.5,23812.7,0,0,0,0,1166.052385509824
74ptwfa(3),436xzvmp(3),|74ptwfa(3),436xzvmp(3),|74ptwfa(3),436xzvmp(3),|74ptwfa(3),436xzvmp(3),;23812.7,25466.5,25466.5,23812.7,0,0,0,0,1171.052385509824
74ptwfa(3),436xzvmp(3),|74ptwfa(3),436xzvmp(3),|74ptwfa(3),436xzvmp(3),|74ptwfa(3),436xzvmp(3),;23812.7,25466.5,25466.5,23812.7,0,0,0,0,1176.052385509824
74ptwfa(3),436xzvmp(3),|74ptwfa(3),436xzvmp(3),|74ptwfa(3),436xzvmp(3),|74ptwfa(3),436xzvmp(3),;23812.7,25466.5,25466.5,23812.7,0,0,0,0,1181.052385509824
74ptwfa(3),436xzvmp(3),|74ptwfa(3),436xzvmp(3),|74ptwfa(3),436xzvmp(3),|74ptwfa(3),436xzvmp(3),;23812.7,25466.5,25466.5,23812.7,0,0,0,0,1186.052385509824
74ptwfa(3),436xzvmp(3),|74ptwfa(3),436xzvmp(3),|74ptwfa(3),436xzvmp(3),|74ptwfa(3),436xzvmp(3),;23812.7,25466.5,25466.5,23812.7,0,0,0,0,1191.052385509824
74ptwfa(3),436xzvmp(3),|74ptwfa(3),436xzvmp(3),|74ptwfa(3),436xzvmp(3),|74ptwfa(3),436xzvmp(3),;23812.7,25466.5,25466.5,23812.7,0,0,0,0,1196.052385509824
74ptwfa(3),436xzvmp(3),|74ptwfa(3),436xzvmp(3),|74ptwfa(3),436xzvmp(3),|74ptwfa(3),436xzvmp(3),;23812.7,25466.5,25466.5,23812.7,0,0,0,0,1201.052385509824
74ptwfa(3),436xzvmp(3),|74ptwfa(3),436xzvmp(3),|74ptwfa(3),436xzvmp(3),|74ptwfa(3),436xzvmp(3),;23812.7,25466.5,25466.5,23812.7,0,0,0,0,1206.052385509824
74ptwfa(3),436xzvmp(3),|74ptwfa(3),436xzvmp(3),|74ptwfa(3),436xzvmp(3),|74ptwfa(3),436xzvmp(3),;23812.7,25466.5,25466.5,23812.7,0,0,0,0,1211.052385509824
74ptwfa(3),436xzvmp(3),|74ptwfa(3),436xzvmp(3),|74ptwfa(3),436xzvmp(3),|74ptwfa(3),436xzvmp(3),;23812.7,25466.5,25466.5,23812.7,0,0,0,0,1216.052385509824
74ptwfa(3),436xzvmp(3),|74ptwfa(3),436xzvmp(3),|74ptwfa(3),436xzvmp(3),|74ptwfa(3),436xzvmp(3),;23812.7,25466.5,25466.5,23812.7,0,0,0,0,1221.052385509824
74ptwfa(3),436xzvmp(3),|74ptwfa(3),436xzvmp(3),|74ptwfa(3),436xzvmp(3),|74ptwfa(3),436xzvmp(3),;23812.7,25466.5,25466.5,23812.7,0,0,0,0,1226.052385509824
74ptwfa(3),436xzvmp(3),|74ptwfa(3),436xzvmp(3),|74ptwfa(3),436xzvmp(3),|74ptwfa(3),436xzvmp(3),;23812.7,25466.5,25466.5,23812.7,0,0,0,0,1231.052385509824
74ptwfa(3),436xzvmp(3),|74ptwfa(3),436xzvmp(3),|74ptwfa(3),436xzvmp(3),|74ptwfa(3),436xzvmp(3),;23812.7,25466.5,25466.5,23812.7,0,0,0,0,1236.052385509824
74ptwfa(3),436xzvmp(3),|74ptwfa(3),436xzvmp(3),|74ptwfa(3),436xzvmp(3),|74ptwfa(3),436xzvmp(3),;23812.7,25466.5,25466.5,23812.7,0,0,0,0,1241.052385509824
74ptwfa(3),436xzvmp(3),|74ptwfa(3),436xzvmp(3),|74ptwfa(3),436xzvmp(3),|74ptwfa(3),436xzvmp(3),;23812.7,25466.5,25466.5,23812.7,0,0,0,0,1246.052385509824
74ptwfa(3),436xzvmp(3),|74ptwfa(3),436xzvmp(3),|74ptwfa(3),436xzvmp(3),|74ptwfa(3),436xzvmp(3),;23812.7,25466.5,25466.5,23812.7,0,0,0,0,1251.052385509824
74ptwfa(3),436xzvmp(3),|74ptwfa(3),436xzvmp(3),|74ptwfa(3),436xzvmp(3),|74ptwfa(3),436xzvmp(3),;23812.7,25466.5,25466.5,23812.7,0,0,0,0,1256.052385509824
74ptwfa(3),436xzvmp(3),|74ptwfa(3),436xzvmp(3),|74ptwfa(3),436xzvmp(3),|74ptwfa(3),436xzvmp(3),;23812.7,25466.5,25466.5,23812.7,0,0,0,0,1261.052385509824
74ptwfa(3),436xzvmp(3),|74ptwfa(3),436xzvmp(3),|74ptwfa(3),436xzvmp(3),|74ptwfa(3),436xzvmp(3),;23812.7,25466.5,25466.5,23812.7,0,0,0,0,1266.052385509824
74ptwfa(3),436xzvmp(3),|74ptwfa(3),436xzvmp(3),|74ptwfa(3),436xzvmp(3),|74ptwfa(3),436xzvmp(3),;23812.7,25466.5,25466.5,23812.7,0,0,0,0,1271.052385509824
74ptwfa(3),436xzvmp(3),|74ptwfa(3),436xzvmp(3),|74ptwfa(3),436xzvmp(3),|74ptwfa(3),436xzvmp(3),;23812.7,25466.5,25466.5,23812.7,0,0,0,0,1276.052385509824
74ptwfa(3),436xzvmp(3),|74ptwfa(3),436xzvmp(3),|74ptwfa(3),436xzvmp(3),|74ptwfa(3),436xzvmp(3),;23812.7,25466.5,25466.5,23812.7,0,0,0,0,1281.052385509824
74ptwfa(3),436xzvmp(3),|74ptwfa(3),436xzvmp(3),|74ptwfa(3),436xzvmp(3),|74ptwfa(3),436xzvmp(3),;23812.7,25466.5,25466.5,23812.7,0,0,0,0,1286.052385509824
74ptwfa(3),436xzvmp(3),|74ptwfa(3),436xzvmp(3),|74ptwfa(3),436xzvmp(3),|74ptwfa(3),436xzvmp(3),;23812.7,25466.5,25466.5,23812.7,0,0,0,0,1291.052385509824
74ptwfa(3),436xzvmp(3),|74ptwfa(3),436xzvmp(3),|74ptwfa(3),436xzvmp(3),|74ptwfa(3),436xzvmp(3),;23812.7,25466.5,25466.5,23812.7,0,0,0,0,1296.052385509824
74ptwfa(3),436xzvmp(3),|74ptwfa(3),436xzvmp(3),|74ptwfa(3),436xzvmp(3),|74ptwfa(3),436xzvmp(3),;23812.7,25466.5,25466.5,23812.7,0,0,0,0,1301.052385509824
74ptwfa(3),436xzvmp(3),|74ptwfa(3),436xzvmp(3),|74ptwfa(3),436xzvmp(3),|74ptwfa(3),436xzvmp(3),;23812.7,25466.5,25466.5,23812.7,0,0,0,0,1306.052385509824
74ptwfa(3),436xzvmp(3),|74ptwfa(3),436xzvmp(3),|74ptwfa(3),436xzvmp(3),|74ptwfa(3),436xzvmp(3),;23812.7,25466.5,25466.5,23812.7,0,0,0,0,1311.052385509824
74ptwfa(3),436xzvmp(3),|74ptwfa(3),436xzvmp(3),|74ptwfa(3),436xzvmp(3),|74ptwfa(3),436xzvmp(3),;23812.7,25466.5,25466.5,23812.7,0,0,0,0,1316.052385509824
74ptwfa(3),436xzvmp(3),|74ptwfa(3),436xzvmp(3),|74ptwfa(3),436xzvmp(3),|74ptwfa(3),436xzvmp(3),;23812.7,25466.5,25466.5,23812.7,0,0,0,0,1321.052385509824
74ptwfa(3),436xzvmp(3),|74ptwfa(3),436xzvmp(3),|74ptwfa(3),436xzvmp(3),|74ptwfa(3),436xzvmp(3),;23812.7,25466.5,25466.5,23812.7,0,0,0,0,1326.052385509824
74ptwfa(3),436xzvmp(3),|74ptwfa(3),436xzvmp(3),|74ptwfa(3),436xzvmp(3),|74ptwfa(3),436xzvmp(3),;23812.7,25466.5,25466.5,23812.7,0,0,0,0,1331.052385509824
74ptwfa(3),436xzvmp(3),|74ptwfa(3),436xzvmp(3),|74ptwfa(3),436xzvmp(3),|74ptwfa(3),436xzvmp(3),;23812.7,25466.5,25466.5,23812.7,0,0,0,0,1336.052385509824
74ptwfa(3),436xzvmp(3),|74ptwfa(3),436xzvmp(3),|74ptwfa(3),436xzvmp(3),|74ptwfa(3),436xzvmp(3),;23812.7,25466.5,25466.5,23812.7,0,0,0,0,1341.052385509824
74ptwfa(3),436xzvmp(3),|74ptwfa(3),436xzvmp(3),|74ptwfa(3),436xzvmp(3),|74ptwfa(3),436xzvmp(3),;23812.7,25466.5,25466.5,23812.7,0,0,0,0,1346.052385509824
74ptwfa(3),436xzvmp(3),|74ptwfa(3),436xzvmp(3),|74ptwfa(3),436xzvmp(3),|74ptwfa(3),436xzvmp(3),;23812.7,25466.5,25466.5,23812.7,0,0,0,0,1351.052385509824
74ptwfa(3),436xzvmp(3),|74ptwfa(3),436xzvmp(3),|74ptwfa(3),436xzvmp(3),|74ptwfa(3),436xzvmp(3),;23812.7,25466.5,25466.5,23812.7,0,0,0,0,1356.052385509824
74ptwfa(3),436xzvmp(3),|74ptwfa(3),436xzvmp(3),|74ptwfa(3),436xzvmp(3),|74ptwfa(3),436xzvmp(3),;23812.7,25466.5,25466.5,23812.7,0,0,0,0,1361.052385509824
74ptwfa(3),436xzvmp(3),|74ptwfa(3),436xzvmp(3),|74ptwfa(3),436xzvmp(3),|74ptwfa(3),436xzvmp(3),;23812.7,25466.5,25466.5,23812.7,0,0,0,0,1366.052385509824
74ptwfa(3),436xzvmp(3),|74ptwfa(3),436xzvmp(3),|74ptwfa(3),436xzvmp(3),|74ptwfa(3),436xzvmp(3),;23812.7,25466.5,25466.5,23812.7,0,0,0,0,1371.052385509824
74ptwfa(3),436xzvmp(3),|74ptwfa(3),436xzvmp(3),|74ptwfa(3),436xzvmp(3),|74ptwfa(3),436xzvmp(3),;23812.7,25466.5,25466.5,23812.7,0,0,0,0,1376.052385509824
74ptwfa(3),436xzvmp(3),|74ptwfa(3),436xzvmp(3),|74ptwfa(3),436xzvmp(3),|74ptwfa(3),436xzvmp(3),;23812.7,25466.5,25466.5,23812.7,0,0,0,0,1381.052385509824
74ptwfa(3),436xzvmp(3),|74ptwfa(3),436xzvmp(3),|74ptwfa(3),436xzvmp(3),|74ptwfa(3),436xzvmp(3),;23812.7,25466.5,25466.5,23812.7,0,0,0,0,1386.052385509824
74ptwfa(3),436xzvmp(3),|74ptwfa(3),436xzvmp(3),|74ptwfa(3),436xzvmp(3),|74ptwfa(3),436xzvmp(3),;23812.7,25466.5,25466.5,23812.7,0,0,0,0,1391.052385509824
74ptwfa(3),436xzvmp(3),592kvplc(0),|74ptwfa(3),436xzvmp(3),592kvplc(0),|74ptwfa(3),436xzvmp(3),592kvplc(0),|74ptwfa(3),436xzvmp(3),592kvplc(0),;22000.2,24258.2,24258.2,22000.2,10.039780226689,7.199971355941,7.199971355941,10.039780226689,1396.052385509824
74ptwfa(3),436xzvmp(3),592kvplc(2),|74ptwfa(3),436xzvmp(3),592kvplc(2),|74ptwfa(3),436xzvmp(3),592kvplc(2),|74ptwfa(3),436xzvmp(3),592kvplc(2),;22000.2,24258.2,24258.2,22000.2,5.039780226689,2.199971355941,2.199971355941,5.039780226689,1401.052385509824
74ptwfa(3),436xzvmp(3),592kvplc(3),|74ptwfa(3),436xzvmp(3),592kvplc(3),|74ptwfa(3),436xzvmp(3),592kvplc(3),|74ptwfa(3),436xzvmp(3),592kvplc(3),;22000.2,24258.2,24258.2,22000.2,0.039780226689,0,0,0.039780226689,1406.052385509824
74ptwfa(3),436xzvmp(3),592kvplc(3),|74ptwfa(3),436xzvmp(3),592kvplc(3),|74ptwfa(3),436xzvmp(3),592kvplc(3),|74ptwfa(3),436xzvmp(3),592kvplc(3),;22000.2,24258.2,24258.2,22000.2,0,0,0,0,1411.052385509824
74ptwfa(3),436xzvmp(3),592kvplc(3),|74ptwfa(3),436xzvmp(3),592kvplc(3),|74ptwfa(3),436xzvmp(3),592kvplc(3),|74ptwfa(3),436xzvmp(3),592kvplc(3),;22000.2,24258.2,24258.2,22000.2,0,0,0,0,1416.052385509824
74ptwfa(3),436xzvmp(3),592kvplc(3),|74ptwfa(3),436xzvmp(3),592kvplc(3),|74ptwfa(3),436xzvmp(3),592kvplc(3),|74ptwfa(3),436xzvmp(3),592kvplc(3),;22000.2,24258.2,24258.2,22000.2,0,0,0,0,1421.052385509824
74ptwfa(3),436xzvmp(3),592kvplc(3),|74ptwfa(3),436xzvmp(3),592kvplc(3),|74ptwfa(3),436xzvmp(3),592kvplc(3),|74ptwfa(3),436xzvmp(3),592kvplc(3),;22000.2,24258.2,24258.2,22000.2,0,0,0,0,1426.052385509824
74ptwfa(3),436xzvmp(3),592kvplc(3),|74ptwfa(3),436xzvmp(3),592kvplc(3),|74ptwfa(3),436xzvmp(3),592kvplc(3),|74ptwfa(3),436xzvmp(3),592kvplc(3),;22000.2,24258.2,24258.2,22000.2,0,0,0,0,1431.052385509824
74ptwfa(3),436xzvmp(3),592kvplc(3),|74ptwfa(3),436xzvmp(3),592kvplc(3),|74ptwfa(3),436xzvmp(3),592kvplc(3),|74ptwfa(3),436xzvmp(3),592kvplc(3),;22000.2,24258.2,24258.2,22000.2,0,0,0,0,1436.052385509824
74ptwfa(3),436xzvmp(3),592kvplc(3),|74ptwfa(3),436xzvmp(3),592kvplc(3),|74ptwfa(3),436xzvmp(3),592kvplc(3),|74ptwfa(3),436xzvmp(3),592kvplc(3),;22000.2,24258.2,24258.2,22000.2,0,0,0,0,1441.052385509824
74ptwfa(3),436xzvmp(3),592kvplc(3),|74ptwfa(3),436xzvmp(3),592kvplc(3),|74ptwfa(3),436xzvmp(3),592kvplc(3),|74ptwfa(3),436xzvmp(3),592kvplc(3),;22000.2,24258.2,24258.2,22000.2,0,0,0,0,1446.052385509824
74ptwfa(3),592kvplc(3),|74ptwfa(3),592kvplc(3),|74ptwfa(3),592kvplc(3),|74ptwfa(3),592kvplc(3),;24381,25845.4,25845.4,24381,0,0,0,0,1451.052385509824
74ptwfa(3),592kvplc(3),|74ptwfa(3),592kvplc(3),|74ptwfa(3),592kvplc(3),|74ptwfa(3),592kvplc(3),;24381,25845.4,25845.4,24381,0,0,0,0,1456.052385509824
74ptwfa(3),592kvplc(3),|74ptwfa(3),592kvplc(3),|74ptwfa(3),592kvplc(3),|74ptwfa(3),592kvplc(3),;24381,25845.4,25845.4,24381,0,0,0,0,1461.052385509824
74ptwfa(3),592kvplc(3),|74ptwfa(3),592kvplc(3),|74ptwfa(3),592kvplc(3),|74ptwfa(3),592kvplc(3),;24381,25845.4,25845.4,24381,0,0,0,0,1466.052385509824
74ptwfa(3),592kvplc(3),|74ptwfa(3),592kvplc(3),|74ptwfa(3),592kvplc(3),|74ptwfa(3),592kvplc(3),;24381,25845.4,25845.4,24381,0,0,0,0,1471.052385509824
74ptwfa(3),592kvplc(3),|74ptwfa(3),592kvplc(3),|74ptwfa(3),592kvplc(3),|74ptwfa(3),592kvplc(3),;24381,25845.4,25845.4,24381,0,0,0,0,1476.052385509824
74ptwfa(3),592kvplc(3),|74ptwfa(3),592kvplc(3),|74ptwfa(3),592kvplc(3),|74ptwfa(3),592kvplc(3),;24381,25845.4,25845.4,24381,0,0,0,0,1481.052385509824
74ptwfa(3),592kvplc(3),|74ptwfa(3),592kvplc(3),|74ptwfa(3),592kvplc(3),|74ptwfa(3),592kvplc(3),;24381,25845.4,25845.4,24381,0,0,0,0,1486.052385509824
74ptwfa(3),592kvplc(3),|74ptwfa(3),592kvplc(3),|74ptwfa(3),592kvplc(3),|74ptwfa(3),592kvplc(3),;24381,25845.4,25845.4,24381,0,0,0,0,1491.052385509824
74ptwfa(3),592kvplc(3),|74ptwfa(3),592kvplc(3),|74ptwfa(3),592kvplc(3),|74ptwfa(3),592kvplc(3),;24381,25845.4,25845.4,24381,0,0,0,0,1496.052385509824
592kvplc(3),956edmvo(0),|592kvplc(3),956edmvo(0),|592kvplc(3),956edmvo(0),|592kvplc(3),956edmvo(0),;23561.8,25865.9,25865.9,25261.7,18.218376155989,10.8924054349,10.8924054349,10.8924054349,1501.052385509824
592kvplc(3),956edmvo(2),|592kvplc(3),956edmvo(2),|592kvplc(3),956edmvo(2),|592kvplc(3),956edmvo(2),;23561.8,25865.9,25865.9,25261.7,13.218376155989,5.8924054349,5.8924054349,5.8924054349,1506.052385509824
592kvplc(3),956edmvo(2),|592kvplc(3),956edmvo(2),|592kvplc(3),956edmvo(2),|592kvplc(3),956edmvo(2),;23561.8,25865.9,25865.9,25261.7,8.218376155989,0.8924054349,0.8924054349,0.8924054349,1511.052385509824
592kvplc(3),956edmvo(2),|592kvplc(3),|592kvplc(3),|592kvplc(3),;23561.8,27565.7,27565.7,26961.5,3.218376155989,0,0,0,1516.052385509824
592kvplc(3),|592kvplc(3),|592kvplc(3),|592kvplc(3),;26961.5,27565.7,27565.7,26961.5,0,0,0,0,1521.052385509824
592kvplc(3),592wnezk(0),|592kvplc(3),592wnezk(0),|592kvplc(3),592wnezk(0),|592kvplc(3),592wnezk(0),;24811.1,26132.1,25415.3,25527.9,10.470240623389,7.194309194818,10.470240623389,7.194309194818,1526.052385509824
592kvplc(3),592wnezk(2),|592kvplc(3),592wnezk(2),|592kvplc(3),592wnezk(2),|592kvplc(3),592wnezk(2),;24811.1,26132.1,25415.3,25527.9,5.470240623389,2.194309194818,5.470240623389,2.194309194818,1531.052385509824
592kvplc(3),592wnezk(2),|592kvplc(3),592wnezk(3),|592kvplc(3),592wnezk(2),|592kvplc(3),592wnezk(3),;24811.1,26132.1,25415.3,25527.9,0.470240623389,0,0.470240623389,0,1536.052385509824
592kvplc(3),592wnezk(3),|592kvplc(3),592wnezk(3),|592kvplc(3),592wnezk(3),|592kvplc(3),592wnezk(3),;24811.1,26132.1,25415.3,25527.9,0,0,0,0,1541.052385509824
592kvplc(3),592wnezk(3),|592kvplc(3),592wnezk(3),|592kvplc(3),592wnezk(3),|592kvplc(3),592wnezk(3),;24811.1,26132.1,25415.3,25527.9,0,0,0,0,1546.052385509824
592kvplc(3),592wnezk(3),|592kvplc(3),592wnezk(3),|592kvplc(3),592wnezk(3),|592kvplc(3),592wnezk(3),;24811.1,26132.1,25415.3,25527.9,0,0,0,0,1551.052385509824
592kvplc(3),592wnezk(3),|592kvplc(3),592wnezk(3),|592kvplc(3),592wnezk(3),|592kvplc(3),592wnezk(3),;24811.1,26132.1,25415.3,25527.9,0,0,0,0,1556.052385509824
592kvplc(3),592wnezk(3),|592kvplc(3),592wnezk(3),|592kvplc(3),592wnezk(3),|592kvplc(3),592wnezk(3),;24811.1,26132.1,25415.3,25527.9,0,0,0,0,1561.052385509824
592kvplc(3),592wnezk(3),|592kvplc(3),592wnezk(3),|592kvplc(3),592wnezk(3),|592kvplc(3),592wnezk(3),;24811.1,26132.1,25415.3,25527.9,0,0,0,0,1566.052385509824
592kvplc(3),592wnezk(3),|592kvplc(3),592wnezk(3),|592kvplc(3),592wnezk(3),|592kvplc(3),592wnezk(3),;24811.1,26132.1,25415.3,25527.9,0,0,0,0,1571.052385509824
592kvplc(3),592wnezk(3),|592kvplc(3),592wnezk(3),|592kvplc(3),592wnezk(3),|592kvplc(3),592wnezk(3),;24811.1,26132.1,25415.3,25527.9,0,0,0,0,1576.052385509824
592kvplc(3),592wnezk(3),|592kvplc(3),592wnezk(3),|592kvplc(3),592wnezk(3),|592kvplc(3),592wnezk(3),;24811.1,26132.1,25415.3,25527.9,0,0,0,0,1581.052385509824
592kvplc(3),592wnezk(3),|592kvplc(3),592wnezk(3),|592kvplc(3),592wnezk(3),|592kvplc(3),592wnezk(3),;24811.1,26132.1,25415.3,25527.9,0,0,0,0,1586.052385509824
592kvplc(3),592wnezk(3),|592kvplc(3),592wnezk(3),|592kvplc(3),592wnezk(3),|592kvplc(3),592wnezk(3),;24811.1,26132.1,25415.3,25527.9,0,0,0,0,1591.052385509824
592kvplc(3),592wnezk(3),|592kvplc(3),592wnezk(3),|592kvplc(3),592wnezk(3),|592kvplc(3),592wnezk(3),;24811.1,26132.1,25415.3,25527.9,0,0,0,0,1596.052385509824
592kvplc(3),592wnezk(3),|592kvplc(3),592wnezk(3),|592kvplc(3),592wnezk(3),|592kvplc(3),592wnezk(3),;24811.1,26132.1,25415.3,25527.9,0,0,0,0,1601.052385509824
592kvplc(3),592wnezk(3),|592kvplc(3),592wnezk(3),|592kvplc(3),592wnezk(3),|592kvplc(3),592wnezk(3),;24811.1,26132.1,25415.3,25527.9,0,0,0,0,1606.052385509824
592kvplc(3),592wnezk(3),|592kvplc(3),592wnezk(3),|592kvplc(3),592wnezk(3),|592kvplc(3),592wnezk(3),;24811.1,26132.1,25415.3,25527.9,0,0,0,0,1611.052385509824
592kvplc(3),592wnezk(3),|592kvplc(3),592wnezk(3),|592kvplc(3),592wnezk(3),|592kvplc(3),592wnezk(3),;24811.1,26132.1,25415.3,25527.9,0,0,0,0,1616.052385509824
592kvplc(3),592wnezk(3),|592kvplc(3),592wnezk(3),|592kvplc(3),592wnezk(3),|592kvplc(3),592wnezk(3),;24811.1,26132.1,25415.3,25527.9,0,0,0,0,1621.052385509824
592kvplc(3),592wnezk(3),|592kvplc(3),592wnezk(3),|592kvplc(3),592wnezk(3),|592kvplc(3),592wnezk(3),;24811.1,26132.1,25415.3,25527.9,0,0,0,0,1626.052385509824
592kvplc(3),592wnezk(3),|592kvplc(3),592wnezk(3),|592kvplc(3),592wnezk(3),|592kvplc(3),592wnezk(3),;24811.1,26132.1,25415.3,25527.9,0,0,0,0,1631.052385509824
592kvplc(3),592wnezk(3),|592kvplc(3),592wnezk(3),|592kvplc(3),592wnezk(3),|592kvplc(3),592wnezk(3),;24811.1,26132.1,25415.3,25527.9,0,0,0,0,1636.052385509824
592kvplc(3),592wnezk(3),|592kvplc(3),592wnezk(3),|592kvplc(3),592wnezk(3),|592kvplc(3),592wnezk(3),;24811.1,26132.1,25415.3,25527.9,0,0,0,0,1641.052385509824
592kvplc(3),592wnezk(3),|592kvplc(3),592wnezk(3),|592kvplc(3),592wnezk(3),|592kvplc(3),592wnezk(3),;24811.1,26132.1,25415.3,25527.9,0,0,0,0,1646.052385509824
592kvplc(3),592wnezk(3),|592kvplc(3),592wnezk(3),|592kvplc(3),592wnezk(3),|592kvplc(3),592wnezk(3),;24811.1,26132.1,25415.3,25527.9,0,0,0,0,1651.052385509824
592kvplc(3),592wnezk(3),|592kvplc(3),592wnezk(3),|592kvplc(3),592wnezk(3),|592kvplc(3),592wnezk(3),;24811.1,26132.1,25415.3,25527.9,0,0,0,0,1656.052385509824
592kvplc(3),592wnezk(3),|592kvplc(3),592wnezk(3),|592kvplc(3),592wnezk(3),|592kvplc(3),592wnezk(3),;24811.1,26132.1,25415.3,25527.9,0,0,0,0,1661.052385509824
592kvplc(3),592wnezk(3),|592kvplc(3),592wnezk(3),|592kvplc(3),592wnezk(3),|592kvplc(3),592wnezk(3),;24811.1,26132.1,25415.3,25527.9,0,0,0,0,1666.052385509824
592kvplc(3),592wnezk(3),|592kvplc(3),592wnezk(3),|592kvplc(3),592wnezk(3),|592kvplc(3),592wnezk(3),;24811.1,26132.1,25415.3,25527.9,0,0,0,0,1671.052385509824
592kvplc(3),592wnezk(3),|592kvplc(3),592wnezk(3),|592kvplc(3),592wnezk(3),|592kvplc(3),592wnezk(3),;24811.1,26132.1,25415.3,25527.9,0,0,0,0,1676.052385509824
592kvplc(3),592wnezk(3),|592kvplc(3),592wnezk(3),|592kvplc(3),592wnezk(3),|592kvplc(3),592wnezk(3),;24811.1,26132.1,25415.3,25527.9,0,0,0,0,1681.052385509824
592kvplc(3),592wnezk(3),|592kvplc(3),592wnezk(3),|592kvplc(3),592wnezk(3),|592kvplc(3),592wnezk(3),;24811.1,26132.1,25415.3,25527.9,0,0,0,0,1686.052385509824
592kvplc(3),592wnezk(3),|592kvplc(3),592wnezk(3),|592kvplc(3),592wnezk(3),|592kvplc(3),592wnezk(3),;24811.1,26132.1,25415.3,25527.9,0,0,0,0,1691.052385509824
592kvplc(3),592wnezk(3),|592kvplc(3),592wnezk(3),|592kvplc(3),592wnezk(3),|592kvplc(3),592wnezk(3),;24811.1,26132.1,25415.3,25527.9,0,0,0,0,1696.052385509824
592kvplc(3),592wnezk(3),|592kvplc(3),592wnezk(3),|592kvplc(3),592wnezk(3),|592kvplc(3),592wnezk(3),;24811.1,26132.1,25415.3,25527.9,0,0,0,0,1701.052385509824
592kvplc(3),592wnezk(3),|592kvplc(3),592wnezk(3),|592kvplc(3),592wnezk(3),|592kvplc(3),592wnezk(3),;24811.1,26132.1,25415.3,25527.9,0,0,0,0,1706.052385509824
592kvplc(3),592wnezk(3),|592kvplc(3),592wnezk(3),|592kvplc(3),592wnezk(3),|592kvplc(3),592wnezk(3),;24811.1,26132.1,25415.3,25527.9,0,0,0,0,1711.052385509824
592kvplc(3),592wnezk(3),|592kvplc(3),592wnezk(3),|592kvplc(3),592wnezk(3),|592kvplc(3),592wnezk(3),;24811.1,26132.1,25415.3,25527.9,0,0,0,0,1716.052385509824
592kvplc(3),592wnezk(3),|592kvplc(3),592wnezk(3),|592kvplc(3),592wnezk(3),|592kvplc(3),592wnezk(3),;24811.1,26132.1,25415.3,25527.9,0,0,0,0,1721.052385509824
592kvplc(3),592wnezk(3),|592kvplc(3),592wnezk(3),|592kvplc(3),592wnezk(3),|592kvplc(3),592wnezk(3),;24811.1,26132.1,25415.3,25527.9,0,0,0,0,1726.052385509824
592kvplc(3),592wnezk(3),|592kvplc(3),592wnezk(3),|592kvplc(3),592wnezk(3),|592kvplc(3),592wnezk(3),;24811.1,26132.1,25415.3,25527.9,0,0,0,0,1731.052385509824
592kvplc(3),592wnezk(3),|592kvplc(3),592wnezk(3),|592kvplc(3),592wnezk(3),|592kvplc(3),592wnezk(3),;24811.1,26132.1,25415.3,25527.9,0,0,0,0,1736.052385509824
592kvplc(3),592wnezk(3),|592kvplc(3),592wnezk(3),|592kvplc(3),592wnezk(3),|592kvplc(3),592wnezk(3),;24811.1,26132.1,25415.3,25527.9,0,0,0,0,1741.052385509824
592kvplc(3),592wnezk(3),|592kvplc(3),592wnezk(3),|592kvplc(3),592wnezk(3),|592kvplc(3),592wnezk(3),;24811.1,26132.1,25415.3,25527.9,0,0,0,0,1746.052385509824
592kvplc(3),592wnezk(3),|592kvplc(3),592wnezk(3),|592kvplc(3),592wnezk(3),|592kvplc(3),592wnezk(3),;24811.1,26132.1,25415.3,25527.9,0,0,0,0,1751.052385509824
592kvplc(3),592wnezk(3),|592kvplc(3),592wnezk(3),|592kvplc(3),592wnezk(3),|592kvplc(3),592wnezk(3),;24811.1,26132.1,25415.3,25527.9,0,0,0,0,1756.052385509824
592kvplc(3),592wnezk(3),|592kvplc(3),592wnezk(3),|592kvplc(3),592wnezk(3),|592kvplc(3),592wnezk(3),;24811.1,26132.1,25415.3,25527.9,0,0,0,0,1761.052385509824
592kvplc(3),592wnezk(3),|592kvplc(3),592wnezk(3),|592kvplc(3),592wnezk(3),|592kvplc(3),592wnezk(3),;24811.1,26132.1,25415.3,25527.9,0,0,0,0,1766.052385509824
592kvplc(3),592wnezk(3),|592kvplc(3),592wnezk(3),|592kvplc(3),592wnezk(3),|592kvplc(3),592wnezk(3),;24811.1,26132.1,25415.3,25527.9,0,0,0,0,1771.052385509824
592kvplc(3),592wnezk(3),|592kvplc(3),592wnezk(3),|592kvplc(3),592wnezk(3),|592kvplc(3),592wnezk(3),;24811.1,26132.1,25415.3,25527.9,0,0,0,0,1776.052385509824
592kvplc(3),592wnezk(3),|592kvplc(3),592wnezk(3),|592kvplc(3),592wnezk(3),|592kvplc(3),592wnezk(3),;24811.1,26132.1,25415.3,25527.9,0,0,0,0,1781.052385509824
592kvplc(3),592wnezk(3),|592kvplc(3),592wnezk(3),|592kvplc(3),592wnezk(3),|592kvplc(3),592wnezk(3),;24811.1,26132.1,25415.3,25527.9,0,0,0,0,1786.052385509824
592kvplc(3),592wnezk(3),|592kvplc(3),592wnezk(3),|592kvplc(3),592wnezk(3),|592kvplc(3),592wnezk(3),;24811.1,26132.1,25415.3,25527.9,0,0,0,0,1791.052385509824
592kvplc(3),592wnezk(3),|592kvplc(3),592wnezk(3),|592kvplc(3),592wnezk(3),|592kvplc(3),592wnezk(3),;24811.1,26132.1,25415.3,25527.9,0,0,0,0,1796.052385509824
592kvplc(3),592wnezk(3),|592kvplc(3),592wnezk(3),|592kvplc(3),592wnezk(3),|592kvplc(3),592wnezk(3),;24811.1,26132.1,25415.3,25527.9,0,0,0,0,1801.052385509824
592kvplc(3),592wnezk(3),|592kvplc(3),592wnezk(3),|592kvplc(3),592wnezk(3),|592kvplc(3),592wnezk(3),;24811.1,26132.1,25415.3,25527.9,0,0,0,0,1806.052385509824
592kvplc(3),592wnezk(3),|592kvplc(3),592wnezk(3),|592kvplc(3),592wnezk(3),|592kvplc(3),592wnezk(3),;24811.1,26132.1,25415.3,25527.9,0,0,0,0,1811.052385509824
592kvplc(3),592wnezk(3),|592kvplc(3),592wnezk(3),|592kvplc(3),592wnezk(3),|592kvplc(3),592wnezk(3),;24811.1,26132.1,25415.3,25527.9,0,0,0,0,1816.052385509824
592kvplc(3),592wnezk(3),|592kvplc(3),592wnezk(3),|592kvplc(3),592wnezk(3),|592kvplc(3),592wnezk(3),;24811.1,26132.1,25415.3,25527.9,0,0,0,0,1821.052385509824
592kvplc(3),592wnezk(3),|592kvplc(3),592wnezk(3),|592kvplc(3),592wnezk(3),|592kvplc(3),592wnezk(3),;24811.1,26132.1,25415.3,25527.9,0,0,0,0,1826.052385509824
592kvplc(3),592wnezk(3),|592kvplc(3),592wnezk(3),|592kvplc(3),592wnezk(3),|592kvplc(3),592wnezk(3),;24811.1,26132.1,25415.3,25527.9,0,0,0,0,1831.052385509824
592kvplc(3),592wnezk(3),|592kvplc(3),592wnezk(3),|592kvplc(3),592wnezk(3),|592kvplc(3),592wnezk(3),;24811.1,26132.1,25415.3,25527.9,0,0,0,0,1836.052385509824
592kvplc(3),592wnezk(3),|592kvplc(3),592wnezk(3),|592kvplc(3),592wnezk(3),|592kvplc(3),592wnezk(3),;24811.1,26132.1,25415.3,25527.9,0,0,0,0,1841.052385509824
592kvplc(3),592wnezk(3),|592kvplc(3),592wnezk(3),|592kvplc(3),592wnezk(3),|592kvplc(3),592wnezk(3),;24811.1,26132.1,25415.3,25527.9,0,0,0,0,1846.052385509824
592kvplc(3),592wnezk(3),|592kvplc(3),592wnezk(3),|592kvplc(3),592wnezk(3),|592kvplc(3),592wnezk(3),;24811.1,26132.1,25415.3,25527.9,0,0,0,0,1851.052385509824
592kvplc(3),592wnezk(3),|592kvplc(3),592wnezk(3),|592kvplc(3),592wnezk(3),|592kvplc(3),592wnezk(3),;24811.1,26132.1,25415.3,25527.9,0,0,0,0,1856.052385509824
592kvplc(3),592wnezk(3),|592kvplc(3),592wnezk(3),|592kvplc(3),592wnezk(3),|592kvplc(3),592wnezk(3),;24811.1,26132.1,25415.3,25527.9,0,0,0,0,1861.052385509824
592kvplc(3),592wnezk(3),|592kvplc(3),592wnezk(3),|592kvplc(3),592wnezk(3),|592kvplc(3),592wnezk(3),;24811.1,26132.1,25415.3,25527.9,0,0,0,0,1866.052385509824
592kvplc(3),592wnezk(3),|592kvplc(3),592wnezk(3),|592kvplc(3),592wnezk(3),|592kvplc(3),592wnezk(3),;24811.1,26132.1,25415.3,25527.9,0,0,0,0,1871.052385509824
592kvplc(3),592wnezk(3),|592kvplc(3),592wnezk(3),|592kvplc(3),592wnezk(3),|592kvplc(3),592wnezk(3),;24811.1,26132.1,25415.3,25527.9,0,0,0,0,1876.052385509824
592kvplc(3),592wnezk(3),|592kvplc(3),592wnezk(3),|592kvplc(3),592wnezk(3),|592kvplc(3),592wnezk(3),;24811.1,26132.1,25415.3,25527.9,0,0,0,0,1881.052385509824
592kvplc(3),592wnezk(3),|592kvplc(3),592wnezk(3),|592kvplc(3),592wnezk(3),|592kvplc(3),592wnezk(3),;24811.1,26132.1,25415.3,25527.9,0,0,0,0,1886.052385509824
592kvplc(3),592wnezk(3),|592kvplc(3),592wnezk(3),|592kvplc(3),592wnezk(3),|592kvplc(3),592wnezk(3),;24811.1,26132.1,25415.3,25527.9,0,0,0,0,1891.052385509824
592kvplc(3),592wnezk(3),|592kvplc(3),592wnezk(3),|592kvplc(3),592wnezk(3),|592kvplc(3),592wnezk(3),;24811.1,26132.1,25415.3,25527.9,0,0,0,0,1896.052385509824
592kvplc(3),592wnezk(3),|592kvplc(3),592wnezk(3),|592kvplc(3),592wnezk(3),|592kvplc(3),592wnezk(3),;24811.1,26132.1,25415.3,25527.9,0,0,0,0,1901.052385509824
592kvplc(3),592wnezk(3),|592kvplc(3),592wnezk(3),|592kvplc(3),592wnezk(3),|592kvplc(3),592wnezk(3),;24811.1,26132.1,25415.3,25527.9,0,0,0,0,1906.052385509824
592kvplc(3),592wnezk(3),|592kvplc(3),592wnezk(3),|592kvplc(3),592wnezk(3),|592kvplc(3),592wnezk(3),;24811.1,26132.1,25415.3,25527.9,0,0,0,0,1911.052385509824
592kvplc(3),592wnezk(3),|592kvplc(3),592wnezk(3),|592kvplc(3),592wnezk(3),|592kvplc(3),592wnezk(3),;24811.1,26132.1,25415.3,25527.9,0,0,0,0,1916.052385509824
592kvplc(3),592wnezk(3),|592kvplc(3),592wnezk(3),|592kvplc(3),592wnezk(3),|592kvplc(3),592wnezk(3),;24811.1,26132.1,25415.3,25527.9,0,0,0,0,1921.052385509824
592kvplc(3),592wnezk(3),|592kvplc(3),592wnezk(3),|592kvplc(3),592wnezk(3),|592kvplc(3),592wnezk(3),;24811.1,26132.1,25415.3,25527.9,0,0,0,0,1926.052385509824
592kvplc(3),592wnezk(3),|592kvplc(3),592wnezk(3),|592kvplc(3),592wnezk(3),|592kvplc(3),592wnezk(3),;24811.1,26132.1,25415.3,25527.9,0,0,0,0,1931.052385509824
592kvplc(3),592wnezk(3),|592kvplc(3),592wnezk(3),|592kvplc(3),592wnezk(3),|592kvplc(3),592wnezk(3),;24811.1,26132.1,25415.3,25527.9,0,0,0,0,1936.052385509824
592kvplc(3),592wnezk(3),|592kvplc(3),592wnezk(3),|592kvplc(3),592wnezk(3),|592kvplc(3),592wnezk(3),;24811.1,26132.1,25415.3,25527.9,0,0,0,0,1941.052385509824
592kvplc(3),592wnezk(3),|592kvplc(3),592wnezk(3),|592kvplc(3),592wnezk(3),|592kvplc(3),592wnezk(3),;24811.1,26132.1,25415.3,25527.9,0,0,0,0,1946.052385509824
592kvplc(3),592wnezk(3),|592kvplc(3),592wnezk(3),|592kvplc(3),592wnezk(3),|592kvplc(3),592wnezk(3),;24811.1,26132.1,25415.3,25527.9,0,0,0,0,1951.052385509824
592kvplc(3),592wnezk(3),|592kvplc(3),592wnezk(3),|592kvplc(3),592wnezk(3),|592kvplc(3),592wnezk(3),;24811.1,26132.1,25415.3,25527.9,0,0,0,0,1956.052385509824
592kvplc(3),592wnezk(3),|592kvplc(3),592wnezk(3),|592kvplc(3),592wnezk(3),|592kvplc(3),592wnezk(3),;24811.1,26132.1,25415.3,25527.9,0,0,0,0,1961.052385509824
592kvplc(3),592wnezk(3),|592kvplc(3),592wnezk(3),|592kvplc(3),592wnezk(3),|592kvplc(3),592wnezk(3),;24811.1,26132.1,25415.3,25527.9,0,0,0,0,1966.052385509824
592kvplc(3),592wnezk(3),|592kvplc(3),592wnezk(3),|592kvplc(3),592wnezk(3),|592kvplc(3),592wnezk(3),;24811.1,26132.1,25415.3,25527.9,0,0,0,0,1971.052385509824
592kvplc(3),592wnezk(3),|592kvplc(3),592wnezk(3),|592kvplc(3),592wnezk(3),|592kvplc(3),592wnezk(3),;24811.1,26132.1,25415.3,25527.9,0,0,0,0,1976.052385509824
592kvplc(3),592wnezk(3),|592kvplc(3),592wnezk(3),|592kvplc(3),592wnezk(3),|592kvplc(3),592wnezk(3),;24811.1,26132.1,25415.3,25527.9,0,0,0,0,1981.052385509824
592kvplc(3),592wnezk(3),|592kvplc(3),592wnezk(3),|592kvplc(3),592wnezk(3),|592kvplc(3),592wnezk(3),;24811.1,26132.1,25415.3,25527.9,0,0,0,0,1986.052385509824
592kvplc(3),592wnezk(3),|592kvplc(3),592wnezk(3),|592kvplc(3),592wnezk(3),|592kvplc(3),592wnezk(3),;24811.1,26132.1,25415.3,25527.9,0,0,0,0,1991.052385509824
592kvplc(3),592wnezk(3),|592kvplc(3),592wnezk(3),|592kvplc(3),592wnezk(3),|592kvplc(3),592wnezk(3),;24811.1,26132.1,25415.3,25527.9,0,0,0,0,1996.052385509824
