|||;27545,27545,27545,27545,0,0,0,0,1.191022311756
|||;27545,27545,27545,27545,0,0,0,0,6.191022311756
|||;27545,27545,27545,27545,0,0,0,0,11.191022311756
|||;27545,27545,27545,27545,0,0,0,0,16.191022311756
|||;27545,27545,27545,27545,0,0,0,0,21.191022311756
|||;27545,27545,27545,27545,0,0,0,0,26.191022311756
|||;27545,27545,27545,27545,0,0,0,0,31.191022311756
|||;27545,27545,27545,27545,0,0,0,0,36.191022311756
|||;27545,27545,27545,27545,0,0,0,0,41.191022311756
|||;27545,27545,27545,27545,0,0,0,0,46.191022311756
|||;27545,27545,27545,27545,0,0,0,0,51.191022311756
|||;27545,27545,27545,27545,0,0,0,0,56.191022311756
|||;27545,27545,27545,27545,0,0,0,0,61.191022311756
|||;27545,27545,27545,27545,0,0,0,0,66.191022311756
|||;27545,27545,27545,27545,0,0,0,0,71.191022311756
|||;27545,27545,27545,27545,0,0,0,0,76.191022311756
|||;27545,27545,27545,27545,0,0,0,0,81.191022311756
|||;27545,27545,27545,27545,0,0,0,0,86.191022311756
|||;27545,27545,27545,27545,0,0,0,0,91.191022311756
|||;27545,27545,27545,27545,0,0,0,0,96.191022311756
|||;27545,27545,27545,27545,0,0,0,0,101.191022311756
|||;27545,27545,27545,27545,0,0,0,0,106.191022311756
|||224swtlu(2),;27545,27545,27545,24698.3,0,0,0,12.651100212943,111.191022311756
|||224swtlu(2),;27545,27545,27545,24698.3,0,0,0,7.651100212943,116.191022311756
|||224swtlu(2),;27545,27545,27545,24698.3,0,0,0,2.651100212943,121.191022311756
|||224swtlu(3),;27545,27545,27545,24698.3,0,0,0,0,126.191022311756
|||224swtlu(3),;27545,27545,27545,24698.3,0,0,0,0,131.191022311756
|||224swtlu(3),;27545,27545,27545,24698.3,0,0,0,0,136.191022311756
|||224swtlu(3),;27545,27545,27545,24698.3,0,0,0,0,141.191022311756
|||224swtlu(3),;27545,27545,27545,24698.3,0,0,0,0,146.191022311756
|||224swtlu(3),;27545,27545,27545,24698.3,0,0,0,0,151.191022311756
|||224swtlu(3),;27545,27545,27545,24698.3,0,0,0,0,156.191022311756
|||224swtlu(3),;27545,27545,27545,24698.3,0,0,0,0,161.191022311756
|||224swtlu(3),;27545,27545,27545,24698.3,0,0,0,0,166.191022311756
||686iohet(2),|224swtlu(3),;27545,27545,26899.9,24698.3,0,0,1.842678380521,0,171.191022311756
|||224swtlu(3),;27545,27545,27545,24698.3,0,0,0,0,176.191022311756
|||224swtlu(3),;27545,27545,27545,24698.3,0,0,0,0,181.191022311756
|||224swtlu(3),;27545,27545,27545,24698.3,0,0,0,0,186.191022311756
|||224swtlu(3),;27545,27545,27545,24698.3,0,0,0,0,191.191022311756
|||224swtlu(3),;27545,27545,27545,24698.3,0,0,0,0,196.191022311756
|||224swtlu(3),;27545,27545,27545,24698.3,0,0,0,0,201.191022311756
|||224swtlu(3),;27545,27545,27545,24698.3,0,0,0,0,206.191022311756
289bqaey(0),|289bqaey(0),|289bqaey(0),|224swtlu(3),;26741.2,24329.6,23525.8,24698.3,7.142225739922,19.285669955491,23.333484694014,0,211.191022311756
289bqaey(2),|289bqaey(2),|289bqaey(2),|224swtlu(3),;26741.2,24329.6,23525.8,24698.3,2.142225739922,14.285669955491,18.333484694014,0,216.191022311756
|289bqaey(2),|289bqaey(2),|224swtlu(3),;27545,24329.6,23525.8,24698.3,0,9.285669955491,13.333484694014,0,221.191022311756
|289bqaey(2),|289bqaey(2),|224swtlu(3),;27545,24329.6,23525.8,24698.3,0,4.285669955491,8.333484694014,0,226.191022311756
|289bqaey(3),|289bqaey(2),|224swtlu(3),;27545,24329.6,23525.8,24698.3,0,0,3.333484694014,0,231.191022311756
|289bqaey(3),|289bqaey(3),|224swtlu(3),;27545,24329.6,23525.8,24698.3,0,0,0,0,236.191022311756
|289bqaey(3),|289bqaey(3),|224swtlu(3),;27545,24329.6,23525.8,24698.3,0,0,0,0,241.191022311756
|289bqaey(3),|289bqaey(3),|224swtlu(3),;27545,24329.6,23525.8,24698.3,0,0,0,0,246.191022311756
|289bqaey(3),|289bqaey(3),|224swtlu(3),;27545,24329.6,23525.8,24698.3,0,0,0,0,251.191022311756
|289bqaey(3),|289bqaey(3),|224swtlu(3),759ebiyc(0),;27545,24329.6,23525.8,19030.5,0,0,0,30.88679657154,256.191022311756
|289bqaey(3),|289bqaey(3),|224swtlu(3),759ebiyc(2),;27545,24329.6,23525.8,19030.5,0,0,0,25.88679657154,261.191022311756
||289bqaey(3),|224swtlu(3),759ebiyc(2),;27545,27545,23525.8,19030.5,0,0,0,20.88679657154,266.191022311756
||289bqaey(3),|224swtlu(3),759ebiyc(2),;27545,27545,23525.8,19030.5,0,0,0,15.88679657154,271.191022311756
||289bqaey(3),|224swtlu(3),759ebiyc(2),;27545,27545,23525.8,19030.5,0,0,0,10.88679657154,276.191022311756
||289bqaey(3),|224swtlu(3),759ebiyc(2),;27545,27545,23525.8,19030.5,0,0,0,5.88679657154,281.191022311756
||289bqaey(3),|224swtlu(3),759ebiyc(2),;27545,27545,23525.8,19030.5,0,0,0,0.88679657154,286.191022311756
||289bqaey(3),|759ebiyc(3),;27545,27545,23525.8,21877.2,0,0,0,0,291.191022311756
||289bqaey(3),|759ebiyc(3),;27545,27545,23525.8,21877.2,0,0,0,0,296.191022311756
||289bqaey(3),|759ebiyc(3),;27545,27545,23525.8,21877.2,0,0,0,0,301.191022311756
||289bqaey(3),|759ebiyc(3),;27545,27545,23525.8,21877.2,0,0,0,0,306.191022311756
||289bqaey(3),|759ebiyc(3),;27545,27545,23525.8,21877.2,0,0,0,0,311.191022311756
||289bqaey(3),|759ebiyc(3),;27545,27545,23525.8,21877.2,0,0,0,0,316.191022311756
|||759ebiyc(3),;27545,27545,27545,21877.2,0,0,0,0,321.191022311756
|||759ebiyc(3),;27545,27545,27545,21877.2,0,0,0,0,326.191022311756
|||759ebiyc(3),;27545,27545,27545,21877.2,0,0,0,0,331.191022311756
|||759ebiyc(3),;27545,27545,27545,21877.2,0,0,0,0,336.191022311756
|||759ebiyc(3),;27545,27545,27545,21877.2,0,0,0,0,341.191022311756
|||759ebiyc(3),;27545,27545,27545,21877.2,0,0,0,0,346.191022311756
|||759ebiyc(3),;27545,27545,27545,21877.2,0,0,0,0,351.191022311756
|||759ebiyc(3),;27545,27545,27545,21877.2,0,0,0,0,356.191022311756
|||759ebiyc(3),;27545,27545,27545,21877.2,0,0,0,0,361.191022311756
759jfrnm(2),|759jfrnm(2),|759jfrnm(2),|759ebiyc(3),;24534.4,24534.4,23530.9,21877.2,13.245078962873,13.245078962873,18.167735154489,0,366.191022311756
759jfrnm(2),|759jfrnm(2),|759jfrnm(2),|759ebiyc(3),;24534.4,24534.4,23530.9,21877.2,8.245078962873,8.245078962873,13.167735154489,0,371.191022311756
759jfrnm(2),|759jfrnm(2),|759jfrnm(2),|759ebiyc(3),;24534.4,24534.4,23530.9,21877.2,3.245078962873,3.245078962873,8.167735154489,0,376.191022311756
759jfrnm(3),|759jfrnm(3),|759jfrnm(2),|759ebiyc(3),;24534.4,24534.4,23530.9,21877.2,0,0,3.167735154489,0,381.191022311756
759jfrnm(3),|759jfrnm(3),|759jfrnm(3),|759ebiyc(3),;24534.4,24534.4,23530.9,21877.2,0,0,0,0,386.191022311756
759jfrnm(3),|759jfrnm(3),|759jfrnm(3),|759ebiyc(3),;24534.4,24534.4,23530.9,21877.2,0,0,0,0,391.191022311756
759jfrnm(3),|759jfrnm(3),|759jfrnm(3),|759ebiyc(3),;24534.4,24534.4,23530.9,21877.2,0,0,0,0,396.191022311756
759jfrnm(3),|759jfrnm(3),|759jfrnm(3),|759ebiyc(3),;24534.4,24534.4,23530.9,21877.2,0,0,0,0,401.191022311756
759jfrnm(3),|759jfrnm(3),|759jfrnm(3),|759ebiyc(3),;24534.4,24534.4,23530.9,21877.2,0,0,0,0,406.191022311756
759jfrnm(3),|759jfrnm(3),968pmvei(0),|759jfrnm(3),|759ebiyc(3),;24534.4,23561.6,23530.9,21877.2,0,9.769043790103,0,0,411.191022311756
759jfrnm(3),|759jfrnm(3),968pmvei(2),|759jfrnm(3),|759ebiyc(3),;24534.4,23561.6,23530.9,21877.2,0,4.769043790103,0,0,416.191022311756
759jfrnm(3),|759jfrnm(3),|759jfrnm(3),|759ebiyc(3),;24534.4,24534.4,23530.9,21877.2,0,0,0,0,421.191022311756
759jfrnm(3),|759jfrnm(3),|759jfrnm(3),|759ebiyc(3),;24534.4,24534.4,23530.9,21877.2,0,0,0,0,426.191022311756
759jfrnm(3),|759jfrnm(3),|759jfrnm(3),|759ebiyc(3),;24534.4,24534.4,23530.9,21877.2,0,0,0,0,431.191022311756
759jfrnm(3),|759jfrnm(3),|759jfrnm(3),|759ebiyc(3),;24534.4,24534.4,23530.9,21877.2,0,0,0,0,436.191022311756
759jfrnm(3),|759jfrnm(3),|759jfrnm(3),|759ebiyc(3),;24534.4,24534.4,23530.9,21877.2,0,0,0,0,441.191022311756
759jfrnm(3),|759jfrnm(3),|759jfrnm(3),|759ebiyc(3),;24534.4,24534.4,23530.9,21877.2,0,0,0,0,446.191022311756
759jfrnm(3),|759jfrnm(3),|759jfrnm(3),|759ebiyc(3),;24534.4,24534.4,23530.9,21877.2,0,0,0,0,451.191022311756
759jfrnm(3),|759jfrnm(3),|759jfrnm(3),|759ebiyc(3),;24534.4,24534.4,23530.9,21877.2,0,0,0,0,456.191022311756
759jfrnm(3),|759jfrnm(3),|759jfrnm(3),|759ebiyc(3),;24534.4,24534.4,23530.9,21877.2,0,0,0,0,461.191022311756
759jfrnm(3),|759jfrnm(3),|759jfrnm(3),|759ebiyc(3),;24534.4,24534.4,23530.9,21877.2,0,0,0,0,466.191022311756
759jfrnm(3),|759jfrnm(3),|759jfrnm(3),|759ebiyc(3),;24534.4,24534.4,23530.9,21877.2,0,0,0,0,471.191022311756
759jfrnm(3),|759jfrnm(3),|759jfrnm(3),|759ebiyc(3),;24534.4,24534.4,23530.9,21877.2,0,0,0,0,476.191022311756
759jfrnm(3),|759jfrnm(3),|759jfrnm(3),|759ebiyc(3),;24534.4,24534.4,23530.9,21877.2,0,0,0,0,481.191022311756
759jfrnm(3),|759jfrnm(3),|759jfrnm(3),|759ebiyc(3),;24534.4,24534.4,23530.9,21877.2,0,0,0,0,486.191022311756
759jfrnm(3),|759jfrnm(3),|759jfrnm(3),|759ebiyc(3),;24534.4,24534.4,23530.9,21877.2,0,0,0,0,491.191022311756
759jfrnm(3),|759jfrnm(3),|759jfrnm(3),|759ebiyc(3),;24534.4,24534.4,23530.9,21877.2,0,0,0,0,496.191022311756
|||;27545,27545,27545,27545,0,0,0,0,501.191022311756
|||;27545,27545,27545,27545,0,0,0,0,506.191022311756
|||;27545,27545,27545,27545,0,0,0,0,511.191022311756
|||;27545,27545,27545,27545,0,0,0,0,516.191022311756
|||;27545,27545,27545,27545,0,0,0,0,521.191022311756
|||;27545,27545,27545,27545,0,0,0,0,526.191022311756
|||;27545,27545,27545,27545,0,0,0,0,531.191022311756
|||;27545,27545,27545,27545,0,0,0,0,536.191022311756
|||;27545,27545,27545,27545,0,0,0,0,541.191022311756
|||;27545,27545,27545,27545,0,0,0,0,546.191022311756
|||;27545,27545,27545,27545,0,0,0,0,551.191022311756
|||;27545,27545,27545,27545,0,0,0,0,556.191022311756
|||;27545,27545,27545,27545,0,0,0,0,561.191022311756
|||;27545,27545,27545,27545,0,0,0,0,566.191022311756
|||;27545,27545,27545,27545,0,0,0,0,571.191022311756
|||;27545,27545,27545,27545,0,0,0,0,576.191022311756
|||;27545,27545,27545,27545,0,0,0,0,581.191022311756
|||;27545,27545,27545,27545,0,0,0,0,586.191022311756
|||;27545,27545,27545,27545,0,0,0,0,591.191022311756
|||;27545,27545,27545,27545,0,0,0,0,596.191022311756
|||;27545,27545,27545,27545,0,0,0,0,601.191022311756
|||;27545,27545,27545,27545,0,0,0,0,606.191022311756
686henpo(2),||686henpo(2),|;26336.7,27545,23920,27545,3.093332298887,0.051025680124,15.262558773937,0.051025680124,611.191022311756
||686henpo(2),|;27545,27545,23920,27545,0,0,10.262558773937,0,616.191022311756
||686henpo(2),|;27545,27545,23920,27545,0,0,5.262558773937,0,621.191022311756
|||;27545,27545,27545,27545,0,0,0.262558773937,0,626.191022311756
|||;27545,27545,27545,27545,0,0,0,0,631.191022311756
|||;27545,27545,27545,27545,0,0,0,0,636.191022311756
|||;27545,27545,27545,27545,0,0,0,0,641.191022311756
|||;27545,27545,27545,27545,0,0,0,0,646.191022311756
|||;27545,27545,27545,27545,0,0,0,0,651.191022311756
|||;27545,27545,27545,27545,0,0,0,0,656.191022311756
|||;27545,27545,27545,27545,0,0,0,0,661.191022311756
|||;27545,27545,27545,27545,0,0,0,0,666.191022311756
|||;27545,27545,27545,27545,0,0,0,0,671.191022311756
|||;27545,27545,27545,27545,0,0,0,0,676.191022311756
|||;27545,27545,27545,27545,0,0,0,0,681.191022311756
|||;27545,27545,27545,27545,0,0,0,0,686.191022311756
288xznaq(2),|||;26761.6,27545,27545,27545,0.269450057832,0,0,0,691.191022311756
288xznaq(3),|||;26761.6,27545,27545,27545,0,0,0,0,696.191022311756
288xznaq(3),|||;26761.6,27545,27545,27545,0,0,0,0,701.191022311756
288xznaq(3),|||;26761.6,27545,27545,27545,0,0,0,0,706.191022311756
288xznaq(3),|||;26761.6,27545,27545,27545,0,0,0,0,711.191022311756
288xznaq(3),|||;26761.6,27545,27545,27545,0,0,0,0,716.191022311756
288xznaq(3),|||;26761.6,27545,27545,27545,0,0,0,0,721.191022311756
288xznaq(3),|||;26761.6,27545,27545,27545,0,0,0,0,726.191022311756
288xznaq(3),|||;26761.6,27545,27545,27545,0,0,0,0,731.191022311756
288xznaq(3),|||;26761.6,27545,27545,27545,0,0,0,0,736.191022311756
288xznaq(3),|||;26761.6,27545,27545,27545,0,0,0,0,741.191022311756
288xznaq(3),|||;26761.6,27545,27545,27545,0,0,0,0,746.191022311756
288xznaq(3),|||;26761.6,27545,27545,27545,0,0,0,0,751.191022311756
288xznaq(3),|||;26761.6,27545,27545,27545,0,0,0,0,756.191022311756
288xznaq(3),|||;26761.6,27545,27545,27545,0,0,0,0,761.191022311756
288xznaq(3),|||;26761.6,27545,27545,27545,0,0,0,0,766.191022311756
288xznaq(3),|||;26761.6,27545,27545,27545,0,0,0,0,771.191022311756
288xznaq(3),|||;26761.6,27545,27545,27545,0,0,0,0,776.191022311756
288xznaq(3),|||;26761.6,27545,27545,27545,0,0,0,0,781.191022311756
288xznaq(3),|||;26761.6,27545,27545,27545,0,0,0,0,786.191022311756
288xznaq(3),|||;26761.6,27545,27545,27545,0,0,0,0,791.191022311756
288xznaq(3),|||;26761.6,27545,27545,27545,0,0,0,0,796.191022311756
288xznaq(3),|||;26761.6,27545,27545,27545,0,0,0,0,801.191022311756
288xznaq(3),|||;26761.6,27545,27545,27545,0,0,0,0,806.191022311756
288xznaq(3),|||;26761.6,27545,27545,27545,0,0,0,0,811.191022311756
288xznaq(3),|||;26761.6,27545,27545,27545,0,0,0,0,816.191022311756
288xznaq(3),|||;26761.6,27545,27545,27545,0,0,0,0,821.191022311756
288xznaq(3),|||;26761.6,27545,27545,27545,0,0,0,0,826.191022311756
288xznaq(3),|||;26761.6,27545,27545,27545,0,0,0,0,831.191022311756
288xznaq(3),|||;26761.6,27545,27545,27545,0,0,0,0,836.191022311756
288xznaq(3),|||;26761.6,27545,27545,27545,0,0,0,0,841.191022311756
288xznaq(3),|||;26761.6,27545,27545,27545,0,0,0,0,846.191022311756
288xznaq(3),|||;26761.6,27545,27545,27545,0,0,0,0,851.191022311756
288xznaq(3),|||;26761.6,27545,27545,27545,0,0,0,0,856.191022311756
288xznaq(3),|||;26761.6,27545,27545,27545,0,0,0,0,861.191022311756
288xznaq(3),|||;26761.6,27545,27545,27545,0,0,0,0,866.191022311756
288xznaq(3),|||;26761.6,27545,27545,27545,0,0,0,0,871.191022311756
288xznaq(3),|||;26761.6,27545,27545,27545,0,0,0,0,876.191022311756
288xznaq(3),|||;26761.6,27545,27545,27545,0,0,0,0,881.191022311756
288xznaq(3),|||;26761.6,27545,27545,27545,0,0,0,0,886.191022311756
288xznaq(3),|||;26761.6,27545,27545,27545,0,0,0,0,891.191022311756
288xznaq(3),|||;26761.6,27545,27545,27545,0,0,0,0,896.191022311756
288xznaq(3),|||;26761.6,27545,27545,27545,0,0,0,0,901.191022311756
288xznaq(3),|||;26761.6,27545,27545,27545,0,0,0,0,906.191022311756
288xznaq(3),|||;26761.6,27545,27545,27545,0,0,0,0,911.191022311756
288xznaq(3),|||;26761.6,27545,27545,27545,0,0,0,0,916.191022311756
288xznaq(3),|||;26761.6,27545,27545,27545,0,0,0,0,921.191022311756
288xznaq(3),|||;26761.6,27545,27545,27545,0,0,0,0,926.191022311756
288xznaq(3),|||;26761.6,27545,27545,27545,0,0,0,0,931.191022311756
288xznaq(3),|||;26761.6,27545,27545,27545,0,0,0,0,936.191022311756
288xznaq(3),|||;26761.6,27545,27545,27545,0,0,0,0,941.191022311756
288xznaq(3),|||;26761.6,27545,27545,27545,0,0,0,0,946.191022311756
288xznaq(3),|||;26761.6,27545,27545,27545,0,0,0,0,951.191022311756
288xznaq(3),|||;26761.6,27545,27545,27545,0,0,0,0,956.191022311756
288xznaq(3),|||;26761.6,27545,27545,27545,0,0,0,0,961.191022311756
288xznaq(3),|||;26761.6,27545,27545,27545,0,0,0,0,966.191022311756
288xznaq(3),|||;26761.6,27545,27545,27545,0,0,0,0,971.191022311756
288xznaq(3),|||;26761.6,27545,27545,27545,0,0,0,0,976.191022311756
288xznaq(3),|||;26761.6,27545,27545,27545,0,0,0,0,981.191022311756
288xznaq(3),|||;26761.6,27545,27545,27545,0,0,0,0,986.191022311756
288xznaq(3),|||;26761.6,27545,27545,27545,0,0,0,0,991.191022311756
288xznaq(3),|||;26761.6,27545,27545,27545,0,0,0,0,996.191022311756
288xznaq(3),|||;26761.6,27545,27545,27545,0,0,0,0,1001.191022311756
288xznaq(3),|||;26761.6,27545,27545,27545,0,0,0,0,1006.191022311756
288xznaq(3),|||;26761.6,27545,27545,27545,0,0,0,0,1011.191022311756
288xznaq(3),|||;26761.6,27545,27545,27545,0,0,0,0,1016.191022311756
288xznaq(3),|||;26761.6,27545,27545,27545,0,0,0,0,1021.191022311756
288xznaq(3),|||;26761.6,27545,27545,27545,0,0,0,0,1026.191022311756
288xznaq(3),|||;26761.6,27545,27545,27545,0,0,0,0,1031.191022311756
288xznaq(3),|||;26761.6,27545,27545,27545,0,0,0,0,1036.191022311756
288xznaq(3),|||;26761.6,27545,27545,27545,0,0,0,0,1041.191022311756
288xznaq(3),|||;26761.6,27545,27545,27545,0,0,0,0,1046.191022311756
288xznaq(3),|||;26761.6,27545,27545,27545,0,0,0,0,1051.191022311756
288xznaq(3),|||;26761.6,27545,27545,27545,0,0,0,0,1056.191022311756
288xznaq(3),|||;26761.6,27545,27545,27545,0,0,0,0,1061.191022311756
288xznaq(3),|||;26761.6,27545,27545,27545,0,0,0,0,1066.191022311756
288xznaq(3),|||;26761.6,27545,27545,27545,0,0,0,0,1071.191022311756
288xznaq(3),|||;26761.6,27545,27545,27545,0,0,0,0,1076.191022311756
288xznaq(3),|||;26761.6,27545,27545,27545,0,0,0,0,1081.191022311756
288xznaq(3),|||;26761.6,27545,27545,27545,0,0,0,0,1086.191022311756
288xznaq(3),|||;26761.6,27545,27545,27545,0,0,0,0,1091.191022311756
288xznaq(3),|||;26761.6,27545,27545,27545,0,0,0,0,1096.191022311756
288xznaq(3),|||;26761.6,27545,27545,27545,0,0,0,0,1101.191022311756
288xznaq(3),|||;26761.6,27545,27545,27545,0,0,0,0,1106.191022311756
288xznaq(3),|||;26761.6,27545,27545,27545,0,0,0,0,1111.191022311756
288xznaq(3),|||;26761.6,27545,27545,27545,0,0,0,0,1116.191022311756
288xznaq(3),|||;26761.6,27545,27545,27545,0,0,0,0,1121.191022311756
288xznaq(3),|||;26761.6,27545,27545,27545,0,0,0,0,1126.191022311756
288xznaq(3),|||;26761.6,27545,27545,27545,0,0,0,0,1131.191022311756
288xznaq(3),|||;26761.6,27545,27545,27545,0,0,0,0,1136.191022311756
288xznaq(3),|||;26761.6,27545,27545,27545,0,0,0,0,1141.191022311756
288xznaq(3),|||;26761.6,27545,27545,27545,0,0,0,0,1146.191022311756
288xznaq(3),|||;26761.6,27545,27545,27545,0,0,0,0,1151.191022311756
288xznaq(3),|||;26761.6,27545,27545,27545,0,0,0,0,1156.191022311756
288xznaq(3),|||;26761.6,27545,27545,27545,0,0,0,0,1161.191022311756
288xznaq(3),|||;26761.6,27545,27545,27545,0,0,0,0,1166.191022311756
288xznaq(3),|||;26761.6,27545,27545,27545,0,0,0,0,1171.191022311756
288xznaq(3),|||;26761.6,27545,27545,27545,0,0,0,0,1176.191022311756
288xznaq(3),|||;26761.6,27545,27545,27545,0,0,0,0,1181.191022311756
288xznaq(3),|||;26761.6,27545,27545,27545,0,0,0,0,1186.191022311756
288xznaq(3),|||;26761.6,27545,27545,27545,0,0,0,0,1191.191022311756
288xznaq(3),|||;26761.6,27545,27545,27545,0,0,0,0,1196.191022311756
288xznaq(3),|||;26761.6,27545,27545,27545,0,0,0,0,1201.191022311756
288xznaq(3),|||;26761.6,27545,27545,27545,0,0,0,0,1206.191022311756
288xznaq(3),|||;26761.6,27545,27545,27545,0,0,0,0,1211.191022311756
288xznaq(3),|||;26761.6,27545,27545,27545,0,0,0,0,1216.191022311756
288xznaq(3),|||;26761.6,27545,27545,27545,0,0,0,0,1221.191022311756
288xznaq(3),|||;26761.6,27545,27545,27545,0,0,0,0,1226.191022311756
288xznaq(3),|||;26761.6,27545,27545,27545,0,0,0,0,1231.191022311756
288xznaq(3),|||;26761.6,27545,27545,27545,0,0,0,0,1236.191022311756
288xznaq(3),|||;26761.6,27545,27545,27545,0,0,0,0,1241.191022311756
288xznaq(3),|||;26761.6,27545,27545,27545,0,0,0,0,1246.191022311756
288xznaq(3),|||;26761.6,27545,27545,27545,0,0,0,0,1251.191022311756
288xznaq(3),|||;26761.6,27545,27545,27545,0,0,0,0,1256.191022311756
288xznaq(3),|||;26761.6,27545,27545,27545,0,0,0,0,1261.191022311756
288xznaq(3),|||;26761.6,27545,27545,27545,0,0,0,0,1266.191022311756
288xznaq(3),|||;26761.6,27545,27545,27545,0,0,0,0,1271.191022311756
288xznaq(3),|||;26761.6,27545,27545,27545,0,0,0,0,1276.191022311756
288xznaq(3),|||;26761.6,27545,27545,27545,0,0,0,0,1281.191022311756
288xznaq(3),|||;26761.6,27545,27545,27545,0,0,0,0,1286.191022311756
288xznaq(3),|||;26761.6,27545,27545,27545,0,0,0,0,1291.191022311756
288xznaq(3),|||;26761.6,27545,27545,27545,0,0,0,0,1296.191022311756
288xznaq(3),|||;26761.6,27545,27545,27545,0,0,0,0,1301.191022311756
288xznaq(3),|||;26761.6,27545,27545,27545,0,0,0,0,1306.191022311756
288xznaq(3),|||;26761.6,27545,27545,27545,0,0,0,0,1311.191022311756
288xznaq(3),|||;26761.6,27545,27545,27545,0,0,0,0,1316.191022311756
288xznaq(3),|||;26761.6,27545,27545,27545,0,0,0,0,1321.191022311756
288xznaq(3),|||;26761.6,27545,27545,27545,0,0,0,0,1326.191022311756
288xznaq(3),|||;26761.6,27545,27545,27545,0,0,0,0,1331.191022311756
288xznaq(3),|||;26761.6,27545,27545,27545,0,0,0,0,1336.191022311756
288xznaq(3),|||;26761.6,27545,27545,27545,0,0,0,0,1341.191022311756
288xznaq(3),|||;26761.6,27545,27545,27545,0,0,0,0,1346.191022311756
288xznaq(3),|||;26761.6,27545,27545,27545,0,0,0,0,1351.191022311756
288xznaq(3),|||;26761.6,27545,27545,27545,0,0,0,0,1356.191022311756
288xznaq(3),|||;26761.6,27545,27545,27545,0,0,0,0,1361.191022311756
288xznaq(3),|||;26761.6,27545,27545,27545,0,0,0,0,1366.191022311756
288xznaq(3),|||;26761.6,27545,27545,27545,0,0,0,0,1371.191022311756
288xznaq(3),|||;26761.6,27545,27545,27545,0,0,0,0,1376.191022311756
288xznaq(3),|||;26761.6,27545,27545,27545,0,0,0,0,1381.191022311756
288xznaq(3),|||;26761.6,27545,27545,27545,0,0,0,0,1386.191022311756
288xznaq(3),|||;26761.6,27545,27545,27545,0,0,0,0,1391.191022311756
288xznaq(3),|||;26761.6,27545,27545,27545,0,0,0,0,1396.191022311756
288xznaq(3),|||;26761.6,27545,27545,27545,0,0,0,0,1401.191022311756
288xznaq(3),|||;26761.6,27545,27545,27545,0,0,0,0,1406.191022311756
288xznaq(3),|||;26761.6,27545,27545,27545,0,0,0,0,1411.191022311756
288xznaq(3),|||;26761.6,27545,27545,27545,0,0,0,0,1416.191022311756
288xznaq(3),|||;26761.6,27545,27545,27545,0,0,0,0,1421.191022311756
288xznaq(3),|||;26761.6,27545,27545,27545,0,0,0,0,1426.191022311756
288xznaq(3),|||;26761.6,27545,27545,27545,0,0,0,0,1431.191022311756
288xznaq(3),|||;26761.6,27545,27545,27545,0,0,0,0,1436.191022311756
288xznaq(3),|||;26761.6,27545,27545,27545,0,0,0,0,1441.191022311756
288xznaq(3),|||;26761.6,27545,27545,27545,0,0,0,0,1446.191022311756
288xznaq(3),|||;26761.6,27545,27545,27545,0,0,0,0,1451.191022311756
288xznaq(3),|||;26761.6,27545,27545,27545,0,0,0,0,1456.191022311756
288xznaq(3),|||;26761.6,27545,27545,27545,0,0,0,0,1461.191022311756
288xznaq(3),|||;26761.6,27545,27545,27545,0,0,0,0,1466.191022311756
288xznaq(3),|||;26761.6,27545,27545,27545,0,0,0,0,1471.191022311756
288xznaq(3),|||;26761.6,27545,27545,27545,0,0,0,0,1476.191022311756
288xznaq(3),|||;26761.6,27545,27545,27545,0,0,0,0,1481.191022311756
288xznaq(3),|||;26761.6,27545,27545,27545,0,0,0,0,1486.191022311756
288xznaq(3),|||;26761.6,27545,27545,27545,0,0,0,0,1491.191022311756
288xznaq(3),|||;26761.6,27545,27545,27545,0,0,0,0,1496.191022311756
288xznaq(3),|||;26761.6,27545,27545,27545,0,0,0,0,1501.191022311756
288xznaq(3),|||;26761.6,27545,27545,27545,0,0,0,0,1506.191022311756
288xznaq(3),|||;26761.6,27545,27545,27545,0,0,0,0,1511.191022311756
288xznaq(3),|||;26761.6,27545,27545,27545,0,0,0,0,1516.191022311756
288xznaq(3),|||;26761.6,27545,27545,27545,0,0,0,0,1521.191022311756
288xznaq(3),|||;26761.6,27545,27545,27545,0,0,0,0,1526.191022311756
288xznaq(3),|||;26761.6,27545,27545,27545,0,0,0,0,1531.191022311756
288xznaq(3),|||;26761.6,27545,27545,27545,0,0,0,0,1536.191022311756
288xznaq(3),|||;26761.6,27545,27545,27545,0,0,0,0,1541.191022311756
288xznaq(3),|||;26761.6,27545,27545,27545,0,0,0,0,1546.191022311756
288xznaq(3),|||;26761.6,27545,27545,27545,0,0,0,0,1551.191022311756
288xznaq(3),|||;26761.6,27545,27545,27545,0,0,0,0,1556.191022311756
288xznaq(3),|||;26761.6,27545,27545,27545,0,0,0,0,1561.191022311756
288xznaq(3),|||;26761.6,27545,27545,27545,0,0,0,0,1566.191022311756
288xznaq(3),|||;26761.6,27545,27545,27545,0,0,0,0,1571.191022311756
288xznaq(3),|||;26761.6,27545,27545,27545,0,0,0,0,1576.191022311756
288xznaq(3),|||;26761.6,27545,27545,27545,0,0,0,0,1581.191022311756
288xznaq(3),|||;26761.6,27545,27545,27545,0,0,0,0,1586.191022311756
288xznaq(3),|||;26761.6,27545,27545,27545,0,0,0,0,1591.191022311756
288xznaq(3),|||;26761.6,27545,27545,27545,0,0,0,0,1596.191022311756
288xznaq(3),|||;26761.6,27545,27545,27545,0,0,0,0,1601.191022311756
288xznaq(3),|||;26761.6,27545,27545,27545,0,0,0,0,1606.191022311756
288xznaq(3),|||;26761.6,27545,27545,27545,0,0,0,0,1611.191022311756
288xznaq(3),|||;26761.6,27545,27545,27545,0,0,0,0,1616.191022311756
288xznaq(3),|||;26761.6,27545,27545,27545,0,0,0,0,1621.191022311756
288xznaq(3),|||;26761.6,27545,27545,27545,0,0,0,0,1626.191022311756
288xznaq(3),|||;26761.6,27545,27545,27545,0,0,0,0,1631.191022311756
288xznaq(3),|||;26761.6,27545,27545,27545,0,0,0,0,1636.191022311756
288xznaq(3),|||;26761.6,27545,27545,27545,0,0,0,0,1641.191022311756
288xznaq(3),|||;26761.6,27545,27545,27545,0,0,0,0,1646.191022311756
288xznaq(3),|||;26761.6,27545,27545,27545,0,0,0,0,1651.191022311756
288xznaq(3),|||;26761.6,27545,27545,27545,0,0,0,0,1656.191022311756
288xznaq(3),|||;26761.6,27545,27545,27545,0,0,0,0,1661.191022311756
288xznaq(3),|||;26761.6,27545,27545,27545,0,0,0,0,1666.191022311756
288xznaq(3),|||;26761.6,27545,27545,27545,0,0,0,0,1671.191022311756
288xznaq(3),|||;26761.6,27545,27545,27545,0,0,0,0,1676.191022311756
288xznaq(3),|||;26761.6,27545,27545,27545,0,0,0,0,1681.191022311756
288xznaq(3),|||;26761.6,27545,27545,27545,0,0,0,0,1686.191022311756
288xznaq(3),|||;26761.6,27545,27545,27545,0,0,0,0,1691.191022311756
288xznaq(3),|||;26761.6,27545,27545,27545,0,0,0,0,1696.191022311756
288xznaq(3),|||;26761.6,27545,27545,27545,0,0,0,0,1701.191022311756
288xznaq(3),|||;26761.6,27545,27545,27545,0,0,0,0,1706.191022311756
288xznaq(3),|||;26761.6,27545,27545,27545,0,0,0,0,1711.191022311756
288xznaq(3),|||;26761.6,27545,27545,27545,0,0,0,0,1716.191022311756
288xznaq(3),|||;26761.6,27545,27545,27545,0,0,0,0,1721.191022311756
288xznaq(3),|||;26761.6,27545,27545,27545,0,0,0,0,1726.191022311756
288xznaq(3),|||;26761.6,27545,27545,27545,0,0,0,0,1731.191022311756
288xznaq(3),|||;26761.6,27545,27545,27545,0,0,0,0,1736.191022311756
288xznaq(3),|||;26761.6,27545,27545,27545,0,0,0,0,1741.191022311756
288xznaq(3),|||;26761.6,27545,27545,27545,0,0,0,0,1746.191022311756
288xznaq(3),|||;26761.6,27545,27545,27545,0,0,0,0,1751.191022311756
288xznaq(3),|||;26761.6,27545,27545,27545,0,0,0,0,1756.191022311756
288xznaq(3),|||;26761.6,27545,27545,27545,0,0,0,0,1761.191022311756
288xznaq(3),|||;26761.6,27545,27545,27545,0,0,0,0,1766.191022311756
288xznaq(3),|||;26761.6,27545,27545,27545,0,0,0,0,1771.191022311756
288xznaq(3),|||;26761.6,27545,27545,27545,0,0,0,0,1776.191022311756
288xznaq(3),|||;26761.6,27545,27545,27545,0,0,0,0,1781.191022311756
288xznaq(3),|||;26761.6,27545,27545,27545,0,0,0,0,1786.191022311756
288xznaq(3),|||;26761.6,27545,27545,27545,0,0,0,0,1791.191022311756
288xznaq(3),|||;26761.6,27545,27545,27545,0,0,0,0,1796.191022311756
288xznaq(3),|||;26761.6,27545,27545,27545,0,0,0,0,1801.191022311756
288xznaq(3),|||;26761.6,27545,27545,27545,0,0,0,0,1806.191022311756
288xznaq(3),|||;26761.6,27545,27545,27545,0,0,0,0,1811.191022311756
288xznaq(3),|||;26761.6,27545,27545,27545,0,0,0,0,1816.191022311756
288xznaq(3),|||;26761.6,27545,27545,27545,0,0,0,0,1821.191022311756
288xznaq(3),|||;26761.6,27545,27545,27545,0,0,0,0,1826.191022311756
288xznaq(3),|||;26761.6,27545,27545,27545,0,0,0,0,1831.191022311756
288xznaq(3),|||;26761.6,27545,27545,27545,0,0,0,0,1836.191022311756
288xznaq(3),|||;26761.6,27545,27545,27545,0,0,0,0,1841.191022311756
288xznaq(3),|||;26761.6,27545,27545,27545,0,0,0,0,1846.191022311756
288xznaq(3),|||;26761.6,27545,27545,27545,0,0,0,0,1851.191022311756
288xznaq(3),|||;26761.6,27545,27545,27545,0,0,0,0,1856.191022311756
288xznaq(3),|||;26761.6,27545,27545,27545,0,0,0,0,1861.191022311756
288xznaq(3),|||;26761.6,27545,27545,27545,0,0,0,0,1866.191022311756
288xznaq(3),|||;26761.6,27545,27545,27545,0,0,0,0,1871.191022311756
288xznaq(3),|||;26761.6,27545,27545,27545,0,0,0,0,1876.191022311756
288xznaq(3),|||;26761.6,27545,27545,27545,0,0,0,0,1881.191022311756
288xznaq(3),|||;26761.6,27545,27545,27545,0,0,0,0,1886.191022311756
288xznaq(3),|||;26761.6,27545,27545,27545,0,0,0,0,1891.191022311756
288xznaq(3),|||;26761.6,27545,27545,27545,0,0,0,0,1896.191022311756
288xznaq(3),|||;26761.6,27545,27545,27545,0,0,0,0,1901.191022311756
288xznaq(3),|||;26761.6,27545,27545,27545,0,0,0,0,1906.191022311756
288xznaq(3),|||;26761.6,27545,27545,27545,0,0,0,0,1911.191022311756
288xznaq(3),|||;26761.6,27545,27545,27545,0,0,0,0,1916.191022311756
288xznaq(3),|||;26761.6,27545,27545,27545,0,0,0,0,1921.191022311756
288xznaq(3),|||;26761.6,27545,27545,27545,0,0,0,0,1926.191022311756
288xznaq(3),|||;26761.6,27545,27545,27545,0,0,0,0,1931.191022311756
288xznaq(3),|||;26761.6,27545,27545,27545,0,0,0,0,1936.191022311756
288xznaq(3),|||;26761.6,27545,27545,27545,0,0,0,0,1941.191022311756
288xznaq(3),|||;26761.6,27545,27545,27545,0,0,0,0,1946.191022311756
288xznaq(3),|||;26761.6,27545,27545,27545,0,0,0,0,1951.191022311756
288xznaq(3),|||;26761.6,27545,27545,27545,0,0,0,0,1956.191022311756
288xznaq(3),|||;26761.6,27545,27545,27545,0,0,0,0,1961.191022311756
288xznaq(3),|||;26761.6,27545,27545,27545,0,0,0,0,1966.191022311756
288xznaq(3),|||;26761.6,27545,27545,27545,0,0,0,0,1971.191022311756
288xznaq(3),|||;26761.6,27545,27545,27545,0,0,0,0,1976.191022311756
288xznaq(3),|||;26761.6,27545,27545,27545,0,0,0,0,1981.191022311756
288xznaq(3),|||;26761.6,27545,27545,27545,0,0,0,0,1986.191022311756
288xznaq(3),|||;26761.6,27545,27545,27545,0,0,0,0,1991.191022311756
288xznaq(3),|||;26761.6,27545,27545,27545,0,0,0,0,1996.191022311756
