|||;18534,18534,18534,18534,0,0,0,0,1.191655891554
|||;18534,18534,18534,18534,0,0,0,0,6.191655891554
|||;18534,18534,18534,18534,0,0,0,0,11.191655891554
|||;18534,18534,18534,18534,0,0,0,0,16.191655891554
|||;18534,18534,18534,18534,0,0,0,0,21.191655891554
|||;18534,18534,18534,18534,0,0,0,0,26.191655891554
|||;18534,18534,18534,18534,0,0,0,0,31.191655891554
|||;18534,18534,18534,18534,0,0,0,0,36.191655891554
|||;18534,18534,18534,18534,0,0,0,0,41.191655891554
|||;18534,18534,18534,18534,0,0,0,0,46.191655891554
|||;18534,18534,18534,18534,0,0,0,0,51.191655891554
|||;18534,18534,18534,18534,0,0,0,0,56.191655891554
|||;18534,18534,18534,18534,0,0,0,0,61.191655891554
|||;18534,18534,18534,18534,0,0,0,0,66.191655891554
|||;18534,18534,18534,18534,0,0,0,0,71.191655891554
|||;18534,18534,18534,18534,0,0,0,0,76.191655891554
|||;18534,18534,18534,18534,0,0,0,0,81.191655891554
|||;18534,18534,18534,18534,0,0,0,0,86.191655891554
|||;18534,18534,18534,18534,0,0,0,0,91.191655891554
|||;18534,18534,18534,18534,0,0,0,0,96.191655891554
|||;18534,18534,18534,18534,0,0,0,0,101.191655891554
|||;18534,18534,18534,18534,0,0,0,0,106.191655891554
|||;18534,18534,18534,18534,0,0,0,0,111.191655891554
|||;18534,18534,18534,18534,0,0,0,0,116.191655891554
|||;18534,18534,18534,18534,0,0,0,0,121.191655891554
|||;18534,18534,18534,18534,0,0,0,0,126.191655891554
|||;18534,18534,18534,18534,0,0,0,0,131.191655891554
|||;18534,18534,18534,18534,0,0,0,0,136.191655891554
|||;18534,18534,18534,18534,0,0,0,0,141.191655891554
|||;18534,18534,18534,18534,0,0,0,0,146.191655891554
|||;18534,18534,18534,18534,0,0,0,0,151.191655891554
|||;18534,18534,18534,18534,0,0,0,0,156.191655891554
|||;18534,18534,18534,18534,0,0,0,0,161.191655891554
|||;18534,18534,18534,18534,0,0,0,0,166.191655891554
|||;18534,18534,18534,18534,0,0,0,0,171.191655891554
|||;18534,18534,18534,18534,0,0,0,0,176.191655891554
|||;18534,18534,18534,18534,0,0,0,0,181.191655891554
|||;18534,18534,18534,18534,0,0,0,0,186.191655891554
|||;18534,18534,18534,18534,0,0,0,0,191.191655891554
|||;18534,18534,18534,18534,0,0,0,0,196.191655891554
|||;18534,18534,18534,18534,0,0,0,0,201.191655891554
|||;18534,18534,18534,18534,0,0,0,0,206.191655891554
|||;18534,18534,18534,18534,0,0,0,0,211.191655891554
|||;18534,18534,18534,18534,0,0,0,0,216.191655891554
|||;18534,18534,18534,18534,0,0,0,0,221.191655891554
|||;18534,18534,18534,18534,0,0,0,0,226.191655891554
|||;18534,18534,18534,18534,0,0,0,0,231.191655891554
|||;18534,18534,18534,18534,0,0,0,0,236.191655891554
|||;18534,18534,18534,18534,0,0,0,0,241.191655891554
|||;18534,18534,18534,18534,0,0,0,0,246.191655891554
|||;18534,18534,18534,18534,0,0,0,0,251.191655891554
|||;18534,18534,18534,18534,0,0,0,0,256.191655891554
|||;18534,18534,18534,18534,0,0,0,0,261.191655891554
|||;18534,18534,18534,18534,0,0,0,0,266.191655891554
|||;18534,18534,18534,18534,0,0,0,0,271.191655891554
|||;18534,18534,18534,18534,0,0,0,0,276.191655891554
|||;18534,18534,18534,18534,0,0,0,0,281.191655891554
|||;18534,18534,18534,18534,0,0,0,0,286.191655891554
|||;18534,18534,18534,18534,0,0,0,0,291.191655891554
|||;18534,18534,18534,18534,0,0,0,0,296.191655891554
|||;18534,18534,18534,18534,0,0,0,0,301.191655891554
74bljia(2),|74bljia(2),|74bljia(2),|74bljia(2),;16608.9,16608.9,16608.9,17571.4,11.64028978495,11.64028978495,11.64028978495,5.176936080032,306.191655891554
74bljia(2),|74bljia(2),|74bljia(2),|74bljia(2),;16608.9,16608.9,16608.9,17571.4,6.64028978495,6.64028978495,6.64028978495,0.176936080032,311.191655891554
74bljia(2),|74bljia(2),|74bljia(2),|74bljia(3),;16608.9,16608.9,16608.9,17571.4,1.64028978495,1.64028978495,1.64028978495,0,316.191655891554
74bljia(3),|74bljia(3),|74bljia(3),|74bljia(3),;16608.9,16608.9,16608.9,17571.4,0,0,0,0,321.191655891554
74bljia(3),|74bljia(3),|74bljia(3),|74bljia(3),;16608.9,16608.9,16608.9,17571.4,0,0,0,0,326.191655891554
74bljia(3),|74bljia(3),|74bljia(3),|74bljia(3),;16608.9,16608.9,16608.9,17571.4,0,0,0,0,331.191655891554
74bljia(3),|74bljia(3),|74bljia(3),|74bljia(3),;16608.9,16608.9,16608.9,17571.4,0,0,0,0,336.191655891554
74bljia(3),|74bljia(3),|74bljia(3),|74bljia(3),;16608.9,16608.9,16608.9,17571.4,0,0,0,0,341.191655891554
74bljia(3),|74bljia(3),|74bljia(3),|74bljia(3),;16608.9,16608.9,16608.9,17571.4,0,0,0,0,346.191655891554
74bljia(3),|74bljia(3),|74bljia(3),|74bljia(3),;16608.9,16608.9,16608.9,17571.4,0,0,0,0,351.191655891554
74bljia(3),|74bljia(3),|74bljia(3),|74bljia(3),;16608.9,16608.9,16608.9,17571.4,0,0,0,0,356.191655891554
74bljia(3),|74bljia(3),|74bljia(3),|74bljia(3),;16608.9,16608.9,16608.9,17571.4,0,0,0,0,361.191655891554
74bljia(3),|74bljia(3),|74bljia(3),|74bljia(3),;16608.9,16608.9,16608.9,17571.4,0,0,0,0,366.191655891554
74bljia(3),|74bljia(3),|74bljia(3),|74bljia(3),;16608.9,16608.9,16608.9,17571.4,0,0,0,0,371.191655891554
74bljia(3),|74bljia(3),|74bljia(3),|74bljia(3),;16608.9,16608.9,16608.9,17571.4,0,0,0,0,376.191655891554
74bljia(3),|74bljia(3),|74bljia(3),|74bljia(3),;16608.9,16608.9,16608.9,17571.4,0,0,0,0,381.191655891554
74bljia(3),|74bljia(3),|74bljia(3),|74bljia(3),;16608.9,16608.9,16608.9,17571.4,0,0,0,0,386.191655891554
74bljia(3),|74bljia(3),|74bljia(3),|74bljia(3),;16608.9,16608.9,16608.9,17571.4,0,0,0,0,391.191655891554
74bljia(3),|74bljia(3),|74bljia(3),|74bljia(3),;16608.9,16608.9,16608.9,17571.4,0,0,0,0,396.191655891554
74bljia(3),|74bljia(3),|74bljia(3),|74bljia(3),;16608.9,16608.9,16608.9,17571.4,0,0,0,0,401.191655891554
74bljia(3),|74bljia(3),|74bljia(3),|74bljia(3),;16608.9,16608.9,16608.9,17571.4,0,0,0,0,406.191655891554
74bljia(3),|74bljia(3),|74bljia(3),|74bljia(3),;16608.9,16608.9,16608.9,17571.4,0,0,0,0,411.191655891554
74bljia(3),|74bljia(3),|74bljia(3),|74bljia(3),;16608.9,16608.9,16608.9,17571.4,0,0,0,0,416.191655891554
74bljia(3),|74bljia(3),|74bljia(3),|74bljia(3),;16608.9,16608.9,16608.9,17571.4,0,0,0,0,421.191655891554
74bljia(3),|74bljia(3),|74bljia(3),|74bljia(3),;16608.9,16608.9,16608.9,17571.4,0,0,0,0,426.191655891554
74bljia(3),|74bljia(3),|74bljia(3),|74bljia(3),;16608.9,16608.9,16608.9,17571.4,0,0,0,0,431.191655891554
74bljia(3),|74bljia(3),|74bljia(3),|74bljia(3),;16608.9,16608.9,16608.9,17571.4,0,0,0,0,436.191655891554
|||;18534,18534,18534,18534,0,0,0,0,441.191655891554
|||;18534,18534,18534,18534,0,0,0,0,446.191655891554
|||;18534,18534,18534,18534,0,0,0,0,451.191655891554
|||;18534,18534,18534,18534,0,0,0,0,456.191655891554
|||;18534,18534,18534,18534,0,0,0,0,461.191655891554
|||;18534,18534,18534,18534,0,0,0,0,466.191655891554
|||;18534,18534,18534,18534,0,0,0,0,471.191655891554
|||;18534,18534,18534,18534,0,0,0,0,476.191655891554
|||;18534,18534,18534,18534,0,0,0,0,481.191655891554
|||;18534,18534,18534,18534,0,0,0,0,486.191655891554
|||;18534,18534,18534,18534,0,0,0,0,491.191655891554
|||;18534,18534,18534,18534,0,0,0,0,496.191655891554
|||;18534,18534,18534,18534,0,0,0,0,501.191655891554
|||;18534,18534,18534,18534,0,0,0,0,506.191655891554
|||;18534,18534,18534,18534,0,0,0,0,511.191655891554
|||;18534,18534,18534,18534,0,0,0,0,516.191655891554
|||;18534,18534,18534,18534,0,0,0,0,521.191655891554
|||;18534,18534,18534,18534,0,0,0,0,526.191655891554
|||;18534,18534,18534,18534,0,0,0,0,531.191655891554
662gibpj(2),||662gibpj(2),|662gibpj(2),;14970.5,18534,15861.4,15861.4,21.484186811138,0,15.38614667999,15.38614667999,536.191655891554
662gibpj(2),||662gibpj(2),|662gibpj(2),;14970.5,18534,15861.4,15861.4,16.484186811138,0,10.38614667999,10.38614667999,541.191655891554
662gibpj(2),||662gibpj(2),|662gibpj(2),;14970.5,18534,15861.4,15861.4,11.484186811138,0,5.38614667999,5.38614667999,546.191655891554
662gibpj(2),||662gibpj(3),|662gibpj(3),;14970.5,18534,15861.4,15861.4,6.484186811138,0,0.38614667999,0.38614667999,551.191655891554
662gibpj(2),||662gibpj(3),|662gibpj(3),;14970.5,18534,15861.4,15861.4,1.484186811138,0,0,0,556.191655891554
662gibpj(3),||662gibpj(3),|662gibpj(3),;14970.5,18534,15861.4,15861.4,0,0,0,0,561.191655891554
662gibpj(3),||662gibpj(3),|662gibpj(3),;14970.5,18534,15861.4,15861.4,0,0,0,0,566.191655891554
662gibpj(3),||662gibpj(3),|662gibpj(3),;14970.5,18534,15861.4,15861.4,0,0,0,0,571.191655891554
662gibpj(3),||662gibpj(3),|662gibpj(3),;14970.5,18534,15861.4,15861.4,0,0,0,0,576.191655891554
662gibpj(3),||662gibpj(3),|662gibpj(3),;14970.5,18534,15861.4,15861.4,0,0,0,0,581.191655891554
662gibpj(3),||662gibpj(3),|662gibpj(3),;14970.5,18534,15861.4,15861.4,0,0,0,0,586.191655891554
662gibpj(3),||662gibpj(3),|662gibpj(3),;14970.5,18534,15861.4,15861.4,0,0,0,0,591.191655891554
662gibpj(3),||662gibpj(3),|662gibpj(3),;14970.5,18534,15861.4,15861.4,0,0,0,0,596.191655891554
662gibpj(3),||662gibpj(3),|662gibpj(3),;14970.5,18534,15861.4,15861.4,0,0,0,0,601.191655891554
662gibpj(3),||662gibpj(3),|662gibpj(3),;14970.5,18534,15861.4,15861.4,0,0,0,0,606.191655891554
662gibpj(3),||662gibpj(3),|662gibpj(3),;14970.5,18534,15861.4,15861.4,0,0,0,0,611.191655891554
662gibpj(3),||662gibpj(3),|662gibpj(3),;14970.5,18534,15861.4,15861.4,0,0,0,0,616.191655891554
662gibpj(3),||662gibpj(3),|662gibpj(3),;14970.5,18534,15861.4,15861.4,0,0,0,0,621.191655891554
662gibpj(3),||662gibpj(3),|662gibpj(3),;14970.5,18534,15861.4,15861.4,0,0,0,0,626.191655891554
662gibpj(3),||662gibpj(3),|662gibpj(3),;14970.5,18534,15861.4,15861.4,0,0,0,0,631.191655891554
662gibpj(3),||662gibpj(3),|662gibpj(3),;14970.5,18534,15861.4,15861.4,0,0,0,0,636.191655891554
662gibpj(3),||662gibpj(3),|662gibpj(3),;14970.5,18534,15861.4,15861.4,0,0,0,0,641.191655891554
662gibpj(3),||662gibpj(3),|662gibpj(3),;14970.5,18534,15861.4,15861.4,0,0,0,0,646.191655891554
662gibpj(3),||662gibpj(3),|662gibpj(3),;14970.5,18534,15861.4,15861.4,0,0,0,0,651.191655891554
662gibpj(3),||662gibpj(3),|662gibpj(3),;14970.5,18534,15861.4,15861.4,0,0,0,0,656.191655891554
662gibpj(3),||662gibpj(3),|662gibpj(3),;14970.5,18534,15861.4,15861.4,0,0,0,0,661.191655891554
662gibpj(3),||662gibpj(3),|662gibpj(3),;14970.5,18534,15861.4,15861.4,0,0,0,0,666.191655891554
662gibpj(3),||662gibpj(3),|662gibpj(3),;14970.5,18534,15861.4,15861.4,0,0,0,0,671.191655891554
662gibpj(3),||662gibpj(3),|662gibpj(3),;14970.5,18534,15861.4,15861.4,0,0,0,0,676.191655891554
662gibpj(3),||662gibpj(3),|662gibpj(3),;14970.5,18534,15861.4,15861.4,0,0,0,0,681.191655891554
662gibpj(3),||662gibpj(3),|662gibpj(3),;14970.5,18534,15861.4,15861.4,0,0,0,0,686.191655891554
662gibpj(3),||662gibpj(3),|662gibpj(3),;14970.5,18534,15861.4,15861.4,0,0,0,0,691.191655891554
662gibpj(3),||662gibpj(3),|662gibpj(3),;14970.5,18534,15861.4,15861.4,0,0,0,0,696.191655891554
662gibpj(3),||662gibpj(3),|662gibpj(3),;14970.5,18534,15861.4,15861.4,0,0,0,0,701.191655891554
662gibpj(3),||662gibpj(3),|662gibpj(3),;14970.5,18534,15861.4,15861.4,0,0,0,0,706.191655891554
662gibpj(3),||662gibpj(3),|662gibpj(3),;14970.5,18534,15861.4,15861.4,0,0,0,0,711.191655891554
662gibpj(3),||662gibpj(3),|662gibpj(3),;14970.5,18534,15861.4,15861.4,0,0,0,0,716.191655891554
662gibpj(3),||662gibpj(3),|662gibpj(3),;14970.5,18534,15861.4,15861.4,0,0,0,0,721.191655891554
662gibpj(3),||662gibpj(3),|662gibpj(3),;14970.5,18534,15861.4,15861.4,0,0,0,0,726.191655891554
662gibpj(3),|||;14970.5,18534,18534,18534,0,0,0,0,731.191655891554
|||;18534,18534,18534,18534,0,0,0,0,736.191655891554
|||;18534,18534,18534,18534,0,0,0,0,741.191655891554
436oyplw(2),|436oyplw(2),|436oyplw(2),|436oyplw(2),;15677,15677,17581.7,15677,16.089014073687,16.089014073687,3.051824827785,16.089014073687,746.191655891554
436oyplw(2),|436oyplw(2),||436oyplw(2),;15677,15677,18534,15677,11.089014073687,11.089014073687,0,11.089014073687,751.191655891554
436oyplw(2),|436oyplw(2),||436oyplw(2),;15677,15677,18534,15677,6.089014073687,6.089014073687,0,6.089014073687,756.191655891554
436oyplw(2),|436oyplw(2),||436oyplw(2),;15677,15677,18534,15677,1.089014073687,1.089014073687,0,1.089014073687,761.191655891554
436oyplw(3),|436oyplw(3),||436oyplw(3),;15677,15677,18534,15677,0,0,0,0,766.191655891554
436oyplw(3),|436oyplw(3),||436oyplw(3),;15677,15677,18534,15677,0,0,0,0,771.191655891554
436oyplw(3),|436oyplw(3),||436oyplw(3),;15677,15677,18534,15677,0,0,0,0,776.191655891554
436oyplw(3),|436oyplw(3),||436oyplw(3),;15677,15677,18534,15677,0,0,0,0,781.191655891554
436oyplw(3),|436oyplw(3),||436oyplw(3),;15677,15677,18534,15677,0,0,0,0,786.191655891554
436oyplw(3),|436oyplw(3),||436oyplw(3),;15677,15677,18534,15677,0,0,0,0,791.191655891554
436oyplw(3),|436oyplw(3),||436oyplw(3),;15677,15677,18534,15677,0,0,0,0,796.191655891554
436oyplw(3),|436oyplw(3),|478taqvw(2),|436oyplw(3),;15677,15677,17305.2,15677,0,0,7.883944318594,0,801.191655891554
436oyplw(3),|436oyplw(3),|478taqvw(2),|436oyplw(3),;15677,15677,17305.2,15677,0,0,2.883944318594,0,806.191655891554
436oyplw(3),|436oyplw(3),|478taqvw(3),|436oyplw(3),;15677,15677,17305.2,15677,0,0,0,0,811.191655891554
||478taqvw(3),|;18534,18534,17305.2,18534,0,0,0,0,816.191655891554
||478taqvw(3),|;18534,18534,17305.2,18534,0,0,0,0,821.191655891554
||478taqvw(3),|;18534,18534,17305.2,18534,0,0,0,0,826.191655891554
|||;18534,18534,18534,18534,0,0,0,0,831.191655891554
|||;18534,18534,18534,18534,0,0,0,0,836.191655891554
|||;18534,18534,18534,18534,0,0,0,0,841.191655891554
|||;18534,18534,18534,18534,0,0,0,0,846.191655891554
|||;18534,18534,18534,18534,0,0,0,0,851.191655891554
|||;18534,18534,18534,18534,0,0,0,0,856.191655891554
|||;18534,18534,18534,18534,0,0,0,0,861.191655891554
|||;18534,18534,18534,18534,0,0,0,0,866.191655891554
|||;18534,18534,18534,18534,0,0,0,0,871.191655891554
|||;18534,18534,18534,18534,0,0,0,0,876.191655891554
|||;18534,18534,18534,18534,0,0,0,0,881.191655891554
|||;18534,18534,18534,18534,0,0,0,0,886.191655891554
|||;18534,18534,18534,18534,0,0,0,0,891.191655891554
|||;18534,18534,18534,18534,0,0,0,0,896.191655891554
|||;18534,18534,18534,18534,0,0,0,0,901.191655891554
|||;18534,18534,18534,18534,0,0,0,0,906.191655891554
|||;18534,18534,18534,18534,0,0,0,0,911.191655891554
|||;18534,18534,18534,18534,0,0,0,0,916.191655891554
|||;18534,18534,18534,18534,0,0,0,0,921.191655891554
|||;18534,18534,18534,18534,0,0,0,0,926.191655891554
|||;18534,18534,18534,18534,0,0,0,0,931.191655891554
|||;18534,18534,18534,18534,0,0,0,0,936.191655891554
|||;18534,18534,18534,18534,0,0,0,0,941.191655891554
|||;18534,18534,18534,18534,0,0,0,0,946.191655891554
|||;18534,18534,18534,18534,0,0,0,0,951.191655891554
|||;18534,18534,18534,18534,0,0,0,0,956.191655891554
|||;18534,18534,18534,18534,0,0,0,0,961.191655891554
|||;18534,18534,18534,18534,0,0,0,0,966.191655891554
|||;18534,18534,18534,18534,0,0,0,0,971.191655891554
|||;18534,18534,18534,18534,0,0,0,0,976.191655891554
|||;18534,18534,18534,18534,0,0,0,0,981.191655891554
|||;18534,18534,18534,18534,0,0,0,0,986.191655891554
|||;18534,18534,18534,18534,0,0,0,0,991.191655891554
|||;18534,18534,18534,18534,0,0,0,0,996.191655891554
|||;18534,18534,18534,18534,0,0,0,0,1001.191655891554
|||;18534,18534,18534,18534,0,0,0,0,1006.191655891554
|||;18534,18534,18534,18534,0,0,0,0,1011.191655891554
|||;18534,18534,18534,18534,0,0,0,0,1016.191655891554
|||;18534,18534,18534,18534,0,0,0,0,1021.191655891554
|||;18534,18534,18534,18534,0,0,0,0,1026.191655891554
|||;18534,18534,18534,18534,0,0,0,0,1031.191655891554
|||;18534,18534,18534,18534,0,0,0,0,1036.191655891554
|||;18534,18534,18534,18534,0,0,0,0,1041.191655891554
|||;18534,18534,18534,18534,0,0,0,0,1046.191655891554
|||;18534,18534,18534,18534,0,0,0,0,1051.191655891554
|||;18534,18534,18534,18534,0,0,0,0,1056.191655891554
|||;18534,18534,18534,18534,0,0,0,0,1061.191655891554
|||;18534,18534,18534,18534,0,0,0,0,1066.191655891554
|||;18534,18534,18534,18534,0,0,0,0,1071.191655891554
|||;18534,18534,18534,18534,0,0,0,0,1076.191655891554
|||;18534,18534,18534,18534,0,0,0,0,1081.191655891554
|||;18534,18534,18534,18534,0,0,0,0,1086.191655891554
|||;18534,18534,18534,18534,0,0,0,0,1091.191655891554
|||;18534,18534,18534,18534,0,0,0,0,1096.191655891554
|||;18534,18534,18534,18534,0,0,0,0,1101.191655891554
71cgjvr(2),|71cgjvr(2),|71cgjvr(2),|71cgjvr(2),;15984.2,16834.2,16834.2,15984.2,16.325539946151,10.397202809539,10.397202809539,16.325539946151,1106.191655891554
71cgjvr(2),|71cgjvr(2),|71cgjvr(2),|71cgjvr(2),;15984.2,16834.2,16834.2,15984.2,11.325539946151,5.397202809539,5.397202809539,11.325539946151,1111.191655891554
71cgjvr(2),|71cgjvr(2),|71cgjvr(2),|71cgjvr(2),;15984.2,16834.2,16834.2,15984.2,6.325539946151,0.397202809539,0.397202809539,6.325539946151,1116.191655891554
71cgjvr(2),|71cgjvr(3),|71cgjvr(3),|71cgjvr(2),;15984.2,16834.2,16834.2,15984.2,1.325539946151,0,0,1.325539946151,1121.191655891554
71cgjvr(3),|71cgjvr(3),|71cgjvr(3),|71cgjvr(3),;15984.2,16834.2,16834.2,15984.2,0,0,0,0,1126.191655891554
71cgjvr(3),|71cgjvr(3),|71cgjvr(3),|71cgjvr(3),;15984.2,16834.2,16834.2,15984.2,0,0,0,0,1131.191655891554
71cgjvr(3),|71cgjvr(3),|71cgjvr(3),|71cgjvr(3),;15984.2,16834.2,16834.2,15984.2,0,0,0,0,1136.191655891554
71cgjvr(3),|71cgjvr(3),|71cgjvr(3),|71cgjvr(3),;15984.2,16834.2,16834.2,15984.2,0,0,0,0,1141.191655891554
71cgjvr(3),|71cgjvr(3),|71cgjvr(3),|71cgjvr(3),;15984.2,16834.2,16834.2,15984.2,0,0,0,0,1146.191655891554
71cgjvr(3),|71cgjvr(3),|71cgjvr(3),|71cgjvr(3),;15984.2,16834.2,16834.2,15984.2,0,0,0,0,1151.191655891554
71cgjvr(3),|71cgjvr(3),|71cgjvr(3),|71cgjvr(3),;15984.2,16834.2,16834.2,15984.2,0,0,0,0,1156.191655891554
71cgjvr(3),|71cgjvr(3),|71cgjvr(3),|71cgjvr(3),;15984.2,16834.2,16834.2,15984.2,0,0,0,0,1161.191655891554
71cgjvr(3),|71cgjvr(3),|71cgjvr(3),|71cgjvr(3),;15984.2,16834.2,16834.2,15984.2,0,0,0,0,1166.191655891554
71cgjvr(3),|71cgjvr(3),|71cgjvr(3),|71cgjvr(3),;15984.2,16834.2,16834.2,15984.2,0,0,0,0,1171.191655891554
71cgjvr(3),|71cgjvr(3),|71cgjvr(3),|71cgjvr(3),;15984.2,16834.2,16834.2,15984.2,0,0,0,0,1176.191655891554
71cgjvr(3),|71cgjvr(3),|71cgjvr(3),|71cgjvr(3),;15984.2,16834.2,16834.2,15984.2,0,0,0,0,1181.191655891554
71cgjvr(3),|71cgjvr(3),|71cgjvr(3),|71cgjvr(3),;15984.2,16834.2,16834.2,15984.2,0,0,0,0,1186.191655891554
71cgjvr(3),|71cgjvr(3),|71cgjvr(3),|71cgjvr(3),;15984.2,16834.2,16834.2,15984.2,0,0,0,0,1191.191655891554
71cgjvr(3),|71cgjvr(3),|71cgjvr(3),|71cgjvr(3),;15984.2,16834.2,16834.2,15984.2,0,0,0,0,1196.191655891554
71cgjvr(3),|71cgjvr(3),|71cgjvr(3),|71cgjvr(3),;15984.2,16834.2,16834.2,15984.2,0,0,0,0,1201.191655891554
71cgjvr(3),|71cgjvr(3),|71cgjvr(3),|71cgjvr(3),;15984.2,16834.2,16834.2,15984.2,0,0,0,0,1206.191655891554
71cgjvr(3),|71cgjvr(3),|71cgjvr(3),|71cgjvr(3),;15984.2,16834.2,16834.2,15984.2,0,0,0,0,1211.191655891554
71cgjvr(3),|71cgjvr(3),|71cgjvr(3),|71cgjvr(3),;15984.2,16834.2,16834.2,15984.2,0,0,0,0,1216.191655891554
71cgjvr(3),|71cgjvr(3),|71cgjvr(3),|71cgjvr(3),;15984.2,16834.2,16834.2,15984.2,0,0,0,0,1221.191655891554
71cgjvr(3),|71cgjvr(3),|71cgjvr(3),|71cgjvr(3),;15984.2,16834.2,16834.2,15984.2,0,0,0,0,1226.191655891554
71cgjvr(3),|71cgjvr(3),|71cgjvr(3),|71cgjvr(3),;15984.2,16834.2,16834.2,15984.2,0,0,0,0,1231.191655891554
71cgjvr(3),|71cgjvr(3),|71cgjvr(3),|71cgjvr(3),;15984.2,16834.2,16834.2,15984.2,0,0,0,0,1236.191655891554
71cgjvr(3),|71cgjvr(3),|71cgjvr(3),|71cgjvr(3),;15984.2,16834.2,16834.2,15984.2,0,0,0,0,1241.191655891554
71cgjvr(3),211lixfe(2),|71cgjvr(3),211lixfe(2),|71cgjvr(3),211lixfe(2),|71cgjvr(3),211lixfe(2),;14704.2,14914.2,14914.2,14704.2,5.396080705615,9.693523328566,9.693523328566,5.396080705615,1246.191655891554
71cgjvr(3),211lixfe(2),|71cgjvr(3),211lixfe(2),|71cgjvr(3),211lixfe(2),|71cgjvr(3),211lixfe(2),;14704.2,14914.2,14914.2,14704.2,0.396080705615,4.693523328566,4.693523328566,0.396080705615,1251.191655891554
71cgjvr(3),211lixfe(3),|71cgjvr(3),211lixfe(3),|71cgjvr(3),211lixfe(3),|71cgjvr(3),211lixfe(3),;14704.2,14914.2,14914.2,14704.2,0,0,0,0,1256.191655891554
71cgjvr(3),211lixfe(3),|71cgjvr(3),211lixfe(3),|71cgjvr(3),211lixfe(3),|71cgjvr(3),211lixfe(3),;14704.2,14914.2,14914.2,14704.2,0,0,0,0,1261.191655891554
71cgjvr(3),211lixfe(3),|71cgjvr(3),211lixfe(3),|71cgjvr(3),211lixfe(3),|71cgjvr(3),211lixfe(3),;14704.2,14914.2,14914.2,14704.2,0,0,0,0,1266.191655891554
71cgjvr(3),211lixfe(3),|71cgjvr(3),211lixfe(3),|71cgjvr(3),211lixfe(3),|71cgjvr(3),211lixfe(3),;14704.2,14914.2,14914.2,14704.2,0,0,0,0,1271.191655891554
71cgjvr(3),211lixfe(3),|71cgjvr(3),211lixfe(3),|71cgjvr(3),211lixfe(3),|71cgjvr(3),211lixfe(3),;14704.2,14914.2,14914.2,14704.2,0,0,0,0,1276.191655891554
71cgjvr(3),211lixfe(3),|71cgjvr(3),211lixfe(3),|71cgjvr(3),211lixfe(3),|71cgjvr(3),211lixfe(3),;14704.2,14914.2,14914.2,14704.2,0,0,0,0,1281.191655891554
71cgjvr(3),211lixfe(3),71lsfhj(0),|71cgjvr(3),211lixfe(3),71lsfhj(0),|71cgjvr(3),211lixfe(3),71lsfhj(0),|71cgjvr(3),211lixfe(3),71lsfhj(0),;11878,12088,13030,12820,22.463760612131,22.463760612131,15.892591737814,15.892591737814,1286.191655891554
71cgjvr(3),211lixfe(3),71lsfhj(2),|71cgjvr(3),211lixfe(3),71lsfhj(2),|71cgjvr(3),211lixfe(3),71lsfhj(2),|71cgjvr(3),211lixfe(3),71lsfhj(2),;11878,12088,13030,12820,17.463760612131,17.463760612131,10.892591737814,10.892591737814,1291.191655891554
71cgjvr(3),211lixfe(3),71lsfhj(2),|71cgjvr(3),211lixfe(3),71lsfhj(2),|71cgjvr(3),211lixfe(3),71lsfhj(2),|71cgjvr(3),211lixfe(3),71lsfhj(2),;11878,12088,13030,12820,12.463760612131,12.463760612131,5.892591737814,5.892591737814,1296.191655891554
71cgjvr(3),211lixfe(3),71lsfhj(2),|71cgjvr(3),211lixfe(3),71lsfhj(2),|71cgjvr(3),211lixfe(3),71lsfhj(2),|71cgjvr(3),211lixfe(3),71lsfhj(2),;11878,12088,13030,12820,7.463760612131,7.463760612131,0.892591737814,0.892591737814,1301.191655891554
71cgjvr(3),211lixfe(3),71lsfhj(2),|71cgjvr(3),211lixfe(3),71lsfhj(2),|71cgjvr(3),211lixfe(3),71lsfhj(3),|71cgjvr(3),211lixfe(3),71lsfhj(3),;11878,12088,13030,12820,2.463760612131,2.463760612131,0,0,1306.191655891554
71cgjvr(3),211lixfe(3),71lsfhj(3),|71cgjvr(3),211lixfe(3),71lsfhj(3),|71cgjvr(3),211lixfe(3),71lsfhj(3),|71cgjvr(3),211lixfe(3),71lsfhj(3),;11878,12088,13030,12820,0,0,0,0,1311.191655891554
71cgjvr(3),211lixfe(3),71lsfhj(3),|71cgjvr(3),211lixfe(3),71lsfhj(3),|71cgjvr(3),211lixfe(3),71lsfhj(3),|71cgjvr(3),211lixfe(3),71lsfhj(3),;11878,12088,13030,12820,0,0,0,0,1316.191655891554
71cgjvr(3),211lixfe(3),71lsfhj(3),211dqlsv(0),|71cgjvr(3),211lixfe(3),71lsfhj(3),211dqlsv(0),|71cgjvr(3),211lixfe(3),71lsfhj(3),211dqlsv(0),|71cgjvr(3),211lixfe(3),71lsfhj(3),211dqlsv(0),;9911.92,10121.9,10080.9,9870.88,18.962174425694,18.962174425694,25.691046294547,25.691046294547,1321.191655891554
71cgjvr(3),211lixfe(3),71lsfhj(3),211dqlsv(0),|71cgjvr(3),211lixfe(3),71lsfhj(3),211dqlsv(0),|71cgjvr(3),211lixfe(3),71lsfhj(3),211dqlsv(0),|71cgjvr(3),211lixfe(3),71lsfhj(3),211dqlsv(0),;9911.92,10121.9,10080.9,9870.88,13.962174425694,13.962174425694,20.691046294547,20.691046294547,1326.191655891554
71cgjvr(3),211lixfe(3),71lsfhj(3),211dqlsv(2),|71cgjvr(3),211lixfe(3),71lsfhj(3),211dqlsv(2),|71cgjvr(3),211lixfe(3),71lsfhj(3),211dqlsv(2),|71cgjvr(3),211lixfe(3),71lsfhj(3),211dqlsv(2),;9911.92,10121.9,10080.9,9870.88,8.962174425694,8.962174425694,15.691046294547,15.691046294547,1331.191655891554
71cgjvr(3),211lixfe(3),71lsfhj(3),211dqlsv(2),|71cgjvr(3),211lixfe(3),71lsfhj(3),211dqlsv(2),|71cgjvr(3),211lixfe(3),71lsfhj(3),211dqlsv(2),|71cgjvr(3),211lixfe(3),71lsfhj(3),211dqlsv(2),;9911.92,10121.9,10080.9,9870.88,3.962174425694,3.962174425694,10.691046294547,10.691046294547,1336.191655891554
71cgjvr(3),211lixfe(3),71lsfhj(3),|71cgjvr(3),211lixfe(3),71lsfhj(3),|71cgjvr(3),211lixfe(3),71lsfhj(3),211dqlsv(2),|71cgjvr(3),211lixfe(3),71lsfhj(3),211dqlsv(2),;11878,12088,10080.9,9870.88,0,0,5.691046294547,5.691046294547,1341.191655891554
71cgjvr(3),211lixfe(3),71lsfhj(3),|71cgjvr(3),211lixfe(3),71lsfhj(3),|71cgjvr(3),211lixfe(3),71lsfhj(3),211dqlsv(2),|71cgjvr(3),211lixfe(3),71lsfhj(3),211dqlsv(2),;11878,12088,10080.9,9870.88,0,0,0.691046294547,0.691046294547,1346.191655891554
71cgjvr(3),211lixfe(3),71lsfhj(3),|71cgjvr(3),211lixfe(3),71lsfhj(3),|71cgjvr(3),211lixfe(3),71lsfhj(3),|71cgjvr(3),211lixfe(3),71lsfhj(3),;11878,12088,13030,12820,0,0,0,0,1351.191655891554
71cgjvr(3),211lixfe(3),71lsfhj(3),71wvugn(0),|71cgjvr(3),211lixfe(3),71lsfhj(3),71wvugn(0),|71cgjvr(3),211lixfe(3),71lsfhj(3),71wvugn(0),|71cgjvr(3),211lixfe(3),71lsfhj(3),71wvugn(0),;10434.2,10644.2,10864.2,10654.2,10.666393382824,10.666393382824,15.607908661512,15.607908661512,1356.191655891554
71cgjvr(3),211lixfe(3),71lsfhj(3),71wvugn(2),|71cgjvr(3),211lixfe(3),71lsfhj(3),71wvugn(2),|71cgjvr(3),211lixfe(3),71lsfhj(3),71wvugn(2),|71cgjvr(3),211lixfe(3),71lsfhj(3),71wvugn(2),;10434.2,10644.2,10864.2,10654.2,5.666393382824,5.666393382824,10.607908661512,10.607908661512,1361.191655891554
71cgjvr(3),211lixfe(3),71lsfhj(3),71wvugn(2),|71cgjvr(3),211lixfe(3),71lsfhj(3),71wvugn(2),|71cgjvr(3),211lixfe(3),71lsfhj(3),71wvugn(2),|71cgjvr(3),211lixfe(3),71lsfhj(3),71wvugn(2),;10434.2,10644.2,10864.2,10654.2,0.666393382824,0.666393382824,5.607908661512,5.607908661512,1366.191655891554
71cgjvr(3),211lixfe(3),71lsfhj(3),71wvugn(3),|71cgjvr(3),211lixfe(3),71lsfhj(3),71wvugn(3),|71cgjvr(3),211lixfe(3),71lsfhj(3),71wvugn(2),|71cgjvr(3),211lixfe(3),71lsfhj(3),71wvugn(2),;10434.2,10644.2,10864.2,10654.2,0,0,0.607908661512,0.607908661512,1371.191655891554
71cgjvr(3),211lixfe(3),71lsfhj(3),71wvugn(3),|71cgjvr(3),211lixfe(3),71lsfhj(3),71wvugn(3),|71cgjvr(3),211lixfe(3),71lsfhj(3),71wvugn(3),|71cgjvr(3),211lixfe(3),71lsfhj(3),71wvugn(3),;10434.2,10644.2,10864.2,10654.2,0,0,0,0,1376.191655891554
71cgjvr(3),211lixfe(3),71lsfhj(3),71wvugn(3),|71cgjvr(3),211lixfe(3),71lsfhj(3),71wvugn(3),|71cgjvr(3),211lixfe(3),71lsfhj(3),71wvugn(3),|71cgjvr(3),211lixfe(3),71lsfhj(3),71wvugn(3),;10434.2,10644.2,10864.2,10654.2,0,0,0,0,1381.191655891554
71cgjvr(3),211lixfe(3),71lsfhj(3),71wvugn(3),|71cgjvr(3),211lixfe(3),71lsfhj(3),71wvugn(3),|71cgjvr(3),211lixfe(3),71lsfhj(3),71wvugn(3),|71cgjvr(3),211lixfe(3),71lsfhj(3),71wvugn(3),;10434.2,10644.2,10864.2,10654.2,0,0,0,0,1386.191655891554
71cgjvr(3),211lixfe(3),71lsfhj(3),71wvugn(3),|71cgjvr(3),211lixfe(3),71lsfhj(3),71wvugn(3),|71cgjvr(3),211lixfe(3),71lsfhj(3),71wvugn(3),|71cgjvr(3),211lixfe(3),71lsfhj(3),71wvugn(3),;10434.2,10644.2,10864.2,10654.2,0,0,0,0,1391.191655891554
71cgjvr(3),211lixfe(3),71lsfhj(3),71wvugn(3),|71cgjvr(3),211lixfe(3),71lsfhj(3),71wvugn(3),|71cgjvr(3),211lixfe(3),71lsfhj(3),71wvugn(3),|71cgjvr(3),211lixfe(3),71lsfhj(3),71wvugn(3),;10434.2,10644.2,10864.2,10654.2,0,0,0,0,1396.191655891554
71cgjvr(3),211lixfe(3),71lsfhj(3),71wvugn(3),|71cgjvr(3),211lixfe(3),71lsfhj(3),71wvugn(3),|71cgjvr(3),211lixfe(3),71lsfhj(3),71wvugn(3),|71cgjvr(3),211lixfe(3),71lsfhj(3),71wvugn(3),;10434.2,10644.2,10864.2,10654.2,0,0,0,0,1401.191655891554
71cgjvr(3),211lixfe(3),71lsfhj(3),71wvugn(3),|71cgjvr(3),211lixfe(3),71lsfhj(3),71wvugn(3),|71cgjvr(3),211lixfe(3),71lsfhj(3),71wvugn(3),|71cgjvr(3),211lixfe(3),71lsfhj(3),71wvugn(3),;10434.2,10644.2,10864.2,10654.2,0,0,0,0,1406.191655891554
71cgjvr(3),211lixfe(3),71lsfhj(3),71wvugn(3),|71cgjvr(3),211lixfe(3),71lsfhj(3),71wvugn(3),|71cgjvr(3),211lixfe(3),71lsfhj(3),71wvugn(3),|71cgjvr(3),211lixfe(3),71lsfhj(3),71wvugn(3),;10434.2,10644.2,10864.2,10654.2,0,0,0,0,1411.191655891554
71cgjvr(3),211lixfe(3),71lsfhj(3),71wvugn(3),|71cgjvr(3),211lixfe(3),71lsfhj(3),71wvugn(3),|71cgjvr(3),211lixfe(3),71lsfhj(3),71wvugn(3),|71cgjvr(3),211lixfe(3),71lsfhj(3),71wvugn(3),;10434.2,10644.2,10864.2,10654.2,0,0,0,0,1416.191655891554
71cgjvr(3),211lixfe(3),71lsfhj(3),71wvugn(3),|71cgjvr(3),211lixfe(3),71lsfhj(3),71wvugn(3),|71cgjvr(3),211lixfe(3),71lsfhj(3),71wvugn(3),|71cgjvr(3),211lixfe(3),71lsfhj(3),71wvugn(3),;10434.2,10644.2,10864.2,10654.2,0,0,0,0,1421.191655891554
71cgjvr(3),211lixfe(3),71lsfhj(3),71wvugn(3),|71cgjvr(3),211lixfe(3),71lsfhj(3),71wvugn(3),|71cgjvr(3),211lixfe(3),71lsfhj(3),71wvugn(3),|71cgjvr(3),211lixfe(3),71lsfhj(3),71wvugn(3),;10434.2,10644.2,10864.2,10654.2,0,0,0,0,1426.191655891554
71cgjvr(3),211lixfe(3),71lsfhj(3),71wvugn(3),|71cgjvr(3),211lixfe(3),71lsfhj(3),71wvugn(3),|71cgjvr(3),211lixfe(3),71lsfhj(3),71wvugn(3),|71cgjvr(3),211lixfe(3),71lsfhj(3),71wvugn(3),;10434.2,10644.2,10864.2,10654.2,0,0,0,0,1431.191655891554
71cgjvr(3),211lixfe(3),71lsfhj(3),71wvugn(3),|71cgjvr(3),211lixfe(3),71lsfhj(3),71wvugn(3),|71cgjvr(3),211lixfe(3),71lsfhj(3),71wvugn(3),|71cgjvr(3),211lixfe(3),71lsfhj(3),71wvugn(3),;10434.2,10644.2,10864.2,10654.2,0,0,0,0,1436.191655891554
71cgjvr(3),211lixfe(3),71lsfhj(3),71wvugn(3),|71cgjvr(3),211lixfe(3),71lsfhj(3),71wvugn(3),|71cgjvr(3),211lixfe(3),71lsfhj(3),71wvugn(3),|71cgjvr(3),211lixfe(3),71lsfhj(3),71wvugn(3),;10434.2,10644.2,10864.2,10654.2,0,0,0,0,1441.191655891554
71cgjvr(3),211lixfe(3),71lsfhj(3),71wvugn(3),|71cgjvr(3),211lixfe(3),71lsfhj(3),71wvugn(3),|71cgjvr(3),211lixfe(3),71lsfhj(3),71wvugn(3),|71cgjvr(3),211lixfe(3),71lsfhj(3),71wvugn(3),;10434.2,10644.2,10864.2,10654.2,0,0,0,0,1446.191655891554
71cgjvr(3),211lixfe(3),71lsfhj(3),71wvugn(3),|71cgjvr(3),211lixfe(3),71lsfhj(3),71wvugn(3),|71cgjvr(3),211lixfe(3),71lsfhj(3),71wvugn(3),|71cgjvr(3),211lixfe(3),71lsfhj(3),71wvugn(3),;10434.2,10644.2,10864.2,10654.2,0,0,0,0,1451.191655891554
71cgjvr(3),211lixfe(3),71lsfhj(3),71wvugn(3),|71cgjvr(3),211lixfe(3),71lsfhj(3),71wvugn(3),|71cgjvr(3),211lixfe(3),71lsfhj(3),71wvugn(3),|71cgjvr(3),211lixfe(3),71lsfhj(3),71wvugn(3),;10434.2,10644.2,10864.2,10654.2,0,0,0,0,1456.191655891554
71cgjvr(3),211lixfe(3),71lsfhj(3),71wvugn(3),|71cgjvr(3),211lixfe(3),71lsfhj(3),71wvugn(3),|71cgjvr(3),211lixfe(3),71lsfhj(3),71wvugn(3),|71cgjvr(3),211lixfe(3),71lsfhj(3),71wvugn(3),;10434.2,10644.2,10864.2,10654.2,0,0,0,0,1461.191655891554
71cgjvr(3),211lixfe(3),71lsfhj(3),71wvugn(3),|71cgjvr(3),211lixfe(3),71lsfhj(3),71wvugn(3),|71cgjvr(3),211lixfe(3),71lsfhj(3),71wvugn(3),|71cgjvr(3),211lixfe(3),71lsfhj(3),71wvugn(3),;10434.2,10644.2,10864.2,10654.2,0,0,0,0,1466.191655891554
71cgjvr(3),211lixfe(3),71lsfhj(3),71wvugn(3),|71cgjvr(3),211lixfe(3),71lsfhj(3),71wvugn(3),|71cgjvr(3),211lixfe(3),71lsfhj(3),71wvugn(3),|71cgjvr(3),211lixfe(3),71lsfhj(3),71wvugn(3),;10434.2,10644.2,10864.2,10654.2,0,0,0,0,1471.191655891554
71cgjvr(3),211lixfe(3),71lsfhj(3),71wvugn(3),|71cgjvr(3),211lixfe(3),71lsfhj(3),71wvugn(3),|71cgjvr(3),211lixfe(3),71lsfhj(3),71wvugn(3),|71cgjvr(3),211lixfe(3),71lsfhj(3),71wvugn(3),;10434.2,10644.2,10864.2,10654.2,0,0,0,0,1476.191655891554
71cgjvr(3),211lixfe(3),71lsfhj(3),71wvugn(3),|71cgjvr(3),211lixfe(3),71lsfhj(3),71wvugn(3),|71cgjvr(3),211lixfe(3),71lsfhj(3),71wvugn(3),|71cgjvr(3),211lixfe(3),71lsfhj(3),71wvugn(3),;10434.2,10644.2,10864.2,10654.2,0,0,0,0,1481.191655891554
71cgjvr(3),211lixfe(3),71lsfhj(3),71wvugn(3),|71cgjvr(3),211lixfe(3),71lsfhj(3),71wvugn(3),|71cgjvr(3),211lixfe(3),71lsfhj(3),71wvugn(3),|71cgjvr(3),211lixfe(3),71lsfhj(3),71wvugn(3),;10434.2,10644.2,10864.2,10654.2,0,0,0,0,1486.191655891554
71cgjvr(3),211lixfe(3),71lsfhj(3),71wvugn(3),|71cgjvr(3),211lixfe(3),71lsfhj(3),71wvugn(3),|71cgjvr(3),211lixfe(3),71lsfhj(3),71wvugn(3),|71cgjvr(3),211lixfe(3),71lsfhj(3),71wvugn(3),;10434.2,10644.2,10864.2,10654.2,0,0,0,0,1491.191655891554
71cgjvr(3),211lixfe(3),71lsfhj(3),71wvugn(3),|71cgjvr(3),211lixfe(3),71lsfhj(3),71wvugn(3),|71cgjvr(3),211lixfe(3),71lsfhj(3),71wvugn(3),|71cgjvr(3),211lixfe(3),71lsfhj(3),71wvugn(3),;10434.2,10644.2,10864.2,10654.2,0,0,0,0,1496.191655891554
211lixfe(3),71wvugn(3),|211lixfe(3),71wvugn(3),|211lixfe(3),71wvugn(3),|211lixfe(3),71wvugn(3),;15810.2,15170.2,14448.2,15088.2,0,0,0,0,1501.191655891554
211lixfe(3),71wvugn(3),|211lixfe(3),71wvugn(3),|211lixfe(3),71wvugn(3),|211lixfe(3),71wvugn(3),;15810.2,15170.2,14448.2,15088.2,0,0,0,0,1506.191655891554
211lixfe(3),71wvugn(3),|211lixfe(3),71wvugn(3),|211lixfe(3),71wvugn(3),|211lixfe(3),71wvugn(3),;15810.2,15170.2,14448.2,15088.2,0,0,0,0,1511.191655891554
211lixfe(3),71wvugn(3),|211lixfe(3),71wvugn(3),|211lixfe(3),71wvugn(3),|211lixfe(3),71wvugn(3),;15810.2,15170.2,14448.2,15088.2,0,0,0,0,1516.191655891554
211lixfe(3),71wvugn(3),|211lixfe(3),71wvugn(3),|211lixfe(3),71wvugn(3),|211lixfe(3),71wvugn(3),;15810.2,15170.2,14448.2,15088.2,0,0,0,0,1521.191655891554
211lixfe(3),71wvugn(3),|211lixfe(3),71wvugn(3),|211lixfe(3),71wvugn(3),|211lixfe(3),71wvugn(3),;15810.2,15170.2,14448.2,15088.2,0,0,0,0,1526.191655891554
211lixfe(3),71wvugn(3),|211lixfe(3),71wvugn(3),|211lixfe(3),71wvugn(3),|211lixfe(3),71wvugn(3),;15810.2,15170.2,14448.2,15088.2,0,0,0,0,1531.191655891554
211lixfe(3),71wvugn(3),|211lixfe(3),71wvugn(3),|211lixfe(3),71wvugn(3),|211lixfe(3),71wvugn(3),;15810.2,15170.2,14448.2,15088.2,0,0,0,0,1536.191655891554
211lixfe(3),71wvugn(3),|211lixfe(3),71wvugn(3),|211lixfe(3),71wvugn(3),|211lixfe(3),71wvugn(3),;15810.2,15170.2,14448.2,15088.2,0,0,0,0,1541.191655891554
211lixfe(3),71wvugn(3),|211lixfe(3),71wvugn(3),|211lixfe(3),71wvugn(3),|211lixfe(3),71wvugn(3),;15810.2,15170.2,14448.2,15088.2,0,0,0,0,1546.191655891554
211lixfe(3),71wvugn(3),903jlqwi(0),|211lixfe(3),71wvugn(3),|211lixfe(3),71wvugn(3),|211lixfe(3),71wvugn(3),;6491.8,15170.2,14448.2,15088.2,67.01285358467,0,0,0,1551.191655891554
211lixfe(3),71wvugn(3),903jlqwi(2),|211lixfe(3),71wvugn(3),|211lixfe(3),71wvugn(3),|211lixfe(3),71wvugn(3),;6491.8,15170.2,14448.2,15088.2,62.01285358467,0,0,0,1556.191655891554
211lixfe(3),71wvugn(3),903jlqwi(2),|211lixfe(3),71wvugn(3),|211lixfe(3),71wvugn(3),|211lixfe(3),71wvugn(3),;6491.8,15170.2,14448.2,15088.2,57.01285358467,0,0,0,1561.191655891554
211lixfe(3),71wvugn(3),903jlqwi(2),|211lixfe(3),71wvugn(3),|211lixfe(3),71wvugn(3),|211lixfe(3),71wvugn(3),;6491.8,15170.2,14448.2,15088.2,52.01285358467,0,0,0,1566.191655891554
211lixfe(3),71wvugn(3),903jlqwi(2),|211lixfe(3),71wvugn(3),|211lixfe(3),71wvugn(3),|211lixfe(3),71wvugn(3),;6491.8,15170.2,14448.2,15088.2,47.01285358467,0,0,0,1571.191655891554
211lixfe(3),71wvugn(3),903jlqwi(2),|211lixfe(3),71wvugn(3),|211lixfe(3),71wvugn(3),|211lixfe(3),71wvugn(3),;6491.8,15170.2,14448.2,15088.2,42.01285358467,0,0,0,1576.191655891554
211lixfe(3),71wvugn(3),903jlqwi(2),|211lixfe(3),71wvugn(3),|211lixfe(3),71wvugn(3),|211lixfe(3),71wvugn(3),;6491.8,15170.2,14448.2,15088.2,37.01285358467,0,0,0,1581.191655891554
211lixfe(3),71wvugn(3),903jlqwi(2),|211lixfe(3),71wvugn(3),|211lixfe(3),71wvugn(3),|211lixfe(3),71wvugn(3),;6491.8,15170.2,14448.2,15088.2,32.01285358467,0,0,0,1586.191655891554
211lixfe(3),71wvugn(3),903jlqwi(2),|211lixfe(3),71wvugn(3),|211lixfe(3),71wvugn(3),|211lixfe(3),71wvugn(3),;6491.8,15170.2,14448.2,15088.2,27.01285358467,0,0,0,1591.191655891554
211lixfe(3),903jlqwi(2),|211lixfe(3),|211lixfe(3),|211lixfe(3),;7935.64,16614,16614,17254,22.01285358467,0,0,0,1596.191655891554
211lixfe(3),903jlqwi(2),|211lixfe(3),|211lixfe(3),|211lixfe(3),;7935.64,16614,16614,17254,17.01285358467,0,0,0,1601.191655891554
211lixfe(3),903jlqwi(2),|211lixfe(3),|211lixfe(3),|211lixfe(3),;7935.64,16614,16614,17254,12.01285358467,0,0,0,1606.191655891554
211lixfe(3),903jlqwi(2),|211lixfe(3),|211lixfe(3),|211lixfe(3),;7935.64,16614,16614,17254,7.01285358467,0,0,0,1611.191655891554
211lixfe(3),903jlqwi(2),|211lixfe(3),|211lixfe(3),|211lixfe(3),;7935.64,16614,16614,17254,2.01285358467,0,0,0,1616.191655891554
211lixfe(3),903jlqwi(3),|211lixfe(3),|211lixfe(3),|211lixfe(3),;7935.64,16614,16614,17254,0,0,0,0,1621.191655891554
211lixfe(3),903jlqwi(3),|211lixfe(3),|211lixfe(3),|211lixfe(3),;7935.64,16614,16614,17254,0,0,0,0,1626.191655891554
211lixfe(3),903jlqwi(3),|211lixfe(3),|211lixfe(3),|211lixfe(3),;7935.64,16614,16614,17254,0,0,0,0,1631.191655891554
211lixfe(3),903jlqwi(3),|211lixfe(3),|211lixfe(3),|211lixfe(3),;7935.64,16614,16614,17254,0,0,0,0,1636.191655891554
211lixfe(3),903jlqwi(3),|211lixfe(3),|211lixfe(3),|211lixfe(3),;7935.64,16614,16614,17254,0,0,0,0,1641.191655891554
211lixfe(3),903jlqwi(3),|211lixfe(3),|211lixfe(3),|211lixfe(3),;7935.64,16614,16614,17254,0,0,0,0,1646.191655891554
211lixfe(3),903jlqwi(3),|211lixfe(3),|211lixfe(3),|211lixfe(3),;7935.64,16614,16614,17254,0,0,0,0,1651.191655891554
211lixfe(3),903jlqwi(3),|211lixfe(3),|211lixfe(3),|211lixfe(3),;7935.64,16614,16614,17254,0,0,0,0,1656.191655891554
211lixfe(3),903jlqwi(3),|211lixfe(3),|211lixfe(3),|211lixfe(3),;7935.64,16614,16614,17254,0,0,0,0,1661.191655891554
211lixfe(3),903jlqwi(3),|211lixfe(3),|211lixfe(3),|211lixfe(3),;7935.64,16614,16614,17254,0,0,0,0,1666.191655891554
211lixfe(3),903jlqwi(3),|211lixfe(3),|211lixfe(3),|211lixfe(3),;7935.64,16614,16614,17254,0,0,0,0,1671.191655891554
211lixfe(3),903jlqwi(3),|211lixfe(3),|211lixfe(3),|211lixfe(3),;7935.64,16614,16614,17254,0,0,0,0,1676.191655891554
211lixfe(3),903jlqwi(3),|211lixfe(3),|211lixfe(3),|211lixfe(3),;7935.64,16614,16614,17254,0,0,0,0,1681.191655891554
211lixfe(3),903jlqwi(3),|211lixfe(3),|211lixfe(3),|211lixfe(3),;7935.64,16614,16614,17254,0,0,0,0,1686.191655891554
211lixfe(3),903jlqwi(3),592kbjgt(0),|211lixfe(3),592kbjgt(0),|211lixfe(3),592kbjgt(0),|211lixfe(3),592kbjgt(0),;6379.16,15057.5,14279.3,14919.3,11.235929557187,11.235929557187,16.461619786695,16.461619786695,1691.191655891554
211lixfe(3),903jlqwi(3),592kbjgt(2),|211lixfe(3),592kbjgt(2),|211lixfe(3),592kbjgt(2),|211lixfe(3),592kbjgt(2),;6379.16,15057.5,14279.3,14919.3,6.235929557187,6.235929557187,11.461619786695,11.461619786695,1696.191655891554
211lixfe(3),903jlqwi(3),592kbjgt(2),|211lixfe(3),592kbjgt(2),|211lixfe(3),592kbjgt(2),|211lixfe(3),592kbjgt(2),;6379.16,15057.5,14279.3,14919.3,1.235929557187,1.235929557187,6.461619786695,6.461619786695,1701.191655891554
211lixfe(3),903jlqwi(3),592kbjgt(3),|211lixfe(3),592kbjgt(3),|211lixfe(3),592kbjgt(2),|211lixfe(3),592kbjgt(2),;6379.16,15057.5,14279.3,14919.3,0,0,1.461619786695,1.461619786695,1706.191655891554
211lixfe(3),903jlqwi(3),592kbjgt(3),|211lixfe(3),592kbjgt(3),|211lixfe(3),592kbjgt(3),|211lixfe(3),592kbjgt(3),;6379.16,15057.5,14279.3,14919.3,0,0,0,0,1711.191655891554
211lixfe(3),903jlqwi(3),592kbjgt(3),|211lixfe(3),592kbjgt(3),|211lixfe(3),592kbjgt(3),|211lixfe(3),592kbjgt(3),;6379.16,15057.5,14279.3,14919.3,0,0,0,0,1716.191655891554
211lixfe(3),903jlqwi(3),592kbjgt(3),|211lixfe(3),592kbjgt(3),|211lixfe(3),592kbjgt(3),|211lixfe(3),592kbjgt(3),;6379.16,15057.5,14279.3,14919.3,0,0,0,0,1721.191655891554
211lixfe(3),903jlqwi(3),592kbjgt(3),|211lixfe(3),592kbjgt(3),|211lixfe(3),592kbjgt(3),|211lixfe(3),592kbjgt(3),;6379.16,15057.5,14279.3,14919.3,0,0,0,0,1726.191655891554
211lixfe(3),903jlqwi(3),592kbjgt(3),|211lixfe(3),592kbjgt(3),|211lixfe(3),592kbjgt(3),|211lixfe(3),592kbjgt(3),;6379.16,15057.5,14279.3,14919.3,0,0,0,0,1731.191655891554
211lixfe(3),903jlqwi(3),592kbjgt(3),|211lixfe(3),592kbjgt(3),|211lixfe(3),592kbjgt(3),|211lixfe(3),592kbjgt(3),;6379.16,15057.5,14279.3,14919.3,0,0,0,0,1736.191655891554
211lixfe(3),903jlqwi(3),592kbjgt(3),|211lixfe(3),592kbjgt(3),|211lixfe(3),592kbjgt(3),|211lixfe(3),592kbjgt(3),;6379.16,15057.5,14279.3,14919.3,0,0,0,0,1741.191655891554
211lixfe(3),592kbjgt(3),|211lixfe(3),592kbjgt(3),|211lixfe(3),592kbjgt(3),|211lixfe(3),592kbjgt(3),;15697.6,15057.5,14279.3,14919.3,0,0,0,0,1746.191655891554
211lixfe(3),592kbjgt(3),|211lixfe(3),592kbjgt(3),|211lixfe(3),592kbjgt(3),|211lixfe(3),592kbjgt(3),;15697.6,15057.5,14279.3,14919.3,0,0,0,0,1751.191655891554
211lixfe(3),592kbjgt(3),|211lixfe(3),592kbjgt(3),|211lixfe(3),592kbjgt(3),|211lixfe(3),592kbjgt(3),;15697.6,15057.5,14279.3,14919.3,0,0,0,0,1756.191655891554
211lixfe(3),592kbjgt(3),|211lixfe(3),592kbjgt(3),|211lixfe(3),592kbjgt(3),|211lixfe(3),592kbjgt(3),;15697.6,15057.5,14279.3,14919.3,0,0,0,0,1761.191655891554
211lixfe(3),592kbjgt(3),|211lixfe(3),592kbjgt(3),|211lixfe(3),592kbjgt(3),|211lixfe(3),592kbjgt(3),;15697.6,15057.5,14279.3,14919.3,0,0,0,0,1766.191655891554
211lixfe(3),592kbjgt(3),|211lixfe(3),592kbjgt(3),|211lixfe(3),592kbjgt(3),|211lixfe(3),592kbjgt(3),;15697.6,15057.5,14279.3,14919.3,0,0,0,0,1771.191655891554
211lixfe(3),592kbjgt(3),|211lixfe(3),592kbjgt(3),|211lixfe(3),592kbjgt(3),|211lixfe(3),592kbjgt(3),;15697.6,15057.5,14279.3,14919.3,0,0,0,0,1776.191655891554
211lixfe(3),592kbjgt(3),|211lixfe(3),592kbjgt(3),|211lixfe(3),592kbjgt(3),|211lixfe(3),592kbjgt(3),;15697.6,15057.5,14279.3,14919.3,0,0,0,0,1781.191655891554
211lixfe(3),592kbjgt(3),|211lixfe(3),592kbjgt(3),|211lixfe(3),592kbjgt(3),|211lixfe(3),592kbjgt(3),;15697.6,15057.5,14279.3,14919.3,0,0,0,0,1786.191655891554
211lixfe(3),592kbjgt(3),|211lixfe(3),592kbjgt(3),|211lixfe(3),592kbjgt(3),|211lixfe(3),592kbjgt(3),;15697.6,15057.5,14279.3,14919.3,0,0,0,0,1791.191655891554
211lixfe(3),592kbjgt(3),|211lixfe(3),592kbjgt(3),|211lixfe(3),592kbjgt(3),|211lixfe(3),592kbjgt(3),;15697.6,15057.5,14279.3,14919.3,0,0,0,0,1796.191655891554
211lixfe(3),592kbjgt(3),|211lixfe(3),592kbjgt(3),|211lixfe(3),592kbjgt(3),|211lixfe(3),592kbjgt(3),;15697.6,15057.5,14279.3,14919.3,0,0,0,0,1801.191655891554
211lixfe(3),592kbjgt(3),|211lixfe(3),592kbjgt(3),|211lixfe(3),592kbjgt(3),|211lixfe(3),592kbjgt(3),;15697.6,15057.5,14279.3,14919.3,0,0,0,0,1806.191655891554
211lixfe(3),592kbjgt(3),|211lixfe(3),592kbjgt(3),|211lixfe(3),592kbjgt(3),|211lixfe(3),592kbjgt(3),;15697.6,15057.5,14279.3,14919.3,0,0,0,0,1811.191655891554
211lixfe(3),592kbjgt(3),|211lixfe(3),592kbjgt(3),|211lixfe(3),592kbjgt(3),|211lixfe(3),592kbjgt(3),;15697.6,15057.5,14279.3,14919.3,0,0,0,0,1816.191655891554
211lixfe(3),592kbjgt(3),|211lixfe(3),592kbjgt(3),|211lixfe(3),592kbjgt(3),|211lixfe(3),592kbjgt(3),;15697.6,15057.5,14279.3,14919.3,0,0,0,0,1821.191655891554
211lixfe(3),592kbjgt(3),|211lixfe(3),592kbjgt(3),|211lixfe(3),592kbjgt(3),|211lixfe(3),592kbjgt(3),;15697.6,15057.5,14279.3,14919.3,0,0,0,0,1826.191655891554
211lixfe(3),592kbjgt(3),|211lixfe(3),592kbjgt(3),|211lixfe(3),592kbjgt(3),|211lixfe(3),592kbjgt(3),;15697.6,15057.5,14279.3,14919.3,0,0,0,0,1831.191655891554
211lixfe(3),592kbjgt(3),|211lixfe(3),592kbjgt(3),|211lixfe(3),592kbjgt(3),|211lixfe(3),592kbjgt(3),;15697.6,15057.5,14279.3,14919.3,0,0,0,0,1836.191655891554
211lixfe(3),592kbjgt(3),|211lixfe(3),592kbjgt(3),|211lixfe(3),592kbjgt(3),|211lixfe(3),592kbjgt(3),;15697.6,15057.5,14279.3,14919.3,0,0,0,0,1841.191655891554
211lixfe(3),592kbjgt(3),|211lixfe(3),592kbjgt(3),|211lixfe(3),592kbjgt(3),|211lixfe(3),592kbjgt(3),;15697.6,15057.5,14279.3,14919.3,0,0,0,0,1846.191655891554
211lixfe(3),592kbjgt(3),|211lixfe(3),592kbjgt(3),|211lixfe(3),592kbjgt(3),|211lixfe(3),592kbjgt(3),;15697.6,15057.5,14279.3,14919.3,0,0,0,0,1851.191655891554
211lixfe(3),592kbjgt(3),|211lixfe(3),592kbjgt(3),|211lixfe(3),592kbjgt(3),|211lixfe(3),592kbjgt(3),;15697.6,15057.5,14279.3,14919.3,0,0,0,0,1856.191655891554
211lixfe(3),592kbjgt(3),|211lixfe(3),592kbjgt(3),|211lixfe(3),592kbjgt(3),|211lixfe(3),592kbjgt(3),;15697.6,15057.5,14279.3,14919.3,0,0,0,0,1861.191655891554
211lixfe(3),592kbjgt(3),|211lixfe(3),592kbjgt(3),|211lixfe(3),592kbjgt(3),|211lixfe(3),592kbjgt(3),;15697.6,15057.5,14279.3,14919.3,0,0,0,0,1866.191655891554
211lixfe(3),592kbjgt(3),|211lixfe(3),592kbjgt(3),|211lixfe(3),592kbjgt(3),|211lixfe(3),592kbjgt(3),;15697.6,15057.5,14279.3,14919.3,0,0,0,0,1871.191655891554
211lixfe(3),592kbjgt(3),|211lixfe(3),592kbjgt(3),|211lixfe(3),592kbjgt(3),|211lixfe(3),592kbjgt(3),;15697.6,15057.5,14279.3,14919.3,0,0,0,0,1876.191655891554
211lixfe(3),592kbjgt(3),|211lixfe(3),592kbjgt(3),|211lixfe(3),592kbjgt(3),|211lixfe(3),592kbjgt(3),;15697.6,15057.5,14279.3,14919.3,0,0,0,0,1881.191655891554
211lixfe(3),592kbjgt(3),|211lixfe(3),592kbjgt(3),|211lixfe(3),592kbjgt(3),|211lixfe(3),592kbjgt(3),;15697.6,15057.5,14279.3,14919.3,0,0,0,0,1886.191655891554
211lixfe(3),592kbjgt(3),|211lixfe(3),592kbjgt(3),|211lixfe(3),592kbjgt(3),|211lixfe(3),592kbjgt(3),;15697.6,15057.5,14279.3,14919.3,0,0,0,0,1891.191655891554
211lixfe(3),592kbjgt(3),|211lixfe(3),592kbjgt(3),|211lixfe(3),592kbjgt(3),|211lixfe(3),592kbjgt(3),;15697.6,15057.5,14279.3,14919.3,0,0,0,0,1896.191655891554
211lixfe(3),592kbjgt(3),|211lixfe(3),592kbjgt(3),|211lixfe(3),592kbjgt(3),|211lixfe(3),592kbjgt(3),;15697.6,15057.5,14279.3,14919.3,0,0,0,0,1901.191655891554
211lixfe(3),592kbjgt(3),|211lixfe(3),592kbjgt(3),|211lixfe(3),592kbjgt(3),|211lixfe(3),592kbjgt(3),;15697.6,15057.5,14279.3,14919.3,0,0,0,0,1906.191655891554
211lixfe(3),592kbjgt(3),|211lixfe(3),592kbjgt(3),|211lixfe(3),592kbjgt(3),|211lixfe(3),592kbjgt(3),;15697.6,15057.5,14279.3,14919.3,0,0,0,0,1911.191655891554
211lixfe(3),592kbjgt(3),|211lixfe(3),592kbjgt(3),|211lixfe(3),592kbjgt(3),|211lixfe(3),592kbjgt(3),;15697.6,15057.5,14279.3,14919.3,0,0,0,0,1916.191655891554
211lixfe(3),592kbjgt(3),|211lixfe(3),592kbjgt(3),|211lixfe(3),592kbjgt(3),|211lixfe(3),592kbjgt(3),;15697.6,15057.5,14279.3,14919.3,0,0,0,0,1921.191655891554
211lixfe(3),592kbjgt(3),|211lixfe(3),592kbjgt(3),|211lixfe(3),592kbjgt(3),|211lixfe(3),592kbjgt(3),;15697.6,15057.5,14279.3,14919.3,0,0,0,0,1926.191655891554
211lixfe(3),592kbjgt(3),|211lixfe(3),592kbjgt(3),|211lixfe(3),592kbjgt(3),|211lixfe(3),592kbjgt(3),;15697.6,15057.5,14279.3,14919.3,0,0,0,0,1931.191655891554
211lixfe(3),592kbjgt(3),|211lixfe(3),592kbjgt(3),|211lixfe(3),592kbjgt(3),|211lixfe(3),592kbjgt(3),;15697.6,15057.5,14279.3,14919.3,0,0,0,0,1936.191655891554
211lixfe(3),592kbjgt(3),|211lixfe(3),592kbjgt(3),|211lixfe(3),592kbjgt(3),|211lixfe(3),592kbjgt(3),;15697.6,15057.5,14279.3,14919.3,0,0,0,0,1941.191655891554
211lixfe(3),592kbjgt(3),|211lixfe(3),592kbjgt(3),|211lixfe(3),592kbjgt(3),|211lixfe(3),592kbjgt(3),;15697.6,15057.5,14279.3,14919.3,0,0,0,0,1946.191655891554
211lixfe(3),592kbjgt(3),|211lixfe(3),592kbjgt(3),|211lixfe(3),592kbjgt(3),|211lixfe(3),592kbjgt(3),;15697.6,15057.5,14279.3,14919.3,0,0,0,0,1951.191655891554
211lixfe(3),592kbjgt(3),|211lixfe(3),592kbjgt(3),|211lixfe(3),592kbjgt(3),|211lixfe(3),592kbjgt(3),;15697.6,15057.5,14279.3,14919.3,0,0,0,0,1956.191655891554
211lixfe(3),592kbjgt(3),|211lixfe(3),592kbjgt(3),|211lixfe(3),592kbjgt(3),|211lixfe(3),592kbjgt(3),;15697.6,15057.5,14279.3,14919.3,0,0,0,0,1961.191655891554
211lixfe(3),592kbjgt(3),|211lixfe(3),592kbjgt(3),|211lixfe(3),592kbjgt(3),|211lixfe(3),592kbjgt(3),;15697.6,15057.5,14279.3,14919.3,0,0,0,0,1966.191655891554
211lixfe(3),592kbjgt(3),|211lixfe(3),592kbjgt(3),|211lixfe(3),592kbjgt(3),|211lixfe(3),592kbjgt(3),;15697.6,15057.5,14279.3,14919.3,0,0,0,0,1971.191655891554
211lixfe(3),592kbjgt(3),|211lixfe(3),592kbjgt(3),|211lixfe(3),592kbjgt(3),|211lixfe(3),592kbjgt(3),;15697.6,15057.5,14279.3,14919.3,0,0,0,0,1976.191655891554
211lixfe(3),|211lixfe(3),|211lixfe(3),|211lixfe(3),;17254.1,16614,16614,17254,0,0,0,0,1981.191655891554
211lixfe(3),|211lixfe(3),|211lixfe(3),|211lixfe(3),;17254.1,16614,16614,17254,0,0,0,0,1986.191655891554
211lixfe(3),|211lixfe(3),|211lixfe(3),|211lixfe(3),;17254.1,16614,16614,17254,0,0,0,0,1991.191655891554
211lixfe(3),|211lixfe(3),|211lixfe(3),|211lixfe(3),;17254.1,16614,16614,17254,0,0,0,0,1996.191655891554
