|||;31232,31232,31232,31232,0,0,0,0,1.010892141596
|||;31232,31232,31232,31232,0,0,0,0,6.010892141596
|||;31232,31232,31232,31232,0,0,0,0,11.010892141596
|||;31232,31232,31232,31232,0,0,0,0,16.010892141596
|||;31232,31232,31232,31232,0,0,0,0,21.010892141596
|||;31232,31232,31232,31232,0,0,0,0,26.010892141596
|||;31232,31232,31232,31232,0,0,0,0,31.010892141596
|||;31232,31232,31232,31232,0,0,0,0,36.010892141596
|||;31232,31232,31232,31232,0,0,0,0,41.010892141596
|||;31232,31232,31232,31232,0,0,0,0,46.010892141596
|||;31232,31232,31232,31232,0,0,0,0,51.010892141596
|||;31232,31232,31232,31232,0,0,0,0,56.010892141596
|||;31232,31232,31232,31232,0,0,0,0,61.010892141596
|||;31232,31232,31232,31232,0,0,0,0,66.010892141596
|||;31232,31232,31232,31232,0,0,0,0,71.010892141596
|||;31232,31232,31232,31232,0,0,0,0,76.010892141596
|||;31232,31232,31232,31232,0,0,0,0,81.010892141596
|||;31232,31232,31232,31232,0,0,0,0,86.010892141596
|||;31232,31232,31232,31232,0,0,0,0,91.010892141596
|||;31232,31232,31232,31232,0,0,0,0,96.010892141596
|||;31232,31232,31232,31232,0,0,0,0,101.010892141596
|||;31232,31232,31232,31232,0,0,0,0,106.010892141596
|||;31232,31232,31232,31232,0,0,0,0,111.010892141596
|||;31232,31232,31232,31232,0,0,0,0,116.010892141596
|||;31232,31232,31232,31232,0,0,0,0,121.010892141596
|||;31232,31232,31232,31232,0,0,0,0,126.010892141596
|||;31232,31232,31232,31232,0,0,0,0,131.010892141596
|||;31232,31232,31232,31232,0,0,0,0,136.010892141596
|||;31232,31232,31232,31232,0,0,0,0,141.010892141596
|||;31232,31232,31232,31232,0,0,0,0,146.010892141596
|||;31232,31232,31232,31232,0,0,0,0,151.010892141596
|||;31232,31232,31232,31232,0,0,0,0,156.010892141596
|||;31232,31232,31232,31232,0,0,0,0,161.010892141596
|||;31232,31232,31232,31232,0,0,0,0,166.010892141596
|||;31232,31232,31232,31232,0,0,0,0,171.010892141596
|||;31232,31232,31232,31232,0,0,0,0,176.010892141596
|||;31232,31232,31232,31232,0,0,0,0,181.010892141596
|||;31232,31232,31232,31232,0,0,0,0,186.010892141596
|||;31232,31232,31232,31232,0,0,0,0,191.010892141596
|||;31232,31232,31232,31232,0,0,0,0,196.010892141596
|||;31232,31232,31232,31232,0,0,0,0,201.010892141596
|||;31232,31232,31232,31232,0,0,0,0,206.010892141596
|||;31232,31232,31232,31232,0,0,0,0,211.010892141596
|||;31232,31232,31232,31232,0,0,0,0,216.010892141596
|||;31232,31232,31232,31232,0,0,0,0,221.010892141596
|||;31232,31232,31232,31232,0,0,0,0,226.010892141596
|||;31232,31232,31232,31232,0,0,0,0,231.010892141596
|||;31232,31232,31232,31232,0,0,0,0,236.010892141596
|||;31232,31232,31232,31232,0,0,0,0,241.010892141596
|||;31232,31232,31232,31232,0,0,0,0,246.010892141596
|||;31232,31232,31232,31232,0,0,0,0,251.010892141596
|||;31232,31232,31232,31232,0,0,0,0,256.010892141596
|||;31232,31232,31232,31232,0,0,0,0,261.010892141596
|||;31232,31232,31232,31232,0,0,0,0,266.010892141596
|||;31232,31232,31232,31232,0,0,0,0,271.010892141596
|||;31232,31232,31232,31232,0,0,0,0,276.010892141596
|||;31232,31232,31232,31232,0,0,0,0,281.010892141596
|||;31232,31232,31232,31232,0,0,0,0,286.010892141596
|||;31232,31232,31232,31232,0,0,0,0,291.010892141596
|||;31232,31232,31232,31232,0,0,0,0,296.010892141596
|||;31232,31232,31232,31232,0,0,0,0,301.010892141596
|||;31232,31232,31232,31232,0,0,0,0,306.010892141596
15tehjw(2),|15tehjw(2),|15tehjw(2),|15tehjw(2),;28467.2,29849.6,29849.6,29849.6,17.237523655736,6.242746180008,6.242746180008,6.242746180008,311.010892141596
15tehjw(2),|15tehjw(2),|15tehjw(2),|15tehjw(2),;28467.2,29849.6,29849.6,29849.6,12.237523655736,1.242746180008,1.242746180008,1.242746180008,316.010892141596
15tehjw(2),|||;28467.2,31232,31232,31232,7.237523655736,0,0,0,321.010892141596
15tehjw(2),|||;28467.2,31232,31232,31232,2.237523655736,0,0,0,326.010892141596
15tehjw(3),|||;28467.2,31232,31232,31232,0,0,0,0,331.010892141596
15tehjw(3),|678qcfeu(2),||;28467.2,28134.4,31232,31232,0,23.19258428765,0,0,336.010892141596
15tehjw(3),23sfycl(2),|678qcfeu(2),|23sfycl(2),|23sfycl(2),;26378.2,28134.4,28446.7,29143,14.321855135214,18.19258428765,19.859965271136,14.321855135214,341.010892141596
15tehjw(3),23sfycl(2),|678qcfeu(2),|23sfycl(2),|23sfycl(2),;26378.2,28134.4,28446.7,29143,9.321855135214,13.19258428765,14.859965271136,9.321855135214,346.010892141596
15tehjw(3),23sfycl(2),|678qcfeu(2),|23sfycl(2),|23sfycl(2),;26378.2,28134.4,28446.7,29143,4.321855135214,8.19258428765,9.859965271136,4.321855135214,351.010892141596
15tehjw(3),776vhmsx(0),|678qcfeu(2),776vhmsx(0),|23sfycl(2),776vhmsx(0),|776vhmsx(0),;26731.5,26977.3,27289.6,29496.3,17.214937049224,16.333481554411,18.000862537897,17.214937049224,356.010892141596
15tehjw(3),776vhmsx(2),|678qcfeu(3),776vhmsx(2),|776vhmsx(2),|776vhmsx(2),;26731.5,26977.3,30074.9,29496.3,12.214937049224,11.333481554411,13.000862537897,12.214937049224,361.010892141596
15tehjw(3),776vhmsx(2),|678qcfeu(3),776vhmsx(2),|776vhmsx(2),|776vhmsx(2),;26731.5,26977.3,30074.9,29496.3,7.214937049224,6.333481554411,8.000862537897,7.214937049224,366.010892141596
15tehjw(3),776vhmsx(2),|678qcfeu(3),776vhmsx(3),|776vhmsx(3),|776vhmsx(2),;26731.5,26977.3,30074.9,29496.3,2.214937049224,1.333481554411,3.000862537897,2.214937049224,371.010892141596
15tehjw(3),776vhmsx(3),|678qcfeu(3),776vhmsx(3),|776vhmsx(3),|776vhmsx(3),;26731.5,26977.3,30074.9,29496.3,0,0,0,0,376.010892141596
15tehjw(3),776vhmsx(3),|678qcfeu(3),776vhmsx(3),|776vhmsx(3),|776vhmsx(3),;26731.5,26977.3,30074.9,29496.3,0,0,0,0,381.010892141596
15tehjw(3),776vhmsx(3),|678qcfeu(3),776vhmsx(3),|776vhmsx(3),|776vhmsx(3),;26731.5,26977.3,30074.9,29496.3,0,0,0,0,386.010892141596
15tehjw(3),776vhmsx(3),|678qcfeu(3),776vhmsx(3),|776vhmsx(3),|776vhmsx(3),;26731.5,26977.3,30074.9,29496.3,0,0,0,0,391.010892141596
15tehjw(3),776vhmsx(3),|678qcfeu(3),776vhmsx(3),|776vhmsx(3),|776vhmsx(3),;26731.5,26977.3,30074.9,29496.3,0,0,0,0,396.010892141596
776vhmsx(3),|678qcfeu(3),776vhmsx(3),|776vhmsx(3),|776vhmsx(3),;29496.3,26977.3,30074.9,29496.3,0,0,0,0,401.010892141596
776vhmsx(3),647hgxjv(0),|678qcfeu(3),776vhmsx(3),|776vhmsx(3),647hgxjv(0),|776vhmsx(3),;27837.4,26977.3,28416,29496.3,15.279895070375,0,15.279895070375,0,406.010892141596
776vhmsx(3),647hgxjv(2),|678qcfeu(3),776vhmsx(3),|776vhmsx(3),647hgxjv(2),|776vhmsx(3),;27837.4,26977.3,28416,29496.3,10.279895070375,0,10.279895070375,0,411.010892141596
776vhmsx(3),647hgxjv(2),|678qcfeu(3),776vhmsx(3),|776vhmsx(3),647hgxjv(2),|776vhmsx(3),;27837.4,26977.3,28416,29496.3,5.279895070375,0,5.279895070375,0,416.010892141596
776vhmsx(3),647hgxjv(3),|678qcfeu(3),776vhmsx(3),|776vhmsx(3),647hgxjv(3),|776vhmsx(3),;27837.4,26977.3,28416,29496.3,0.279895070375,0,0.279895070375,0,421.010892141596
776vhmsx(3),647hgxjv(3),|678qcfeu(3),776vhmsx(3),|776vhmsx(3),647hgxjv(3),|776vhmsx(3),;27837.4,26977.3,28416,29496.3,0,0,0,0,426.010892141596
776vhmsx(3),647hgxjv(3),|678qcfeu(3),776vhmsx(3),|776vhmsx(3),647hgxjv(3),|776vhmsx(3),;27837.4,26977.3,28416,29496.3,0,0,0,0,431.010892141596
776vhmsx(3),647hgxjv(3),|678qcfeu(3),776vhmsx(3),|776vhmsx(3),647hgxjv(3),|776vhmsx(3),;27837.4,26977.3,28416,29496.3,0,0,0,0,436.010892141596
776vhmsx(3),647hgxjv(3),|678qcfeu(3),776vhmsx(3),|776vhmsx(3),647hgxjv(3),|776vhmsx(3),;27837.4,26977.3,28416,29496.3,0,0,0,0,441.010892141596
776vhmsx(3),647hgxjv(3),|678qcfeu(3),776vhmsx(3),|776vhmsx(3),647hgxjv(3),|776vhmsx(3),;27837.4,26977.3,28416,29496.3,0,0,0,0,446.010892141596
776vhmsx(3),647hgxjv(3),|678qcfeu(3),776vhmsx(3),|776vhmsx(3),647hgxjv(3),|776vhmsx(3),;27837.4,26977.3,28416,29496.3,0,0,0,0,451.010892141596
776vhmsx(3),647hgxjv(3),|678qcfeu(3),776vhmsx(3),|776vhmsx(3),647hgxjv(3),|776vhmsx(3),;27837.4,26977.3,28416,29496.3,0,0,0,0,456.010892141596
776vhmsx(3),647hgxjv(3),|678qcfeu(3),776vhmsx(3),|776vhmsx(3),647hgxjv(3),|776vhmsx(3),;27837.4,26977.3,28416,29496.3,0,0,0,0,461.010892141596
776vhmsx(3),647hgxjv(3),|678qcfeu(3),776vhmsx(3),|776vhmsx(3),647hgxjv(3),|776vhmsx(3),;27837.4,26977.3,28416,29496.3,0,0,0,0,466.010892141596
776vhmsx(3),647hgxjv(3),|678qcfeu(3),776vhmsx(3),|776vhmsx(3),647hgxjv(3),|776vhmsx(3),;27837.4,26977.3,28416,29496.3,0,0,0,0,471.010892141596
776vhmsx(3),647hgxjv(3),|678qcfeu(3),776vhmsx(3),|776vhmsx(3),647hgxjv(3),|776vhmsx(3),;27837.4,26977.3,28416,29496.3,0,0,0,0,476.010892141596
776vhmsx(3),647hgxjv(3),|678qcfeu(3),776vhmsx(3),|776vhmsx(3),647hgxjv(3),|776vhmsx(3),;27837.4,26977.3,28416,29496.3,0,0,0,0,481.010892141596
776vhmsx(3),647hgxjv(3),|678qcfeu(3),776vhmsx(3),|776vhmsx(3),647hgxjv(3),|776vhmsx(3),;27837.4,26977.3,28416,29496.3,0,0,0,0,486.010892141596
776vhmsx(3),647hgxjv(3),|678qcfeu(3),776vhmsx(3),|776vhmsx(3),647hgxjv(3),|776vhmsx(3),;27837.4,26977.3,28416,29496.3,0,0,0,0,491.010892141596
776vhmsx(3),647hgxjv(3),|678qcfeu(3),776vhmsx(3),678jetrz(0),|776vhmsx(3),647hgxjv(3),678jetrz(0),|776vhmsx(3),678jetrz(0),;27837.4,24458.3,25897,26137.6,0,22.482029756549,22.482029756549,29.160339038102,496.010892141596
776vhmsx(3),647hgxjv(3),|678qcfeu(3),776vhmsx(3),678jetrz(2),|776vhmsx(3),647hgxjv(3),678jetrz(2),|776vhmsx(3),678jetrz(2),;27837.4,24458.3,25897,26137.6,0,17.482029756549,17.482029756549,24.160339038102,501.010892141596
776vhmsx(3),647hgxjv(3),|678qcfeu(3),776vhmsx(3),678jetrz(2),|776vhmsx(3),647hgxjv(3),678jetrz(2),|776vhmsx(3),678jetrz(2),;27837.4,24458.3,25897,26137.6,0,12.482029756549,12.482029756549,19.160339038102,506.010892141596
776vhmsx(3),647hgxjv(3),|678qcfeu(3),776vhmsx(3),678jetrz(2),|776vhmsx(3),647hgxjv(3),678jetrz(2),|776vhmsx(3),678jetrz(2),;27837.4,24458.3,25897,26137.6,0,7.482029756549,7.482029756549,14.160339038102,511.010892141596
776vhmsx(3),647hgxjv(3),|678qcfeu(3),776vhmsx(3),678jetrz(2),|776vhmsx(3),647hgxjv(3),678jetrz(2),|776vhmsx(3),678jetrz(2),;27837.4,24458.3,25897,26137.6,0,2.482029756549,2.482029756549,9.160339038102,516.010892141596
776vhmsx(3),647hgxjv(3),|678qcfeu(3),776vhmsx(3),678jetrz(3),|776vhmsx(3),647hgxjv(3),678jetrz(3),|776vhmsx(3),678jetrz(2),;27837.4,24458.3,25897,26137.6,0,0,0,4.160339038102,521.010892141596
776vhmsx(3),647hgxjv(3),|678qcfeu(3),776vhmsx(3),678jetrz(3),|776vhmsx(3),647hgxjv(3),678jetrz(3),|776vhmsx(3),678jetrz(3),;27837.4,24458.3,25897,26137.6,0,0,0,0,526.010892141596
776vhmsx(3),647hgxjv(3),|678qcfeu(3),776vhmsx(3),678jetrz(3),|776vhmsx(3),647hgxjv(3),678jetrz(3),|776vhmsx(3),678jetrz(3),;27837.4,24458.3,25897,26137.6,0,0,0,0,531.010892141596
776vhmsx(3),647hgxjv(3),|678qcfeu(3),776vhmsx(3),678jetrz(3),|776vhmsx(3),647hgxjv(3),678jetrz(3),|776vhmsx(3),678jetrz(3),;27837.4,24458.3,25897,26137.6,0,0,0,0,536.010892141596
776vhmsx(3),647hgxjv(3),|678qcfeu(3),776vhmsx(3),678jetrz(3),|776vhmsx(3),647hgxjv(3),678jetrz(3),|776vhmsx(3),678jetrz(3),;27837.4,24458.3,25897,26137.6,0,0,0,0,541.010892141596
776vhmsx(3),647hgxjv(3),|678qcfeu(3),776vhmsx(3),678jetrz(3),|776vhmsx(3),647hgxjv(3),678jetrz(3),|776vhmsx(3),678jetrz(3),;27837.4,24458.3,25897,26137.6,0,0,0,0,546.010892141596
776vhmsx(3),647hgxjv(3),|678qcfeu(3),776vhmsx(3),678jetrz(3),|776vhmsx(3),647hgxjv(3),678jetrz(3),|776vhmsx(3),678jetrz(3),;27837.4,24458.3,25897,26137.6,0,0,0,0,551.010892141596
776vhmsx(3),647hgxjv(3),|678qcfeu(3),776vhmsx(3),678jetrz(3),|776vhmsx(3),647hgxjv(3),678jetrz(3),|776vhmsx(3),678jetrz(3),;27837.4,24458.3,25897,26137.6,0,0,0,0,556.010892141596
776vhmsx(3),647hgxjv(3),|678qcfeu(3),776vhmsx(3),678jetrz(3),|776vhmsx(3),647hgxjv(3),678jetrz(3),|776vhmsx(3),678jetrz(3),;27837.4,24458.3,25897,26137.6,0,0,0,0,561.010892141596
776vhmsx(3),647hgxjv(3),|678qcfeu(3),776vhmsx(3),678jetrz(3),|776vhmsx(3),647hgxjv(3),678jetrz(3),|776vhmsx(3),678jetrz(3),;27837.4,24458.3,25897,26137.6,0,0,0,0,566.010892141596
776vhmsx(3),647hgxjv(3),|678qcfeu(3),776vhmsx(3),678jetrz(3),|776vhmsx(3),647hgxjv(3),678jetrz(3),|776vhmsx(3),678jetrz(3),;27837.4,24458.3,25897,26137.6,0,0,0,0,571.010892141596
776vhmsx(3),647hgxjv(3),647lvpzk(0),|678qcfeu(3),776vhmsx(3),678jetrz(3),647lvpzk(0),|776vhmsx(3),647hgxjv(3),678jetrz(3),647lvpzk(0),|776vhmsx(3),678jetrz(3),647lvpzk(0),;26762.2,22845.5,24284.2,25062.4,10.806572854726,15.082319650842,15.082319650842,10.806572854726,576.010892141596
776vhmsx(3),647lvpzk(2),|678qcfeu(3),776vhmsx(3),678jetrz(3),647lvpzk(2),|776vhmsx(3),678jetrz(3),647lvpzk(2),|776vhmsx(3),678jetrz(3),647lvpzk(2),;28421.1,22845.5,25943.1,25062.4,5.806572854726,10.082319650842,10.082319650842,5.806572854726,581.010892141596
776vhmsx(3),647lvpzk(2),|678qcfeu(3),776vhmsx(3),678jetrz(3),647lvpzk(2),|776vhmsx(3),678jetrz(3),647lvpzk(2),|776vhmsx(3),678jetrz(3),647lvpzk(2),;28421.1,22845.5,25943.1,25062.4,0.806572854726,5.082319650842,5.082319650842,0.806572854726,586.010892141596
776vhmsx(3),|678qcfeu(3),776vhmsx(3),678jetrz(3),|776vhmsx(3),678jetrz(3),|776vhmsx(3),678jetrz(3),;29496.3,24458.3,27555.9,26137.6,0,0.082319650842,0.082319650842,0,591.010892141596
776vhmsx(3),|678qcfeu(3),776vhmsx(3),678jetrz(3),|776vhmsx(3),678jetrz(3),|776vhmsx(3),678jetrz(3),;29496.3,24458.3,27555.9,26137.6,0,0,0,0,596.010892141596
776vhmsx(3),|678qcfeu(3),776vhmsx(3),678jetrz(3),|776vhmsx(3),678jetrz(3),|776vhmsx(3),678jetrz(3),;29496.3,24458.3,27555.9,26137.6,0,0,0,0,601.010892141596
776vhmsx(3),|678qcfeu(3),776vhmsx(3),678jetrz(3),|776vhmsx(3),678jetrz(3),|776vhmsx(3),678jetrz(3),;29496.3,24458.3,27555.9,26137.6,0,0,0,0,606.010892141596
776vhmsx(3),|678qcfeu(3),776vhmsx(3),678jetrz(3),|776vhmsx(3),678jetrz(3),|776vhmsx(3),678jetrz(3),;29496.3,24458.3,27555.9,26137.6,0,0,0,0,611.010892141596
776vhmsx(3),|678qcfeu(3),776vhmsx(3),678jetrz(3),|776vhmsx(3),678jetrz(3),|776vhmsx(3),678jetrz(3),;29496.3,24458.3,27555.9,26137.6,0,0,0,0,616.010892141596
776vhmsx(3),|776vhmsx(3),678jetrz(3),|776vhmsx(3),678jetrz(3),|776vhmsx(3),678jetrz(3),;29496.3,27555.9,27555.9,26137.6,0,0,0,0,621.010892141596
776vhmsx(3),|776vhmsx(3),678jetrz(3),|776vhmsx(3),678jetrz(3),|776vhmsx(3),678jetrz(3),;29496.3,27555.9,27555.9,26137.6,0,0,0,0,626.010892141596
776vhmsx(3),|776vhmsx(3),678jetrz(3),|776vhmsx(3),678jetrz(3),|776vhmsx(3),678jetrz(3),;29496.3,27555.9,27555.9,26137.6,0,0,0,0,631.010892141596
776vhmsx(3),|776vhmsx(3),678jetrz(3),|776vhmsx(3),678jetrz(3),|776vhmsx(3),678jetrz(3),;29496.3,27555.9,27555.9,26137.6,0,0,0,0,636.010892141596
776vhmsx(3),|776vhmsx(3),678jetrz(3),|776vhmsx(3),678jetrz(3),|776vhmsx(3),678jetrz(3),;29496.3,27555.9,27555.9,26137.6,0,0,0,0,641.010892141596
776vhmsx(3),|776vhmsx(3),678jetrz(3),|776vhmsx(3),678jetrz(3),|776vhmsx(3),678jetrz(3),;29496.3,27555.9,27555.9,26137.6,0,0,0,0,646.010892141596
776vhmsx(3),|776vhmsx(3),678jetrz(3),|776vhmsx(3),678jetrz(3),|776vhmsx(3),678jetrz(3),;29496.3,27555.9,27555.9,26137.6,0,0,0,0,651.010892141596
776vhmsx(3),|776vhmsx(3),678jetrz(3),|776vhmsx(3),678jetrz(3),|776vhmsx(3),678jetrz(3),;29496.3,27555.9,27555.9,26137.6,0,0,0,0,656.010892141596
776vhmsx(3),|776vhmsx(3),678jetrz(3),|776vhmsx(3),678jetrz(3),|776vhmsx(3),678jetrz(3),;29496.3,27555.9,27555.9,26137.6,0,0,0,0,661.010892141596
776vhmsx(3),|776vhmsx(3),678jetrz(3),|776vhmsx(3),678jetrz(3),|776vhmsx(3),678jetrz(3),;29496.3,27555.9,27555.9,26137.6,0,0,0,0,666.010892141596
776vhmsx(3),|776vhmsx(3),678jetrz(3),|776vhmsx(3),678jetrz(3),|776vhmsx(3),678jetrz(3),;29496.3,27555.9,27555.9,26137.6,0,0,0,0,671.010892141596
776vhmsx(3),|776vhmsx(3),678jetrz(3),|776vhmsx(3),678jetrz(3),|776vhmsx(3),678jetrz(3),;29496.3,27555.9,27555.9,26137.6,0,0,0,0,676.010892141596
776vhmsx(3),|776vhmsx(3),678jetrz(3),|776vhmsx(3),678jetrz(3),|776vhmsx(3),678jetrz(3),;29496.3,27555.9,27555.9,26137.6,0,0,0,0,681.010892141596
776vhmsx(3),|776vhmsx(3),678jetrz(3),|776vhmsx(3),678jetrz(3),|776vhmsx(3),678jetrz(3),;29496.3,27555.9,27555.9,26137.6,0,0,0,0,686.010892141596
776vhmsx(3),|776vhmsx(3),678jetrz(3),|776vhmsx(3),678jetrz(3),|776vhmsx(3),678jetrz(3),;29496.3,27555.9,27555.9,26137.6,0,0,0,0,691.010892141596
776vhmsx(3),|776vhmsx(3),678jetrz(3),|776vhmsx(3),678jetrz(3),|776vhmsx(3),678jetrz(3),;29496.3,27555.9,27555.9,26137.6,0,0,0,0,696.010892141596
|678jetrz(3),|678jetrz(3),|678jetrz(3),;31232,28713,28713,27873.3,0,0,0,0,701.010892141596
|678jetrz(3),|678jetrz(3),|678jetrz(3),;31232,28713,28713,27873.3,0,0,0,0,706.010892141596
|678jetrz(3),|678jetrz(3),|678jetrz(3),;31232,28713,28713,27873.3,0,0,0,0,711.010892141596
|678jetrz(3),|678jetrz(3),|678jetrz(3),;31232,28713,28713,27873.3,0,0,0,0,716.010892141596
|678jetrz(3),|678jetrz(3),|678jetrz(3),;31232,28713,28713,27873.3,0,0,0,0,721.010892141596
|678jetrz(3),|678jetrz(3),|678jetrz(3),;31232,28713,28713,27873.3,0,0,0,0,726.010892141596
|678jetrz(3),|678jetrz(3),|678jetrz(3),;31232,28713,28713,27873.3,0,0,0,0,731.010892141596
|678jetrz(3),|678jetrz(3),|678jetrz(3),;31232,28713,28713,27873.3,0,0,0,0,736.010892141596
|||;31232,31232,31232,31232,0,0,0,0,741.010892141596
|||;31232,31232,31232,31232,0,0,0,0,746.010892141596
|||;31232,31232,31232,31232,0,0,0,0,751.010892141596
|||;31232,31232,31232,31232,0,0,0,0,756.010892141596
|||;31232,31232,31232,31232,0,0,0,0,761.010892141596
|||;31232,31232,31232,31232,0,0,0,0,766.010892141596
|||;31232,31232,31232,31232,0,0,0,0,771.010892141596
|||;31232,31232,31232,31232,0,0,0,0,776.010892141596
|||;31232,31232,31232,31232,0,0,0,0,781.010892141596
|||;31232,31232,31232,31232,0,0,0,0,786.010892141596
|||;31232,31232,31232,31232,0,0,0,0,791.010892141596
|||;31232,31232,31232,31232,0,0,0,0,796.010892141596
|||;31232,31232,31232,31232,0,0,0,0,801.010892141596
|||;31232,31232,31232,31232,0,0,0,0,806.010892141596
|||;31232,31232,31232,31232,0,0,0,0,811.010892141596
|||;31232,31232,31232,31232,0,0,0,0,816.010892141596
|||;31232,31232,31232,31232,0,0,0,0,821.010892141596
|||;31232,31232,31232,31232,0,0,0,0,826.010892141596
|||;31232,31232,31232,31232,0,0,0,0,831.010892141596
|||;31232,31232,31232,31232,0,0,0,0,836.010892141596
|||;31232,31232,31232,31232,0,0,0,0,841.010892141596
|||;31232,31232,31232,31232,0,0,0,0,846.010892141596
|||;31232,31232,31232,31232,0,0,0,0,851.010892141596
|||;31232,31232,31232,31232,0,0,0,0,856.010892141596
|||;31232,31232,31232,31232,0,0,0,0,861.010892141596
|||;31232,31232,31232,31232,0,0,0,0,866.010892141596
|||;31232,31232,31232,31232,0,0,0,0,871.010892141596
|||;31232,31232,31232,31232,0,0,0,0,876.010892141596
|||;31232,31232,31232,31232,0,0,0,0,881.010892141596
|||;31232,31232,31232,31232,0,0,0,0,886.010892141596
|||;31232,31232,31232,31232,0,0,0,0,891.010892141596
|||;31232,31232,31232,31232,0,0,0,0,896.010892141596
|||;31232,31232,31232,31232,0,0,0,0,901.010892141596
|||;31232,31232,31232,31232,0,0,0,0,906.010892141596
|||;31232,31232,31232,31232,0,0,0,0,911.010892141596
|||;31232,31232,31232,31232,0,0,0,0,916.010892141596
|||;31232,31232,31232,31232,0,0,0,0,921.010892141596
|||;31232,31232,31232,31232,0,0,0,0,926.010892141596
|||;31232,31232,31232,31232,0,0,0,0,931.010892141596
|||;31232,31232,31232,31232,0,0,0,0,936.010892141596
|||;31232,31232,31232,31232,0,0,0,0,941.010892141596
|||;31232,31232,31232,31232,0,0,0,0,946.010892141596
|||;31232,31232,31232,31232,0,0,0,0,951.010892141596
241kaojr(2),|241kaojr(2),|241kaojr(2),|241kaojr(2),;29634.6,29634.6,28835.8,28835.8,11.741350060001,11.741350060001,18.301888157088,18.301888157088,956.010892141596
241kaojr(2),|241kaojr(2),|241kaojr(2),|241kaojr(2),;29634.6,29634.6,28835.8,28835.8,6.741350060001,6.741350060001,13.301888157088,13.301888157088,961.010892141596
241kaojr(2),|241kaojr(2),|241kaojr(2),|241kaojr(2),;29634.6,29634.6,28835.8,28835.8,1.741350060001,1.741350060001,8.301888157088,8.301888157088,966.010892141596
241kaojr(3),|241kaojr(3),|241kaojr(2),|241kaojr(2),;29634.6,29634.6,28835.8,28835.8,0,0,3.301888157088,3.301888157088,971.010892141596
241kaojr(3),|241kaojr(3),|241kaojr(3),|241kaojr(3),;29634.6,29634.6,28835.8,28835.8,0,0,0,0,976.010892141596
241kaojr(3),|241kaojr(3),|241kaojr(3),|241kaojr(3),;29634.6,29634.6,28835.8,28835.8,0,0,0,0,981.010892141596
241kaojr(3),|241kaojr(3),|241kaojr(3),|241kaojr(3),;29634.6,29634.6,28835.8,28835.8,0,0,0,0,986.010892141596
241kaojr(3),|241kaojr(3),|241kaojr(3),|241kaojr(3),;29634.6,29634.6,28835.8,28835.8,0,0,0,0,991.010892141596
241kaojr(3),|241kaojr(3),|241kaojr(3),|241kaojr(3),;29634.6,29634.6,28835.8,28835.8,0,0,0,0,996.010892141596
241kaojr(3),|241kaojr(3),|241kaojr(3),|241kaojr(3),;29634.6,29634.6,28835.8,28835.8,0,0,0,0,1001.010892141596
241kaojr(3),|241kaojr(3),|241kaojr(3),|241kaojr(3),;29634.6,29634.6,28835.8,28835.8,0,0,0,0,1006.010892141596
241kaojr(3),|241kaojr(3),|241kaojr(3),|241kaojr(3),;29634.6,29634.6,28835.8,28835.8,0,0,0,0,1011.010892141596
241kaojr(3),|241kaojr(3),|241kaojr(3),|241kaojr(3),;29634.6,29634.6,28835.8,28835.8,0,0,0,0,1016.010892141596
241kaojr(3),|241kaojr(3),|241kaojr(3),|241kaojr(3),;29634.6,29634.6,28835.8,28835.8,0,0,0,0,1021.010892141596
241kaojr(3),|241kaojr(3),|241kaojr(3),|241kaojr(3),;29634.6,29634.6,28835.8,28835.8,0,0,0,0,1026.010892141596
241kaojr(3),|241kaojr(3),|241kaojr(3),|241kaojr(3),;29634.6,29634.6,28835.8,28835.8,0,0,0,0,1031.010892141596
241kaojr(3),|241kaojr(3),|241kaojr(3),|241kaojr(3),;29634.6,29634.6,28835.8,28835.8,0,0,0,0,1036.010892141596
241kaojr(3),|241kaojr(3),|241kaojr(3),|241kaojr(3),;29634.6,29634.6,28835.8,28835.8,0,0,0,0,1041.010892141596
241kaojr(3),|241kaojr(3),|241kaojr(3),|241kaojr(3),;29634.6,29634.6,28835.8,28835.8,0,0,0,0,1046.010892141596
241kaojr(3),|241kaojr(3),|241kaojr(3),|241kaojr(3),;29634.6,29634.6,28835.8,28835.8,0,0,0,0,1051.010892141596
241kaojr(3),|241kaojr(3),|241kaojr(3),|241kaojr(3),;29634.6,29634.6,28835.8,28835.8,0,0,0,0,1056.010892141596
241kaojr(3),|241kaojr(3),|241kaojr(3),|241kaojr(3),;29634.6,29634.6,28835.8,28835.8,0,0,0,0,1061.010892141596
241kaojr(3),|241kaojr(3),|241kaojr(3),|241kaojr(3),;29634.6,29634.6,28835.8,28835.8,0,0,0,0,1066.010892141596
241kaojr(3),|241kaojr(3),|241kaojr(3),|241kaojr(3),;29634.6,29634.6,28835.8,28835.8,0,0,0,0,1071.010892141596
241kaojr(3),|241kaojr(3),|241kaojr(3),|241kaojr(3),;29634.6,29634.6,28835.8,28835.8,0,0,0,0,1076.010892141596
241kaojr(3),|241kaojr(3),|241kaojr(3),|241kaojr(3),;29634.6,29634.6,28835.8,28835.8,0,0,0,0,1081.010892141596
241kaojr(3),|241kaojr(3),|241kaojr(3),|241kaojr(3),;29634.6,29634.6,28835.8,28835.8,0,0,0,0,1086.010892141596
241kaojr(3),|241kaojr(3),|241kaojr(3),|241kaojr(3),;29634.6,29634.6,28835.8,28835.8,0,0,0,0,1091.010892141596
241kaojr(3),|241kaojr(3),|241kaojr(3),|241kaojr(3),;29634.6,29634.6,28835.8,28835.8,0,0,0,0,1096.010892141596
241kaojr(3),|241kaojr(3),|241kaojr(3),|241kaojr(3),;29634.6,29634.6,28835.8,28835.8,0,0,0,0,1101.010892141596
241kaojr(3),|241kaojr(3),|241kaojr(3),|241kaojr(3),;29634.6,29634.6,28835.8,28835.8,0,0,0,0,1106.010892141596
241kaojr(3),|241kaojr(3),|241kaojr(3),|241kaojr(3),;29634.6,29634.6,28835.8,28835.8,0,0,0,0,1111.010892141596
241kaojr(3),|241kaojr(3),|241kaojr(3),|241kaojr(3),;29634.6,29634.6,28835.8,28835.8,0,0,0,0,1116.010892141596
241kaojr(3),|241kaojr(3),|241kaojr(3),|241kaojr(3),;29634.6,29634.6,28835.8,28835.8,0,0,0,0,1121.010892141596
241kaojr(3),|241kaojr(3),|241kaojr(3),|241kaojr(3),;29634.6,29634.6,28835.8,28835.8,0,0,0,0,1126.010892141596
241kaojr(3),|241kaojr(3),|241kaojr(3),|241kaojr(3),;29634.6,29634.6,28835.8,28835.8,0,0,0,0,1131.010892141596
241kaojr(3),|241kaojr(3),|241kaojr(3),|241kaojr(3),;29634.6,29634.6,28835.8,28835.8,0,0,0,0,1136.010892141596
241kaojr(3),|241kaojr(3),|241kaojr(3),|241kaojr(3),;29634.6,29634.6,28835.8,28835.8,0,0,0,0,1141.010892141596
241kaojr(3),|241kaojr(3),|241kaojr(3),|241kaojr(3),;29634.6,29634.6,28835.8,28835.8,0,0,0,0,1146.010892141596
241kaojr(3),|241kaojr(3),|241kaojr(3),|241kaojr(3),;29634.6,29634.6,28835.8,28835.8,0,0,0,0,1151.010892141596
241kaojr(3),|241kaojr(3),|241kaojr(3),|241kaojr(3),;29634.6,29634.6,28835.8,28835.8,0,0,0,0,1156.010892141596
241kaojr(3),|241kaojr(3),|241kaojr(3),|241kaojr(3),;29634.6,29634.6,28835.8,28835.8,0,0,0,0,1161.010892141596
241kaojr(3),|241kaojr(3),|241kaojr(3),|241kaojr(3),;29634.6,29634.6,28835.8,28835.8,0,0,0,0,1166.010892141596
241kaojr(3),|241kaojr(3),|241kaojr(3),|241kaojr(3),;29634.6,29634.6,28835.8,28835.8,0,0,0,0,1171.010892141596
241kaojr(3),|241kaojr(3),|241kaojr(3),|241kaojr(3),;29634.6,29634.6,28835.8,28835.8,0,0,0,0,1176.010892141596
241kaojr(3),|241kaojr(3),|241kaojr(3),|241kaojr(3),;29634.6,29634.6,28835.8,28835.8,0,0,0,0,1181.010892141596
241kaojr(3),|241kaojr(3),|241kaojr(3),|241kaojr(3),;29634.6,29634.6,28835.8,28835.8,0,0,0,0,1186.010892141596
241kaojr(3),|241kaojr(3),246pdiul(0),|241kaojr(3),246pdiul(0),|241kaojr(3),;29634.6,26204.2,25405.4,28835.8,0,29.820231507938,29.820231507938,0,1191.010892141596
241kaojr(3),|241kaojr(3),246pdiul(2),|241kaojr(3),246pdiul(2),|241kaojr(3),;29634.6,26204.2,25405.4,28835.8,0,24.820231507938,24.820231507938,0,1196.010892141596
241kaojr(3),|241kaojr(3),246pdiul(2),|241kaojr(3),246pdiul(2),|241kaojr(3),;29634.6,26204.2,25405.4,28835.8,0,19.820231507938,19.820231507938,0,1201.010892141596
241kaojr(3),|241kaojr(3),246pdiul(2),|241kaojr(3),246pdiul(2),|241kaojr(3),;29634.6,26204.2,25405.4,28835.8,0,14.820231507938,14.820231507938,0,1206.010892141596
241kaojr(3),|241kaojr(3),246pdiul(2),|241kaojr(3),246pdiul(2),|241kaojr(3),;29634.6,26204.2,25405.4,28835.8,0,9.820231507938,9.820231507938,0,1211.010892141596
241kaojr(3),|241kaojr(3),246pdiul(2),|241kaojr(3),246pdiul(2),|241kaojr(3),;29634.6,26204.2,25405.4,28835.8,0,4.820231507938,4.820231507938,0,1216.010892141596
241kaojr(3),|241kaojr(3),246pdiul(3),|241kaojr(3),246pdiul(3),|241kaojr(3),;29634.6,26204.2,25405.4,28835.8,0,0,0,0,1221.010892141596
241kaojr(3),|241kaojr(3),246pdiul(3),|241kaojr(3),246pdiul(3),|241kaojr(3),;29634.6,26204.2,25405.4,28835.8,0,0,0,0,1226.010892141596
241kaojr(3),|241kaojr(3),246pdiul(3),|241kaojr(3),246pdiul(3),|241kaojr(3),;29634.6,26204.2,25405.4,28835.8,0,0,0,0,1231.010892141596
241kaojr(3),|241kaojr(3),246pdiul(3),|241kaojr(3),246pdiul(3),|241kaojr(3),;29634.6,26204.2,25405.4,28835.8,0,0,0,0,1236.010892141596
241kaojr(3),|241kaojr(3),246pdiul(3),|241kaojr(3),246pdiul(3),|241kaojr(3),;29634.6,26204.2,25405.4,28835.8,0,0,0,0,1241.010892141596
241kaojr(3),|241kaojr(3),246pdiul(3),|241kaojr(3),246pdiul(3),|241kaojr(3),;29634.6,26204.2,25405.4,28835.8,0,0,0,0,1246.010892141596
241kaojr(3),|241kaojr(3),246pdiul(3),|241kaojr(3),246pdiul(3),|241kaojr(3),;29634.6,26204.2,25405.4,28835.8,0,0,0,0,1251.010892141596
241kaojr(3),|241kaojr(3),246pdiul(3),|241kaojr(3),246pdiul(3),|241kaojr(3),;29634.6,26204.2,25405.4,28835.8,0,0,0,0,1256.010892141596
241kaojr(3),|241kaojr(3),246pdiul(3),|241kaojr(3),246pdiul(3),|241kaojr(3),;29634.6,26204.2,25405.4,28835.8,0,0,0,0,1261.010892141596
241kaojr(3),|241kaojr(3),246pdiul(3),|241kaojr(3),246pdiul(3),|241kaojr(3),;29634.6,26204.2,25405.4,28835.8,0,0,0,0,1266.010892141596
241kaojr(3),|241kaojr(3),246pdiul(3),|241kaojr(3),246pdiul(3),|241kaojr(3),;29634.6,26204.2,25405.4,28835.8,0,0,0,0,1271.010892141596
241kaojr(3),|241kaojr(3),246pdiul(3),|241kaojr(3),246pdiul(3),|241kaojr(3),;29634.6,26204.2,25405.4,28835.8,0,0,0,0,1276.010892141596
241kaojr(3),|241kaojr(3),246pdiul(3),|241kaojr(3),246pdiul(3),|241kaojr(3),;29634.6,26204.2,25405.4,28835.8,0,0,0,0,1281.010892141596
241kaojr(3),|241kaojr(3),246pdiul(3),|241kaojr(3),246pdiul(3),|241kaojr(3),;29634.6,26204.2,25405.4,28835.8,0,0,0,0,1286.010892141596
241kaojr(3),|241kaojr(3),246pdiul(3),|241kaojr(3),246pdiul(3),|241kaojr(3),;29634.6,26204.2,25405.4,28835.8,0,0,0,0,1291.010892141596
241kaojr(3),241rfzbx(0),|241kaojr(3),246pdiul(3),241rfzbx(0),|241kaojr(3),246pdiul(3),241rfzbx(0),|241kaojr(3),241rfzbx(0),;27617.3,24186.9,22379.5,25809.9,16.827765302813,16.827765302813,24.981214053622,24.981214053622,1296.010892141596
241kaojr(3),241rfzbx(2),|241kaojr(3),246pdiul(3),241rfzbx(2),|241kaojr(3),246pdiul(3),241rfzbx(2),|241kaojr(3),241rfzbx(2),;27617.3,24186.9,22379.5,25809.9,11.827765302813,11.827765302813,19.981214053622,19.981214053622,1301.010892141596
241kaojr(3),241rfzbx(2),|241kaojr(3),246pdiul(3),241rfzbx(2),|241kaojr(3),246pdiul(3),241rfzbx(2),|241kaojr(3),241rfzbx(2),;27617.3,24186.9,22379.5,25809.9,6.827765302813,6.827765302813,14.981214053622,14.981214053622,1306.010892141596
241kaojr(3),241rfzbx(2),|241kaojr(3),246pdiul(3),241rfzbx(2),|241kaojr(3),246pdiul(3),241rfzbx(2),|241kaojr(3),241rfzbx(2),;27617.3,24186.9,22379.5,25809.9,1.827765302813,1.827765302813,9.981214053622,9.981214053622,1311.010892141596
241kaojr(3),241rfzbx(3),|241kaojr(3),246pdiul(3),241rfzbx(3),|241kaojr(3),246pdiul(3),241rfzbx(2),|241kaojr(3),241rfzbx(2),;27617.3,24186.9,22379.5,25809.9,0,0,4.981214053622,4.981214053622,1316.010892141596
241kaojr(3),241rfzbx(3),|241kaojr(3),246pdiul(3),241rfzbx(3),|241kaojr(3),246pdiul(3),241rfzbx(3),|241kaojr(3),241rfzbx(3),;27617.3,24186.9,22379.5,25809.9,0,0,0,0,1321.010892141596
241kaojr(3),241rfzbx(3),757ysfvc(0),|241kaojr(3),246pdiul(3),241rfzbx(3),757ysfvc(0),|241kaojr(3),246pdiul(3),241rfzbx(3),757ysfvc(0),|241kaojr(3),241rfzbx(3),757ysfvc(0),;26470.4,22466.6,21232.6,24089.6,10.699634520779,15.484431103304,10.699634520779,15.484431103304,1326.010892141596
241kaojr(3),241rfzbx(3),757ysfvc(2),|241kaojr(3),246pdiul(3),241rfzbx(3),757ysfvc(2),|241kaojr(3),246pdiul(3),241rfzbx(3),757ysfvc(2),|241kaojr(3),241rfzbx(3),757ysfvc(2),;26470.4,22466.6,21232.6,24089.6,5.699634520779,10.484431103304,5.699634520779,10.484431103304,1331.010892141596
241kaojr(3),241rfzbx(3),757ysfvc(2),|241kaojr(3),246pdiul(3),241rfzbx(3),757ysfvc(2),|241kaojr(3),246pdiul(3),241rfzbx(3),757ysfvc(2),|241kaojr(3),241rfzbx(3),757ysfvc(2),;26470.4,22466.6,21232.6,24089.6,0.699634520779,5.484431103304,0.699634520779,5.484431103304,1336.010892141596
241kaojr(3),241rfzbx(3),757ysfvc(3),|241kaojr(3),246pdiul(3),241rfzbx(3),757ysfvc(2),|241kaojr(3),246pdiul(3),241rfzbx(3),757ysfvc(3),|241kaojr(3),241rfzbx(3),757ysfvc(2),;26470.4,22466.6,21232.6,24089.6,0,0.484431103304,0,0.484431103304,1341.010892141596
241kaojr(3),241rfzbx(3),757ysfvc(3),|241kaojr(3),246pdiul(3),241rfzbx(3),757ysfvc(3),|241kaojr(3),246pdiul(3),241rfzbx(3),757ysfvc(3),|241kaojr(3),241rfzbx(3),757ysfvc(3),;26470.4,22466.6,21232.6,24089.6,0,0,0,0,1346.010892141596
241kaojr(3),241rfzbx(3),757ysfvc(3),246dayum(0),|241kaojr(3),246pdiul(3),241rfzbx(3),757ysfvc(3),246dayum(0),|241kaojr(3),246pdiul(3),241rfzbx(3),757ysfvc(3),246dayum(0),|241kaojr(3),241rfzbx(3),757ysfvc(3),246dayum(0),;23598.1,19594.3,19317.7,22174.7,27.577058387696,27.577058387696,19.837490284136,19.837490284136,1351.010892141596
241kaojr(3),241rfzbx(3),757ysfvc(3),246dayum(2),|241kaojr(3),246pdiul(3),241rfzbx(3),757ysfvc(3),246dayum(2),|241kaojr(3),246pdiul(3),241rfzbx(3),757ysfvc(3),246dayum(2),|241kaojr(3),241rfzbx(3),757ysfvc(3),246dayum(2),;23598.1,19594.3,19317.7,22174.7,22.577058387696,22.577058387696,14.837490284136,14.837490284136,1356.010892141596
241kaojr(3),241rfzbx(3),757ysfvc(3),246dayum(2),|241kaojr(3),246pdiul(3),241rfzbx(3),757ysfvc(3),246dayum(2),|241kaojr(3),246pdiul(3),241rfzbx(3),757ysfvc(3),246dayum(2),|241kaojr(3),241rfzbx(3),757ysfvc(3),246dayum(2),;23598.1,19594.3,19317.7,22174.7,17.577058387696,17.577058387696,9.837490284136,9.837490284136,1361.010892141596
241kaojr(3),241rfzbx(3),757ysfvc(3),246dayum(2),|241kaojr(3),246pdiul(3),241rfzbx(3),757ysfvc(3),246dayum(2),|241kaojr(3),246pdiul(3),241rfzbx(3),757ysfvc(3),246dayum(2),|241kaojr(3),241rfzbx(3),757ysfvc(3),246dayum(2),;23598.1,19594.3,19317.7,22174.7,12.577058387696,12.577058387696,4.837490284136,4.837490284136,1366.010892141596
241kaojr(3),241rfzbx(3),757ysfvc(3),246dayum(2),|241kaojr(3),246pdiul(3),241rfzbx(3),757ysfvc(3),246dayum(2),|241kaojr(3),246pdiul(3),241rfzbx(3),757ysfvc(3),246dayum(3),|241kaojr(3),241rfzbx(3),757ysfvc(3),246dayum(3),;23598.1,19594.3,19317.7,22174.7,7.577058387696,7.577058387696,0,0,1371.010892141596
241kaojr(3),241rfzbx(3),757ysfvc(3),246dayum(2),|241kaojr(3),246pdiul(3),241rfzbx(3),757ysfvc(3),246dayum(2),|241kaojr(3),246pdiul(3),241rfzbx(3),757ysfvc(3),246dayum(3),|241kaojr(3),241rfzbx(3),757ysfvc(3),246dayum(3),;23598.1,19594.3,19317.7,22174.7,2.577058387696,2.577058387696,0,0,1376.010892141596
241kaojr(3),241rfzbx(3),757ysfvc(3),246dayum(3),|241kaojr(3),246pdiul(3),241rfzbx(3),757ysfvc(3),246dayum(3),|241kaojr(3),246pdiul(3),241rfzbx(3),757ysfvc(3),246dayum(3),|241kaojr(3),241rfzbx(3),757ysfvc(3),246dayum(3),;23598.1,19594.3,19317.7,22174.7,0,0,0,0,1381.010892141596
241kaojr(3),241rfzbx(3),757ysfvc(3),246dayum(3),|241kaojr(3),246pdiul(3),241rfzbx(3),757ysfvc(3),246dayum(3),|241kaojr(3),246pdiul(3),241rfzbx(3),757ysfvc(3),246dayum(3),|241kaojr(3),241rfzbx(3),757ysfvc(3),246dayum(3),;23598.1,19594.3,19317.7,22174.7,0,0,0,0,1386.010892141596
241kaojr(3),241rfzbx(3),757ysfvc(3),246dayum(3),|241kaojr(3),246pdiul(3),241rfzbx(3),757ysfvc(3),246dayum(3),|241kaojr(3),246pdiul(3),241rfzbx(3),757ysfvc(3),246dayum(3),|241kaojr(3),241rfzbx(3),757ysfvc(3),246dayum(3),;23598.1,19594.3,19317.7,22174.7,0,0,0,0,1391.010892141596
241kaojr(3),241rfzbx(3),757ysfvc(3),246dayum(3),|241kaojr(3),246pdiul(3),241rfzbx(3),757ysfvc(3),246dayum(3),|241kaojr(3),246pdiul(3),241rfzbx(3),757ysfvc(3),246dayum(3),|241kaojr(3),241rfzbx(3),757ysfvc(3),246dayum(3),;23598.1,19594.3,19317.7,22174.7,0,0,0,0,1396.010892141596
241kaojr(3),241rfzbx(3),757ysfvc(3),246dayum(3),|241kaojr(3),246pdiul(3),241rfzbx(3),757ysfvc(3),246dayum(3),|241kaojr(3),246pdiul(3),241rfzbx(3),757ysfvc(3),246dayum(3),|241kaojr(3),241rfzbx(3),757ysfvc(3),246dayum(3),;23598.1,19594.3,19317.7,22174.7,0,0,0,0,1401.010892141596
241kaojr(3),241rfzbx(3),757ysfvc(3),246dayum(3),|241kaojr(3),246pdiul(3),241rfzbx(3),757ysfvc(3),246dayum(3),|241kaojr(3),246pdiul(3),241rfzbx(3),757ysfvc(3),246dayum(3),|241kaojr(3),241rfzbx(3),757ysfvc(3),246dayum(3),;23598.1,19594.3,19317.7,22174.7,0,0,0,0,1406.010892141596
241kaojr(3),241rfzbx(3),757ysfvc(3),246dayum(3),|241kaojr(3),246pdiul(3),241rfzbx(3),757ysfvc(3),246dayum(3),|241kaojr(3),246pdiul(3),241rfzbx(3),757ysfvc(3),246dayum(3),|241kaojr(3),241rfzbx(3),757ysfvc(3),246dayum(3),;23598.1,19594.3,19317.7,22174.7,0,0,0,0,1411.010892141596
241kaojr(3),241rfzbx(3),757ysfvc(3),246dayum(3),|241kaojr(3),246pdiul(3),241rfzbx(3),757ysfvc(3),246dayum(3),|241kaojr(3),246pdiul(3),241rfzbx(3),757ysfvc(3),246dayum(3),|241kaojr(3),241rfzbx(3),757ysfvc(3),246dayum(3),;23598.1,19594.3,19317.7,22174.7,0,0,0,0,1416.010892141596
241kaojr(3),241rfzbx(3),757ysfvc(3),246dayum(3),|241kaojr(3),246pdiul(3),241rfzbx(3),757ysfvc(3),246dayum(3),|241kaojr(3),246pdiul(3),241rfzbx(3),757ysfvc(3),246dayum(3),|241kaojr(3),241rfzbx(3),757ysfvc(3),246dayum(3),;23598.1,19594.3,19317.7,22174.7,0,0,0,0,1421.010892141596
241kaojr(3),241rfzbx(3),757ysfvc(3),246dayum(3),|241kaojr(3),246pdiul(3),241rfzbx(3),757ysfvc(3),246dayum(3),|241kaojr(3),246pdiul(3),241rfzbx(3),757ysfvc(3),246dayum(3),|241kaojr(3),241rfzbx(3),757ysfvc(3),246dayum(3),;23598.1,19594.3,19317.7,22174.7,0,0,0,0,1426.010892141596
241kaojr(3),241rfzbx(3),757ysfvc(3),246dayum(3),|241kaojr(3),246pdiul(3),241rfzbx(3),757ysfvc(3),246dayum(3),|241kaojr(3),246pdiul(3),241rfzbx(3),757ysfvc(3),246dayum(3),|241kaojr(3),241rfzbx(3),757ysfvc(3),246dayum(3),;23598.1,19594.3,19317.7,22174.7,0,0,0,0,1431.010892141596
241kaojr(3),241rfzbx(3),757ysfvc(3),246dayum(3),|241kaojr(3),246pdiul(3),241rfzbx(3),757ysfvc(3),246dayum(3),|241kaojr(3),246pdiul(3),241rfzbx(3),757ysfvc(3),246dayum(3),|241kaojr(3),241rfzbx(3),757ysfvc(3),246dayum(3),;23598.1,19594.3,19317.7,22174.7,0,0,0,0,1436.010892141596
241kaojr(3),241rfzbx(3),757ysfvc(3),246dayum(3),|241kaojr(3),246pdiul(3),241rfzbx(3),757ysfvc(3),246dayum(3),|241kaojr(3),246pdiul(3),241rfzbx(3),757ysfvc(3),246dayum(3),|241kaojr(3),241rfzbx(3),757ysfvc(3),246dayum(3),;23598.1,19594.3,19317.7,22174.7,0,0,0,0,1441.010892141596
241kaojr(3),241rfzbx(3),757ysfvc(3),246dayum(3),|241kaojr(3),246pdiul(3),241rfzbx(3),757ysfvc(3),246dayum(3),|241kaojr(3),246pdiul(3),241rfzbx(3),757ysfvc(3),246dayum(3),|241kaojr(3),241rfzbx(3),757ysfvc(3),246dayum(3),;23598.1,19594.3,19317.7,22174.7,0,0,0,0,1446.010892141596
241kaojr(3),241rfzbx(3),757ysfvc(3),246dayum(3),|241kaojr(3),246pdiul(3),241rfzbx(3),757ysfvc(3),246dayum(3),|241kaojr(3),246pdiul(3),241rfzbx(3),757ysfvc(3),246dayum(3),|241kaojr(3),241rfzbx(3),757ysfvc(3),246dayum(3),;23598.1,19594.3,19317.7,22174.7,0,0,0,0,1451.010892141596
241kaojr(3),241rfzbx(3),757ysfvc(3),246dayum(3),|241kaojr(3),246pdiul(3),241rfzbx(3),757ysfvc(3),246dayum(3),|241kaojr(3),246pdiul(3),241rfzbx(3),757ysfvc(3),246dayum(3),|241kaojr(3),241rfzbx(3),757ysfvc(3),246dayum(3),;23598.1,19594.3,19317.7,22174.7,0,0,0,0,1456.010892141596
241kaojr(3),241rfzbx(3),757ysfvc(3),246dayum(3),|241kaojr(3),246pdiul(3),241rfzbx(3),757ysfvc(3),246dayum(3),|241kaojr(3),246pdiul(3),241rfzbx(3),757ysfvc(3),246dayum(3),|241kaojr(3),241rfzbx(3),757ysfvc(3),246dayum(3),;23598.1,19594.3,19317.7,22174.7,0,0,0,0,1461.010892141596
241kaojr(3),241rfzbx(3),757ysfvc(3),246dayum(3),|241kaojr(3),246pdiul(3),241rfzbx(3),757ysfvc(3),246dayum(3),|241kaojr(3),246pdiul(3),241rfzbx(3),757ysfvc(3),246dayum(3),|241kaojr(3),241rfzbx(3),757ysfvc(3),246dayum(3),;23598.1,19594.3,19317.7,22174.7,0,0,0,0,1466.010892141596
241kaojr(3),241rfzbx(3),757ysfvc(3),246dayum(3),|241kaojr(3),246pdiul(3),241rfzbx(3),757ysfvc(3),246dayum(3),|241kaojr(3),246pdiul(3),241rfzbx(3),757ysfvc(3),246dayum(3),|241kaojr(3),241rfzbx(3),757ysfvc(3),246dayum(3),;23598.1,19594.3,19317.7,22174.7,0,0,0,0,1471.010892141596
241kaojr(3),241rfzbx(3),757ysfvc(3),246dayum(3),|241kaojr(3),246pdiul(3),241rfzbx(3),757ysfvc(3),246dayum(3),|241kaojr(3),246pdiul(3),241rfzbx(3),757ysfvc(3),246dayum(3),|241kaojr(3),241rfzbx(3),757ysfvc(3),246dayum(3),;23598.1,19594.3,19317.7,22174.7,0,0,0,0,1476.010892141596
241kaojr(3),241rfzbx(3),757ysfvc(3),246dayum(3),|241kaojr(3),246pdiul(3),241rfzbx(3),757ysfvc(3),246dayum(3),|241kaojr(3),246pdiul(3),241rfzbx(3),757ysfvc(3),246dayum(3),|241kaojr(3),241rfzbx(3),757ysfvc(3),246dayum(3),;23598.1,19594.3,19317.7,22174.7,0,0,0,0,1481.010892141596
241kaojr(3),241rfzbx(3),757ysfvc(3),246dayum(3),|241kaojr(3),246pdiul(3),241rfzbx(3),757ysfvc(3),246dayum(3),|241kaojr(3),246pdiul(3),241rfzbx(3),757ysfvc(3),246dayum(3),|241kaojr(3),241rfzbx(3),757ysfvc(3),246dayum(3),;23598.1,19594.3,19317.7,22174.7,0,0,0,0,1486.010892141596
241kaojr(3),241rfzbx(3),757ysfvc(3),246dayum(3),|241kaojr(3),246pdiul(3),241rfzbx(3),757ysfvc(3),246dayum(3),|241kaojr(3),246pdiul(3),241rfzbx(3),757ysfvc(3),246dayum(3),|241kaojr(3),241rfzbx(3),757ysfvc(3),246dayum(3),;23598.1,19594.3,19317.7,22174.7,0,0,0,0,1491.010892141596
241kaojr(3),241rfzbx(3),757ysfvc(3),246dayum(3),|241kaojr(3),246pdiul(3),241rfzbx(3),757ysfvc(3),246dayum(3),|241kaojr(3),246pdiul(3),241rfzbx(3),757ysfvc(3),246dayum(3),|241kaojr(3),241rfzbx(3),757ysfvc(3),246dayum(3),;23598.1,19594.3,19317.7,22174.7,0,0,0,0,1496.010892141596
241kaojr(3),241rfzbx(3),757ysfvc(3),246dayum(3),|241kaojr(3),246pdiul(3),241rfzbx(3),757ysfvc(3),246dayum(3),|241kaojr(3),246pdiul(3),241rfzbx(3),757ysfvc(3),246dayum(3),|241kaojr(3),241rfzbx(3),757ysfvc(3),246dayum(3),;23598.1,19594.3,19317.7,22174.7,0,0,0,0,1501.010892141596
241kaojr(3),241rfzbx(3),757ysfvc(3),246dayum(3),|241kaojr(3),246pdiul(3),241rfzbx(3),757ysfvc(3),246dayum(3),|241kaojr(3),246pdiul(3),241rfzbx(3),757ysfvc(3),246dayum(3),|241kaojr(3),241rfzbx(3),757ysfvc(3),246dayum(3),;23598.1,19594.3,19317.7,22174.7,0,0,0,0,1506.010892141596
241kaojr(3),241rfzbx(3),757ysfvc(3),246dayum(3),|241kaojr(3),246pdiul(3),241rfzbx(3),757ysfvc(3),246dayum(3),|241kaojr(3),246pdiul(3),241rfzbx(3),757ysfvc(3),246dayum(3),|241kaojr(3),241rfzbx(3),757ysfvc(3),246dayum(3),;23598.1,19594.3,19317.7,22174.7,0,0,0,0,1511.010892141596
241kaojr(3),241rfzbx(3),757ysfvc(3),246dayum(3),|241kaojr(3),246pdiul(3),241rfzbx(3),757ysfvc(3),246dayum(3),|241kaojr(3),246pdiul(3),241rfzbx(3),757ysfvc(3),246dayum(3),|241kaojr(3),241rfzbx(3),757ysfvc(3),246dayum(3),;23598.1,19594.3,19317.7,22174.7,0,0,0,0,1516.010892141596
241kaojr(3),241rfzbx(3),757ysfvc(3),246dayum(3),|241kaojr(3),246pdiul(3),241rfzbx(3),757ysfvc(3),246dayum(3),|241kaojr(3),246pdiul(3),241rfzbx(3),757ysfvc(3),246dayum(3),|241kaojr(3),241rfzbx(3),757ysfvc(3),246dayum(3),;23598.1,19594.3,19317.7,22174.7,0,0,0,0,1521.010892141596
241kaojr(3),241rfzbx(3),757ysfvc(3),246dayum(3),|241kaojr(3),246pdiul(3),241rfzbx(3),757ysfvc(3),246dayum(3),|241kaojr(3),246pdiul(3),241rfzbx(3),757ysfvc(3),246dayum(3),|241kaojr(3),241rfzbx(3),757ysfvc(3),246dayum(3),;23598.1,19594.3,19317.7,22174.7,0,0,0,0,1526.010892141596
241kaojr(3),241rfzbx(3),757ysfvc(3),246dayum(3),|241kaojr(3),246pdiul(3),241rfzbx(3),757ysfvc(3),246dayum(3),|241kaojr(3),246pdiul(3),241rfzbx(3),757ysfvc(3),246dayum(3),|241kaojr(3),241rfzbx(3),757ysfvc(3),246dayum(3),;23598.1,19594.3,19317.7,22174.7,0,0,0,0,1531.010892141596
241kaojr(3),241rfzbx(3),757ysfvc(3),246dayum(3),|241kaojr(3),246pdiul(3),241rfzbx(3),757ysfvc(3),246dayum(3),|241kaojr(3),246pdiul(3),241rfzbx(3),757ysfvc(3),246dayum(3),|241kaojr(3),241rfzbx(3),757ysfvc(3),246dayum(3),;23598.1,19594.3,19317.7,22174.7,0,0,0,0,1536.010892141596
241kaojr(3),241rfzbx(3),757ysfvc(3),246dayum(3),|241kaojr(3),246pdiul(3),241rfzbx(3),757ysfvc(3),246dayum(3),|241kaojr(3),246pdiul(3),241rfzbx(3),757ysfvc(3),246dayum(3),|241kaojr(3),241rfzbx(3),757ysfvc(3),246dayum(3),;23598.1,19594.3,19317.7,22174.7,0,0,0,0,1541.010892141596
241kaojr(3),241rfzbx(3),757ysfvc(3),246dayum(3),|241kaojr(3),246pdiul(3),241rfzbx(3),757ysfvc(3),246dayum(3),|241kaojr(3),246pdiul(3),241rfzbx(3),757ysfvc(3),246dayum(3),|241kaojr(3),241rfzbx(3),757ysfvc(3),246dayum(3),;23598.1,19594.3,19317.7,22174.7,0,0,0,0,1546.010892141596
241kaojr(3),241rfzbx(3),757ysfvc(3),246dayum(3),|241kaojr(3),246pdiul(3),241rfzbx(3),757ysfvc(3),246dayum(3),|241kaojr(3),246pdiul(3),241rfzbx(3),757ysfvc(3),246dayum(3),|241kaojr(3),241rfzbx(3),757ysfvc(3),246dayum(3),;23598.1,19594.3,19317.7,22174.7,0,0,0,0,1551.010892141596
241kaojr(3),241rfzbx(3),757ysfvc(3),246dayum(3),|241kaojr(3),246pdiul(3),241rfzbx(3),757ysfvc(3),246dayum(3),|241kaojr(3),246pdiul(3),241rfzbx(3),757ysfvc(3),246dayum(3),|241kaojr(3),241rfzbx(3),757ysfvc(3),246dayum(3),;23598.1,19594.3,19317.7,22174.7,0,0,0,0,1556.010892141596
241kaojr(3),241rfzbx(3),757ysfvc(3),246dayum(3),|241kaojr(3),246pdiul(3),241rfzbx(3),757ysfvc(3),246dayum(3),|241kaojr(3),246pdiul(3),241rfzbx(3),757ysfvc(3),246dayum(3),|241kaojr(3),241rfzbx(3),757ysfvc(3),246dayum(3),;23598.1,19594.3,19317.7,22174.7,0,0,0,0,1561.010892141596
241kaojr(3),241rfzbx(3),757ysfvc(3),246dayum(3),|241kaojr(3),246pdiul(3),241rfzbx(3),757ysfvc(3),246dayum(3),|241kaojr(3),246pdiul(3),241rfzbx(3),757ysfvc(3),246dayum(3),|241kaojr(3),241rfzbx(3),757ysfvc(3),246dayum(3),;23598.1,19594.3,19317.7,22174.7,0,0,0,0,1566.010892141596
241kaojr(3),241rfzbx(3),757ysfvc(3),246dayum(3),|241kaojr(3),246pdiul(3),241rfzbx(3),757ysfvc(3),246dayum(3),|241kaojr(3),246pdiul(3),241rfzbx(3),757ysfvc(3),246dayum(3),|241kaojr(3),241rfzbx(3),757ysfvc(3),246dayum(3),;23598.1,19594.3,19317.7,22174.7,0,0,0,0,1571.010892141596
241kaojr(3),241rfzbx(3),757ysfvc(3),246dayum(3),|241kaojr(3),246pdiul(3),241rfzbx(3),757ysfvc(3),246dayum(3),|241kaojr(3),246pdiul(3),241rfzbx(3),757ysfvc(3),246dayum(3),|241kaojr(3),241rfzbx(3),757ysfvc(3),246dayum(3),;23598.1,19594.3,19317.7,22174.7,0,0,0,0,1576.010892141596
241kaojr(3),241rfzbx(3),757ysfvc(3),246dayum(3),|241kaojr(3),246pdiul(3),241rfzbx(3),757ysfvc(3),246dayum(3),|241kaojr(3),246pdiul(3),241rfzbx(3),757ysfvc(3),246dayum(3),|241kaojr(3),241rfzbx(3),757ysfvc(3),246dayum(3),;23598.1,19594.3,19317.7,22174.7,0,0,0,0,1581.010892141596
241kaojr(3),241rfzbx(3),757ysfvc(3),246dayum(3),|241kaojr(3),246pdiul(3),241rfzbx(3),757ysfvc(3),246dayum(3),|241kaojr(3),246pdiul(3),241rfzbx(3),757ysfvc(3),246dayum(3),|241kaojr(3),241rfzbx(3),757ysfvc(3),246dayum(3),;23598.1,19594.3,19317.7,22174.7,0,0,0,0,1586.010892141596
241kaojr(3),241rfzbx(3),757ysfvc(3),246dayum(3),|241kaojr(3),246pdiul(3),241rfzbx(3),757ysfvc(3),246dayum(3),|241kaojr(3),246pdiul(3),241rfzbx(3),757ysfvc(3),246dayum(3),|241kaojr(3),241rfzbx(3),757ysfvc(3),246dayum(3),;23598.1,19594.3,19317.7,22174.7,0,0,0,0,1591.010892141596
241kaojr(3),241rfzbx(3),757ysfvc(3),246dayum(3),|241kaojr(3),246pdiul(3),241rfzbx(3),757ysfvc(3),246dayum(3),|241kaojr(3),246pdiul(3),241rfzbx(3),757ysfvc(3),246dayum(3),|241kaojr(3),241rfzbx(3),757ysfvc(3),246dayum(3),;23598.1,19594.3,19317.7,22174.7,0,0,0,0,1596.010892141596
241kaojr(3),241rfzbx(3),757ysfvc(3),246dayum(3),|241kaojr(3),246pdiul(3),241rfzbx(3),757ysfvc(3),246dayum(3),|241kaojr(3),246pdiul(3),241rfzbx(3),757ysfvc(3),246dayum(3),|241kaojr(3),241rfzbx(3),757ysfvc(3),246dayum(3),;23598.1,19594.3,19317.7,22174.7,0,0,0,0,1601.010892141596
241kaojr(3),241rfzbx(3),757ysfvc(3),246dayum(3),|241kaojr(3),246pdiul(3),241rfzbx(3),757ysfvc(3),246dayum(3),|241kaojr(3),246pdiul(3),241rfzbx(3),757ysfvc(3),246dayum(3),|241kaojr(3),241rfzbx(3),757ysfvc(3),246dayum(3),;23598.1,19594.3,19317.7,22174.7,0,0,0,0,1606.010892141596
241kaojr(3),241rfzbx(3),757ysfvc(3),246dayum(3),|241kaojr(3),246pdiul(3),241rfzbx(3),757ysfvc(3),246dayum(3),59nmvsr(2),|241kaojr(3),246pdiul(3),241rfzbx(3),757ysfvc(3),246dayum(3),|241kaojr(3),241rfzbx(3),757ysfvc(3),246dayum(3),59nmvsr(0),;23598.1,18887.7,19317.7,19348.5,0,5.4791295994,0,23.165788395517,1611.010892141596
241kaojr(3),241rfzbx(3),757ysfvc(3),246dayum(3),|241kaojr(3),246pdiul(3),241rfzbx(3),757ysfvc(3),246dayum(3),59nmvsr(2),|241kaojr(3),246pdiul(3),241rfzbx(3),757ysfvc(3),246dayum(3),|241kaojr(3),241rfzbx(3),757ysfvc(3),246dayum(3),59nmvsr(2),;23598.1,18887.7,19317.7,19348.5,0,0.4791295994,0,18.165788395517,1616.010892141596
241kaojr(3),241rfzbx(3),757ysfvc(3),246dayum(3),|241kaojr(3),246pdiul(3),241rfzbx(3),757ysfvc(3),246dayum(3),59nmvsr(3),|241kaojr(3),246pdiul(3),241rfzbx(3),757ysfvc(3),246dayum(3),|241kaojr(3),241rfzbx(3),757ysfvc(3),246dayum(3),59nmvsr(2),;23598.1,18887.7,19317.7,19348.5,0,0,0,13.165788395517,1621.010892141596
241kaojr(3),241rfzbx(3),757ysfvc(3),246dayum(3),|241kaojr(3),246pdiul(3),241rfzbx(3),757ysfvc(3),246dayum(3),59nmvsr(3),|241kaojr(3),246pdiul(3),241rfzbx(3),757ysfvc(3),246dayum(3),|241kaojr(3),241rfzbx(3),757ysfvc(3),246dayum(3),59nmvsr(2),;23598.1,18887.7,19317.7,19348.5,0,0,0,8.165788395517,1626.010892141596
241kaojr(3),241rfzbx(3),757ysfvc(3),246dayum(3),|241kaojr(3),246pdiul(3),241rfzbx(3),757ysfvc(3),246dayum(3),59nmvsr(3),|241kaojr(3),246pdiul(3),241rfzbx(3),757ysfvc(3),246dayum(3),|241kaojr(3),241rfzbx(3),757ysfvc(3),246dayum(3),59nmvsr(2),;23598.1,18887.7,19317.7,19348.5,0,0,0,3.165788395517,1631.010892141596
241kaojr(3),241rfzbx(3),757ysfvc(3),246dayum(3),|241kaojr(3),246pdiul(3),241rfzbx(3),757ysfvc(3),246dayum(3),59nmvsr(3),|241kaojr(3),246pdiul(3),241rfzbx(3),757ysfvc(3),246dayum(3),|241kaojr(3),241rfzbx(3),757ysfvc(3),246dayum(3),59nmvsr(3),;23598.1,18887.7,19317.7,19348.5,0,0,0,0,1636.010892141596
241kaojr(3),241rfzbx(3),757ysfvc(3),246dayum(3),|241kaojr(3),246pdiul(3),241rfzbx(3),757ysfvc(3),246dayum(3),59nmvsr(3),|241kaojr(3),246pdiul(3),241rfzbx(3),757ysfvc(3),246dayum(3),|241kaojr(3),241rfzbx(3),757ysfvc(3),246dayum(3),59nmvsr(3),;23598.1,18887.7,19317.7,19348.5,0,0,0,0,1641.010892141596
241kaojr(3),241rfzbx(3),757ysfvc(3),246dayum(3),|241kaojr(3),246pdiul(3),241rfzbx(3),757ysfvc(3),246dayum(3),59nmvsr(3),|241kaojr(3),246pdiul(3),241rfzbx(3),757ysfvc(3),246dayum(3),|241kaojr(3),241rfzbx(3),757ysfvc(3),246dayum(3),59nmvsr(3),;23598.1,18887.7,19317.7,19348.5,0,0,0,0,1646.010892141596
241kaojr(3),241rfzbx(3),757ysfvc(3),246dayum(3),|241kaojr(3),246pdiul(3),241rfzbx(3),757ysfvc(3),246dayum(3),59nmvsr(3),|241kaojr(3),246pdiul(3),241rfzbx(3),757ysfvc(3),246dayum(3),|241kaojr(3),241rfzbx(3),757ysfvc(3),246dayum(3),59nmvsr(3),;23598.1,18887.7,19317.7,19348.5,0,0,0,0,1651.010892141596
241kaojr(3),241rfzbx(3),757ysfvc(3),246dayum(3),|241kaojr(3),246pdiul(3),241rfzbx(3),757ysfvc(3),246dayum(3),59nmvsr(3),|241kaojr(3),246pdiul(3),241rfzbx(3),757ysfvc(3),246dayum(3),|241kaojr(3),241rfzbx(3),757ysfvc(3),246dayum(3),59nmvsr(3),;23598.1,18887.7,19317.7,19348.5,0,0,0,0,1656.010892141596
241kaojr(3),241rfzbx(3),757ysfvc(3),246dayum(3),|241kaojr(3),246pdiul(3),241rfzbx(3),757ysfvc(3),246dayum(3),59nmvsr(3),|241kaojr(3),246pdiul(3),241rfzbx(3),757ysfvc(3),246dayum(3),|241kaojr(3),241rfzbx(3),757ysfvc(3),246dayum(3),59nmvsr(3),;23598.1,18887.7,19317.7,19348.5,0,0,0,0,1661.010892141596
241kaojr(3),241rfzbx(3),757ysfvc(3),246dayum(3),|241kaojr(3),241rfzbx(3),757ysfvc(3),246dayum(3),59nmvsr(3),|241kaojr(3),241rfzbx(3),757ysfvc(3),246dayum(3),|241kaojr(3),241rfzbx(3),757ysfvc(3),246dayum(3),59nmvsr(3),;23598.1,22318.1,22748.1,19348.5,0,0,0,0,1666.010892141596
241kaojr(3),241rfzbx(3),757ysfvc(3),246dayum(3),|241kaojr(3),241rfzbx(3),757ysfvc(3),246dayum(3),59nmvsr(3),|241kaojr(3),241rfzbx(3),757ysfvc(3),246dayum(3),|241kaojr(3),241rfzbx(3),757ysfvc(3),246dayum(3),59nmvsr(3),;23598.1,22318.1,22748.1,19348.5,0,0,0,0,1671.010892141596
241kaojr(3),241rfzbx(3),757ysfvc(3),246dayum(3),|241kaojr(3),241rfzbx(3),757ysfvc(3),246dayum(3),59nmvsr(3),|241kaojr(3),241rfzbx(3),757ysfvc(3),246dayum(3),|241kaojr(3),241rfzbx(3),757ysfvc(3),246dayum(3),59nmvsr(3),;23598.1,22318.1,22748.1,19348.5,0,0,0,0,1676.010892141596
241kaojr(3),241rfzbx(3),757ysfvc(3),246dayum(3),|241kaojr(3),241rfzbx(3),757ysfvc(3),246dayum(3),59nmvsr(3),|241kaojr(3),241rfzbx(3),757ysfvc(3),246dayum(3),|241kaojr(3),241rfzbx(3),757ysfvc(3),246dayum(3),59nmvsr(3),;23598.1,22318.1,22748.1,19348.5,0,0,0,0,1681.010892141596
241kaojr(3),241rfzbx(3),757ysfvc(3),246dayum(3),429jqswo(0),|241kaojr(3),241rfzbx(3),757ysfvc(3),246dayum(3),59nmvsr(3),429jqswo(0),|241kaojr(3),241rfzbx(3),757ysfvc(3),246dayum(3),429jqswo(0),|241kaojr(3),241rfzbx(3),757ysfvc(3),246dayum(3),59nmvsr(3),429jqswo(0),;21063.7,20628.5,20213.7,17658.9,22.623111869845,15.684081190233,22.623111869845,15.684081190233,1686.010892141596
241kaojr(3),241rfzbx(3),757ysfvc(3),246dayum(3),429jqswo(2),|241kaojr(3),241rfzbx(3),757ysfvc(3),246dayum(3),59nmvsr(3),429jqswo(2),|241kaojr(3),241rfzbx(3),757ysfvc(3),246dayum(3),429jqswo(2),|241kaojr(3),241rfzbx(3),757ysfvc(3),246dayum(3),59nmvsr(3),429jqswo(2),;21063.7,20628.5,20213.7,17658.9,17.623111869845,10.684081190233,17.623111869845,10.684081190233,1691.010892141596
241kaojr(3),241rfzbx(3),757ysfvc(3),246dayum(3),429jqswo(2),|241kaojr(3),241rfzbx(3),757ysfvc(3),246dayum(3),59nmvsr(3),429jqswo(2),|241kaojr(3),241rfzbx(3),757ysfvc(3),246dayum(3),429jqswo(2),|241kaojr(3),241rfzbx(3),757ysfvc(3),246dayum(3),59nmvsr(3),429jqswo(2),;21063.7,20628.5,20213.7,17658.9,12.623111869845,5.684081190233,12.623111869845,5.684081190233,1696.010892141596
241kaojr(3),241rfzbx(3),757ysfvc(3),246dayum(3),429jqswo(2),|241kaojr(3),241rfzbx(3),757ysfvc(3),246dayum(3),59nmvsr(3),429jqswo(2),|241kaojr(3),241rfzbx(3),757ysfvc(3),246dayum(3),429jqswo(2),|241kaojr(3),241rfzbx(3),757ysfvc(3),246dayum(3),59nmvsr(3),429jqswo(2),;21063.7,20628.5,20213.7,17658.9,7.623111869845,0.684081190233,7.623111869845,0.684081190233,1701.010892141596
241kaojr(3),241rfzbx(3),757ysfvc(3),246dayum(3),429jqswo(2),|241kaojr(3),241rfzbx(3),757ysfvc(3),246dayum(3),59nmvsr(3),429jqswo(3),|241kaojr(3),241rfzbx(3),757ysfvc(3),246dayum(3),429jqswo(2),|241kaojr(3),241rfzbx(3),757ysfvc(3),246dayum(3),59nmvsr(3),429jqswo(3),;21063.7,20628.5,20213.7,17658.9,2.623111869845,0,2.623111869845,0,1706.010892141596
241kaojr(3),241rfzbx(3),757ysfvc(3),246dayum(3),429jqswo(3),|241kaojr(3),241rfzbx(3),757ysfvc(3),246dayum(3),59nmvsr(3),429jqswo(3),|241kaojr(3),241rfzbx(3),757ysfvc(3),246dayum(3),429jqswo(3),|241kaojr(3),241rfzbx(3),757ysfvc(3),246dayum(3),59nmvsr(3),429jqswo(3),;21063.7,20628.5,20213.7,17658.9,0,0,0,0,1711.010892141596
241kaojr(3),241rfzbx(3),757ysfvc(3),246dayum(3),429jqswo(3),|241kaojr(3),241rfzbx(3),757ysfvc(3),246dayum(3),59nmvsr(3),429jqswo(3),|241kaojr(3),241rfzbx(3),757ysfvc(3),246dayum(3),429jqswo(3),|241kaojr(3),241rfzbx(3),757ysfvc(3),246dayum(3),59nmvsr(3),429jqswo(3),;21063.7,20628.5,20213.7,17658.9,0,0,0,0,1716.010892141596
241kaojr(3),241rfzbx(3),757ysfvc(3),246dayum(3),429jqswo(3),|241kaojr(3),241rfzbx(3),757ysfvc(3),246dayum(3),59nmvsr(3),429jqswo(3),|241kaojr(3),241rfzbx(3),757ysfvc(3),246dayum(3),429jqswo(3),|241kaojr(3),241rfzbx(3),757ysfvc(3),246dayum(3),59nmvsr(3),429jqswo(3),;21063.7,20628.5,20213.7,17658.9,0,0,0,0,1721.010892141596
241kaojr(3),241rfzbx(3),757ysfvc(3),246dayum(3),429jqswo(3),|241kaojr(3),241rfzbx(3),757ysfvc(3),246dayum(3),59nmvsr(3),429jqswo(3),|241kaojr(3),241rfzbx(3),757ysfvc(3),246dayum(3),429jqswo(3),|241kaojr(3),241rfzbx(3),757ysfvc(3),246dayum(3),59nmvsr(3),429jqswo(3),;21063.7,20628.5,20213.7,17658.9,0,0,0,0,1726.010892141596
241kaojr(3),241rfzbx(3),757ysfvc(3),246dayum(3),429jqswo(3),|241kaojr(3),241rfzbx(3),757ysfvc(3),246dayum(3),59nmvsr(3),429jqswo(3),|241kaojr(3),241rfzbx(3),757ysfvc(3),246dayum(3),429jqswo(3),|241kaojr(3),241rfzbx(3),757ysfvc(3),246dayum(3),59nmvsr(3),429jqswo(3),;21063.7,20628.5,20213.7,17658.9,0,0,0,0,1731.010892141596
241kaojr(3),241rfzbx(3),757ysfvc(3),246dayum(3),429jqswo(3),|241kaojr(3),241rfzbx(3),757ysfvc(3),246dayum(3),59nmvsr(3),429jqswo(3),|241kaojr(3),241rfzbx(3),757ysfvc(3),246dayum(3),429jqswo(3),|241kaojr(3),241rfzbx(3),757ysfvc(3),246dayum(3),59nmvsr(3),429jqswo(3),;21063.7,20628.5,20213.7,17658.9,0,0,0,0,1736.010892141596
241kaojr(3),241rfzbx(3),757ysfvc(3),246dayum(3),429jqswo(3),|241kaojr(3),241rfzbx(3),757ysfvc(3),246dayum(3),59nmvsr(3),429jqswo(3),|241kaojr(3),241rfzbx(3),757ysfvc(3),246dayum(3),429jqswo(3),|241kaojr(3),241rfzbx(3),757ysfvc(3),246dayum(3),59nmvsr(3),429jqswo(3),;21063.7,20628.5,20213.7,17658.9,0,0,0,0,1741.010892141596
241kaojr(3),241rfzbx(3),757ysfvc(3),246dayum(3),429jqswo(3),|241kaojr(3),241rfzbx(3),757ysfvc(3),246dayum(3),59nmvsr(3),429jqswo(3),|241kaojr(3),241rfzbx(3),757ysfvc(3),246dayum(3),429jqswo(3),|241kaojr(3),241rfzbx(3),757ysfvc(3),246dayum(3),59nmvsr(3),429jqswo(3),;21063.7,20628.5,20213.7,17658.9,0,0,0,0,1746.010892141596
241kaojr(3),241rfzbx(3),757ysfvc(3),246dayum(3),429jqswo(3),|241kaojr(3),241rfzbx(3),757ysfvc(3),246dayum(3),59nmvsr(3),429jqswo(3),|241kaojr(3),241rfzbx(3),757ysfvc(3),246dayum(3),429jqswo(3),|241kaojr(3),241rfzbx(3),757ysfvc(3),246dayum(3),59nmvsr(3),429jqswo(3),;21063.7,20628.5,20213.7,17658.9,0,0,0,0,1751.010892141596
757ysfvc(3),246dayum(3),429jqswo(3),|757ysfvc(3),246dayum(3),59nmvsr(3),429jqswo(3),|757ysfvc(3),246dayum(3),429jqswo(3),|757ysfvc(3),246dayum(3),59nmvsr(3),429jqswo(3),;24678.4,24243.2,25635.8,23081,0,0,0,0,1756.010892141596
757ysfvc(3),246dayum(3),429jqswo(3),|757ysfvc(3),246dayum(3),59nmvsr(3),429jqswo(3),|757ysfvc(3),246dayum(3),429jqswo(3),|757ysfvc(3),246dayum(3),59nmvsr(3),429jqswo(3),;24678.4,24243.2,25635.8,23081,0,0,0,0,1761.010892141596
757ysfvc(3),246dayum(3),429jqswo(3),|757ysfvc(3),246dayum(3),59nmvsr(3),429jqswo(3),|757ysfvc(3),246dayum(3),429jqswo(3),|757ysfvc(3),246dayum(3),59nmvsr(3),429jqswo(3),;24678.4,24243.2,25635.8,23081,0,0,0,0,1766.010892141596
757ysfvc(3),246dayum(3),429jqswo(3),|757ysfvc(3),246dayum(3),59nmvsr(3),429jqswo(3),|757ysfvc(3),246dayum(3),429jqswo(3),|757ysfvc(3),246dayum(3),59nmvsr(3),429jqswo(3),;24678.4,24243.2,25635.8,23081,0,0,0,0,1771.010892141596
757ysfvc(3),246dayum(3),429jqswo(3),|757ysfvc(3),246dayum(3),59nmvsr(3),429jqswo(3),|757ysfvc(3),246dayum(3),429jqswo(3),|757ysfvc(3),246dayum(3),59nmvsr(3),429jqswo(3),;24678.4,24243.2,25635.8,23081,0,0,0,0,1776.010892141596
757ysfvc(3),429jqswo(3),|757ysfvc(3),59nmvsr(3),429jqswo(3),|757ysfvc(3),429jqswo(3),|757ysfvc(3),59nmvsr(3),429jqswo(3),;27550.7,27115.5,27550.7,24995.9,0,0,0,0,1781.010892141596
757ysfvc(3),429jqswo(3),|757ysfvc(3),59nmvsr(3),429jqswo(3),|757ysfvc(3),429jqswo(3),|757ysfvc(3),59nmvsr(3),429jqswo(3),;27550.7,27115.5,27550.7,24995.9,0,0,0,0,1786.010892141596
757ysfvc(3),429jqswo(3),|757ysfvc(3),59nmvsr(3),429jqswo(3),|757ysfvc(3),429jqswo(3),|757ysfvc(3),59nmvsr(3),429jqswo(3),;27550.7,27115.5,27550.7,24995.9,0,0,0,0,1791.010892141596
757ysfvc(3),429jqswo(3),|757ysfvc(3),59nmvsr(3),429jqswo(3),|757ysfvc(3),429jqswo(3),|757ysfvc(3),59nmvsr(3),429jqswo(3),;27550.7,27115.5,27550.7,24995.9,0,0,0,0,1796.010892141596
757ysfvc(3),429jqswo(3),|757ysfvc(3),59nmvsr(3),429jqswo(3),|757ysfvc(3),429jqswo(3),|757ysfvc(3),59nmvsr(3),429jqswo(3),;27550.7,27115.5,27550.7,24995.9,0,0,0,0,1801.010892141596
757ysfvc(3),429jqswo(3),|757ysfvc(3),59nmvsr(3),429jqswo(3),|757ysfvc(3),429jqswo(3),|757ysfvc(3),59nmvsr(3),429jqswo(3),;27550.7,27115.5,27550.7,24995.9,0,0,0,0,1806.010892141596
757ysfvc(3),429jqswo(3),|757ysfvc(3),59nmvsr(3),429jqswo(3),|757ysfvc(3),429jqswo(3),|757ysfvc(3),59nmvsr(3),429jqswo(3),;27550.7,27115.5,27550.7,24995.9,0,0,0,0,1811.010892141596
757ysfvc(3),429jqswo(3),|757ysfvc(3),59nmvsr(3),429jqswo(3),|757ysfvc(3),429jqswo(3),|757ysfvc(3),59nmvsr(3),429jqswo(3),;27550.7,27115.5,27550.7,24995.9,0,0,0,0,1816.010892141596
757ysfvc(3),429jqswo(3),|757ysfvc(3),59nmvsr(3),429jqswo(3),|757ysfvc(3),429jqswo(3),|757ysfvc(3),59nmvsr(3),429jqswo(3),;27550.7,27115.5,27550.7,24995.9,0,0,0,0,1821.010892141596
757ysfvc(3),429jqswo(3),|757ysfvc(3),59nmvsr(3),429jqswo(3),|757ysfvc(3),429jqswo(3),|757ysfvc(3),59nmvsr(3),429jqswo(3),;27550.7,27115.5,27550.7,24995.9,0,0,0,0,1826.010892141596
757ysfvc(3),429jqswo(3),|757ysfvc(3),59nmvsr(3),429jqswo(3),|757ysfvc(3),429jqswo(3),|757ysfvc(3),59nmvsr(3),429jqswo(3),;27550.7,27115.5,27550.7,24995.9,0,0,0,0,1831.010892141596
757ysfvc(3),429jqswo(3),|757ysfvc(3),59nmvsr(3),429jqswo(3),|757ysfvc(3),429jqswo(3),|757ysfvc(3),59nmvsr(3),429jqswo(3),;27550.7,27115.5,27550.7,24995.9,0,0,0,0,1836.010892141596
757ysfvc(3),429jqswo(3),|757ysfvc(3),59nmvsr(3),429jqswo(3),|757ysfvc(3),429jqswo(3),|757ysfvc(3),59nmvsr(3),429jqswo(3),;27550.7,27115.5,27550.7,24995.9,0,0,0,0,1841.010892141596
757ysfvc(3),429jqswo(3),|757ysfvc(3),59nmvsr(3),429jqswo(3),|757ysfvc(3),429jqswo(3),|757ysfvc(3),59nmvsr(3),429jqswo(3),;27550.7,27115.5,27550.7,24995.9,0,0,0,0,1846.010892141596
757ysfvc(3),429jqswo(3),|757ysfvc(3),59nmvsr(3),429jqswo(3),|757ysfvc(3),429jqswo(3),|757ysfvc(3),59nmvsr(3),429jqswo(3),;27550.7,27115.5,27550.7,24995.9,0,0,0,0,1851.010892141596
757ysfvc(3),429jqswo(3),|757ysfvc(3),59nmvsr(3),429jqswo(3),|757ysfvc(3),429jqswo(3),|757ysfvc(3),59nmvsr(3),429jqswo(3),;27550.7,27115.5,27550.7,24995.9,0,0,0,0,1856.010892141596
757ysfvc(3),429jqswo(3),|757ysfvc(3),59nmvsr(3),429jqswo(3),|757ysfvc(3),429jqswo(3),|757ysfvc(3),59nmvsr(3),429jqswo(3),;27550.7,27115.5,27550.7,24995.9,0,0,0,0,1861.010892141596
757ysfvc(3),429jqswo(3),|757ysfvc(3),59nmvsr(3),429jqswo(3),|757ysfvc(3),429jqswo(3),|757ysfvc(3),59nmvsr(3),429jqswo(3),;27550.7,27115.5,27550.7,24995.9,0,0,0,0,1866.010892141596
757ysfvc(3),429jqswo(3),|757ysfvc(3),59nmvsr(3),429jqswo(3),|757ysfvc(3),429jqswo(3),|757ysfvc(3),59nmvsr(3),429jqswo(3),;27550.7,27115.5,27550.7,24995.9,0,0,0,0,1871.010892141596
757ysfvc(3),429jqswo(3),|757ysfvc(3),59nmvsr(3),429jqswo(3),|757ysfvc(3),429jqswo(3),|757ysfvc(3),59nmvsr(3),429jqswo(3),;27550.7,27115.5,27550.7,24995.9,0,0,0,0,1876.010892141596
757ysfvc(3),429jqswo(3),|757ysfvc(3),59nmvsr(3),429jqswo(3),|757ysfvc(3),429jqswo(3),|757ysfvc(3),59nmvsr(3),429jqswo(3),;27550.7,27115.5,27550.7,24995.9,0,0,0,0,1881.010892141596
757ysfvc(3),429jqswo(3),|757ysfvc(3),59nmvsr(3),429jqswo(3),|757ysfvc(3),429jqswo(3),|757ysfvc(3),59nmvsr(3),429jqswo(3),;27550.7,27115.5,27550.7,24995.9,0,0,0,0,1886.010892141596
757ysfvc(3),429jqswo(3),|757ysfvc(3),59nmvsr(3),429jqswo(3),|757ysfvc(3),429jqswo(3),|757ysfvc(3),59nmvsr(3),429jqswo(3),;27550.7,27115.5,27550.7,24995.9,0,0,0,0,1891.010892141596
757ysfvc(3),429jqswo(3),|757ysfvc(3),59nmvsr(3),429jqswo(3),|757ysfvc(3),429jqswo(3),|757ysfvc(3),59nmvsr(3),429jqswo(3),;27550.7,27115.5,27550.7,24995.9,0,0,0,0,1896.010892141596
757ysfvc(3),429jqswo(3),|757ysfvc(3),59nmvsr(3),429jqswo(3),|757ysfvc(3),429jqswo(3),|757ysfvc(3),59nmvsr(3),429jqswo(3),;27550.7,27115.5,27550.7,24995.9,0,0,0,0,1901.010892141596
757ysfvc(3),429jqswo(3),|757ysfvc(3),59nmvsr(3),429jqswo(3),|757ysfvc(3),429jqswo(3),|757ysfvc(3),59nmvsr(3),429jqswo(3),;27550.7,27115.5,27550.7,24995.9,0,0,0,0,1906.010892141596
757ysfvc(3),429jqswo(3),|757ysfvc(3),59nmvsr(3),429jqswo(3),|757ysfvc(3),429jqswo(3),|757ysfvc(3),59nmvsr(3),429jqswo(3),;27550.7,27115.5,27550.7,24995.9,0,0,0,0,1911.010892141596
757ysfvc(3),429jqswo(3),|757ysfvc(3),59nmvsr(3),429jqswo(3),|757ysfvc(3),429jqswo(3),|757ysfvc(3),59nmvsr(3),429jqswo(3),;27550.7,27115.5,27550.7,24995.9,0,0,0,0,1916.010892141596
757ysfvc(3),429jqswo(3),|757ysfvc(3),59nmvsr(3),429jqswo(3),|757ysfvc(3),429jqswo(3),|757ysfvc(3),59nmvsr(3),429jqswo(3),;27550.7,27115.5,27550.7,24995.9,0,0,0,0,1921.010892141596
757ysfvc(3),429jqswo(3),|757ysfvc(3),59nmvsr(3),429jqswo(3),|757ysfvc(3),429jqswo(3),|757ysfvc(3),59nmvsr(3),429jqswo(3),;27550.7,27115.5,27550.7,24995.9,0,0,0,0,1926.010892141596
757ysfvc(3),429jqswo(3),|757ysfvc(3),59nmvsr(3),429jqswo(3),|757ysfvc(3),429jqswo(3),|757ysfvc(3),59nmvsr(3),429jqswo(3),;27550.7,27115.5,27550.7,24995.9,0,0,0,0,1931.010892141596
757ysfvc(3),429jqswo(3),|757ysfvc(3),59nmvsr(3),429jqswo(3),|757ysfvc(3),429jqswo(3),|757ysfvc(3),59nmvsr(3),429jqswo(3),;27550.7,27115.5,27550.7,24995.9,0,0,0,0,1936.010892141596
757ysfvc(3),429jqswo(3),|757ysfvc(3),59nmvsr(3),429jqswo(3),|757ysfvc(3),429jqswo(3),|757ysfvc(3),59nmvsr(3),429jqswo(3),;27550.7,27115.5,27550.7,24995.9,0,0,0,0,1941.010892141596
757ysfvc(3),429jqswo(3),|757ysfvc(3),59nmvsr(3),429jqswo(3),|757ysfvc(3),429jqswo(3),|757ysfvc(3),59nmvsr(3),429jqswo(3),;27550.7,27115.5,27550.7,24995.9,0,0,0,0,1946.010892141596
757ysfvc(3),429jqswo(3),|757ysfvc(3),59nmvsr(3),429jqswo(3),|757ysfvc(3),429jqswo(3),|757ysfvc(3),59nmvsr(3),429jqswo(3),;27550.7,27115.5,27550.7,24995.9,0,0,0,0,1951.010892141596
757ysfvc(3),429jqswo(3),|757ysfvc(3),59nmvsr(3),429jqswo(3),|757ysfvc(3),429jqswo(3),|757ysfvc(3),59nmvsr(3),429jqswo(3),;27550.7,27115.5,27550.7,24995.9,0,0,0,0,1956.010892141596
757ysfvc(3),429jqswo(3),|757ysfvc(3),59nmvsr(3),429jqswo(3),|757ysfvc(3),429jqswo(3),|757ysfvc(3),59nmvsr(3),429jqswo(3),;27550.7,27115.5,27550.7,24995.9,0,0,0,0,1961.010892141596
757ysfvc(3),429jqswo(3),|757ysfvc(3),59nmvsr(3),429jqswo(3),|757ysfvc(3),429jqswo(3),|757ysfvc(3),59nmvsr(3),429jqswo(3),;27550.7,27115.5,27550.7,24995.9,0,0,0,0,1966.010892141596
757ysfvc(3),429jqswo(3),|757ysfvc(3),59nmvsr(3),429jqswo(3),|757ysfvc(3),429jqswo(3),|757ysfvc(3),59nmvsr(3),429jqswo(3),;27550.7,27115.5,27550.7,24995.9,0,0,0,0,1971.010892141596
757ysfvc(3),429jqswo(3),|757ysfvc(3),59nmvsr(3),429jqswo(3),|757ysfvc(3),429jqswo(3),|757ysfvc(3),59nmvsr(3),429jqswo(3),434lgisx(0),;27550.7,27115.5,27550.7,24023.1,0,0,0,11.950690743883,1976.010892141596
757ysfvc(3),429jqswo(3),|757ysfvc(3),59nmvsr(3),429jqswo(3),|757ysfvc(3),429jqswo(3),|757ysfvc(3),59nmvsr(3),429jqswo(3),434lgisx(2),;27550.7,27115.5,27550.7,24023.1,0,0,0,6.950690743883,1981.010892141596
757ysfvc(3),429jqswo(3),|757ysfvc(3),59nmvsr(3),429jqswo(3),|757ysfvc(3),429jqswo(3),|757ysfvc(3),59nmvsr(3),429jqswo(3),434lgisx(2),;27550.7,27115.5,27550.7,24023.1,0,0,0,1.950690743883,1986.010892141596
757ysfvc(3),429jqswo(3),|757ysfvc(3),59nmvsr(3),429jqswo(3),|757ysfvc(3),429jqswo(3),|757ysfvc(3),59nmvsr(3),429jqswo(3),434lgisx(3),;27550.7,27115.5,27550.7,24023.1,0,0,0,0,1991.010892141596
757ysfvc(3),429jqswo(3),|757ysfvc(3),59nmvsr(3),429jqswo(3),|757ysfvc(3),429jqswo(3),|757ysfvc(3),59nmvsr(3),429jqswo(3),434lgisx(3),;27550.7,27115.5,27550.7,24023.1,0,0,0,0,1996.010892141596
