|||;27750,27750,27750,27750,0,0,0,0,1.03574007303
|||;27750,27750,27750,27750,0,0,0,0,6.03574007303
|||;27750,27750,27750,27750,0,0,0,0,11.03574007303
|||;27750,27750,27750,27750,0,0,0,0,16.03574007303
|||;27750,27750,27750,27750,0,0,0,0,21.03574007303
|||;27750,27750,27750,27750,0,0,0,0,26.03574007303
|||;27750,27750,27750,27750,0,0,0,0,31.03574007303
|||;27750,27750,27750,27750,0,0,0,0,36.03574007303
|||;27750,27750,27750,27750,0,0,0,0,41.03574007303
|||;27750,27750,27750,27750,0,0,0,0,46.03574007303
|||;27750,27750,27750,27750,0,0,0,0,51.03574007303
|||;27750,27750,27750,27750,0,0,0,0,56.03574007303
|||;27750,27750,27750,27750,0,0,0,0,61.03574007303
|||;27750,27750,27750,27750,0,0,0,0,66.03574007303
|||;27750,27750,27750,27750,0,0,0,0,71.03574007303
|||;27750,27750,27750,27750,0,0,0,0,76.03574007303
|||;27750,27750,27750,27750,0,0,0,0,81.03574007303
183tyeam(2),|183tyeam(2),|183tyeam(2),|;27104.9,25169.5,24524.4,27750,2.633042873712,14.716736246846,18.744634037891,0,86.03574007303
|183tyeam(2),|183tyeam(2),|;27750,25169.5,24524.4,27750,0,9.716736246846,13.744634037891,0,91.03574007303
|183tyeam(2),|183tyeam(2),|;27750,25169.5,24524.4,27750,0,4.716736246846,8.744634037891,0,96.03574007303
113mdelx(2),|183tyeam(3),113mdelx(2),201mwkyu(1),|183tyeam(2),113mdelx(1),201mwkyu(1),|201mwkyu(2),;23797.4,21529.2,20884.1,22343.3,21.813615050966,30.124093191477,34.151990982522,32.632603672978,101.03574007303
113mdelx(2),|183tyeam(3),113mdelx(2),201mwkyu(1),|183tyeam(3),113mdelx(2),201mwkyu(1),|201mwkyu(2),;23797.4,21529.2,20884.1,22343.3,16.813615050966,25.124093191477,29.151990982522,27.632603672978,106.03574007303
113mdelx(2),|183tyeam(3),113mdelx(2),201mwkyu(1),|183tyeam(3),113mdelx(2),201mwkyu(1),|201mwkyu(2),;23797.4,21529.2,20884.1,22343.3,11.813615050966,20.124093191477,24.151990982522,22.632603672978,111.03574007303
113mdelx(2),|183tyeam(3),113mdelx(2),201mwkyu(1),|183tyeam(3),113mdelx(2),201mwkyu(1),|201mwkyu(2),;23797.4,21529.2,20884.1,22343.3,6.813615050966,15.124093191477,19.151990982522,17.632603672978,116.03574007303
113mdelx(2),|183tyeam(3),113mdelx(3),201mwkyu(2),|183tyeam(3),113mdelx(2),201mwkyu(1),|201mwkyu(2),;23797.4,21529.2,20884.1,22343.3,1.813615050966,10.124093191477,14.151990982522,12.632603672978,121.03574007303
113mdelx(3),|183tyeam(3),113mdelx(3),|183tyeam(3),113mdelx(3),201mwkyu(2),|201mwkyu(2),;23797.4,22205,20884.1,22343.3,0,5.124093191477,9.151990982522,7.632603672978,126.03574007303
113mdelx(3),|183tyeam(3),113mdelx(3),|183tyeam(3),113mdelx(3),|201mwkyu(2),;23797.4,22205,21559.9,22343.3,0,0.124093191477,4.151990982522,2.632603672978,131.03574007303
113mdelx(3),|183tyeam(3),113mdelx(3),|183tyeam(3),113mdelx(3),|;23797.4,22205,21559.9,27750,0,0,0,0,136.03574007303
113mdelx(3),195tockb(2),|183tyeam(3),113mdelx(3),195tockb(2),|183tyeam(3),113mdelx(3),195tockb(2),|195tockb(2),;22046.4,21037.6,19808.9,26582.6,9.988183650314,6.419895172702,9.988183650314,6.419895172702,141.03574007303
113mdelx(3),195tockb(2),|183tyeam(3),113mdelx(3),195tockb(2),|183tyeam(3),113mdelx(3),195tockb(2),|195tockb(2),;22046.4,21037.6,19808.9,26582.6,4.988183650314,1.419895172702,4.988183650314,1.419895172702,146.03574007303
113mdelx(3),|183tyeam(3),113mdelx(3),|183tyeam(3),113mdelx(3),|;23797.4,22205,21559.9,27750,0,0,0,0,151.03574007303
113mdelx(3),|113mdelx(3),|113mdelx(3),|;23797.4,24785.5,24785.5,27750,0,0,0,0,156.03574007303
113mdelx(3),|113mdelx(3),|113mdelx(3),|;23797.4,24785.5,24785.5,27750,0,0,0,0,161.03574007303
113mdelx(3),|113mdelx(3),|113mdelx(3),|;23797.4,24785.5,24785.5,27750,0,0,0,0,166.03574007303
113mdelx(3),|113mdelx(3),|113mdelx(3),|;23797.4,24785.5,24785.5,27750,0,0,0,0,171.03574007303
113mdelx(3),|113mdelx(3),|113mdelx(3),|;23797.4,24785.5,24785.5,27750,0,0,0,0,176.03574007303
113mdelx(3),|113mdelx(3),|113mdelx(3),|;23797.4,24785.5,24785.5,27750,0,0,0,0,181.03574007303
113mdelx(3),|113mdelx(3),|113mdelx(3),|;23797.4,24785.5,24785.5,27750,0,0,0,0,186.03574007303
113mdelx(3),|113mdelx(3),|113mdelx(3),|;23797.4,24785.5,24785.5,27750,0,0,0,0,191.03574007303
113mdelx(3),|113mdelx(3),|113mdelx(3),|;23797.4,24785.5,24785.5,27750,0,0,0,0,196.03574007303
113mdelx(3),|113mdelx(3),|113mdelx(3),|;23797.4,24785.5,24785.5,27750,0,0,0,0,201.03574007303
|||;27750,27750,27750,27750,0,0,0,0,206.03574007303
|||;27750,27750,27750,27750,0,0,0,0,211.03574007303
|||;27750,27750,27750,27750,0,0,0,0,216.03574007303
|||;27750,27750,27750,27750,0,0,0,0,221.03574007303
|||;27750,27750,27750,27750,0,0,0,0,226.03574007303
|||;27750,27750,27750,27750,0,0,0,0,231.03574007303
|||;27750,27750,27750,27750,0,0,0,0,236.03574007303
|||;27750,27750,27750,27750,0,0,0,0,241.03574007303
|||;27750,27750,27750,27750,0,0,0,0,246.03574007303
|||;27750,27750,27750,27750,0,0,0,0,251.03574007303
|||;27750,27750,27750,27750,0,0,0,0,256.03574007303
|||;27750,27750,27750,27750,0,0,0,0,261.03574007303
|||;27750,27750,27750,27750,0,0,0,0,266.03574007303
|||;27750,27750,27750,27750,0,0,0,0,271.03574007303
|||;27750,27750,27750,27750,0,0,0,0,276.03574007303
|||;27750,27750,27750,27750,0,0,0,0,281.03574007303
614zasit(2),|614zasit(2),||614zasit(2),;24145.5,25046.6,27750,25046.6,20.779189146491,15.152919216143,0,15.152919216143,286.03574007303
614zasit(2),|614zasit(2),||614zasit(2),;24145.5,25046.6,27750,25046.6,15.779189146491,10.152919216143,0,10.152919216143,291.03574007303
614zasit(2),|614zasit(2),||614zasit(2),;24145.5,25046.6,27750,25046.6,10.779189146491,5.152919216143,0,5.152919216143,296.03574007303
614zasit(2),|614zasit(3),||614zasit(3),;24145.5,25046.6,27750,25046.6,5.779189146491,0.152919216143,0,0.152919216143,301.03574007303
614zasit(2),|614zasit(3),||614zasit(3),;24145.5,25046.6,27750,25046.6,0.779189146491,0,0,0,306.03574007303
614zasit(3),|614zasit(3),||614zasit(3),;24145.5,25046.6,27750,25046.6,0,0,0,0,311.03574007303
614zasit(3),|614zasit(3),||614zasit(3),;24145.5,25046.6,27750,25046.6,0,0,0,0,316.03574007303
614zasit(3),|614zasit(3),||614zasit(3),;24145.5,25046.6,27750,25046.6,0,0,0,0,321.03574007303
614zasit(3),|614zasit(3),||614zasit(3),;24145.5,25046.6,27750,25046.6,0,0,0,0,326.03574007303
614zasit(3),|614zasit(3),||614zasit(3),;24145.5,25046.6,27750,25046.6,0,0,0,0,331.03574007303
614zasit(3),|614zasit(3),||614zasit(3),;24145.5,25046.6,27750,25046.6,0,0,0,0,336.03574007303
614zasit(3),|614zasit(3),||614zasit(3),;24145.5,25046.6,27750,25046.6,0,0,0,0,341.03574007303
614zasit(3),|614zasit(3),||614zasit(3),;24145.5,25046.6,27750,25046.6,0,0,0,0,346.03574007303
614zasit(3),|614zasit(3),||614zasit(3),;24145.5,25046.6,27750,25046.6,0,0,0,0,351.03574007303
614zasit(3),|614zasit(3),||614zasit(3),;24145.5,25046.6,27750,25046.6,0,0,0,0,356.03574007303
614zasit(3),|614zasit(3),||614zasit(3),;24145.5,25046.6,27750,25046.6,0,0,0,0,361.03574007303
614zasit(3),|614zasit(3),||614zasit(3),;24145.5,25046.6,27750,25046.6,0,0,0,0,366.03574007303
614zasit(3),|614zasit(3),||614zasit(3),;24145.5,25046.6,27750,25046.6,0,0,0,0,371.03574007303
614zasit(3),|614zasit(3),||614zasit(3),;24145.5,25046.6,27750,25046.6,0,0,0,0,376.03574007303
614zasit(3),|614zasit(3),||614zasit(3),;24145.5,25046.6,27750,25046.6,0,0,0,0,381.03574007303
614zasit(3),|614zasit(3),||614zasit(3),;24145.5,25046.6,27750,25046.6,0,0,0,0,386.03574007303
614zasit(3),|614zasit(3),||614zasit(3),;24145.5,25046.6,27750,25046.6,0,0,0,0,391.03574007303
614zasit(3),|614zasit(3),||614zasit(3),;24145.5,25046.6,27750,25046.6,0,0,0,0,396.03574007303
614zasit(3),|614zasit(3),||614zasit(3),;24145.5,25046.6,27750,25046.6,0,0,0,0,401.03574007303
614zasit(3),|614zasit(3),||614zasit(3),;24145.5,25046.6,27750,25046.6,0,0,0,0,406.03574007303
614zasit(3),|614zasit(3),||614zasit(3),;24145.5,25046.6,27750,25046.6,0,0,0,0,411.03574007303
614zasit(3),|614zasit(3),||614zasit(3),;24145.5,25046.6,27750,25046.6,0,0,0,0,416.03574007303
614zasit(3),|614zasit(3),||614zasit(3),;24145.5,25046.6,27750,25046.6,0,0,0,0,421.03574007303
614zasit(3),|614zasit(3),||614zasit(3),;24145.5,25046.6,27750,25046.6,0,0,0,0,426.03574007303
614zasit(3),|614zasit(3),||614zasit(3),;24145.5,25046.6,27750,25046.6,0,0,0,0,431.03574007303
614zasit(3),|614zasit(3),||614zasit(3),;24145.5,25046.6,27750,25046.6,0,0,0,0,436.03574007303
614zasit(3),|614zasit(3),||614zasit(3),;24145.5,25046.6,27750,25046.6,0,0,0,0,441.03574007303
614zasit(3),|614zasit(3),||614zasit(3),;24145.5,25046.6,27750,25046.6,0,0,0,0,446.03574007303
614zasit(3),|614zasit(3),||614zasit(3),;24145.5,25046.6,27750,25046.6,0,0,0,0,451.03574007303
614zasit(3),|614zasit(3),||614zasit(3),;24145.5,25046.6,27750,25046.6,0,0,0,0,456.03574007303
614zasit(3),|614zasit(3),||614zasit(3),;24145.5,25046.6,27750,25046.6,0,0,0,0,461.03574007303
614zasit(3),|614zasit(3),||614zasit(3),;24145.5,25046.6,27750,25046.6,0,0,0,0,466.03574007303
614zasit(3),|614zasit(3),||614zasit(3),;24145.5,25046.6,27750,25046.6,0,0,0,0,471.03574007303
614zasit(3),|614zasit(3),||614zasit(3),;24145.5,25046.6,27750,25046.6,0,0,0,0,476.03574007303
|||;27750,27750,27750,27750,0,0,0,0,481.03574007303
|||;27750,27750,27750,27750,0,0,0,0,486.03574007303
|||;27750,27750,27750,27750,0,0,0,0,491.03574007303
|||;27750,27750,27750,27750,0,0,0,0,496.03574007303
|||;27750,27750,27750,27750,0,0,0,0,501.03574007303
|291sgdaq(2),||291sgdaq(2),;27750,27038.3,27750,27038.3,0,0.800399549799,0,0.800399549799,506.03574007303
|||;27750,27750,27750,27750,0,0,0,0,511.03574007303
|||;27750,27750,27750,27750,0,0,0,0,516.03574007303
|||;27750,27750,27750,27750,0,0,0,0,521.03574007303
|||;27750,27750,27750,27750,0,0,0,0,526.03574007303
|||;27750,27750,27750,27750,0,0,0,0,531.03574007303
|||;27750,27750,27750,27750,0,0,0,0,536.03574007303
|||;27750,27750,27750,27750,0,0,0,0,541.03574007303
|||;27750,27750,27750,27750,0,0,0,0,546.03574007303
|||;27750,27750,27750,27750,0,0,0,0,551.03574007303
|||;27750,27750,27750,27750,0,0,0,0,556.03574007303
|||;27750,27750,27750,27750,0,0,0,0,561.03574007303
|||;27750,27750,27750,27750,0,0,0,0,566.03574007303
|||;27750,27750,27750,27750,0,0,0,0,571.03574007303
|||;27750,27750,27750,27750,0,0,0,0,576.03574007303
|||;27750,27750,27750,27750,0,0,0,0,581.03574007303
|||;27750,27750,27750,27750,0,0,0,0,586.03574007303
|||;27750,27750,27750,27750,0,0,0,0,591.03574007303
|||;27750,27750,27750,27750,0,0,0,0,596.03574007303
|||;27750,27750,27750,27750,0,0,0,0,601.03574007303
|||;27750,27750,27750,27750,0,0,0,0,606.03574007303
|||;27750,27750,27750,27750,0,0,0,0,611.03574007303
|||;27750,27750,27750,27750,0,0,0,0,616.03574007303
|||;27750,27750,27750,27750,0,0,0,0,621.03574007303
|||;27750,27750,27750,27750,0,0,0,0,626.03574007303
|||;27750,27750,27750,27750,0,0,0,0,631.03574007303
|||;27750,27750,27750,27750,0,0,0,0,636.03574007303
|||;27750,27750,27750,27750,0,0,0,0,641.03574007303
|||;27750,27750,27750,27750,0,0,0,0,646.03574007303
|||;27750,27750,27750,27750,0,0,0,0,651.03574007303
|||;27750,27750,27750,27750,0,0,0,0,656.03574007303
|||;27750,27750,27750,27750,0,0,0,0,661.03574007303
|||;27750,27750,27750,27750,0,0,0,0,666.03574007303
|||;27750,27750,27750,27750,0,0,0,0,671.03574007303
|||;27750,27750,27750,27750,0,0,0,0,676.03574007303
|||;27750,27750,27750,27750,0,0,0,0,681.03574007303
|||;27750,27750,27750,27750,0,0,0,0,686.03574007303
|||;27750,27750,27750,27750,0,0,0,0,691.03574007303
|||;27750,27750,27750,27750,0,0,0,0,696.03574007303
|||;27750,27750,27750,27750,0,0,0,0,701.03574007303
|||;27750,27750,27750,27750,0,0,0,0,706.03574007303
|||;27750,27750,27750,27750,0,0,0,0,711.03574007303
|||;27750,27750,27750,27750,0,0,0,0,716.03574007303
|||;27750,27750,27750,27750,0,0,0,0,721.03574007303
|||;27750,27750,27750,27750,0,0,0,0,726.03574007303
|||;27750,27750,27750,27750,0,0,0,0,731.03574007303
|||;27750,27750,27750,27750,0,0,0,0,736.03574007303
|||;27750,27750,27750,27750,0,0,0,0,741.03574007303
|||;27750,27750,27750,27750,0,0,0,0,746.03574007303
|||;27750,27750,27750,27750,0,0,0,0,751.03574007303
|||;27750,27750,27750,27750,0,0,0,0,756.03574007303
|||;27750,27750,27750,27750,0,0,0,0,761.03574007303
|||;27750,27750,27750,27750,0,0,0,0,766.03574007303
|||;27750,27750,27750,27750,0,0,0,0,771.03574007303
|||;27750,27750,27750,27750,0,0,0,0,776.03574007303
|||;27750,27750,27750,27750,0,0,0,0,781.03574007303
|||;27750,27750,27750,27750,0,0,0,0,786.03574007303
|||;27750,27750,27750,27750,0,0,0,0,791.03574007303
|||;27750,27750,27750,27750,0,0,0,0,796.03574007303
|||;27750,27750,27750,27750,0,0,0,0,801.03574007303
|||;27750,27750,27750,27750,0,0,0,0,806.03574007303
|||;27750,27750,27750,27750,0,0,0,0,811.03574007303
|||;27750,27750,27750,27750,0,0,0,0,816.03574007303
|||;27750,27750,27750,27750,0,0,0,0,821.03574007303
|||;27750,27750,27750,27750,0,0,0,0,826.03574007303
|||;27750,27750,27750,27750,0,0,0,0,831.03574007303
|||;27750,27750,27750,27750,0,0,0,0,836.03574007303
|||;27750,27750,27750,27750,0,0,0,0,841.03574007303
|||;27750,27750,27750,27750,0,0,0,0,846.03574007303
|||;27750,27750,27750,27750,0,0,0,0,851.03574007303
|||;27750,27750,27750,27750,0,0,0,0,856.03574007303
|||;27750,27750,27750,27750,0,0,0,0,861.03574007303
|||;27750,27750,27750,27750,0,0,0,0,866.03574007303
|||;27750,27750,27750,27750,0,0,0,0,871.03574007303
|||;27750,27750,27750,27750,0,0,0,0,876.03574007303
|||;27750,27750,27750,27750,0,0,0,0,881.03574007303
|||;27750,27750,27750,27750,0,0,0,0,886.03574007303
|||;27750,27750,27750,27750,0,0,0,0,891.03574007303
|||;27750,27750,27750,27750,0,0,0,0,896.03574007303
|||;27750,27750,27750,27750,0,0,0,0,901.03574007303
|||;27750,27750,27750,27750,0,0,0,0,906.03574007303
|||;27750,27750,27750,27750,0,0,0,0,911.03574007303
|||;27750,27750,27750,27750,0,0,0,0,916.03574007303
|||;27750,27750,27750,27750,0,0,0,0,921.03574007303
|||;27750,27750,27750,27750,0,0,0,0,926.03574007303
|||;27750,27750,27750,27750,0,0,0,0,931.03574007303
|||;27750,27750,27750,27750,0,0,0,0,936.03574007303
|||;27750,27750,27750,27750,0,0,0,0,941.03574007303
|||;27750,27750,27750,27750,0,0,0,0,946.03574007303
|||;27750,27750,27750,27750,0,0,0,0,951.03574007303
|||;27750,27750,27750,27750,0,0,0,0,956.03574007303
|||;27750,27750,27750,27750,0,0,0,0,961.03574007303
|||;27750,27750,27750,27750,0,0,0,0,966.03574007303
|||;27750,27750,27750,27750,0,0,0,0,971.03574007303
|||;27750,27750,27750,27750,0,0,0,0,976.03574007303
|||;27750,27750,27750,27750,0,0,0,0,981.03574007303
|||;27750,27750,27750,27750,0,0,0,0,986.03574007303
|||;27750,27750,27750,27750,0,0,0,0,991.03574007303
|||;27750,27750,27750,27750,0,0,0,0,996.03574007303
|||;27750,27750,27750,27750,0,0,0,0,1001.03574007303
|||;27750,27750,27750,27750,0,0,0,0,1006.03574007303
|||;27750,27750,27750,27750,0,0,0,0,1011.03574007303
|||;27750,27750,27750,27750,0,0,0,0,1016.03574007303
|||;27750,27750,27750,27750,0,0,0,0,1021.03574007303
|||;27750,27750,27750,27750,0,0,0,0,1026.03574007303
|||;27750,27750,27750,27750,0,0,0,0,1031.03574007303
|||;27750,27750,27750,27750,0,0,0,0,1036.03574007303
|||;27750,27750,27750,27750,0,0,0,0,1041.03574007303
|||;27750,27750,27750,27750,0,0,0,0,1046.03574007303
|||;27750,27750,27750,27750,0,0,0,0,1051.03574007303
|||;27750,27750,27750,27750,0,0,0,0,1056.03574007303
|||;27750,27750,27750,27750,0,0,0,0,1061.03574007303
|||;27750,27750,27750,27750,0,0,0,0,1066.03574007303
|||;27750,27750,27750,27750,0,0,0,0,1071.03574007303
|||;27750,27750,27750,27750,0,0,0,0,1076.03574007303
|||;27750,27750,27750,27750,0,0,0,0,1081.03574007303
|||;27750,27750,27750,27750,0,0,0,0,1086.03574007303
|||;27750,27750,27750,27750,0,0,0,0,1091.03574007303
|||;27750,27750,27750,27750,0,0,0,0,1096.03574007303
|||;27750,27750,27750,27750,0,0,0,0,1101.03574007303
|||;27750,27750,27750,27750,0,0,0,0,1106.03574007303
|||;27750,27750,27750,27750,0,0,0,0,1111.03574007303
|||;27750,27750,27750,27750,0,0,0,0,1116.03574007303
|||;27750,27750,27750,27750,0,0,0,0,1121.03574007303
|||;27750,27750,27750,27750,0,0,0,0,1126.03574007303
|||;27750,27750,27750,27750,0,0,0,0,1131.03574007303
|||;27750,27750,27750,27750,0,0,0,0,1136.03574007303
|||;27750,27750,27750,27750,0,0,0,0,1141.03574007303
|||;27750,27750,27750,27750,0,0,0,0,1146.03574007303
|||;27750,27750,27750,27750,0,0,0,0,1151.03574007303
|||;27750,27750,27750,27750,0,0,0,0,1156.03574007303
|||;27750,27750,27750,27750,0,0,0,0,1161.03574007303
|||;27750,27750,27750,27750,0,0,0,0,1166.03574007303
|||;27750,27750,27750,27750,0,0,0,0,1171.03574007303
|||;27750,27750,27750,27750,0,0,0,0,1176.03574007303
|||;27750,27750,27750,27750,0,0,0,0,1181.03574007303
|||;27750,27750,27750,27750,0,0,0,0,1186.03574007303
|||;27750,27750,27750,27750,0,0,0,0,1191.03574007303
|||;27750,27750,27750,27750,0,0,0,0,1196.03574007303
|||;27750,27750,27750,27750,0,0,0,0,1201.03574007303
|||;27750,27750,27750,27750,0,0,0,0,1206.03574007303
|||;27750,27750,27750,27750,0,0,0,0,1211.03574007303
|||;27750,27750,27750,27750,0,0,0,0,1216.03574007303
|||;27750,27750,27750,27750,0,0,0,0,1221.03574007303
|||;27750,27750,27750,27750,0,0,0,0,1226.03574007303
|||;27750,27750,27750,27750,0,0,0,0,1231.03574007303
|||;27750,27750,27750,27750,0,0,0,0,1236.03574007303
|||;27750,27750,27750,27750,0,0,0,0,1241.03574007303
|||;27750,27750,27750,27750,0,0,0,0,1246.03574007303
|||;27750,27750,27750,27750,0,0,0,0,1251.03574007303
|||;27750,27750,27750,27750,0,0,0,0,1256.03574007303
|||;27750,27750,27750,27750,0,0,0,0,1261.03574007303
|||;27750,27750,27750,27750,0,0,0,0,1266.03574007303
|||;27750,27750,27750,27750,0,0,0,0,1271.03574007303
|||;27750,27750,27750,27750,0,0,0,0,1276.03574007303
|||;27750,27750,27750,27750,0,0,0,0,1281.03574007303
|||;27750,27750,27750,27750,0,0,0,0,1286.03574007303
|||;27750,27750,27750,27750,0,0,0,0,1291.03574007303
|||;27750,27750,27750,27750,0,0,0,0,1296.03574007303
|||;27750,27750,27750,27750,0,0,0,0,1301.03574007303
|||;27750,27750,27750,27750,0,0,0,0,1306.03574007303
|||;27750,27750,27750,27750,0,0,0,0,1311.03574007303
104ranpw(2),|104ranpw(2),|104ranpw(2),|104ranpw(2),;26214,26726,26214,26726,4.452230832762,1.322153220822,4.452230832762,1.322153220822,1316.03574007303
|||;27750,27750,27750,27750,0,0,0,0,1321.03574007303
|||;27750,27750,27750,27750,0,0,0,0,1326.03574007303
|||;27750,27750,27750,27750,0,0,0,0,1331.03574007303
|||;27750,27750,27750,27750,0,0,0,0,1336.03574007303
|||;27750,27750,27750,27750,0,0,0,0,1341.03574007303
36aevxz(2),|233toehy(0),|36aevxz(2),|36aevxz(2),;25712.2,26039.9,25712.2,25712.2,11.131469416732,11.899578235219,11.131469416732,11.131469416732,1346.03574007303
36aevxz(2),|233toehy(2),|36aevxz(2),|36aevxz(2),;25712.2,26039.9,25712.2,25712.2,6.131469416732,6.899578235219,6.131469416732,6.131469416732,1351.03574007303
36aevxz(2),|233toehy(2),|36aevxz(2),|36aevxz(2),;25712.2,26039.9,25712.2,25712.2,1.131469416732,1.899578235219,1.131469416732,1.131469416732,1356.03574007303
36aevxz(3),||36aevxz(3),|36aevxz(3),;25712.2,27750,25712.2,25712.2,0,0,0,0,1361.03574007303
36aevxz(3),||36aevxz(3),|36aevxz(3),;25712.2,27750,25712.2,25712.2,0,0,0,0,1366.03574007303
36aevxz(3),||36aevxz(3),|36aevxz(3),;25712.2,27750,25712.2,25712.2,0,0,0,0,1371.03574007303
36aevxz(3),||36aevxz(3),|36aevxz(3),;25712.2,27750,25712.2,25712.2,0,0,0,0,1376.03574007303
36aevxz(3),||36aevxz(3),|36aevxz(3),;25712.2,27750,25712.2,25712.2,0,0,0,0,1381.03574007303
36aevxz(3),||36aevxz(3),|36aevxz(3),;25712.2,27750,25712.2,25712.2,0,0,0,0,1386.03574007303
36aevxz(3),||36aevxz(3),|36aevxz(3),;25712.2,27750,25712.2,25712.2,0,0,0,0,1391.03574007303
36aevxz(3),||36aevxz(3),|36aevxz(3),;25712.2,27750,25712.2,25712.2,0,0,0,0,1396.03574007303
36aevxz(3),||36aevxz(3),|36aevxz(3),;25712.2,27750,25712.2,25712.2,0,0,0,0,1401.03574007303
36aevxz(3),||36aevxz(3),|36aevxz(3),;25712.2,27750,25712.2,25712.2,0,0,0,0,1406.03574007303
36aevxz(3),||36aevxz(3),|36aevxz(3),;25712.2,27750,25712.2,25712.2,0,0,0,0,1411.03574007303
36aevxz(3),||36aevxz(3),|36aevxz(3),;25712.2,27750,25712.2,25712.2,0,0,0,0,1416.03574007303
36aevxz(3),||36aevxz(3),|36aevxz(3),;25712.2,27750,25712.2,25712.2,0,0,0,0,1421.03574007303
36aevxz(3),||36aevxz(3),|36aevxz(3),;25712.2,27750,25712.2,25712.2,0,0,0,0,1426.03574007303
36aevxz(3),||36aevxz(3),|36aevxz(3),;25712.2,27750,25712.2,25712.2,0,0,0,0,1431.03574007303
36aevxz(3),||36aevxz(3),|36aevxz(3),;25712.2,27750,25712.2,25712.2,0,0,0,0,1436.03574007303
36aevxz(3),||36aevxz(3),|36aevxz(3),;25712.2,27750,25712.2,25712.2,0,0,0,0,1441.03574007303
36aevxz(3),||36aevxz(3),|36aevxz(3),;25712.2,27750,25712.2,25712.2,0,0,0,0,1446.03574007303
36aevxz(3),||36aevxz(3),|36aevxz(3),;25712.2,27750,25712.2,25712.2,0,0,0,0,1451.03574007303
36aevxz(3),||36aevxz(3),|36aevxz(3),;25712.2,27750,25712.2,25712.2,0,0,0,0,1456.03574007303
36aevxz(3),||36aevxz(3),|36aevxz(3),;25712.2,27750,25712.2,25712.2,0,0,0,0,1461.03574007303
|||;27750,27750,27750,27750,0,0,0,0,1466.03574007303
|||;27750,27750,27750,27750,0,0,0,0,1471.03574007303
|||;27750,27750,27750,27750,0,0,0,0,1476.03574007303
|||;27750,27750,27750,27750,0,0,0,0,1481.03574007303
|||;27750,27750,27750,27750,0,0,0,0,1486.03574007303
|||;27750,27750,27750,27750,0,0,0,0,1491.03574007303
|||;27750,27750,27750,27750,0,0,0,0,1496.03574007303
|||;27750,27750,27750,27750,0,0,0,0,1501.03574007303
|||;27750,27750,27750,27750,0,0,0,0,1506.03574007303
|||;27750,27750,27750,27750,0,0,0,0,1511.03574007303
|||;27750,27750,27750,27750,0,0,0,0,1516.03574007303
|||;27750,27750,27750,27750,0,0,0,0,1521.03574007303
|||;27750,27750,27750,27750,0,0,0,0,1526.03574007303
|||;27750,27750,27750,27750,0,0,0,0,1531.03574007303
|||;27750,27750,27750,27750,0,0,0,0,1536.03574007303
|||;27750,27750,27750,27750,0,0,0,0,1541.03574007303
|||;27750,27750,27750,27750,0,0,0,0,1546.03574007303
|||;27750,27750,27750,27750,0,0,0,0,1551.03574007303
|||;27750,27750,27750,27750,0,0,0,0,1556.03574007303
|||;27750,27750,27750,27750,0,0,0,0,1561.03574007303
|||;27750,27750,27750,27750,0,0,0,0,1566.03574007303
|||;27750,27750,27750,27750,0,0,0,0,1571.03574007303
|||;27750,27750,27750,27750,0,0,0,0,1576.03574007303
|||;27750,27750,27750,27750,0,0,0,0,1581.03574007303
|||;27750,27750,27750,27750,0,0,0,0,1586.03574007303
|||;27750,27750,27750,27750,0,0,0,0,1591.03574007303
|||;27750,27750,27750,27750,0,0,0,0,1596.03574007303
|||;27750,27750,27750,27750,0,0,0,0,1601.03574007303
|||;27750,27750,27750,27750,0,0,0,0,1606.03574007303
|||;27750,27750,27750,27750,0,0,0,0,1611.03574007303
|||;27750,27750,27750,27750,0,0,0,0,1616.03574007303
36pxurq(2),|36pxurq(2),|36pxurq(2),|36pxurq(2),;26843.8,26843.8,24125,25031.3,2.108521117182,2.108521117182,18.729233236585,13.18899586345,1621.03574007303
||36pxurq(2),|36pxurq(2),;27750,27750,24125,25031.3,0,0,13.729233236585,8.18899586345,1626.03574007303
||36pxurq(2),|36pxurq(2),;27750,27750,24125,25031.3,0,0,8.729233236585,3.18899586345,1631.03574007303
||36pxurq(2),|36pxurq(3),;27750,27750,24125,25031.3,0,0,3.729233236585,0,1636.03574007303
||36pxurq(3),|36pxurq(3),;27750,27750,24125,25031.3,0,0,0,0,1641.03574007303
||36pxurq(3),|36pxurq(3),;27750,27750,24125,25031.3,0,0,0,0,1646.03574007303
||36pxurq(3),|36pxurq(3),;27750,27750,24125,25031.3,0,0,0,0,1651.03574007303
||36pxurq(3),|36pxurq(3),;27750,27750,24125,25031.3,0,0,0,0,1656.03574007303
||36pxurq(3),|36pxurq(3),;27750,27750,24125,25031.3,0,0,0,0,1661.03574007303
||36pxurq(3),|36pxurq(3),;27750,27750,24125,25031.3,0,0,0,0,1666.03574007303
||36pxurq(3),|36pxurq(3),;27750,27750,24125,25031.3,0,0,0,0,1671.03574007303
||36pxurq(3),|36pxurq(3),;27750,27750,24125,25031.3,0,0,0,0,1676.03574007303
||36pxurq(3),|36pxurq(3),;27750,27750,24125,25031.3,0,0,0,0,1681.03574007303
||36pxurq(3),|36pxurq(3),;27750,27750,24125,25031.3,0,0,0,0,1686.03574007303
||36pxurq(3),|36pxurq(3),;27750,27750,24125,25031.3,0,0,0,0,1691.03574007303
||36pxurq(3),|36pxurq(3),;27750,27750,24125,25031.3,0,0,0,0,1696.03574007303
||36pxurq(3),|36pxurq(3),;27750,27750,24125,25031.3,0,0,0,0,1701.03574007303
||36pxurq(3),|36pxurq(3),;27750,27750,24125,25031.3,0,0,0,0,1706.03574007303
||36pxurq(3),|36pxurq(3),;27750,27750,24125,25031.3,0,0,0,0,1711.03574007303
||36pxurq(3),|36pxurq(3),;27750,27750,24125,25031.3,0,0,0,0,1716.03574007303
||36pxurq(3),|36pxurq(3),;27750,27750,24125,25031.3,0,0,0,0,1721.03574007303
||36pxurq(3),|36pxurq(3),;27750,27750,24125,25031.3,0,0,0,0,1726.03574007303
||36pxurq(3),|36pxurq(3),;27750,27750,24125,25031.3,0,0,0,0,1731.03574007303
|||;27750,27750,27750,27750,0,0,0,0,1736.03574007303
|||;27750,27750,27750,27750,0,0,0,0,1741.03574007303
|||;27750,27750,27750,27750,0,0,0,0,1746.03574007303
|||;27750,27750,27750,27750,0,0,0,0,1751.03574007303
|||;27750,27750,27750,27750,0,0,0,0,1756.03574007303
|||;27750,27750,27750,27750,0,0,0,0,1761.03574007303
|||;27750,27750,27750,27750,0,0,0,0,1766.03574007303
|||;27750,27750,27750,27750,0,0,0,0,1771.03574007303
|||;27750,27750,27750,27750,0,0,0,0,1776.03574007303
|||;27750,27750,27750,27750,0,0,0,0,1781.03574007303
|||;27750,27750,27750,27750,0,0,0,0,1786.03574007303
|||;27750,27750,27750,27750,0,0,0,0,1791.03574007303
|||;27750,27750,27750,27750,0,0,0,0,1796.03574007303
|||;27750,27750,27750,27750,0,0,0,0,1801.03574007303
|||;27750,27750,27750,27750,0,0,0,0,1806.03574007303
|||;27750,27750,27750,27750,0,0,0,0,1811.03574007303
|||;27750,27750,27750,27750,0,0,0,0,1816.03574007303
|||;27750,27750,27750,27750,0,0,0,0,1821.03574007303
|||;27750,27750,27750,27750,0,0,0,0,1826.03574007303
|||;27750,27750,27750,27750,0,0,0,0,1831.03574007303
|||;27750,27750,27750,27750,0,0,0,0,1836.03574007303
|||;27750,27750,27750,27750,0,0,0,0,1841.03574007303
|||;27750,27750,27750,27750,0,0,0,0,1846.03574007303
|||;27750,27750,27750,27750,0,0,0,0,1851.03574007303
|||;27750,27750,27750,27750,0,0,0,0,1856.03574007303
|||;27750,27750,27750,27750,0,0,0,0,1861.03574007303
|||;27750,27750,27750,27750,0,0,0,0,1866.03574007303
|||;27750,27750,27750,27750,0,0,0,0,1871.03574007303
|||;27750,27750,27750,27750,0,0,0,0,1876.03574007303
|||;27750,27750,27750,27750,0,0,0,0,1881.03574007303
|||;27750,27750,27750,27750,0,0,0,0,1886.03574007303
|||;27750,27750,27750,27750,0,0,0,0,1891.03574007303
|||;27750,27750,27750,27750,0,0,0,0,1896.03574007303
|||;27750,27750,27750,27750,0,0,0,0,1901.03574007303
|||;27750,27750,27750,27750,0,0,0,0,1906.03574007303
|||;27750,27750,27750,27750,0,0,0,0,1911.03574007303
|||;27750,27750,27750,27750,0,0,0,0,1916.03574007303
|||;27750,27750,27750,27750,0,0,0,0,1921.03574007303
|||;27750,27750,27750,27750,0,0,0,0,1926.03574007303
|||;27750,27750,27750,27750,0,0,0,0,1931.03574007303
||208hqjrk(2),|208hqjrk(2),;27750,27750,24831.6,24831.6,0,0,18.324030934801,18.324030934801,1936.03574007303
||208hqjrk(2),|208hqjrk(2),;27750,27750,24831.6,24831.6,0,0,13.324030934801,13.324030934801,1941.03574007303
||208hqjrk(2),|208hqjrk(2),;27750,27750,24831.6,24831.6,0,0,8.324030934801,8.324030934801,1946.03574007303
||208hqjrk(2),|208hqjrk(2),;27750,27750,24831.6,24831.6,0,0,3.324030934801,3.324030934801,1951.03574007303
||208hqjrk(3),|208hqjrk(3),;27750,27750,24831.6,24831.6,0,0,0,0,1956.03574007303
||208hqjrk(3),|208hqjrk(3),;27750,27750,24831.6,24831.6,0,0,0,0,1961.03574007303
||208hqjrk(3),|208hqjrk(3),;27750,27750,24831.6,24831.6,0,0,0,0,1966.03574007303
||208hqjrk(3),|208hqjrk(3),;27750,27750,24831.6,24831.6,0,0,0,0,1971.03574007303
||208hqjrk(3),|208hqjrk(3),;27750,27750,24831.6,24831.6,0,0,0,0,1976.03574007303
||208hqjrk(3),|208hqjrk(3),;27750,27750,24831.6,24831.6,0,0,0,0,1981.03574007303
||208hqjrk(3),|208hqjrk(3),;27750,27750,24831.6,24831.6,0,0,0,0,1986.03574007303
||208hqjrk(3),|208hqjrk(3),;27750,27750,24831.6,24831.6,0,0,0,0,1991.03574007303
||208hqjrk(3),|208hqjrk(3),;27750,27750,24831.6,24831.6,0,0,0,0,1996.03574007303
