|||;24473,24473,24473,24473,0,0,0,0,1.091969502552
|||;24473,24473,24473,24473,0,0,0,0,6.091969502552
|||;24473,24473,24473,24473,0,0,0,0,11.091969502552
|||;24473,24473,24473,24473,0,0,0,0,16.091969502552
|||;24473,24473,24473,24473,0,0,0,0,21.091969502552
|||;24473,24473,24473,24473,0,0,0,0,26.091969502552
|||;24473,24473,24473,24473,0,0,0,0,31.091969502552
|||;24473,24473,24473,24473,0,0,0,0,36.091969502552
|||;24473,24473,24473,24473,0,0,0,0,41.091969502552
|||;24473,24473,24473,24473,0,0,0,0,46.091969502552
|||;24473,24473,24473,24473,0,0,0,0,51.091969502552
|||;24473,24473,24473,24473,0,0,0,0,56.091969502552
|||;24473,24473,24473,24473,0,0,0,0,61.091969502552
|||;24473,24473,24473,24473,0,0,0,0,66.091969502552
|||;24473,24473,24473,24473,0,0,0,0,71.091969502552
|||;24473,24473,24473,24473,0,0,0,0,76.091969502552
|||;24473,24473,24473,24473,0,0,0,0,81.091969502552
|||;24473,24473,24473,24473,0,0,0,0,86.091969502552
|||;24473,24473,24473,24473,0,0,0,0,91.091969502552
|||;24473,24473,24473,24473,0,0,0,0,96.091969502552
|||;24473,24473,24473,24473,0,0,0,0,101.091969502552
|||;24473,24473,24473,24473,0,0,0,0,106.091969502552
|||;24473,24473,24473,24473,0,0,0,0,111.091969502552
|||;24473,24473,24473,24473,0,0,0,0,116.091969502552
|||;24473,24473,24473,24473,0,0,0,0,121.091969502552
|||;24473,24473,24473,24473,0,0,0,0,126.091969502552
|||;24473,24473,24473,24473,0,0,0,0,131.091969502552
|||;24473,24473,24473,24473,0,0,0,0,136.091969502552
|||;24473,24473,24473,24473,0,0,0,0,141.091969502552
|||;24473,24473,24473,24473,0,0,0,0,146.091969502552
|||;24473,24473,24473,24473,0,0,0,0,151.091969502552
|||;24473,24473,24473,24473,0,0,0,0,156.091969502552
|||;24473,24473,24473,24473,0,0,0,0,161.091969502552
|||;24473,24473,24473,24473,0,0,0,0,166.091969502552
|||;24473,24473,24473,24473,0,0,0,0,171.091969502552
|||;24473,24473,24473,24473,0,0,0,0,176.091969502552
|||;24473,24473,24473,24473,0,0,0,0,181.091969502552
|||;24473,24473,24473,24473,0,0,0,0,186.091969502552
|||;24473,24473,24473,24473,0,0,0,0,191.091969502552
|||;24473,24473,24473,24473,0,0,0,0,196.091969502552
|||;24473,24473,24473,24473,0,0,0,0,201.091969502552
|||;24473,24473,24473,24473,0,0,0,0,206.091969502552
|||;24473,24473,24473,24473,0,0,0,0,211.091969502552
|||;24473,24473,24473,24473,0,0,0,0,216.091969502552
|||;24473,24473,24473,24473,0,0,0,0,221.091969502552
|||;24473,24473,24473,24473,0,0,0,0,226.091969502552
|||;24473,24473,24473,24473,0,0,0,0,231.091969502552
|||;24473,24473,24473,24473,0,0,0,0,236.091969502552
|||;24473,24473,24473,24473,0,0,0,0,241.091969502552
|||;24473,24473,24473,24473,0,0,0,0,246.091969502552
|||;24473,24473,24473,24473,0,0,0,0,251.091969502552
|||;24473,24473,24473,24473,0,0,0,0,256.091969502552
|||;24473,24473,24473,24473,0,0,0,0,261.091969502552
|||;24473,24473,24473,24473,0,0,0,0,266.091969502552
|||;24473,24473,24473,24473,0,0,0,0,271.091969502552
510zyesp(2),|510zyesp(2),|510zyesp(2),|510zyesp(2),;21523.9,21523.9,23490,21523.9,17.121217472365,17.121217472365,5.1089201293,17.121217472365,276.091969502552
510zyesp(2),|510zyesp(2),||510zyesp(2),;21523.9,21523.9,24473,21523.9,12.121217472365,12.121217472365,0.1089201293,12.121217472365,281.091969502552
510zyesp(2),|510zyesp(2),||510zyesp(2),;21523.9,21523.9,24473,21523.9,7.121217472365,7.121217472365,0,7.121217472365,286.091969502552
510zyesp(2),|510zyesp(2),||510zyesp(2),;21523.9,21523.9,24473,21523.9,2.121217472365,2.121217472365,0,2.121217472365,291.091969502552
510zyesp(3),62bopdn(2),|510zyesp(3),||510zyesp(3),;20817.3,21523.9,24473,21523.9,5.988397458046,0,0,0,296.091969502552
510zyesp(3),|510zyesp(3),||510zyesp(3),;21523.9,21523.9,24473,21523.9,0.988397458046,0,0,0,301.091969502552
510zyesp(3),|510zyesp(3),||510zyesp(3),;21523.9,21523.9,24473,21523.9,0,0,0,0,306.091969502552
510zyesp(3),|510zyesp(3),||510zyesp(3),;21523.9,21523.9,24473,21523.9,0,0,0,0,311.091969502552
510zyesp(3),|510zyesp(3),||510zyesp(3),;21523.9,21523.9,24473,21523.9,0,0,0,0,316.091969502552
510zyesp(3),|510zyesp(3),||510zyesp(3),;21523.9,21523.9,24473,21523.9,0,0,0,0,321.091969502552
510zyesp(3),|510zyesp(3),||510zyesp(3),;21523.9,21523.9,24473,21523.9,0,0,0,0,326.091969502552
510zyesp(3),|510zyesp(3),||510zyesp(3),;21523.9,21523.9,24473,21523.9,0,0,0,0,331.091969502552
510zyesp(3),|510zyesp(3),||510zyesp(3),;21523.9,21523.9,24473,21523.9,0,0,0,0,336.091969502552
510zyesp(3),|510zyesp(3),||510zyesp(3),;21523.9,21523.9,24473,21523.9,0,0,0,0,341.091969502552
510zyesp(3),|510zyesp(3),||510zyesp(3),;21523.9,21523.9,24473,21523.9,0,0,0,0,346.091969502552
510zyesp(3),|510zyesp(3),||510zyesp(3),;21523.9,21523.9,24473,21523.9,0,0,0,0,351.091969502552
510zyesp(3),|510zyesp(3),||510zyesp(3),;21523.9,21523.9,24473,21523.9,0,0,0,0,356.091969502552
510zyesp(3),|510zyesp(3),||510zyesp(3),;21523.9,21523.9,24473,21523.9,0,0,0,0,361.091969502552
510zyesp(3),|510zyesp(3),||510zyesp(3),;21523.9,21523.9,24473,21523.9,0,0,0,0,366.091969502552
510zyesp(3),|510zyesp(3),||510zyesp(3),;21523.9,21523.9,24473,21523.9,0,0,0,0,371.091969502552
510zyesp(3),|510zyesp(3),||510zyesp(3),;21523.9,21523.9,24473,21523.9,0,0,0,0,376.091969502552
510zyesp(3),|510zyesp(3),||510zyesp(3),;21523.9,21523.9,24473,21523.9,0,0,0,0,381.091969502552
510zyesp(3),|510zyesp(3),||510zyesp(3),;21523.9,21523.9,24473,21523.9,0,0,0,0,386.091969502552
510zyesp(3),|510zyesp(3),||510zyesp(3),;21523.9,21523.9,24473,21523.9,0,0,0,0,391.091969502552
510zyesp(3),|510zyesp(3),||510zyesp(3),;21523.9,21523.9,24473,21523.9,0,0,0,0,396.091969502552
308gqioz(0),|||;23802.3,24473,24473,24473,4.315191918445,0,0,0,401.091969502552
308gqioz(3),|||;23802.3,24473,24473,24473,0,0,0,0,406.091969502552
308gqioz(3),|||;23802.3,24473,24473,24473,0,0,0,0,411.091969502552
308gqioz(3),|||;23802.3,24473,24473,24473,0,0,0,0,416.091969502552
308gqioz(3),|||;23802.3,24473,24473,24473,0,0,0,0,421.091969502552
308gqioz(3),|||;23802.3,24473,24473,24473,0,0,0,0,426.091969502552
308gqioz(3),|||;23802.3,24473,24473,24473,0,0,0,0,431.091969502552
308gqioz(3),|||;23802.3,24473,24473,24473,0,0,0,0,436.091969502552
308gqioz(3),|||;23802.3,24473,24473,24473,0,0,0,0,441.091969502552
308gqioz(3),|||;23802.3,24473,24473,24473,0,0,0,0,446.091969502552
308gqioz(3),|||;23802.3,24473,24473,24473,0,0,0,0,451.091969502552
308gqioz(3),|||;23802.3,24473,24473,24473,0,0,0,0,456.091969502552
308gqioz(3),|||;23802.3,24473,24473,24473,0,0,0,0,461.091969502552
308gqioz(3),|||;23802.3,24473,24473,24473,0,0,0,0,466.091969502552
308gqioz(3),|||;23802.3,24473,24473,24473,0,0,0,0,471.091969502552
308gqioz(3),|||;23802.3,24473,24473,24473,0,0,0,0,476.091969502552
308gqioz(3),|||;23802.3,24473,24473,24473,0,0,0,0,481.091969502552
308gqioz(3),|||;23802.3,24473,24473,24473,0,0,0,0,486.091969502552
308gqioz(3),|||;23802.3,24473,24473,24473,0,0,0,0,491.091969502552
308gqioz(3),|||;23802.3,24473,24473,24473,0,0,0,0,496.091969502552
308gqioz(3),|||;23802.3,24473,24473,24473,0,0,0,0,501.091969502552
308gqioz(3),|||;23802.3,24473,24473,24473,0,0,0,0,506.091969502552
308gqioz(3),|||;23802.3,24473,24473,24473,0,0,0,0,511.091969502552
308gqioz(3),|||;23802.3,24473,24473,24473,0,0,0,0,516.091969502552
308gqioz(3),|||;23802.3,24473,24473,24473,0,0,0,0,521.091969502552
308gqioz(3),|||;23802.3,24473,24473,24473,0,0,0,0,526.091969502552
308gqioz(3),|||;23802.3,24473,24473,24473,0,0,0,0,531.091969502552
308gqioz(3),|||;23802.3,24473,24473,24473,0,0,0,0,536.091969502552
308gqioz(3),|||;23802.3,24473,24473,24473,0,0,0,0,541.091969502552
308gqioz(3),|||;23802.3,24473,24473,24473,0,0,0,0,546.091969502552
308gqioz(3),|||;23802.3,24473,24473,24473,0,0,0,0,551.091969502552
308gqioz(3),|||;23802.3,24473,24473,24473,0,0,0,0,556.091969502552
308gqioz(3),|||;23802.3,24473,24473,24473,0,0,0,0,561.091969502552
308gqioz(3),|||;23802.3,24473,24473,24473,0,0,0,0,566.091969502552
308gqioz(3),|||;23802.3,24473,24473,24473,0,0,0,0,571.091969502552
308gqioz(3),|||;23802.3,24473,24473,24473,0,0,0,0,576.091969502552
308gqioz(3),|||;23802.3,24473,24473,24473,0,0,0,0,581.091969502552
308gqioz(3),|||;23802.3,24473,24473,24473,0,0,0,0,586.091969502552
308gqioz(3),||146crehf(2),|146crehf(2),;23802.3,24473,23940.5,23940.5,0,0,2.269970634254,2.269970634254,591.091969502552
308gqioz(3),|||;23802.3,24473,24473,24473,0,0,0,0,596.091969502552
308gqioz(3),|||;23802.3,24473,24473,24473,0,0,0,0,601.091969502552
308gqioz(3),|||;23802.3,24473,24473,24473,0,0,0,0,606.091969502552
308gqioz(3),|||;23802.3,24473,24473,24473,0,0,0,0,611.091969502552
308gqioz(3),|||;23802.3,24473,24473,24473,0,0,0,0,616.091969502552
308gqioz(3),|||;23802.3,24473,24473,24473,0,0,0,0,621.091969502552
308gqioz(3),|||;23802.3,24473,24473,24473,0,0,0,0,626.091969502552
308gqioz(3),|||;23802.3,24473,24473,24473,0,0,0,0,631.091969502552
308gqioz(3),|||;23802.3,24473,24473,24473,0,0,0,0,636.091969502552
308gqioz(3),|||;23802.3,24473,24473,24473,0,0,0,0,641.091969502552
308gqioz(3),|||;23802.3,24473,24473,24473,0,0,0,0,646.091969502552
308gqioz(3),|||;23802.3,24473,24473,24473,0,0,0,0,651.091969502552
308gqioz(3),|||;23802.3,24473,24473,24473,0,0,0,0,656.091969502552
308gqioz(3),|||;23802.3,24473,24473,24473,0,0,0,0,661.091969502552
308gqioz(3),|||;23802.3,24473,24473,24473,0,0,0,0,666.091969502552
308gqioz(3),|||;23802.3,24473,24473,24473,0,0,0,0,671.091969502552
308gqioz(3),|||;23802.3,24473,24473,24473,0,0,0,0,676.091969502552
308gqioz(3),|||;23802.3,24473,24473,24473,0,0,0,0,681.091969502552
308gqioz(3),|||;23802.3,24473,24473,24473,0,0,0,0,686.091969502552
308gqioz(3),|||;23802.3,24473,24473,24473,0,0,0,0,691.091969502552
308gqioz(3),|||;23802.3,24473,24473,24473,0,0,0,0,696.091969502552
308gqioz(3),|||;23802.3,24473,24473,24473,0,0,0,0,701.091969502552
308gqioz(3),|||;23802.3,24473,24473,24473,0,0,0,0,706.091969502552
308gqioz(3),|||;23802.3,24473,24473,24473,0,0,0,0,711.091969502552
308gqioz(3),|||;23802.3,24473,24473,24473,0,0,0,0,716.091969502552
308gqioz(3),|||;23802.3,24473,24473,24473,0,0,0,0,721.091969502552
308gqioz(3),|||;23802.3,24473,24473,24473,0,0,0,0,726.091969502552
308gqioz(3),|||;23802.3,24473,24473,24473,0,0,0,0,731.091969502552
308gqioz(3),|||;23802.3,24473,24473,24473,0,0,0,0,736.091969502552
308gqioz(3),|||;23802.3,24473,24473,24473,0,0,0,0,741.091969502552
308gqioz(3),|||;23802.3,24473,24473,24473,0,0,0,0,746.091969502552
308gqioz(3),|||;23802.3,24473,24473,24473,0,0,0,0,751.091969502552
308gqioz(3),|||;23802.3,24473,24473,24473,0,0,0,0,756.091969502552
308gqioz(3),|||;23802.3,24473,24473,24473,0,0,0,0,761.091969502552
308gqioz(3),|||;23802.3,24473,24473,24473,0,0,0,0,766.091969502552
308gqioz(3),|||;23802.3,24473,24473,24473,0,0,0,0,771.091969502552
308gqioz(3),|||;23802.3,24473,24473,24473,0,0,0,0,776.091969502552
308gqioz(3),|||;23802.3,24473,24473,24473,0,0,0,0,781.091969502552
308gqioz(3),|||;23802.3,24473,24473,24473,0,0,0,0,786.091969502552
308gqioz(3),|||;23802.3,24473,24473,24473,0,0,0,0,791.091969502552
308gqioz(3),|||;23802.3,24473,24473,24473,0,0,0,0,796.091969502552
308gqioz(3),|||;23802.3,24473,24473,24473,0,0,0,0,801.091969502552
308gqioz(3),|||;23802.3,24473,24473,24473,0,0,0,0,806.091969502552
|||;24473,24473,24473,24473,0,0,0,0,811.091969502552
|||;24473,24473,24473,24473,0,0,0,0,816.091969502552
|||;24473,24473,24473,24473,0,0,0,0,821.091969502552
|||;24473,24473,24473,24473,0,0,0,0,826.091969502552
|31xpios(2),||;24473,22046.1,24473,24473,0,12.30626147133,0,0,831.091969502552
|31xpios(2),||;24473,22046.1,24473,24473,0,7.30626147133,0,0,836.091969502552
|31xpios(2),||;24473,22046.1,24473,24473,0,2.30626147133,0,0,841.091969502552
|31xpios(3),||;24473,22046.1,24473,24473,0,0,0,0,846.091969502552
|31xpios(3),||;24473,22046.1,24473,24473,0,0,0,0,851.091969502552
|31xpios(3),||;24473,22046.1,24473,24473,0,0,0,0,856.091969502552
|31xpios(3),||;24473,22046.1,24473,24473,0,0,0,0,861.091969502552
|31xpios(3),||;24473,22046.1,24473,24473,0,0,0,0,866.091969502552
|31xpios(3),||;24473,22046.1,24473,24473,0,0,0,0,871.091969502552
|31xpios(3),||;24473,22046.1,24473,24473,0,0,0,0,876.091969502552
|31xpios(3),||;24473,22046.1,24473,24473,0,0,0,0,881.091969502552
|31xpios(3),||;24473,22046.1,24473,24473,0,0,0,0,886.091969502552
|31xpios(3),||;24473,22046.1,24473,24473,0,0,0,0,891.091969502552
990nsrdt(0),|31xpios(3),990nsrdt(0),|990nsrdt(0),|990nsrdt(0),;22496.7,19081.6,21508.5,22496.7,13.418467211794,19.455897907658,19.455897907658,13.418467211794,896.091969502552
990nsrdt(2),|31xpios(3),990nsrdt(2),|990nsrdt(2),|990nsrdt(2),;22496.7,19081.6,21508.5,22496.7,8.418467211794,14.455897907658,14.455897907658,8.418467211794,901.091969502552
990nsrdt(2),|31xpios(3),990nsrdt(2),|990nsrdt(2),|990nsrdt(2),;22496.7,19081.6,21508.5,22496.7,3.418467211794,9.455897907658,9.455897907658,3.418467211794,906.091969502552
|31xpios(3),990nsrdt(2),|990nsrdt(2),|;24473,19081.6,21508.5,24473,0,4.455897907658,4.455897907658,0,911.091969502552
|31xpios(3),||;24473,22046.1,24473,24473,0,0,0,0,916.091969502552
|31xpios(3),||;24473,22046.1,24473,24473,0,0,0,0,921.091969502552
|31xpios(3),||;24473,22046.1,24473,24473,0,0,0,0,926.091969502552
|31xpios(3),||;24473,22046.1,24473,24473,0,0,0,0,931.091969502552
|31xpios(3),||;24473,22046.1,24473,24473,0,0,0,0,936.091969502552
|31xpios(3),||;24473,22046.1,24473,24473,0,0,0,0,941.091969502552
|31xpios(3),||;24473,22046.1,24473,24473,0,0,0,0,946.091969502552
|31xpios(3),||;24473,22046.1,24473,24473,0,0,0,0,951.091969502552
|31xpios(3),||;24473,22046.1,24473,24473,0,0,0,0,956.091969502552
|31xpios(3),||;24473,22046.1,24473,24473,0,0,0,0,961.091969502552
|31xpios(3),||;24473,22046.1,24473,24473,0,0,0,0,966.091969502552
|31xpios(3),||;24473,22046.1,24473,24473,0,0,0,0,971.091969502552
|||;24473,24473,24473,24473,0,0,0,0,976.091969502552
|||;24473,24473,24473,24473,0,0,0,0,981.091969502552
|||;24473,24473,24473,24473,0,0,0,0,986.091969502552
|||;24473,24473,24473,24473,0,0,0,0,991.091969502552
|||;24473,24473,24473,24473,0,0,0,0,996.091969502552
|||;24473,24473,24473,24473,0,0,0,0,1001.091969502552
|||;24473,24473,24473,24473,0,0,0,0,1006.091969502552
|||;24473,24473,24473,24473,0,0,0,0,1011.091969502552
|||;24473,24473,24473,24473,0,0,0,0,1016.091969502552
|||;24473,24473,24473,24473,0,0,0,0,1021.091969502552
|||;24473,24473,24473,24473,0,0,0,0,1026.091969502552
|||;24473,24473,24473,24473,0,0,0,0,1031.091969502552
|||;24473,24473,24473,24473,0,0,0,0,1036.091969502552
|||;24473,24473,24473,24473,0,0,0,0,1041.091969502552
|||;24473,24473,24473,24473,0,0,0,0,1046.091969502552
|||;24473,24473,24473,24473,0,0,0,0,1051.091969502552
|||;24473,24473,24473,24473,0,0,0,0,1056.091969502552
|||;24473,24473,24473,24473,0,0,0,0,1061.091969502552
|||;24473,24473,24473,24473,0,0,0,0,1066.091969502552
|||;24473,24473,24473,24473,0,0,0,0,1071.091969502552
|||;24473,24473,24473,24473,0,0,0,0,1076.091969502552
|||;24473,24473,24473,24473,0,0,0,0,1081.091969502552
|||;24473,24473,24473,24473,0,0,0,0,1086.091969502552
|||;24473,24473,24473,24473,0,0,0,0,1091.091969502552
|||;24473,24473,24473,24473,0,0,0,0,1096.091969502552
|||;24473,24473,24473,24473,0,0,0,0,1101.091969502552
|||;24473,24473,24473,24473,0,0,0,0,1106.091969502552
|||;24473,24473,24473,24473,0,0,0,0,1111.091969502552
|||;24473,24473,24473,24473,0,0,0,0,1116.091969502552
|||;24473,24473,24473,24473,0,0,0,0,1121.091969502552
|||;24473,24473,24473,24473,0,0,0,0,1126.091969502552
|||;24473,24473,24473,24473,0,0,0,0,1131.091969502552
|||;24473,24473,24473,24473,0,0,0,0,1136.091969502552
|||;24473,24473,24473,24473,0,0,0,0,1141.091969502552
|||;24473,24473,24473,24473,0,0,0,0,1146.091969502552
|||;24473,24473,24473,24473,0,0,0,0,1151.091969502552
|||;24473,24473,24473,24473,0,0,0,0,1156.091969502552
|||;24473,24473,24473,24473,0,0,0,0,1161.091969502552
|||;24473,24473,24473,24473,0,0,0,0,1166.091969502552
|||;24473,24473,24473,24473,0,0,0,0,1171.091969502552
|||;24473,24473,24473,24473,0,0,0,0,1176.091969502552
|||;24473,24473,24473,24473,0,0,0,0,1181.091969502552
|||;24473,24473,24473,24473,0,0,0,0,1186.091969502552
|||;24473,24473,24473,24473,0,0,0,0,1191.091969502552
|||;24473,24473,24473,24473,0,0,0,0,1196.091969502552
|||;24473,24473,24473,24473,0,0,0,0,1201.091969502552
|||;24473,24473,24473,24473,0,0,0,0,1206.091969502552
|||;24473,24473,24473,24473,0,0,0,0,1211.091969502552
|||;24473,24473,24473,24473,0,0,0,0,1216.091969502552
|||;24473,24473,24473,24473,0,0,0,0,1221.091969502552
|||;24473,24473,24473,24473,0,0,0,0,1226.091969502552
|||;24473,24473,24473,24473,0,0,0,0,1231.091969502552
|||;24473,24473,24473,24473,0,0,0,0,1236.091969502552
|||;24473,24473,24473,24473,0,0,0,0,1241.091969502552
|||;24473,24473,24473,24473,0,0,0,0,1246.091969502552
|||;24473,24473,24473,24473,0,0,0,0,1251.091969502552
|||;24473,24473,24473,24473,0,0,0,0,1256.091969502552
|||;24473,24473,24473,24473,0,0,0,0,1261.091969502552
|||;24473,24473,24473,24473,0,0,0,0,1266.091969502552
|||;24473,24473,24473,24473,0,0,0,0,1271.091969502552
|||;24473,24473,24473,24473,0,0,0,0,1276.091969502552
|||;24473,24473,24473,24473,0,0,0,0,1281.091969502552
|||;24473,24473,24473,24473,0,0,0,0,1286.091969502552
|||;24473,24473,24473,24473,0,0,0,0,1291.091969502552
|||;24473,24473,24473,24473,0,0,0,0,1296.091969502552
|||;24473,24473,24473,24473,0,0,0,0,1301.091969502552
|||;24473,24473,24473,24473,0,0,0,0,1306.091969502552
|||;24473,24473,24473,24473,0,0,0,0,1311.091969502552
|||;24473,24473,24473,24473,0,0,0,0,1316.091969502552
|||;24473,24473,24473,24473,0,0,0,0,1321.091969502552
|||;24473,24473,24473,24473,0,0,0,0,1326.091969502552
|||;24473,24473,24473,24473,0,0,0,0,1331.091969502552
|||;24473,24473,24473,24473,0,0,0,0,1336.091969502552
|||;24473,24473,24473,24473,0,0,0,0,1341.091969502552
36aevxz(2),233toehy(0),|36aevxz(2),233toehy(0),|36aevxz(2),233toehy(0),|36aevxz(2),233toehy(0),;21744,21744,21744,21744,18.230215144426,18.230215144426,18.230215144426,18.230215144426,1346.091969502552
233toehy(1),|233toehy(1),|233toehy(1),|233toehy(1),;22762.9,22762.9,22762.9,22762.9,13.230215144426,13.230215144426,13.230215144426,13.230215144426,1351.091969502552
233toehy(2),|233toehy(2),|233toehy(2),|233toehy(2),;22762.9,22762.9,22762.9,22762.9,8.230215144426,8.230215144426,8.230215144426,8.230215144426,1356.091969502552
233toehy(2),|233toehy(2),|233toehy(2),|233toehy(2),;22762.9,22762.9,22762.9,22762.9,3.230215144426,3.230215144426,3.230215144426,3.230215144426,1361.091969502552
233toehy(3),|233toehy(3),|233toehy(3),|233toehy(3),;22762.9,22762.9,22762.9,22762.9,0,0,0,0,1366.091969502552
233toehy(3),|233toehy(3),|233toehy(3),|233toehy(3),;22762.9,22762.9,22762.9,22762.9,0,0,0,0,1371.091969502552
233toehy(3),|233toehy(3),|233toehy(3),|233toehy(3),;22762.9,22762.9,22762.9,22762.9,0,0,0,0,1376.091969502552
233toehy(3),|233toehy(3),|233toehy(3),|233toehy(3),;22762.9,22762.9,22762.9,22762.9,0,0,0,0,1381.091969502552
233toehy(3),|233toehy(3),|233toehy(3),|233toehy(3),;22762.9,22762.9,22762.9,22762.9,0,0,0,0,1386.091969502552
233toehy(3),|233toehy(3),|233toehy(3),|233toehy(3),;22762.9,22762.9,22762.9,22762.9,0,0,0,0,1391.091969502552
233toehy(3),|233toehy(3),|233toehy(3),|233toehy(3),;22762.9,22762.9,22762.9,22762.9,0,0,0,0,1396.091969502552
233toehy(3),|233toehy(3),|233toehy(3),|233toehy(3),;22762.9,22762.9,22762.9,22762.9,0,0,0,0,1401.091969502552
233toehy(3),|233toehy(3),|233toehy(3),|233toehy(3),;22762.9,22762.9,22762.9,22762.9,0,0,0,0,1406.091969502552
233toehy(3),|233toehy(3),|233toehy(3),|233toehy(3),;22762.9,22762.9,22762.9,22762.9,0,0,0,0,1411.091969502552
233toehy(3),|233toehy(3),|233toehy(3),|233toehy(3),;22762.9,22762.9,22762.9,22762.9,0,0,0,0,1416.091969502552
233toehy(3),|233toehy(3),|233toehy(3),|233toehy(3),;22762.9,22762.9,22762.9,22762.9,0,0,0,0,1421.091969502552
233toehy(3),|233toehy(3),|233toehy(3),|233toehy(3),;22762.9,22762.9,22762.9,22762.9,0,0,0,0,1426.091969502552
233toehy(3),|233toehy(3),|233toehy(3),|233toehy(3),;22762.9,22762.9,22762.9,22762.9,0,0,0,0,1431.091969502552
233toehy(3),|233toehy(3),|233toehy(3),|233toehy(3),;22762.9,22762.9,22762.9,22762.9,0,0,0,0,1436.091969502552
233toehy(3),|233toehy(3),|233toehy(3),|233toehy(3),;22762.9,22762.9,22762.9,22762.9,0,0,0,0,1441.091969502552
233toehy(3),|233toehy(3),|233toehy(3),|233toehy(3),;22762.9,22762.9,22762.9,22762.9,0,0,0,0,1446.091969502552
233toehy(3),|233toehy(3),|233toehy(3),|233toehy(3),;22762.9,22762.9,22762.9,22762.9,0,0,0,0,1451.091969502552
233toehy(3),|233toehy(3),|233toehy(3),|233toehy(3),;22762.9,22762.9,22762.9,22762.9,0,0,0,0,1456.091969502552
233toehy(3),|233toehy(3),|233toehy(3),|233toehy(3),;22762.9,22762.9,22762.9,22762.9,0,0,0,0,1461.091969502552
233toehy(3),|233toehy(3),|233toehy(3),|233toehy(3),;22762.9,22762.9,22762.9,22762.9,0,0,0,0,1466.091969502552
233toehy(3),|233toehy(3),|233toehy(3),|233toehy(3),;22762.9,22762.9,22762.9,22762.9,0,0,0,0,1471.091969502552
233toehy(3),|233toehy(3),|233toehy(3),|233toehy(3),;22762.9,22762.9,22762.9,22762.9,0,0,0,0,1476.091969502552
233toehy(3),|233toehy(3),|233toehy(3),|233toehy(3),;22762.9,22762.9,22762.9,22762.9,0,0,0,0,1481.091969502552
233toehy(3),|233toehy(3),|233toehy(3),|233toehy(3),;22762.9,22762.9,22762.9,22762.9,0,0,0,0,1486.091969502552
233toehy(3),|233toehy(3),|233toehy(3),|233toehy(3),;22762.9,22762.9,22762.9,22762.9,0,0,0,0,1491.091969502552
233toehy(3),|233toehy(3),|233toehy(3),|233toehy(3),;22762.9,22762.9,22762.9,22762.9,0,0,0,0,1496.091969502552
233toehy(3),|233toehy(3),|233toehy(3),|233toehy(3),;22762.9,22762.9,22762.9,22762.9,0,0,0,0,1501.091969502552
233toehy(3),|233toehy(3),|233toehy(3),|233toehy(3),;22762.9,22762.9,22762.9,22762.9,0,0,0,0,1506.091969502552
233toehy(3),|233toehy(3),|233toehy(3),|233toehy(3),;22762.9,22762.9,22762.9,22762.9,0,0,0,0,1511.091969502552
233toehy(3),|233toehy(3),|233toehy(3),|233toehy(3),;22762.9,22762.9,22762.9,22762.9,0,0,0,0,1516.091969502552
233toehy(3),|233toehy(3),|233toehy(3),|233toehy(3),;22762.9,22762.9,22762.9,22762.9,0,0,0,0,1521.091969502552
233toehy(3),|233toehy(3),|233toehy(3),|233toehy(3),;22762.9,22762.9,22762.9,22762.9,0,0,0,0,1526.091969502552
233toehy(3),|233toehy(3),|233toehy(3),|233toehy(3),;22762.9,22762.9,22762.9,22762.9,0,0,0,0,1531.091969502552
233toehy(3),|233toehy(3),|233toehy(3),|233toehy(3),;22762.9,22762.9,22762.9,22762.9,0,0,0,0,1536.091969502552
233toehy(3),|233toehy(3),|233toehy(3),|233toehy(3),;22762.9,22762.9,22762.9,22762.9,0,0,0,0,1541.091969502552
233toehy(3),|233toehy(3),|233toehy(3),|233toehy(3),;22762.9,22762.9,22762.9,22762.9,0,0,0,0,1546.091969502552
233toehy(3),|233toehy(3),|233toehy(3),|233toehy(3),;22762.9,22762.9,22762.9,22762.9,0,0,0,0,1551.091969502552
233toehy(3),|233toehy(3),|233toehy(3),|233toehy(3),;22762.9,22762.9,22762.9,22762.9,0,0,0,0,1556.091969502552
233toehy(3),|233toehy(3),|233toehy(3),|233toehy(3),;22762.9,22762.9,22762.9,22762.9,0,0,0,0,1561.091969502552
233toehy(3),|233toehy(3),|233toehy(3),|233toehy(3),;22762.9,22762.9,22762.9,22762.9,0,0,0,0,1566.091969502552
233toehy(3),|233toehy(3),|233toehy(3),|233toehy(3),;22762.9,22762.9,22762.9,22762.9,0,0,0,0,1571.091969502552
233toehy(3),|233toehy(3),|233toehy(3),|233toehy(3),;22762.9,22762.9,22762.9,22762.9,0,0,0,0,1576.091969502552
233toehy(3),|233toehy(3),|233toehy(3),|233toehy(3),;22762.9,22762.9,22762.9,22762.9,0,0,0,0,1581.091969502552
233toehy(3),|233toehy(3),|233toehy(3),|233toehy(3),;22762.9,22762.9,22762.9,22762.9,0,0,0,0,1586.091969502552
233toehy(3),|233toehy(3),|233toehy(3),|233toehy(3),;22762.9,22762.9,22762.9,22762.9,0,0,0,0,1591.091969502552
233toehy(3),|233toehy(3),|233toehy(3),|233toehy(3),;22762.9,22762.9,22762.9,22762.9,0,0,0,0,1596.091969502552
233toehy(3),|233toehy(3),|233toehy(3),|233toehy(3),;22762.9,22762.9,22762.9,22762.9,0,0,0,0,1601.091969502552
233toehy(3),|233toehy(3),|233toehy(3),|233toehy(3),;22762.9,22762.9,22762.9,22762.9,0,0,0,0,1606.091969502552
233toehy(3),|233toehy(3),|233toehy(3),|233toehy(3),;22762.9,22762.9,22762.9,22762.9,0,0,0,0,1611.091969502552
233toehy(3),|233toehy(3),|233toehy(3),36pxurq(0),|233toehy(3),;22762.9,22762.9,21856.7,22762.9,0,0,7.048972621095,0,1616.091969502552
233toehy(3),|233toehy(3),|233toehy(3),36pxurq(2),|233toehy(3),;22762.9,22762.9,21856.7,22762.9,0,0,2.048972621095,0,1621.091969502552
233toehy(3),|233toehy(3),|233toehy(3),|233toehy(3),;22762.9,22762.9,22762.9,22762.9,0,0,0,0,1626.091969502552
233toehy(3),|233toehy(3),|233toehy(3),|233toehy(3),;22762.9,22762.9,22762.9,22762.9,0,0,0,0,1631.091969502552
|||;24473,24473,24473,24473,0,0,0,0,1636.091969502552
|||;24473,24473,24473,24473,0,0,0,0,1641.091969502552
|||;24473,24473,24473,24473,0,0,0,0,1646.091969502552
|||;24473,24473,24473,24473,0,0,0,0,1651.091969502552
|||;24473,24473,24473,24473,0,0,0,0,1656.091969502552
|||;24473,24473,24473,24473,0,0,0,0,1661.091969502552
|||;24473,24473,24473,24473,0,0,0,0,1666.091969502552
|||;24473,24473,24473,24473,0,0,0,0,1671.091969502552
|||;24473,24473,24473,24473,0,0,0,0,1676.091969502552
|||;24473,24473,24473,24473,0,0,0,0,1681.091969502552
|||;24473,24473,24473,24473,0,0,0,0,1686.091969502552
|||;24473,24473,24473,24473,0,0,0,0,1691.091969502552
|||;24473,24473,24473,24473,0,0,0,0,1696.091969502552
|||;24473,24473,24473,24473,0,0,0,0,1701.091969502552
|||;24473,24473,24473,24473,0,0,0,0,1706.091969502552
|||;24473,24473,24473,24473,0,0,0,0,1711.091969502552
|||;24473,24473,24473,24473,0,0,0,0,1716.091969502552
|||;24473,24473,24473,24473,0,0,0,0,1721.091969502552
|||;24473,24473,24473,24473,0,0,0,0,1726.091969502552
|||;24473,24473,24473,24473,0,0,0,0,1731.091969502552
|||;24473,24473,24473,24473,0,0,0,0,1736.091969502552
|||;24473,24473,24473,24473,0,0,0,0,1741.091969502552
|||;24473,24473,24473,24473,0,0,0,0,1746.091969502552
|||;24473,24473,24473,24473,0,0,0,0,1751.091969502552
|||;24473,24473,24473,24473,0,0,0,0,1756.091969502552
|||;24473,24473,24473,24473,0,0,0,0,1761.091969502552
|||;24473,24473,24473,24473,0,0,0,0,1766.091969502552
|||;24473,24473,24473,24473,0,0,0,0,1771.091969502552
|||;24473,24473,24473,24473,0,0,0,0,1776.091969502552
|||;24473,24473,24473,24473,0,0,0,0,1781.091969502552
|||;24473,24473,24473,24473,0,0,0,0,1786.091969502552
|||;24473,24473,24473,24473,0,0,0,0,1791.091969502552
|||;24473,24473,24473,24473,0,0,0,0,1796.091969502552
|||;24473,24473,24473,24473,0,0,0,0,1801.091969502552
|||;24473,24473,24473,24473,0,0,0,0,1806.091969502552
|||;24473,24473,24473,24473,0,0,0,0,1811.091969502552
|||;24473,24473,24473,24473,0,0,0,0,1816.091969502552
|||;24473,24473,24473,24473,0,0,0,0,1821.091969502552
|||;24473,24473,24473,24473,0,0,0,0,1826.091969502552
|||;24473,24473,24473,24473,0,0,0,0,1831.091969502552
|||;24473,24473,24473,24473,0,0,0,0,1836.091969502552
|||;24473,24473,24473,24473,0,0,0,0,1841.091969502552
|||;24473,24473,24473,24473,0,0,0,0,1846.091969502552
|||;24473,24473,24473,24473,0,0,0,0,1851.091969502552
|||;24473,24473,24473,24473,0,0,0,0,1856.091969502552
|||;24473,24473,24473,24473,0,0,0,0,1861.091969502552
|||;24473,24473,24473,24473,0,0,0,0,1866.091969502552
|||;24473,24473,24473,24473,0,0,0,0,1871.091969502552
|||;24473,24473,24473,24473,0,0,0,0,1876.091969502552
|||;24473,24473,24473,24473,0,0,0,0,1881.091969502552
|||;24473,24473,24473,24473,0,0,0,0,1886.091969502552
|||;24473,24473,24473,24473,0,0,0,0,1891.091969502552
|||;24473,24473,24473,24473,0,0,0,0,1896.091969502552
|||;24473,24473,24473,24473,0,0,0,0,1901.091969502552
|||;24473,24473,24473,24473,0,0,0,0,1906.091969502552
|||;24473,24473,24473,24473,0,0,0,0,1911.091969502552
|||;24473,24473,24473,24473,0,0,0,0,1916.091969502552
|||;24473,24473,24473,24473,0,0,0,0,1921.091969502552
|||;24473,24473,24473,24473,0,0,0,0,1926.091969502552
|||;24473,24473,24473,24473,0,0,0,0,1931.091969502552
|||;24473,24473,24473,24473,0,0,0,0,1936.091969502552
|||;24473,24473,24473,24473,0,0,0,0,1941.091969502552
|||;24473,24473,24473,24473,0,0,0,0,1946.091969502552
|||;24473,24473,24473,24473,0,0,0,0,1951.091969502552
|||;24473,24473,24473,24473,0,0,0,0,1956.091969502552
|||;24473,24473,24473,24473,0,0,0,0,1961.091969502552
|||;24473,24473,24473,24473,0,0,0,0,1966.091969502552
|||;24473,24473,24473,24473,0,0,0,0,1971.091969502552
|||;24473,24473,24473,24473,0,0,0,0,1976.091969502552
|||;24473,24473,24473,24473,0,0,0,0,1981.091969502552
|||;24473,24473,24473,24473,0,0,0,0,1986.091969502552
|||;24473,24473,24473,24473,0,0,0,0,1991.091969502552
|||;24473,24473,24473,24473,0,0,0,0,1996.091969502552
