|||;23244,23244,23244,23244,0,0,0,0,1.143738831256
|||;23244,23244,23244,23244,0,0,0,0,6.143738831256
|||;23244,23244,23244,23244,0,0,0,0,11.143738831256
|||;23244,23244,23244,23244,0,0,0,0,16.143738831256
|||;23244,23244,23244,23244,0,0,0,0,21.143738831256
|||;23244,23244,23244,23244,0,0,0,0,26.143738831256
|||;23244,23244,23244,23244,0,0,0,0,31.143738831256
|||;23244,23244,23244,23244,0,0,0,0,36.143738831256
|||;23244,23244,23244,23244,0,0,0,0,41.143738831256
|||;23244,23244,23244,23244,0,0,0,0,46.143738831256
|||;23244,23244,23244,23244,0,0,0,0,51.143738831256
|||;23244,23244,23244,23244,0,0,0,0,56.143738831256
|||;23244,23244,23244,23244,0,0,0,0,61.143738831256
|||;23244,23244,23244,23244,0,0,0,0,66.143738831256
|||;23244,23244,23244,23244,0,0,0,0,71.143738831256
|||;23244,23244,23244,23244,0,0,0,0,76.143738831256
|||;23244,23244,23244,23244,0,0,0,0,81.143738831256
158twsqb(2),|158twsqb(2),|158twsqb(2),|158twsqb(2),;19352.8,22271.2,19352.8,22271.2,19.418239366315,4.476031366315,19.418239366315,4.476031366315,86.143738831256
158twsqb(2),||158twsqb(2),|;19352.8,23244,19352.8,23244,14.418239366315,0,14.418239366315,0,91.143738831256
158twsqb(2),||158twsqb(2),|;19352.8,23244,19352.8,23244,9.418239366315,0,9.418239366315,0,96.143738831256
158twsqb(2),||158twsqb(2),|;19352.8,23244,19352.8,23244,4.418239366315,0,4.418239366315,0,101.143738831256
158twsqb(3),||158twsqb(3),|;19352.8,23244,19352.8,23244,0,0,0,0,106.143738831256
158twsqb(3),||158twsqb(3),|;19352.8,23244,19352.8,23244,0,0,0,0,111.143738831256
158twsqb(3),||158twsqb(3),|;19352.8,23244,19352.8,23244,0,0,0,0,116.143738831256
158twsqb(3),||158twsqb(3),|;19352.8,23244,19352.8,23244,0,0,0,0,121.143738831256
158twsqb(3),||158twsqb(3),|;19352.8,23244,19352.8,23244,0,0,0,0,126.143738831256
158twsqb(3),||158twsqb(3),|139cphfa(2),;19352.8,23244,19352.8,16541.9,0,0,0,33.814797490718,131.143738831256
158twsqb(3),||158twsqb(3),|139cphfa(2),;19352.8,23244,19352.8,16541.9,0,0,0,28.814797490718,136.143738831256
158twsqb(3),||158twsqb(3),|139cphfa(2),;19352.8,23244,19352.8,16541.9,0,0,0,23.814797490718,141.143738831256
158twsqb(3),||158twsqb(3),|139cphfa(2),;19352.8,23244,19352.8,16541.9,0,0,0,18.814797490718,146.143738831256
158twsqb(3),||158twsqb(3),|139cphfa(2),;19352.8,23244,19352.8,16541.9,0,0,0,13.814797490718,151.143738831256
158twsqb(3),||158twsqb(3),|139cphfa(2),;19352.8,23244,19352.8,16541.9,0,0,0,8.814797490718,156.143738831256
158twsqb(3),||158twsqb(3),|139cphfa(2),;19352.8,23244,19352.8,16541.9,0,0,0,3.814797490718,161.143738831256
158twsqb(3),||158twsqb(3),|139cphfa(3),;19352.8,23244,19352.8,16541.9,0,0,0,0,166.143738831256
158twsqb(3),||158twsqb(3),|139cphfa(3),;19352.8,23244,19352.8,16541.9,0,0,0,0,171.143738831256
158twsqb(3),||158twsqb(3),|139cphfa(3),;19352.8,23244,19352.8,16541.9,0,0,0,0,176.143738831256
158twsqb(3),||158twsqb(3),|139cphfa(3),;19352.8,23244,19352.8,16541.9,0,0,0,0,181.143738831256
158twsqb(3),||158twsqb(3),|139cphfa(3),;19352.8,23244,19352.8,16541.9,0,0,0,0,186.143738831256
158twsqb(3),||158twsqb(3),465nwgth(0),|139cphfa(3),;19352.8,23244,18508,16541.9,0,0,6.628609107172,0,191.143738831256
158twsqb(3),||158twsqb(3),465nwgth(2),|139cphfa(3),;19352.8,23244,18508,16541.9,0,0,1.628609107172,0,196.143738831256
158twsqb(3),||158twsqb(3),|139cphfa(3),;19352.8,23244,19352.8,16541.9,0,0,0,0,201.143738831256
158twsqb(3),||158twsqb(3),|139cphfa(3),;19352.8,23244,19352.8,16541.9,0,0,0,0,206.143738831256
158twsqb(3),884xfamn(0),|884xfamn(0),|158twsqb(3),884xfamn(0),|139cphfa(3),884xfamn(0),;16695.5,20586.7,18467,14770.4,16.433925815874,16.433925815874,7.363743415874,11.898834615874,211.143738831256
158twsqb(3),884xfamn(2),|884xfamn(2),|158twsqb(3),884xfamn(2),|139cphfa(3),884xfamn(2),;16695.5,20586.7,18467,14770.4,11.433925815874,11.433925815874,2.363743415874,6.898834615874,216.143738831256
158twsqb(3),884xfamn(2),|884xfamn(2),|158twsqb(3),|139cphfa(3),884xfamn(2),;16695.5,20586.7,19352.8,14770.4,6.433925815874,6.433925815874,0,1.898834615874,221.143738831256
158twsqb(3),884xfamn(2),|884xfamn(2),|158twsqb(3),|139cphfa(3),;16695.5,20586.7,19352.8,16541.9,1.433925815874,1.433925815874,0,0,226.143738831256
158twsqb(3),||158twsqb(3),|139cphfa(3),;19352.8,23244,19352.8,16541.9,0,0,0,0,231.143738831256
158twsqb(3),||158twsqb(3),|139cphfa(3),;19352.8,23244,19352.8,16541.9,0,0,0,0,236.143738831256
158twsqb(3),||158twsqb(3),|139cphfa(3),;19352.8,23244,19352.8,16541.9,0,0,0,0,241.143738831256
158twsqb(3),||158twsqb(3),|139cphfa(3),;19352.8,23244,19352.8,16541.9,0,0,0,0,246.143738831256
|207lsrzt(0),||139cphfa(3),;23244,22429.9,23244,16541.9,0,6.431462134133,0,0,251.143738831256
|207lsrzt(2),||139cphfa(3),;23244,22429.9,23244,16541.9,0,1.431462134133,0,0,256.143738831256
|||139cphfa(3),;23244,23244,23244,16541.9,0,0,0,0,261.143738831256
|||139cphfa(3),;23244,23244,23244,16541.9,0,0,0,0,266.143738831256
|||139cphfa(3),;23244,23244,23244,16541.9,0,0,0,0,271.143738831256
|||139cphfa(3),;23244,23244,23244,16541.9,0,0,0,0,276.143738831256
655pyefl(0),|655pyefl(0),|655pyefl(0),|139cphfa(3),655pyefl(0),;21964,21964,21324,14621.9,6.953167105224,6.953167105224,10.229967105224,10.229967105224,281.143738831256
655pyefl(2),|655pyefl(2),|655pyefl(2),|139cphfa(3),655pyefl(2),;21964,21964,21324,14621.9,1.953167105224,1.953167105224,5.229967105224,5.229967105224,286.143738831256
||655pyefl(2),|139cphfa(3),655pyefl(2),;23244,23244,21324,14621.9,0,0,0.229967105224,0.229967105224,291.143738831256
|||139cphfa(3),;23244,23244,23244,16541.9,0,0,0,0,296.143738831256
|||139cphfa(3),;23244,23244,23244,16541.9,0,0,0,0,301.143738831256
||8cnvej(0),|139cphfa(3),;23244,23244,22245.6,16541.9,0,0,6.069753511979,0,306.143738831256
||8cnvej(2),|139cphfa(3),;23244,23244,22245.6,16541.9,0,0,1.069753511979,0,311.143738831256
|||139cphfa(3),;23244,23244,23244,16541.9,0,0,0,0,316.143738831256
|||139cphfa(3),;23244,23244,23244,16541.9,0,0,0,0,321.143738831256
|||139cphfa(3),;23244,23244,23244,16541.9,0,0,0,0,326.143738831256
|||139cphfa(3),;23244,23244,23244,16541.9,0,0,0,0,331.143738831256
|||139cphfa(3),;23244,23244,23244,16541.9,0,0,0,0,336.143738831256
|||139cphfa(3),;23244,23244,23244,16541.9,0,0,0,0,341.143738831256
|||139cphfa(3),;23244,23244,23244,16541.9,0,0,0,0,346.143738831256
|||139cphfa(3),;23244,23244,23244,16541.9,0,0,0,0,351.143738831256
|||139cphfa(3),;23244,23244,23244,16541.9,0,0,0,0,356.143738831256
|||;23244,23244,23244,23244,0,0,0,0,361.143738831256
|||;23244,23244,23244,23244,0,0,0,0,366.143738831256
|||;23244,23244,23244,23244,0,0,0,0,371.143738831256
|||;23244,23244,23244,23244,0,0,0,0,376.143738831256
||158arvlh(2),|;23244,23244,22286.6,23244,0,0,5.018440905959,0,381.143738831256
|||;23244,23244,23244,23244,0,0,0.018440905959,0,386.143738831256
|||;23244,23244,23244,23244,0,0,0,0,391.143738831256
|||;23244,23244,23244,23244,0,0,0,0,396.143738831256
308gqioz(2),|308gqioz(2),|308gqioz(2),|;19219.7,22573.3,22573.3,23244,20.682662469059,3.512230469059,3.512230469059,0,401.143738831256
308gqioz(2),|||;19219.7,23244,23244,23244,15.682662469059,0,0,0,406.143738831256
308gqioz(2),|||;19219.7,23244,23244,23244,10.682662469059,0,0,0,411.143738831256
308gqioz(2),|||;19219.7,23244,23244,23244,5.682662469059,0,0,0,416.143738831256
308gqioz(2),|||;19219.7,23244,23244,23244,0.682662469059,0,0,0,421.143738831256
308gqioz(3),|||;19219.7,23244,23244,23244,0,0,0,0,426.143738831256
308gqioz(3),|||;19219.7,23244,23244,23244,0,0,0,0,431.143738831256
308gqioz(3),|||;19219.7,23244,23244,23244,0,0,0,0,436.143738831256
308gqioz(3),|||;19219.7,23244,23244,23244,0,0,0,0,441.143738831256
308gqioz(3),|951xpyzj(0),|951xpyzj(0),|;19219.7,20479.2,20479.2,23244,0,14.815589726619,14.815589726619,0,446.143738831256
308gqioz(3),|951xpyzj(2),|951xpyzj(2),|;19219.7,20479.2,20479.2,23244,0,9.815589726619,9.815589726619,0,451.143738831256
308gqioz(3),|951xpyzj(2),|951xpyzj(2),|;19219.7,20479.2,20479.2,23244,0,4.815589726619,4.815589726619,0,456.143738831256
308gqioz(3),|951xpyzj(3),|951xpyzj(3),|;19219.7,20479.2,20479.2,23244,0,0,0,0,461.143738831256
308gqioz(3),|951xpyzj(3),|951xpyzj(3),|;19219.7,20479.2,20479.2,23244,0,0,0,0,466.143738831256
308gqioz(3),|951xpyzj(3),|951xpyzj(3),|;19219.7,20479.2,20479.2,23244,0,0,0,0,471.143738831256
308gqioz(3),|951xpyzj(3),|951xpyzj(3),|;19219.7,20479.2,20479.2,23244,0,0,0,0,476.143738831256
308gqioz(3),|951xpyzj(3),|951xpyzj(3),|;19219.7,20479.2,20479.2,23244,0,0,0,0,481.143738831256
308gqioz(3),|951xpyzj(3),|951xpyzj(3),|;19219.7,20479.2,20479.2,23244,0,0,0,0,486.143738831256
308gqioz(3),|951xpyzj(3),|951xpyzj(3),|;19219.7,20479.2,20479.2,23244,0,0,0,0,491.143738831256
308gqioz(3),|951xpyzj(3),|951xpyzj(3),|;19219.7,20479.2,20479.2,23244,0,0,0,0,496.143738831256
308gqioz(3),|951xpyzj(3),|951xpyzj(3),|;19219.7,20479.2,20479.2,23244,0,0,0,0,501.143738831256
308gqioz(3),|951xpyzj(3),|951xpyzj(3),|;19219.7,20479.2,20479.2,23244,0,0,0,0,506.143738831256
|951xpyzj(3),|951xpyzj(3),|;23244,20479.2,20479.2,23244,0,0,0,0,511.143738831256
|951xpyzj(3),|951xpyzj(3),|;23244,20479.2,20479.2,23244,0,0,0,0,516.143738831256
|951xpyzj(3),|951xpyzj(3),|;23244,20479.2,20479.2,23244,0,0,0,0,521.143738831256
|951xpyzj(3),|951xpyzj(3),|;23244,20479.2,20479.2,23244,0,0,0,0,526.143738831256
|951xpyzj(3),|951xpyzj(3),|;23244,20479.2,20479.2,23244,0,0,0,0,531.143738831256
|951xpyzj(3),|951xpyzj(3),|;23244,20479.2,20479.2,23244,0,0,0,0,536.143738831256
|951xpyzj(3),|951xpyzj(3),|;23244,20479.2,20479.2,23244,0,0,0,0,541.143738831256
|951xpyzj(3),|951xpyzj(3),|;23244,20479.2,20479.2,23244,0,0,0,0,546.143738831256
|951xpyzj(3),|951xpyzj(3),|;23244,20479.2,20479.2,23244,0,0,0,0,551.143738831256
|951xpyzj(3),|951xpyzj(3),|;23244,20479.2,20479.2,23244,0,0,0,0,556.143738831256
331togqa(2),|951xpyzj(3),331togqa(2),|951xpyzj(3),331togqa(2),|;22696.2,18835.7,18835.7,23244,1.174437622942,6.784319222942,6.784319222942,0,561.143738831256
|951xpyzj(3),331togqa(2),|951xpyzj(3),331togqa(2),|;23244,18835.7,18835.7,23244,0,1.784319222942,1.784319222942,0,566.143738831256
|951xpyzj(3),331togqa(3),|951xpyzj(3),331togqa(3),|;23244,18835.7,18835.7,23244,0,0,0,0,571.143738831256
|951xpyzj(3),331togqa(3),|951xpyzj(3),331togqa(3),|;23244,18835.7,18835.7,23244,0,0,0,0,576.143738831256
951plxoi(0),|951xpyzj(3),331togqa(3),951plxoi(0),|951xpyzj(3),331togqa(3),951plxoi(0),|951plxoi(0),;21226.7,14801.1,16818.4,21226.7,16.071657955144,26.400131555144,16.071657955144,16.071657955144,581.143738831256
951plxoi(0),|331togqa(3),951plxoi(0),|331togqa(3),951plxoi(0),|951plxoi(0),;21226.7,17565.9,19583.2,21226.7,11.071657955144,21.400131555144,11.071657955144,11.071657955144,586.143738831256
951plxoi(2),|331togqa(3),951plxoi(2),|331togqa(3),951plxoi(2),|951plxoi(2),;21226.7,17565.9,19583.2,21226.7,6.071657955144,16.400131555144,6.071657955144,6.071657955144,591.143738831256
951plxoi(2),|331togqa(3),951plxoi(2),|331togqa(3),951plxoi(2),|951plxoi(2),;21226.7,17565.9,19583.2,21226.7,1.071657955144,11.400131555144,1.071657955144,1.071657955144,596.143738831256
|331togqa(3),951plxoi(2),|331togqa(3),|;23244,17565.9,21600.5,23244,0,6.400131555144,0,0,601.143738831256
|331togqa(3),951plxoi(2),|331togqa(3),|;23244,17565.9,21600.5,23244,0,1.400131555144,0,0,606.143738831256
637qvsne(2),|331togqa(3),951plxoi(3),|331togqa(3),|637qvsne(2),;22645,17565.9,21600.5,19050.7,1.138228654041,0,0,20.008737454041,611.143738831256
|331togqa(3),951plxoi(3),|331togqa(3),|637qvsne(2),;23244,17565.9,21600.5,19050.7,0,0,0,15.008737454041,616.143738831256
|331togqa(3),951plxoi(3),|331togqa(3),|637qvsne(2),;23244,17565.9,21600.5,19050.7,0,0,0,10.008737454041,621.143738831256
|331togqa(3),951plxoi(3),|331togqa(3),|637qvsne(2),;23244,17565.9,21600.5,19050.7,0,0,0,5.008737454041,626.143738831256
|331togqa(3),951plxoi(3),|331togqa(3),|;23244,17565.9,21600.5,23244,0,0,0,0.008737454041,631.143738831256
|331togqa(3),951plxoi(3),|331togqa(3),|;23244,17565.9,21600.5,23244,0,0,0,0,636.143738831256
|331togqa(3),951plxoi(3),|331togqa(3),|;23244,17565.9,21600.5,23244,0,0,0,0,641.143738831256
31wxzqm(0),|331togqa(3),951plxoi(3),31wxzqm(0),|331togqa(3),31wxzqm(0),|31wxzqm(0),;21493,15814.9,18098.4,21493,11.580673374551,11.580673374551,20.773998174551,11.580673374551,646.143738831256
31wxzqm(2),|331togqa(3),951plxoi(3),31wxzqm(2),|331togqa(3),31wxzqm(2),|31wxzqm(2),;21493,15814.9,18098.4,21493,6.580673374551,6.580673374551,15.773998174551,6.580673374551,651.143738831256
31wxzqm(2),|951plxoi(3),31wxzqm(2),|31wxzqm(2),|31wxzqm(2),;21493,17458.4,19741.9,21493,1.580673374551,1.580673374551,10.773998174551,1.580673374551,656.143738831256
|951plxoi(3),|31wxzqm(2),|;23244,19209.4,19741.9,23244,0,0,5.773998174551,0,661.143738831256
|951plxoi(3),|31wxzqm(2),|;23244,19209.4,19741.9,23244,0,0,0.773998174551,0,666.143738831256
|951plxoi(3),|31wxzqm(3),|;23244,19209.4,19741.9,23244,0,0,0,0,671.143738831256
|951plxoi(3),|31wxzqm(3),|;23244,19209.4,19741.9,23244,0,0,0,0,676.143738831256
|951plxoi(3),|31wxzqm(3),|;23244,19209.4,19741.9,23244,0,0,0,0,681.143738831256
|951plxoi(3),|31wxzqm(3),|;23244,19209.4,19741.9,23244,0,0,0,0,686.143738831256
|951plxoi(3),|31wxzqm(3),|;23244,19209.4,19741.9,23244,0,0,0,0,691.143738831256
|951plxoi(3),|31wxzqm(3),|;23244,19209.4,19741.9,23244,0,0,0,0,696.143738831256
|951plxoi(3),|31wxzqm(3),|;23244,19209.4,19741.9,23244,0,0,0,0,701.143738831256
|951plxoi(3),|31wxzqm(3),|;23244,19209.4,19741.9,23244,0,0,0,0,706.143738831256
|951plxoi(3),|31wxzqm(3),|;23244,19209.4,19741.9,23244,0,0,0,0,711.143738831256
|951plxoi(3),|31wxzqm(3),|;23244,19209.4,19741.9,23244,0,0,0,0,716.143738831256
|951plxoi(3),|31wxzqm(3),|;23244,19209.4,19741.9,23244,0,0,0,0,721.143738831256
|951plxoi(3),|31wxzqm(3),|;23244,19209.4,19741.9,23244,0,0,0,0,726.143738831256
|951plxoi(3),|31wxzqm(3),|;23244,19209.4,19741.9,23244,0,0,0,0,731.143738831256
|951plxoi(3),|31wxzqm(3),|;23244,19209.4,19741.9,23244,0,0,0,0,736.143738831256
|951plxoi(3),|31wxzqm(3),|;23244,19209.4,19741.9,23244,0,0,0,0,741.143738831256
|951plxoi(3),|31wxzqm(3),|;23244,19209.4,19741.9,23244,0,0,0,0,746.143738831256
|951plxoi(3),|31wxzqm(3),|;23244,19209.4,19741.9,23244,0,0,0,0,751.143738831256
||31wxzqm(3),|;23244,23244,19741.9,23244,0,0,0,0,756.143738831256
||31wxzqm(3),|;23244,23244,19741.9,23244,0,0,0,0,761.143738831256
||31wxzqm(3),|;23244,23244,19741.9,23244,0,0,0,0,766.143738831256
||31wxzqm(3),|;23244,23244,19741.9,23244,0,0,0,0,771.143738831256
||31wxzqm(3),|;23244,23244,19741.9,23244,0,0,0,0,776.143738831256
||31wxzqm(3),|;23244,23244,19741.9,23244,0,0,0,0,781.143738831256
||31wxzqm(3),|;23244,23244,19741.9,23244,0,0,0,0,786.143738831256
||31wxzqm(3),|;23244,23244,19741.9,23244,0,0,0,0,791.143738831256
||31wxzqm(3),18rtzyq(0),|;23244,23244,19050.7,23244,0,0,4.964916039891,0,796.143738831256
||31wxzqm(3),|;23244,23244,19741.9,23244,0,0,0,0,801.143738831256
||31wxzqm(3),|;23244,23244,19741.9,23244,0,0,0,0,806.143738831256
||31wxzqm(3),|;23244,23244,19741.9,23244,0,0,0,0,811.143738831256
||31wxzqm(3),|;23244,23244,19741.9,23244,0,0,0,0,816.143738831256
||31wxzqm(3),|;23244,23244,19741.9,23244,0,0,0,0,821.143738831256
31xpios(0),|31xpios(0),|31wxzqm(3),31xpios(0),|31xpios(0),;20817.1,22435,18932.9,21626.1,15.16843820978,6.674021143113,6.674021143113,10.921229676446,826.143738831256
31xpios(2),|31xpios(2),|31xpios(2),|31xpios(2),;20817.1,22435,22435,21626.1,10.16843820978,1.674021143113,1.674021143113,5.921229676446,831.143738831256
31xpios(2),|||31xpios(2),;20817.1,23244,23244,21626.1,5.16843820978,0,0,0.921229676446,836.143738831256
|||;23244,23244,23244,23244,0.16843820978,0,0,0,841.143738831256
|||;23244,23244,23244,23244,0,0,0,0,846.143738831256
|||;23244,23244,23244,23244,0,0,0,0,851.143738831256
|||;23244,23244,23244,23244,0,0,0,0,856.143738831256
|||;23244,23244,23244,23244,0,0,0,0,861.143738831256
|||;23244,23244,23244,23244,0,0,0,0,866.143738831256
|||;23244,23244,23244,23244,0,0,0,0,871.143738831256
|||;23244,23244,23244,23244,0,0,0,0,876.143738831256
|||;23244,23244,23244,23244,0,0,0,0,881.143738831256
|||;23244,23244,23244,23244,0,0,0,0,886.143738831256
|||;23244,23244,23244,23244,0,0,0,0,891.143738831256
|||;23244,23244,23244,23244,0,0,0,0,896.143738831256
|||;23244,23244,23244,23244,0,0,0,0,901.143738831256
|||;23244,23244,23244,23244,0,0,0,0,906.143738831256
|||;23244,23244,23244,23244,0,0,0,0,911.143738831256
|||;23244,23244,23244,23244,0,0,0,0,916.143738831256
|||;23244,23244,23244,23244,0,0,0,0,921.143738831256
|||;23244,23244,23244,23244,0,0,0,0,926.143738831256
|||;23244,23244,23244,23244,0,0,0,0,931.143738831256
|||;23244,23244,23244,23244,0,0,0,0,936.143738831256
|||;23244,23244,23244,23244,0,0,0,0,941.143738831256
|||;23244,23244,23244,23244,0,0,0,0,946.143738831256
|||;23244,23244,23244,23244,0,0,0,0,951.143738831256
|||;23244,23244,23244,23244,0,0,0,0,956.143738831256
|||;23244,23244,23244,23244,0,0,0,0,961.143738831256
|||;23244,23244,23244,23244,0,0,0,0,966.143738831256
|||;23244,23244,23244,23244,0,0,0,0,971.143738831256
|||;23244,23244,23244,23244,0,0,0,0,976.143738831256
|||;23244,23244,23244,23244,0,0,0,0,981.143738831256
|||;23244,23244,23244,23244,0,0,0,0,986.143738831256
|||;23244,23244,23244,23244,0,0,0,0,991.143738831256
|||;23244,23244,23244,23244,0,0,0,0,996.143738831256
|||;23244,23244,23244,23244,0,0,0,0,1001.143738831256
|||;23244,23244,23244,23244,0,0,0,0,1006.143738831256
|||;23244,23244,23244,23244,0,0,0,0,1011.143738831256
|||;23244,23244,23244,23244,0,0,0,0,1016.143738831256
|||;23244,23244,23244,23244,0,0,0,0,1021.143738831256
|||;23244,23244,23244,23244,0,0,0,0,1026.143738831256
|||;23244,23244,23244,23244,0,0,0,0,1031.143738831256
|||;23244,23244,23244,23244,0,0,0,0,1036.143738831256
|||;23244,23244,23244,23244,0,0,0,0,1041.143738831256
|||;23244,23244,23244,23244,0,0,0,0,1046.143738831256
|||;23244,23244,23244,23244,0,0,0,0,1051.143738831256
|||;23244,23244,23244,23244,0,0,0,0,1056.143738831256
|||;23244,23244,23244,23244,0,0,0,0,1061.143738831256
|||;23244,23244,23244,23244,0,0,0,0,1066.143738831256
|||;23244,23244,23244,23244,0,0,0,0,1071.143738831256
|||;23244,23244,23244,23244,0,0,0,0,1076.143738831256
|||;23244,23244,23244,23244,0,0,0,0,1081.143738831256
|||;23244,23244,23244,23244,0,0,0,0,1086.143738831256
|||;23244,23244,23244,23244,0,0,0,0,1091.143738831256
|||;23244,23244,23244,23244,0,0,0,0,1096.143738831256
|||;23244,23244,23244,23244,0,0,0,0,1101.143738831256
|||;23244,23244,23244,23244,0,0,0,0,1106.143738831256
|||;23244,23244,23244,23244,0,0,0,0,1111.143738831256
|||;23244,23244,23244,23244,0,0,0,0,1116.143738831256
|||;23244,23244,23244,23244,0,0,0,0,1121.143738831256
|||;23244,23244,23244,23244,0,0,0,0,1126.143738831256
|||;23244,23244,23244,23244,0,0,0,0,1131.143738831256
|||;23244,23244,23244,23244,0,0,0,0,1136.143738831256
|||;23244,23244,23244,23244,0,0,0,0,1141.143738831256
|||;23244,23244,23244,23244,0,0,0,0,1146.143738831256
|||;23244,23244,23244,23244,0,0,0,0,1151.143738831256
|||;23244,23244,23244,23244,0,0,0,0,1156.143738831256
|||;23244,23244,23244,23244,0,0,0,0,1161.143738831256
|||;23244,23244,23244,23244,0,0,0,0,1166.143738831256
|||;23244,23244,23244,23244,0,0,0,0,1171.143738831256
|||;23244,23244,23244,23244,0,0,0,0,1176.143738831256
|||;23244,23244,23244,23244,0,0,0,0,1181.143738831256
|||;23244,23244,23244,23244,0,0,0,0,1186.143738831256
|||;23244,23244,23244,23244,0,0,0,0,1191.143738831256
|||;23244,23244,23244,23244,0,0,0,0,1196.143738831256
|||;23244,23244,23244,23244,0,0,0,0,1201.143738831256
|||;23244,23244,23244,23244,0,0,0,0,1206.143738831256
|||;23244,23244,23244,23244,0,0,0,0,1211.143738831256
|||;23244,23244,23244,23244,0,0,0,0,1216.143738831256
|||;23244,23244,23244,23244,0,0,0,0,1221.143738831256
|||;23244,23244,23244,23244,0,0,0,0,1226.143738831256
|||;23244,23244,23244,23244,0,0,0,0,1231.143738831256
|||;23244,23244,23244,23244,0,0,0,0,1236.143738831256
|||;23244,23244,23244,23244,0,0,0,0,1241.143738831256
|||;23244,23244,23244,23244,0,0,0,0,1246.143738831256
|||;23244,23244,23244,23244,0,0,0,0,1251.143738831256
|||;23244,23244,23244,23244,0,0,0,0,1256.143738831256
|||;23244,23244,23244,23244,0,0,0,0,1261.143738831256
|||;23244,23244,23244,23244,0,0,0,0,1266.143738831256
|||;23244,23244,23244,23244,0,0,0,0,1271.143738831256
|||;23244,23244,23244,23244,0,0,0,0,1276.143738831256
|||;23244,23244,23244,23244,0,0,0,0,1281.143738831256
|||;23244,23244,23244,23244,0,0,0,0,1286.143738831256
|||;23244,23244,23244,23244,0,0,0,0,1291.143738831256
|||;23244,23244,23244,23244,0,0,0,0,1296.143738831256
|||;23244,23244,23244,23244,0,0,0,0,1301.143738831256
|||;23244,23244,23244,23244,0,0,0,0,1306.143738831256
|||;23244,23244,23244,23244,0,0,0,0,1311.143738831256
|||;23244,23244,23244,23244,0,0,0,0,1316.143738831256
|||;23244,23244,23244,23244,0,0,0,0,1321.143738831256
|||;23244,23244,23244,23244,0,0,0,0,1326.143738831256
|||;23244,23244,23244,23244,0,0,0,0,1331.143738831256
|||;23244,23244,23244,23244,0,0,0,0,1336.143738831256
|||;23244,23244,23244,23244,0,0,0,0,1341.143738831256
|||;23244,23244,23244,23244,0,0,0,0,1346.143738831256
|||;23244,23244,23244,23244,0,0,0,0,1351.143738831256
|||;23244,23244,23244,23244,0,0,0,0,1356.143738831256
|||;23244,23244,23244,23244,0,0,0,0,1361.143738831256
|||;23244,23244,23244,23244,0,0,0,0,1366.143738831256
|||;23244,23244,23244,23244,0,0,0,0,1371.143738831256
|||;23244,23244,23244,23244,0,0,0,0,1376.143738831256
|||;23244,23244,23244,23244,0,0,0,0,1381.143738831256
|||;23244,23244,23244,23244,0,0,0,0,1386.143738831256
|||;23244,23244,23244,23244,0,0,0,0,1391.143738831256
|||;23244,23244,23244,23244,0,0,0,0,1396.143738831256
|||;23244,23244,23244,23244,0,0,0,0,1401.143738831256
|||;23244,23244,23244,23244,0,0,0,0,1406.143738831256
|||;23244,23244,23244,23244,0,0,0,0,1411.143738831256
|||;23244,23244,23244,23244,0,0,0,0,1416.143738831256
|||;23244,23244,23244,23244,0,0,0,0,1421.143738831256
|||;23244,23244,23244,23244,0,0,0,0,1426.143738831256
|||;23244,23244,23244,23244,0,0,0,0,1431.143738831256
|||;23244,23244,23244,23244,0,0,0,0,1436.143738831256
|||;23244,23244,23244,23244,0,0,0,0,1441.143738831256
|||;23244,23244,23244,23244,0,0,0,0,1446.143738831256
|||;23244,23244,23244,23244,0,0,0,0,1451.143738831256
|||;23244,23244,23244,23244,0,0,0,0,1456.143738831256
|||;23244,23244,23244,23244,0,0,0,0,1461.143738831256
|||;23244,23244,23244,23244,0,0,0,0,1466.143738831256
|||;23244,23244,23244,23244,0,0,0,0,1471.143738831256
|||;23244,23244,23244,23244,0,0,0,0,1476.143738831256
|||;23244,23244,23244,23244,0,0,0,0,1481.143738831256
|||;23244,23244,23244,23244,0,0,0,0,1486.143738831256
|||;23244,23244,23244,23244,0,0,0,0,1491.143738831256
|||;23244,23244,23244,23244,0,0,0,0,1496.143738831256
|||;23244,23244,23244,23244,0,0,0,0,1501.143738831256
|||;23244,23244,23244,23244,0,0,0,0,1506.143738831256
|||;23244,23244,23244,23244,0,0,0,0,1511.143738831256
|||;23244,23244,23244,23244,0,0,0,0,1516.143738831256
|||;23244,23244,23244,23244,0,0,0,0,1521.143738831256
|||;23244,23244,23244,23244,0,0,0,0,1526.143738831256
123qgdnc(2),|123qgdnc(2),|123qgdnc(2),|123qgdnc(2),;21257.4,20264.2,21257.4,20264.2,8.071460120732,13.286387054065,8.071460120732,13.286387054065,1531.143738831256
123qgdnc(2),|123qgdnc(2),|123qgdnc(2),|123qgdnc(2),;21257.4,20264.2,21257.4,20264.2,3.071460120732,8.286387054065,3.071460120732,8.286387054065,1536.143738831256
123qgdnc(3),|123qgdnc(2),|123qgdnc(3),|123qgdnc(2),;21257.4,20264.2,21257.4,20264.2,0,3.286387054065,0,3.286387054065,1541.143738831256
123qgdnc(3),|123qgdnc(3),|123qgdnc(3),|123qgdnc(3),;21257.4,20264.2,21257.4,20264.2,0,0,0,0,1546.143738831256
123qgdnc(3),|123qgdnc(3),|123qgdnc(3),|123qgdnc(3),;21257.4,20264.2,21257.4,20264.2,0,0,0,0,1551.143738831256
123qgdnc(3),|123qgdnc(3),|123qgdnc(3),|123qgdnc(3),;21257.4,20264.2,21257.4,20264.2,0,0,0,0,1556.143738831256
123qgdnc(3),|123qgdnc(3),|123qgdnc(3),|123qgdnc(3),;21257.4,20264.2,21257.4,20264.2,0,0,0,0,1561.143738831256
123qgdnc(3),|123qgdnc(3),|123qgdnc(3),|123qgdnc(3),;21257.4,20264.2,21257.4,20264.2,0,0,0,0,1566.143738831256
123qgdnc(3),|123qgdnc(3),|123qgdnc(3),|123qgdnc(3),;21257.4,20264.2,21257.4,20264.2,0,0,0,0,1571.143738831256
123qgdnc(3),|123qgdnc(3),|123qgdnc(3),|123qgdnc(3),;21257.4,20264.2,21257.4,20264.2,0,0,0,0,1576.143738831256
123qgdnc(3),|123qgdnc(3),|123qgdnc(3),|123qgdnc(3),;21257.4,20264.2,21257.4,20264.2,0,0,0,0,1581.143738831256
123qgdnc(3),|123qgdnc(3),|123qgdnc(3),|123qgdnc(3),;21257.4,20264.2,21257.4,20264.2,0,0,0,0,1586.143738831256
123qgdnc(3),|123qgdnc(3),|123qgdnc(3),|123qgdnc(3),;21257.4,20264.2,21257.4,20264.2,0,0,0,0,1591.143738831256
123qgdnc(3),|123qgdnc(3),|123qgdnc(3),|123qgdnc(3),;21257.4,20264.2,21257.4,20264.2,0,0,0,0,1596.143738831256
123qgdnc(3),|123qgdnc(3),|123qgdnc(3),|123qgdnc(3),;21257.4,20264.2,21257.4,20264.2,0,0,0,0,1601.143738831256
123qgdnc(3),|123qgdnc(3),|123qgdnc(3),|123qgdnc(3),;21257.4,20264.2,21257.4,20264.2,0,0,0,0,1606.143738831256
123qgdnc(3),|123qgdnc(3),|123qgdnc(3),|123qgdnc(3),;21257.4,20264.2,21257.4,20264.2,0,0,0,0,1611.143738831256
123qgdnc(3),|123qgdnc(3),|123qgdnc(3),|123qgdnc(3),;21257.4,20264.2,21257.4,20264.2,0,0,0,0,1616.143738831256
123qgdnc(3),|123qgdnc(3),|123qgdnc(3),|123qgdnc(3),;21257.4,20264.2,21257.4,20264.2,0,0,0,0,1621.143738831256
123qgdnc(3),|123qgdnc(3),|123qgdnc(3),|123qgdnc(3),;21257.4,20264.2,21257.4,20264.2,0,0,0,0,1626.143738831256
123qgdnc(3),|123qgdnc(3),|123qgdnc(3),|123qgdnc(3),;21257.4,20264.2,21257.4,20264.2,0,0,0,0,1631.143738831256
123qgdnc(3),|123qgdnc(3),|123qgdnc(3),|123qgdnc(3),;21257.4,20264.2,21257.4,20264.2,0,0,0,0,1636.143738831256
123qgdnc(3),|123qgdnc(3),|123qgdnc(3),|123qgdnc(3),;21257.4,20264.2,21257.4,20264.2,0,0,0,0,1641.143738831256
123qgdnc(3),|123qgdnc(3),|123qgdnc(3),|123qgdnc(3),;21257.4,20264.2,21257.4,20264.2,0,0,0,0,1646.143738831256
123qgdnc(3),|123qgdnc(3),|123qgdnc(3),|123qgdnc(3),;21257.4,20264.2,21257.4,20264.2,0,0,0,0,1651.143738831256
123qgdnc(3),|123qgdnc(3),|123qgdnc(3),|123qgdnc(3),;21257.4,20264.2,21257.4,20264.2,0,0,0,0,1656.143738831256
123qgdnc(3),|123qgdnc(3),|123qgdnc(3),|123qgdnc(3),;21257.4,20264.2,21257.4,20264.2,0,0,0,0,1661.143738831256
123qgdnc(3),|123qgdnc(3),|123qgdnc(3),|123qgdnc(3),;21257.4,20264.2,21257.4,20264.2,0,0,0,0,1666.143738831256
123qgdnc(3),|123qgdnc(3),|123qgdnc(3),|123qgdnc(3),;21257.4,20264.2,21257.4,20264.2,0,0,0,0,1671.143738831256
123qgdnc(3),|123qgdnc(3),|123qgdnc(3),|123qgdnc(3),;21257.4,20264.2,21257.4,20264.2,0,0,0,0,1676.143738831256
123qgdnc(3),|123qgdnc(3),|123qgdnc(3),|123qgdnc(3),;21257.4,20264.2,21257.4,20264.2,0,0,0,0,1681.143738831256
123qgdnc(3),|123qgdnc(3),|123qgdnc(3),|123qgdnc(3),;21257.4,20264.2,21257.4,20264.2,0,0,0,0,1686.143738831256
123qgdnc(3),|123qgdnc(3),|123qgdnc(3),|123qgdnc(3),;21257.4,20264.2,21257.4,20264.2,0,0,0,0,1691.143738831256
123qgdnc(3),|123qgdnc(3),|123qgdnc(3),|123qgdnc(3),;21257.4,20264.2,21257.4,20264.2,0,0,0,0,1696.143738831256
123qgdnc(3),|123qgdnc(3),|123qgdnc(3),|123qgdnc(3),;21257.4,20264.2,21257.4,20264.2,0,0,0,0,1701.143738831256
123qgdnc(3),|123qgdnc(3),|123qgdnc(3),|123qgdnc(3),;21257.4,20264.2,21257.4,20264.2,0,0,0,0,1706.143738831256
123qgdnc(3),|123qgdnc(3),|123qgdnc(3),|123qgdnc(3),;21257.4,20264.2,21257.4,20264.2,0,0,0,0,1711.143738831256
123qgdnc(3),|123qgdnc(3),|123qgdnc(3),|123qgdnc(3),;21257.4,20264.2,21257.4,20264.2,0,0,0,0,1716.143738831256
123qgdnc(3),|123qgdnc(3),|123qgdnc(3),|123qgdnc(3),;21257.4,20264.2,21257.4,20264.2,0,0,0,0,1721.143738831256
123qgdnc(3),|123qgdnc(3),|123qgdnc(3),|123qgdnc(3),;21257.4,20264.2,21257.4,20264.2,0,0,0,0,1726.143738831256
123qgdnc(3),|123qgdnc(3),|123qgdnc(3),|123qgdnc(3),;21257.4,20264.2,21257.4,20264.2,0,0,0,0,1731.143738831256
123qgdnc(3),|123qgdnc(3),|123qgdnc(3),|123qgdnc(3),;21257.4,20264.2,21257.4,20264.2,0,0,0,0,1736.143738831256
123qgdnc(3),|123qgdnc(3),|123qgdnc(3),|123qgdnc(3),;21257.4,20264.2,21257.4,20264.2,0,0,0,0,1741.143738831256
123qgdnc(3),|123qgdnc(3),|123qgdnc(3),|123qgdnc(3),;21257.4,20264.2,21257.4,20264.2,0,0,0,0,1746.143738831256
123qgdnc(3),|123qgdnc(3),|123qgdnc(3),|123qgdnc(3),;21257.4,20264.2,21257.4,20264.2,0,0,0,0,1751.143738831256
123qgdnc(3),|123qgdnc(3),|123qgdnc(3),|123qgdnc(3),;21257.4,20264.2,21257.4,20264.2,0,0,0,0,1756.143738831256
123qgdnc(3),|123qgdnc(3),|123qgdnc(3),|123qgdnc(3),;21257.4,20264.2,21257.4,20264.2,0,0,0,0,1761.143738831256
123qgdnc(3),|123qgdnc(3),|123qgdnc(3),|123qgdnc(3),;21257.4,20264.2,21257.4,20264.2,0,0,0,0,1766.143738831256
123qgdnc(3),|123qgdnc(3),|123qgdnc(3),|123qgdnc(3),;21257.4,20264.2,21257.4,20264.2,0,0,0,0,1771.143738831256
123qgdnc(3),|123qgdnc(3),|123qgdnc(3),|123qgdnc(3),;21257.4,20264.2,21257.4,20264.2,0,0,0,0,1776.143738831256
123qgdnc(3),|123qgdnc(3),|123qgdnc(3),|123qgdnc(3),;21257.4,20264.2,21257.4,20264.2,0,0,0,0,1781.143738831256
123qgdnc(3),|123qgdnc(3),|123qgdnc(3),|123qgdnc(3),;21257.4,20264.2,21257.4,20264.2,0,0,0,0,1786.143738831256
123qgdnc(3),|123qgdnc(3),|123qgdnc(3),|123qgdnc(3),;21257.4,20264.2,21257.4,20264.2,0,0,0,0,1791.143738831256
123qgdnc(3),|123qgdnc(3),|123qgdnc(3),|123qgdnc(3),;21257.4,20264.2,21257.4,20264.2,0,0,0,0,1796.143738831256
123qgdnc(3),|123qgdnc(3),|123qgdnc(3),|123qgdnc(3),;21257.4,20264.2,21257.4,20264.2,0,0,0,0,1801.143738831256
123qgdnc(3),|123qgdnc(3),|123qgdnc(3),|123qgdnc(3),;21257.4,20264.2,21257.4,20264.2,0,0,0,0,1806.143738831256
123qgdnc(3),|123qgdnc(3),|123qgdnc(3),|123qgdnc(3),;21257.4,20264.2,21257.4,20264.2,0,0,0,0,1811.143738831256
123qgdnc(3),|123qgdnc(3),|123qgdnc(3),|123qgdnc(3),;21257.4,20264.2,21257.4,20264.2,0,0,0,0,1816.143738831256
123qgdnc(3),|123qgdnc(3),|123qgdnc(3),|123qgdnc(3),;21257.4,20264.2,21257.4,20264.2,0,0,0,0,1821.143738831256
123qgdnc(3),|123qgdnc(3),|123qgdnc(3),|123qgdnc(3),;21257.4,20264.2,21257.4,20264.2,0,0,0,0,1826.143738831256
123qgdnc(3),|123qgdnc(3),|123qgdnc(3),|123qgdnc(3),;21257.4,20264.2,21257.4,20264.2,0,0,0,0,1831.143738831256
123qgdnc(3),|123qgdnc(3),|123qgdnc(3),|123qgdnc(3),;21257.4,20264.2,21257.4,20264.2,0,0,0,0,1836.143738831256
123qgdnc(3),|123qgdnc(3),|123qgdnc(3),|123qgdnc(3),;21257.4,20264.2,21257.4,20264.2,0,0,0,0,1841.143738831256
123qgdnc(3),|123qgdnc(3),|123qgdnc(3),|123qgdnc(3),;21257.4,20264.2,21257.4,20264.2,0,0,0,0,1846.143738831256
123qgdnc(3),|123qgdnc(3),|123qgdnc(3),|123qgdnc(3),;21257.4,20264.2,21257.4,20264.2,0,0,0,0,1851.143738831256
123qgdnc(3),|123qgdnc(3),|123qgdnc(3),|123qgdnc(3),;21257.4,20264.2,21257.4,20264.2,0,0,0,0,1856.143738831256
123qgdnc(3),|123qgdnc(3),|123qgdnc(3),|123qgdnc(3),;21257.4,20264.2,21257.4,20264.2,0,0,0,0,1861.143738831256
123qgdnc(3),|123qgdnc(3),|123qgdnc(3),|123qgdnc(3),;21257.4,20264.2,21257.4,20264.2,0,0,0,0,1866.143738831256
123qgdnc(3),|123qgdnc(3),|123qgdnc(3),|123qgdnc(3),;21257.4,20264.2,21257.4,20264.2,0,0,0,0,1871.143738831256
123qgdnc(3),|123qgdnc(3),|123qgdnc(3),|123qgdnc(3),;21257.4,20264.2,21257.4,20264.2,0,0,0,0,1876.143738831256
123qgdnc(3),|123qgdnc(3),|123qgdnc(3),|123qgdnc(3),;21257.4,20264.2,21257.4,20264.2,0,0,0,0,1881.143738831256
123qgdnc(3),|123qgdnc(3),|123qgdnc(3),|123qgdnc(3),;21257.4,20264.2,21257.4,20264.2,0,0,0,0,1886.143738831256
123qgdnc(3),|123qgdnc(3),|123qgdnc(3),|123qgdnc(3),;21257.4,20264.2,21257.4,20264.2,0,0,0,0,1891.143738831256
123qgdnc(3),|123qgdnc(3),|123qgdnc(3),|123qgdnc(3),;21257.4,20264.2,21257.4,20264.2,0,0,0,0,1896.143738831256
123qgdnc(3),|123qgdnc(3),|123qgdnc(3),|123qgdnc(3),;21257.4,20264.2,21257.4,20264.2,0,0,0,0,1901.143738831256
123qgdnc(3),|123qgdnc(3),|123qgdnc(3),|123qgdnc(3),;21257.4,20264.2,21257.4,20264.2,0,0,0,0,1906.143738831256
123qgdnc(3),|123qgdnc(3),|123qgdnc(3),|123qgdnc(3),;21257.4,20264.2,21257.4,20264.2,0,0,0,0,1911.143738831256
123qgdnc(3),|123qgdnc(3),|123qgdnc(3),|123qgdnc(3),;21257.4,20264.2,21257.4,20264.2,0,0,0,0,1916.143738831256
123qgdnc(3),|123qgdnc(3),|123qgdnc(3),|123qgdnc(3),;21257.4,20264.2,21257.4,20264.2,0,0,0,0,1921.143738831256
123qgdnc(3),555hlwjv(2),|123qgdnc(3),|123qgdnc(3),|123qgdnc(3),555hlwjv(2),;20648.1,20264.2,21257.4,19654.9,1.085858833243,0,0,1.085858833243,1926.143738831256
123qgdnc(3),|123qgdnc(3),|123qgdnc(3),|123qgdnc(3),;21257.4,20264.2,21257.4,20264.2,0,0,0,0,1931.143738831256
123qgdnc(3),|123qgdnc(3),|123qgdnc(3),|123qgdnc(3),;21257.4,20264.2,21257.4,20264.2,0,0,0,0,1936.143738831256
123qgdnc(3),|123qgdnc(3),|123qgdnc(3),|123qgdnc(3),;21257.4,20264.2,21257.4,20264.2,0,0,0,0,1941.143738831256
123qgdnc(3),|123qgdnc(3),|123qgdnc(3),|123qgdnc(3),;21257.4,20264.2,21257.4,20264.2,0,0,0,0,1946.143738831256
123qgdnc(3),|123qgdnc(3),|123qgdnc(3),|123qgdnc(3),;21257.4,20264.2,21257.4,20264.2,0,0,0,0,1951.143738831256
123qgdnc(3),|123qgdnc(3),|123qgdnc(3),|123qgdnc(3),;21257.4,20264.2,21257.4,20264.2,0,0,0,0,1956.143738831256
123qgdnc(3),|123qgdnc(3),|123qgdnc(3),|123qgdnc(3),;21257.4,20264.2,21257.4,20264.2,0,0,0,0,1961.143738831256
123qgdnc(3),|123qgdnc(3),|123qgdnc(3),|123qgdnc(3),;21257.4,20264.2,21257.4,20264.2,0,0,0,0,1966.143738831256
123qgdnc(3),|123qgdnc(3),|123qgdnc(3),|123qgdnc(3),;21257.4,20264.2,21257.4,20264.2,0,0,0,0,1971.143738831256
123qgdnc(3),|123qgdnc(3),|123qgdnc(3),|123qgdnc(3),;21257.4,20264.2,21257.4,20264.2,0,0,0,0,1976.143738831256
123qgdnc(3),|123qgdnc(3),|123qgdnc(3),|123qgdnc(3),;21257.4,20264.2,21257.4,20264.2,0,0,0,0,1981.143738831256
123qgdnc(3),|123qgdnc(3),|123qgdnc(3),|123qgdnc(3),;21257.4,20264.2,21257.4,20264.2,0,0,0,0,1986.143738831256
123qgdnc(3),|123qgdnc(3),|123qgdnc(3),|123qgdnc(3),;21257.4,20264.2,21257.4,20264.2,0,0,0,0,1991.143738831256
123qgdnc(3),|123qgdnc(3),|123qgdnc(3),|123qgdnc(3),;21257.4,20264.2,21257.4,20264.2,0,0,0,0,1996.143738831256
